0 0.011718 0 0.011718 0.003907 0.009767 0.005861 0.009767 0.017579 0.011718 0.019533 0.011718 0.037108 0.013674 0.039062 0.013674 0.056641 0.015625 0.058595 0.015625 0.06836 0.017576 0.06836 0.021482 0.072267 0.035158 0.072267 0.03711 0.070313 0.03906 0.070313 0.041016 0.06836 0.044923 0.06836 0.046874 0.066406 0.04883 0.066406 0.04883 0.04297 0.046874 0.041016 0.046874 0.027344 0.044923 0.02539 0.044923 0.009765 0.042967 0.007811 0.042967 0
0 0.779295 0.074217 0.773438 0.080078 0.773438 0.083985 0.771487 0.085939 0.771487 0.091796 0.769531 0.09375 0.769531 0.105468 0.771487 0.107422 0.773438 0.107422 0.779295 0.113283 0.822265 0.113283 0.824221 0.115233 0.826171 0.113283 0.828127 0.113283 0.832029 0.109376 0.833985 0.109376 0.833985 0.107422 0.835936 0.105468 0.835936 0.101561 0.837892 0.099611 0.837892 0.095704 0.835936 0.09375 0.835936 0.087889 0.833985 0.085939 0.833985 0.083985 0.824221 0.074217
0 0.773438 0.191407 0.771487 0.193361 0.744139 0.193361 0.742188 0.195311 0.71289 0.195311 0.71289 0.197264 0.710939 0.199218 0.710939 0.210936 0.71289 0.21289 0.71289 0.224608 0.714846 0.226562 0.714846 0.228516 0.716797 0.230469 0.718748 0.228516 0.792967 0.228516 0.794922 0.226562 0.794922 0.224608 0.798829 0.220705 0.798829 0.207033 0.796874 0.205079 0.796874 0.201172 0.794922 0.199218 0.794922 0.197264 0.791016 0.197264 0.789065 0.195311 0.787109 0.195311 0.785158 0.193361 0.775389 0.193361
0 0.603516 0.197264 0.601565 0.199218 0.601565 0.201172 0.599609 0.203125 0.599609 0.220705 0.601565 0.222654 0.601565 0.226562 0.654299 0.226562 0.65625 0.228516 0.658206 0.226562 0.660156 0.226562 0.662108 0.224608 0.664063 0.224608 0.669921 0.218751 0.669921 0.214844 0.66797 0.21289 0.66797 0.207033 0.666014 0.205079 0.666014 0.203125 0.664063 0.201172 0.664063 0.199218 0.658206 0.199218 0.65625 0.197264
1 0.662108 0.085939 0.660156 0.087889 0.658206 0.087889 0.65625 0.089842 0.652343 0.089842 0.650392 0.091796 0.648436 0.091796 0.648436 0.09375 0.646485 0.095704 0.646485 0.097657 0.64453 0.099611 0.64453 0.101561 0.642578 0.103514 0.642578 0.11914 0.64453 0.11914 0.646485 0.121094 0.648436 0.121094 0.650392 0.123047 0.652343 0.123047 0.654299 0.125001 0.65625 0.123047 0.708984 0.123047 0.710939 0.121094 0.765624 0.121094 0.765624 0.085939
0 0.986329 0.076171 0.984373 0.078124 0.970702 0.078124 0.970702 0.080078 0.968751 0.082032 0.968751 0.085939 0.966795 0.087889 0.966795 0.099611 0.970702 0.103514 0.970702 0.105468 0.974609 0.109376 0.994142 0.109376 0.996094 0.111329 1 0.111329 1 0.113283 1 0.113283 1 0.115233 1 0.113283 1 0.113283 1 0.109376 1 0.109376 1 0.103514 1 0.101561 1 0.095704 1 0.09375 1 0.091796 1 0.087889 1 0.085939 1 0.083985 1 0.083985 1 0.082032 1 0.082032 1 0.080078 1 0.080078 1 0.078124 0.98828 0.078124
0 0.359375 0.195311 0.35742 0.197264 0.351562 0.197264 0.345704 0.203125 0.345704 0.220705 0.347655 0.222654 0.347655 0.226562 0.355469 0.234377 0.419923 0.234377 0.42383 0.230469 0.42578 0.230469 0.427736 0.228516 0.427736 0.222654 0.429687 0.220705 0.429687 0.214844 0.427736 0.21289 0.427736 0.210936 0.42578 0.208982 0.42578 0.207033 0.42383 0.205079 0.42383 0.203125 0.419923 0.199218 0.412109 0.199218 0.410158 0.197264 0.361326 0.197264
0 0.003905 0 0.001954 0.001954 0 0.001954 0 0.046877 0 0.048827 0 0.074217 0 0.074217 0 0.076171 0 0.076171 0 0.078124 0 0.078124 0 0.076171 0.001954 0.074217 0.001954 0.072267 0.003905 0.070313 0.003905 0.05078 0.00586 0.048827 0.00586 0.017579 0.003905 0.015626
0 0.107421 0.203125 0.10547 0.205079 0.03906 0.205079 0.03711 0.207033 0.03711 0.208982 0.035158 0.210936 0.035158 0.21289 0.033203 0.214844 0.033203 0.222654 0.035158 0.224608 0.035158 0.232423 0.03711 0.232423 0.03906 0.234377 0.042967 0.234377 0.044923 0.236326 0.046874 0.236326 0.04883 0.23828 0.050781 0.236326 0.107421 0.236326 0.115235 0.228516 0.115235 0.21289 0.111328 0.208982 0.111328 0.207033
0 0.017576 0.203125 0.015625 0.205079 0 0.205079 0 0.207033 0 0.207033 0 0.208982 0 0.208982 0 0.210936 0 0.210936 0 0.21289 0 0.214844 0 0.220705 0 0.222654 0 0.236326 0 0.23828 0 0.23828 0 0.242187 0 0.240234 0 0.240234 0 0.23828 0.021482 0.23828 0.023438 0.236326 0.023438 0.234377 0.029296 0.228516 0.029296 0.226562 0.031252 0.224608 0.031252 0.220705 0.029296 0.218751 0.029296 0.21289 0.027345 0.210936 0.027345 0.207033 0.023438 0.207033 0.021482 0.205079 0.019531 0.205079
0 0.224609 0.083985 0.220703 0.087889 0.218752 0.087889 0.218752 0.089842 0.216796 0.091796 0.216796 0.105468 0.218752 0.107422 0.218752 0.109376 0.220703 0.111329 0.220703 0.115233 0.222658 0.117186 0.222658 0.11914 0.224609 0.117186 0.250001 0.117186 0.251952 0.115233 0.279299 0.115233 0.28125 0.113283 0.28125 0.111329 0.283201 0.109376 0.283201 0.099611 0.28125 0.097657 0.28125 0.087889 0.277343 0.083985
0 0.558595 0 0.558595 0.019533 0.560546 0.021483 0.560546 0.02539 0.562502 0.02539 0.566404 0.029298 0.56836 0.029298 0.570311 0.031251 0.58008 0.031251 0.582031 0.029298 0.583982 0.029298 0.585938 0.027344 0.589844 0.027344 0.591796 0.02539 0.593751 0.02539 0.593751 0.019533 0.595702 0.017579 0.595702 0
14 0.343748 0.550781 0.341797 0.552735 0.302735 0.552735 0.300779 0.554688 0.261721 0.554688 0.259765 0.556642 0.250001 0.556642 0.248045 0.558596 0.240236 0.558596 0.238281 0.560545 0.228516 0.560545 0.226561 0.562499 0.216796 0.562499 0.214845 0.564453 0.207031 0.564453 0.20508 0.566407 0.195311 0.566407 0.19336 0.56836 0.183596 0.56836 0.18164 0.570314 0.173827 0.570314 0.171875 0.572264 0.162111 0.572264 0.160155 0.574217 0.156249 0.574217 0.154297 0.576171 0.152342 0.576171 0.150391 0.578125 0.146484 0.578125 0.144533 0.580078 0.140626 0.580078 0.138671 0.582032 0.136719 0.582032 0.134764 0.583986 0.130857 0.583986 0.128906 0.585936 0.125 0.585936 0.123048 0.587889 0.121093 0.587889 0.119142 0.589843 0.115235 0.589843 0.113279 0.591797 0.109377 0.591797 0.107421 0.59375 0.10547 0.59375 0.103515 0.595704 0.099608 0.595704 0.097657 0.597658 0.09375 0.597658 0.091799 0.599608 0.087892 0.599608 0.085937 0.601561 0.083986 0.601561 0.08203 0.603515 0.078123 0.603515 0.076172 0.605469 0.072265 0.605469 0.070314 0.607422 0.068359 0.607422 0.066407 0.609376 0.062501 0.609376 0.060545 0.61133 0.056638 0.61133 0.054688 0.613279 0.052736 0.613279 0.050781 0.615233 0.046874 0.615233 0.044923 0.617187 0.041016 0.617187 0.03906 0.619141 0.03711 0.619141 0.035158 0.621094 0.031252 0.621094 0.029296 0.623048 0.027345 0.623048 0.023438 0.626951 0.021482 0.626951 0.017576 0.630859 0.015625 0.630859 0.013674 0.632812 0.011718 0.632812 0.007811 0.63672 0.00586 0.63672 0.001954 0.640623 0 0.640623 0 0.642577 0 0.642577 0 0.646484 0 0.646484 0 0.648438 0 0.648438 0 0.652346 0 0.652346 0 0.656249 0 0.656249 0 0.658203 0 0.658203 0 0.66211 0 0.66211 0 0.666017 0 0.666017 0 0.667967 0 0.667967 0 0.671875 0 0.671875 0 0.675782 0 0.675782 0 0.677736 0 0.677736 0 0.681639 0 0.681639 0 0.683593 0 0.683593 0 0.6875 0 0.6875 0 0.691408 0 0.691408 0 0.695311 0 0.695311 0 0.703126 0 0.703126 0 0.708983 0 0.708983 0 0.716798 0 0.716798 0 0.724609 0 0.724609 0 0.73047 0 0.73047 0 0.738281 0 0.738281 0 0.749999 0 0.749999 0 0.757814 0 0.757814 0 0.75586 0 0.75586 0 0.753906 0 0.753906 0 0.751953 0 0.751953 0 0.749999 0 0.749999 0 0.748045 0 0.748045 0 0.746095 0 0.767578 0 0.769532 0 0.810548 0 0.812501 0 0.853517 0 0.855467 0 0.896483 0 0.898436 0 0.941406 0 0.94336 0 0.984376 0 0.986329 0 1 0 1 0 1 0 1 0 1 0 1 0 1 0 1 0 1 0 1 0 1 0 1 0 1 0 1 0 1 0 1 0 1 0 1 0 1 0 1 0 1 0 1 0 1 0 1 0 1 0 1 0 1 0 1 0 1 0 1 0 1 0 1 0 1 0 1 0 1 0 1 0 1 0 1 0 1 0 1 0 1 0 1 0 1 0 1 0 1 0 1 0 1 0 1 0 1 0 1 0 1 0 1 0 1 0 1 0 1 0 1 0 1 0 1 0 1 0 1 0 1 0 1 0 1 0 1 0 1 0 1 0 1 0 1 0 1 0 1 0 1 0 1 0 1 0 1 0 1 0 1 0 1 0 1 0 1 0 1 0 1 0 1 0 1 0 1 0 1 0 1 0 1 0 1 0 1 0 1 0 1 0 1 0 1 0 1 0 1 0 1 0 1 0 1 0 1 0 1 0 1 0 1 0 1 0 1 0 1 0 1 0 1 0 1 0 1 0 1 0 1 0 1 0 1 0 1 0 1 0 1 0 1 0 1 0 1 0 1 0 1 0 1 0 1 0 1 0 1 0 1 0 1 0 1 0 1 0 1 0 1 0 1 0 1 0 1 0 1 0 1 0 1 0 1 0 1 0 1 0 1 0 1 0 1 0 1 0 1 0 1 0 1 0 1 0 1 0 1 0 1 0 1 0 1 0 1 0 1 0 1 0 1 0 1 0 1 0 1 0 1 0 1 0 1 0 1 0 1 0 1 0 1 0 1 0 1 0 1 0 1 0 1 0 1 0 1 0 1 0 1 0 1 0 1 0 1 0 1 0 1 0 1 0 1 0 1 0 1 0 1 0 1 0 1 0 1 0 1 0 1 0 1 0 1 0 1 0 1 0 1 0 1 0 1 0 1 0 1 0 1 0 1 0 1 0 1 0 1 0 1 0 1 0 1 0 1 0 1 0 1 0 1 0 1 0 1 0 1 0 1 0 1 0 1 0 1 0 1 0 1 0 1 0 1 0 1 0 1 0 1 0 1 0 1 0.001954 1 0.007811 1 0.009767 1 0.013674 1 0.015625 1 0.021482 1 0.023438 1 0.027345 1 0.029296 1 0.035158 1 0.03711 1 0.041016 1 0.042967 1 0.04883 1 0.050781 1 0.054688 1 0.056638 1 0.060545 1 0.062501 1 0.068359 1 0.070314 1 0.074216 1 0.076172 1 0.08203 1 0.083986 1 0.087892 1 0.089844 1 0.095701 1 0.097657 1 0.101563 1 0.103515 1 0.113279 1 0.115235 1 0.125 1 0.126955 1 0.134764 1 0.136719 1 0.146484 1 0.14844 1 0.158204 1 0.160155 1 0.16992 1 0.171875 1 0.179689 1 0.18164 1 0.191405 1 0.19336 1 0.203125 1 0.20508 1 0.255858 1 0.257814 1 0.306641 1 0.308593 1 0.310548 1 0.32617 1 0.328126 1 0.343748 1 0.345704 1 0.361326 1 0.363282 1 0.378904 1 0.38086 1 0.396482 1 0.398438 1 0.41406 1 0.416016 1 0.419923 1 0.421874 1 0.427736 1 0.429687 1 0.433594 1 0.435545 1 0.441407 1 0.443358 1 0.447265 1 0.449221 1 0.455079 1 0.45703 1 0.460936 1 0.462892 1 0.46875 1 0.470701 1 0.474607 1 0.476563 1 0.482421 1 0.484377 1 0.488283 1 0.490235 1 0.496092 1 0.498048 1 0.501955 1 0.503906 1 0.509763 1 0.511719 1 0.515626 1 0.517577 1 0.523439 1 0.525391 1 0.527341 1 0.529297 1 0.531248 1 0.533204 1 0.535155 1 0.537111 1 0.539062 1 0.541017 1 0.542969 1 0.544924 1 0.546875 1 0.548826 1 0.552733 1 0.554688 1 0.55664 1 0.558595 1 0.560546 1 0.562502 1 0.564453 1 0.566404 1 0.56836 1 0.570311 1 0.572267 1 0.574218 1 0.576173 1 0.578125 1 0.58008 1 0.582031 1 0.583982 1 0.585938 1 0.587889 1 0.589844 1 0.591796 1 0.593751 1 0.595702 1 0.597658 1 0.601565 1 0.603516 1 0.605467 1 0.607423 1 0.609374 1 0.611329 1 0.613281 1 0.615236 1 0.617187 1 0.619143 1 0.621094 1 0.623045 1 0.625 1 0.628907 1 0.630858 1 0.632814 1 0.634765 1 0.638672 1 0.640623 1 0.642578 1 0.64453 1 0.648436 1 0.650392 1 0.654299 1 0.65625 1 0.658206 1 0.660156 1 0.664063 1 0.666014 1 0.66797 1 0.669921 1 0.673828 1 0.675783 1 0.677734 1 0.679686 1 0.683592 1 0.685548 1 0.687499 1 0.689455 1 0.693361 1 0.695312 1 0.697263 1 0.699219 1 0.703126 1 0.705077 1 0.708984 1 0.710939 1 0.71289 1 0.714846 1 0.718748 1 0.720704 1 0.722655 1 0.724611 1 0.728517 1 0.730468 1 0.740233 1 0.742188 1 0.757811 1 0.759766 1 0.775389 1 0.777344 1 0.792967 1 0.794922 1 0.802736 1 0.802736 1 0.808594 1 0.808594 1 0.814451 1 0.814451 1 0.820314 1 0.820314 1 0.826171 1 0.826171 1 0.832029 1 0.832029 1 0.837892 1 0.837892 1 0.841799 1 0.841799 1 0.847656 1 0.847656 1 0.853514 1 0.853514 1 0.859376 1 0.859376 1 0.865234 1 0.865234 1 0.871092 1 0.871092 1 0.876955 1 0.876955 1 0.880861 1 0.880861 1 0.882812 1 0.882812 1 0.884768 1 0.884768 1 0.886719 1 0.886719 1 0.890626 1 0.890626 1 0.892577 1 0.892577 1 0.894532 1 0.894532 1 0.896483 1 0.896483 1 0.90039 1 0.90039 1 0.902346 1 0.902346 1 0.904297 1 0.904297 1 0.906248 1 0.906248 1 0.910155 1 0.910155 1 0.912111 1 0.912111 1 0.914061 1 0.914061 1 0.917968 1 0.917968 1 0.919924 1 0.919924 1 0.921875 1 0.921875 1 0.923826 1 0.923826 1 0.927733 1 0.927733 1 0.929688 1 0.929688 1 0.931639 1 0.931639 1 0.933595 1 0.933595 1 0.935546 1 0.935546 1 0.937502 1 0.937502 1 0.939453 1 0.939453 1 0.941408 1 0.941408 1 0.94336 1 0.94336 1 0.945311 1 0.945311 1 0.947266 1 0.947266 1 0.949217 1 0.949217 1 0.951173 1 0.951173 1 0.953124 1 0.953124 1 0.95508 1 0.95508 1 0.957031 1 0.957031 1 0.958987 1 0.958987 1 0.960938 1 0.960938 1 0.962888 1 0.962888 1 0.964844 1 0.964844 1 0.966795 1 0.966795 1 0.968751 1 0.968751 1 0.970702 1 0.970702 1 0.972658 1 0.972658 1 0.974609 1 0.974609 1 0.976564 1 0.976564 1 0.978516 1 0.978516 1 0.980467 1 0.980467 1 0.982422 1 0.982422 1 0.984373 1 0.984373 1 0.986329 1 0.986329 1 0.98828 1 0.98828 1 0.990236 1 0.990236 1 0.992187 1 0.992187 1 0.994142 1 0.994142 1 0.996094 1 0.996094 1 0.998049 1 0.998049 1 1 1 1 1 1 1 1 1 1 1 1 1 1 1 1 1 1 1 1 1 1 1 1 1 1 1 1 1 1 1 1 1 1 1 1 1 1 1 1 1 1 1 1 1 1 1 1 1 1 1 1 1 1 1 1 1 1 1 1 1 1 1 1 1 1 1 1 1 1 1 1 1 1 1 1 1 1 1 1 1 1 1 1 1 1 1 1 1 1 1 1 1 1 1 1 1 1 1 1 1 1 1 1 1 1 1 1 1 1 1 1 1 1 1 1 1 1 1 1 1 1 1 1 1 1 1 1 1 1 1 1 1 1 1 1 1 1 1 1 1 1 1 1 1 1 1 1 1 1 1 1 1 1 1 1 1 1 1 1 1 1 1 1 1 1 1 1 1 1 1 1 1 1 1 1 1 1 1 1 1 1 1 1 1 1 1 1 1 1 1 1 1 1 1 1 1 1 1 1 1 1 1 1 1 1 1 1 1 1 1 1 1 1 1 1 1 1 1 1 1 1 1 1 1 1 1 1 1 1 1 1 1 1 1 1 1 1 0.998047 1 0.996094 1 0.99414 1 0.992186 0.998049 0.990233 0.998049 0.986329 0.996094 0.984376 0.996094 0.982422 0.994142 0.980468 0.994142 0.976561 0.992187 0.974611 0.992187 0.972657 0.990236 0.970704 0.990236 0.96875 0.98828 0.966796 0.98828 0.962889 0.986329 0.960939 0.986329 0.958985 0.984373 0.957032 0.984373 0.955078 0.982422 0.953124 0.982422 0.95117 0.980467 0.949217 0.980467 0.947267 0.978516 0.945313 0.978516 0.94336 0.974609 0.939452 0.974609 0.937499 0.972658 0.935549 0.972658 0.933595 0.970702 0.931641 0.970702 0.929688 0.966795 0.92578 0.966795 0.923827 0.964844 0.921877 0.964844 0.919923 0.962888 0.917969 0.962888 0.916016 0.960938 0.914062 0.960938 0.912108 0.957031 0.908205 0.957031 0.906251 0.95508 0.904298 0.95508 0.902344 0.953124 0.90039 0.953124 0.898436 0.949217 0.894533 0.949217 0.892579 0.947266 0.890626 0.947266 0.888672 0.945311 0.886718 0.945311 0.884764 0.941408 0.880861 0.941408 0.878907 0.935546 0.873046 0.935546 0.871093 0.929688 0.865235 0.929688 0.863282 0.925782 0.859374 0.925782 0.857421 0.919924 0.851564 0.919924 0.84961 0.916017 0.845702 0.916017 0.843749 0.910155 0.837892 0.910155 0.835938 0.904297 0.830077 0.904297 0.828123 0.90039 0.82422 0.90039 0.822266 0.894532 0.816405 0.894532 0.814455 0.884768 0.804687 0.884768 0.802733 0.867185 0.785158 0.867185 0.783204 0.851563 0.767578 0.851563 0.765624 0.835936 0.749999 0.835936 0.748045 0.818358 0.73047 0.818358 0.728516 0.808594 0.718752 0.806643 0.718752 0.802736 0.714844 0.80078 0.714844 0.796874 0.710937 0.794922 0.710937 0.791016 0.707029 0.789065 0.707029 0.785158 0.703126 0.783202 0.703126 0.779295 0.699219 0.777344 0.699219 0.773438 0.695311 0.771487 0.695311 0.765624 0.689454 0.763673 0.689454 0.759766 0.685547 0.757811 0.685547 0.753904 0.681639 0.751953 0.681639 0.748046 0.677736 0.746095 0.677736 0.742188 0.673828 0.740233 0.673828 0.736326 0.669921 0.734375 0.669921 0.730468 0.666017 0.728517 0.666017 0.724611 0.66211 0.722655 0.66211 0.718748 0.658203 0.716797 0.658203 0.714846 0.656249 0.710939 0.656249 0.708984 0.654295 0.707033 0.654295 0.705077 0.652346 0.703126 0.652346 0.70117 0.650392 0.699219 0.650392 0.697263 0.648438 0.695312 0.648438 0.691406 0.644531 0.689455 0.644531 0.687499 0.642577 0.685548 0.642577 0.683592 0.640623 0.681641 0.640623 0.679686 0.638674 0.677734 0.638674 0.675783 0.63672 0.673828 0.63672 0.671877 0.634766 0.66797 0.634766 0.666014 0.632812 0.662108 0.632812 0.660156 0.630859 0.65625 0.630859 0.654299 0.628905 0.652343 0.628905 0.650392 0.626951 0.648436 0.626951 0.646485 0.625002 0.64453 0.625002 0.642578 0.623048 0.640623 0.623048 0.638672 0.621094 0.636721 0.621094 0.634765 0.619141 0.632814 0.619141 0.630858 0.617187 0.626952 0.617187 0.625 0.615233 0.623045 0.615233 0.621094 0.613279 0.619143 0.613279 0.617187 0.61133 0.615236 0.61133 0.613281 0.609376 0.609374 0.609376 0.607423 0.607422 0.605467 0.607422 0.603516 0.605469 0.599609 0.605469 0.597658 0.603515 0.595702 0.603515 0.593751 0.601561 0.589844 0.601561 0.587889 0.599608 0.582031 0.599608 0.58008 0.597658 0.576173 0.597658 0.574218 0.595704 0.572267 0.595704 0.570311 0.59375 0.566404 0.59375 0.564453 0.591797 0.562502 0.591797 0.560546 0.589843 0.55664 0.589843 0.554688 0.587889 0.552733 0.587889 0.550782 0.585936 0.544924 0.585936 0.542969 0.583986 0.537111 0.583986 0.535155 0.582032 0.529297 0.582032 0.527341 0.580078 0.521484 0.580078 0.519533 0.578125 0.51367 0.578125 0.511719 0.576171 0.507812 0.576171 0.505861 0.574217 0.499999 0.574217 0.498048 0.572264 0.492186 0.572264 0.490235 0.570314 0.484377 0.570314 0.482421 0.56836 0.476563 0.56836 0.474607 0.566407 0.466799 0.566407 0.464843 0.564453 0.455079 0.564453 0.453123 0.562499 0.445314 0.562499 0.443358 0.560545 0.433594 0.560545 0.431643 0.558596 0.42383 0.558596 0.421874 0.556642 0.398438 0.556642 0.396482 0.554688 0.371095 0.554688 0.36914 0.552735 0.345704 0.552735