0 0.449223 0.908201 0.449223 0.97852 0.470705 0.97852 0.470705 0.947268 0.472656 0.945317 0.472656 0.916017 0.468745 0.916017 0.466795 0.914065 0.462894 0.914065 0.460934 0.912114 0.457034 0.912114 0.455074 0.910153 0.451173 0.910153
0 0.701172 0.11523 0.701172 0.123046 0.703122 0.124997 0.703122 0.134764 0.712893 0.14453 0.755858 0.14453 0.761719 0.138676 0.763669 0.138676 0.765629 0.136715 0.765629 0.124997 0.763669 0.123046 0.761719 0.123046 0.755858 0.117191 0.716794 0.117191 0.714844 0.11523
0 0.314457 0.992189 0.314457 1 0.316407 1 0.316407 1 0.33594 1 0.33594 1 0.33789 1 0.33789 0.996092 0.328129 0.996092 0.326169 0.994141 0.316407 0.994141
0 0.619142 0.01367 0.619142 0.017582 0.621093 0.019534 0.621093 0.025388 0.623043 0.027339 0.623043 0.031252 0.650387 0.031252 0.652346 0.033203 0.677739 0.033203 0.679689 0.035154 0.707033 0.035154 0.708983 0.037106 0.708983 0.0293 0.710933 0.027339 0.710933 0.019534 0.68164 0.019534 0.679689 0.017582 0.652346 0.017582 0.650387 0.015621 0.621093 0.015621
0 0.916017 0.197267 0.914066 0.199218 0.912107 0.199218 0.908206 0.203121 0.906246 0.203121 0.906246 0.207034 0.908206 0.208985 0.908206 0.216801 0.910156 0.218752 0.910156 0.226567 0.912107 0.228519 0.912107 0.236324 0.914066 0.238286 0.914066 0.246091 0.916017 0.248042 0.916017 0.255858 0.917967 0.257809 0.917967 0.261722 0.921877 0.261722 0.923828 0.263673 0.925778 0.263673 0.927738 0.265625 0.931639 0.265625 0.933589 0.267576 0.933589 0.265625 0.935549 0.263673 0.935549 0.261722 0.9375 0.25977 0.9375 0.257809 0.93945 0.255858 0.93945 0.246091 0.9375 0.24414 0.9375 0.222655 0.935549 0.220703 0.935549 0.210937 0.929688 0.205082 0.929688 0.203121 0.923828 0.197267
0 0.835938 0.103512 0.833987 0.105473 0.822266 0.105473 0.820316 0.107425 0.820316 0.109376 0.818356 0.111327 0.818356 0.113279 0.816405 0.11523 0.818356 0.117191 0.818356 0.119143 0.820316 0.121094 0.820316 0.123046 0.822266 0.124997 0.826176 0.124997 0.828127 0.126948 0.832027 0.126948 0.833987 0.12891 0.835938 0.126948 0.876952 0.126948 0.878903 0.124997 0.878903 0.123046 0.880862 0.121094 0.880862 0.119143 0.882813 0.117191 0.882813 0.113279 0.880862 0.111327 0.880862 0.107425 0.876952 0.107425 0.875002 0.105473 0.873051 0.105473 0.871092 0.103512
0 0.24609 0.775389 0.24609 0.830077 0.265622 0.830077 0.267582 0.832028 0.267582 0.824223 0.269532 0.822261 0.269532 0.804689 0.271482 0.802738 0.271482 0.785156 0.273433 0.783204 0.273433 0.775389
0 0.564456 0.419922 0.562496 0.421873 0.556645 0.421873 0.554685 0.423825 0.546874 0.423825 0.546874 0.44531 0.548825 0.44531 0.550784 0.447261 0.554685 0.447261 0.556645 0.449222 0.558595 0.449222 0.560546 0.451174 0.570317 0.451174 0.572267 0.453125 0.582028 0.453125 0.583988 0.455076 0.59375 0.455076 0.5957 0.457028 0.59766 0.455076 0.601561 0.455076 0.603511 0.453125 0.607421 0.453125 0.607421 0.44531 0.609372 0.443358 0.609372 0.427737 0.607421 0.427737 0.603511 0.423825 0.601561 0.423825 0.59766 0.419922
0 0.259761 0.613286 0.25391 0.61914 0.25195 0.61914 0.248049 0.623043 0.248049 0.648441 0.25 0.650392 0.25 0.677731 0.25195 0.677731 0.25391 0.679692 0.257811 0.679692 0.259761 0.681644 0.261721 0.681644 0.263672 0.683595 0.265622 0.681644 0.271482 0.681644 0.277343 0.67578 0.277343 0.650392 0.279294 0.648441 0.279294 0.623043 0.277343 0.621092 0.275393 0.621092 0.269532 0.615237 0.261721 0.615237
1 0.390626 0.390621 0.388675 0.392583 0.386716 0.392583 0.384765 0.394534 0.382815 0.394534 0.378905 0.398437 0.376954 0.398437 0.375004 0.400388 0.373044 0.400388 0.371094 0.40234 0.371094 0.404301 0.369143 0.406252 0.369143 0.408204 0.367184 0.410155 0.367184 0.412106 0.365233 0.414058 0.365233 0.41797 0.367184 0.419922 0.367184 0.425786 0.369143 0.427737 0.369143 0.43164 0.373044 0.435543 0.375004 0.435543 0.382815 0.443358 0.384765 0.443358 0.392576 0.451174 0.394527 0.451174 0.402347 0.458989 0.404298 0.458989 0.412109 0.466794 0.414059 0.466794 0.42188 0.47461 0.42383 0.47461 0.429691 0.480464 0.429691 0.478513 0.431641 0.476561 0.431641 0.47461 0.433591 0.472658 0.433591 0.470707 0.435551 0.468746 0.435551 0.464843 0.437501 0.462892 0.437501 0.46094 0.439452 0.458989 0.439452 0.457028 0.441402 0.455076 0.441402 0.453125 0.443362 0.451174 0.443362 0.449222 0.433591 0.439455 0.433591 0.437504 0.416019 0.419922 0.416019 0.41797 0.398437 0.400388 0.398437 0.398437
0 0.833987 0.134764 0.830077 0.138676 0.828127 0.138676 0.824216 0.142579 0.822266 0.142579 0.822266 0.1582 0.826176 0.1582 0.828127 0.160151 0.832027 0.160151 0.833987 0.162113 0.837888 0.162113 0.839848 0.164064 0.843749 0.164064 0.845699 0.166015 0.86133 0.166015 0.863281 0.167967 0.878903 0.167967 0.880862 0.169918 0.884763 0.166015 0.884763 0.164064 0.888674 0.160151 0.888674 0.148433 0.884763 0.14453 0.884763 0.142579 0.882813 0.140628 0.869141 0.140628 0.867191 0.138676 0.851559 0.138676 0.849609 0.136715 0.835938 0.136715
0 0.988285 0.962889 0.988285 0.964841 0.986325 0.966802 0.986325 0.970705 0.984375 0.972656 0.984375 0.976559 0.982424 0.97852 0.982424 0.982423 0.980464 0.984374 0.980464 0.988277 0.978514 0.990238 0.978514 0.994141 0.976564 0.996092 0.976564 1 0.974613 1 0.974613 1 0.972653 1 0.972653 1 0.970703 1 0.970703 1 0.968753 1 0.968753 1 0.966793 1 0.966793 1 0.964843 1 0.964843 1 0.970703 1 0.972653 1 0.976564 1 0.978514 1 0.984375 1 0.986325 1 0.990235 1 0.992186 1 0.992186 1 0.994136 1 0.994136 1 0.996096 1 0.996096 1 0.998046 1 0.998046 1 0.999997 1 0.999997 1 1 1 1 1 1 1 1 1 1 1 1 1 1 1 1 1 1 1 1 1 1 1 1 1 1 0.998044 1 0.996092 1 0.994141 1 0.992189 1 0.990238 1 0.988277 1 0.986325 1 0.984374 1 0.982423 1 0.980471 1 0.97852 1 0.976559 1 0.976559 1 0.974607 1 0.974607 1 0.972656 1 0.972656 1 0.970705 1 0.970705 1 0.968753 0.999997 0.968753 0.998046 0.966802 0.996096 0.966802 0.994136 0.964841 0.990235 0.964841
0 1 0.646489 1 0.648441 1 0.648441 1 0.650392 0.999997 0.650392 0.999997 0.667964 1 0.673828 1 0.67578 1 0.679692 1 0.679692 1 0.677731 1 0.677731 1 0.67578 1 0.67578 1 0.673828 1 0.673828 1 0.669926 1 0.667964 1 0.66211 1 0.660159 1 0.658207 1 0.654295 1 0.652343 1 0.648441 1 0.648441
0 0.257811 0.533201 0.255861 0.535152 0.255861 0.537113 0.25195 0.541016 0.25195 0.595704 0.25391 0.597655 0.25391 0.599607 0.255861 0.601558 0.255861 0.603519 0.271482 0.603519 0.275393 0.599607 0.275393 0.597655 0.279294 0.593753 0.279294 0.541016 0.273433 0.535152 0.259761 0.535152
0 0.439452 0.123046 0.437501 0.124997 0.42188 0.124997 0.42188 0.12891 0.42383 0.130861 0.42383 0.138676 0.42578 0.140628 0.42578 0.150394 0.427731 0.152346 0.427731 0.160151 0.429691 0.162113 0.429691 0.169918 0.431641 0.171879 0.431641 0.181636 0.433591 0.183598 0.433591 0.1875 0.435551 0.185549 0.453123 0.185549 0.453123 0.181636 0.451173 0.179685 0.451173 0.173831 0.449223 0.171879 0.449223 0.164064 0.447263 0.162113 0.447263 0.156249 0.445312 0.154297 0.445312 0.146482 0.443362 0.14453 0.443362 0.136715 0.441402 0.134764 0.441402 0.12891 0.439452 0.126948
0 0.720704 0.410155 0.718754 0.412106 0.714844 0.412106 0.712893 0.414058 0.710933 0.414058 0.708983 0.416019 0.705082 0.416019 0.703122 0.41797 0.699222 0.41797 0.699222 0.423825 0.697262 0.425786 0.697262 0.43164 0.699222 0.433591 0.701172 0.433591 0.708983 0.441407 0.710933 0.441407 0.714844 0.44531 0.736326 0.44531 0.738276 0.447261 0.759768 0.447261 0.761719 0.449222 0.763669 0.447261 0.765629 0.447261 0.76758 0.44531 0.771481 0.44531 0.771481 0.443358 0.77344 0.441407 0.77344 0.437504 0.775391 0.435543 0.775391 0.433591 0.77344 0.43164 0.77344 0.429689 0.771481 0.427737 0.771481 0.425786 0.765629 0.419922 0.757809 0.419922 0.755858 0.41797 0.749998 0.41797 0.748047 0.416019 0.740236 0.416019 0.738276 0.414058 0.732425 0.414058 0.730465 0.412106 0.722655 0.412106
0 0.42383 0.339846 0.42188 0.341798 0.414059 0.341798 0.412109 0.343749 0.404298 0.343749 0.402347 0.3457 0.392576 0.3457 0.392576 0.353516 0.400388 0.361331 0.402347 0.361331 0.414059 0.373049 0.416019 0.373049 0.417969 0.375001 0.42188 0.375001 0.42383 0.376952 0.42578 0.376952 0.427731 0.378903 0.431641 0.378903 0.433591 0.380855 0.435551 0.380855 0.437501 0.382816 0.439452 0.382816 0.441402 0.384767 0.445312 0.384767 0.447263 0.386719 0.449223 0.386719 0.451173 0.38867 0.453123 0.386719 0.462894 0.386719 0.464845 0.384767 0.464845 0.382816 0.466795 0.380855 0.466795 0.378903 0.468745 0.376952 0.468745 0.375001 0.466795 0.373049 0.466795 0.367185 0.464845 0.365234 0.464845 0.361331 0.462894 0.361331 0.460934 0.35938 0.458984 0.35938 0.457034 0.357418 0.455074 0.357418 0.453123 0.355467 0.451173 0.355467 0.449223 0.353516 0.447263 0.353516 0.443362 0.349613 0.441402 0.349613 0.439452 0.347652 0.437501 0.347652 0.435551 0.3457 0.433591 0.3457 0.431641 0.343749 0.429691 0.343749 0.427731 0.341798 0.42578 0.341798
0 0.25 0.955074 0.25 0.988277 0.248049 0.990238 0.248049 1 0.273433 1 0.273433 0.990238 0.275393 0.988277 0.275393 0.957035 0.25195 0.957035
0 1 0.498046 1 0.499997 1 0.499997 1 0.501949 0.998046 0.501949 0.998046 0.505862 0.996096 0.507813 0.996096 0.513667 0.994136 0.515628 0.994136 0.521482 0.996096 0.523434 0.996096 0.527346 0.998046 0.529298 0.998046 0.531249 1 0.531249 1 0.533201 1 0.533201 1 0.535152 1 0.535152 1 0.537113 1 0.537113 1 0.539065 1 0.535152 1 0.533201 1 0.529298 1 0.519531 1 0.51758 1 0.515628 1 0.513667 1 0.511716 1 0.509764 1 0.509764 1 0.507813 1 0.507813 1 0.505862 1 0.505862 1 0.50391 1 0.50391 1 0.501949 1 0.501949 1 0.499997 1 0.499997
0 0.285154 0.27344 0.281253 0.277343 0.281253 0.279294 0.277343 0.283207 0.277343 0.341798 0.279294 0.343749 0.279294 0.3457 0.281253 0.3457 0.285154 0.349613 0.287114 0.349613 0.289064 0.351564 0.291015 0.349613 0.292965 0.349613 0.296875 0.3457 0.298826 0.3457 0.298826 0.343749 0.300786 0.341798 0.300786 0.312497 0.298826 0.310546 0.298826 0.279294 0.296875 0.277343 0.296875 0.275391 0.294925 0.27344
0 1 0.457028 0.999997 0.458989 0.990235 0.458989 0.990235 0.478513 0.992186 0.478513 0.996096 0.482425 0.998046 0.482425 1 0.486328 1 0.486328 1 0.488279 1 0.488279 1 0.490231 1 0.490231 1 0.492192 1 0.492192 1 0.494143 1 0.494143 1 0.496095 1 0.496095 1 0.498046 1 0.496095 1 0.496095 1 0.492192 1 0.492192 1 0.480464 1 0.478513 1 0.476561 1 0.47461 1 0.472658 1 0.472658 1 0.470707 1 0.470707 1 0.468746 1 0.468746 1 0.466794 1 0.466794 1 0.464843 1 0.464843 1 0.462892 1 0.462892 1 0.46094 1 0.46094 1 0.458989 1 0.458989
0 0.433591 0.832028 0.433591 0.839844 0.435551 0.841795 0.435551 0.855465 0.437501 0.857426 0.437501 0.873047 0.439452 0.874998 0.439452 0.888668 0.441402 0.890629 0.441402 0.898434 0.451173 0.898434 0.453123 0.900386 0.460934 0.900386 0.462894 0.902347 0.462894 0.867183 0.464845 0.865231 0.464845 0.832028
0 0.554685 0.04297 0.552735 0.044921 0.546874 0.044921 0.544924 0.046873 0.537113 0.046873 0.537113 0.052737 0.535153 0.054688 0.535153 0.058591 0.537113 0.060542 0.539063 0.060542 0.542974 0.064455 0.544924 0.064455 0.552735 0.07227 0.554685 0.07227 0.564456 0.082027 0.566406 0.082027 0.578128 0.093745 0.580078 0.093745 0.585939 0.099609 0.603511 0.099609 0.605471 0.097658 0.605471 0.095706 0.607421 0.093745 0.607421 0.08594 0.605471 0.083988 0.605471 0.074222 0.59961 0.074222 0.5957 0.070309 0.59375 0.070309 0.589839 0.066406 0.587889 0.066406 0.583988 0.062503 0.582028 0.062503 0.578128 0.058591 0.576168 0.058591 0.572267 0.054688 0.570317 0.054688 0.566406 0.050785 0.564456 0.050785 0.560546 0.046873 0.558595 0.046873
0 0.257811 0.693362 0.255861 0.695313 0.25391 0.695313 0.25 0.699216 0.248049 0.699216 0.240239 0.707031 0.240239 0.712895 0.242189 0.714847 0.242189 0.726565 0.244139 0.728516 0.244139 0.738283 0.24609 0.740234 0.24609 0.751953 0.248049 0.753904 0.248049 0.759768 0.25195 0.763671 0.265622 0.763671 0.267582 0.765622 0.269532 0.763671 0.271482 0.763671 0.273433 0.761719 0.275393 0.761719 0.275393 0.759768 0.277343 0.757817 0.277343 0.755855 0.279294 0.753904 0.279294 0.728516 0.281253 0.726565 0.281253 0.703129 0.279294 0.703129 0.275393 0.699216 0.273433 0.699216 0.271482 0.697265 0.265622 0.697265 0.263672 0.695313 0.259761 0.695313
0 0.630863 0.109376 0.626953 0.113279 0.626953 0.11523 0.621093 0.121094 0.621093 0.138676 0.623043 0.138676 0.625003 0.140628 0.626953 0.140628 0.630863 0.14453 0.632814 0.14453 0.634764 0.146482 0.636715 0.146482 0.638674 0.148433 0.669919 0.148433 0.671878 0.150394 0.693361 0.150394 0.695311 0.152346 0.695311 0.150394 0.697262 0.148433 0.697262 0.146482 0.699222 0.14453 0.699222 0.142579 0.701172 0.140628 0.701172 0.124997 0.699222 0.123046 0.697262 0.123046 0.689451 0.11523 0.6875 0.11523 0.68359 0.111327 0.632814 0.111327
0 0.24609 0.871095 0.24609 0.886716 0.248049 0.888668 0.248049 0.921871 0.25 0.923832 0.25 0.941404 0.25195 0.939453 0.277343 0.939453 0.277343 0.931637 0.275393 0.929686 0.275393 0.914065 0.273433 0.912114 0.273433 0.898434 0.271482 0.896483 0.271482 0.880862 0.269532 0.878911 0.269532 0.871095
0 0.68555 0.414058 0.68359 0.416019 0.650387 0.416019 0.648436 0.41797 0.644535 0.41797 0.642576 0.419922 0.638674 0.419922 0.636715 0.421873 0.632814 0.421873 0.630863 0.423825 0.626953 0.423825 0.626953 0.427737 0.625003 0.429689 0.625003 0.437504 0.623043 0.439455 0.623043 0.443358 0.632814 0.453125 0.689451 0.453125 0.691411 0.455076 0.699222 0.447261 0.699222 0.435543 0.695311 0.43164 0.695311 0.423825 0.693361 0.421873 0.693361 0.419922 0.691411 0.41797 0.689451 0.41797
0 0.373044 0.876949 0.371094 0.878911 0.371094 0.880862 0.369143 0.882813 0.369143 0.884765 0.365233 0.888668 0.365233 0.890629 0.363283 0.89258 0.363283 0.894532 0.361333 0.896483 0.363283 0.896483 0.365233 0.898434 0.367184 0.898434 0.369143 0.900386 0.371094 0.900386 0.373044 0.902347 0.375004 0.902347 0.376954 0.904298 0.378905 0.904298 0.380855 0.90625 0.382815 0.90625 0.384765 0.908201 0.386716 0.908201 0.388675 0.910153 0.390626 0.910153 0.392576 0.912114 0.394527 0.912114 0.396487 0.914065 0.398437 0.914065 0.400388 0.916017 0.402347 0.916017 0.404298 0.917968 0.406248 0.917968 0.408199 0.919919 0.410158 0.919919 0.412109 0.921871 0.414059 0.919919 0.414059 0.917968 0.41992 0.912114 0.41992 0.910153 0.42383 0.90625 0.42188 0.90625 0.41992 0.904298 0.417969 0.904298 0.416019 0.902347 0.414059 0.902347 0.410158 0.898434 0.408199 0.898434 0.406248 0.896483 0.404298 0.896483 0.402347 0.894532 0.400388 0.894532 0.398437 0.89258 0.396487 0.89258 0.394527 0.890629 0.392576 0.890629 0.388675 0.886716 0.386716 0.886716 0.384765 0.884765 0.382815 0.884765 0.378905 0.880862 0.376954 0.880862
0 0 0.435543 0 0.46094 0.037106 0.46094 0.037106 0.449222 0.035155 0.447261 0.035155 0.435543
0 0.289064 0.1875 0.287114 0.189452 0.281253 0.189452 0.279294 0.191403 0.275393 0.191403 0.273433 0.193364 0.267582 0.193364 0.267582 0.199218 0.269532 0.20117 0.269532 0.210937 0.271482 0.212888 0.271482 0.222655 0.273433 0.224606 0.273433 0.236324 0.275393 0.238286 0.275393 0.248042 0.277343 0.250004 0.277343 0.25977 0.279294 0.261722 0.279294 0.267576 0.281253 0.265625 0.285154 0.265625 0.287114 0.263673 0.291015 0.263673 0.292965 0.261722 0.298826 0.261722 0.300786 0.25977 0.304686 0.25977 0.304686 0.255858 0.302736 0.253906 0.302736 0.248042 0.300786 0.246091 0.300786 0.238286 0.298826 0.236324 0.298826 0.228519 0.296875 0.226567 0.296875 0.220703 0.294925 0.218752 0.294925 0.210937 0.292965 0.208985 0.292965 0.20117 0.291015 0.199218 0.291015 0.193364 0.289064 0.191403
0 0.277343 0.453125 0.275393 0.455076 0.271482 0.455076 0.265622 0.46094 0.263672 0.46094 0.261721 0.462892 0.261721 0.484377 0.259761 0.486328 0.259761 0.505862 0.267582 0.513667 0.279294 0.513667 0.285154 0.507813 0.285154 0.50391 0.287114 0.501949 0.287114 0.494143 0.289064 0.492192 0.289064 0.486328 0.291015 0.484377 0.291015 0.476561 0.292965 0.47461 0.292965 0.470707 0.291015 0.468746 0.291015 0.466794 0.289064 0.464843 0.289064 0.462892 0.287114 0.46094 0.287114 0.458989 0.285154 0.458989 0.281253 0.455076 0.279294 0.455076
0 0.849609 0.410155 0.847659 0.412106 0.845699 0.412106 0.843749 0.414058 0.841798 0.414058 0.839848 0.416019 0.835938 0.416019 0.833987 0.41797 0.832027 0.41797 0.832027 0.419922 0.830077 0.421873 0.830077 0.425786 0.828127 0.427737 0.828127 0.429689 0.830077 0.43164 0.830077 0.433591 0.832027 0.435543 0.832027 0.437504 0.833987 0.439455 0.833987 0.441407 0.835938 0.439455 0.884763 0.439455 0.886723 0.437504 0.886723 0.435543 0.888674 0.433591 0.888674 0.43164 0.890624 0.429689 0.890624 0.427737 0.892575 0.425786 0.892575 0.421873 0.894534 0.419922 0.894534 0.41797 0.892575 0.416019 0.890624 0.416019 0.884763 0.410155
0 0.464845 0.531249 0.464845 0.535152 0.462894 0.537113 0.462894 0.542967 0.460934 0.544919 0.460934 0.550783 0.458984 0.552734 0.458984 0.558598 0.457034 0.560549 0.457034 0.566404 0.455074 0.568355 0.455074 0.574219 0.453123 0.57617 0.453123 0.582034 0.451173 0.583986 0.451173 0.58984 0.449223 0.591801 0.449223 0.595704 0.451173 0.597655 0.453123 0.597655 0.458984 0.603519 0.460934 0.603519 0.468745 0.611325 0.470705 0.611325 0.474606 0.615237 0.474606 0.611325 0.476566 0.609374 0.476566 0.601558 0.478516 0.599607 0.478516 0.593753 0.480467 0.591801 0.480467 0.583986 0.482427 0.582034 0.482427 0.574219 0.484377 0.572268 0.484377 0.564452 0.486327 0.562501 0.486327 0.556637 0.488278 0.554685 0.488278 0.54687 0.490237 0.544919 0.490237 0.541016 0.486327 0.541016 0.484377 0.539065 0.482427 0.539065 0.480467 0.537113 0.476566 0.537113 0.474606 0.535152 0.472656 0.535152 0.470705 0.533201 0.466795 0.533201
0 0.437501 0.757817 0.437501 0.765622 0.439452 0.767573 0.439452 0.781253 0.441402 0.783204 0.441402 0.798825 0.443362 0.800777 0.443362 0.814456 0.445312 0.816407 0.445312 0.824223 0.460934 0.824223 0.460934 0.816407 0.458984 0.814456 0.458984 0.800777 0.457034 0.798825 0.457034 0.783204 0.455074 0.781253 0.455074 0.767573 0.453123 0.765622 0.453123 0.757817
0 0.732425 0.019534 0.732425 0.0293 0.730465 0.031252 0.730465 0.041018 0.744137 0.041018 0.746097 0.04297 0.757809 0.04297 0.759768 0.044921 0.77344 0.044921 0.775391 0.046873 0.787112 0.046873 0.789062 0.048824 0.789062 0.046873 0.791013 0.044921 0.791013 0.039067 0.792972 0.037106 0.792972 0.031252 0.794923 0.0293 0.794923 0.027339 0.781251 0.027339 0.779301 0.025388 0.765629 0.025388 0.763669 0.023436 0.749998 0.023436 0.748047 0.021485 0.734376 0.021485
1 0.212895 0.621092 0.210935 0.623043 0.195313 0.623043 0.193363 0.625004 0.177732 0.625004 0.177732 0.669926 0.175781 0.671877 0.175781 0.714847 0.177732 0.714847 0.179692 0.716798 0.181642 0.716798 0.183592 0.71875 0.185543 0.71875 0.187502 0.720701 0.208985 0.720701 0.214846 0.714847 0.214846 0.669926 0.212895 0.667964
0 0.277343 0.371098 0.275393 0.373049 0.273433 0.373049 0.271482 0.375001 0.269532 0.375001 0.269532 0.378903 0.267582 0.380855 0.267582 0.433591 0.269532 0.433591 0.271482 0.435543 0.273433 0.435543 0.275393 0.437504 0.277343 0.437504 0.279294 0.439455 0.281253 0.439455 0.283204 0.441407 0.285154 0.439455 0.287114 0.439455 0.289064 0.437504 0.291015 0.437504 0.291015 0.435543 0.292965 0.433591 0.292965 0.43164 0.294925 0.429689 0.294925 0.408204 0.296875 0.406252 0.296875 0.382816 0.294925 0.380855 0.294925 0.378903 0.292965 0.376952 0.292965 0.375001 0.291015 0.373049 0.291015 0.371098
0 1 0.429689 1 0.43164 1 0.43164 1 0.433591 1 0.433591 1 0.435543 0.999997 0.437504 0.999997 0.447261 1 0.447261 1 0.449222 1 0.449222 1 0.451174 1 0.451174 1 0.453125 1 0.453125 1 0.455076 1 0.455076 1 0.457028 1 0.455076 1 0.455076 1 0.451174 1 0.451174 1 0.439455 1 0.429689
0 1 0.757817 1 0.759768 0.994136 0.759768 0.994136 0.761719 0.992186 0.763671 0.992186 0.767573 0.990235 0.769535 0.990235 0.785156 0.996096 0.785156 0.998046 0.787107 1 0.787107 1 0.789058 1 0.789058 1 0.79102 1 0.79102 1 0.792971 1 0.792971 1 0.794922 1 0.794922 1 0.796874 1 0.794922 1 0.794922 1 0.79102 1 0.79102 1 0.787107 1 0.785156 1 0.775389 1 0.767573 1 0.767573 1 0.765622 1 0.765622 1 0.763671 1 0.763671 1 0.761719 1 0.761719 1 0.759768 1 0.759768
0 1 0.542967 1 0.544919 1 0.544919 1 0.548831 1 0.550783 0.999997 0.554685 1 0.556637 1 0.558598 1 0.560549 1 0.562501 1 0.564452 1 0.564452 1 0.566404 1 0.566404 1 0.568355 1 0.568355 1 0.570316 1 0.570316 1 0.572268 1 0.572268 1 0.574219 1 0.574219 1 0.57617 1 0.574219 1 0.574219 1 0.572268 1 0.572268 1 0.568355 1 0.566404 1 0.562501 1 0.560549 1 0.558598 1 0.556637 1 0.554685 1 0.554685 1 0.550783 1 0.550783 1 0.54687 1 0.54687 1 0.544919 1 0.544919
0 0.476566 0.429689 0.472656 0.433591 0.470705 0.433591 0.466795 0.437504 0.464845 0.437504 0.462894 0.439455 0.462894 0.453125 0.464845 0.455076 0.466795 0.455076 0.470705 0.458989 0.496098 0.458989 0.498048 0.46094 0.521482 0.46094 0.523441 0.462892 0.523441 0.46094 0.525392 0.458989 0.525392 0.457028 0.527342 0.455076 0.527342 0.453125 0.529293 0.451174 0.529293 0.435543 0.523441 0.429689