0 0.298829 0.226564 0.298829 0.232424 0.296872 0.234376 0.296872 0.240232 0.304685 0.240232 0.304685 0.234376 0.306641 0.232424 0.306641 0.228515 0.300778 0.228515
0 0.878907 0.63867 0.875001 0.642579 0.884763 0.652343 0.886719 0.650391 0.886719 0.64844 0.888669 0.646482 0.886719 0.644531 0.884763 0.644531
0 0.968748 0.216799 0.966798 0.218751 0.960936 0.218751 0.960936 0.222654 0.962892 0.224612 0.962892 0.230467 0.964842 0.232424 0.964842 0.236328 0.972654 0.236328 0.972654 0.232424 0.970705 0.230467 0.970705 0.222654 0.968748 0.220703
0 0.865232 0.685546 0.863282 0.687498 0.857419 0.687498 0.85547 0.689455 0.847658 0.689455 0.845701 0.691407 0.839846 0.691407 0.839846 0.693359 0.841795 0.69531 0.841795 0.69922 0.843751 0.697268 0.849607 0.697268 0.851564 0.69531 0.859376 0.69531 0.861326 0.693359 0.867188 0.693359 0.867188 0.691407 0.865232 0.689455
0 0.896482 0.753909 0.894531 0.75586 0.886719 0.75586 0.884763 0.757812 0.875001 0.757812 0.875001 0.767577 0.87695 0.765625 0.880857 0.765625 0.882813 0.763673 0.884763 0.763673 0.886719 0.761721 0.890625 0.761721 0.892575 0.759764 0.896482 0.759764
0 0.849607 0.607424 0.849607 0.609376 0.851564 0.611328 0.851564 0.617189 0.853514 0.619141 0.853514 0.621092 0.85547 0.619141 0.857419 0.619141 0.857419 0.617189 0.85547 0.615237 0.85547 0.611328 0.853514 0.609376 0.853514 0.607424
0 0.771485 0.437502 0.763672 0.445314 0.761716 0.445314 0.75781 0.449218 0.759766 0.45117 0.759766 0.453127 0.761716 0.455079 0.761716 0.457031 0.777341 0.441405 0.775391 0.441405
0 0.894531 0.669921 0.888669 0.675781 0.898438 0.685546 0.902344 0.681642 0.9043 0.681642 0.898438 0.675781 0.898438 0.67383
0 0.683593 0.314455 0.677737 0.320311 0.675781 0.320311 0.671875 0.32422 0.675781 0.328123 0.68555 0.318359 0.683593 0.316407
0 0.660157 0.234376 0.65625 0.23828 0.6582 0.240232 0.6582 0.242189 0.662106 0.246093 0.662106 0.248044 0.664062 0.250002 0.669925 0.244141
0 0.611326 0.214842 0.60742 0.218751 0.605471 0.218751 0.601564 0.222654 0.599608 0.222654 0.597658 0.224612 0.599608 0.226564 0.599608 0.228515 0.601564 0.230467 0.601564 0.232424 0.609376 0.224612 0.611326 0.224612 0.615232 0.220703 0.613283 0.218751 0.613283 0.216799
0 0.921875 0.667969 0.919924 0.669921 0.919924 0.671872 0.916018 0.675781 0.916018 0.677733 0.914062 0.679685 0.917968 0.683594 0.919924 0.681642 0.919924 0.679685 0.923831 0.675781 0.923831 0.67383 0.92578 0.671872
0 0.744142 0.375 0.742186 0.376952 0.738279 0.376952 0.734373 0.380861 0.73633 0.382813 0.73633 0.384764 0.738279 0.386716 0.746091 0.378909 0.744142 0.376952
0 0.927737 0.677733 0.92578 0.679685 0.92578 0.681642 0.923831 0.683594 0.923831 0.685546 0.921875 0.687498 0.921875 0.689455 0.919924 0.691407 0.919924 0.693359 0.917968 0.69531 0.919924 0.69531 0.923831 0.69922 0.923831 0.697268 0.92578 0.69531 0.92578 0.693359 0.927737 0.691407 0.927737 0.689455 0.929687 0.687498 0.929687 0.685546 0.931643 0.683594 0.931643 0.681642 0.933593 0.679685 0.929687 0.679685
0 0.986329 0.203125 0.986329 0.207029 0.988279 0.208986 0.988279 0.214842 0.990235 0.216799 0.990235 0.220703 0.996091 0.220703 0.996091 0.21289 0.994142 0.210938 0.994142 0.203125
0 0.294922 0.173826 0.294922 0.175784 0.296872 0.177735 0.296872 0.179687 0.302734 0.179687 0.304685 0.177735 0.304685 0.175784 0.306641 0.173826
0 0.908206 0.658204 0.90625 0.660156 0.90625 0.662108 0.9043 0.664065 0.9043 0.666017 0.902344 0.667969 0.902344 0.669921 0.900387 0.671872 0.9043 0.675781 0.90625 0.67383 0.90625 0.671872 0.912112 0.666017 0.912112 0.664065 0.914062 0.662108 0.912112 0.662108
7 0 0.160158 0 0.164062 0 0.166014 0 0.181639 0 0.183596 0 0.203125 0 0.205077 0 0.214842 0 0.214842 0 0.21289 0 0.210938 0 0.208986 0 0.207029 0 0.203125 0 0.201174 0 0.197264 0 0.195313 0 0.193361 0 0.191404 0 0.1875 0 0.185548 0 0.183596 0 0.181639 0 0.179687 0 0.177735 0 0.177735 0 0.175784 0 0.175784 0 0.173826 0.003905 0.173826 0.005861 0.175784 0.005861 0.189452 0.003905 0.191404 0.003905 0.207029 0.001956 0.208986 0.001956 0.210938 0 0.21289 0 0.216799 0 0.218751 0 0.220703 0 0.222654 0 0.226564 0 0.228515 0 0.230467 0 0.232424 0 0.234376 0 0.236328 0 0.240232 0 0.242189 0 0.244141 0 0.246093 0 0.250002 0 0.251953 0 0.253905 0 0.255857 0 0.265627 0 0.267579 0 0.277343 0 0.281253 0 0.281253 0 0.277343 0 0.277343 0 0.275392 0.001956 0.27344 0.001956 0.269531 0.003905 0.267579 0.003905 0.265627 0.005861 0.26367 0.005861 0.259766 0.007811 0.257814 0.007811 0.253905 0.009767 0.251953 0.009767 0.248044 0.011717 0.246093 0.011717 0.244141 0.013674 0.242189 0.013674 0.23828 0.015624 0.236328 0.015624 0.232424 0.01758 0.230467 0.01758 0.228515 0.019529 0.226564 0.019529 0.222654 0.021486 0.220703 0.021486 0.216799 0.023436 0.214842 0.023436 0.21289 0.025392 0.210938 0.025392 0.208986 0.027342 0.207029 0.027342 0.205077 0.029298 0.203125 0.029298 0.201174 0.031248 0.199216 0.031248 0.197264 0.033204 0.195313 0.035154 0.195313 0.03711 0.197264 0.044922 0.197264 0.046873 0.195313 0.052735 0.195313 0.052735 0.191404 0.054685 0.189452 0.054685 0.185548 0.050778 0.185548 0.048829 0.183596 0.03906 0.183596 0.03711 0.181639 0.03711 0.179687 0.03906 0.177735 0.03906 0.175784 0.041017 0.173826 0.041017 0.171874 0.042966 0.169923 0.042966 0.167971 0.044922 0.166014 0.044922 0.164062 0 0.164062 0 0.16211 0 0.16211
0 0.748048 0.986328 0.746091 0.988279 0.742186 0.988279 0.740235 0.990237 0.73633 0.990237 0.734373 0.992189 0.730467 0.992189 0.732423 0.99414 0.732423 0.996092 0.734373 0.99414 0.740235 0.99414 0.742186 0.992189 0.749998 0.992189 0.749998 0.990237 0.748048 0.988279
0 0.328128 0.390625 0.328128 0.398438 0.33789 0.398438 0.339846 0.40039 0.339846 0.390625
0 0.751954 0.406251 0.748048 0.410154 0.746091 0.410154 0.742186 0.414063 0.740235 0.414063 0.738279 0.416015 0.738279 0.417967 0.740235 0.419924 0.740235 0.423828 0.742186 0.421876 0.744142 0.421876 0.746091 0.419924 0.748048 0.419924 0.751954 0.416015 0.753904 0.416015 0.75586 0.414063 0.75781 0.414063 0.753904 0.410154 0.753904 0.408202
0 0.712893 0.353513 0.708987 0.357423 0.70703 0.357423 0.703124 0.361326 0.701174 0.361326 0.699218 0.363283 0.701174 0.365235 0.701174 0.367187 0.703124 0.369139 0.703124 0.371096 0.710936 0.363283 0.712893 0.363283 0.716799 0.359374 0.714842 0.357423 0.714842 0.355471
0 0.677737 0.632814 0.677737 0.636718 0.675781 0.63867 0.675781 0.640627 0.671875 0.644531 0.673831 0.646482 0.673831 0.64844 0.675781 0.650391 0.677737 0.64844 0.679687 0.64844 0.681643 0.646482 0.681643 0.644531 0.683593 0.642579 0.683593 0.634766 0.679687 0.634766
0 0.826171 0.193361 0.826171 0.199216 0.833983 0.199216 0.835939 0.201174 0.835939 0.193361
0 0.937499 0.683594 0.933593 0.687498 0.933593 0.689455 0.927737 0.69531 0.929687 0.69531 0.933593 0.69922 0.935549 0.697268 0.935549 0.69531 0.941405 0.689455 0.941405 0.687498 0.943361 0.685546 0.939456 0.685546
1 0.902344 0.769529 0.900387 0.771486 0.888669 0.771486 0.886719 0.773438 0.875001 0.773438 0.875001 0.77539 0.87695 0.777341 0.87695 0.78125 0.878907 0.779299 0.9043 0.779299 0.9043 0.77539 0.902344 0.773438
0 0.884763 0.195313 0.884763 0.214842 0.892575 0.214842 0.892575 0.207029 0.890625 0.205077 0.890625 0.195313
0 0.978517 0.208986 0.978517 0.214842 0.980467 0.216799 0.980467 0.222654 0.988279 0.222654 0.988279 0.220703 0.986329 0.218751 0.986329 0.21289 0.984373 0.210938 0.984373 0.208986
0 0.617189 0.224612 0.613283 0.228515 0.611326 0.228515 0.60742 0.232424 0.605471 0.232424 0.603514 0.234376 0.605471 0.236328 0.605471 0.23828 0.60742 0.240232 0.611326 0.236328 0.613283 0.236328 0.617189 0.232424 0.619139 0.232424 0.621095 0.230467 0.619139 0.228515 0.619139 0.226564
0 0.80469 0.48633 0.789065 0.501955 0.796878 0.509768 0.798828 0.507811 0.798828 0.505859 0.80469 0.499998 0.80469 0.498046 0.808596 0.494142 0.80664 0.492185 0.80664 0.490233 0.80469 0.488282
0 0.941405 0.214842 0.941405 0.218751 0.943361 0.220703 0.943361 0.226564 0.945312 0.228515 0.945312 0.232424 0.953124 0.232424 0.953124 0.228515 0.951174 0.226564 0.951174 0.220703 0.949217 0.218751 0.949217 0.214842
0 0.671875 0.267579 0.666019 0.27344 0.664062 0.27344 0.662106 0.275392 0.664062 0.277343 0.664062 0.279295 0.666019 0.281253 0.666019 0.283204 0.669925 0.287108 0.669925 0.28906 0.671875 0.291017 0.671875 0.292969 0.673831 0.294921 0.679687 0.28906 0.681643 0.28906 0.683593 0.287108 0.681643 0.285156 0.681643 0.283204 0.679687 0.281253 0.679687 0.279295 0.675781 0.275392 0.675781 0.27344 0.673831 0.271483 0.673831 0.269531
0 0.994142 0.726561 0.994142 0.732422 1 0.732422 1 0.726561
1 0.87695 0.710936 0.875001 0.712893 0.871094 0.712893 0.869138 0.714845 0.865232 0.714845 0.863282 0.716797 0.859376 0.716797 0.857419 0.718749 0.851564 0.718749 0.849607 0.7207 0.845701 0.7207 0.843751 0.722658 0.839846 0.722658 0.839846 0.72461 0.841795 0.726561 0.841795 0.732422 0.843751 0.734374 0.843751 0.736326 0.845701 0.734374 0.847658 0.734374 0.849607 0.732422 0.853514 0.732422 0.85547 0.730471 0.857419 0.730471 0.859376 0.728513 0.861326 0.728513 0.863282 0.726561 0.867188 0.726561 0.869138 0.72461 0.871094 0.72461 0.873044 0.722658 0.87695 0.722658 0.878907 0.7207 0.880857 0.7207 0.880857 0.718749 0.878907 0.716797 0.878907 0.714845 0.87695 0.712893
0 0.894531 0.203125 0.894531 0.218751 0.900387 0.218751 0.900387 0.210938 0.902344 0.208986 0.902344 0.203125
0 0.80469 0.40039 0.802734 0.402342 0.802734 0.404299 0.800784 0.406251 0.802734 0.406251 0.80664 0.410154 0.808596 0.410154 0.812502 0.414063 0.812502 0.412112 0.814452 0.410154
0 0.746091 0.978515 0.744142 0.980467 0.740235 0.980467 0.738279 0.982424 0.734373 0.982424 0.732423 0.984376 0.728517 0.984376 0.728517 0.988279 0.730467 0.986328 0.73633 0.986328 0.738279 0.984376 0.746091 0.984376
0 0.73633 0.365235 0.728517 0.373048 0.730467 0.375 0.734373 0.371096 0.73633 0.371096 0.738279 0.369139 0.73633 0.367187
0 0.87695 0.794924 0.875001 0.796876 0.853514 0.796876 0.853514 0.80078 0.85547 0.802737 0.85547 0.80664 0.857419 0.804689 0.867188 0.804689 0.869138 0.802737 0.878907 0.802737 0.878907 0.80078 0.87695 0.798828
0 0.873044 0.77539 0.871094 0.777341 0.857419 0.777341 0.857419 0.78125 0.85547 0.783202 0.873044 0.783202
0 0.865232 0.195313 0.865232 0.203125 0.867188 0.205077 0.867188 0.21289 0.869138 0.210938 0.873044 0.210938 0.873044 0.195313
0 0.326171 0.402342 0.326171 0.406251 0.324222 0.408202 0.324222 0.410154 0.33789 0.410154 0.339846 0.412112 0.339846 0.404299 0.328128 0.404299
0 0.695312 0.28906 0.691405 0.292969 0.689456 0.292969 0.697268 0.300782 0.699218 0.29883 0.701174 0.29883 0.699218 0.296873 0.699218 0.294921 0.697268 0.292969 0.697268 0.291017
0 0.982423 0.228515 0.982423 0.232424 0.984373 0.234376 0.984373 0.246093 0.992185 0.246093 0.992185 0.240232 0.990235 0.23828 0.990235 0.230467 0.984373 0.230467
0 0.822264 0.591799 0.822264 0.597654 0.835939 0.597654 0.835939 0.591799
0 0.853514 0.785154 0.853514 0.794924 0.85547 0.792967 0.871094 0.792967 0.871094 0.791015 0.869138 0.789063 0.869138 0.785154
0 0.333984 0.482421 0.333984 0.48633 0.33594 0.488282 0.33594 0.498046 0.33789 0.499998 0.33789 0.503907 0.347659 0.503907 0.347659 0.501955 0.345702 0.499998 0.345702 0.494142 0.343752 0.492185 0.343752 0.48633 0.341796 0.484372 0.341796 0.482421
0 0.890625 0.240232 0.890625 0.246093 0.900387 0.246093 0.902344 0.248044 0.902344 0.242189 0.892575 0.242189
0 0.992185 0.228515 0.992185 0.236328 0.994142 0.23828 0.994142 0.246093 1 0.246093 1 0.236328 0.999997 0.234376 0.999997 0.230467 1 0.228515
1 0.609376 0.77539 0.609376 0.787111 0.611326 0.789063 0.611326 0.791015 0.613283 0.792967 0.613283 0.794924 0.619139 0.794924 0.621095 0.796876 0.621095 0.787111 0.619139 0.785154 0.619139 0.77539
0 0.679687 0.308594 0.675781 0.312498 0.673831 0.312498 0.669925 0.316407 0.667969 0.316407 0.669925 0.316407 0.673831 0.320311 0.681643 0.312498 0.679687 0.310546
0 0.673831 0.990237 0.671875 0.992189 0.666019 0.992189 0.666019 0.99414 0.664062 0.996092 0.664062 0.998049 0.681643 0.998049 0.683593 1 0.683593 0.990237
0 0.322265 0.353513 0.322265 0.361326 0.339846 0.361326 0.341796 0.363283 0.341796 0.353513
0 0.681643 0.259766 0.679687 0.261718 0.677737 0.261718 0.675781 0.26367 0.675781 0.265627 0.677737 0.267579 0.677737 0.269531 0.681643 0.27344 0.68555 0.269531 0.6875 0.269531 0.68555 0.267579 0.68555 0.265627 0.683593 0.26367 0.683593 0.261718
0 0.869138 0.746096 0.867188 0.748048 0.865232 0.748048 0.863282 0.75 0.859376 0.75 0.857419 0.751951 0.85547 0.751951 0.853514 0.753909 0.849607 0.753909 0.849607 0.75586 0.851564 0.757812 0.851564 0.759764 0.853514 0.757812 0.857419 0.757812 0.859376 0.75586 0.865232 0.75586 0.867188 0.753909 0.871094 0.753909 0.871094 0.751951 0.869138 0.75
0 0.734373 0.386716 0.726561 0.394529 0.724611 0.394529 0.720705 0.398438 0.726561 0.404299 0.730467 0.40039 0.732423 0.40039 0.73633 0.396486 0.738279 0.396486 0.740235 0.394529 0.73633 0.390625 0.73633 0.388673
0 0.791016 0.466795 0.779297 0.478517 0.781247 0.480469 0.781247 0.482421 0.783203 0.484372 0.794921 0.472656 0.792972 0.470704 0.792972 0.468752
0 0.320316 0.375 0.320316 0.378909 0.318359 0.380861 0.318359 0.382813 0.33594 0.382813 0.33594 0.375
0 0.888669 0.871094 0.888669 0.876955 0.886719 0.878907 0.886719 0.88281 0.888669 0.880859 0.9043 0.880859 0.9043 0.876955 0.90625 0.874998 0.90625 0.871094
0 0.70703 0.345701 0.695312 0.357423 0.697268 0.359374 0.697268 0.361326 0.701174 0.357423 0.703124 0.357423 0.70703 0.353513 0.708987 0.353513 0.710936 0.351562 0.708987 0.34961 0.708987 0.347658
0 0.873044 0.679685 0.871094 0.681642 0.865232 0.681642 0.867188 0.683594 0.867188 0.685546 0.869138 0.687498 0.869138 0.689455 0.871094 0.691407 0.871094 0.693359 0.873044 0.69531 0.873044 0.697268 0.875001 0.69922 0.878907 0.69531 0.880857 0.69531 0.878907 0.693359 0.878907 0.691407 0.87695 0.689455 0.87695 0.687498 0.875001 0.685546 0.875001 0.683594 0.873044 0.681642
0 0.769528 0.42578 0.765622 0.429689 0.763672 0.429689 0.75586 0.437502 0.753904 0.437502 0.751954 0.439453 0.75586 0.443357 0.75586 0.445314 0.75781 0.447266 0.773434 0.431641 0.771485 0.429689 0.771485 0.427737
0 0.351564 0.421876 0.349608 0.423828 0.347659 0.423828 0.345702 0.42578 0.343752 0.42578 0.339846 0.429689 0.33789 0.429689 0.33594 0.431641 0.333984 0.431641 0.33594 0.433592 0.33594 0.435544 0.33789 0.437502 0.33789 0.439453 0.339846 0.437502 0.341796 0.437502 0.343752 0.435544 0.345702 0.435544 0.349608 0.431641 0.351564 0.431641 0.353515 0.429689 0.355471 0.429689 0.353515 0.427737 0.353515 0.42578 0.351564 0.423828
0 0.703124 0.300782 0.699218 0.304685 0.703124 0.308594 0.703124 0.310546 0.70508 0.312498 0.70703 0.310546 0.710936 0.310546 0.70703 0.306643 0.70703 0.304685
0 0.623045 0.234376 0.619139 0.23828 0.617189 0.23828 0.613283 0.242189 0.611326 0.242189 0.609376 0.244141 0.611326 0.246093 0.611326 0.248044 0.613283 0.250002 0.621095 0.242189 0.623045 0.242189 0.626951 0.23828
0 0.734373 0.357423 0.732423 0.359374 0.730467 0.359374 0.726561 0.363283 0.724611 0.363283 0.726561 0.365235 0.726561 0.367187 0.728517 0.369139 0.732423 0.365235 0.734373 0.365235 0.73633 0.363283 0.73633 0.361326 0.734373 0.359374
0 0.871094 0.232424 0.871094 0.240232 0.87695 0.240232 0.878907 0.242189 0.884763 0.242189 0.886719 0.244141 0.886719 0.23828 0.882813 0.23828 0.880857 0.236328 0.878907 0.236328 0.87695 0.234376 0.873044 0.234376
1 0.871094 0.697268 0.869138 0.69922 0.865232 0.69922 0.863282 0.701171 0.859376 0.701171 0.857419 0.703123 0.851564 0.703123 0.849607 0.705081 0.845701 0.705081 0.843751 0.707032 0.839846 0.707032 0.839846 0.708984 0.841795 0.710936 0.841795 0.716797 0.843751 0.718749 0.843751 0.7207 0.845701 0.718749 0.849607 0.718749 0.851564 0.716797 0.853514 0.716797 0.85547 0.714845 0.859376 0.714845 0.861326 0.712893 0.865232 0.712893 0.867188 0.710936 0.869138 0.710936 0.871094 0.708984 0.875001 0.708984 0.875001 0.707032 0.873044 0.705081 0.873044 0.701171 0.871094 0.69922
0 0.603514 0.205077 0.597658 0.210938 0.595702 0.210938 0.591796 0.214842 0.593752 0.216799 0.593752 0.218751 0.595702 0.220703 0.601564 0.214842 0.603514 0.214842 0.60742 0.210938 0.605471 0.208986 0.605471 0.207029
0 0.343752 0.412112 0.341796 0.414063 0.339846 0.414063 0.33789 0.416015 0.33594 0.416015 0.333984 0.417967 0.332034 0.417967 0.330078 0.419924 0.328128 0.419924 0.330078 0.421876 0.330078 0.423828 0.332034 0.42578 0.332034 0.427737 0.333984 0.42578 0.33594 0.42578 0.33789 0.423828 0.339846 0.423828 0.341796 0.421876 0.343752 0.421876 0.345702 0.419924 0.347659 0.419924 0.345702 0.417967 0.345702 0.416015 0.343752 0.414063
0 0.681643 0.972654 0.679687 0.974611 0.671875 0.974611 0.669925 0.976563 0.660157 0.976563 0.660157 0.984376 0.662106 0.982424 0.669925 0.982424 0.671875 0.980467 0.681643 0.980467
0 0.726561 0.373048 0.718749 0.380861 0.716799 0.380861 0.712893 0.384764 0.716799 0.388673 0.716799 0.390625 0.718749 0.392577 0.722655 0.388673 0.724611 0.388673 0.728517 0.384764 0.730467 0.384764 0.732423 0.382813 0.730467 0.380861 0.730467 0.378909 0.728517 0.376952 0.728517 0.375
0 0.615232 0.976563 0.613283 0.978515 0.599608 0.978515 0.599608 0.980467 0.597658 0.982424 0.615232 0.982424
0 0.6875 0.322268 0.683593 0.326172 0.681643 0.326172 0.677737 0.330081 0.675781 0.330081 0.677737 0.332033 0.677737 0.333984 0.679687 0.335936 0.68555 0.330081 0.6875 0.330081 0.691405 0.326172
0 0.882813 0.734374 0.880857 0.736326 0.87695 0.736326 0.875001 0.738283 0.873044 0.738283 0.871094 0.740235 0.867188 0.740235 0.869138 0.742187 0.869138 0.744139 0.871094 0.746096 0.873044 0.744139 0.875001 0.744139 0.87695 0.742187 0.880857 0.742187 0.882813 0.740235 0.884763 0.740235 0.884763 0.738283 0.882813 0.736326
0 0.882813 0.722658 0.882813 0.726561 0.884763 0.728513 0.884763 0.734374 0.886719 0.736326 0.886719 0.740235 0.888669 0.738283 0.894531 0.738283 0.894531 0.736326 0.892575 0.734374 0.892575 0.728513 0.890625 0.726561 0.890625 0.722658
0 0.92578 0.736326 0.92578 0.761721 0.937499 0.761721 0.937499 0.736326
0 0.777341 0.445314 0.763672 0.458982 0.767579 0.462892 0.767579 0.464843 0.769528 0.466795 0.775391 0.46094 0.775391 0.458982 0.783203 0.45117
0 0.935549 0.253905 0.935549 0.259766 0.947268 0.259766 0.949217 0.261718 0.949217 0.255857 0.937499 0.255857
0 0.601564 0.197264 0.599608 0.199216 0.597658 0.199216 0.593752 0.203125 0.591796 0.203125 0.589846 0.205077 0.587889 0.205077 0.589846 0.207029 0.589846 0.208986 0.591796 0.210938 0.591796 0.21289 0.597658 0.207029 0.599608 0.207029 0.603514 0.203125 0.603514 0.201174 0.601564 0.199216
0 0.894531 0.646482 0.890625 0.650391 0.890625 0.652343 0.884763 0.658204 0.888669 0.662108 0.890625 0.660156 0.890625 0.658204 0.894531 0.654295 0.894531 0.652343 0.896482 0.650391 0.894531 0.64844
0 0.642575 0.228515 0.638669 0.232424 0.63672 0.232424 0.634763 0.234376 0.642575 0.242189 0.642575 0.244141 0.648438 0.250002 0.652344 0.246093 0.654294 0.246093 0.652344 0.244141 0.652344 0.242189 0.648438 0.23828 0.648438 0.236328 0.644532 0.232424 0.644532 0.230467
0 0.728517 0.347658 0.726561 0.34961 0.722655 0.34961 0.722655 0.351562 0.724611 0.353513 0.724611 0.355471 0.726561 0.357423 0.726561 0.359374 0.728517 0.357423 0.732423 0.357423 0.732423 0.355471 0.730467 0.353513 0.730467 0.351562 0.728517 0.34961
0 0.828127 0.550783 0.826171 0.552735 0.814452 0.552735 0.814452 0.5625 0.816409 0.560548 0.828127 0.560548
0 0.865232 0.736326 0.863282 0.738283 0.859376 0.738283 0.857419 0.740235 0.851564 0.740235 0.849607 0.742187 0.845701 0.742187 0.845701 0.744139 0.847658 0.746096 0.847658 0.75 0.849607 0.748048 0.853514 0.748048 0.85547 0.746096 0.861326 0.746096 0.863282 0.744139 0.867188 0.744139 0.867188 0.742187 0.865232 0.740235
0 0.962892 0.259766 0.962892 0.261718 0.960936 0.26367 0.960936 0.265627 0.964842 0.265627 0.966798 0.267579 0.968748 0.267579 0.970705 0.269531 0.97461 0.269531 0.97656 0.271483 0.97656 0.265627 0.97461 0.265627 0.972654 0.26367 0.968748 0.26367 0.966798 0.261718 0.964842 0.261718
0 0.749998 0.99414 0.748048 0.996092 0.740235 0.996092 0.738279 0.998049 0.730467 0.998049 0.730467 1 0.732423 1 0.732423 1 0.734373 1 0.740235 1 0.742186 1 0.749998 1
0 0.78516 0.455079 0.773434 0.466795 0.775391 0.468752 0.775391 0.470704 0.777341 0.472656 0.777341 0.474608 0.791016 0.46094
0 0.714842 0.312498 0.710936 0.316407 0.708987 0.316407 0.710936 0.318359 0.710936 0.320311 0.714842 0.32422 0.714842 0.326172 0.716799 0.328123 0.720705 0.32422 0.722655 0.32422 0.720705 0.322268 0.720705 0.320311 0.716799 0.316407 0.716799 0.314455
0 0.185544 0.339845 0.183594 0.341797 0.179688 0.341797 0.177732 0.343749 0.173825 0.343749 0.173825 0.345701 0.175782 0.347658 0.175782 0.351562 0.177732 0.353513 0.177732 0.359374 0.179688 0.361326 0.179688 0.365235 0.181638 0.367187 0.181638 0.369139 0.183594 0.367187 0.191406 0.367187 0.191406 0.363283 0.18945 0.361326 0.18945 0.355471 0.1875 0.353513 0.1875 0.345701 0.185544 0.343749
0 0.343752 0.5625 0.343752 0.564452 0.345702 0.566409 0.345702 0.568361 0.347659 0.570312 0.347659 0.572264 0.349608 0.574216 0.349608 0.576173 0.355471 0.576173 0.355471 0.574216 0.353515 0.572264 0.353515 0.566409 0.351564 0.564452 0.351564 0.5625
0 0.882813 0.697268 0.880857 0.69922 0.87695 0.69922 0.87695 0.701171 0.878907 0.703123 0.878907 0.707032 0.880857 0.708984 0.880857 0.712893 0.882813 0.714845 0.882813 0.716797 0.886719 0.712893 0.888669 0.712893 0.888669 0.710936 0.886719 0.708984 0.886719 0.707032 0.884763 0.705081 0.884763 0.701171 0.882813 0.69922
0 0.900387 0.652343 0.898438 0.654295 0.898438 0.656252 0.894531 0.660156 0.894531 0.662108 0.892575 0.664065 0.894531 0.666017 0.894531 0.667969 0.896482 0.669921 0.898438 0.667969 0.898438 0.666017 0.9043 0.660156 0.9043 0.658204 0.90625 0.656252 0.9043 0.656252
0 0.85547 0.193361 0.857419 0.195313 0.857419 0.208986 0.85547 0.210938 0.865232 0.210938 0.865232 0.205077 0.863282 0.203125 0.863282 0.195313 0.865232 0.193361
0 0.951174 0.216799 0.951174 0.218751 0.953124 0.220703 0.953124 0.226564 0.95508 0.228515 0.95508 0.232424 0.95703 0.230467 0.960936 0.230467 0.960936 0.224612 0.958986 0.222654 0.958986 0.216799
0 0.849607 0.226564 0.849607 0.234376 0.85547 0.234376 0.857419 0.236328 0.863282 0.236328 0.865232 0.23828 0.865232 0.234376 0.867188 0.232424 0.867188 0.230467 0.859376 0.230467 0.857419 0.228515 0.851564 0.228515
0 0.80664 0.191404 0.80469 0.193361 0.792972 0.193361 0.792972 0.195313 0.808596 0.195313 0.80664 0.193361
0 0.808596 0.392577 0.808596 0.396486 0.80664 0.398438 0.80664 0.40039 0.808596 0.40039 0.810546 0.402342 0.812502 0.402342 0.814452 0.404299 0.816409 0.404299 0.818358 0.406251 0.820315 0.406251 0.822264 0.408202 0.822264 0.404299 0.824221 0.402342 0.824221 0.40039 0.822264 0.40039 0.820315 0.398438 0.818358 0.398438 0.816409 0.396486 0.814452 0.396486 0.812502 0.394529 0.810546 0.394529
0 0.625001 0.988279 0.623045 0.990237 0.619139 0.990237 0.617189 0.992189 0.613283 0.992189 0.611326 0.99414 0.605471 0.99414 0.603514 0.996092 0.599608 0.996092 0.599608 0.998049 0.601564 1 0.601564 1 0.60742 1 0.609376 1 0.613283 1 0.615232 0.998049 0.621095 0.998049 0.623045 0.996092 0.626951 0.996092 0.626951 0.99414 0.625001 0.992189
0 0.787109 0.208986 0.787109 0.210938 0.78516 0.21289 0.78516 0.214842 0.789065 0.214842 0.791016 0.216799 0.796878 0.216799 0.798828 0.218751 0.802734 0.218751 0.80469 0.220703 0.80469 0.214842 0.800784 0.214842 0.798828 0.21289 0.794921 0.21289 0.792972 0.210938 0.789065 0.210938
0 0.742186 0.398438 0.73633 0.404299 0.734373 0.404299 0.730467 0.408202 0.73633 0.414063 0.740235 0.410154 0.740235 0.408202 0.746091 0.402342
1 0.625001 0.75 0.625001 0.751951 0.626951 0.753909 0.626951 0.757812 0.644532 0.757812 0.648438 0.753909 0.648438 0.75
0 0.675781 0.296873 0.669925 0.302733 0.667969 0.302733 0.664062 0.306643 0.667969 0.310546 0.671875 0.306643 0.673831 0.306643 0.677737 0.302733 0.679687 0.302733 0.677737 0.300782 0.677737 0.29883
0 0.972654 0.224612 0.972654 0.228515 0.97461 0.230467 0.97461 0.236328 0.97656 0.23828 0.97656 0.242189 0.982423 0.242189 0.982423 0.234376 0.980467 0.232424 0.980467 0.224612
0 0.888669 0.763673 0.886719 0.765625 0.882813 0.765625 0.880857 0.767577 0.87695 0.767577 0.875001 0.769529 0.875001 0.771486 0.87695 0.769529 0.890625 0.769529 0.890625 0.767577 0.888669 0.765625
0 0.669925 0.246093 0.666019 0.250002 0.666019 0.253905 0.671875 0.259766 0.671875 0.261718 0.673831 0.26367 0.675781 0.261718 0.675781 0.259766 0.677737 0.257814 0.675781 0.255857 0.675781 0.253905 0.671875 0.250002 0.671875 0.248044
0 0.853514 0.67383 0.851564 0.675781 0.849607 0.675781 0.847658 0.677733 0.843751 0.677733 0.841795 0.679685 0.839846 0.679685 0.837889 0.681642 0.833983 0.681642 0.833983 0.685546 0.835939 0.687498 0.835939 0.691407 0.837889 0.689455 0.841795 0.689455 0.843751 0.687498 0.845701 0.687498 0.847658 0.685546 0.851564 0.685546 0.853514 0.683594 0.857419 0.683594 0.857419 0.681642 0.85547 0.679685 0.85547 0.677733 0.853514 0.675781
0 0.875001 0.726561 0.873044 0.728513 0.867188 0.728513 0.869138 0.730471 0.869138 0.732422 0.871094 0.734374 0.871094 0.736326 0.873044 0.734374 0.875001 0.734374 0.87695 0.732422 0.880857 0.732422 0.882813 0.730471 0.882813 0.728513 0.880857 0.726561
0 0.871094 0.757812 0.869138 0.759764 0.853514 0.759764 0.853514 0.769529 0.85547 0.767577 0.861326 0.767577 0.863282 0.765625 0.869138 0.765625 0.869138 0.761721 0.871094 0.759764
0 0.845701 0.193361 0.845701 0.208986 0.85547 0.208986 0.85547 0.195313 0.847658 0.195313
0 0.316409 0.250002 0.314453 0.251953 0.30859 0.251953 0.30859 0.253905 0.310547 0.255857 0.310547 0.261718 0.312503 0.26367 0.312503 0.267579 0.320316 0.267579 0.320316 0.26367 0.318359 0.261718 0.318359 0.255857 0.316409 0.253905
0 0.9043 0.205077 0.9043 0.220703 0.912112 0.220703 0.912112 0.205077
0 0.699218 0.339845 0.693362 0.345701 0.691405 0.345701 0.689456 0.347658 0.691405 0.34961 0.691405 0.351562 0.693362 0.353513 0.697268 0.34961 0.699218 0.34961 0.703124 0.345701 0.70508 0.345701
0 0.998047 0.208986 0.998047 0.216799 0.999997 0.218751 0.999997 0.226564 1 0.226564 1 0.218751 1 0.216799 1 0.208986
7 0 0.310546 0 0.312498 0 0.314455 0 0.316407 0 0.318359 0 0.320311 0 0.322268 0.003905 0.326172 0.003905 0.328123 0.005861 0.330081 0.005861 0.332033 0.007811 0.333984 0.007811 0.335936 0.009767 0.337888 0.009767 0.339845 0.013674 0.343749 0.013674 0.345701 0.015624 0.347658 0.015624 0.34961 0.01758 0.351562 0.01758 0.353513 0.019529 0.355471 0.019529 0.357423 0.021486 0.359374 0.021486 0.361326 0.025392 0.365235 0.025392 0.367187 0.027342 0.369139 0.027342 0.371096 0.029298 0.373048 0.029298 0.375 0.031248 0.376952 0.031248 0.378909 0.033204 0.380861 0.033204 0.382813 0.035154 0.384764 0.035154 0.386716 0.03711 0.388673 0.03711 0.390625 0.03906 0.392577 0.03906 0.396486 0.041017 0.398438 0.041017 0.402342 0.042966 0.404299 0.042966 0.406251 0.041017 0.408202 0.035154 0.408202 0.033204 0.410154 0.025392 0.410154 0.023436 0.412112 0.01758 0.412112 0.015624 0.414063 0.009767 0.414063 0.007811 0.416015 0 0.416015 0 0.417967 0 0.417967 0 0.419924 0 0.419924 0 0.421876 0 0.421876 0 0.423828 0 0.423828 0 0.417967 0 0.416015 0 0.406251 0 0.404299 0 0.40039 0 0.40039 0 0.404299 0 0.406251 0 0.408202 0 0.410154 0 0.412112 0 0.414063 0 0.416015 0 0.419924 0 0.421876 0 0.423828 0 0.42578 0 0.427737 0 0.429689 0 0.431641 0 0.433592 0 0.435544 0 0.455079 0 0.457031 0 0.476565 0 0.474608 0 0.474608 0 0.472656 0 0.470704 0 0.468752 0 0.466795 0 0.462892 0 0.46094 0 0.457031 0 0.455079 0 0.45117 0 0.449218 0 0.445314 0 0.443357 0 0.441405 0 0.439453 0 0.439453 0.001956 0.437502 0.015624 0.437502 0.01758 0.435544 0.029298 0.435544 0.031248 0.433592 0.042966 0.433592 0.044922 0.435544 0.044922 0.437502 0.046873 0.439453 0.046873 0.447266 0.048829 0.449218 0.048829 0.458982 0.046873 0.46094 0.046873 0.472656 0.044922 0.474608 0.044922 0.48633 0.042966 0.488282 0.042966 0.498046 0.041017 0.499998 0.041017 0.51172 0.03906 0.513672 0.03906 0.525393 0.03711 0.527345 0.03711 0.533201 0.044922 0.533201 0.044922 0.531249 0.046873 0.529297 0.046873 0.525393 0.048829 0.523436 0.048829 0.521484 0.050778 0.519532 0.050778 0.515623 0.052735 0.513672 0.052735 0.509768 0.054685 0.507811 0.054685 0.503907 0.056641 0.501955 0.056641 0.499998 0.058591 0.498046 0.058591 0.494142 0.060547 0.492185 0.060547 0.488282 0.062497 0.48633 0.062497 0.484372 0.064454 0.482421 0.064454 0.478517 0.066403 0.476565 0.066403 0.472656 0.068359 0.470704 0.068359 0.466795 0.07031 0.464843 0.07031 0.462892 0.072266 0.46094 0.072266 0.457031 0.076172 0.453127 0.078128 0.453127 0.080078 0.455079 0.08789 0.455079 0.089847 0.453127 0.093752 0.453127 0.093752 0.449218 0.095703 0.447266 0.095703 0.445314 0.091796 0.441405 0.082034 0.441405 0.080078 0.439453 0.082034 0.437502 0.082034 0.435544 0.083984 0.433592 0.083984 0.431641 0.08594 0.429689 0.08594 0.427737 0.08789 0.42578 0.08789 0.423828 0.089847 0.421876 0.095703 0.421876 0.097659 0.419924 0.105471 0.419924 0.107421 0.417967 0.115233 0.417967 0.117189 0.416015 0.126952 0.416015 0.128908 0.414063 0.13672 0.414063 0.13867 0.412112 0.140626 0.412112 0.144533 0.408202 0.146482 0.408202 0.148438 0.406251 0.150388 0.406251 0.152345 0.404299 0.154295 0.404299 0.158201 0.40039 0.160157 0.40039 0.160157 0.398438 0.158201 0.396486 0.158201 0.394529 0.144533 0.394529 0.142576 0.392577 0.130858 0.392577 0.128908 0.394529 0.121096 0.394529 0.11914 0.396486 0.109377 0.396486 0.107421 0.398438 0.099608 0.398438 0.097659 0.40039 0.083984 0.40039 0.082034 0.398438 0.082034 0.396486 0.078128 0.392577 0.076172 0.392577 0.07031 0.386716 0.072266 0.384764 0.078128 0.384764 0.082034 0.380861 0.083984 0.380861 0.083984 0.373048 0.080078 0.373048 0.078128 0.371096 0.068359 0.371096 0.062497 0.376952 0.056641 0.371096 0.056641 0.369139 0.044922 0.357423 0.044922 0.355471 0.033204 0.343749 0.033204 0.341797 0.023436 0.332033 0.023436 0.330081 0.011717 0.318359 0.011717 0.316407 0.005861 0.310546
0 0.914062 0.208986 0.914062 0.214842 0.916018 0.216799 0.916018 0.224612 0.921875 0.224612 0.921875 0.218751 0.919924 0.216799 0.919924 0.208986
0 0.830077 0.220703 0.830077 0.228515 0.841795 0.228515 0.843751 0.230467 0.843751 0.224612 0.837889 0.224612 0.835939 0.222654 0.832033 0.222654
0 0.837889 0.611328 0.835939 0.61328 0.833983 0.61328 0.830077 0.617189 0.828127 0.617189 0.830077 0.619141 0.830077 0.621092 0.832033 0.623044 0.833983 0.621092 0.835939 0.621092 0.839846 0.617189 0.841795 0.617189 0.839846 0.615237 0.839846 0.61328
0 0.662106 0.251953 0.660157 0.253905 0.6582 0.253905 0.65625 0.255857 0.654294 0.255857 0.65625 0.257814 0.65625 0.259766 0.6582 0.261718 0.6582 0.26367 0.660157 0.265627 0.660157 0.267579 0.662106 0.269531 0.662106 0.271483 0.667969 0.265627 0.667969 0.26367 0.666019 0.261718 0.666019 0.259766 0.664062 0.257814 0.664062 0.255857 0.662106 0.253905
0 0.810546 0.191404 0.810546 0.197264 0.818358 0.197264 0.818358 0.191404
0 0.748048 0.384764 0.742186 0.390625 0.746091 0.394529 0.746091 0.396486 0.749998 0.40039 0.753904 0.396486 0.751954 0.394529 0.751954 0.392577 0.749998 0.390625 0.749998 0.388673 0.748048 0.386716
0 0.718749 0.361326 0.714842 0.365235 0.712893 0.365235 0.70703 0.371096 0.70508 0.371096 0.703124 0.373048 0.70703 0.376952 0.70703 0.378909 0.708987 0.380861 0.710936 0.378909 0.712893 0.378909 0.716799 0.375 0.718749 0.375 0.722655 0.371096 0.724611 0.371096 0.722655 0.369139 0.722655 0.367187 0.720705 0.365235 0.720705 0.363283
0 0.761716 0.417967 0.75781 0.421876 0.75586 0.421876 0.749998 0.427737 0.748048 0.427737 0.746091 0.429689 0.751954 0.435544 0.759766 0.427737 0.761716 0.427737 0.765622 0.423828 0.763672 0.421876 0.763672 0.419924
0 0.912112 0.814453 0.910156 0.816405 0.90625 0.816405 0.90625 0.83203 0.912112 0.83203
0 0.689456 0.271483 0.68555 0.275392 0.683593 0.275392 0.68555 0.277343 0.68555 0.279295 0.6875 0.281253 0.6875 0.283204 0.689456 0.285156 0.691405 0.283204 0.695312 0.283204 0.693362 0.281253 0.693362 0.279295 0.691405 0.277343 0.691405 0.275392 0.689456 0.27344
0 0.875001 0.195313 0.875001 0.210938 0.882813 0.210938 0.882813 0.195313
0 0.843751 0.595702 0.841795 0.597654 0.837889 0.597654 0.835939 0.599611 0.837889 0.601563 0.837889 0.603515 0.839846 0.605467 0.839846 0.607424 0.841795 0.609376 0.841795 0.611328 0.843751 0.609376 0.847658 0.609376 0.847658 0.607424 0.845701 0.605467 0.845701 0.599611 0.843751 0.597654
0 0.939456 0.210938 0.937499 0.21289 0.931643 0.21289 0.931643 0.216799 0.933593 0.218751 0.933593 0.224612 0.935549 0.226564 0.935549 0.230467 0.941405 0.230467 0.941405 0.222654 0.939456 0.220703
0 0.869138 0.767577 0.867188 0.769529 0.85547 0.769529 0.853514 0.771486 0.851564 0.769529 0.849607 0.769529 0.849607 0.773438 0.851564 0.77539 0.851564 0.779299 0.853514 0.777341 0.85547 0.777341 0.857419 0.77539 0.871094 0.77539 0.871094 0.773438 0.869138 0.771486
0 0.644532 0.257814 0.642575 0.259766 0.640626 0.259766 0.638669 0.261718 0.634763 0.261718 0.63672 0.26367 0.63672 0.265627 0.638669 0.267579 0.638669 0.269531 0.640626 0.271483 0.640626 0.27344 0.642575 0.275392 0.642575 0.277343 0.644532 0.279295 0.646482 0.277343 0.648438 0.277343 0.650388 0.275392 0.652344 0.275392 0.652344 0.27344 0.650388 0.271483 0.650388 0.269531 0.648438 0.267579 0.648438 0.265627 0.646482 0.26367 0.646482 0.261718 0.644532 0.259766
0 0.865232 0.515623 0.861326 0.519532 0.861326 0.521484 0.853514 0.529297 0.853514 0.531249 0.849607 0.535158 0.853514 0.539061 0.853514 0.541013 0.857419 0.544922 0.859376 0.542971 0.859376 0.541013 0.861326 0.539061 0.861326 0.53711 0.863282 0.535158 0.863282 0.533201 0.867188 0.529297 0.867188 0.527345 0.869138 0.525393 0.869138 0.523436 0.871094 0.521484
0 0.599608 0.185548 0.597658 0.1875 0.595702 0.1875 0.593752 0.189452 0.591796 0.189452 0.589846 0.191404 0.585939 0.191404 0.583983 0.193361 0.582034 0.193361 0.583983 0.195313 0.583983 0.197264 0.585939 0.199216 0.585939 0.201174 0.587889 0.199216 0.589846 0.199216 0.593752 0.195313 0.595702 0.195313 0.599608 0.191404 0.601564 0.191404 0.601564 0.189452 0.599608 0.1875
0 0.912112 0.246093 0.912112 0.251953 0.917968 0.251953 0.919924 0.253905 0.92578 0.253905 0.927737 0.255857 0.927737 0.250002 0.921875 0.250002 0.919924 0.248044 0.914062 0.248044
0 0.808596 0.214842 0.808596 0.222654 0.816409 0.222654 0.818358 0.224612 0.824221 0.224612 0.826171 0.226564 0.826171 0.220703 0.822264 0.220703 0.820315 0.218751 0.816409 0.218751 0.814452 0.216799 0.810546 0.216799
0 0.929687 0.208986 0.927737 0.210938 0.921875 0.210938 0.921875 0.216799 0.923831 0.218751 0.923831 0.226564 0.931643 0.226564 0.931643 0.218751 0.929687 0.216799
0 0.968748 0.208986 0.968748 0.210938 0.970705 0.21289 0.970705 0.218751 0.972654 0.220703 0.972654 0.222654 0.978517 0.222654 0.978517 0.216799 0.97656 0.214842 0.97656 0.208986
0 0.693362 0.328123 0.683593 0.337888 0.68555 0.339845 0.68555 0.341797 0.6875 0.343749 0.697268 0.333984 0.695312 0.332033 0.695312 0.330081
0 0.875001 0.785154 0.875001 0.792967 0.87695 0.791015 0.890625 0.791015 0.890625 0.789063 0.892575 0.787111 0.892575 0.785154
0 0.853514 0.664065 0.851564 0.666017 0.847658 0.666017 0.845701 0.667969 0.839846 0.667969 0.837889 0.669921 0.833983 0.669921 0.833983 0.671872 0.835939 0.67383 0.835939 0.677733 0.837889 0.675781 0.841795 0.675781 0.843751 0.67383 0.849607 0.67383 0.851564 0.671872 0.85547 0.671872 0.85547 0.669921 0.853514 0.667969
0 0.796878 0.476565 0.783203 0.490233 0.789065 0.496094 0.794921 0.490233 0.794921 0.488282 0.800784 0.482421 0.798828 0.480469 0.798828 0.478517