0 0.677736 0.712888 0.675781 0.714842 0.669923 0.714842 0.669923 0.716796 0.667969 0.71875 0.667969 0.724612 0.669923 0.726561 0.673827 0.726561 0.675781 0.728514 0.707033 0.728514 0.708982 0.726561 0.708982 0.720704 0.707033 0.71875 0.707033 0.716796 0.705078 0.716796 0.703124 0.714842 0.679685 0.714842
0 0.253907 0.5625 0.251952 0.564453 0.251952 0.615234 0.253907 0.615234 0.255862 0.617188 0.259765 0.617188 0.263674 0.613281 0.263674 0.591798 0.26172 0.589844 0.26172 0.566407 0.257811 0.5625
0 0.000002 0.503908 0 0.505857 0 0.507811 0.000002 0.509765 0.000002 0.515626 0.001951 0.51758 0.001951 0.519529 0.003905 0.521483 0.003905 0.523437 0.00586 0.523437 0.009764 0.527345 0.011718 0.525391 0.011718 0.521483 0.009764 0.519529 0.009764 0.513673 0.007815 0.511719 0.007815 0.509765 0.00586 0.507811 0.00586 0.505857 0.003905 0.505857 0.001951 0.503908
0 0.722659 0.152344 0.720704 0.154298 0.716795 0.154298 0.714846 0.156252 0.714846 0.160155 0.716795 0.160155 0.71875 0.162108 0.732421 0.162108 0.732421 0.160155 0.73633 0.156252 0.734376 0.154298 0.724608 0.154298
0 0.011718 0.5 0.009764 0.501954 0.007815 0.501954 0.007815 0.503908 0.009764 0.505857 0.009764 0.511719 0.011718 0.513673 0.011718 0.519529 0.013673 0.521483 0.013673 0.523437 0.017576 0.523437 0.019531 0.525391 0.021486 0.525391 0.021486 0.51758 0.019531 0.515626 0.019531 0.511719 0.017576 0.509765 0.017576 0.505857 0.015627 0.503908 0.015627 0.501954 0.013673 0.501954
1 0.152345 0.224608 0.15039 0.226562 0.148436 0.226562 0.146487 0.228516 0.144532 0.228516 0.142577 0.230469 0.140623 0.230469 0.138674 0.232423 0.136719 0.232423 0.134764 0.234377 0.13281 0.234377 0.130861 0.236326 0.126951 0.236326 0.125002 0.23828 0.123048 0.23828 0.121093 0.240234 0.119139 0.240234 0.11719 0.242188 0.115235 0.242188 0.11328 0.244142 0.111326 0.244142 0.111326 0.246095 0.11328 0.248044 0.11328 0.251952 0.115235 0.253906 0.115235 0.25586 0.11719 0.253906 0.119139 0.253906 0.121093 0.251952 0.125002 0.251952 0.126951 0.249998 0.128906 0.249998 0.130861 0.248044 0.134764 0.248044 0.136719 0.246095 0.138674 0.246095 0.140623 0.244142 0.144532 0.244142 0.146487 0.242188 0.148436 0.242188 0.15039 0.240234 0.154299 0.240234 0.156249 0.23828 0.158203 0.23828 0.158203 0.236326 0.156249 0.234377 0.156249 0.232423 0.154299 0.230469 0.154299 0.228516 0.152345 0.226562
0 0.324218 0.595706 0.320314 0.599608 0.320314 0.623045 0.322263 0.624999 0.322263 0.628906 0.324218 0.628906 0.326172 0.626953 0.328127 0.626953 0.328127 0.597654 0.326172 0.595706
0 0.720704 0.166016 0.71875 0.16797 0.716795 0.16797 0.714846 0.169924 0.716795 0.171873 0.716795 0.173827 0.71875 0.175781 0.73633 0.175781 0.738279 0.173827 0.73633 0.171873 0.73633 0.16797 0.722659 0.16797
0 0.382812 0.91211 0.382812 0.9375 0.384766 0.939454 0.384766 0.941408 0.386721 0.943362 0.392579 0.943362 0.394534 0.941408 0.394534 0.916017 0.390625 0.91211
8 0.404296 0.513673 0.396483 0.521483 0.396483 0.523437 0.394534 0.525391 0.394534 0.529299 0.392579 0.531253 0.392579 0.542971 0.394534 0.544919 0.394534 0.546873 0.396483 0.548827 0.396483 0.550781 0.400392 0.554689 0.40625 0.554689 0.408205 0.556643 0.437502 0.556643 0.439451 0.554689 0.439451 0.552735 0.441406 0.550781 0.441406 0.548827 0.44336 0.546873 0.44336 0.541017 0.445315 0.539063 0.445315 0.533201 0.44336 0.531253 0.44336 0.525391 0.441406 0.523437 0.441406 0.521483 0.439451 0.519529 0.439451 0.51758 0.437502 0.515626 0.433593 0.515626 0.431638 0.513673
8 0.412109 0.449219 0.410154 0.451173 0.402341 0.451173 0.402341 0.455076 0.400392 0.45703 0.400392 0.460938 0.398437 0.462892 0.398437 0.464845 0.396483 0.466799 0.396483 0.468748 0.394534 0.470702 0.394534 0.490236 0.396483 0.49219 0.396483 0.494138 0.398437 0.496092 0.398437 0.498046 0.400392 0.498046 0.402341 0.5 0.404296 0.5 0.40625 0.501954 0.408205 0.501954 0.410154 0.503908 0.417967 0.503908 0.419921 0.505857 0.421876 0.503908 0.429689 0.503908 0.431638 0.501954 0.435547 0.501954 0.437502 0.5 0.441406 0.5 0.447264 0.494138 0.447264 0.490236 0.449218 0.488282 0.449218 0.478518 0.447264 0.476564 0.447264 0.468748 0.445315 0.466799 0.445315 0.464845 0.44336 0.462892 0.44336 0.460938 0.433593 0.451173 0.414063 0.451173
1 0.101564 0.246095 0.099609 0.248044 0.093751 0.248044 0.091796 0.249998 0.085938 0.249998 0.083983 0.251952 0.08008 0.251952 0.078125 0.253906 0.072267 0.253906 0.070312 0.25586 0.064454 0.25586 0.062499 0.257814 0.056641 0.257814 0.058596 0.259768 0.058596 0.261717 0.060545 0.26367 0.060545 0.265624 0.062499 0.267578 0.062499 0.269532 0.064454 0.271486 0.066409 0.269532 0.070312 0.269532 0.072267 0.267578 0.078125 0.267578 0.08008 0.265624 0.083983 0.265624 0.085938 0.26367 0.091796 0.26367 0.093751 0.261717 0.097655 0.261717 0.099609 0.259768 0.105467 0.259768 0.105467 0.257814 0.103518 0.25586 0.103518 0.249998 0.101564 0.248044
0 0.646484 0.763669 0.64453 0.765623 0.638672 0.765623 0.638672 0.767577 0.634768 0.771485 0.636717 0.773439 0.638672 0.773439 0.642581 0.777342 0.669923 0.777342 0.673827 0.773439 0.673827 0.771485 0.675781 0.769531 0.673827 0.767577 0.671872 0.767577 0.667969 0.763669
0 0.906248 0.667969 0.904299 0.669923 0.904299 0.671877 0.902345 0.673826 0.902345 0.677734 0.904299 0.677734 0.906248 0.679688 0.908203 0.679688 0.910158 0.681641 0.931642 0.681641 0.931642 0.679688 0.933596 0.677734 0.933596 0.671877 0.929687 0.667969
0 0.564452 0.115235 0.564452 0.121092 0.566406 0.123046 0.578123 0.123046 0.582032 0.119143 0.582032 0.115235
0 0.716795 0.179688 0.714846 0.181642 0.714846 0.185545 0.716795 0.185545 0.71875 0.187499 0.734376 0.187499 0.734376 0.179688
0 0.173829 0.933592 0.171874 0.935546 0.166016 0.935546 0.164061 0.9375 0.156249 0.9375 0.156249 0.939454 0.162107 0.945311 0.164061 0.943362 0.171874 0.943362 0.173829 0.941408 0.177733 0.941408 0.179687 0.939454 0.179687 0.935546 0.175784 0.935546
0 0.021486 0.494138 0.019531 0.496092 0.019531 0.501954 0.021486 0.503908 0.021486 0.505857 0.02344 0.507811 0.02344 0.509765 0.025389 0.511719 0.025389 0.513673 0.029299 0.513673 0.031248 0.515626 0.033202 0.515626 0.033202 0.507811 0.031248 0.505857 0.031248 0.503908 0.029299 0.501954 0.029299 0.5 0.027344 0.498046 0.027344 0.496092 0.025389 0.496092 0.02344 0.494138
8 0.414063 0.398438 0.410154 0.402346 0.408205 0.402346 0.40625 0.404295 0.404296 0.404295 0.402341 0.406249 0.398437 0.406249 0.398437 0.412111 0.396483 0.414064 0.396483 0.431639 0.398437 0.433593 0.398437 0.439455 0.408205 0.449219 0.410154 0.449219 0.412109 0.447265 0.414063 0.449219 0.433593 0.449219 0.435547 0.447265 0.437502 0.447265 0.441406 0.443358 0.44336 0.443358 0.44336 0.441404 0.445315 0.439455 0.445315 0.437501 0.447264 0.435547 0.447264 0.431639 0.449218 0.429685 0.449218 0.423829 0.447264 0.421875 0.447264 0.416013 0.445315 0.414064 0.445315 0.412111 0.437502 0.404295 0.437502 0.402346 0.435547 0.400392 0.429689 0.400392 0.427734 0.398438
0 0.466799 0.123046 0.466799 0.126954 0.464844 0.128907 0.464844 0.138672 0.466799 0.140626 0.466799 0.14258 0.470703 0.14258 0.470703 0.13281 0.472657 0.130862 0.472657 0.125 0.470703 0.123046
0 0.765627 0.148436 0.763673 0.15039 0.763673 0.154298 0.767576 0.158201 0.787111 0.158201 0.78906 0.156252 0.792969 0.156252 0.792969 0.15039 0.791015 0.148436
0 0.326172 0.628906 0.324218 0.630861 0.322263 0.630861 0.322263 0.632814 0.320314 0.634763 0.320314 0.660159 0.324218 0.664061 0.328127 0.664061 0.330076 0.662107 0.330076 0.634763 0.328127 0.632814 0.328127 0.630861
0 0.798828 0.148436 0.798828 0.15039 0.794924 0.154298 0.798828 0.158201 0.818357 0.158201 0.820312 0.156252 0.822266 0.156252 0.822266 0.154298 0.824221 0.152344 0.820312 0.148436
0 0.121093 0.714842 0.119139 0.716796 0.115235 0.716796 0.11328 0.71875 0.109377 0.71875 0.107422 0.720704 0.103518 0.720704 0.101564 0.722658 0.097655 0.722658 0.095705 0.724612 0.091796 0.724612 0.089842 0.726561 0.085938 0.726561 0.08008 0.732422 0.082029 0.732422 0.083983 0.734376 0.083983 0.73633 0.087893 0.73633 0.089842 0.738279 0.091796 0.73633 0.095705 0.73633 0.097655 0.734376 0.099609 0.734376 0.101564 0.732422 0.105467 0.732422 0.107422 0.730469 0.111326 0.730469 0.11328 0.728514 0.115235 0.728514 0.11719 0.726561 0.121093 0.726561 0.123048 0.724612 0.125002 0.724612 0.126951 0.722658 0.128906 0.722658 0.128906 0.720704 0.126951 0.71875 0.126951 0.716796 0.123048 0.716796
0 0 0.511719 0 0.519529 0 0.521483 0 0.523437 0 0.525391 0 0.527345 0 0.529299 0 0.531253 0 0.535155 0.001951 0.531253 0.001951 0.527345 0.000002 0.525391 0.000002 0.523437 0 0.521483 0 0.519529 0 0.51758 0 0.515626 0 0.513673 0 0.511719