0 0.365235 0.587887 0.361327 0.591796 0.359373 0.591796 0.359373 0.599605 0.361327 0.60156 0.361327 0.603514 0.363281 0.605469 0.363281 0.607423 0.365235 0.609378 0.365235 0.611332 0.367189 0.613277 0.367189 0.615232 0.369143 0.617187 0.369143 0.619141 0.375006 0.624996 0.3789 0.621096 0.380854 0.621096 0.380854 0.619141 0.382808 0.617187 0.382808 0.615232 0.380854 0.613277 0.380854 0.611332 0.3789 0.609378 0.3789 0.607423 0.37696 0.605469 0.37696 0.603514 0.375006 0.60156 0.375006 0.599605 0.373052 0.597661 0.373052 0.595706 0.371097 0.59375 0.371097 0.591796 0.369143 0.589842 0.367189 0.589842
0 0.703127 0.142575 0.701173 0.144529 0.693357 0.144529 0.691402 0.146484 0.6836 0.146484 0.681646 0.148439 0.67383 0.148439 0.67383 0.150393 0.671875 0.152348 0.671875 0.154293 0.669921 0.156247 0.671875 0.158202 0.671875 0.160157 0.677738 0.166011 0.679692 0.164066 0.687494 0.164066 0.689448 0.162111 0.695311 0.162111 0.697265 0.160157 0.705081 0.160157 0.707035 0.158202 0.707035 0.156247 0.70899 0.154293 0.70899 0.152348 0.707035 0.150393 0.707035 0.146484
0 0.439449 0.250001 0.437495 0.251956 0.425784 0.251956 0.42383 0.25391 0.410151 0.25391 0.406243 0.25781 0.406243 0.263674 0.408197 0.265628 0.408197 0.267583 0.410151 0.269527 0.412106 0.267583 0.445311 0.267583 0.44922 0.263674 0.44922 0.261719 0.451174 0.259765 0.451174 0.25781 0.44922 0.255855 0.44922 0.25391 0.445311 0.250001
0 0.986332 0.330082 0.982424 0.333981 0.982424 0.335936 0.974607 0.343754 0.974607 0.345699 0.964837 0.355473 0.964837 0.357418 0.960943 0.361327 0.962897 0.363281 0.962897 0.365236 0.964837 0.36719 0.964837 0.369145 0.966791 0.371089 0.968745 0.371089 0.970699 0.373044 0.972653 0.373044 0.974607 0.374999 0.978516 0.371089 0.98047 0.371089 0.984378 0.36719 0.984378 0.365236 0.994134 0.355473 0.994134 0.353518 0.998043 0.349609 0.998043 0.347654 0.999997 0.345699 0.999997 0.343754 1 0.3418 1 0.339845 0.999997 0.33789 0.999997 0.335936 0.998043 0.333981 0.998043 0.332026 0.996089 0.330082
0 0.609372 0.019531 0.607418 0.021486 0.605464 0.021486 0.603509 0.023441 0.601555 0.023441 0.599616 0.025395 0.595707 0.025395 0.593753 0.02734 0.591799 0.02734 0.589845 0.029294 0.587891 0.029294 0.585937 0.03125 0.582028 0.03125 0.580074 0.033204 0.580074 0.037114 0.582028 0.039058 0.582028 0.041013 0.587891 0.046876 0.589845 0.044921 0.593753 0.044921 0.595707 0.042967 0.599616 0.042967 0.601555 0.041013 0.605464 0.041013 0.607418 0.039058 0.611326 0.039058 0.61328 0.037114 0.617188 0.037114 0.617188 0.035159 0.619143 0.033204 0.619143 0.03125 0.621097 0.029294 0.621097 0.02734 0.619143 0.025395 0.619143 0.023441 0.617188 0.021486 0.611326 0.021486
0 0.638669 0.054685 0.636715 0.05664 0.632807 0.05664 0.630853 0.058594 0.625005 0.058594 0.623051 0.060549 0.619143 0.060549 0.617188 0.062504 0.611326 0.062504 0.611326 0.064449 0.609372 0.066403 0.609372 0.070312 0.611326 0.072267 0.611326 0.076177 0.61328 0.076177 0.617188 0.080076 0.619143 0.078121 0.623051 0.078121 0.625005 0.076177 0.628913 0.076177 0.630853 0.074222 0.634761 0.074222 0.636715 0.072267 0.640624 0.072267 0.640624 0.070312 0.642578 0.068358 0.642578 0.066403 0.644532 0.064449 0.644532 0.062504 0.642578 0.060549 0.642578 0.058594
0 0.472654 0.285155 0.470701 0.287109 0.457036 0.287109 0.455081 0.289064 0.441403 0.289064 0.439449 0.291019 0.439449 0.292973 0.437495 0.294918 0.437495 0.300782 0.439449 0.302737 0.439449 0.304691 0.441403 0.306636 0.443357 0.304691 0.468747 0.304691 0.470701 0.302737 0.474608 0.302737 0.474608 0.300782 0.476562 0.298827 0.476562 0.289064
0 0.925783 0 0.923829 0 0.916012 0 0.914058 0 0.904302 0 0.902348 0 0.894531 0 0.894531 0 0.892577 0 0.892577 0 0.890623 0 0.890623 0 0.892577 0 0.892577 0 0.896485 0 0.896485 0.000004 0.898439 0.001949 0.900393 0.000004 0.906256 0.000004 0.90821 0 0.914058 0 0.916012 0 0.923829 0 0.925783 0 0.931645 0 0.931645 0 0.933599 0 0.933599 0 0.935554 0 0.935554 0 0.933599 0 0.933599 0 0.931645 0 0.929691 0 0.927737 0
0 0.533204 0.072267 0.53125 0.074222 0.529295 0.074222 0.527341 0.076177 0.525387 0.076177 0.525387 0.078121 0.523433 0.080076 0.523433 0.082031 0.521479 0.083985 0.521479 0.085939 0.519525 0.087894 0.519525 0.089839 0.517585 0.091794 0.517585 0.093749 0.515631 0.095703 0.515631 0.097658 0.513677 0.099612 0.513677 0.101567 0.515631 0.103512 0.515631 0.105466 0.517585 0.107421 0.517585 0.109376 0.519525 0.109376 0.521479 0.11133 0.523433 0.11133 0.525387 0.113285 0.527341 0.11133 0.529295 0.11133 0.53125 0.109376 0.53125 0.107421 0.533204 0.105466 0.533204 0.103512 0.535158 0.101567 0.535158 0.099612 0.537112 0.097658 0.537112 0.095703 0.539066 0.093749 0.539066 0.091794 0.54102 0.089839 0.54102 0.087894 0.542974 0.085939 0.542974 0.083985 0.54102 0.082031 0.54102 0.080076 0.539066 0.078121 0.539066 0.076177 0.537112 0.076177
0 0.484379 0.238283 0.482425 0.240237 0.480471 0.240237 0.478517 0.242192 0.474608 0.242192 0.472654 0.244137 0.470701 0.244137 0.468747 0.246092 0.464838 0.246092 0.462884 0.248046 0.460944 0.248046 0.460944 0.250001 0.45899 0.251956 0.45899 0.25391 0.457036 0.255855 0.457036 0.25781 0.45899 0.259765 0.45899 0.261719 0.462884 0.261719 0.464838 0.263674 0.466793 0.263674 0.468747 0.265628 0.470701 0.263674 0.472654 0.263674 0.474608 0.261719 0.478517 0.261719 0.480471 0.259765 0.482425 0.259765 0.484379 0.25781 0.488287 0.25781 0.490228 0.255855 0.492181 0.255855 0.492181 0.251956 0.494135 0.250001 0.494135 0.244137 0.492181 0.242192 0.492181 0.240237 0.486333 0.240237
1 0.068365 0.14062 0.066411 0.142575 0.058595 0.142575 0.058595 0.144529 0.056641 0.146484 0.056641 0.150393 0.058595 0.152348 0.058595 0.154293 0.064457 0.160157 0.064457 0.162111 0.074213 0.171875 0.074213 0.17383 0.083984 0.183592 0.083984 0.185547 0.087892 0.189456 0.091801 0.189456 0.093755 0.191401 0.095709 0.191401 0.097662 0.193356 0.103511 0.187502 0.103511 0.185547 0.105465 0.183592 0.105465 0.177739 0.101557 0.17383 0.101557 0.171875 0.095709 0.166011 0.095709 0.164066 0.089846 0.158202 0.089846 0.156247 0.083984 0.150393 0.083984 0.148439 0.080076 0.144529 0.078122 0.144529 0.076168 0.142575 0.074213 0.142575 0.072259 0.14062
0 0.765631 0.232419 0.763677 0.234374 0.75586 0.234374 0.753906 0.236328 0.748044 0.236328 0.746089 0.238283 0.738287 0.238283 0.738287 0.240237 0.736333 0.242192 0.736333 0.246092 0.734379 0.248046 0.734379 0.250001 0.736333 0.251956 0.736333 0.25391 0.738287 0.255855 0.744135 0.255855 0.746089 0.25781 0.748044 0.255855 0.751952 0.255855 0.753906 0.25391 0.759768 0.25391 0.761723 0.251956 0.765631 0.251956 0.771479 0.246092 0.771479 0.244137 0.769525 0.242192 0.769525 0.238283 0.767584 0.236328 0.767584 0.234374
0 0.749998 0.373044 0.748044 0.374999 0.742181 0.374999 0.740241 0.376954 0.740241 0.378908 0.738287 0.380863 0.738287 0.382808 0.734379 0.386717 0.734379 0.388672 0.730471 0.392581 0.730471 0.394536 0.728517 0.396481 0.728517 0.398435 0.724608 0.402345 0.724608 0.404299 0.722654 0.406254 0.722654 0.410153 0.724608 0.412107 0.724608 0.416017 0.728517 0.416017 0.730471 0.417972 0.732425 0.417972 0.734379 0.419926 0.742181 0.412107 0.742181 0.410153 0.748044 0.404299 0.748044 0.402345 0.751952 0.398435 0.751952 0.396481 0.753906 0.394536 0.753906 0.392581 0.75586 0.390626 0.75586 0.378908
0 0.591799 0.001949 0.589845 0.003904 0.587891 0.003904 0.585937 0.005858 0.582028 0.005858 0.580074 0.007813 0.57812 0.007813 0.576166 0.009768 0.572272 0.009768 0.570318 0.011723 0.568364 0.011723 0.568364 0.017577 0.56641 0.019531 0.56641 0.023441 0.568364 0.025395 0.568364 0.02734 0.570318 0.029294 0.572272 0.029294 0.576166 0.033204 0.57812 0.03125 0.580074 0.03125 0.582028 0.029294 0.585937 0.029294 0.587891 0.02734 0.589845 0.02734 0.591799 0.025395 0.593753 0.025395 0.595707 0.023441 0.599616 0.023441 0.601555 0.021486 0.603509 0.021486 0.603509 0.017577 0.605464 0.015622 0.605464 0.011723 0.603509 0.009768 0.603509 0.007813 0.601555 0.005858 0.597661 0.005858 0.595707 0.003904 0.593753 0.003904
1 0.003908 0.11133 0.001953 0.113285 0 0.113285 0 0.117184 0 0.117184 0 0.121094 0 0.123048 0 0.126957 0 0.130857 0 0.132812 0.007816 0.142575 0.007816 0.144529 0.017572 0.154293 0.017572 0.156247 0.025389 0.164066 0.025389 0.166011 0.035159 0.175784 0.035159 0.177739 0.039068 0.181638 0.048824 0.181638 0.052732 0.177739 0.054686 0.177739 0.056641 0.175784 0.056641 0.17383 0.058595 0.171875 0.058595 0.16992 0.056641 0.167965 0.056641 0.166011 0.052732 0.162111 0.052732 0.160157 0.044916 0.152348 0.044916 0.150393 0.037113 0.142575 0.037113 0.14062 0.029297 0.132812 0.029297 0.130857 0.023435 0.125003 0.02148 0.125003 0.017572 0.121094 0.015618 0.121094 0.00977 0.11523 0.007816 0.11523
0 0.542974 0.152348 0.54102 0.154293 0.539066 0.154293 0.537112 0.156247 0.535158 0.156247 0.535158 0.158202 0.533204 0.160157 0.533204 0.162111 0.53125 0.164066 0.53125 0.167965 0.529295 0.16992 0.529295 0.171875 0.527341 0.17383 0.527341 0.175784 0.525387 0.177739 0.525387 0.179684 0.527341 0.181638 0.527341 0.183592 0.529295 0.185547 0.53125 0.185547 0.533204 0.187502 0.535158 0.185547 0.537112 0.185547 0.539066 0.183592 0.54102 0.183592 0.542974 0.181638 0.542974 0.179684 0.548822 0.17383 0.548822 0.171875 0.552731 0.167965 0.552731 0.158202 0.550776 0.158202 0.546868 0.154293 0.544929 0.154293
0 0.253907 0.171875 0.253907 0.17383 0.251953 0.175784 0.251953 0.177739 0.249999 0.179684 0.249999 0.181638 0.248044 0.183592 0.248044 0.185547 0.24609 0.187502 0.24609 0.189456 0.244136 0.191401 0.244136 0.193356 0.242182 0.195311 0.242182 0.197265 0.240228 0.19922 0.240228 0.201174 0.238288 0.203129 0.238288 0.205074 0.240228 0.207029 0.240228 0.208983 0.244136 0.212893 0.244136 0.214847 0.24609 0.216802 0.24609 0.218747 0.249999 0.222656 0.249999 0.22461 0.251953 0.226565 0.251953 0.22461 0.253907 0.222656 0.253907 0.220701 0.255861 0.218747 0.255861 0.216802 0.257815 0.214847 0.257815 0.212893 0.259769 0.210938 0.259769 0.208983 0.261724 0.207029 0.261724 0.205074 0.263677 0.203129 0.263677 0.201174 0.265632 0.19922 0.265632 0.197265 0.269526 0.193356 0.269526 0.191401 0.27148 0.189456 0.27148 0.179684 0.269526 0.177739 0.269526 0.175784 0.265632 0.171875
0 0.999997 0.007813 0.998043 0.009768 0.994134 0.009768 0.992195 0.011723 0.988286 0.011723 0.986332 0.013667 0.982424 0.013667 0.98047 0.015622 0.976562 0.015622 0.974607 0.017577 0.970699 0.017577 0.970699 0.019531 0.968745 0.021486 0.968745 0.023441 0.966791 0.025395 0.966791 0.02734 0.968745 0.029294 0.968745 0.033204 0.970699 0.035159 0.970699 0.037114 0.98047 0.037114 0.982424 0.035159 0.984378 0.035159 0.986332 0.033204 0.988286 0.033204 0.990241 0.03125 0.992195 0.03125 0.996089 0.02734 0.998043 0.02734 0.999997 0.025395 1 0.025395 1 0.023441 1 0.023441 1 0.021486 1 0.019531 1 0.017577 1 0.015622 1 0.013667 1 0.011723 1 0.009768 1 0.009768
0 0.779295 0.255855 0.777341 0.25781 0.765631 0.25781 0.763677 0.259765 0.751952 0.259765 0.751952 0.261719 0.749998 0.263674 0.749998 0.265628 0.748044 0.267583 0.748044 0.269527 0.749998 0.271482 0.749998 0.273437 0.751952 0.275392 0.751952 0.277346 0.753906 0.275392 0.765631 0.275392 0.767584 0.273437 0.779295 0.273437 0.779295 0.271482 0.78125 0.269527 0.78125 0.267583 0.783204 0.265628 0.783204 0.25781 0.78125 0.25781
1 0.27148 0.398435 0.267571 0.402345 0.267571 0.412107 0.269526 0.414062 0.269526 0.416017 0.27148 0.417972 0.27148 0.419926 0.273434 0.421871 0.273434 0.423825 0.277342 0.427735 0.277342 0.429689 0.279296 0.431644 0.279296 0.433589 0.283205 0.437498 0.283205 0.439453 0.285159 0.441408 0.285159 0.443362 0.287113 0.445317 0.287113 0.447262 0.291021 0.451171 0.292975 0.451171 0.296869 0.45508 0.300777 0.45508 0.304686 0.451171 0.30664 0.451171 0.30664 0.449216 0.308594 0.447262 0.308594 0.443362 0.30664 0.441408 0.30664 0.439453 0.304686 0.437498 0.304686 0.435544 0.300777 0.431644 0.300777 0.429689 0.298823 0.427735 0.298823 0.42578 0.294915 0.421871 0.294915 0.419926 0.291021 0.416017 0.291021 0.414062 0.289067 0.412107 0.289067 0.410153 0.285159 0.406254 0.285159 0.404299 0.283205 0.402345 0.28125 0.402345 0.277342 0.398435
0 0.773433 0.162111 0.771479 0.164066 0.767584 0.164066 0.765631 0.166011 0.761723 0.166011 0.759768 0.167965 0.75586 0.167965 0.753906 0.16992 0.749998 0.16992 0.748044 0.171875 0.748044 0.17383 0.746089 0.175784 0.746089 0.177739 0.744135 0.179684 0.744135 0.181638 0.746089 0.183592 0.746089 0.187502 0.748044 0.187502 0.749998 0.189456 0.751952 0.189456 0.753906 0.191401 0.75586 0.189456 0.757814 0.189456 0.759768 0.187502 0.763677 0.187502 0.765631 0.185547 0.767584 0.185547 0.769525 0.183592 0.773433 0.183592 0.775387 0.181638 0.777341 0.181638 0.779295 0.179684 0.779295 0.177739 0.783204 0.17383 0.783204 0.16992 0.78125 0.167965 0.78125 0.164066 0.775387 0.164066
0 0.832027 0.830074 0.828119 0.833983 0.826166 0.833983 0.822271 0.837893 0.820317 0.837893 0.816409 0.841793 0.814455 0.841793 0.8125 0.843747 0.8125 0.845702 0.814455 0.847656 0.814455 0.851566 0.816409 0.85352 0.816409 0.855465 0.818363 0.85352 0.820317 0.85352 0.822271 0.851566 0.824225 0.851566 0.826166 0.849611 0.828119 0.849611 0.830073 0.847656 0.833982 0.847656 0.835936 0.845702 0.83789 0.845702 0.839844 0.843747 0.841798 0.843747 0.839844 0.841793 0.839844 0.839848 0.833982 0.833983 0.833982 0.832029
0 0.35351 0.130857 0.351556 0.132812 0.335937 0.132812 0.333983 0.134767 0.318365 0.134767 0.318365 0.136721 0.31641 0.138675 0.31641 0.14062 0.314456 0.142575 0.314456 0.148439 0.31641 0.150393 0.318365 0.150393 0.322273 0.154293 0.324213 0.152348 0.337892 0.152348 0.339846 0.150393 0.35351 0.150393 0.357419 0.146484 0.359373 0.146484 0.361327 0.144529 0.361327 0.136721 0.359373 0.134767 0.357419 0.134767
0 0.814455 0.304691 0.8125 0.306636 0.806639 0.306636 0.804685 0.308591 0.798822 0.308591 0.796882 0.310545 0.789065 0.310545 0.787111 0.3125 0.78125 0.3125 0.78125 0.31641 0.779295 0.318364 0.779295 0.322263 0.78125 0.324218 0.78125 0.326172 0.787111 0.332026 0.789065 0.330082 0.794928 0.330082 0.796882 0.328127 0.802731 0.328127 0.804685 0.326172 0.8125 0.326172 0.814455 0.324218 0.820317 0.324218 0.820317 0.322263 0.822271 0.320309 0.822271 0.318364 0.824225 0.31641 0.822271 0.314455 0.822271 0.3125 0.820317 0.310545 0.820317 0.308591 0.818363 0.308591
0 0.576166 0 0.574212 0 0.570318 0 0.568364 0 0.56641 0 0.564456 0 0.560547 0 0.558593 0 0.556639 0 0.554685 0 0.550776 0 0.550776 0.001949 0.552731 0.003904 0.552731 0.005858 0.554685 0.005858 0.558593 0.009768 0.560547 0.007813 0.562501 0.007813 0.564456 0.005858 0.56641 0.005858 0.568364 0.003904 0.570318 0.003904 0.572272 0.001949 0.576166 0.001949 0.57812 0.000004 0.580074 0.000004 0.582028 0 0.583982 0 0.585937 0 0.585937 0 0.587891 0 0.585937 0 0.585937 0 0.583982 0 0.583982 0 0.582028 0 0.580074 0 0.57812 0
0 0.35351 0.298827 0.351556 0.300782 0.347662 0.300782 0.347662 0.302737 0.345708 0.304691 0.345708 0.308591 0.343754 0.310545 0.343754 0.314455 0.3418 0.31641 0.3418 0.320309 0.339846 0.322263 0.339846 0.326172 0.337892 0.328127 0.337892 0.333981 0.335937 0.335936 0.335937 0.339845 0.337892 0.3418 0.339846 0.3418 0.343754 0.345699 0.351556 0.345699 0.35351 0.343754 0.35351 0.3418 0.355464 0.339845 0.355464 0.33789 0.357419 0.335936 0.357419 0.332026 0.359373 0.330082 0.359373 0.324218 0.361327 0.322263 0.361327 0.318364 0.363281 0.31641 0.363281 0.3125 0.365235 0.310545 0.365235 0.302737 0.363281 0.302737 0.361327 0.300782 0.355464 0.300782
0 0.439449 0.02734 0.437495 0.029294 0.4336 0.029294 0.4336 0.03125 0.431646 0.033204 0.431646 0.035159 0.429693 0.037114 0.429693 0.039058 0.427739 0.041013 0.427739 0.042967 0.425784 0.044921 0.425784 0.046876 0.42383 0.048831 0.42383 0.050786 0.421876 0.052731 0.421876 0.05664 0.42383 0.058594 0.42383 0.062504 0.429693 0.062504 0.431646 0.064449 0.4336 0.062504 0.435541 0.062504 0.437495 0.060549 0.441403 0.060549 0.441403 0.058594 0.443357 0.05664 0.443357 0.052731 0.445311 0.050786 0.445311 0.048831 0.447266 0.046876 0.447266 0.042967 0.44922 0.041013 0.44922 0.029294 0.441403 0.029294
0 0.08203 0 0.078122 0 0.076168 0 0.076168 0 0.074213 0 0.074213 0.000004 0.072259 0.001949 0.072259 0.007813 0.070319 0.009768 0.070319 0.017577 0.072259 0.019531 0.072259 0.023441 0.080076 0.023441 0.08203 0.025395 0.089846 0.017577 0.089846 0.013667 0.091801 0.011723 0.091801 0.001949 0.093755 0.000004 0.093755 0 0.091801 0 0.091801 0 0.089846 0 0.089846 0 0.083984 0
0 0.466793 0.218747 0.464838 0.220701 0.457036 0.220701 0.455081 0.222656 0.445311 0.222656 0.445311 0.228519 0.443357 0.230464 0.443357 0.236328 0.445311 0.238283 0.445311 0.242192 0.453127 0.242192 0.455081 0.244137 0.457036 0.242192 0.472654 0.242192 0.474608 0.240237 0.476562 0.240237 0.476562 0.238283 0.478517 0.236328 0.478517 0.234374 0.480471 0.232419 0.480471 0.230464 0.478517 0.228519 0.478517 0.226565 0.476562 0.22461 0.476562 0.222656 0.472654 0.222656 0.470701 0.220701 0.468747 0.220701
1 0.322273 0.48438 0.320319 0.486325 0.314456 0.486325 0.314456 0.490234 0.312502 0.492189 0.312502 0.496098 0.314456 0.498043 0.314456 0.499998 0.31641 0.501952 0.31641 0.503907 0.318365 0.505861 0.318365 0.507816 0.320319 0.50977 0.320319 0.511715 0.322273 0.51367 0.322273 0.515625 0.324213 0.517579 0.324213 0.519534 0.326167 0.521488 0.326167 0.523433 0.328121 0.525388 0.328121 0.529297 0.330075 0.531252 0.330075 0.533206 0.332029 0.535161 0.332029 0.537106 0.333983 0.539061 0.333983 0.541015 0.335937 0.54297 0.335937 0.544925 0.337892 0.546879 0.337892 0.548824 0.339846 0.550778 0.339846 0.552733 0.3418 0.554688 0.3418 0.556643 0.343754 0.558597 0.343754 0.560552 0.355464 0.560552 0.357419 0.562496 0.361327 0.558597 0.363281 0.558597 0.363281 0.556643 0.365235 0.554688 0.365235 0.550778 0.363281 0.548824 0.363281 0.546879 0.361327 0.544925 0.361327 0.54297 0.359373 0.541015 0.359373 0.539061 0.357419 0.537106 0.357419 0.535161 0.355464 0.533206 0.355464 0.531252 0.35351 0.529297 0.35351 0.527342 0.349616 0.523433 0.349616 0.521488 0.347662 0.519534 0.347662 0.517579 0.345708 0.515625 0.345708 0.51367 0.343754 0.511715 0.343754 0.50977 0.3418 0.507816 0.3418 0.505861 0.339846 0.503907 0.339846 0.501952 0.333983 0.496098 0.333983 0.494143 0.326167 0.486325 0.324213 0.486325
0 0.511723 0.531252 0.509768 0.533206 0.50586 0.533206 0.503906 0.535161 0.503906 0.537106 0.499998 0.541015 0.499998 0.54297 0.494135 0.548824 0.494135 0.550778 0.490228 0.554688 0.490228 0.556643 0.488287 0.558597 0.488287 0.564451 0.490228 0.566405 0.490228 0.56836 0.494135 0.56836 0.496089 0.570315 0.501952 0.570315 0.503906 0.56836 0.503906 0.566405 0.509768 0.560552 0.509768 0.558597 0.515631 0.552733 0.515631 0.550778 0.519525 0.546879 0.519525 0.541015 0.517585 0.539061 0.517585 0.537106 0.515631 0.535161 0.515631 0.533206 0.513677 0.533206
0 0.406243 0.132812 0.404303 0.134767 0.400395 0.134767 0.398441 0.136721 0.392579 0.136721 0.390624 0.138675 0.386716 0.138675 0.384762 0.14062 0.3789 0.14062 0.3789 0.150393 0.380854 0.152348 0.380854 0.154293 0.386716 0.160157 0.38867 0.158202 0.394533 0.158202 0.396487 0.156247 0.402349 0.156247 0.404303 0.154293 0.410151 0.154293 0.412106 0.152348 0.412106 0.150393 0.416014 0.146484 0.416014 0.144529 0.41406 0.142575 0.41406 0.14062 0.412106 0.138675 0.412106 0.136721 0.410151 0.136721
0 0.453127 0.267583 0.451174 0.269527 0.419922 0.269527 0.419922 0.271482 0.417968 0.273437 0.417968 0.275392 0.416014 0.277346 0.416014 0.281245 0.417968 0.2832 0.417968 0.285155 0.421876 0.289064 0.42383 0.287109 0.437495 0.287109 0.439449 0.285155 0.453127 0.285155 0.455081 0.2832 0.45899 0.2832 0.45899 0.281245 0.460944 0.279301 0.460944 0.273437 0.45899 0.271482 0.45899 0.269527 0.455081 0.269527
0 0.642578 0 0.640624 0 0.638669 0 0.636715 0 0.632807 0 0.630853 0 0.628913 0 0.626959 0 0.623051 0 0.621097 0 0.619143 0 0.619143 0.000004 0.617188 0.001949 0.617188 0.005858 0.619143 0.007813 0.619143 0.009768 0.621097 0.011723 0.621097 0.013667 0.623051 0.013667 0.625005 0.015622 0.626959 0.015622 0.628913 0.017577 0.630853 0.015622 0.632807 0.015622 0.634761 0.013667 0.636715 0.013667 0.638669 0.011723 0.640624 0.011723 0.642578 0.009768 0.646486 0.009768 0.64844 0.007813 0.650394 0.007813 0.652348 0.005858 0.654303 0.005858 0.654303 0.001949 0.656257 0.000004 0.656257 0 0.652348 0 0.652348 0 0.650394 0 0.644532 0
0 0.757814 0.398435 0.75586 0.40039 0.751952 0.40039 0.749998 0.402345 0.749998 0.404299 0.744135 0.410153 0.744135 0.412107 0.738287 0.417972 0.738287 0.419926 0.736333 0.421871 0.736333 0.433589 0.738287 0.433589 0.742181 0.437498 0.749998 0.437498 0.751952 0.435544 0.751952 0.433589 0.753906 0.431644 0.753906 0.429689 0.757814 0.42578 0.757814 0.423825 0.761723 0.419926 0.761723 0.417972 0.763677 0.416017 0.763677 0.414062 0.765631 0.412107 0.765631 0.402345 0.763677 0.402345 0.761723 0.40039 0.759768 0.40039
0 0.425784 0.230464 0.42383 0.232419 0.392579 0.232419 0.392579 0.236328 0.390624 0.238283 0.390624 0.242192 0.392579 0.244137 0.392579 0.246092 0.398441 0.251956 0.400395 0.250001 0.41406 0.250001 0.416014 0.248046 0.431646 0.248046 0.4336 0.246092 0.4336 0.244137 0.435541 0.242192 0.435541 0.236328 0.431646 0.232419 0.427739 0.232419
1 0.249999 0.416017 0.248044 0.417972 0.240228 0.417972 0.238288 0.419926 0.238288 0.421871 0.236334 0.423825 0.238288 0.42578 0.238288 0.427735 0.240228 0.429689 0.240228 0.431644 0.242182 0.433589 0.242182 0.435544 0.244136 0.437498 0.244136 0.439453 0.24609 0.441408 0.24609 0.443362 0.249999 0.447262 0.249999 0.449216 0.251953 0.451171 0.251953 0.453125 0.253907 0.45508 0.253907 0.457035 0.255861 0.45898 0.255861 0.460934 0.259769 0.464843 0.259769 0.466798 0.261724 0.468752 0.261724 0.470707 0.263677 0.472652 0.263677 0.474607 0.265632 0.476561 0.265632 0.478516 0.267571 0.480471 0.267571 0.482425 0.275388 0.482425 0.277342 0.480471 0.279296 0.480471 0.28125 0.478516 0.285159 0.478516 0.285159 0.476561 0.287113 0.474607 0.287113 0.466798 0.285159 0.464843 0.285159 0.462889 0.283205 0.460934 0.283205 0.45898 0.28125 0.457035 0.28125 0.45508 0.279296 0.453125 0.279296 0.451171 0.277342 0.449216 0.277342 0.447262 0.275388 0.445317 0.275388 0.443362 0.273434 0.441408 0.273434 0.439453 0.27148 0.437498 0.27148 0.435544 0.269526 0.433589 0.269526 0.431644 0.267571 0.429689 0.267571 0.427735 0.265632 0.42578 0.265632 0.423825 0.263677 0.421871 0.261724 0.421871 0.257815 0.417972 0.251953 0.417972
0 0.208991 0.117184 0.205082 0.121094 0.205082 0.123048 0.203128 0.125003 0.203128 0.126957 0.201174 0.128902 0.201174 0.130857 0.19922 0.132812 0.19922 0.134767 0.197266 0.136721 0.197266 0.138675 0.195312 0.14062 0.195312 0.142575 0.193357 0.144529 0.191403 0.144529 0.191403 0.148439 0.193357 0.150393 0.193357 0.154293 0.197266 0.154293 0.19922 0.156247 0.205082 0.156247 0.207036 0.154293 0.208991 0.154293 0.208991 0.152348 0.21093 0.150393 0.21093 0.144529 0.212884 0.142575 0.212884 0.136721 0.214839 0.134767 0.214839 0.128902 0.216793 0.126957 0.216793 0.125003 0.214839 0.123048 0.214839 0.121094 0.212884 0.121094
0 0.695311 0.380863 0.693357 0.382808 0.691402 0.382808 0.689448 0.384762 0.687494 0.384762 0.68554 0.386717 0.68554 0.388672 0.681646 0.392581 0.681646 0.394536 0.675784 0.40039 0.675784 0.402345 0.67383 0.404299 0.67383 0.408198 0.675784 0.410153 0.675784 0.416017 0.677738 0.417972 0.677738 0.419926 0.679692 0.421871 0.681646 0.419926 0.687494 0.419926 0.689448 0.417972 0.689448 0.416017 0.695311 0.410153 0.695311 0.408198 0.701173 0.402345 0.701173 0.40039 0.703127 0.398435 0.703127 0.388672 0.701173 0.386717 0.701173 0.384762 0.699219 0.382808 0.697265 0.382808
0 0.609372 0.242192 0.607418 0.244137 0.605464 0.244137 0.603509 0.246092 0.599616 0.246092 0.599616 0.248046 0.597661 0.250001 0.597661 0.251956 0.595707 0.25391 0.595707 0.255855 0.593753 0.25781 0.593753 0.259765 0.591799 0.261719 0.591799 0.263674 0.589845 0.265628 0.589845 0.267583 0.587891 0.269527 0.587891 0.273437 0.589845 0.275392 0.589845 0.277346 0.591799 0.279301 0.591799 0.281245 0.597661 0.281245 0.599616 0.2832 0.601555 0.281245 0.607418 0.281245 0.607418 0.279301 0.609372 0.277346 0.609372 0.275392 0.611326 0.273437 0.611326 0.271482 0.61328 0.269527 0.61328 0.267583 0.615234 0.265628 0.615234 0.263674 0.617188 0.261719 0.617188 0.259765 0.619143 0.25781 0.619143 0.255855 0.617188 0.25391 0.617188 0.251956 0.615234 0.250001 0.615234 0.248046
0 0.554685 0.101567 0.552731 0.103512 0.552731 0.105466 0.550776 0.107421 0.550776 0.109376 0.548822 0.11133 0.548822 0.113285 0.546868 0.11523 0.546868 0.117184 0.544929 0.119139 0.544929 0.121094 0.542974 0.123048 0.542974 0.125003 0.54102 0.126957 0.54102 0.128902 0.539066 0.130857 0.539066 0.134767 0.54102 0.136721 0.54102 0.14062 0.542974 0.142575 0.544929 0.142575 0.548822 0.146484 0.550776 0.144529 0.556639 0.144529 0.556639 0.142575 0.558593 0.14062 0.558593 0.138675 0.560547 0.136721 0.560547 0.134767 0.562501 0.132812 0.562501 0.130857 0.564456 0.128902 0.564456 0.126957 0.56641 0.125003 0.56641 0.123048 0.568364 0.121094 0.568364 0.119139 0.570318 0.117184 0.570318 0.113285 0.568364 0.11133 0.568364 0.107421 0.562501 0.101567
0 0.189449 0.095703 0.189449 0.097658 0.187495 0.099612 0.187495 0.103512 0.185541 0.105466 0.185541 0.109376 0.183587 0.11133 0.183587 0.113285 0.181647 0.11523 0.181647 0.119139 0.179693 0.121094 0.179693 0.125003 0.177739 0.126957 0.177739 0.132812 0.179693 0.134767 0.179693 0.138675 0.181647 0.14062 0.181647 0.142575 0.187495 0.142575 0.189449 0.144529 0.191403 0.142575 0.193357 0.142575 0.193357 0.14062 0.195312 0.138675 0.195312 0.136721 0.197266 0.134767 0.197266 0.132812 0.19922 0.130857 0.19922 0.128902 0.201174 0.126957 0.201174 0.125003 0.203128 0.123048 0.203128 0.119139 0.205082 0.117184 0.205082 0.113285 0.207036 0.11133 0.207036 0.107421 0.205082 0.105466 0.205082 0.101567 0.203128 0.099612 0.203128 0.097658 0.201174 0.095703
0 0.779295 0.746094 0.775387 0.750003 0.775387 0.751948 0.765631 0.761721 0.765631 0.763676 0.759768 0.76953 0.773433 0.783203 0.775387 0.781248 0.777341 0.781248 0.779295 0.779294 0.78125 0.779294 0.783204 0.777349 0.785158 0.777349 0.789065 0.773439 0.791019 0.773439 0.792974 0.771485 0.794928 0.771485 0.796882 0.76953 0.798822 0.76953 0.798822 0.765621 0.796882 0.763676 0.796882 0.755857 0.794928 0.753903 0.794928 0.750003 0.789065 0.750003 0.787111 0.748048 0.78125 0.748048
0 0.652348 0.242192 0.650394 0.244137 0.650394 0.246092 0.64844 0.248046 0.64844 0.250001 0.644532 0.25391 0.644532 0.255855 0.642578 0.25781 0.642578 0.259765 0.638669 0.263674 0.638669 0.265628 0.636715 0.267583 0.636715 0.269527 0.634761 0.271482 0.636715 0.273437 0.636715 0.275392 0.638669 0.277346 0.640624 0.277346 0.642578 0.279301 0.644532 0.279301 0.646486 0.281245 0.64844 0.279301 0.652348 0.279301 0.654303 0.277346 0.654303 0.275392 0.656257 0.273437 0.656257 0.271482 0.658196 0.269527 0.658196 0.267583 0.660151 0.265628 0.660151 0.263674 0.662105 0.261719 0.662105 0.259765 0.664059 0.25781 0.664059 0.255855 0.666013 0.25391 0.666013 0.246092 0.664059 0.246092 0.660151 0.242192
0 0.697265 0.054685 0.695311 0.05664 0.691402 0.05664 0.689448 0.058594 0.6836 0.058594 0.681646 0.060549 0.677738 0.060549 0.675784 0.062504 0.669921 0.062504 0.669921 0.066403 0.667967 0.068358 0.667967 0.074222 0.669921 0.076177 0.669921 0.080076 0.671875 0.080076 0.67383 0.082031 0.675784 0.082031 0.677738 0.083985 0.679692 0.082031 0.6836 0.082031 0.68554 0.080076 0.689448 0.080076 0.691402 0.078121 0.693357 0.078121 0.695311 0.076177 0.699219 0.076177 0.701173 0.074222 0.705081 0.074222 0.705081 0.070312 0.707035 0.068358 0.707035 0.066403 0.705081 0.064449 0.705081 0.062504 0.703127 0.060549 0.703127 0.058594 0.701173 0.058594
0 0.470701 0.472652 0.468747 0.474607 0.468747 0.476561 0.462884 0.482425 0.462884 0.48438 0.45899 0.488279 0.45899 0.490234 0.453127 0.496098 0.453127 0.498043 0.451174 0.499998 0.451174 0.50977 0.453127 0.511715 0.453127 0.51367 0.460944 0.51367 0.462884 0.511715 0.464838 0.511715 0.468747 0.507816 0.468747 0.505861 0.474608 0.499998 0.474608 0.498043 0.480471 0.492189 0.480471 0.490234 0.484379 0.486325 0.484379 0.48438 0.486333 0.482425 0.486333 0.480471 0.484379 0.478516 0.484379 0.476561 0.482425 0.476561 0.478517 0.472652
0 0.83789 0.345699 0.835936 0.347654 0.826166 0.347654 0.824225 0.349609 0.816409 0.349609 0.814455 0.351563 0.804685 0.351563 0.804685 0.363281 0.806639 0.365236 0.806639 0.36719 0.808592 0.36719 0.810546 0.369145 0.8125 0.36719 0.820317 0.36719 0.822271 0.365236 0.832027 0.365236 0.833982 0.363281 0.841798 0.363281 0.841798 0.361327 0.843752 0.359372 0.843752 0.349609 0.841798 0.349609
0 0.27148 0.193356 0.267571 0.197265 0.267571 0.19922 0.265632 0.201174 0.265632 0.203129 0.263677 0.205074 0.263677 0.207029 0.261724 0.208983 0.261724 0.210938 0.259769 0.212893 0.259769 0.214847 0.257815 0.216802 0.257815 0.218747 0.255861 0.220701 0.255861 0.222656 0.253907 0.22461 0.253907 0.226565 0.255861 0.228519 0.255861 0.232419 0.259769 0.236328 0.265632 0.236328 0.27148 0.230464 0.27148 0.228519 0.273434 0.226565 0.273434 0.222656 0.275388 0.220701 0.275388 0.218747 0.277342 0.216802 0.277342 0.212893 0.279296 0.210938 0.279296 0.201174 0.277342 0.19922 0.277342 0.197265 0.273434 0.193356
0 0.439449 0.414062 0.437495 0.416017 0.435541 0.416017 0.431646 0.419926 0.429693 0.419926 0.427739 0.421871 0.427739 0.423825 0.425784 0.42578 0.425784 0.427735 0.42383 0.429689 0.42383 0.431644 0.419922 0.435544 0.419922 0.437498 0.417968 0.439453 0.417968 0.441408 0.416014 0.443362 0.416014 0.445317 0.417968 0.447262 0.417968 0.451171 0.419922 0.451171 0.42383 0.45508 0.429693 0.45508 0.435541 0.449216 0.435541 0.447262 0.437495 0.445317 0.437495 0.443362 0.439449 0.441408 0.439449 0.439453 0.443357 0.435544 0.443357 0.433589 0.445311 0.431644 0.445311 0.429689 0.447266 0.427735 0.447266 0.42578 0.44922 0.423825 0.44922 0.419926 0.447266 0.417972 0.447266 0.416017 0.441403 0.416017
0 0.369143 0.150393 0.367189 0.152348 0.35351 0.152348 0.351556 0.154293 0.335937 0.154293 0.335937 0.160157 0.333983 0.162111 0.333983 0.166011 0.335937 0.167965 0.335937 0.16992 0.337892 0.171875 0.3418 0.171875 0.343754 0.17383 0.345708 0.171875 0.357419 0.171875 0.359373 0.16992 0.371097 0.16992 0.375006 0.166011 0.375006 0.160157 0.373052 0.158202 0.373052 0.156247 0.371097 0.154293 0.371097 0.152348
0 0.681646 0.2832 0.679692 0.285155 0.679692 0.287109 0.675784 0.291019 0.675784 0.292973 0.671875 0.296873 0.671875 0.298827 0.667967 0.302737 0.667967 0.304691 0.666013 0.306636 0.667967 0.308591 0.667967 0.310545 0.669921 0.3125 0.669921 0.314455 0.67383 0.318364 0.675784 0.31641 0.679692 0.31641 0.687494 0.308591 0.687494 0.306636 0.695311 0.298827 0.695311 0.287109 0.693357 0.287109 0.689448 0.2832
0 0.294915 0.228519 0.292975 0.230464 0.292975 0.232419 0.291021 0.234374 0.291021 0.236328 0.289067 0.238283 0.289067 0.240237 0.285159 0.244137 0.285159 0.246092 0.283205 0.248046 0.283205 0.250001 0.28125 0.251956 0.28125 0.25391 0.279296 0.255855 0.279296 0.265628 0.28125 0.265628 0.283205 0.267583 0.289067 0.267583 0.291021 0.265628 0.291021 0.263674 0.294915 0.259765 0.294915 0.25781 0.296869 0.255855 0.296869 0.25391 0.298823 0.251956 0.298823 0.250001 0.300777 0.248046 0.300777 0.246092 0.302732 0.244137 0.302732 0.242192 0.304686 0.240237 0.304686 0.234374 0.302732 0.232419 0.302732 0.230464 0.300777 0.230464 0.298823 0.228519
0 0.240228 0.150393 0.238288 0.152348 0.236334 0.152348 0.236334 0.154293 0.23438 0.156247 0.23438 0.158202 0.232426 0.160157 0.232426 0.162111 0.230472 0.164066 0.230472 0.166011 0.228518 0.167965 0.228518 0.16992 0.226563 0.171875 0.226563 0.17383 0.224609 0.175784 0.224609 0.177739 0.222655 0.179684 0.222655 0.181638 0.220701 0.183592 0.220701 0.185547 0.236334 0.201174 0.236334 0.19922 0.238288 0.197265 0.238288 0.193356 0.240228 0.191401 0.240228 0.187502 0.242182 0.185547 0.242182 0.183592 0.244136 0.181638 0.244136 0.177739 0.24609 0.175784 0.24609 0.171875 0.248044 0.16992 0.248044 0.164066 0.249999 0.162111 0.249999 0.156247 0.248044 0.154293 0.248044 0.152348 0.24609 0.150393
0 0.839844 0.271482 0.83789 0.273437 0.833982 0.273437 0.832027 0.275392 0.828119 0.275392 0.826166 0.277346 0.820317 0.277346 0.818363 0.279301 0.814455 0.279301 0.814455 0.281245 0.8125 0.2832 0.8125 0.285155 0.810546 0.287109 0.8125 0.289064 0.8125 0.291019 0.814455 0.292973 0.814455 0.294918 0.818363 0.298827 0.820317 0.296873 0.826166 0.296873 0.828119 0.294918 0.832027 0.294918 0.833982 0.292973 0.839844 0.292973 0.841798 0.291019 0.847661 0.291019 0.847661 0.289064 0.849615 0.287109 0.849615 0.285155 0.851569 0.2832 0.851569 0.281245 0.849615 0.279301 0.849615 0.277346 0.847661 0.275392 0.845706 0.275392 0.843752 0.273437 0.841798 0.273437
0 0.37696 0.097658 0.375006 0.099612 0.373052 0.099612 0.371097 0.101567 0.369143 0.101567 0.367189 0.103512 0.363281 0.103512 0.361327 0.105466 0.359373 0.105466 0.357419 0.107421 0.355464 0.107421 0.355464 0.113285 0.35351 0.11523 0.35351 0.119139 0.355464 0.121094 0.355464 0.123048 0.365235 0.123048 0.367189 0.125003 0.369143 0.123048 0.373052 0.123048 0.375006 0.121094 0.37696 0.121094 0.3789 0.119139 0.382808 0.119139 0.384762 0.117184 0.38867 0.117184 0.390624 0.11523 0.390624 0.113285 0.392579 0.11133 0.392579 0.109376 0.394533 0.107421 0.392579 0.105466 0.392579 0.103512 0.390624 0.101567 0.390624 0.099612 0.38867 0.097658
1 0 0.058594 0 0.060549 0 0.060549 0 0.064449 0 0.066403 0 0.070312 0 0.072267 0 0.076177 0.02148 0.107421 0.023435 0.107421 0.029297 0.113285 0.033205 0.109376 0.035159 0.109376 0.037113 0.107421 0.037113 0.105466 0.039068 0.103512 0.039068 0.095703 0.003908 0.060549 0 0.060549
0 0.44922 0 0.447266 0 0.439449 0 0.439449 0 0.437495 0 0.437495 0 0.435541 0 0.435541 0 0.4336 0 0.4336 0 0.431646 0 0.431646 0 0.429693 0 0.429693 0 0.427739 0 0.427739 0 0.429693 0.000004 0.429693 0.003904 0.431646 0.005858 0.431646 0.007813 0.4336 0.009768 0.435541 0.007813 0.441403 0.007813 0.445311 0.003904 0.447266 0.003904 0.447266 0.001949 0.44922 0.000004 0.44922 0 0.451174 0 0.451174 0 0.453127 0 0.453127 0 0.455081 0 0.455081 0 0.457036 0 0.457036 0 0.45899 0 0.45899 0 0.457036 0 0.457036 0 0.451174 0
0 0.068365 0 0.066411 0 0.066411 0 0.062503 0 0.062503 0 0.060549 0 0.060549 0 0.058595 0 0.058595 0 0.056641 0 0.056641 0 0.054686 0 0.054686 0 0.052732 0 0.052732 0.000004 0.054686 0.001949 0.054686 0.005858 0.060549 0.005858 0.062503 0.007813 0.066411 0.003904 0.068365 0.003904 0.068365 0.001949 0.070319 0.000004 0.070319 0 0.072259 0 0.072259 0 0.074213 0 0.074213 0 0.076168 0 0.076168 0 0.078122 0 0.078122 0 0.080076 0 0.080076 0 0.078122 0 0.078122 0 0.076168 0 0.076168 0 0.070319 0