0 0.203124 0.318359 0.189452 0.33203 0.1875 0.33203 0.177735 0.341798 0.177735 0.345704 0.179686 0.347657 0.179686 0.351563 0.181641 0.351563 0.183595 0.353516 0.185546 0.351563 0.1875 0.351563 0.189452 0.34961 0.191406 0.34961 0.197266 0.343751 0.199218 0.343751 0.207032 0.335936 0.208984 0.335936 0.21289 0.33203 0.21289 0.330077 0.210938 0.328124 0.210938 0.324218 0.208984 0.324218
1 0.128906 0.685546 0.126954 0.687499 0.103516 0.687499 0.103516 0.722655 0.101562 0.724608 0.101562 0.792968 0.099608 0.794921 0.099608 0.830077 0.101562 0.828124 0.109374 0.828124 0.111328 0.826171 0.11914 0.826171 0.11914 0.8125 0.121094 0.810548 0.121094 0.785156 0.123046 0.783203 0.123046 0.755858 0.125 0.753905 0.125 0.728517 0.126954 0.726561 0.126954 0.701173 0.128906 0.69922
0 0 0.162111 0 0.166017 0 0.16797 0 0.173828 0 0.193358 0.000001 0.191405 0.005859 0.191405 0.007813 0.189452 0.009767 0.189452 0.009767 0.187499 0.007813 0.185546 0.007813 0.183593 0.005859 0.18164 0.005859 0.179687 0 0.162111
0 0.138672 0.261717 0.138672 0.26367 0.13672 0.265623 0.13672 0.26758 0.138672 0.269533 0.138672 0.271486 0.140626 0.273439 0.140626 0.275391 0.144531 0.279297 0.144531 0.28125 0.154297 0.291015 0.154297 0.292968 0.158203 0.296874 0.164063 0.296874 0.166015 0.294921 0.167969 0.294921 0.169923 0.292968 0.171875 0.292968 0.171875 0.291015 0.169923 0.289062 0.169923 0.287109 0.167969 0.285156 0.167969 0.283203 0.158203 0.273439 0.156249 0.273439 0.144531 0.261717
0 0.177735 0.294921 0.175781 0.296874 0.171875 0.296874 0.169923 0.298827 0.166015 0.298827 0.160157 0.304689 0.160157 0.306642 0.152343 0.314454 0.154297 0.316407 0.154297 0.318359 0.156249 0.320312 0.156249 0.322265 0.162109 0.322265 0.173829 0.310548 0.175781 0.310548 0.183595 0.302736 0.183595 0.30078 0.181641 0.298827 0.181641 0.296874 0.179686 0.296874
0 0.152343 0.404296 0.150391 0.406248 0.140626 0.406248 0.140626 0.410158 0.138672 0.412111 0.138672 0.427734 0.140626 0.429687 0.140626 0.443358 0.150391 0.443358 0.154297 0.439452 0.154297 0.410158 0.152343 0.408201
1 0.910155 0.173828 0.888672 0.195314 0.888672 0.197267 0.865235 0.220702 0.865235 0.222655 0.863281 0.224608 0.863281 0.228514 0.861329 0.230467 0.861329 0.234376 0.863281 0.236329 0.863281 0.238282 0.865235 0.240235 0.865235 0.242188 0.869141 0.242188 0.892578 0.218749 0.892578 0.216797 0.916015 0.193358 0.916015 0.191405 0.917969 0.189452 0.917969 0.187499 0.919921 0.185546 0.919921 0.183593
0 0.121094 0.406248 0.121094 0.408201 0.11914 0.410158 0.11914 0.425781 0.121094 0.427734 0.121094 0.443358 0.123046 0.445314 0.123046 0.447267 0.13086 0.447267 0.132812 0.445314 0.13672 0.445314 0.13672 0.437499 0.134766 0.435546 0.134766 0.41797 0.132812 0.416017 0.132812 0.408201 0.128906 0.408201 0.126954 0.406248
1 0.888672 0.152343 0.873046 0.16797 0.873046 0.169923 0.853515 0.189452 0.853515 0.191405 0.835937 0.208985 0.835937 0.210938 0.816406 0.230467 0.816406 0.232423 0.80664 0.242188 0.80664 0.244141 0.804688 0.246094 0.808594 0.25 0.808594 0.251953 0.8125 0.255859 0.816406 0.255859 0.81836 0.257812 0.820312 0.255859 0.826172 0.255859 0.835937 0.246094 0.835937 0.244141 0.855469 0.224608 0.855469 0.222655 0.875 0.203126 0.875 0.201173 0.894532 0.18164 0.894532 0.179687 0.904298 0.169923 0.902344 0.16797 0.902344 0.166017 0.896484 0.160158 0.896484 0.158202 0.892578 0.154296 0.890624 0.154296
0 0.234375 0.34961 0.232421 0.351563 0.226564 0.351563 0.220704 0.357422 0.21875 0.357422 0.210938 0.365233 0.208984 0.365233 0.205078 0.369139 0.205078 0.378907 0.207032 0.38086 0.207032 0.382813 0.208984 0.384766 0.210938 0.382813 0.214844 0.382813 0.220704 0.376954 0.222655 0.376954 0.234375 0.365233 0.236327 0.365233 0.240235 0.361327 0.240235 0.357422 0.238281 0.355469 0.238281 0.351563 0.236327 0.351563
1 0.560548 0.697267 0.558594 0.69922 0.550782 0.69922 0.548828 0.701173 0.541016 0.701173 0.541016 0.718749 0.539062 0.720702 0.539062 0.753905 0.53711 0.755858 0.53711 0.789062 0.535156 0.791015 0.535156 0.824218 0.533202 0.826171 0.533202 0.843751 0.55664 0.843751 0.55664 0.808595 0.558594 0.806642 0.558594 0.734376 0.560548 0.732423
0 0.101562 0.242188 0.097656 0.246094 0.095702 0.246094 0.093751 0.248047 0.091797 0.248047 0.091797 0.25 0.089845 0.251953 0.089845 0.253906 0.091797 0.255859 0.091797 0.259764 0.093751 0.259764 0.095702 0.261717 0.097656 0.261717 0.101562 0.265623 0.103516 0.265623 0.105468 0.26758 0.107422 0.26758 0.109374 0.269533 0.111328 0.269533 0.115234 0.273439 0.117188 0.273439 0.11914 0.275391 0.121094 0.273439 0.123046 0.273439 0.125 0.271486 0.126954 0.271486 0.126954 0.269533 0.128906 0.26758 0.128906 0.26367 0.126954 0.261717 0.126954 0.259764 0.125 0.257812 0.125 0.255859 0.123046 0.255859 0.11914 0.251953 0.117188 0.251953 0.115234 0.25 0.113282 0.25 0.111328 0.248047 0.109374 0.248047 0.105468 0.244141 0.103516 0.244141
0 0.050782 0.169923 0.046876 0.173828 0.046876 0.175781 0.044922 0.177734 0.048828 0.18164 0.048828 0.183593 0.056642 0.191405 0.056642 0.193358 0.060547 0.197267 0.062499 0.195314 0.068359 0.195314 0.070313 0.193358 0.070313 0.191405 0.072265 0.189452 0.070313 0.187499 0.070313 0.185546 0.068359 0.183593 0.068359 0.18164 0.062499 0.175781 0.062499 0.173828 0.058593 0.169923
0 0.011718 0.59961 0 0.61328 0.000001 0.615233 0.001953 0.615233 0.009767 0.623048 0.011718 0.623048 0.01953 0.63086 0.021484 0.63086 0.02539 0.634766 0.035156 0.634766 0.035156 0.63086 0.033204 0.628907 0.033204 0.625001 0.027344 0.619139 0.027344 0.617186 0.017578 0.607422 0.017578 0.605469
0 0.21289 0.333983 0.203124 0.343751 0.203124 0.345704 0.191406 0.357422 0.19336 0.359375 0.19336 0.361327 0.195312 0.36328 0.197266 0.36328 0.201172 0.367186 0.203124 0.365233 0.205078 0.365233 0.208984 0.361327 0.210938 0.361327 0.21289 0.359375 0.214844 0.359375 0.226564 0.347657 0.226564 0.345704 0.22461 0.343751 0.22461 0.341798 0.222655 0.339845 0.222655 0.337892 0.220704 0.335936 0.214844 0.335936
0 0.042968 0.603516 0.041016 0.605469 0.035156 0.605469 0.033204 0.607422 0.027344 0.607422 0.039062 0.619139 0.041016 0.619139 0.056642 0.634766 0.058593 0.632813 0.060547 0.632813 0.062499 0.63086 0.064453 0.63086 0.060547 0.626954 0.060547 0.625001 0.052733 0.617186 0.052733 0.615233 0.046876 0.609374 0.046876 0.607422
0 0.525391 0.06836 0.523436 0.070313 0.521485 0.070313 0.519531 0.072265 0.517579 0.072265 0.517579 0.074218 0.515625 0.076171 0.515625 0.087889 0.548828 0.121092 0.554688 0.121092 0.560548 0.115234 0.5625 0.115234 0.566406 0.111328 0.566406 0.107422 0.564454 0.105469 0.564454 0.09961 0.550782 0.085936 0.548828 0.085936 0.533202 0.070313 0.527345 0.070313
0 0.21875 0.390625 0.216798 0.392578 0.207032 0.392578 0.205078 0.394531 0.195312 0.394531 0.195312 0.404296 0.197266 0.406248 0.197266 0.408201 0.199218 0.410158 0.228515 0.410158 0.230469 0.408201 0.230469 0.406248 0.232421 0.404296 0.232421 0.402343 0.234375 0.40039 0.234375 0.398437 0.232421 0.396484 0.232421 0.392578 0.220704 0.392578
1 0.617189 0.69922 0.615234 0.701173 0.597657 0.701173 0.597657 0.71289 0.595703 0.714843 0.595703 0.736329 0.593751 0.738282 0.593751 0.759764 0.591797 0.761717 0.591797 0.783203 0.589843 0.785156 0.589843 0.806642 0.587891 0.808595 0.587891 0.830077 0.585937 0.83203 0.585937 0.843751 0.591797 0.843751 0.593751 0.845704 0.601563 0.845704 0.603515 0.847657 0.609375 0.847657 0.611329 0.84961 0.611329 0.826171 0.61328 0.824218 0.61328 0.775391 0.615234 0.773438 0.615234 0.724608 0.617189 0.722655
0 0.439452 0 0.437501 0.001953 0.431641 0.001953 0.425781 0.007812 0.425781 0.009765 0.414063 0.021486 0.414063 0.023439 0.408203 0.029297 0.408203 0.033203 0.419921 0.044921 0.421875 0.044921 0.423829 0.046874 0.427735 0.042968 0.427735 0.041015 0.435547 0.033203 0.435547 0.03125 0.445312 0.021486 0.445312 0.019533 0.449218 0.015623 0.449218 0.007812 0.447266 0.005859 0.447266 0.003906 0.445312 0.001953 0.441406 0.001953
0 0.849609 0.242188 0.845703 0.246094 0.843749 0.246094 0.843749 0.25 0.841797 0.251953 0.841797 0.257812 0.839843 0.259764 0.839843 0.265623 0.837891 0.26758 0.837891 0.273439 0.835937 0.275391 0.835937 0.28125 0.833985 0.283203 0.833985 0.287109 0.835937 0.289062 0.835937 0.292968 0.839843 0.292968 0.841797 0.294921 0.843749 0.292968 0.845703 0.292968 0.847657 0.291015 0.851563 0.291015 0.851563 0.289062 0.853515 0.287109 0.853515 0.283203 0.855469 0.28125 0.855469 0.277344 0.857423 0.275391 0.857423 0.271486 0.859375 0.269533 0.859375 0.26758 0.861329 0.265623 0.861329 0.261717 0.863281 0.259764 0.863281 0.255859 0.865235 0.253906 0.865235 0.25 0.863281 0.248047 0.863281 0.244141 0.853515 0.244141 0.851563 0.242188
0 0.322265 0.220702 0.320313 0.222655 0.314453 0.222655 0.314453 0.224608 0.312499 0.226561 0.312499 0.230467 0.314453 0.232423 0.314453 0.236329 0.320313 0.242188 0.322265 0.242188 0.332031 0.251953 0.339843 0.251953 0.339843 0.25 0.341797 0.248047 0.341797 0.244141 0.343751 0.242188 0.343751 0.238282 0.339843 0.234376 0.337891 0.234376 0.330079 0.226561 0.328125 0.226561
1 0.749999 0.707032 0.748047 0.708984 0.732422 0.708984 0.732422 0.726561 0.730468 0.728517 0.730468 0.763674 0.728516 0.765627 0.728516 0.800783 0.726562 0.802736 0.726562 0.837892 0.72461 0.839845 0.72461 0.857421 0.726562 0.855468 0.751953 0.855468 0.751953 0.783203 0.749999 0.78125
0 0.03125 0.140625 0.029296 0.142578 0.023438 0.142578 0.003907 0.162111 0.003907 0.16797 0.005859 0.169923 0.005859 0.171876 0.011718 0.171876 0.015624 0.16797 0.017578 0.16797 0.02539 0.160158 0.027344 0.160158 0.033204 0.154296 0.035156 0.154296 0.03711 0.152343 0.03711 0.144531 0.035156 0.144531
1 0.458984 0.69922 0.458984 0.722655 0.457032 0.724608 0.457032 0.773438 0.455078 0.775391 0.455078 0.822265 0.453124 0.824218 0.453124 0.847657 0.470704 0.847657 0.472656 0.84961 0.472656 0.8125 0.47461 0.810548 0.47461 0.738282 0.476562 0.736329 0.476562 0.701173 0.460938 0.701173
0 0.033204 0.156249 0.01953 0.169923 0.01953 0.171876 0.015624 0.175781 0.015624 0.185546 0.017578 0.187499 0.02539 0.187499 0.03125 0.18164 0.033204 0.18164 0.042968 0.171876 0.044922 0.171876 0.048828 0.16797 0.048828 0.166017 0.046876 0.164064 0.046876 0.160158 0.044922 0.158202 0.044922 0.156249
5 0.591797 0.205079 0.589843 0.207032 0.583985 0.207032 0.582031 0.208985 0.576171 0.208985 0.574219 0.210938 0.572266 0.210938 0.56836 0.214844 0.566406 0.214844 0.564454 0.216797 0.564454 0.218749 0.5625 0.220702 0.5625 0.222655 0.558594 0.226561 0.558594 0.228514 0.554688 0.232423 0.554688 0.234376 0.550782 0.238282 0.550782 0.242188 0.548828 0.244141 0.548828 0.251953 0.546874 0.253906 0.546874 0.26367 0.544922 0.265623 0.544922 0.273439 0.542968 0.275391 0.542968 0.285156 0.541016 0.287109 0.541016 0.296874 0.542968 0.298827 0.542968 0.304689 0.544922 0.306642 0.544922 0.312501 0.546874 0.314454 0.546874 0.320312 0.548828 0.322265 0.548828 0.328124 0.550782 0.330077 0.550782 0.33203 0.564454 0.345704 0.566406 0.345704 0.570311 0.34961 0.572266 0.34961 0.574219 0.351563 0.576171 0.351563 0.578125 0.353516 0.580077 0.353516 0.583985 0.357422 0.585937 0.357422 0.587891 0.359375 0.607423 0.359375 0.609375 0.361327 0.628906 0.361327 0.63086 0.36328 0.632812 0.361327 0.636718 0.361327 0.638672 0.359375 0.640626 0.359375 0.642578 0.357422 0.646484 0.357422 0.648438 0.355469 0.65039 0.355469 0.652344 0.353516 0.65625 0.353516 0.658203 0.351563 0.660155 0.351563 0.662109 0.34961 0.666015 0.34961 0.673829 0.341798 0.673829 0.339845 0.681641 0.33203 0.681641 0.330077 0.683593 0.328124 0.683593 0.326171 0.685547 0.324218 0.685547 0.320312 0.687501 0.318359 0.687501 0.316407 0.689453 0.314454 0.689453 0.310548 0.691407 0.308595 0.691407 0.306642 0.693359 0.304689 0.693359 0.298827 0.695313 0.296874 0.695313 0.289062 0.697267 0.287109 0.697267 0.279297 0.699219 0.277344 0.699219 0.269533 0.697267 0.26758 0.697267 0.257812 0.695313 0.255859 0.695313 0.25 0.693359 0.248047 0.693359 0.242188 0.691407 0.240235 0.691407 0.238282 0.685547 0.232423 0.685547 0.230467 0.675781 0.220702 0.673829 0.220702 0.667969 0.214844 0.664063 0.214844 0.662109 0.212891 0.658203 0.212891 0.65625 0.210938 0.652344 0.210938 0.65039 0.208985 0.646484 0.208985 0.644532 0.207032 0.61328 0.207032 0.611329 0.205079