0 0.146489 0.31445 0.14454 0.316409 0.140615 0.316409 0.138666 0.318357 0.136716 0.318357 0.134766 0.320316 0.130866 0.320316 0.130866 0.322265 0.128916 0.324223 0.130866 0.326172 0.130866 0.328121 0.132815 0.330079 0.134766 0.328121 0.138666 0.328121 0.140615 0.326172 0.14454 0.326172 0.146489 0.324223 0.15039 0.324223 0.15234 0.322265 0.15234 0.316409 0.148439 0.316409
0 0.15624 0.339843 0.154289 0.341802 0.138666 0.341802 0.134766 0.345699 0.134766 0.349607 0.136716 0.349607 0.140615 0.353514 0.14259 0.351565 0.146489 0.351565 0.148439 0.349607 0.15234 0.349607 0.154289 0.347658 0.158214 0.347658 0.158214 0.345699 0.160163 0.34375 0.158214 0.341802 0.158214 0.339843
0 0.029301 0.201175 0.027351 0.203123 0.023427 0.203123 0.021478 0.205082 0.017577 0.205082 0.013678 0.208979 0.013678 0.212887 0.033201 0.212887 0.033201 0.210938 0.035151 0.208979 0.035151 0.205082 0.033201 0.203123 0.033201 0.201175
0 0.19726 0.294923 0.195311 0.296871 0.181637 0.296871 0.179687 0.29883 0.179687 0.300779 0.177736 0.302738 0.177736 0.306645 0.181637 0.310542 0.203135 0.310542 0.203135 0.308594 0.205084 0.306645 0.205084 0.304686 0.203135 0.302738 0.203135 0.300779 0.20116 0.29883 0.20116 0.296871 0.19921 0.296871
0 0.019527 0.17773 0.017577 0.179689 0.009777 0.179689 0.005854 0.183596 0.003903 0.183596 0.003903 0.187504 0.005854 0.187504 0.007804 0.189452 0.009777 0.187504 0.015627 0.187504 0.017577 0.185545 0.025401 0.185545 0.025401 0.183596 0.027351 0.181638 0.025401 0.179689 0.025401 0.17773
0 0.138666 0.2832 0.136716 0.285159 0.132815 0.285159 0.130866 0.287108 0.128916 0.287108 0.126943 0.289067 0.123043 0.289067 0.119143 0.292964 0.119143 0.294923 0.121093 0.296871 0.121093 0.29883 0.123043 0.29883 0.124992 0.300779 0.126943 0.29883 0.130866 0.29883 0.132815 0.296871 0.136716 0.296871 0.138666 0.294923 0.14259 0.294923 0.14259 0.292964 0.14454 0.291015 0.14454 0.289067 0.14259 0.287108 0.14259 0.285159 0.140615 0.285159
0 0.015627 0.148439 0.013678 0.150388 0.009777 0.150388 0.007804 0.152347 0.003903 0.152347 0.001953 0.154295 0 0.154295 0 0.156254 0 0.158203 0 0.164059 0 0.164059 0.000004 0.162111 0.003903 0.162111 0.005854 0.160152 0.011727 0.160152 0.013678 0.158203 0.017577 0.158203 0.021478 0.154295 0.019527 0.152347 0.019527 0.150388 0.017577 0.148439
0 0.074222 0.101561 0.072272 0.103519 0.068348 0.103519 0.066398 0.105468 0.060548 0.105468 0.058599 0.107426 0.054698 0.107426 0.050775 0.111324 0.050775 0.115232 0.052724 0.11719 0.054698 0.115232 0.076172 0.115232 0.078122 0.113282 0.078122 0.111324 0.080071 0.109375 0.078122 0.107426 0.078122 0.105468
0 0.097645 0.175781 0.095695 0.17773 0.083995 0.17773 0.080071 0.181638 0.078122 0.181638 0.078122 0.187504 0.080071 0.189452 0.082022 0.187504 0.089845 0.187504 0.091795 0.185545 0.101569 0.185545 0.103518 0.183596 0.103518 0.181638 0.101569 0.179689 0.101569 0.17773 0.099619 0.17773
0 0.066398 0.310542 0.064448 0.312501 0.062498 0.312501 0.060548 0.31445 0.058599 0.31445 0.056648 0.316409 0.054698 0.316409 0.050775 0.320316 0.050775 0.324223 0.052724 0.324223 0.056648 0.328121 0.058599 0.326172 0.062498 0.326172 0.064448 0.324223 0.066398 0.324223 0.068348 0.322265 0.072272 0.322265 0.072272 0.320316 0.074222 0.318357 0.074222 0.316409 0.072272 0.31445 0.072272 0.312501 0.068348 0.312501
0 0.300776 0.351565 0.298825 0.353514 0.291025 0.353514 0.289052 0.355473 0.281252 0.355473 0.281252 0.357421 0.279302 0.35937 0.279302 0.361329 0.281252 0.363278 0.281252 0.365236 0.283202 0.367185 0.285151 0.365236 0.304699 0.365236 0.304699 0.363278 0.306649 0.361329 0.306649 0.353514 0.302726 0.353514
0 0.134766 0.261715 0.132815 0.263673 0.126943 0.263673 0.124992 0.265622 0.121093 0.265622 0.119143 0.267581 0.113293 0.267581 0.113293 0.269529 0.111319 0.271488 0.111319 0.275396 0.115243 0.279293 0.117192 0.277344 0.121093 0.277344 0.123043 0.275396 0.126943 0.275396 0.128916 0.273437 0.132815 0.273437 0.134766 0.271488 0.136716 0.273437 0.136716 0.271488 0.138666 0.269529 0.138666 0.263673 0.136716 0.263673
0 0.296876 0.398434 0.294926 0.400393 0.291025 0.400393 0.289052 0.402342 0.285151 0.402342 0.283202 0.4043 0.277351 0.4043 0.277351 0.408208 0.279302 0.408208 0.283202 0.412105 0.285151 0.410156 0.291025 0.410156 0.292975 0.408208 0.300776 0.408208 0.300776 0.406249 0.302726 0.4043 0.302726 0.402342 0.300776 0.400393 0.300776 0.398434
0 0.134766 0.273437 0.132815 0.275396 0.128916 0.275396 0.126943 0.277344 0.123043 0.277344 0.121093 0.279293 0.117192 0.279293 0.117192 0.287108 0.119143 0.287108 0.121093 0.289067 0.123043 0.287108 0.126943 0.287108 0.128916 0.285159 0.130866 0.285159 0.132815 0.2832 0.136716 0.2832 0.138666 0.281252 0.138666 0.277344
0 0.027351 0.189452 0.025401 0.191411 0.019527 0.191411 0.017577 0.19336 0.011727 0.19336 0.011727 0.195308 0.009777 0.197267 0.009777 0.201175 0.011727 0.201175 0.013678 0.203123 0.015627 0.201175 0.021478 0.201175 0.023427 0.199216 0.029301 0.199216 0.031251 0.197267 0.031251 0.195308 0.029301 0.19336 0.029301 0.191411
0 0.041024 0.224609 0.039051 0.226558 0.035151 0.226558 0.033201 0.228516 0.027351 0.228516 0.027351 0.230465 0.025401 0.232424 0.025401 0.236331 0.027351 0.236331 0.029301 0.23828 0.031251 0.236331 0.044924 0.236331 0.044924 0.228516
0 0.048824 0.242188 0.046874 0.244136 0.042974 0.244136 0.041024 0.246095 0.039051 0.246095 0.037101 0.248044 0.033201 0.248044 0.033201 0.250002 0.031251 0.251951 0.031251 0.257817 0.033201 0.257817 0.035151 0.259766 0.037101 0.257817 0.041024 0.257817 0.042974 0.255858 0.046874 0.255858 0.048824 0.25391 0.052724 0.25391 0.052724 0.251951 0.054698 0.250002 0.054698 0.248044 0.052724 0.246095 0.052724 0.244136 0.050775 0.242188
0 0.296876 0.748044 0.294926 0.750002 0.292975 0.750002 0.289052 0.753909 0.287102 0.753909 0.285151 0.755858 0.283202 0.755858 0.279302 0.759765 0.279302 0.761714 0.281252 0.761714 0.283202 0.763673 0.285151 0.761714 0.291025 0.761714 0.292975 0.759765 0.300776 0.759765 0.300776 0.757817 0.302726 0.755858 0.302726 0.751951 0.300776 0.750002 0.300776 0.748044
0 0.083995 0.140625 0.082022 0.142574 0.078122 0.142574 0.076172 0.144532 0.074222 0.144532 0.072272 0.146481 0.068348 0.146481 0.064448 0.150388 0.062498 0.150388 0.062498 0.152347 0.064448 0.154295 0.064448 0.156254 0.068348 0.156254 0.070322 0.158203 0.072272 0.156254 0.076172 0.156254 0.078122 0.154295 0.082022 0.154295 0.083995 0.152347 0.087895 0.152347 0.089845 0.150388 0.093745 0.150388 0.093745 0.144532 0.089845 0.140625
1 0.232431 0.341802 0.230458 0.34375 0.228508 0.34375 0.226558 0.345699 0.222658 0.345699 0.220708 0.347658 0.218758 0.347658 0.216807 0.349607 0.212884 0.349607 0.210934 0.351565 0.208984 0.351565 0.208984 0.353514 0.207034 0.355473 0.207034 0.363278 0.210934 0.363278 0.212884 0.365236 0.214834 0.363278 0.218758 0.363278 0.220708 0.361329 0.226558 0.361329 0.228508 0.35937 0.232431 0.35937 0.234381 0.357421 0.240232 0.357421 0.240232 0.355473 0.242181 0.353514 0.242181 0.351565 0.244131 0.349607 0.242181 0.347658 0.242181 0.345699 0.240232 0.34375 0.234381 0.34375
0 0.306649 0.773436 0.304699 0.775395 0.292975 0.775395 0.292975 0.777344 0.291025 0.779293 0.291025 0.785159 0.292975 0.785159 0.294926 0.7832 0.308599 0.7832 0.31055 0.781251 0.31055 0.779293 0.312499 0.777344 0.31055 0.775395 0.31055 0.773436
0 0.31055 0.785159 0.308599 0.787107 0.304699 0.787107 0.302726 0.789066 0.296876 0.789066 0.296876 0.791015 0.294926 0.792973 0.294926 0.796871 0.298825 0.796871 0.300776 0.794922 0.314449 0.794922 0.314449 0.792973 0.3164 0.791015 0.314449 0.789066 0.314449 0.787107 0.312499 0.787107
0 0.052724 0.257817 0.050775 0.259766 0.044924 0.259766 0.042974 0.261715 0.037101 0.261715 0.033201 0.265622 0.033201 0.269529 0.037101 0.269529 0.039051 0.271488 0.041024 0.269529 0.046874 0.269529 0.048824 0.267581 0.056648 0.267581 0.056648 0.265622 0.058599 0.263673 0.056648 0.261715 0.056648 0.259766 0.054698 0.259766
0 0.615245 0.097653 0.61132 0.101561 0.61132 0.107426 0.613272 0.109375 0.613272 0.113282 0.615245 0.113282 0.617194 0.115232 0.619144 0.115232 0.621095 0.11719 0.624994 0.113282 0.624994 0.111324 0.623045 0.109375 0.623045 0.107426 0.621095 0.105468 0.621095 0.101561 0.619144 0.099612 0.619144 0.097653
0 0.015627 0.164059 0.013678 0.166018 0.001953 0.166018 0.001953 0.175781 0.003903 0.175781 0.005854 0.17773 0.007804 0.175781 0.013678 0.175781 0.015627 0.173833 0.021478 0.173833 0.021478 0.171874 0.023427 0.169925 0.023427 0.167967 0.021478 0.166018 0.021478 0.164059
0 0.000004 0.123046 0 0.125005 0 0.125005 0 0.126954 0 0.126954 0 0.128902 0 0.128902 0 0.13281 0 0.136717 0 0.136717 0 0.138676 0 0.136717 0 0.136717 0 0.134768 0.005854 0.134768 0.005854 0.13281 0.007804 0.130861 0.007804 0.128902 0.005854 0.126954 0.005854 0.123046
0 0.007804 0.134768 0.005854 0.136717 0.003903 0.136717 0.001953 0.138676 0.000004 0.138676 0 0.140625 0 0.140625 0 0.142574 0 0.142574 0 0.144532 0 0.150388 0 0.150388 0 0.148439 0.001953 0.148439 0.003903 0.146481 0.005854 0.146481 0.007804 0.144532 0.011727 0.144532 0.013678 0.142574 0.013678 0.140625 0.011727 0.138676 0.011727 0.136717 0.009777 0.136717
0 0.253905 0.636717 0.251955 0.638675 0.250005 0.638675 0.248055 0.640624 0.244131 0.640624 0.240232 0.644531 0.238281 0.644531 0.240232 0.646481 0.242181 0.646481 0.244131 0.648439 0.246105 0.646481 0.257805 0.646481 0.261728 0.642583 0.259755 0.640624 0.259755 0.638675 0.255855 0.638675
0 0.271479 0.683596 0.269528 0.685544 0.263679 0.685544 0.261728 0.687503 0.255855 0.687503 0.255855 0.693359 0.259755 0.693359 0.261728 0.691411 0.273429 0.691411 0.273429 0.689452 0.275402 0.687503 0.273429 0.685544 0.273429 0.683596
0 0.250005 0.623046 0.248055 0.625005 0.246105 0.625005 0.244131 0.626953 0.242181 0.626953 0.240232 0.628902 0.238281 0.628902 0.238281 0.630861 0.236331 0.63281 0.236331 0.634768 0.238281 0.634768 0.240232 0.636717 0.242181 0.634768 0.248055 0.634768 0.250005 0.63281 0.257805 0.63281 0.257805 0.628902 0.255855 0.626953 0.255855 0.625005 0.251955 0.625005
0 0.107419 0.203123 0.105469 0.205082 0.101569 0.205082 0.099619 0.207031 0.093745 0.207031 0.091795 0.208979 0.087895 0.208979 0.085945 0.210938 0.085945 0.214845 0.087895 0.214845 0.089845 0.216794 0.091795 0.214845 0.099619 0.214845 0.101569 0.212887 0.109369 0.212887 0.113293 0.208979 0.111319 0.207031 0.111319 0.205082 0.109369 0.203123
0 0.062498 0.294923 0.060548 0.296871 0.058599 0.296871 0.056648 0.29883 0.052724 0.29883 0.050775 0.300779 0.048824 0.300779 0.044924 0.304686 0.046874 0.306645 0.046874 0.308594 0.048824 0.310542 0.052724 0.310542 0.054698 0.308594 0.070322 0.308594 0.070322 0.29883 0.068348 0.296871 0.068348 0.294923
0 0.126943 0.250002 0.124992 0.251951 0.121093 0.251951 0.119143 0.25391 0.115243 0.25391 0.113293 0.255858 0.109369 0.255858 0.109369 0.257817 0.107419 0.259766 0.107419 0.265622 0.109369 0.265622 0.111319 0.267581 0.113293 0.265622 0.117192 0.265622 0.119143 0.263673 0.124992 0.263673 0.126943 0.261715 0.130866 0.261715 0.130866 0.259766 0.132815 0.257817 0.132815 0.251951 0.128916 0.251951
0 0.18751 0.312501 0.183587 0.316409 0.181637 0.316409 0.181637 0.320316 0.183587 0.322265 0.183587 0.324223 0.185537 0.326172 0.18751 0.324223 0.19141 0.324223 0.19336 0.322265 0.19726 0.322265 0.19921 0.320316 0.203135 0.320316 0.207034 0.316409 0.205084 0.31445 0.205084 0.312501
0 0.060548 0.2832 0.058599 0.285159 0.054698 0.285159 0.052724 0.287108 0.050775 0.287108 0.048824 0.289067 0.044924 0.289067 0.044924 0.291015 0.042974 0.292964 0.042974 0.294923 0.044924 0.296871 0.044924 0.29883 0.046874 0.296871 0.054698 0.296871 0.056648 0.294923 0.060548 0.294923 0.062498 0.292964 0.064448 0.292964 0.066398 0.291015 0.066398 0.289067 0.064448 0.287108 0.064448 0.285159 0.062498 0.285159
0 0.92774 0.492192 0.92579 0.494141 0.919917 0.494141 0.917966 0.49609 0.910166 0.49609 0.910166 0.498048 0.908193 0.499997 0.908193 0.503905 0.914066 0.509761 0.916017 0.507812 0.921866 0.507812 0.923817 0.505863 0.92774 0.505863 0.929689 0.503905 0.93554 0.503905 0.93554 0.49609 0.931641 0.492192
0 0.035151 0.212887 0.033201 0.214845 0.029301 0.214845 0.027351 0.216794 0.025401 0.216794 0.023427 0.218753 0.019527 0.218753 0.019527 0.220702 0.017577 0.22266 0.017577 0.226558 0.021478 0.226558 0.023427 0.224609 0.029301 0.224609 0.031251 0.22266 0.039051 0.22266 0.039051 0.220702 0.041024 0.218753 0.041024 0.212887
0 0.121093 0.23828 0.119143 0.240239 0.117192 0.240239 0.115243 0.242188 0.113293 0.242188 0.111319 0.244136 0.107419 0.244136 0.105469 0.246095 0.103518 0.246095 0.103518 0.248044 0.101569 0.250002 0.103518 0.250002 0.107419 0.25391 0.109369 0.251951 0.115243 0.251951 0.117192 0.250002 0.124992 0.250002 0.124992 0.248044 0.126943 0.246095 0.126943 0.240239 0.123043 0.240239
0 0.306649 0.41992 0.304699 0.421879 0.302726 0.421879 0.300776 0.423827 0.298825 0.423827 0.296876 0.425786 0.294926 0.425786 0.292975 0.427735 0.291025 0.427735 0.289052 0.429684 0.289052 0.431643 0.287102 0.433591 0.289052 0.43555 0.289052 0.437499 0.291025 0.437499 0.292975 0.439457 0.294926 0.437499 0.298825 0.437499 0.300776 0.43555 0.304699 0.43555 0.306649 0.433591 0.31055 0.433591 0.312499 0.431643 0.312499 0.429684 0.314449 0.427735 0.314449 0.421879 0.308599 0.421879
0 0.154289 0.328121 0.15234 0.330079 0.136716 0.330079 0.134766 0.332028 0.136716 0.333987 0.136716 0.335936 0.140615 0.339843 0.14259 0.337894 0.154289 0.337894 0.15624 0.335936 0.15624 0.333987 0.158214 0.332028 0.158214 0.330079 0.15624 0.330079
7 0.832025 0.093746 0.832025 0.107426 0.830075 0.109375 0.830075 0.123046 0.832025 0.125005 0.832025 0.130861 0.833975 0.13281 0.833975 0.136717 0.835948 0.138676 0.835948 0.144532 0.837899 0.146481 0.837899 0.150388 0.839849 0.152347 0.839849 0.158203 0.841799 0.160152 0.841799 0.164059 0.843748 0.166018 0.843748 0.169925 0.845699 0.171874 0.845699 0.17773 0.847649 0.179689 0.847649 0.183596 0.849599 0.185545 0.849599 0.191411 0.851572 0.19336 0.851572 0.197267 0.853523 0.199216 0.853523 0.205082 0.855473 0.207031 0.855473 0.210938 0.853523 0.212887 0.853523 0.214845 0.851572 0.216794 0.851572 0.220702 0.849599 0.22266 0.849599 0.224609 0.847649 0.226558 0.847649 0.230465 0.845699 0.232424 0.845699 0.234373 0.843748 0.236331 0.843748 0.240239 0.841799 0.242188 0.841799 0.244136 0.839849 0.246095 0.839849 0.250002 0.837899 0.251951 0.837899 0.25391 0.835948 0.255858 0.833975 0.25391 0.833975 0.248044 0.832025 0.246095 0.832025 0.240239 0.830075 0.23828 0.830075 0.234373 0.828125 0.236331 0.814451 0.236331 0.814451 0.23828 0.816402 0.240239 0.816402 0.242188 0.818352 0.244136 0.818352 0.248044 0.820302 0.250002 0.820302 0.251951 0.822275 0.25391 0.822275 0.257817 0.824224 0.259766 0.824224 0.263673 0.826176 0.265622 0.826176 0.267581 0.828125 0.269529 0.828125 0.273437 0.826176 0.275396 0.826176 0.277344 0.824224 0.279293 0.824224 0.281252 0.822275 0.2832 0.822275 0.285159 0.820302 0.287108 0.820302 0.291015 0.818352 0.292964 0.818352 0.294923 0.816402 0.296871 0.816402 0.29883 0.814451 0.300779 0.814451 0.302738 0.810552 0.306645 0.808602 0.304686 0.808602 0.296871 0.806651 0.294923 0.806651 0.291015 0.804678 0.292964 0.798827 0.292964 0.796878 0.294923 0.791004 0.294923 0.791004 0.296871 0.792978 0.29883 0.792978 0.304686 0.794928 0.306645 0.794928 0.310542 0.796878 0.312501 0.796878 0.316409 0.798827 0.318357 0.798827 0.324223 0.800778 0.326172 0.800778 0.328121 0.798827 0.330079 0.798827 0.332028 0.796878 0.333987 0.796878 0.335936 0.792978 0.339843 0.792978 0.341802 0.791004 0.34375 0.791004 0.345699 0.789055 0.347658 0.789055 0.349607 0.785154 0.353514 0.785154 0.355473 0.783204 0.357421 0.783204 0.35937 0.779304 0.363278 0.779304 0.365236 0.777354 0.367185 0.777354 0.369143 0.775381 0.371092 0.775381 0.378907 0.773431 0.380856 0.773431 0.398434 0.771482 0.400393 0.771482 0.408208 0.773431 0.406249 0.773431 0.4043 0.779304 0.398434 0.779304 0.396486 0.785154 0.39063 0.785154 0.388671 0.791004 0.382815 0.791004 0.380856 0.796878 0.375 0.796878 0.373051 0.802728 0.367185 0.802728 0.365236 0.808602 0.35937 0.808602 0.357421 0.814451 0.351565 0.814451 0.349607 0.820302 0.34375 0.820302 0.341802 0.826176 0.335936 0.826176 0.333987 0.832025 0.328121 0.832025 0.326172 0.841799 0.316409 0.843748 0.316409 0.859372 0.300779 0.861322 0.300779 0.874996 0.287108 0.876945 0.287108 0.880869 0.2832 0.88282 0.2832 0.884769 0.285159 0.884769 0.287108 0.88672 0.289067 0.88672 0.291015 0.888669 0.292964 0.888669 0.296871 0.89062 0.29883 0.89062 0.300779 0.89257 0.302738 0.89257 0.306645 0.89452 0.308594 0.89452 0.310542 0.896493 0.312501 0.896493 0.31445 0.898443 0.316409 0.898443 0.320316 0.900393 0.322265 0.900393 0.324223 0.902344 0.326172 0.902344 0.330079 0.904293 0.332028 0.904293 0.333987 0.906243 0.335936 0.906243 0.337894 0.908193 0.339843 0.908193 0.34375 0.910166 0.345699 0.910166 0.347658 0.912117 0.349607 0.912117 0.353514 0.914066 0.355473 0.914066 0.357421 0.916017 0.35937 0.916017 0.361329 0.917966 0.363278 0.917966 0.367185 0.919917 0.369143 0.919917 0.371092 0.921866 0.373051 0.921866 0.376949 0.923817 0.378907 0.923817 0.380856 0.92579 0.382815 0.92579 0.384763 0.92774 0.386722 0.92774 0.39063 0.929689 0.392578 0.929689 0.394527 0.931641 0.396486 0.931641 0.398434 0.929689 0.400393 0.929689 0.402342 0.92774 0.4043 0.92774 0.406249 0.92579 0.408208 0.92579 0.410156 0.923817 0.412105 0.923817 0.414064 0.921866 0.416013 0.921866 0.417971 0.919917 0.41992 0.919917 0.421879 0.916017 0.425786 0.916017 0.427735 0.914066 0.429684 0.914066 0.431643 0.912117 0.433591 0.912117 0.43555 0.910166 0.437499 0.910166 0.439457 0.908193 0.441406 0.908193 0.443355 0.906243 0.445313 0.906243 0.449221 0.908193 0.451169 0.908193 0.457036 0.910166 0.458984 0.910166 0.462892 0.914066 0.458984 0.916017 0.458984 0.921866 0.453128 0.923817 0.453128 0.929689 0.447262 0.931641 0.447262 0.93554 0.443355 0.93749 0.443355 0.943364 0.437499 0.945313 0.437499 0.951164 0.431643 0.953114 0.431643 0.957038 0.427735 0.970711 0.427735 0.972661 0.425786 0.986335 0.425786 0.988285 0.423827 1 0.423827 1 0.421879 1 0.421879 1 0.41992 1 0.417971 1 0.416013 1 0.414064 1 0.412105 1 0.412105 1 0.410156 1 0.410156 1 0.408208 0.998058 0.408208 0.996085 0.406249 0.992185 0.406249 0.990234 0.4043 0.988285 0.4043 0.986335 0.402342 0.98241 0.402342 0.980461 0.400393 0.978511 0.400393 0.976562 0.398434 0.972661 0.398434 0.970711 0.396486 0.966788 0.396486 0.964837 0.394527 0.962888 0.394527 0.960938 0.392578 0.957038 0.392578 0.955087 0.39063 0.955087 0.388671 0.953114 0.386722 0.953114 0.382815 0.951164 0.380856 0.951164 0.375 0.949214 0.373051 0.949214 0.369143 0.947265 0.367185 0.947265 0.363278 0.945313 0.361329 0.945313 0.355473 0.943364 0.353514 0.943364 0.349607 0.941414 0.347658 0.941414 0.34375 0.939465 0.341802 0.939465 0.335936 0.93749 0.333987 0.93749 0.330079 0.93554 0.328121 0.93554 0.324223 0.93359 0.322265 0.93359 0.316409 0.931641 0.31445 0.931641 0.310542 0.929689 0.308594 0.929689 0.304686 0.92774 0.302738 0.92774 0.296871 0.92579 0.294923 0.92579 0.291015 0.923817 0.289067 0.923817 0.285159 0.921866 0.2832 0.921866 0.277344 0.919917 0.275396 0.919917 0.271488 0.917966 0.269529 0.919917 0.267581 0.953114 0.267581 0.955087 0.269529 0.962888 0.269529 0.964837 0.271488 0.972661 0.271488 0.97461 0.273437 0.98241 0.273437 0.984385 0.275396 0.992185 0.275396 0.994134 0.277344 1 0.277344 1 0.279293 1 0.279293 1 0.281252 1 0.281252 1 0.2832 1 0.2832 1 0.285159 1 0.285159 1 0.287108 1 0.287108 1 0.289067 1 0.289067 1 0.291015 1 0.291015 1 0.292964 1 0.292964 1 0.294923 1 0.292964 1 0.291015 1 0.289067 1 0.287108 1 0.2832 1 0.281252 1 0.277344 1 0.275396 1 0.273437 1 0.271488 1 0.269529 1 0.269529 1 0.267581 1 0.267581 1 0.265622 1 0.265622 1 0.263673 1 0.263673 1 0.261715 1 0.261715 1 0.259766 1 0.259766 1 0.257817 1 0.257817 1 0.255858 1 0.255858 1 0.25391 1 0.25391 1 0.251951 1 0.251951 1 0.250002 1 0.250002 1 0.248044 1 0.244136 1 0.242188 1 0.234373 1 0.232424 1 0.22266 1 0.220702 1 0.216794 0.998058 0.218753 0.996085 0.218753 0.994134 0.220702 0.990234 0.220702 0.988285 0.22266 0.986335 0.22266 0.986335 0.224609 0.988285 0.226558 0.988285 0.232424 0.990234 0.234373 0.990234 0.236331 0.988285 0.23828 0.986335 0.23828 0.984385 0.236331 0.978511 0.236331 0.976562 0.234373 0.972661 0.234373 0.970711 0.232424 0.966788 0.232424 0.964837 0.230465 0.960938 0.230465 0.958987 0.228516 0.953114 0.228516 0.951164 0.226558 0.947265 0.226558 0.945313 0.224609 0.945313 0.212887 0.943364 0.210938 0.943364 0.197267 0.929689 0.197267 0.929689 0.201175 0.931641 0.203123 0.931641 0.212887 0.93359 0.214845 0.93359 0.218753 0.931641 0.220702 0.929689 0.218753 0.92579 0.218753 0.923817 0.216794 0.921866 0.216794 0.919917 0.214845 0.917966 0.214845 0.916017 0.212887 0.912117 0.212887 0.910166 0.210938 0.908193 0.210938 0.906243 0.208979 0.904293 0.208979 0.902344 0.207031 0.900393 0.207031 0.898443 0.205082 0.89452 0.205082 0.89257 0.203123 0.89062 0.203123 0.888669 0.201175 0.888669 0.199216 0.88672 0.197267 0.88672 0.19336 0.884769 0.191411 0.884769 0.189452 0.88282 0.187504 0.88282 0.183596 0.880869 0.181638 0.880869 0.17773 0.878896 0.175781 0.878896 0.171874 0.876945 0.169925 0.876945 0.166018 0.874996 0.164059 0.874996 0.162111 0.873045 0.160152 0.873045 0.156254 0.871096 0.154295 0.871096 0.150388 0.869145 0.148439 0.869145 0.144532 0.867196 0.142574 0.867196 0.138676 0.865245 0.136717 0.865245 0.134768 0.863272 0.13281 0.863272 0.128902 0.861322 0.126954 0.861322 0.123046 0.859372 0.121098 0.859372 0.119139 0.847649 0.107426 0.845699 0.107426
0 0.111319 0.220702 0.109369 0.22266 0.093745 0.22266 0.091795 0.224609 0.089845 0.224609 0.089845 0.226558 0.091795 0.228516 0.091795 0.230465 0.093745 0.230465 0.095695 0.232424 0.097645 0.230465 0.111319 0.230465 0.115243 0.226558 0.115243 0.22266 0.113293 0.22266
0 0.3164 0.43555 0.314449 0.437499 0.308599 0.437499 0.306649 0.439457 0.300776 0.439457 0.296876 0.443355 0.296876 0.445313 0.298825 0.447262 0.298825 0.449221 0.300776 0.447262 0.308599 0.447262 0.31055 0.445313 0.31835 0.445313 0.320323 0.443355 0.320323 0.441406 0.322272 0.439457 0.31835 0.43555
0 0.275402 0.695308 0.273429 0.697267 0.267579 0.697267 0.265629 0.699215 0.259755 0.699215 0.255855 0.703123 0.255855 0.708989 0.257805 0.708989 0.259755 0.710938 0.261728 0.708989 0.265629 0.708989 0.267579 0.707031 0.273429 0.707031 0.275402 0.705081 0.279302 0.705081 0.279302 0.703123 0.281252 0.701174 0.279302 0.699215 0.279302 0.697267 0.277351 0.697267