8 0.039066 0.591797 0.039066 0.595705 0.037108 0.597657 0.037108 0.599609 0.039066 0.601561 0.039066 0.603518 0.046878 0.603518 0.048827 0.601561 0.050784 0.601561 0.050784 0.597657 0.048827 0.595705 0.048827 0.591797
8 0.24219 0.521486 0.240233 0.523438 0.234378 0.523438 0.23242 0.525389 0.23242 0.527346 0.228514 0.53125 0.228514 0.541014 0.230471 0.542971 0.230471 0.546875 0.236327 0.546875 0.238284 0.548827 0.24219 0.548827 0.244139 0.546875 0.250002 0.546875 0.251951 0.544923 0.257815 0.544923 0.257815 0.542971 0.259764 0.541014 0.259764 0.539062 0.261721 0.53711 0.261721 0.535158 0.259764 0.533202 0.259764 0.53125 0.257815 0.529298 0.257815 0.527346 0.255858 0.525389 0.255858 0.523438 0.251951 0.523438 0.250002 0.521486
8 0.052734 0.607422 0.050784 0.609374 0.048827 0.609374 0.046878 0.61133 0.044921 0.61133 0.044921 0.613282 0.042972 0.615234 0.042972 0.624998 0.044921 0.626955 0.044921 0.628907 0.054691 0.628907 0.060546 0.623046 0.060546 0.621094 0.062503 0.619142 0.062503 0.617186 0.060546 0.615234 0.060546 0.613282 0.058597 0.61133 0.058597 0.609374 0.054691 0.609374
8 0.050784 0.570312 0.050784 0.57422 0.052734 0.576172 0.052734 0.580076 0.060546 0.580076 0.060546 0.578124 0.062503 0.576172 0.062503 0.572264 0.060546 0.572264 0.058597 0.570312
8 0.041015 0.53711 0.039066 0.539062 0.039066 0.541014 0.037108 0.542971 0.037108 0.544923 0.039066 0.546875 0.044921 0.546875 0.044921 0.53711
8 0.029296 0.564451 0.029296 0.566408 0.031253 0.56836 0.031253 0.57422 0.042972 0.57422 0.042972 0.570312 0.041015 0.56836 0.041015 0.566408 0.039066 0.564451
8 0.228514 0.490236 0.226565 0.492188 0.220702 0.492188 0.214847 0.498048 0.214847 0.515625 0.218752 0.519529 0.222659 0.519529 0.224608 0.521486 0.23242 0.521486 0.234378 0.519529 0.238284 0.519529 0.246096 0.511717 0.246096 0.503904 0.244139 0.501952 0.244139 0.492188 0.238284 0.492188 0.236327 0.490236
8 0.037108 0.578124 0.03516 0.580076 0.03516 0.583984 0.037108 0.585936 0.037108 0.589845 0.042972 0.589845 0.044921 0.587888 0.046878 0.587888 0.046878 0.580076 0.044921 0.578124
8 0.021484 0.546875 0.023441 0.548827 0.023441 0.550783 0.02539 0.552735 0.02539 0.554687 0.031253 0.554687 0.031253 0.546875
8 0.058597 0.585936 0.058597 0.587888 0.05664 0.589845 0.05664 0.595705 0.058597 0.597657 0.058597 0.599609 0.068358 0.599609 0.068358 0.597657 0.070315 0.595705 0.070315 0.589845 0.068358 0.589845 0.06641 0.587888 0.060546 0.587888
8 0.046878 0.552735 0.046878 0.566408 0.05664 0.566408 0.05664 0.556639 0.052734 0.556639 0.050784 0.554687 0.048827 0.554687
8 0.072265 0.60547 0.070315 0.607422 0.062503 0.607422 0.062503 0.613282 0.06641 0.617186 0.070315 0.617186 0.072265 0.619142 0.074222 0.617186 0.080077 0.617186 0.080077 0.613282 0.078128 0.61133 0.078128 0.609374 0.076171 0.609374
8 0.478513 0.679689 0.476564 0.681641 0.472658 0.681641 0.472658 0.691406 0.474607 0.693358 0.474607 0.695314 0.476564 0.697266 0.476564 0.699218 0.482419 0.699218 0.484376 0.697266 0.486325 0.697266 0.488283 0.695314 0.490232 0.695314 0.490232 0.685545 0.488283 0.683593 0.488283 0.681641 0.48047 0.681641