0 0.617189 0.134765 0.617189 0.136718 0.615233 0.138674 0.615233 0.140626 0.617189 0.140626 0.619142 0.142578 0.623047 0.142578 0.625 0.14453 0.626952 0.14453 0.628905 0.146486 0.628905 0.14453 0.630861 0.142578 0.628905 0.142578 0.626952 0.140626 0.625 0.140626 0.621094 0.136718 0.619142 0.136718
0 0.484373 0.345704 0.484373 0.347656 0.482421 0.349608 0.482421 0.355469 0.484373 0.357421 0.484373 0.355469 0.488282 0.351564 0.488282 0.349608 0.490235 0.347656 0.48633 0.347656
0 0.437499 0.296876 0.435547 0.298829 0.435547 0.300781 0.431641 0.304689 0.433594 0.304689 0.435547 0.306641 0.437499 0.306641 0.439452 0.304689 0.439452 0.302733 0.441405 0.300781
0 0.554686 0.353516 0.554686 0.359377 0.556639 0.359377 0.558596 0.357421 0.570311 0.357421 0.572264 0.359377 0.572264 0.355469 0.556639 0.355469
0 0.466796 0.039063 0.464844 0.041015 0.460938 0.041015 0.460938 0.052736 0.462891 0.052736 0.462891 0.05078 0.464844 0.048827 0.464844 0.042967 0.466796 0.041015
0 0.767578 0.228516 0.767578 0.230468 0.765626 0.23242 0.769531 0.23242 0.771484 0.234376 0.773436 0.234376 0.775389 0.236328 0.777345 0.234376 0.777345 0.23242 0.779298 0.230468 0.769531 0.230468
0 0.412108 0.03125 0.412108 0.033202 0.410155 0.035155 0.410155 0.037111 0.421875 0.037111 0.423827 0.039063 0.423827 0.035155 0.419922 0.035155 0.417969 0.033202 0.414064 0.033202
0 0.822267 0.912111 0.820314 0.914063 0.814452 0.914063 0.814452 0.927736 0.816405 0.92578 0.822267 0.92578
0 0.431641 0.322266 0.431641 0.324218 0.429689 0.326171 0.429689 0.332031 0.435547 0.332031 0.435547 0.322266
0 0.078124 0.466796 0.076171 0.468749 0.074218 0.468749 0.072266 0.470704 0.06836 0.470704 0.06836 0.472657 0.070313 0.474609 0.070313 0.476561 0.072266 0.474609 0.08008 0.474609 0.08008 0.472657 0.078124 0.470704
0 0.521484 0.357421 0.521484 0.359377 0.519532 0.361329 0.519532 0.363281 0.521484 0.363281 0.523437 0.365233 0.52539 0.365233 0.527342 0.367189 0.529299 0.365233 0.529299 0.363281 0.533204 0.359377 0.523437 0.359377
0 0.955079 0.474609 0.955079 0.476561 0.953126 0.478517 0.953126 0.480469 0.957031 0.480469 0.958984 0.482421 0.960936 0.482421 0.962889 0.484374 0.966798 0.480469 0.964845 0.480469 0.962889 0.478517 0.960936 0.478517 0.958984 0.476561 0.957031 0.476561
0 0.19922 0.742187 0.19922 0.746096 0.210939 0.746096 0.210939 0.742187
0 0.003905 0.281251 0.003905 0.287108 0.011719 0.287108 0.011719 0.285156 0.013672 0.283204 0.013672 0.281251
0 0.472658 0.615235 0.472658 0.626952 0.47461 0.624999 0.478516 0.624999 0.478516 0.615235
0 0.91992 0.587889 0.91992 0.589845 0.917968 0.591797 0.917968 0.593749 0.916015 0.595701 0.91992 0.595701 0.921877 0.597657 0.923829 0.595701 0.923829 0.593749 0.925782 0.591797 0.923829 0.591797
0 0.447266 0.337891 0.447266 0.341796 0.445314 0.343752 0.445314 0.347656 0.449219 0.347656 0.451171 0.349608 0.451171 0.343752 0.453124 0.341796 0.453124 0.337891
0 0.527342 0.343752 0.527342 0.345704 0.52539 0.347656 0.52539 0.349608 0.529299 0.349608 0.531251 0.351564 0.533204 0.351564 0.535157 0.353516 0.537109 0.351564 0.537109 0.349608 0.539062 0.347656 0.535157 0.347656 0.533204 0.345704 0.529299 0.345704
0 0.392578 0.013673 0.392578 0.015625 0.390625 0.017577 0.390625 0.019529 0.396483 0.019529 0.398436 0.021485 0.402345 0.021485 0.404297 0.023438 0.404297 0.021485 0.40625 0.019529 0.404297 0.019529 0.402345 0.017577 0.398436 0.017577 0.396483 0.015625 0.39453 0.015625
0 0.523437 0.351564 0.523437 0.355469 0.527342 0.355469 0.529299 0.357421 0.533204 0.357421 0.533204 0.353516 0.52539 0.353516
0 0.556639 0.275391 0.556639 0.281251 0.564453 0.281251 0.566406 0.283204 0.566406 0.281251 0.568359 0.279295 0.568359 0.277343 0.558596 0.277343
0 0.390625 0.021485 0.388673 0.023438 0.388673 0.02539 0.38672 0.027342 0.390625 0.027342 0.392578 0.029298 0.39453 0.029298 0.396483 0.03125 0.400392 0.03125 0.402345 0.033202 0.402345 0.03125 0.404297 0.029298 0.404297 0.027342 0.402345 0.027342 0.400392 0.02539 0.396483 0.02539 0.39453 0.023438 0.392578 0.023438
0 0.419922 0.603514 0.419922 0.60547 0.417969 0.607422 0.421875 0.607422 0.423827 0.609374 0.427736 0.609374 0.429689 0.611326 0.429689 0.609374 0.431641 0.607422 0.427736 0.607422 0.42578 0.60547 0.421875 0.60547
0 0.38672 0.029298 0.38672 0.033202 0.388673 0.033202 0.390625 0.035155 0.392578 0.035155 0.39453 0.037111 0.396483 0.037111 0.398436 0.039063 0.398436 0.037111 0.400392 0.035155 0.400392 0.033202 0.39453 0.033202 0.392578 0.03125 0.388673 0.03125
1 0.509765 0.08789 0.509765 0.089842 0.507812 0.091798 0.507812 0.09375 0.50586 0.095703 0.50586 0.097655 0.503907 0.099611 0.503907 0.101563 0.501955 0.103515 0.507812 0.103515 0.509765 0.105467 0.509765 0.103515 0.511718 0.101563 0.511718 0.099611 0.51367 0.097655 0.51367 0.095703 0.515627 0.09375 0.515627 0.091798 0.517579 0.089842 0.511718 0.089842
0 0.410155 0.039063 0.410155 0.042967 0.419922 0.042967 0.421875 0.044923 0.421875 0.041015 0.412108 0.041015
0 0.542967 0.300781 0.542967 0.302733 0.541014 0.304689 0.541014 0.306641 0.542967 0.306641 0.544923 0.308593 0.546876 0.308593 0.548829 0.310546 0.548829 0.308593 0.550781 0.306641 0.548829 0.304689 0.546876 0.304689
1 0.521484 0.091798 0.519532 0.09375 0.519532 0.095703 0.517579 0.097655 0.517579 0.099611 0.515627 0.101563 0.515627 0.103515 0.51367 0.105467 0.515627 0.105467 0.519532 0.109376 0.519532 0.107423 0.521484 0.105467 0.521484 0.103515 0.523437 0.101563 0.523437 0.099611 0.52539 0.097655 0.52539 0.095703 0.527342 0.09375 0.523437 0.09375
0 0.449219 0.302733 0.447266 0.304689 0.447266 0.306641 0.445314 0.308593 0.449219 0.312502 0.449219 0.310546 0.451171 0.308593 0.451171 0.306641 0.453124 0.304689 0.451171 0.304689
0 0.455077 0.304689 0.455077 0.306641 0.453124 0.308593 0.453124 0.310546 0.451171 0.312502 0.453124 0.312502 0.455077 0.314454 0.455077 0.312502 0.457033 0.310546 0.457033 0.308593 0.458986 0.306641 0.457033 0.306641
0 0.49414 0.324218 0.49414 0.328127 0.492188 0.330079 0.492188 0.333983 0.499998 0.333983 0.499998 0.324218
0 0.029297 0.638672 0.027344 0.640624 0.027344 0.642577 0.025392 0.644533 0.029297 0.648437 0.033202 0.644533 0.035155 0.644533
0 0.580078 0.214843 0.580078 0.216795 0.578125 0.218751 0.582031 0.218751 0.583983 0.220703 0.587892 0.220703 0.589845 0.222655 0.589845 0.220703 0.591798 0.218751 0.591798 0.216795 0.582031 0.216795
0 0.763673 0.234376 0.763673 0.236328 0.76172 0.238281 0.763673 0.240233 0.767578 0.240233 0.769531 0.242189 0.773436 0.242189 0.775389 0.244141 0.775389 0.242189 0.777345 0.240233 0.777345 0.238281 0.771484 0.238281 0.769531 0.236328 0.765626 0.236328
0 0.20703 0.244141 0.205078 0.246093 0.205078 0.248045 0.203125 0.250001 0.203125 0.251953 0.201172 0.253906 0.205078 0.253906 0.20703 0.255858 0.20703 0.253906 0.208983 0.251953 0.208983 0.250001 0.210939 0.248045 0.210939 0.246093 0.208983 0.246093
1 0.142579 0.029298 0.140626 0.03125 0.140626 0.033202 0.138674 0.035155 0.142579 0.035155 0.144531 0.037111 0.150389 0.037111 0.152346 0.039063 0.156251 0.039063 0.158203 0.041015 0.158203 0.037111 0.160156 0.035155 0.160156 0.033202 0.152346 0.033202 0.150389 0.03125 0.144531 0.03125
0 0.57422 0.23242 0.57422 0.234376 0.572264 0.236328 0.57422 0.236328 0.576173 0.238281 0.578125 0.238281 0.580078 0.240233 0.580078 0.238281 0.582031 0.236328 0.580078 0.236328 0.578125 0.234376 0.576173 0.234376
0 0.458986 0.335939 0.458986 0.343752 0.464844 0.343752 0.464844 0.335939
0 0.558596 0.359377 0.558596 0.363281 0.570311 0.363281 0.570311 0.359377
0 0.71289 0.083986 0.71289 0.09375 0.714843 0.09375 0.716795 0.095703 0.716795 0.091798 0.718752 0.089842 0.718752 0.085938 0.714843 0.085938
0 0.136717 0.001952 0.132812 0.00586 0.134765 0.00586 0.136717 0.007813 0.138674 0.007813 0.142579 0.011717 0.144531 0.009765 0.144531 0.007813 0.146484 0.00586 0.142579 0.00586 0.140626 0.003904 0.138674 0.003904
1 0.203125 0.070313 0.19922 0.074217 0.19922 0.076173 0.189453 0.085938 0.189453 0.08789 0.183595 0.09375 0.185548 0.09375 0.1875 0.095703 0.189453 0.095703 0.191405 0.097655 0.193358 0.095703 0.193358 0.09375 0.197267 0.089842 0.197267 0.08789 0.19922 0.085938 0.19922 0.083986 0.203125 0.080078 0.205078 0.080078 0.205078 0.078125 0.20703 0.076173 0.205078 0.074217 0.205078 0.072265
1 0.726562 0.250001 0.724609 0.251953 0.724609 0.253906 0.722657 0.255858 0.722657 0.257814 0.720704 0.259766 0.720704 0.261718 0.716795 0.265626 0.716795 0.267579 0.714843 0.269531 0.714843 0.271483 0.71289 0.273439 0.714843 0.273439 0.718752 0.277343 0.720704 0.277343 0.722657 0.279295 0.722657 0.277343 0.724609 0.275391 0.724609 0.273439 0.726562 0.271483 0.726562 0.267579 0.728515 0.265626 0.728515 0.261718 0.730467 0.259766 0.730467 0.257814 0.732424 0.255858 0.732424 0.253906 0.730467 0.253906
0 0.417969 0.328127 0.417969 0.337891 0.423827 0.337891 0.423827 0.328127
0 0.158203 0.089842 0.158203 0.091798 0.156251 0.09375 0.156251 0.095703 0.154298 0.097655 0.158203 0.101563 0.162109 0.097655 0.162109 0.095703 0.166014 0.091798 0.160156 0.091798
0 0.466796 0.650389 0.464844 0.652345 0.464844 0.654297 0.460938 0.658202 0.462891 0.658202 0.466796 0.66211 0.466796 0.660158 0.468749 0.658202 0.468749 0.656249 0.470701 0.654297
0 0.251952 0.759765 0.248046 0.763673 0.251952 0.763673 0.253908 0.765625 0.255861 0.765625 0.257813 0.767577 0.261719 0.767577 0.263671 0.769529 0.263671 0.767577 0.265624 0.765625 0.263671 0.765625 0.261719 0.763673 0.257813 0.763673 0.255861 0.761721 0.253908 0.761721
0 0.291015 0.777342 0.291015 0.783202 0.294921 0.783202 0.296873 0.785154 0.29883 0.785154 0.300782 0.78711 0.300782 0.785154 0.302735 0.783202 0.300782 0.783202 0.29883 0.78125 0.296873 0.78125 0.294921 0.779298 0.292968 0.779298
0 0.650391 0 0.646486 0.003904 0.652344 0.009765 0.654296 0.009765 0.656249 0.007813 0.652344 0.003904 0.652344 0.001952
0 0.08008 0.357421 0.078124 0.359377 0.074218 0.359377 0.074218 0.363281 0.076171 0.365233 0.076171 0.369142 0.078124 0.367189 0.08008 0.367189
0 0.591798 0.890626 0.591798 0.892578 0.589845 0.89453 0.589845 0.896486 0.591798 0.896486 0.59375 0.898438 0.597655 0.898438 0.599608 0.90039 0.601561 0.90039 0.603517 0.902342 0.603517 0.90039 0.60547 0.898438 0.60547 0.896486 0.603517 0.896486 0.601561 0.89453 0.597655 0.89453 0.595703 0.892578 0.59375 0.892578
0 0.570311 0.244141 0.570311 0.246093 0.568359 0.248045 0.572264 0.248045 0.57422 0.250001 0.576173 0.250001 0.578125 0.251953 0.578125 0.250001 0.580078 0.248045 0.576173 0.248045 0.57422 0.246093 0.572264 0.246093
0 0.572264 0.154299 0.570311 0.156251 0.570311 0.158203 0.568359 0.160155 0.570311 0.160155 0.57422 0.164063 0.576173 0.164063 0.580078 0.167968 0.582031 0.166015 0.582031 0.164063 0.583983 0.162111 0.582031 0.162111 0.578125 0.158203 0.576173 0.158203
0 0.943359 0.507811 0.943359 0.509767 0.941406 0.511719 0.941406 0.513672 0.945312 0.513672 0.947264 0.515624 0.951173 0.515624 0.953126 0.51758 0.953126 0.513672 0.951173 0.513672 0.947264 0.509767 0.945312 0.509767
0 0.148437 0.716798 0.148437 0.720702 0.146484 0.722658 0.146484 0.726562 0.156251 0.726562 0.158203 0.728514 0.158203 0.72461 0.160156 0.722658 0.160156 0.71875 0.150389 0.71875
0 0.404297 0.63672 0.404297 0.642577 0.412108 0.642577 0.412108 0.63672
0 0.546876 0.29492 0.546876 0.300781 0.554686 0.300781 0.556639 0.302733 0.556639 0.296876 0.548829 0.296876
0 0.173828 0.09375 0.171876 0.095703 0.171876 0.097655 0.169923 0.099611 0.169923 0.101563 0.16797 0.103515 0.169923 0.103515 0.173828 0.107423 0.173828 0.105467 0.175781 0.103515 0.175781 0.101563 0.177733 0.099611 0.177733 0.097655 0.179686 0.095703 0.175781 0.095703
0 0.570311 0.406248 0.570311 0.408204 0.568359 0.410156 0.568359 0.412109 0.572264 0.412109 0.57422 0.414061 0.578125 0.414061 0.580078 0.416017 0.582031 0.414061 0.582031 0.412109 0.583983 0.410156 0.578125 0.410156 0.576173 0.408204 0.572264 0.408204
0 0.548829 0.376954 0.548829 0.378906 0.546876 0.380858 0.554686 0.380858 0.556639 0.382811 0.556639 0.376954
0 0.046874 0.669922 0.046874 0.671875 0.044922 0.673827 0.050783 0.673827 0.052736 0.675783 0.052736 0.673827 0.054688 0.671875 0.048827 0.671875
0 0.492188 0.078125 0.492188 0.083986 0.490235 0.085938 0.490235 0.091798 0.496093 0.091798 0.498046 0.09375 0.496093 0.091798 0.496093 0.08789 0.498046 0.085938 0.498046 0.080078 0.49414 0.080078
0 0.11914 0.015625 0.11914 0.017577 0.117187 0.019529 0.123045 0.02539 0.125001 0.02539 0.126954 0.027342 0.128907 0.027342 0.128907 0.02539 0.130859 0.023438 0.128907 0.023438 0.125001 0.019529 0.123045 0.019529
0 0.246094 0.0625 0.240236 0.068361 0.23828 0.068361 0.234374 0.072265 0.240236 0.078125 0.244141 0.074217 0.244141 0.072265 0.249999 0.066405
0 0.546876 0.396483 0.546876 0.402344 0.562501 0.402344 0.562501 0.400392 0.560548 0.398436 0.560548 0.396483
0 0.619142 0.941405 0.619142 0.943361 0.617189 0.945313 0.617189 0.947266 0.621094 0.947266 0.623047 0.949218 0.626952 0.949218 0.628905 0.951174 0.628905 0.947266 0.626952 0.947266 0.623047 0.943361 0.621094 0.943361
0 0.257813 0.546874 0.257813 0.54883 0.255861 0.550782 0.255861 0.552734 0.257813 0.552734 0.259766 0.554686 0.261719 0.554686 0.263671 0.556642 0.263671 0.554686 0.265624 0.552734 0.263671 0.550782 0.261719 0.550782
0 0.234374 0.54297 0.234374 0.552734 0.23828 0.552734 0.23828 0.54883 0.240236 0.546874 0.240236 0.54297
0 0.697265 0.076173 0.697265 0.080078 0.695313 0.08203 0.695313 0.083986 0.697265 0.083986 0.699218 0.085938 0.699218 0.083986 0.701171 0.08203 0.701171 0.078125 0.699218 0.078125
0 0.378906 0.640624 0.373048 0.646485 0.375001 0.646485 0.378906 0.650389 0.384767 0.644533 0.382811 0.644533
0 0.76172 0.240233 0.76172 0.242189 0.759764 0.244141 0.759764 0.246093 0.76172 0.246093 0.763673 0.248045 0.765626 0.248045 0.767578 0.250001 0.769531 0.250001 0.771484 0.251953 0.773436 0.250001 0.773436 0.248045 0.775389 0.246093 0.773436 0.246093 0.771484 0.244141 0.767578 0.244141 0.765626 0.242189 0.763673 0.242189
0 0.658202 0.041015 0.658202 0.044923 0.667968 0.044923 0.669921 0.046875 0.669921 0.042967 0.660158 0.042967
0 0.136717 0.515624 0.136717 0.51758 0.134765 0.519532 0.134765 0.521484 0.136717 0.521484 0.138674 0.523436 0.140626 0.523436 0.142579 0.525392 0.142579 0.523436 0.144531 0.521484 0.142579 0.519532 0.140626 0.519532
1 0.166014 0.054688 0.162109 0.058592 0.162109 0.060548 0.154298 0.068361 0.154298 0.070313 0.150389 0.074217 0.152346 0.074217 0.156251 0.078125 0.158203 0.078125 0.162109 0.08203 0.162109 0.080078 0.164061 0.078125 0.164061 0.076173 0.166014 0.074217 0.166014 0.072265 0.16797 0.070313 0.16797 0.068361 0.169923 0.066405 0.169923 0.064452 0.171876 0.0625 0.171876 0.060548 0.173828 0.058592 0.173828 0.05664 0.16797 0.05664
1 0.544923 0.08203 0.544923 0.083986 0.542967 0.085938 0.542967 0.08789 0.541014 0.089842 0.541014 0.091798 0.539062 0.09375 0.539062 0.095703 0.537109 0.097655 0.541014 0.097655 0.542967 0.099611 0.542967 0.097655 0.544923 0.095703 0.544923 0.091798 0.546876 0.089842 0.546876 0.08789 0.548829 0.085938 0.548829 0.083986 0.546876 0.083986
0 0.626952 0.085938 0.625 0.08789 0.617189 0.08789 0.617189 0.09375 0.619142 0.091798 0.626952 0.091798
0 0.587892 0.203126 0.587892 0.205078 0.585936 0.20703 0.587892 0.208983 0.589845 0.208983 0.591798 0.210939 0.595703 0.210939 0.597655 0.212891 0.601561 0.208983 0.599608 0.208983 0.597655 0.20703 0.59375 0.20703 0.591798 0.205078 0.589845 0.205078
0 0.468749 0.308593 0.466796 0.310546 0.466796 0.312502 0.464844 0.314454 0.464844 0.316406 0.462891 0.318358 0.464844 0.318358 0.466796 0.320314 0.468749 0.318358 0.468749 0.316406 0.472658 0.312502
0 0.503907 0.064452 0.503907 0.078125 0.509765 0.078125 0.509765 0.066405 0.511718 0.064452
0 0.587892 0.162111 0.587892 0.164063 0.585936 0.166015 0.585936 0.167968 0.589845 0.167968 0.591798 0.169924 0.595703 0.169924 0.597655 0.171876 0.601561 0.171876 0.603517 0.173828 0.603517 0.171876 0.60547 0.169924 0.60547 0.167968 0.601561 0.167968 0.599608 0.166015 0.595703 0.166015 0.59375 0.164063 0.589845 0.164063
1 0.345704 0.042967 0.343751 0.044923 0.343751 0.046875 0.341798 0.048827 0.343751 0.048827 0.347656 0.052736 0.349609 0.052736 0.353514 0.05664 0.355471 0.05664 0.359376 0.060548 0.365234 0.054688 0.363281 0.054688 0.359376 0.05078 0.357423 0.05078 0.355471 0.048827 0.353514 0.048827 0.349609 0.044923 0.347656 0.044923
0 0.589845 0.318358 0.587892 0.320314 0.580078 0.320314 0.580078 0.324218 0.589845 0.324218
1 0.636719 0.048827 0.632814 0.052736 0.634766 0.052736 0.636719 0.054688 0.638672 0.054688 0.640624 0.05664 0.642577 0.05664 0.64453 0.058592 0.646486 0.058592 0.648439 0.060548 0.650391 0.060548 0.652344 0.0625 0.654296 0.060548 0.654296 0.058592 0.656249 0.05664 0.652344 0.05664 0.650391 0.054688 0.648439 0.054688 0.646486 0.052736 0.642577 0.052736 0.640624 0.05078 0.638672 0.05078
0 0.441405 0.09375 0.441405 0.095703 0.439452 0.097655 0.441405 0.097655 0.443361 0.099611 0.447266 0.099611 0.449219 0.101563 0.451171 0.101563 0.453124 0.103515 0.453124 0.101563 0.455077 0.099611 0.455077 0.097655 0.449219 0.097655 0.447266 0.095703 0.443361 0.095703
0 0.490235 0.353516 0.488282 0.355469 0.48633 0.355469 0.490235 0.359377 0.490235 0.361329 0.492188 0.363281 0.49414 0.361329 0.498046 0.361329
0 0.003905 0.222655 0.003905 0.224608 0.001953 0.226564 0.001953 0.228516 0 0.230468 0.003905 0.234376 0.005858 0.23242 0.005858 0.230468 0.009767 0.226564 0.007814 0.226564
0 0.544923 0.382811 0.544923 0.386719 0.552734 0.386719 0.554686 0.388671 0.554686 0.384767 0.546876 0.384767
0 0.32617 0.578124 0.32617 0.580076 0.324217 0.582032 0.324217 0.583984 0.32617 0.583984 0.328126 0.585937 0.330079 0.585937 0.332032 0.587889 0.335937 0.583984 0.333984 0.583984 0.330079 0.580076 0.328126 0.580076
0 0.570311 0.343752 0.570311 0.347656 0.580078 0.347656 0.580078 0.343752
0 0.404297 0.05078 0.404297 0.05664 0.416017 0.05664 0.417969 0.058592 0.417969 0.05078
1 0.517579 0.070313 0.517579 0.074217 0.515627 0.076173 0.515627 0.08203 0.51367 0.083986 0.51367 0.085938 0.519532 0.085938 0.521484 0.08789 0.521484 0.083986 0.523437 0.08203 0.523437 0.076173 0.52539 0.074217 0.52539 0.070313
0 0.445314 0.326171 0.443361 0.328127 0.443361 0.330079 0.439452 0.333983 0.443361 0.333983 0.445314 0.335939 0.445314 0.333983 0.447266 0.332031 0.447266 0.330079 0.449219 0.328127 0.447266 0.328127
0 0.746092 0.14453 0.744139 0.146486 0.738282 0.146486 0.738282 0.148438 0.736329 0.15039 0.736329 0.152343 0.738282 0.15039 0.746092 0.15039
0 0.378906 0.63086 0.378906 0.632812 0.376953 0.634764 0.376953 0.63672 0.380858 0.63672 0.382811 0.638672 0.384767 0.638672 0.38672 0.640624 0.38672 0.638672 0.388673 0.63672 0.388673 0.634764 0.384767 0.634764 0.382811 0.632812 0.380858 0.632812
0 0.570311 0.675783 0.570311 0.677735 0.568359 0.679687 0.568359 0.685547 0.566406 0.6875 0.566406 0.689452 0.570311 0.69336 0.570311 0.691408 0.572264 0.689452 0.572264 0.685547 0.57422 0.683595 0.57422 0.681639 0.576173 0.679687 0.576173 0.677735 0.572264 0.677735
0 0.464844 0.349608 0.462891 0.351564 0.462891 0.353516 0.460938 0.355469 0.460938 0.357421 0.458986 0.359377 0.462891 0.359377 0.464844 0.361329 0.466796 0.361329 0.468749 0.363281 0.468749 0.359377 0.470701 0.357421 0.470701 0.353516 0.468749 0.353516
0 0.945312 0.498046 0.945312 0.501955 0.943359 0.503907 0.943359 0.505859 0.945312 0.505859 0.947264 0.507811 0.949217 0.507811 0.951173 0.509767 0.953126 0.509767 0.955079 0.511719 0.955079 0.509767 0.957031 0.507811 0.957031 0.505859 0.958984 0.503907 0.957031 0.503907 0.955079 0.501955 0.951173 0.501955 0.949217 0.499999 0.947264 0.499999
0 0.570311 0.337891 0.570311 0.341796 0.582031 0.341796 0.582031 0.337891
0 0.47461 0.353516 0.47461 0.357421 0.472658 0.359377 0.472658 0.363281 0.476563 0.363281 0.478516 0.365233 0.478516 0.359377 0.480468 0.357421 0.480468 0.353516
1 0.535157 0.101563 0.533204 0.103515 0.533204 0.105467 0.531251 0.107423 0.531251 0.109376 0.529299 0.111328 0.529299 0.11328 0.527342 0.115236 0.529299 0.115236 0.533204 0.11914 0.535157 0.117188 0.535157 0.115236 0.537109 0.11328 0.537109 0.111328 0.539062 0.109376 0.539062 0.107423 0.541014 0.105467 0.539062 0.105467
0 0.109377 0.039063 0.109377 0.041015 0.10742 0.042967 0.109377 0.042967 0.111329 0.044923 0.115235 0.044923 0.117187 0.046875 0.11914 0.046875 0.121092 0.048827 0.125001 0.044923 0.121092 0.044923 0.11914 0.042967 0.117187 0.042967 0.115235 0.041015 0.111329 0.041015
0 0.957031 0.470704 0.957031 0.474609 0.958984 0.474609 0.960936 0.476561 0.962889 0.476561 0.964845 0.478517 0.966798 0.476561 0.966798 0.474609 0.968751 0.472657 0.958984 0.472657
0 0.453124 0.865236 0.453124 0.86914 0.462891 0.86914 0.464844 0.871092 0.464844 0.865236
0 0.429689 0.292968 0.423827 0.298829 0.427736 0.302733 0.429689 0.300781 0.429689 0.298829 0.433594 0.29492 0.431641 0.29492
0 0.291015 0 0.28711 0.003904 0.289063 0.003904 0.292968 0.007813 0.29883 0.001952 0.292968 0.001952
0 0.435547 0.337891 0.435547 0.339844 0.433594 0.341796 0.433594 0.343752 0.431641 0.345704 0.435547 0.345704 0.437499 0.347656 0.437499 0.345704 0.439452 0.343752 0.439452 0.341796 0.441405 0.339844 0.437499 0.339844
0 0.539062 0.365233 0.539062 0.367189 0.537109 0.369142 0.537109 0.373046 0.535157 0.375002 0.535157 0.376954 0.539062 0.376954 0.541014 0.378906 0.541014 0.376954 0.542967 0.375002 0.542967 0.373046 0.544923 0.371094 0.544923 0.369142 0.542967 0.369142
0 0.035155 0.259766 0.033202 0.261718 0.033202 0.26367 0.029297 0.267579 0.035155 0.273439 0.037111 0.271483 0.037111 0.269531 0.039064 0.267579 0.039064 0.265626 0.041016 0.26367 0.039064 0.26367
0 0.455077 0.054688 0.455077 0.068361 0.457033 0.066405 0.458986 0.066405 0.458986 0.064452 0.460938 0.0625 0.460938 0.054688
0 0.617189 0.011717 0.617189 0.015625 0.628905 0.015625 0.630861 0.013673 0.630861 0.011717
0 0.603517 0.17578 0.603517 0.185549 0.609375 0.185549 0.609375 0.17578
0 0.511718 0.066405 0.511718 0.076173 0.51367 0.076173 0.515627 0.074217 0.515627 0.068361 0.51367 0.068361
0 0.626952 0.125001 0.625 0.126953 0.623047 0.126953 0.625 0.126953 0.628905 0.130861 0.630861 0.130861 0.632814 0.132813 0.632814 0.126953 0.628905 0.126953
0 0.64453 0.03125 0.64453 0.033202 0.642577 0.035155 0.646486 0.039063 0.648439 0.039063 0.654296 0.044923 0.656249 0.042967 0.656249 0.039063 0.654296 0.039063 0.650391 0.035155 0.648439 0.035155
1 0.435547 0.029298 0.435547 0.03125 0.433594 0.033202 0.433594 0.037111 0.431641 0.039063 0.431641 0.041015 0.429689 0.042967 0.429689 0.046875 0.427736 0.048827 0.427736 0.05078 0.431641 0.05078 0.433594 0.052736 0.433594 0.05078 0.435547 0.048827 0.435547 0.044923 0.437499 0.042967 0.437499 0.041015 0.439452 0.039063 0.439452 0.035155 0.441405 0.033202 0.441405 0.03125 0.437499 0.03125
0 0.130859 0.105467 0.130859 0.107423 0.128907 0.109376 0.128907 0.111328 0.126954 0.11328 0.130859 0.11328 0.134765 0.109376
0 0.462891 0.070313 0.462891 0.074217 0.464844 0.076173 0.464844 0.080078 0.468749 0.080078 0.468749 0.070313
0 0.703123 0.078125 0.703123 0.08203 0.701171 0.083986 0.701171 0.08789 0.703123 0.08789 0.70508 0.089842 0.70508 0.08789 0.707032 0.085938 0.707032 0.08203 0.708985 0.080078 0.70508 0.080078
0 0.64453 0.00586 0.64453 0.007813 0.642577 0.009765 0.64453 0.011717 0.646486 0.011717 0.650391 0.015625 0.650391 0.013673 0.652344 0.011717 0.650391 0.009765 0.648439 0.009765
0 0.261719 0.03125 0.255861 0.037111 0.259766 0.041015 0.267576 0.033202 0.263671 0.033202
0 0.773436 0.218751 0.771484 0.220703 0.771484 0.222655 0.769531 0.224608 0.771484 0.224608 0.775389 0.228516 0.777345 0.226564 0.777345 0.224608 0.779298 0.222655 0.777345 0.222655
0 0.499998 0.080078 0.499998 0.085938 0.498046 0.08789 0.498046 0.091798 0.50586 0.091798 0.50586 0.080078
0 0.589845 0.195313 0.589845 0.197266 0.587892 0.199218 0.587892 0.20117 0.589845 0.20117 0.591798 0.203126 0.59375 0.203126 0.595703 0.205078 0.597655 0.205078 0.599608 0.20703 0.603517 0.203126 0.601561 0.203126 0.599608 0.20117 0.597655 0.20117 0.59375 0.197266 0.591798 0.197266
0 0.623047 0.033202 0.621094 0.035155 0.617189 0.035155 0.615233 0.037111 0.611327 0.037111 0.611327 0.042967 0.61328 0.041015 0.617189 0.041015 0.619142 0.039063 0.623047 0.039063
0 0.29883 0.314454 0.296873 0.316406 0.296873 0.318358 0.294921 0.320314 0.296873 0.320314 0.300782 0.324218 0.302735 0.324218 0.304687 0.326171 0.30664 0.324218 0.30664 0.322266 0.308593 0.320314 0.30664 0.320314 0.302735 0.316406 0.300782 0.316406
0 0.125001 0.003904 0.125001 0.007813 0.123045 0.009765 0.123045 0.011717 0.125001 0.011717 0.126954 0.013673 0.128907 0.013673 0.130859 0.015625 0.132812 0.015625 0.134765 0.017577 0.134765 0.015625 0.136717 0.013673 0.136717 0.011717 0.138674 0.009765 0.136717 0.009765 0.134765 0.007813 0.130859 0.007813 0.128907 0.00586 0.126954 0.00586
0 0.443361 0.300781 0.441405 0.302733 0.441405 0.304689 0.437499 0.308593 0.441405 0.308593 0.443361 0.310546 0.443361 0.308593 0.445314 0.306641 0.445314 0.304689 0.449219 0.300781
0 0.648439 0.128905 0.646486 0.130861 0.64453 0.130861 0.642577 0.132813 0.640624 0.132813 0.640624 0.136718 0.642577 0.134765 0.648439 0.134765
0 0.048827 0.660158 0.044922 0.664062 0.048827 0.664062 0.050783 0.666014 0.052736 0.666014 0.054688 0.66797 0.054688 0.664062 0.052736 0.664062
0 0.021483 0.246093 0.01953 0.248045 0.013672 0.248045 0.013672 0.251953 0.015625 0.253906 0.015625 0.259766 0.021483 0.259766
0 0.603517 0.132813 0.603517 0.134765 0.601561 0.136718 0.601561 0.140626 0.599608 0.142578 0.599608 0.14453 0.601561 0.14453 0.603517 0.146486 0.60547 0.14453 0.60547 0.142578 0.607422 0.140626 0.607422 0.138674 0.609375 0.136718 0.607422 0.136718
0 0.115235 0.03125 0.115235 0.033202 0.113282 0.035155 0.113282 0.037111 0.115235 0.037111 0.117187 0.039063 0.11914 0.039063 0.121092 0.041015 0.123045 0.041015 0.125001 0.042967 0.125001 0.041015 0.126954 0.039063 0.125001 0.039063 0.121092 0.035155 0.11914 0.035155
0 0.408203 0.042967 0.408203 0.044923 0.40625 0.046875 0.40625 0.048827 0.417969 0.048827 0.419922 0.046875 0.416017 0.046875 0.414064 0.044923 0.410155 0.044923
0 0.566406 0.255858 0.566406 0.257814 0.564453 0.259766 0.566406 0.261718 0.568359 0.261718 0.570311 0.26367 0.572264 0.26367 0.57422 0.261718 0.572264 0.259766 0.570311 0.259766
0 0.271485 0.023438 0.267576 0.027342 0.265624 0.027342 0.267576 0.029298 0.267576 0.03125 0.273438 0.02539
0 0.417969 0.02539 0.417969 0.03125 0.423827 0.03125 0.42578 0.033202 0.42578 0.03125 0.427736 0.029298 0.427736 0.027342 0.419922 0.027342
0 0.462891 0.058592 0.462891 0.0625 0.460938 0.064452 0.460938 0.066405 0.462891 0.068361 0.468749 0.068361 0.468749 0.058592
0 0.203125 0.08203 0.201172 0.083986 0.201172 0.085938 0.19922 0.08789 0.19922 0.089842 0.197267 0.091798 0.197267 0.09375 0.195311 0.095703 0.19922 0.099611 0.201172 0.097655 0.201172 0.095703 0.203125 0.09375 0.203125 0.091798 0.20703 0.08789 0.20703 0.085938 0.208983 0.083986 0.205078 0.083986
0 0.583983 0.287108 0.583983 0.289064 0.582031 0.291016 0.582031 0.29492 0.580078 0.296876 0.580078 0.298829 0.583983 0.298829 0.585936 0.300781 0.585936 0.29492 0.587892 0.292968 0.587892 0.289064 0.585936 0.289064
0 0.558596 0.269531 0.558596 0.271483 0.556639 0.273439 0.560548 0.273439 0.562501 0.275391 0.568359 0.275391 0.568359 0.271483 0.560548 0.271483
0 0.632814 0.123048 0.632814 0.125001 0.634766 0.126953 0.634766 0.134765 0.638672 0.134765 0.638672 0.128905 0.640624 0.126953 0.640624 0.123048
0 0.564453 0.349608 0.564453 0.353516 0.578125 0.353516 0.578125 0.349608
0 0.039064 0.449219 0.039064 0.453123 0.037111 0.455079 0.037111 0.458984 0.042969 0.458984 0.042969 0.455079 0.044922 0.453123 0.044922 0.449219
0 0.457033 0.068361 0.457033 0.074217 0.455077 0.076173 0.455077 0.080078 0.462891 0.080078 0.462891 0.076173 0.460938 0.074217 0.460938 0.068361
0 0.193358 0.064452 0.191405 0.066405 0.191405 0.068361 0.1875 0.072265 0.1875 0.074217 0.185548 0.076173 0.1875 0.076173 0.191405 0.080078 0.195311 0.076173 0.195311 0.074217 0.19922 0.070313
0 0.078124 0.675783 0.078124 0.677735 0.076171 0.679687 0.076171 0.681639 0.083985 0.681639 0.085938 0.683595 0.089843 0.679687 0.085938 0.679687 0.083985 0.677735 0.08008 0.677735
0 0.423827 0.316406 0.423827 0.326171 0.42578 0.324218 0.429689 0.324218 0.429689 0.316406
0 0.544923 0.658202 0.544923 0.66211 0.546876 0.664062 0.546876 0.66797 0.550781 0.66797 0.550781 0.658202
0 0.464844 0.624999 0.464844 0.626952 0.462891 0.628907 0.464844 0.628907 0.468749 0.632812 0.470701 0.632812 0.472658 0.634764 0.472658 0.632812 0.47461 0.63086 0.47461 0.628907 0.470701 0.628907 0.468749 0.626952 0.466796 0.626952
1 0.662111 0.058592 0.662111 0.060548 0.660158 0.0625 0.660158 0.064452 0.658202 0.066405 0.658202 0.068361 0.662111 0.068361 0.664063 0.070313 0.666016 0.070313 0.667968 0.072265 0.671874 0.072265 0.673826 0.074217 0.675783 0.074217 0.677735 0.076173 0.677735 0.074217 0.679688 0.072265 0.679688 0.070313 0.681641 0.068361 0.679688 0.068361 0.677735 0.066405 0.675783 0.066405 0.673826 0.064452 0.671874 0.064452 0.669921 0.0625 0.667968 0.0625 0.666016 0.060548 0.664063 0.060548
0 0.123045 0.511719 0.115235 0.519532 0.11914 0.523436 0.121092 0.521484 0.121092 0.519532 0.125001 0.515624 0.123045 0.513672
1 0.529299 0.076173 0.529299 0.078125 0.527342 0.080078 0.527342 0.08203 0.52539 0.083986 0.52539 0.085938 0.523437 0.08789 0.523437 0.089842 0.52539 0.089842 0.527342 0.091798 0.529299 0.091798 0.531251 0.09375 0.531251 0.091798 0.533204 0.089842 0.533204 0.085938 0.535157 0.083986 0.535157 0.08203 0.537109 0.080078 0.537109 0.078125 0.531251 0.078125
0 0.742187 0.529297 0.738282 0.533205 0.740234 0.535157 0.742187 0.535157 0.748048 0.541017 0.750001 0.539061 0.750001 0.537109 0.751954 0.535157 0.750001 0.535157 0.746092 0.531249 0.744139 0.531249
0 0.61328 0.140626 0.61328 0.142578 0.611327 0.14453 0.611327 0.146486 0.617189 0.146486 0.619142 0.148438 0.623047 0.148438 0.625 0.15039 0.625 0.148438 0.626952 0.146486 0.625 0.146486 0.623047 0.14453 0.619142 0.14453 0.617189 0.142578 0.615233 0.142578
0 0.517579 0.365233 0.517579 0.367189 0.515627 0.369142 0.515627 0.371094 0.51367 0.373046 0.517579 0.373046 0.519532 0.375002 0.523437 0.375002 0.52539 0.376954 0.52539 0.373046 0.527342 0.371094 0.527342 0.369142 0.523437 0.369142 0.521484 0.367189 0.519532 0.367189
0 0.208983 0.091798 0.205078 0.095703 0.205078 0.097655 0.19922 0.103515 0.203125 0.103515 0.205078 0.105467 0.210939 0.099611 0.210939 0.097655 0.208983 0.095703
1 0.750001 0.08203 0.750001 0.085938 0.748048 0.08789 0.748048 0.089842 0.750001 0.089842 0.751954 0.091798 0.753906 0.091798 0.755859 0.09375 0.757811 0.09375 0.76172 0.097655 0.763673 0.097655 0.765626 0.099611 0.767578 0.099611 0.769531 0.101563 0.769531 0.097655 0.771484 0.095703 0.771484 0.091798 0.769531 0.091798 0.767578 0.089842 0.765626 0.089842 0.763673 0.08789 0.759764 0.08789 0.757811 0.085938 0.755859 0.085938 0.753906 0.083986 0.751954 0.083986
0 0.615233 0.017577 0.615233 0.023438 0.628905 0.023438 0.628905 0.017577
0 0.548829 0.289064 0.548829 0.29492 0.556639 0.29492 0.558596 0.296876 0.558596 0.29492 0.560548 0.292968 0.556639 0.292968 0.554686 0.291016 0.550781 0.291016
0 0.472658 0.343752 0.468749 0.347656 0.468749 0.349608 0.470701 0.351564 0.476563 0.351564 0.47461 0.349608 0.47461 0.347656 0.472658 0.345704
0 0.556639 0.388671 0.554686 0.390623 0.544923 0.390623 0.546876 0.392579 0.546876 0.394531 0.556639 0.394531
0 0.115235 0.097655 0.109377 0.103515 0.111329 0.105467 0.113282 0.105467 0.117187 0.109376 0.117187 0.107423 0.11914 0.105467 0.11914 0.103515 0.121092 0.101563 0.121092 0.099611 0.117187 0.099611
0 0.603517 0.11914 0.601561 0.121092 0.599608 0.121092 0.597655 0.123048 0.59375 0.123048 0.59375 0.126953 0.595703 0.125001 0.603517 0.125001
0 0.476563 0.343752 0.476563 0.349608 0.478516 0.351564 0.480468 0.351564 0.480468 0.343752
0 0.531251 0.332031 0.531251 0.333983 0.529299 0.335939 0.529299 0.337891 0.533204 0.337891 0.535157 0.339844 0.539062 0.339844 0.541014 0.341796 0.542967 0.339844 0.542967 0.337891 0.544923 0.335939 0.539062 0.335939 0.537109 0.333983 0.533204 0.333983
0 0.541014 0.308593 0.539062 0.310546 0.539062 0.312502 0.537109 0.314454 0.542967 0.314454 0.544923 0.316406 0.548829 0.316406 0.550781 0.318358 0.550781 0.316406 0.552734 0.314454 0.550781 0.314454 0.548829 0.312502 0.546876 0.312502 0.544923 0.310546 0.542967 0.310546
0 0.57422 0.238281 0.570311 0.242189 0.572264 0.242189 0.57422 0.244141 0.576173 0.244141 0.578125 0.246093 0.580078 0.246093 0.582031 0.248045 0.582031 0.246093 0.583983 0.244141 0.582031 0.244141 0.578125 0.240233 0.576173 0.240233
1 0.39453 0.068361 0.39453 0.070313 0.392578 0.072265 0.392578 0.074217 0.39453 0.074217 0.396483 0.076173 0.398436 0.076173 0.400392 0.078125 0.402345 0.078125 0.404297 0.080078 0.408203 0.080078 0.410155 0.08203 0.412108 0.08203 0.414064 0.083986 0.416017 0.083986 0.417969 0.085938 0.419922 0.085938 0.421875 0.08789 0.423827 0.08789 0.42578 0.089842 0.42578 0.08789 0.427736 0.085938 0.427736 0.083986 0.42578 0.083986 0.423827 0.08203 0.421875 0.08203 0.419922 0.080078 0.417969 0.080078 0.416017 0.078125 0.412108 0.078125 0.410155 0.076173 0.408203 0.076173 0.40625 0.074217 0.404297 0.074217 0.402345 0.072265 0.400392 0.072265 0.398436 0.070313 0.396483 0.070313
0 0.478516 0.076173 0.478516 0.078125 0.476563 0.080078 0.476563 0.085938 0.47461 0.08789 0.47461 0.089842 0.480468 0.089842 0.480468 0.078125
0 0.582031 0.312502 0.582031 0.316406 0.589845 0.316406 0.591798 0.314454 0.591798 0.312502
0 0.197267 0.105467 0.195311 0.107423 0.195311 0.109376 0.191405 0.11328 0.193358 0.115236 0.201172 0.107423 0.19922 0.107423
0 0.144531 0.111328 0.138674 0.117188 0.140626 0.117188 0.142579 0.11914 0.144531 0.11914 0.146484 0.121092 0.146484 0.11914 0.148437 0.117188 0.148437 0.115236 0.150389 0.11328 0.146484 0.11328
0 0.623047 0.070313 0.623047 0.08203 0.630861 0.08203 0.630861 0.070313
1 0.173828 0.253906 0.171876 0.255858 0.171876 0.257814 0.169923 0.259766 0.171876 0.259766 0.173828 0.261718 0.177733 0.261718 0.179686 0.26367 0.181642 0.26367 0.183595 0.265626 0.185548 0.265626 0.1875 0.267579 0.191405 0.267579 0.193358 0.269531 0.195311 0.269531 0.197267 0.271483 0.197267 0.267579 0.19922 0.265626 0.19922 0.26367 0.195311 0.26367 0.193358 0.261718 0.191405 0.261718 0.189453 0.259766 0.185548 0.259766 0.183595 0.257814 0.181642 0.257814 0.179686 0.255858 0.175781 0.255858
0 0.585936 0.208983 0.582031 0.212891 0.585936 0.212891 0.587892 0.214843 0.591798 0.214843 0.59375 0.216795 0.59375 0.214843 0.595703 0.212891 0.591798 0.212891 0.589845 0.210939 0.587892 0.210939
0 0.009767 0.640624 0.009767 0.642577 0.007814 0.644533 0.013672 0.644533 0.015625 0.646485 0.017577 0.644533 0.015625 0.644533 0.013672 0.642577 0.011719 0.642577
0 0.203125 0.499999 0.203125 0.503907 0.210939 0.503907 0.210939 0.499999
0 0.466796 0.042967 0.466796 0.048827 0.464844 0.05078 0.464844 0.05664 0.470701 0.05664 0.470701 0.05078 0.472658 0.048827 0.472658 0.042967
1 0.08008 0.037111 0.078124 0.039063 0.078124 0.041015 0.076171 0.042967 0.078124 0.042967 0.08008 0.044923 0.082033 0.044923 0.083985 0.046875 0.085938 0.046875 0.08789 0.048827 0.089843 0.048827 0.091796 0.05078 0.093748 0.05078 0.095705 0.052736 0.097657 0.052736 0.09961 0.054688 0.101562 0.054688 0.103515 0.05664 0.105468 0.05664 0.10742 0.058592 0.109377 0.058592 0.111329 0.060548 0.113282 0.060548 0.115235 0.0625 0.115235 0.060548 0.117187 0.058592 0.117187 0.05664 0.115235 0.05664 0.113282 0.054688 0.111329 0.054688 0.109377 0.052736 0.10742 0.052736 0.105468 0.05078 0.103515 0.05078 0.101562 0.048827 0.09961 0.048827 0.095705 0.044923 0.093748 0.044923 0.091796 0.042967 0.089843 0.042967 0.08789 0.041015 0.085938 0.041015 0.083985 0.039063 0.082033 0.039063
0 0.470701 0.074217 0.470701 0.080078 0.468749 0.08203 0.468749 0.085938 0.47461 0.085938 0.47461 0.080078 0.476563 0.078125 0.476563 0.076173 0.472658 0.076173
1 0.117187 0.023438 0.117187 0.027342 0.115235 0.029298 0.11914 0.033202 0.121092 0.033202 0.123045 0.035155 0.125001 0.035155 0.126954 0.037111 0.128907 0.037111 0.130859 0.039063 0.132812 0.039063 0.134765 0.041015 0.136717 0.039063 0.136717 0.035155 0.134765 0.033202 0.132812 0.033202 0.130859 0.03125 0.128907 0.03125 0.125001 0.027342 0.123045 0.027342 0.121092 0.02539 0.11914 0.02539
0 0.371095 0.792967 0.371095 0.798827 0.382811 0.798827 0.382811 0.794923 0.373048 0.794923
0 0.310545 0.011717 0.300782 0.021485 0.302735 0.021485 0.304687 0.023438 0.30664 0.023438 0.308593 0.02539 0.310545 0.023438 0.310545 0.021485 0.312502 0.019529 0.312502 0.017577 0.314454 0.015625
0 0.136717 0.107423 0.136717 0.109376 0.132812 0.11328 0.132812 0.115236 0.134765 0.117188 0.134765 0.115236 0.136717 0.11328 0.136717 0.111328 0.138674 0.109376
0 0.181642 0.078125 0.179686 0.080078 0.179686 0.08203 0.175781 0.085938 0.175781 0.08789 0.173828 0.089842 0.175781 0.091798 0.177733 0.091798 0.181642 0.095703 0.181642 0.09375 0.183595 0.091798 0.183595 0.089842 0.185548 0.08789 0.185548 0.085938 0.1875 0.083986 0.1875 0.08203 0.185548 0.08203
0 0.482421 0.078125 0.482421 0.09375 0.490235 0.09375 0.488282 0.091798 0.488282 0.085938 0.490235 0.083986 0.490235 0.080078 0.484373 0.080078
0 0.716795 0.988281 0.716795 0.990233 0.714843 0.992189 0.714843 0.994141 0.71289 0.996093 0.714843 0.996093 0.716795 0.998045 0.718752 0.998045 0.720704 1 0.722657 1 0.724609 1 0.726562 1 0.726562 0.998045 0.728515 0.996093 0.726562 0.996093 0.722657 0.992189 0.720704 0.992189
0 0.951173 0.597657 0.951173 0.601562 0.953126 0.603514 0.953126 0.609374 0.958984 0.609374 0.960936 0.611326 0.960936 0.59961 0.953126 0.59961
0 0.49414 0.015625 0.49414 0.019529 0.492188 0.021485 0.492188 0.02539 0.496093 0.02539 0.498046 0.027342 0.498046 0.021485 0.499998 0.019529 0.499998 0.015625
0 0.591798 0.673827 0.591798 0.675783 0.589845 0.677735 0.589845 0.679687 0.587892 0.681639 0.587892 0.683595 0.585936 0.685547 0.585936 0.6875 0.583983 0.689452 0.587892 0.689452 0.589845 0.691408 0.591798 0.691408 0.59375 0.69336 0.59375 0.691408 0.595703 0.689452 0.595703 0.683595 0.597655 0.681639 0.597655 0.679687
1 0.263671 0.298829 0.263671 0.302733 0.261719 0.304689 0.261719 0.306641 0.265624 0.306641 0.267576 0.308593 0.269533 0.308593 0.271485 0.310546 0.275391 0.310546 0.277343 0.312502 0.281249 0.308593 0.279296 0.308593 0.277343 0.306641 0.275391 0.306641 0.271485 0.302733 0.269533 0.302733 0.267576 0.300781 0.265624 0.300781
0 0.517579 0.332031 0.517579 0.333983 0.515627 0.335939 0.515627 0.339844 0.51367 0.341796 0.51367 0.343752 0.515627 0.343752 0.517579 0.345704 0.517579 0.343752 0.519532 0.341796 0.519532 0.335939 0.521484 0.333983 0.521484 0.332031
0 0.708985 0.08203 0.708985 0.085938 0.707032 0.08789 0.707032 0.091798 0.710937 0.091798 0.710937 0.083986 0.71289 0.08203
0 0.177733 0.216795 0.177733 0.218751 0.179686 0.220703 0.179686 0.224608 0.185548 0.224608 0.185548 0.216795
0 0.591798 0.126953 0.591798 0.128905 0.589845 0.130861 0.589845 0.132813 0.587892 0.134765 0.587892 0.136718 0.585936 0.138674 0.591798 0.138674 0.59375 0.140626 0.595703 0.138674 0.595703 0.136718 0.597655 0.134765 0.597655 0.132813 0.599608 0.130861 0.597655 0.130861 0.595703 0.128905 0.59375 0.128905
0 0.492188 0.007813 0.492188 0.013673 0.499998 0.013673 0.501955 0.015625 0.501955 0.007813
1 0.429689 0.02539 0.429689 0.029298 0.427736 0.03125 0.427736 0.033202 0.42578 0.035155 0.42578 0.039063 0.423827 0.041015 0.423827 0.044923 0.42578 0.046875 0.427736 0.046875 0.427736 0.042967 0.429689 0.041015 0.429689 0.039063 0.431641 0.037111 0.431641 0.033202 0.433594 0.03125 0.433594 0.029298 0.435547 0.027342 0.431641 0.027342
0 0.658202 0 0.656249 0.001952 0.654296 0.001952 0.658202 0.00586 0.660158 0.003904 0.662111 0.003904
0 0.992186 0.427734 0.992186 0.433594 1 0.433594 1 0.431642 1 0.429686 0.994142 0.429686
0 0.550781 0.281251 0.550781 0.283204 0.548829 0.285156 0.548829 0.287108 0.552734 0.287108 0.554686 0.289064 0.558596 0.289064 0.560548 0.291016 0.560548 0.287108 0.562501 0.285156 0.562501 0.283204 0.552734 0.283204
0 0.640624 0.558595 0.638672 0.560547 0.632814 0.560547 0.632814 0.57422 0.640624 0.57422
0 0.560548 0.261718 0.560548 0.26367 0.558596 0.265626 0.560548 0.265626 0.564453 0.269531 0.570311 0.269531 0.570311 0.267579 0.572264 0.265626 0.568359 0.265626 0.566406 0.26367 0.562501 0.26367
0 0.572264 0.330079 0.572264 0.335939 0.582031 0.335939 0.583983 0.337891 0.583983 0.332031 0.57422 0.332031
1 0.539062 0.080078 0.537109 0.08203 0.537109 0.083986 0.535157 0.085938 0.535157 0.089842 0.533204 0.091798 0.533204 0.09375 0.535157 0.09375 0.537109 0.095703 0.537109 0.09375 0.539062 0.091798 0.539062 0.08789 0.541014 0.085938 0.541014 0.083986 0.542967 0.08203 0.542967 0.080078
0 0.341798 0.333983 0.339842 0.335939 0.332032 0.335939 0.332032 0.337891 0.333984 0.339844 0.333984 0.341796 0.343751 0.341796 0.343751 0.339844 0.341798 0.337891
0 0.623047 0.003904 0.623047 0.009765 0.625 0.007813 0.630861 0.007813 0.630861 0.003904
0 0.603517 0.59961 0.603517 0.611326 0.609375 0.611326 0.609375 0.607422 0.607422 0.60547 0.607422 0.59961
0 0.482421 0.048827 0.482421 0.052736 0.480468 0.054688 0.480468 0.060548 0.478516 0.0625 0.478516 0.064452 0.484373 0.064452 0.48633 0.066405 0.48633 0.060548 0.488282 0.058592 0.488282 0.052736 0.48633 0.052736
0 0.562501 0.11914 0.562501 0.123048 0.564453 0.125001 0.564453 0.130861 0.572264 0.130861 0.572264 0.126953 0.570311 0.125001 0.570311 0.11914
0 0.718752 0.066405 0.716795 0.068361 0.716795 0.070313 0.714843 0.072265 0.716795 0.072265 0.718752 0.074217 0.722657 0.074217 0.724609 0.076173 0.726562 0.076173 0.728515 0.078125 0.728515 0.076173 0.730467 0.074217 0.728515 0.074217 0.724609 0.070313 0.722657 0.070313
0 0.621094 0.130861 0.621094 0.134765 0.625 0.134765 0.626952 0.136718 0.628905 0.136718 0.630861 0.138674 0.630861 0.136718 0.632814 0.134765 0.628905 0.134765 0.626952 0.132813 0.623047 0.132813
0 0.269533 0.052736 0.267576 0.054688 0.267576 0.05664 0.265624 0.058592 0.265624 0.060548 0.261719 0.064452 0.261719 0.066405 0.259766 0.068361 0.261719 0.068361 0.265624 0.072265 0.267576 0.070313 0.267576 0.068361 0.273438 0.0625 0.273438 0.060548 0.275391 0.058592