1 0.83789 0.712887 0.835934 0.714844 0.833987 0.714844 0.830074 0.718747 0.828128 0.718747 0.826172 0.720704 0.824215 0.720704 0.820312 0.724608 0.818356 0.724608 0.816409 0.726565 0.814453 0.726565 0.812497 0.728511 0.810549 0.728511 0.806637 0.732425 0.80469 0.732425 0.80469 0.736328 0.806637 0.738285 0.806637 0.740232 0.808593 0.742189 0.808593 0.744145 0.810549 0.746092 0.812497 0.744145 0.814453 0.744145 0.818356 0.740232 0.820312 0.740232 0.824215 0.736328 0.826172 0.736328 0.828128 0.734371 0.830074 0.734371 0.833987 0.730468 0.835934 0.730468 0.839846 0.726565 0.841794 0.726565 0.841794 0.724608 0.839846 0.722661 0.839846 0.716801 0.83789 0.714844
0 0.613277 0.69922 0.611331 0.701177 0.609375 0.701177 0.607418 0.703124 0.605471 0.703124 0.603515 0.705081 0.601558 0.705081 0.601558 0.708984 0.603515 0.710941 0.603515 0.712887 0.607418 0.716801 0.607418 0.718747 0.611331 0.722661 0.611331 0.724608 0.613277 0.726565 0.613277 0.728511 0.61719 0.732425 0.61719 0.734371 0.619137 0.736328 0.621093 0.736328 0.626952 0.730468 0.628909 0.730468 0.632812 0.726565 0.630855 0.724608 0.630855 0.722661 0.626952 0.718747 0.626952 0.716801 0.621093 0.710941 0.621093 0.708984 0.615233 0.703124 0.615233 0.701177
0 0.810549 0.859373 0.806637 0.863276 0.806637 0.865233 0.802734 0.869137 0.80469 0.871094 0.80469 0.87305 0.806637 0.874997 0.806637 0.876954 0.808593 0.878911 0.808593 0.880857 0.818356 0.871094 0.818356 0.869137 0.820312 0.86719 0.816409 0.863276 0.816409 0.86133 0.814453 0.859373
0 0.984375 0.623047 0.980472 0.626951 0.978515 0.626951 0.974612 0.630864 0.972656 0.630864 0.968753 0.634768 0.966797 0.634768 0.962893 0.638671 0.960937 0.638671 0.962893 0.640628 0.962893 0.642574 0.96484 0.644531 0.96484 0.646488 0.966797 0.648435 0.966797 0.650392 0.968753 0.652349 0.9707 0.650392 0.972656 0.650392 0.974612 0.648435 0.976559 0.648435 0.978515 0.646488 0.980472 0.646488 0.984375 0.642574 0.986331 0.642574 0.988278 0.640628 0.990234 0.640628 0.99219 0.638671 0.994137 0.638671 0.994137 0.630864 0.99219 0.628907 0.99219 0.626951 0.990234 0.625004 0.990234 0.623047
0 0.320308 0.833986 0.314449 0.839846 0.312502 0.839846 0.308589 0.843749 0.308589 0.845706 0.310546 0.847652 0.310546 0.849609 0.314449 0.853513 0.314449 0.85547 0.316405 0.857426 0.316405 0.859373 0.320308 0.863276 0.320308 0.865233 0.322264 0.86719 0.328124 0.86719 0.332027 0.863276 0.333983 0.863276 0.335939 0.86133 0.333983 0.859373 0.333983 0.85547 0.332027 0.853513 0.332027 0.851566 0.33008 0.849609 0.33008 0.847652 0.328124 0.845706 0.328124 0.843749 0.326168 0.841792 0.326168 0.839846 0.324221 0.837889 0.324221 0.835942 0.322264 0.835942
1 0.847652 0.732425 0.845706 0.734371 0.84375 0.734371 0.841794 0.736328 0.839846 0.736328 0.83789 0.738285 0.835934 0.738285 0.833987 0.740232 0.832031 0.740232 0.830074 0.742189 0.828128 0.742189 0.826172 0.744145 0.824215 0.744145 0.822268 0.746092 0.820312 0.746092 0.818356 0.748049 0.816409 0.748049 0.814453 0.749995 0.812497 0.749995 0.810549 0.751952 0.812497 0.753909 0.812497 0.755856 0.814453 0.757812 0.814453 0.759769 0.816409 0.759769 0.820312 0.763673 0.822268 0.761716 0.824215 0.761716 0.828128 0.757812 0.830074 0.757812 0.833987 0.753909 0.835934 0.753909 0.83789 0.751952 0.839846 0.751952 0.84375 0.748049 0.845706 0.748049 0.849609 0.744145 0.851565 0.744145 0.851565 0.742189 0.849609 0.740232 0.849609 0.736328 0.847652 0.734371
0 0.49023 0.77734 0.484371 0.7832 0.482424 0.7832 0.480468 0.785157 0.480468 0.787114 0.482424 0.78906 0.482424 0.791017 0.486327 0.79492 0.486327 0.796877 0.488284 0.798824 0.488284 0.800781 0.492187 0.804684 0.492187 0.806641 0.494143 0.808598 0.496089 0.808598 0.500002 0.804684 0.501949 0.804684 0.505861 0.800781 0.507809 0.800781 0.505861 0.798824 0.505861 0.796877 0.503905 0.79492 0.503905 0.792964 0.501949 0.791017 0.501949 0.78906 0.500002 0.787114 0.500002 0.785157 0.498046 0.7832 0.498046 0.781254 0.496089 0.779296 0.496089 0.77734
0 0.541018 0 0.539062 0 0.533202 0 0.533202 0 0.531246 0 0.531246 0 0.533202 0 0.533202 0 0.535158 0 0.535158 0 0.537106 0 0.537106 0 0.539062 0 0.539062 0.001952 0.541018 0.003909 0.541018 0.005856 0.542964 0.007813 0.542964 0.00977 0.544921 0.011716 0.544921 0.013673 0.546877 0.01563 0.548824 0.01563 0.552737 0.011716 0.554684 0.011716 0.554684 0.003909 0.552737 0.001952 0.552737 0 0.550781 0 0.550781 0 0.548824 0 0.548824 0 0.546877 0 0.546877 0 0.544921 0 0.544921 0 0.542964 0 0.542964 0
1 0.748044 0.318355 0.74414 0.322268 0.742184 0.322268 0.73828 0.326172 0.736324 0.326172 0.732421 0.330075 0.730465 0.330075 0.732421 0.332032 0.732421 0.333989 0.736324 0.337893 0.736324 0.339839 0.73828 0.341796 0.73828 0.343753 0.742184 0.347656 0.742184 0.349613 0.746097 0.353516 0.746097 0.355473 0.748044 0.35742 0.748044 0.359377 0.751956 0.36328 0.751956 0.365237 0.753903 0.367183 0.755859 0.365237 0.757815 0.365237 0.759762 0.36328 0.761718 0.36328 0.763675 0.361323 0.765621 0.361323 0.767577 0.359377 0.769534 0.359377 0.767577 0.35742 0.767577 0.355473 0.765621 0.353516 0.765621 0.351559 0.763675 0.349613 0.763675 0.347656 0.761718 0.345699 0.761718 0.343753 0.759762 0.341796 0.759762 0.339839 0.757815 0.337893 0.757815 0.335936 0.755859 0.333989 0.755859 0.332032 0.753903 0.330075 0.753903 0.328129 0.751956 0.326172 0.751956 0.324215 0.75 0.322268 0.75 0.320312
0 0.765621 0.785157 0.757815 0.792964 0.761718 0.796877 0.761718 0.798824 0.765621 0.802738 0.769534 0.798824 0.771481 0.798824 0.773437 0.796877 0.773437 0.79492 0.775393 0.792964 0.773437 0.791017 0.773437 0.78906 0.771481 0.787114 0.771481 0.785157
1 0.949218 0.917965 0.947262 0.919922 0.941402 0.919922 0.939456 0.921879 0.935543 0.921879 0.933597 0.923826 0.927738 0.923826 0.925781 0.925782 0.919921 0.925782 0.919921 0.929686 0.917965 0.931643 0.917965 0.933589 0.919921 0.935546 0.919921 0.937503 0.921878 0.93945 0.921878 0.941406 0.923825 0.943363 0.925781 0.943363 0.927738 0.941406 0.929684 0.941406 0.933597 0.937503 0.935543 0.937503 0.9375 0.935546 0.939456 0.935546 0.941402 0.933589 0.943359 0.933589 0.947262 0.929686 0.949218 0.929686 0.951175 0.927739 0.953122 0.927739 0.953122 0.925782 0.951175 0.923826 0.951175 0.921879 0.949218 0.919922
0 0.902343 0.839846 0.900387 0.841792 0.89844 0.841792 0.896484 0.843749 0.894528 0.843749 0.890625 0.847652 0.888669 0.847652 0.886722 0.849609 0.884766 0.849609 0.880862 0.853513 0.878906 0.853513 0.878906 0.857426 0.880862 0.859373 0.880862 0.86133 0.882809 0.863276 0.882809 0.865233 0.884766 0.86719 0.886722 0.86719 0.890625 0.863276 0.892581 0.863276 0.896484 0.859373 0.89844 0.859373 0.902343 0.85547 0.9043 0.85547 0.9043 0.853513 0.906246 0.851566 0.906246 0.849609 0.9043 0.847652 0.9043 0.843749 0.902343 0.841792
0 0.419918 0.767576 0.417971 0.769533 0.416015 0.769533 0.414059 0.771479 0.410155 0.771479 0.410155 0.77734 0.412112 0.779296 0.412112 0.781254 0.414059 0.7832 0.414059 0.785157 0.416015 0.787114 0.416015 0.78906 0.417971 0.791017 0.417971 0.792964 0.419918 0.79492 0.419918 0.796877 0.421874 0.798824 0.421874 0.800781 0.42383 0.802738 0.42383 0.804684 0.427733 0.804684 0.433592 0.798824 0.435549 0.798824 0.437496 0.796877 0.437496 0.79492 0.435549 0.792964 0.435549 0.791017 0.433592 0.78906 0.433592 0.785157 0.431636 0.7832 0.431636 0.781254 0.42969 0.779296 0.42969 0.775393 0.427733 0.773436 0.427733 0.771479 0.425777 0.769533 0.425777 0.767576
0 0.267574 0.859373 0.265627 0.86133 0.26367 0.86133 0.261714 0.863276 0.259768 0.863276 0.257811 0.865233 0.255855 0.865233 0.255855 0.869137 0.257811 0.871094 0.257811 0.87305 0.259768 0.874997 0.259768 0.876954 0.261714 0.878911 0.261714 0.880857 0.265627 0.88476 0.265627 0.886718 0.267574 0.888674 0.267574 0.890621 0.26953 0.892578 0.26953 0.894535 0.271486 0.896481 0.277346 0.896481 0.281249 0.892578 0.283205 0.892578 0.283205 0.888674 0.281249 0.886718 0.281249 0.88476 0.279293 0.882814 0.279293 0.878911 0.277346 0.876954 0.277346 0.87305 0.27539 0.871094 0.27539 0.869137 0.273433 0.86719 0.273433 0.863276 0.271486 0.86133 0.271486 0.859373
0 0.476564 0.656252 0.466793 0.666015 0.466793 0.667973 0.468749 0.669919 0.468749 0.673833 0.470706 0.675779 0.470706 0.677736 0.472652 0.679682 0.472652 0.683596 0.474608 0.685543 0.474608 0.6875 0.476564 0.689457 0.476564 0.691403 0.480468 0.691403 0.482424 0.69336 0.488284 0.6875 0.49023 0.6875 0.492187 0.685543 0.492187 0.683596 0.49023 0.681639 0.49023 0.679682 0.488284 0.677736 0.488284 0.675779 0.486327 0.673833 0.486327 0.671876 0.484371 0.669919 0.484371 0.667973 0.482424 0.666015 0.482424 0.664058 0.480468 0.662112 0.480468 0.660155 0.478512 0.658198 0.478512 0.656252
0 0.179683 0.95703 0.177736 0.958987 0.17578 0.958987 0.173824 0.960934 0.171877 0.960934 0.16992 0.96289 0.167964 0.96289 0.167964 0.966794 0.16992 0.968751 0.16992 0.970708 0.171877 0.972654 0.171877 0.974611 0.173824 0.976557 0.173824 0.980471 0.17578 0.982418 0.17578 0.984375 0.177736 0.986332 0.177736 0.988278 0.179683 0.990235 0.179683 0.992192 0.181639 0.992192 0.183596 0.990235 0.185542 0.990235 0.189455 0.986332 0.191402 0.986332 0.191402 0.980471 0.189455 0.978514 0.189455 0.972654 0.187499 0.970708 0.187499 0.964848 0.185542 0.96289 0.185542 0.958987 0.181639 0.958987
1 0.939456 0.898438 0.9375 0.900395 0.935543 0.900395 0.933597 0.902341 0.93164 0.902341 0.929684 0.904298 0.927738 0.904298 0.925781 0.906255 0.921878 0.906255 0.919921 0.908202 0.917965 0.908202 0.916018 0.910158 0.914062 0.910158 0.912106 0.912105 0.910159 0.912105 0.906246 0.916019 0.908203 0.917965 0.908203 0.919922 0.910159 0.921879 0.910159 0.923826 0.912106 0.925782 0.916018 0.925782 0.919921 0.921879 0.921878 0.921879 0.925781 0.917965 0.927738 0.917965 0.933597 0.912105 0.935543 0.912105 0.939456 0.908202 0.941402 0.908202 0.943359 0.906255 0.941402 0.904298 0.941402 0.902341 0.939456 0.900395
0 0.521484 0.757812 0.515624 0.763673 0.513668 0.763673 0.511721 0.76563 0.513668 0.767576 0.513668 0.769533 0.515624 0.771479 0.515624 0.773436 0.517581 0.775393 0.517581 0.77734 0.519527 0.779296 0.519527 0.781254 0.521484 0.7832 0.521484 0.785157 0.52344 0.787114 0.52344 0.78906 0.525387 0.791017 0.531246 0.791017 0.533202 0.78906 0.535158 0.78906 0.539062 0.785157 0.541018 0.785157 0.541018 0.7832 0.539062 0.781254 0.539062 0.77734 0.537106 0.775393 0.537106 0.773436 0.535158 0.771479 0.535158 0.769533 0.533202 0.767576 0.533202 0.76563 0.531246 0.763673 0.531246 0.761716 0.529299 0.759769 0.529299 0.757812
0 0.888669 0.824222 0.886722 0.826168 0.884766 0.826168 0.882809 0.828125 0.878906 0.828125 0.876949 0.830082 0.875003 0.830082 0.873046 0.832028 0.869143 0.832028 0.867187 0.833986 0.865231 0.833986 0.865231 0.837889 0.869143 0.841792 0.869143 0.843749 0.873046 0.847652 0.875003 0.847652 0.876949 0.845706 0.878906 0.845706 0.880862 0.843749 0.882809 0.843749 0.886722 0.839846 0.888669 0.839846 0.890625 0.837889 0.892581 0.837889 0.894528 0.835942 0.896484 0.835942 0.896484 0.832028 0.894528 0.830082 0.894528 0.828125 0.892581 0.826168 0.892581 0.824222
1 0.890625 0.505863 0.886722 0.509766 0.884766 0.509766 0.878906 0.515626 0.876949 0.515626 0.875003 0.517583 0.876949 0.51953 0.876949 0.521487 0.878906 0.523433 0.878906 0.52539 0.880862 0.527347 0.880862 0.529293 0.882809 0.53125 0.882809 0.533207 0.884766 0.535153 0.884766 0.53711 0.886722 0.539068 0.886722 0.541014 0.888669 0.542971 0.888669 0.544917 0.890625 0.546874 0.890625 0.548831 0.892581 0.550777 0.892581 0.552734 0.894528 0.554691 0.894528 0.556638 0.896484 0.558595 0.896484 0.560552 0.89844 0.562498 0.902343 0.562498 0.9043 0.564455 0.908203 0.560552 0.910159 0.560552 0.914062 0.556638 0.916018 0.556638 0.916018 0.554691 0.914062 0.552734 0.914062 0.550777 0.912106 0.548831 0.912106 0.546874 0.910159 0.544917 0.910159 0.542971 0.908203 0.541014 0.908203 0.539068 0.906246 0.53711 0.906246 0.535153 0.9043 0.533207 0.9043 0.53125 0.902343 0.529293 0.902343 0.527347 0.900387 0.52539 0.900387 0.523433 0.89844 0.521487 0.89844 0.51953 0.896484 0.517583 0.896484 0.515626 0.894528 0.513669 0.894528 0.511723 0.892581 0.509766 0.892581 0.507809
0 0.455074 0.791017 0.451171 0.79492 0.449215 0.79492 0.445312 0.798824 0.443356 0.798824 0.443356 0.804684 0.445312 0.806641 0.445312 0.808598 0.449215 0.812501 0.449215 0.814458 0.451171 0.816405 0.451171 0.818362 0.455074 0.822265 0.455074 0.824222 0.45703 0.826168 0.458987 0.826168 0.460933 0.824222 0.46289 0.824222 0.466793 0.820308 0.468749 0.820308 0.468749 0.812501 0.466793 0.810544 0.466793 0.808598 0.464846 0.806641 0.464846 0.804684 0.46289 0.802738 0.46289 0.800781 0.460933 0.798824 0.460933 0.796877 0.458987 0.79492 0.458987 0.792964 0.45703 0.792964
1 0.74414 0.437496 0.740237 0.44141 0.73828 0.44141 0.734378 0.445313 0.732421 0.445313 0.728518 0.449217 0.726562 0.449217 0.724606 0.451174 0.726562 0.45312 0.726562 0.455077 0.728518 0.457034 0.728518 0.45898 0.732421 0.462894 0.732421 0.464841 0.734378 0.466798 0.734378 0.468755 0.73828 0.472658 0.73828 0.474604 0.740237 0.476561 0.740237 0.478518 0.74414 0.482422 0.74414 0.484379 0.748044 0.488282 0.748044 0.490239 0.75 0.492185 0.75 0.494142 0.753903 0.498045 0.753903 0.500002 0.755859 0.501949 0.755859 0.503906 0.759762 0.507809 0.759762 0.509766 0.761718 0.511723 0.761718 0.513669 0.765621 0.517583 0.765621 0.51953 0.767577 0.521487 0.767577 0.523433 0.769534 0.52539 0.771481 0.523433 0.773437 0.523433 0.77734 0.51953 0.779296 0.51953 0.781252 0.517583 0.7832 0.517583 0.7832 0.515626 0.781252 0.513669 0.781252 0.511723 0.779296 0.509766 0.779296 0.507809 0.77734 0.505863 0.77734 0.503906 0.775393 0.501949 0.775393 0.500002 0.773437 0.498045 0.773437 0.496099 0.771481 0.494142 0.771481 0.492185 0.769534 0.490239 0.769534 0.488282 0.767577 0.486325 0.767577 0.484379 0.765621 0.482422 0.765621 0.480465 0.763675 0.478518 0.763675 0.476561 0.761718 0.474604 0.761718 0.472658 0.759762 0.470701 0.759762 0.468755 0.757815 0.466798 0.757815 0.464841 0.755859 0.462894 0.755859 0.460938 0.753903 0.45898 0.753903 0.457034 0.751956 0.455077 0.751956 0.45312 0.75 0.451174 0.75 0.449217 0.748044 0.44727 0.748044 0.445313 0.746097 0.443357 0.746097 0.44141 0.74414 0.439453
0 0.597655 0.708984 0.595699 0.710941 0.593753 0.710941 0.58984 0.714844 0.587893 0.714844 0.587893 0.716801 0.585937 0.718747 0.587893 0.720704 0.587893 0.722661 0.593753 0.728511 0.593753 0.730468 0.597655 0.734371 0.597655 0.736328 0.601558 0.740232 0.601558 0.742189 0.603515 0.744145 0.605471 0.742189 0.607418 0.742189 0.611331 0.738285 0.613277 0.738285 0.613277 0.732425 0.611331 0.730468 0.611331 0.728511 0.609375 0.726565 0.609375 0.724608 0.607418 0.722661 0.607418 0.720704 0.605471 0.718747 0.605471 0.716801 0.601558 0.712887 0.601558 0.710941 0.599612 0.710941
1 0.953122 0.42969 0.949218 0.433593 0.947262 0.433593 0.943359 0.437496 0.941402 0.437496 0.9375 0.44141 0.935543 0.44141 0.93164 0.445313 0.929684 0.445313 0.925781 0.449217 0.923825 0.449217 0.919921 0.45312 0.917965 0.45312 0.919921 0.455077 0.919921 0.457034 0.923825 0.460938 0.923825 0.462894 0.925781 0.464841 0.925781 0.466798 0.927738 0.468755 0.929684 0.466798 0.93164 0.466798 0.933597 0.464841 0.935543 0.464841 0.9375 0.462894 0.939456 0.462894 0.941402 0.460938 0.943359 0.460938 0.947262 0.457034 0.949218 0.457034 0.951175 0.455077 0.953122 0.455077 0.955078 0.45312 0.957035 0.45312 0.958981 0.451174 0.960937 0.451174 0.962893 0.449217 0.96484 0.449217 0.96484 0.443357 0.962893 0.44141 0.962893 0.439453 0.958981 0.43555 0.958981 0.433593 0.957035 0.431636 0.955078 0.431636
1 0.404295 0.919922 0.402339 0.921879 0.400393 0.921879 0.398437 0.923826 0.394533 0.923826 0.392577 0.925782 0.390621 0.925782 0.388674 0.927739 0.386718 0.927739 0.384761 0.929686 0.382815 0.929686 0.380858 0.931643 0.376956 0.931643 0.374999 0.933589 0.373043 0.933589 0.371096 0.935546 0.36914 0.935546 0.367183 0.937503 0.36328 0.937503 0.361324 0.93945 0.359377 0.93945 0.355464 0.943363 0.357421 0.94531 0.357421 0.947267 0.359377 0.949224 0.359377 0.95117 0.36328 0.955073 0.36328 0.95703 0.365236 0.958987 0.365236 0.960934 0.367183 0.96289 0.373043 0.96289 0.374999 0.960934 0.376956 0.960934 0.380858 0.95703 0.382815 0.95703 0.386718 0.953127 0.388674 0.953127 0.390621 0.95117 0.392577 0.95117 0.39648 0.947267 0.398437 0.947267 0.400393 0.94531 0.402339 0.94531 0.406252 0.941406 0.408199 0.941406 0.412112 0.937503 0.414059 0.937503 0.412112 0.935546 0.412112 0.933589 0.410155 0.931643 0.410155 0.929686 0.408199 0.927739 0.408199 0.925782 0.406252 0.923826 0.406252 0.921879
0 0.849609 0.919922 0.845706 0.923826 0.84375 0.923826 0.839846 0.927739 0.83789 0.927739 0.835934 0.929686 0.83789 0.931643 0.83789 0.933589 0.84375 0.93945 0.84375 0.941406 0.845706 0.943363 0.849609 0.93945 0.851565 0.93945 0.855469 0.935546 0.857425 0.935546 0.857425 0.931643 0.855469 0.929686 0.855469 0.923826 0.853512 0.921879 0.853512 0.919922
1 0.035155 0.066405 0.031251 0.070308 0.029295 0.070308 0.025392 0.074222 0.023436 0.074222 0.019533 0.078125 0.017577 0.078125 0.013674 0.082029 0.011717 0.082029 0.007814 0.085943 0.005858 0.085943 0.001955 0.089846 0 0.089846 0 0.09375 0 0.09375 0 0.095706 0 0.09961 0 0.101567 0.001955 0.107427 0.001955 0.109373 0.003901 0.11133 0.005858 0.109373 0.007814 0.109373 0.011717 0.10547 0.013674 0.10547 0.017577 0.101567 0.019533 0.101567 0.02148 0.09961 0.023436 0.09961 0.027339 0.095706 0.029295 0.095706 0.031251 0.09375 0.033198 0.09375 0.037111 0.089846 0.039058 0.089846 0.042971 0.085943 0.044917 0.085943 0.044917 0.083986 0.046874 0.082029 0.046874 0.078125 0.044917 0.076169 0.044917 0.074222 0.042971 0.072265 0.042971 0.070308 0.041014 0.068362 0.041014 0.066405
0 0.99805 0.644531 0.996094 0.646488 0.994137 0.646488 0.990234 0.650392 0.988278 0.650392 0.986331 0.652349 0.984375 0.652349 0.980472 0.656252 0.978515 0.656252 0.976559 0.658198 0.974612 0.658198 0.9707 0.662112 0.968753 0.662112 0.968753 0.666015 0.9707 0.667973 0.9707 0.669919 0.972656 0.671876 0.972656 0.673833 0.974612 0.675779 0.980472 0.675779 0.982419 0.673833 0.984375 0.673833 0.986331 0.671876 0.988278 0.671876 0.99219 0.667973 0.994137 0.667973 0.996094 0.666015 0.99805 0.666015 0.999997 0.664058 1 0.664058 1 0.662112 1 0.660155 1 0.656252 1 0.654295 1 0.652349 1 0.650392 1 0.648435 1 0.646488 1 0.644531
1 0.96484 0.460938 0.962893 0.462894 0.960937 0.462894 0.958981 0.464841 0.957035 0.464841 0.955078 0.466798 0.953122 0.466798 0.951175 0.468755 0.949218 0.468755 0.947262 0.470701 0.945315 0.470701 0.947262 0.472658 0.947262 0.474604 0.949218 0.476561 0.949218 0.478518 0.951175 0.480465 0.951175 0.482422 0.953122 0.484379 0.953122 0.486325 0.955078 0.488282 0.955078 0.490239 0.957035 0.492185 0.957035 0.494142 0.958981 0.496099 0.958981 0.498045 0.960937 0.500002 0.960937 0.501949 0.962893 0.503906 0.962893 0.505863 0.96484 0.507809 0.96484 0.509766 0.966797 0.511723 0.966797 0.513669 0.968753 0.515626 0.968753 0.517583 0.9707 0.51953 0.9707 0.521487 0.972656 0.523433 0.972656 0.52539 0.974612 0.527347 0.974612 0.529293 0.978515 0.529293 0.980472 0.527347 0.982419 0.527347 0.984375 0.52539 0.986331 0.52539 0.988278 0.523433 0.990234 0.523433 0.99219 0.521487 0.994137 0.521487 0.994137 0.51953 0.99219 0.517583 0.99219 0.515626 0.990234 0.513669 0.990234 0.511723 0.988278 0.509766 0.988278 0.507809 0.986331 0.505863 0.986331 0.503906 0.984375 0.501949 0.984375 0.500002 0.982419 0.498045 0.982419 0.496099 0.980472 0.494142 0.980472 0.492185 0.978515 0.490239 0.978515 0.488282 0.976559 0.486325 0.976559 0.484379 0.974612 0.482422 0.974612 0.480465 0.972656 0.478518 0.972656 0.476561 0.9707 0.474604 0.9707 0.472658 0.968753 0.470701 0.968753 0.468755 0.966797 0.466798 0.966797 0.464841 0.96484 0.462894
0 0.757815 0.771479 0.748044 0.781254 0.755859 0.78906 0.757815 0.787114 0.759762 0.787114 0.763675 0.7832 0.765621 0.7832 0.765621 0.779296 0.763675 0.77734 0.763675 0.775393 0.761718 0.773436 0.761718 0.771479
0 0.914062 0.859373 0.912106 0.86133 0.910159 0.86133 0.908203 0.863276 0.906246 0.863276 0.9043 0.865233 0.902343 0.865233 0.900387 0.86719 0.896484 0.86719 0.894528 0.869137 0.892581 0.869137 0.890625 0.871094 0.888669 0.871094 0.888669 0.87305 0.886722 0.874997 0.886722 0.876954 0.888669 0.878911 0.888669 0.880857 0.890625 0.882814 0.890625 0.88476 0.892581 0.886718 0.894528 0.886718 0.896484 0.88476 0.89844 0.88476 0.900387 0.882814 0.902343 0.882814 0.906246 0.878911 0.908203 0.878911 0.910159 0.876954 0.912106 0.876954 0.914062 0.874997 0.916018 0.874997 0.917965 0.87305 0.917965 0.871094 0.916018 0.869137 0.916018 0.863276 0.914062 0.86133
0 0.830074 0.890621 0.826172 0.894535 0.824215 0.894535 0.820312 0.898438 0.818356 0.898438 0.820312 0.900395 0.820312 0.902341 0.822268 0.904298 0.822268 0.906255 0.824215 0.908202 0.824215 0.910158 0.826172 0.912105 0.828128 0.910158 0.830074 0.910158 0.832031 0.908202 0.835934 0.908202 0.83789 0.906255 0.839846 0.906255 0.839846 0.900395 0.83789 0.898438 0.83789 0.896481 0.835934 0.894535 0.835934 0.892578 0.833987 0.890621
0 0.882809 0.986332 0.873046 0.996095 0.882809 1 0.890625 0.998042 0.890625 0.994138 0.888669 0.992192 0.888669 0.990235 0.886722 0.988278 0.886722 0.986332
0 0.240233 0.878911 0.234374 0.88476 0.232418 0.88476 0.230471 0.886718 0.230471 0.892578 0.232418 0.894535 0.232418 0.896481 0.234374 0.898438 0.234374 0.900395 0.238277 0.904298 0.238277 0.906255 0.240233 0.908202 0.240233 0.910158 0.242189 0.912105 0.244136 0.912105 0.246093 0.914062 0.255855 0.904298 0.255855 0.900395 0.253908 0.898438 0.253908 0.896481 0.251952 0.894535 0.251952 0.892578 0.249996 0.890621 0.249996 0.888674 0.248049 0.886718 0.248049 0.88476 0.246093 0.882814 0.244136 0.882814
0 0.869143 0.779296 0.867187 0.781254 0.865231 0.781254 0.861328 0.785157 0.859372 0.785157 0.857425 0.787114 0.855469 0.787114 0.851565 0.791017 0.849609 0.791017 0.849609 0.792964 0.847652 0.79492 0.847652 0.796877 0.845706 0.798824 0.849609 0.802738 0.849609 0.804684 0.853512 0.808598 0.855469 0.808598 0.857425 0.806641 0.859372 0.806641 0.863284 0.802738 0.865231 0.802738 0.869143 0.798824 0.87109 0.798824 0.875003 0.79492 0.876949 0.79492 0.878906 0.792964 0.876949 0.791017 0.876949 0.78906 0.875003 0.787114 0.875003 0.785157 0.873046 0.7832 0.873046 0.781254 0.87109 0.781254
0 0.474608 0.787114 0.466793 0.79492 0.466793 0.802738 0.468749 0.804684 0.468749 0.806641 0.470706 0.808598 0.470706 0.810544 0.472652 0.812501 0.472652 0.814458 0.474608 0.816405 0.474608 0.818362 0.480468 0.818362 0.484371 0.814458 0.486327 0.814458 0.488284 0.812501 0.488284 0.806641 0.486327 0.804684 0.486327 0.802738 0.484371 0.800781 0.484371 0.798824 0.482424 0.796877 0.482424 0.79492 0.480468 0.792964 0.480468 0.791017 0.478512 0.78906 0.476564 0.78906
1 0.666012 0.150395 0.662109 0.154299 0.660152 0.154299 0.656249 0.158202 0.654293 0.158202 0.652347 0.160159 0.654293 0.162105 0.654293 0.164062 0.656249 0.166019 0.656249 0.167965 0.660152 0.17188 0.660152 0.173826 0.662109 0.175783 0.662109 0.177729 0.664065 0.179686 0.664065 0.181643 0.667968 0.185546 0.667968 0.187503 0.669924 0.18945 0.669924 0.191407 0.673828 0.19531 0.673828 0.197267 0.675784 0.199224 0.675784 0.20117 0.679687 0.205074 0.679687 0.207031 0.681643 0.208987 0.681643 0.210934 0.685546 0.214848 0.685546 0.216794 0.687503 0.218751 0.687503 0.220708 0.689449 0.222654 0.689449 0.224611 0.693362 0.228515 0.693362 0.230472 0.695309 0.232418 0.695309 0.234375 0.697265 0.236332 0.701168 0.232418 0.703125 0.232418 0.707027 0.228515 0.708983 0.228515 0.71094 0.226558 0.708983 0.224611 0.708983 0.222654 0.707027 0.220708 0.707027 0.218751 0.703125 0.214848 0.703125 0.212891 0.701168 0.210934 0.701168 0.208987 0.699221 0.207031 0.699221 0.205074 0.695309 0.20117 0.695309 0.199224 0.693362 0.197267 0.693362 0.19531 0.689449 0.191407 0.689449 0.18945 0.687503 0.187503 0.687503 0.185546 0.68359 0.181643 0.68359 0.179686 0.681643 0.177729 0.681643 0.175783 0.677731 0.17188 0.677731 0.169923 0.675784 0.167965 0.675784 0.166019 0.673828 0.164062 0.673828 0.162105 0.669924 0.158202 0.669924 0.156245 0.667968 0.154299 0.667968 0.152342
0 0.748044 0.753909 0.73828 0.763673 0.742184 0.767576 0.742184 0.769533 0.746097 0.773436 0.75 0.769533 0.751956 0.769533 0.753903 0.767576 0.753903 0.76563 0.755859 0.763673 0.755859 0.761716 0.753903 0.759769 0.753903 0.757812 0.751956 0.755856 0.751956 0.753909
1 0.699221 0.601563 0.697265 0.60352 0.695309 0.60352 0.691406 0.607423 0.689449 0.607423 0.687503 0.60938 0.685546 0.60938 0.68359 0.611326 0.681643 0.611326 0.677731 0.61523 0.675784 0.61523 0.677731 0.617187 0.677731 0.619144 0.679687 0.62109 0.679687 0.623047 0.68359 0.626951 0.68359 0.628907 0.685546 0.630864 0.685546 0.632811 0.689449 0.636714 0.689449 0.638671 0.691406 0.640628 0.691406 0.642574 0.695309 0.646488 0.695309 0.648435 0.697265 0.650392 0.697265 0.652349 0.701168 0.656252 0.701168 0.658198 0.703125 0.660155 0.703125 0.662112 0.707027 0.666015 0.707027 0.667973 0.708983 0.669919 0.708983 0.671876 0.71094 0.673833 0.712887 0.671876 0.714843 0.671876 0.7168 0.669919 0.718746 0.669919 0.722659 0.666015 0.724606 0.666015 0.726562 0.664058 0.728518 0.664058 0.730465 0.662112 0.732421 0.662112 0.730465 0.660155 0.730465 0.658198 0.728518 0.656252 0.728518 0.654295 0.726562 0.652349 0.726562 0.650392 0.724606 0.648435 0.724606 0.646488 0.722659 0.644531 0.722659 0.642574 0.718746 0.638671 0.718746 0.636714 0.7168 0.634768 0.7168 0.632811 0.714843 0.630864 0.714843 0.628907 0.712887 0.626951 0.712887 0.625004 0.708983 0.62109 0.708983 0.619144 0.707027 0.617187 0.707027 0.61523 0.705081 0.613283 0.705081 0.611326 0.703125 0.60938 0.703125 0.607423 0.701168 0.605466 0.701168 0.60352
0 0.156245 0.96289 0.154299 0.964848 0.152342 0.964848 0.148439 0.968751 0.146483 0.968751 0.146483 0.974611 0.148439 0.976557 0.148439 0.978514 0.150386 0.980471 0.150386 0.982418 0.154299 0.986332 0.154299 0.988278 0.158202 0.992192 0.158202 0.994138 0.160158 0.996095 0.160158 0.998042 0.162105 0.999999 0.167964 0.994138 0.16992 0.994138 0.171877 0.992192 0.171877 0.990235 0.16992 0.988278 0.16992 0.986332 0.167964 0.984375 0.167964 0.982418 0.166018 0.980471 0.166018 0.978514 0.164061 0.976557 0.164061 0.974611 0.162105 0.972654 0.162105 0.970708 0.160158 0.968751 0.160158 0.966794 0.158202 0.964848 0.158202 0.96289
0 0.500002 0.726565 0.496089 0.730468 0.494143 0.730468 0.492187 0.732425 0.492187 0.736328 0.494143 0.738285 0.494143 0.740232 0.496089 0.742189 0.496089 0.744145 0.498046 0.746092 0.498046 0.748049 0.500002 0.749995 0.500002 0.751952 0.501949 0.753909 0.501949 0.755856 0.505861 0.759769 0.507809 0.757812 0.509765 0.757812 0.513668 0.753909 0.515624 0.753909 0.515624 0.748049 0.513668 0.746092 0.513668 0.744145 0.509765 0.740232 0.509765 0.738285 0.507809 0.736328 0.507809 0.734371 0.503905 0.730468 0.503905 0.728511 0.501949 0.726565