9 0.087892 0.042967 0.085938 0.044921 0.076171 0.044921 0.074217 0.046876 0.062502 0.046876 0.062502 0.058597 0.072268 0.058597 0.074217 0.060544 0.083984 0.060544 0.085938 0.062498 0.087892 0.060544 0.097659 0.060544 0.099608 0.058597 0.109374 0.058597 0.111329 0.056642 0.115232 0.056642 0.117186 0.054688 0.121095 0.054688 0.119141 0.054688 0.115232 0.050778 0.113283 0.050778 0.109374 0.046876 0.10742 0.046876 0.103517 0.042967
9 0.291018 0.205081 0.291018 0.208983 0.289063 0.210938 0.289063 0.216794 0.287109 0.218749 0.287109 0.222658 0.292967 0.222658 0.294921 0.224613 0.302733 0.224613 0.304688 0.226561 0.310545 0.226561 0.3125 0.228515 0.320312 0.228515 0.322266 0.23047 0.328124 0.23047 0.330078 0.232424 0.332032 0.232424 0.333987 0.23047 0.335936 0.23047 0.339845 0.226561 0.341799 0.226561 0.341799 0.224613 0.339845 0.222658 0.339845 0.218749 0.33789 0.216794 0.33789 0.214848 0.335936 0.214848 0.332032 0.210938 0.330078 0.210938 0.326169 0.207029 0.292967 0.207029
9 0.759765 0.187497 0.757811 0.189452 0.753907 0.189452 0.751953 0.191407 0.746095 0.191407 0.744141 0.193361 0.740232 0.193361 0.740232 0.203127 0.738283 0.205081 0.738283 0.214848 0.742187 0.214848 0.744141 0.216794 0.746095 0.216794 0.748044 0.218749 0.751953 0.218749 0.753907 0.220704 0.755862 0.220704 0.757811 0.222658 0.826171 0.222658 0.828125 0.220704 0.830079 0.220704 0.832034 0.218749 0.833983 0.218749 0.835937 0.216794 0.839846 0.216794 0.841795 0.214848 0.843749 0.214848 0.845704 0.212893 0.847658 0.212893 0.845704 0.212893 0.843749 0.210938 0.839846 0.210938 0.837891 0.208983 0.835937 0.208983 0.833983 0.207029 0.832034 0.207029 0.830079 0.205081 0.826171 0.205081 0.824216 0.203127 0.822267 0.203127 0.820313 0.201172 0.816404 0.201172 0.814455 0.199218 0.812501 0.199218 0.810546 0.197263 0.806643 0.197263 0.804689 0.195316 0.802734 0.195316 0.80078 0.193361 0.796877 0.193361 0.794922 0.191407 0.783201 0.191407 0.781252 0.189452 0.771486 0.189452 0.769532 0.187497
9 0.339845 0.962888 0.339845 0.964843 0.33789 0.966797 0.33789 0.970699 0.339845 0.972654 0.339845 0.974608 0.341799 0.976563 0.341799 0.978518 0.343748 0.978518 0.347657 0.98242 0.349611 0.98242 0.35156 0.984374 0.363281 0.984374 0.365235 0.986329 0.376951 0.986329 0.378905 0.988284 0.402341 0.988284 0.402341 0.976563 0.404296 0.974608 0.404296 0.964843 0.345702 0.964843 0.343748 0.962888
9 0.158201 0.138669 0.156252 0.140624 0.154298 0.140624 0.152344 0.142578 0.14844 0.142578 0.146486 0.144533 0.144531 0.144533 0.144531 0.146488 0.142577 0.148435 0.142577 0.154298 0.144531 0.154298 0.152344 0.16211 0.203125 0.16211 0.203125 0.158201 0.20117 0.156253 0.20117 0.146488 0.199216 0.144533 0.199216 0.138669
9 0.08008 0.009768 0.078126 0.011715 0.066405 0.011715 0.062502 0.015625 0.062502 0.02539 0.068359 0.031247 0.078126 0.031247 0.08008 0.033201 0.089841 0.033201 0.091796 0.035156 0.09375 0.033201 0.126953 0.033201 0.126953 0.02539 0.124999 0.023436 0.124999 0.01367 0.103517 0.01367 0.101562 0.011715 0.082029 0.011715
9 0.08008 0 0.078126 0 0.076171 0 0.074217 0 0.070314 0 0.070314 0 0.068359 0 0.070314 0 0.070314 0 0.072268 0 0.072268 0 0.085938 0 0.087892 0 0.099608 0 0.101562 0.000002 0.103517 0 0.10742 0 0.109374 0 0.115232 0 0.117186 0 0.117186 0 0.111329 0 0.097659 0 0.095704 0 0.082029 0
9 0.765623 0.011715 0.763674 0.01367 0.757811 0.01367 0.755862 0.015625 0.749999 0.015625 0.748044 0.017579 0.744141 0.017579 0.742187 0.019534 0.736329 0.019534 0.734374 0.021481 0.728517 0.021481 0.730471 0.023436 0.73242 0.023436 0.738283 0.029299 0.742187 0.029299 0.744141 0.031247 0.748044 0.031247 0.749999 0.033201 0.751953 0.033201 0.753907 0.035156 0.757811 0.035156 0.759765 0.03711 0.767577 0.03711 0.769532 0.039065 0.775389 0.039065 0.777344 0.041012 0.785156 0.041012 0.78711 0.042967 0.792968 0.042967 0.794922 0.044921 0.814455 0.044921 0.816404 0.046876 0.818359 0.044921 0.828125 0.044921 0.830079 0.042967 0.832034 0.042967 0.833983 0.041012 0.837891 0.041012 0.839846 0.039065 0.839846 0.03711 0.843749 0.033201 0.841795 0.031247 0.841795 0.029299 0.839846 0.027345 0.839846 0.02539 0.837891 0.023436 0.837891 0.021481 0.835937 0.019534 0.835937 0.017579 0.828125 0.017579 0.826171 0.015625 0.818359 0.015625 0.816404 0.01367 0.808592 0.01367 0.806643 0.011715
9 0.35156 0.755862 0.35156 0.763673 0.353514 0.765628 0.353514 0.775393 0.386717 0.775393 0.388672 0.77734 0.404296 0.77734 0.412108 0.769529 0.408205 0.765628 0.40625 0.765628 0.400393 0.759764 0.39258 0.759764 0.390626 0.757809 0.382814 0.757809 0.38086 0.755862
9 0.066405 0.597656 0.064451 0.599611 0.048826 0.599611 0.048826 0.603513 0.046877 0.605467 0.046877 0.609376 0.048826 0.609376 0.050781 0.611331 0.05469 0.611331 0.056638 0.613278 0.058593 0.613278 0.060547 0.615233 0.091796 0.615233 0.09375 0.613278 0.097659 0.613278 0.099608 0.611331 0.105471 0.611331 0.105471 0.607422 0.099608 0.601565 0.085938 0.601565 0.083984 0.599611 0.068359 0.599611
9 0.02539 0.976563 0.02539 0.998049 0.03906 0.998049 0.041014 0.999997 0.052735 0.999997 0.05469 1 0.068359 1 0.070314 1 0.076171 1 0.078126 1 0.08008 1 0.082029 0.999997 0.083984 0.999997 0.083984 0.988284 0.082029 0.988284 0.08008 0.986329 0.076171 0.986329 0.074217 0.984374 0.072268 0.984374 0.070314 0.98242 0.068359 0.98242 0.066405 0.980465 0.046877 0.980465 0.044923 0.978518 0.027344 0.978518
9 0.142577 0.568359 0.140623 0.570314 0.138674 0.570314 0.136719 0.572268 0.134765 0.572268 0.130862 0.57617 0.128907 0.57617 0.126953 0.578125 0.124999 0.578125 0.126953 0.578125 0.130862 0.582034 0.132811 0.582034 0.136719 0.585936 0.140623 0.585936 0.142577 0.587891 0.14844 0.587891 0.150389 0.589845 0.154298 0.589845 0.156252 0.5918 0.16211 0.5918 0.164064 0.593747 0.179689 0.593747 0.179689 0.570314 0.144531 0.570314
10 0.078126 0 0.078126 0 0.076171 0 0.076171 0 0.078126 0 0.103517 0 0.105471 0 0.10742 0 0.109374 0 0.111329 0 0.115232 0 0.117186 0 0.119141 0 0.121095 0 0.123049 0 0.124999 0 0.126953 0 0.128907 0 0.126953 0 0.124999 0 0.128907 0 0.130862 0 0.130862 0 0.128907 0 0.128907 0 0.126953 0 0.072268 0 0.070314 0 0.070314 0 0.072268 0 0.072268 0 0.089841 0 0.091796 0 0.10742 0 0.109374 0 0.126953 0 0.128907 0 0.128907 0 0.126953 0 0.126953 0 0.124999 0 0.103517 0 0.101562 0 0.087892 0 0.085938 0 0.083984 0 0.08008 0 0.078126 0 0.068359 0 0.068359 0 0.121095 0 0.123049 0 0.123049 0 0.121095 0 0.121095 0 0.123049 0 0.124999 0 0.126953 0 0.128907 0 0.130862 0 0.132811 0 0.130862 0 0.126953 0 0.124999 0 0.123049 0 0.121095 0 0.115232 0 0.113283 0 0.10742 0 0.105471 0 0.087892 0 0.085938 0 0.083984 0 0.082029 0 0.074217 0 0.074217 0 0.076171 0 0.078126 0 0.08008 0 0.082029 0 0.095704 0 0.097659 0 0.111329 0 0.119141 0 0.119141 0 0.115232 0 0.109374 0 0.10742 0.000002 0.103517 0.000002 0.101562 0.001949 0.099608 0.000002 0.087892 0.000002 0.085938 0 0.072268 0 0.072268 0.009768 0.078126 0.009768 0.08008 0.007813 0.082029 0.009768 0.101562 0.009768 0.103517 0.011715 0.124999 0.011715 0.126953 0.01367 0.126953 0.023436 0.128907 0.02539 0.128907 0.033201 0.126953 0.035156 0.09375 0.035156 0.091796 0.03711 0.089841 0.035156 0.08008 0.035156 0.078126 0.033201 0.070314 0.033201 0.070314 0.042967 0.085938 0.042967 0.087892 0.041012 0.103517 0.041012 0.10742 0.044921 0.109374 0.044921 0.113283 0.048831 0.115232 0.048831 0.119141 0.052732 0.121095 0.052732 0.123049 0.054688 0.121095 0.056642 0.121095 0.074218 0.123049 0.076173 0.123049 0.095705 0.121095 0.097659 0.064451 0.097659 0.062502 0.095705 0.062502 0.101561 0.060547 0.103516 0.060547 0.107425 0.087892 0.107425 0.089841 0.109372 0.117186 0.109372 0.119141 0.111327 0.119141 0.121092 0.117186 0.123047 0.117186 0.138669 0.119141 0.140624 0.119141 0.142578 0.121095 0.144533 0.121095 0.150389 0.119141 0.152344 0.117186 0.152344 0.115232 0.154298 0.111329 0.154298 0.109374 0.156253 0.10742 0.156253 0.105471 0.158201 0.103517 0.156253 0.058593 0.156253 0.060547 0.158201 0.060547 0.160155 0.062502 0.16211 0.062502 0.164064 0.078126 0.164064 0.08008 0.166019 0.097659 0.166019 0.099608 0.167966 0.115232 0.167966 0.117186 0.169921 0.117186 0.195316 0.115232 0.197263 0.115232 0.218749 0.113283 0.220704 0.062502 0.220704 0.062502 0.228515 0.060547 0.23047 0.060547 0.232424 0.062502 0.23047 0.068359 0.23047 0.070314 0.228515 0.074217 0.228515 0.076171 0.226561 0.091796 0.226561 0.09375 0.228515 0.113283 0.228515 0.115232 0.23047 0.115232 0.232424 0.117186 0.234371 0.117186 0.236326 0.119141 0.238281 0.119141 0.240235 0.121095 0.24219 0.121095 0.257812 0.119141 0.259767 0.117186 0.257812 0.10742 0.257812 0.105471 0.255857 0.105471 0.251956 0.10742 0.250001 0.10742 0.244137 0.109374 0.24219 0.109374 0.236326 0.111329 0.234371 0.111329 0.232424 0.111329 0.234371 0.109374 0.236326 0.109374 0.238281 0.103517 0.244137 0.101562 0.244137 0.097659 0.248046 0.082029 0.248046 0.08008 0.250001 0.058593 0.250001 0.058593 0.261722 0.056638 0.263668 0.056638 0.277343 0.05469 0.279298 0.05469 0.287109 0.109374 0.287109 0.111329 0.289064 0.111329 0.314451 0.109374 0.316406 0.109374 0.326171 0.111329 0.328126 0.111329 0.330081 0.113283 0.332028 0.113283 0.333983 0.109374 0.337892 0.109374 0.339847 0.10742 0.341794 0.103517 0.341794 0.101562 0.343748 0.05469 0.343748 0.05469 0.345703 0.052735 0.347658 0.052735 0.35156 0.078126 0.35156 0.08008 0.353514 0.103517 0.353514 0.105471 0.355469 0.105471 0.37891 0.10742 0.380857 0.10742 0.394531 0.111329 0.398441 0.109374 0.400388 0.10742 0.400388 0.10742 0.402342 0.105471 0.404297 0.09375 0.404297 0.091796 0.406252 0.087892 0.406252 0.085938 0.408206 0.083984 0.406252 0.074217 0.406252 0.072268 0.404297 0.052735 0.404297 0.052735 0.414063 0.078126 0.414063 0.08008 0.416018 0.103517 0.416018 0.105471 0.417972 0.105471 0.441405 0.103517 0.44336 0.103517 0.464846 0.101562 0.466801 0.048826 0.466801 0.048826 0.470702 0.046877 0.472657 0.046877 0.476559 0.101562 0.476559 0.103517 0.478514 0.103517 0.51172 0.105471 0.513675 0.105471 0.515621 0.10742 0.517576 0.10742 0.519531 0.109374 0.521485 0.109374 0.527342 0.10742 0.529296 0.091796 0.529296 0.089841 0.531251 0.085938 0.531251 0.083984 0.533206 0.082029 0.531251 0.052735 0.531251 0.052735 0.537107 0.050781 0.539062 0.068359 0.539062 0.070314 0.537107 0.082029 0.537107 0.083984 0.539062 0.087892 0.539062 0.089841 0.541017 0.095704 0.541017 0.099608 0.544919 0.101562 0.544919 0.105471 0.548828 0.10742 0.548828 0.111329 0.552737 0.109374 0.554684 0.099608 0.554684 0.097659 0.556639 0.087892 0.556639 0.085938 0.558594 0.068359 0.558594 0.066405 0.556639 0.060547 0.556639 0.058593 0.554684 0.050781 0.554684 0.048826 0.556639 0.048826 0.566404 0.072268 0.566404 0.074217 0.568359 0.08008 0.568359 0.082029 0.570314 0.087892 0.570314 0.089841 0.572268 0.095704 0.572268 0.099608 0.57617 0.101562 0.57617 0.105471 0.58008 0.10742 0.58008 0.109374 0.582034 0.10742 0.583981 0.103517 0.583981 0.101562 0.585936 0.095704 0.585936 0.09375 0.587891 0.089841 0.587891 0.087892 0.589845 0.060547 0.589845 0.058593 0.587891 0.05469 0.587891 0.052735 0.585936 0.046877 0.585936 0.046877 0.587891 0.044923 0.589845 0.044923 0.597656 0.064451 0.597656 0.066405 0.595702 0.068359 0.597656 0.099608 0.597656 0.101562 0.599611 0.101562 0.601565 0.10742 0.607422 0.10742 0.611331 0.105471 0.613278 0.101562 0.613278 0.101562 0.623044 0.103517 0.624999 0.103517 0.646484 0.101562 0.648439 0.044923 0.648439 0.044923 0.650394 0.042969 0.652341 0.042969 0.654296 0.05469 0.654296 0.056638 0.65625 0.068359 0.65625 0.070314 0.658205 0.082029 0.658205 0.083984 0.66016 0.095704 0.66016 0.097659 0.662107 0.097659 0.681638 0.095704 0.683593 0.095704 0.699222 0.09375 0.701169 0.09375 0.705079 0.091796 0.707034 0.046877 0.707034 0.044923 0.705079 0.044923 0.699222 0.044923 0.71289 0.058593 0.71289 0.060547 0.714844 0.076171 0.714844 0.078126 0.716799 0.091796 0.716799 0.09375 0.718754 0.09375 0.744142 0.095704 0.746096 0.095704 0.748044 0.097659 0.749998 0.097659 0.761718 0.091796 0.767575 0.089841 0.767575 0.087892 0.769529 0.085938 0.767575 0.070314 0.767575 0.068359 0.765628 0.050781 0.765628 0.048826 0.763673 0.03906 0.763673 0.03906 0.779295 0.041014 0.779295 0.042969 0.77734 0.044923 0.77734 0.046877 0.775393 0.050781 0.775393 0.052735 0.773438 0.078126 0.773438 0.08008 0.775393 0.085938 0.775393 0.087892 0.77734 0.089841 0.77734 0.091796 0.779295 0.09375 0.779295 0.095704 0.78125 0.095704 0.783204 0.097659 0.785159 0.09375 0.789061 0.091796 0.789061 0.085938 0.794924 0.076171 0.794924 0.074217 0.796872 0.060547 0.796872 0.058593 0.794924 0.03906 0.794924 0.03906 0.796872 0.041014 0.798827 0.041014 0.802736 0.044923 0.802736 0.046877 0.800781 0.074217 0.800781 0.076171 0.798827 0.083984 0.798827 0.085938 0.800781 0.087892 0.800781 0.091796 0.80469 0.09375 0.80469 0.095704 0.806637 0.095704 0.808592 0.097659 0.810547 0.097659 0.814456 0.095704 0.816403 0.095704 0.818357 0.09375 0.820312 0.091796 0.820312 0.089841 0.822267 0.083984 0.822267 0.082029 0.824222 0.078126 0.824222 0.076171 0.826169 0.041014 0.826169 0.041014 0.832033 0.062502 0.832033 0.064451 0.830078 0.066405 0.832033 0.072268 0.832033 0.074217 0.833988 0.091796 0.833988 0.09375 0.835934 0.09375 0.859375 0.091796 0.86133 0.091796 0.882816 0.089841 0.884763 0.03906 0.884763 0.03906 0.890627 0.072268 0.890627 0.076171 0.894528 0.078126 0.894528 0.08008 0.896483 0.08008 0.898438 0.082029 0.900393 0.082029 0.910158 0.08008 0.912113 0.070314 0.912113 0.068359 0.91406 0.066405 0.912113 0.050781 0.912113 0.048826 0.910158 0.037111 0.910158 0.037111 0.923826 0.072268 0.923826 0.074217 0.921878 0.076171 0.923826 0.082029 0.923826 0.083984 0.92578 0.089841 0.92578 0.091796 0.927735 0.091796 0.929689 0.09375 0.931644 0.09375 0.933591 0.089841 0.937501 0.087892 0.937501 0.082029 0.943357 0.076171 0.943357 0.074217 0.94141 0.037111 0.94141 0.037111 0.945312 0.035157 0.947267 0.062502 0.947267 0.064451 0.949221 0.066405 0.949221 0.068359 0.951176 0.070314 0.951176 0.072268 0.953123 0.076171 0.953123 0.078126 0.955077 0.08008 0.955077 0.082029 0.957032 0.083984 0.957032 0.087892 0.960941 0.087892 0.962888 0.089841 0.964843 0.087892 0.966797 0.083984 0.966797 0.082029 0.968752 0.078126 0.968752 0.076171 0.970699 0.072268 0.970699 0.070314 0.972654 0.056638 0.972654 0.05469 0.974608 0.052735 0.972654 0.046877 0.972654 0.044923 0.970699 0.03906 0.970699 0.037111 0.968752 0.035157 0.968752 0.035157 0.976563 0.044923 0.976563 0.046877 0.978518 0.066405 0.978518 0.068359 0.980465 0.070314 0.980465 0.072268 0.98242 0.074217 0.98242 0.076171 0.984374 0.08008 0.984374 0.082029 0.986329 0.083984 0.986329 0.085938 0.988284 0.085938 0.999997 0.083984 1 0.082029 1 0.08008 1 0.078126 1 0.076171 1 0.070314 1 0.068359 1 0.05469 1 0.052735 1 0.041014 1 0.03906 0.999997 0.033202 0.999997 0.033202 1 0.042969 1 0.044923 1 0.056638 1 0.058593 1 0.068359 1 0.070314 1 0.08008 1 0.082029 1 0.082029 1 0.08008 1 0.08008 1 0.082029 1 0.085938 1 0.085938 1 0.083984 1 0.083984 1 0.082029 1 0.08008 1 0.078126 1 0.076171 1 0.031248 1 0.031248 1 0.078126 1 0.08008 1 0.08008 1 0.078126 1 0.078126 1 0.08008 1 0.082029 1 0.082029 1 0.08008 1 0.076171 1 0.076171 1 0.074217 1 0.027344 1 0.027344 1 0.072268 1 0.074217 1 0.074217 1 0.076171 1 0.076171 1 0.078126 1 0.078126 1 0.076171 1 0.074217 1 0.074217 1 0.072268 1 0.062502 1 0.060547 1 0.050781 1 0.048826 1 0.035157 1 0.033202 1 0.031248 1 0.027344 1 0.02539 1 0.02539 1 0.046877 1 0.048826 1 0.050781 1 0.052735 1 0.05469 1 0.076171 1 0.078126 1 0.078126 1 0.08008 1 0.078126 1 0.078126 1 0.097659 1 0.103517 1 0.103517 1 0.105471 1 0.105471 1 0.10742 1 0.10742 1 0.109374 1 0.158201 1 0.158201 1 0.123049 1 0.121095 1 0.117186 1 0.115232 1 0.111329 1 0.109374 1 0.105471 1 0.103517 1 0.099608 1 0.097659 1 0.099608 1 0.099608 1 0.103517 1 0.103517 1 0.105471 1 0.16211 1 0.16211 1 0.14844 1 0.146486 1 0.126953 1 0.124999 1 0.119141 1 0.117186 1 0.111329 1 0.109374 1 0.10742 1 0.105471 1 0.103517 1 0.097659 1 0.099608 1 0.099608 1 0.101562 1 0.101562 1 0.103517 1 0.103517 1 0.105471 1 0.105471 1 0.10742 1 0.10742 1 0.109374 1 0.134765 1 0.136719 1 0.16211 1 0.164064 1 0.164064 1 0.130862 1 0.128907 1 0.124999 1 0.123049 1 0.117186 1 0.113283 1 0.111329 1 0.101562 1 0.103517 1 0.109374 1 0.111329 1 0.117186 1 0.119141 1 0.124999 1 0.126953 1 0.128907 1 0.140623 1 0.142577 1 0.154298 1 0.156252 1 0.166013 1 0.166013 1 0.124999 1 0.119141 1 0.117186 1 0.111329 1 0.109374 1 0.105471 1 0.10742 1 0.115232 1 0.117186 1 0.123049 1 0.124999 1 0.126953 1 0.167968 1 0.167968 1 0.167968 1 0.166013 1 0.164064 1 0.154298 1 0.152344 1 0.142577 1 0.140623 1 0.132811 1 0.130862 1 0.121095 1 0.113283 0.998049 0.109374 0.998049 0.10742 0.996095 0.10742 0.957032 0.109374 0.955077 0.169922 0.955077 0.169922 0.949221 0.146486 0.949221 0.144531 0.951176 0.142577 0.949221 0.126953 0.949221 0.124999 0.947267 0.123049 0.947267 0.121095 0.945312 0.117186 0.945312 0.115232 0.943357 0.109374 0.943357 0.105471 0.939455 0.105471 0.935546 0.103517 0.933591 0.103517 0.929689 0.105471 0.927735 0.10742 0.927735 0.10742 0.919924 0.109374 0.917969 0.109374 0.896483 0.111329 0.894528 0.173826 0.894528 0.173826 0.888672 0.111329 0.888672 0.109374 0.886717 0.109374 0.878907 0.111329 0.876952 0.111329 0.863285 0.113283 0.86133 0.113283 0.847655 0.115232 0.8457 0.115232 0.837889 0.117186 0.835934 0.154298 0.835934 0.156252 0.833988 0.158201 0.835934 0.177734 0.835934 0.177734 0.833988 0.17578 0.832033 0.17578 0.830078 0.144531 0.830078 0.142577 0.832033 0.121095 0.832033 0.119141 0.830078 0.119141 0.828124 0.117186 0.828124 0.115232 0.826169 0.115232 0.78125 0.117186 0.779295 0.17578 0.779295 0.177734 0.78125 0.177734 0.767575 0.14844 0.767575 0.146486 0.765628 0.117186 0.765628 0.115232 0.763673 0.115232 0.753907 0.117186 0.751953 0.117186 0.732421 0.119141 0.730467 0.119141 0.720701 0.121095 0.718754 0.181643 0.718754 0.181643 0.708988 0.179689 0.708988 0.177734 0.710935 0.130862 0.710935 0.126953 0.707034 0.124999 0.707034 0.121095 0.703124 0.121095 0.65625 0.123049 0.654296 0.14844 0.654296 0.150389 0.65625 0.17578 0.65625 0.177734 0.658205 0.177734 0.650394 0.167968 0.650394 0.166013 0.652341 0.144531 0.652341 0.142577 0.650394 0.140623 0.650394 0.138674 0.648439 0.134765 0.648439 0.132811 0.646484 0.130862 0.646484 0.128907 0.64453 0.126953 0.64453 0.123049 0.640628 0.121095 0.640628 0.119141 0.638674 0.121095 0.636719 0.123049 0.636719 0.124999 0.634764 0.128907 0.634764 0.130862 0.63281 0.132811 0.63281 0.134765 0.630863 0.136719 0.630863 0.138674 0.628908 0.156252 0.628908 0.158201 0.626954 0.17578 0.626954 0.177734 0.628908 0.179689 0.628908 0.179689 0.611331 0.181643 0.609376 0.181643 0.58008 0.183592 0.578125 0.183592 0.548828 0.185546 0.546873 0.185546 0.517576 0.187501 0.515621 0.187501 0.490234 0.183592 0.494143 0.181643 0.494143 0.177734 0.498044 0.164064 0.498044 0.16211 0.5 0.142577 0.5 0.140623 0.498044 0.138674 0.498044 0.136719 0.49609 0.134765 0.49609 0.132811 0.494143 0.130862 0.494143 0.128907 0.492188 0.126953 0.492188 0.124999 0.490234 0.123049 0.490234 0.121095 0.488279 0.123049 0.486324 0.126953 0.486324 0.128907 0.484377 0.130862 0.484377 0.132811 0.482423 0.136719 0.482423 0.138674 0.480468 0.152344 0.480468 0.154298 0.478514 0.169922 0.478514 0.171876 0.476559 0.173826 0.478514 0.177734 0.478514 0.179689 0.480468 0.183592 0.480468 0.187501 0.484377 0.189455 0.484377 0.189455 0.468748 0.169922 0.468748 0.167968 0.466801 0.150389 0.466801 0.14844 0.464846 0.128907 0.464846 0.126953 0.462891 0.126953 0.417972 0.128907 0.416018 0.191404 0.416018 0.191404 0.406252 0.160156 0.406252 0.158201 0.404297 0.128907 0.404297 0.126953 0.402342 0.126953 0.394531 0.128907 0.392577 0.128907 0.376955 0.130862 0.375 0.130862 0.361325 0.132811 0.359378 0.132811 0.353514 0.134765 0.35156 0.189455 0.35156 0.191404 0.353514 0.191404 0.345703 0.185546 0.345703 0.183592 0.347658 0.158201 0.347658 0.156252 0.345703 0.152344 0.345703 0.150389 0.343748 0.144531 0.343748 0.142577 0.341794 0.138674 0.341794 0.136719 0.339847 0.136719 0.337892 0.130862 0.332028 0.132811 0.330081 0.136719 0.330081 0.136719 0.320315 0.134765 0.318361 0.134765 0.29492 0.136719 0.292965 0.193358 0.292965 0.193358 0.291018 0.195313 0.289064 0.195313 0.287109 0.197267 0.285154 0.197267 0.2832 0.136719 0.2832 0.134765 0.281252 0.134765 0.263668 0.132811 0.261722 0.132811 0.24219 0.134765 0.240235 0.136719 0.240235 0.134765 0.240235 0.132811 0.238281 0.134765 0.236326 0.138674 0.236326 0.140623 0.234371 0.146486 0.234371 0.14844 0.232424 0.152344 0.232424 0.154298 0.23047 0.17578 0.23047 0.177734 0.228515 0.179689 0.23047 0.193358 0.23047 0.195313 0.232424 0.195313 0.234371 0.195313 0.23047 0.179689 0.23047 0.177734 0.228515 0.160156 0.228515 0.158201 0.226561 0.142577 0.226561 0.140623 0.224613 0.140623 0.197263 0.142577 0.195316 0.142577 0.18555 0.140623 0.183596 0.138674 0.183596 0.134765 0.179687 0.136719 0.177732 0.138674 0.177732 0.142577 0.17383 0.142577 0.171875 0.144531 0.169921 0.150389 0.169921 0.152344 0.167966 0.177734 0.167966 0.179689 0.169921 0.197267 0.169921 0.197267 0.164064 0.152344 0.164064 0.144531 0.156253 0.142577 0.156253 0.140623 0.154298 0.140623 0.152344 0.138674 0.152344 0.136719 0.150389 0.136719 0.142578 0.138674 0.140624 0.138674 0.126956 0.140623 0.125001 0.140623 0.111327 0.142577 0.109372 0.142577 0.10547 0.144531 0.103516 0.154298 0.103516 0.156252 0.10547 0.167968 0.10547 0.169922 0.107425 0.181643 0.107425 0.183592 0.109372 0.195313 0.109372 0.197267 0.111327 0.197267 0.10547 0.199216 0.103516 0.199216 0.097659 0.144531 0.097659 0.142577 0.095705 0.142577 0.083984 0.144531 0.08203 0.144531 0.060544 0.146486 0.058597 0.146486 0.056642 0.144531 0.054688 0.146486 0.052732 0.146486 0.050778 0.14844 0.048831 0.154298 0.048831 0.156252 0.046876 0.158201 0.046876 0.160156 0.044921 0.203125 0.044921 0.203125 0.039065 0.17578 0.039065 0.173826 0.041012 0.171876 0.039065 0.167968 0.039065 0.166013 0.03711 0.146486 0.03711 0.144531 0.035156 0.144531 0.02539 0.140623 0.021481 0.142577 0.019534 0.144531 0.019534 0.144531 0.011715 0.146486 0.009768 0.146486 0 0.14844 0 0.205079 0 0.207034 0 0.207034 0 0.208983 0 0.208983 0 0.177734 0 0.17578 0 0.173826 0 0.14844 0 0.146486 0 0.146486 0 0.14844 0 0.14844 0 0.146486 0 0.144531 0 0.142577 0 0.144531 0 0.146486 0 0.14844 0 0.14844 0 0.150389 0 0.150389 0 0.152344 0 0.152344 0 0.154298 0 0.154298 0 0.156252 0 0.205079 0 0.205079 0 0.203125 0 0.20117 0 0.195313 0 0.193358 0 0.169922 0 0.167968 0 0.160156 0 0.158201 0 0.150389 0 0.14844 0 0.14844 0 0.150389 0 0.150389 0 0.152344 0 0.181643 0 0.183592 0 0.212891 0 0.212891 0 0.189455 0 0.187501 0 0.169922 0 0.167968 0 0.166013 0 0.164064 0 0.16211 0 0.160156 0 0.158201 0 0.156252 0 0.152344 0 0.150389 0 0.14844 0 0.146486 0 0.142577 0 0.140623 0 0.142577 0 0.144531 0 0.146486 0 0.14844 0 0.150389 0 0.152344 0 0.154298 0 0.156252 0 0.158201 0 0.160156 0 0.16211 0 0.181643 0 0.183592 0 0.189455 0 0.191404 0 0.197267 0 0.199216 0 0.205079 0 0.207034 0 0.212891 0 0.214846 0 0.214846 0 0.214846 0 0.216795 0 0.216795 0 0.218749 0 0.218749 0 0.220703 0 0.220703 0 0.187501 0 0.185546 0 0.150389 0 0.14844 0 0.111329 0 0.109374 0 0.08008 0
9 0.177734 0.23047 0.17578 0.232424 0.154298 0.232424 0.152344 0.234371 0.14844 0.234371 0.146486 0.236326 0.140623 0.236326 0.138674 0.238281 0.134765 0.238281 0.136719 0.238281 0.140623 0.24219 0.142577 0.24219 0.146486 0.246091 0.14844 0.246091 0.150389 0.248046 0.160156 0.248046 0.16211 0.250001 0.169922 0.250001 0.171876 0.251956 0.173826 0.250001 0.185546 0.250001 0.187501 0.248046 0.191404 0.248046 0.195313 0.244137 0.197267 0.244137 0.197267 0.24219 0.195313 0.240235 0.195313 0.236326 0.193358 0.234371 0.193358 0.232424 0.179689 0.232424
9 0.064451 0.832033 0.062502 0.833988 0.03906 0.833988 0.03906 0.841798 0.037111 0.843753 0.037111 0.849609 0.041014 0.849609 0.042969 0.851564 0.048826 0.851564 0.050781 0.853518 0.05469 0.853518 0.056638 0.855466 0.058593 0.853518 0.068359 0.853518 0.070314 0.851564 0.074217 0.851564 0.076171 0.849609 0.082029 0.849609 0.089841 0.841798 0.087892 0.841798 0.085938 0.839844 0.082029 0.839844 0.08008 0.837889 0.078126 0.837889 0.076171 0.835934 0.074217 0.835934 0.072268 0.833988 0.066405 0.833988
9 0.123049 0.80469 0.123049 0.806637 0.121095 0.808592 0.121095 0.810547 0.119141 0.812501 0.119141 0.814456 0.117186 0.816403 0.117186 0.822267 0.119141 0.824222 0.119141 0.826169 0.121095 0.828124 0.121095 0.830078 0.142577 0.830078 0.144531 0.828124 0.150389 0.828124 0.154298 0.824222 0.156252 0.824222 0.16211 0.818357 0.164064 0.818357 0.166013 0.816403 0.160156 0.816403 0.158201 0.814456 0.154298 0.814456 0.152344 0.812501 0.14844 0.812501 0.146486 0.810547 0.140623 0.810547 0.138674 0.808592 0.132811 0.808592 0.130862 0.806637 0.124999 0.806637
9 0.353514 0.99414 0.35156 0.996095 0.347657 0.996095 0.345702 0.998049 0.341799 0.998049 0.339845 0.999997 0.335936 0.999997 0.339845 1 0.341799 1 0.347657 1 0.35156 1 0.353514 1 0.355469 1 0.357423 1 0.361326 1 0.363281 1 0.365235 1 0.36719 1 0.400393 1 0.400393 1 0.402341 1 0.402341 1 0.404296 1 0.404296 0.998049 0.390626 0.998049 0.388672 0.996095 0.375002 0.996095 0.373047 0.99414
9 0.160156 0.046876 0.158201 0.048831 0.156252 0.048831 0.152344 0.052732 0.150389 0.052732 0.14844 0.054688 0.146486 0.054688 0.150389 0.058597 0.150389 0.060544 0.152344 0.062498 0.156252 0.062498 0.158201 0.064453 0.16211 0.064453 0.164064 0.066408 0.183592 0.066408 0.185546 0.068362 0.205079 0.068362 0.207034 0.070309 0.207034 0.046876
9 0.402341 0.271487 0.400393 0.273434 0.382814 0.273434 0.38086 0.275389 0.373047 0.275389 0.371093 0.277343 0.363281 0.277343 0.371093 0.285154 0.373047 0.285154 0.376951 0.289064 0.378905 0.289064 0.382814 0.292965 0.396484 0.292965 0.398438 0.29492 0.416017 0.29492 0.417971 0.292965 0.41992 0.292965 0.421874 0.291018 0.421874 0.289064 0.423829 0.287109 0.423829 0.279298 0.41992 0.279298 0.417971 0.277343 0.414062 0.277343 0.412108 0.275389 0.410159 0.275389 0.408205 0.273434 0.404296 0.273434
9 0.134765 0.988284 0.132811 0.990231 0.109374 0.990231 0.113283 0.99414 0.113283 0.996095 0.121095 1 0.130862 1 0.132811 1 0.140623 1 0.142577 1 0.152344 1 0.154298 1 0.164064 1 0.166013 1 0.166013 1 0.167968 0.999997 0.167968 0.992186 0.152344 0.992186 0.150389 0.990231 0.136719 0.990231
9 0.798826 0 0.796877 0 0.767577 0 0.765623 0 0.761719 0 0.759765 0 0.755862 0 0.753907 0 0.751953 0 0.749999 0 0.746095 0 0.744141 0 0.740232 0 0.738283 0 0.734374 0 0.736329 0 0.738283 0 0.740232 0 0.744141 0 0.746095 0 0.748044 0 0.751953 0 0.753907 0 0.757811 0 0.759765 0 0.765623 0 0.767577 0 0.771486 0 0.773435 0.000002 0.777344 0.000002 0.779298 0.001949 0.783201 0.001949 0.785156 0.003904 0.794922 0.003904 0.796877 0.005858 0.808592 0.005858 0.810546 0.007813 0.820313 0.007813 0.822267 0.009768 0.859374 0.009768 0.859374 0 0.861328 0 0.861328 0 0.845704 0 0.843749 0 0.830079 0 0.828125 0 0.820313 0 0.818359 0 0.810546 0 0.808592 0 0.80078 0
10 0.603518 0 0.603518 0 0.605467 0 0.623045 0 0.623045 0 0.625 0 0.646487 0 0.648436 0 0.65039 0 0.66406 0 0.666015 0 0.681639 0 0.683593 0 0.687502 0 0.689451 0 0.714842 0 0.716796 0 0.716796 0 0.71875 0 0.71875 0 0.720705 0 0.720705 0 0.722654 0 0.722654 0 0.720705 0 0.660157 0 0.658202 0 0.595706 0 0.595706 0 0.597655 0 0.597655 0 0.654299 0 0.656248 0 0.712893 0 0.714842 0 0.714842 0.003904 0.716796 0.005858 0.716796 0.035156 0.712893 0.039065 0.710938 0.039065 0.708984 0.041012 0.683593 0.041012 0.681639 0.042967 0.67969 0.041012 0.597655 0.041012 0.597655 0.052732 0.615233 0.052732 0.617188 0.054688 0.636721 0.054688 0.638669 0.056642 0.656248 0.056642 0.658202 0.058597 0.675781 0.058597 0.677735 0.060544 0.697263 0.060544 0.699217 0.062498 0.716796 0.062498 0.71875 0.064453 0.71875 0.070309 0.716796 0.072264 0.716796 0.083984 0.714842 0.085939 0.714842 0.097659 0.712893 0.099607 0.712893 0.111327 0.710938 0.113281 0.710938 0.121092 0.708984 0.123047 0.708984 0.125001 0.707029 0.126956 0.707029 0.128903 0.705081 0.130858 0.595706 0.130858 0.593751 0.128903 0.593751 0.140624 0.630857 0.140624 0.632812 0.138669 0.634766 0.140624 0.652345 0.140624 0.654299 0.142578 0.671878 0.142578 0.673827 0.144533 0.691405 0.144533 0.697263 0.150389 0.697263 0.152344 0.701172 0.156253 0.701172 0.160155 0.703126 0.16211 0.703126 0.167966 0.697263 0.17383 0.695314 0.17383 0.69336 0.175785 0.689451 0.175785 0.687502 0.177732 0.685547 0.177732 0.683593 0.179687 0.652345 0.179687 0.65039 0.177732 0.636721 0.177732 0.634766 0.175785 0.621096 0.175785 0.619142 0.17383 0.591797 0.17383 0.591797 0.18555 0.640624 0.18555 0.642578 0.187497 0.656248 0.187497 0.658202 0.189452 0.66406 0.189452 0.666015 0.191407 0.669923 0.191407 0.671878 0.193361 0.677735 0.193361 0.67969 0.195316 0.681639 0.195316 0.683593 0.197263 0.687502 0.197263 0.689451 0.199218 0.691405 0.199218 0.69336 0.201172 0.695314 0.201172 0.697263 0.203127 0.699217 0.203127 0.701172 0.205081 0.705081 0.205081 0.707029 0.207029 0.708984 0.207029 0.710938 0.208983 0.708984 0.210938 0.707029 0.210938 0.705081 0.212893 0.703126 0.212893 0.701172 0.214848 0.699217 0.214848 0.697263 0.216794 0.695314 0.216794 0.69336 0.218749 0.691405 0.218749 0.689451 0.220704 0.687502 0.218749 0.660157 0.218749 0.658202 0.216794 0.589843 0.216794 0.589843 0.238281 0.587888 0.240235 0.587888 0.281252 0.585939 0.2832 0.585939 0.326171 0.583985 0.328126 0.583985 0.369144 0.58203 0.37109 0.58203 0.414063 0.580076 0.416018 0.580076 0.457035 0.578127 0.458982 0.578127 0.501954 0.576173 0.503909 0.576173 0.544919 0.574219 0.546873 0.574219 0.589845 0.572264 0.5918 0.572264 0.63281 0.570315 0.634764 0.570315 0.677736 0.568361 0.679691 0.568361 0.720701 0.566406 0.722655 0.566406 0.765628 0.564452 0.767575 0.564452 0.808592 0.562497 0.810547 0.562497 0.853518 0.560549 0.855466 0.560549 0.896483 0.558594 0.898438 0.558594 0.94141 0.55664 0.943357 0.55664 0.984374 0.554686 0.986329 0.554686 1 0.552736 1 0.552736 1 0.550782 1 0.550782 1 0.548828 1 0.548828 1 0.546873 1 0.546873 1 0.544924 1 0.544924 1 0.54297 1 0.54297 1 0.558594 1 0.560549 1 0.576173 1 0.578127 1 0.580076 1 0.593751 1 0.595706 1 0.61133 1 0.613279 1 0.619142 1 0.621096 1 0.625 1 0.626954 1 0.632812 1 0.634766 1 0.638669 1 0.640624 1 0.646487 1 0.648436 1 0.65039 1 0.652345 1 0.654299 1 0.656248 1 0.660157 1 0.662111 1 0.66406 1 0.666015 1 0.66406 1 0.662111 1 0.660157 1 0.658202 1 0.656248 1 0.654299 1 0.652345 1 0.65039 1 0.648436 1 0.646487 1 0.644533 1 0.642578 1 0.640624 1 0.636721 1 0.634766 1 0.628908 1 0.626954 1 0.623045 1 0.621096 1 0.617188 1 0.615233 1 0.613279 1 0.580076 1 0.578127 1 0.570315 1 0.568361 1 0.560549 1 0.55664 1 0.554686 1 0.550782 1 0.548828 1 0.546873 1 0.546873 1 0.544924 1 0.544924 1 0.54297 1 0.54297 1 0.54297 1 0.541016 1 0.541016 1 0.54297 1 0.544924 1 0.546873 1 0.550782 1 0.552736 1 0.55664 1 0.558594 1 0.560549 1 0.562497 1 0.566406 1 0.568361 1 0.576173 1 0.578127 1 0.585939 1 0.587888 1 0.595706 1 0.597655 1 0.599609 1 0.605467 1 0.607421 1 0.615233 1 0.617188 1 0.623045 1 0.625 1 0.632812 1 0.634766 1 0.640624 1 0.642578 1 0.646487 1 0.648436 1 0.652345 1 0.654299 1 0.660157 1 0.662111 1 0.666015 1 0.667969 1 0.656248 1 0.652345 1 0.65039 1 0.646487 1 0.644533 1 0.642578 1 0.640624 1 0.636721 1 0.634766 1 0.619142 1 0.617188 1 0.601563 1 0.599609 1 0.597655 1 0.578127 1 0.576173 1 0.574219 1 0.572264 1 0.568361 1 0.566406 1 0.564452 1 0.562497 1 0.558594 1 0.55664 1 0.554686 1 0.552736 1 0.550782 1 0.548828 1 0.546873 1 0.54297 1 0.541016 1 0.541016 1 0.539061 1 0.539061 1 0.566406 1 0.568361 1 0.576173 1 0.578127 1 0.583985 1 0.585939 1 0.593751 1 0.595706 1 0.597655 1 0.61133 1 0.613279 1 0.628908 1 0.630857 1 0.658202 1 0.660157 1 0.660157 1 0.662111 1 0.687502 1 0.687502 1 0.685547 1 0.683593 1 0.681639 1 0.67969 1 0.683593 1 0.683593 1 0.685547 1 0.685547 1 0.683593 1 0.683593 1 0.691405 1 0.69336 1 0.699217 1 0.804689 1 0.804689 1 0.802734 1 0.802734 1 0.749999 1 0.748044 1 0.695314 1 0.689451 1 0.689451 1 0.685547 1 0.685547 1 0.689451 1 0.687502 1 0.689451 1 0.691405 1 0.695314 1 0.695314 1 0.699217 1 0.744141 1 0.746095 1 0.794922 1 0.796877 1 0.802734 1 0.804689 1 0.804689 1 0.806643 1 0.806643 1 0.808592 1 0.808592 1 0.810546 1 0.810546 1 0.812501 1 0.812501 1 0.814455 1 0.814455 0.988284 0.816404 0.986329 0.816404 0.939455 0.818359 0.937501 0.818359 0.888672 0.820313 0.886717 0.820313 0.837889 0.822267 0.835934 0.822267 0.789061 0.824216 0.787106 0.824216 0.738277 0.826171 0.736331 0.826171 0.687502 0.828125 0.685548 0.828125 0.638674 0.830079 0.636719 0.830079 0.587891 0.832034 0.585936 0.832034 0.537107 0.833983 0.535153 0.833983 0.488279 0.835937 0.486324 0.835937 0.437504 0.837891 0.435549 0.837891 0.386721 0.839846 0.384766 0.839846 0.337892 0.841795 0.335938 0.841795 0.287109 0.843749 0.285154 0.843749 0.236326 0.845704 0.234371 0.845704 0.214848 0.843749 0.216794 0.841795 0.216794 0.839846 0.218749 0.835937 0.218749 0.833983 0.220704 0.832034 0.220704 0.830079 0.222658 0.828125 0.222658 0.826171 0.224613 0.757811 0.224613 0.755862 0.222658 0.753907 0.222658 0.751953 0.220704 0.748044 0.220704 0.746095 0.218749 0.744141 0.218749 0.742187 0.216794 0.738283 0.216794 0.736329 0.214848 0.736329 0.212893 0.728517 0.212893 0.726562 0.210938 0.726562 0.169921 0.728517 0.167966 0.728517 0.166019 0.730471 0.164064 0.730471 0.16211 0.73242 0.160155 0.73242 0.158201 0.734374 0.156253 0.734374 0.154298 0.736329 0.152344 0.857424 0.152344 0.857424 0.132812 0.843749 0.132812 0.843749 0.134768 0.841795 0.136722 0.806643 0.136722 0.804689 0.134768 0.785156 0.134768 0.783201 0.132812 0.740232 0.132812 0.734374 0.126956 0.734374 0.117191 0.736329 0.115236 0.736329 0.109372 0.734374 0.109372 0.73242 0.107425 0.730471 0.107425 0.728517 0.10547 0.730471 0.103516 0.736329 0.103516 0.736329 0.095705 0.738283 0.09375 0.738283 0.074218 0.740232 0.072264 0.740232 0.064453 0.742187 0.062498 0.847658 0.062498 0.849607 0.064453 0.849607 0.046876 0.851561 0.044921 0.851561 0.011715 0.822267 0.011715 0.820313 0.009768 0.810546 0.009768 0.808592 0.007813 0.796877 0.007813 0.794922 0.005858 0.785156 0.005858 0.783201 0.003904 0.779298 0.003904 0.777344 0.001949 0.773435 0.001949 0.771486 0.000002 0.767577 0.000002 0.765623 0 0.759765 0 0.757811 0 0.753907 0 0.751953 0 0.748044 0 0.746095 0 0.744141 0 0.740232 0 0.738283 0 0.736329 0 0.734374 0 0.73242 0 0.734374 0 0.738283 0 0.740232 0 0.744141 0 0.746095 0 0.749999 0 0.751953 0 0.753907 0 0.755862 0 0.759765 0 0.761719 0 0.765623 0 0.767577 0 0.796877 0 0.798826 0 0.80078 0 0.808592 0 0.810546 0 0.818359 0 0.820313 0 0.828125 0 0.830079 0 0.843749 0 0.845704 0 0.853516 0 0.853516 0 0.85547 0 0.85547 0 0.857424 0 0.857424 0 0.859374 0 0.859374 0 0.810546 0 0.808592 0 0.759765 0 0.757811 0 0.681639 0 0.67969 0 0.656248 0 0.654299 0 0.605467 0
9 0.320312 0.048831 0.318357 0.050778 0.308596 0.050778 0.306642 0.052732 0.294921 0.052732 0.294921 0.068362 0.314454 0.068362 0.316408 0.070309 0.318357 0.068362 0.333987 0.068362 0.335936 0.066408 0.33789 0.066408 0.339845 0.064453 0.343748 0.064453 0.347657 0.060544 0.345702 0.060544 0.339845 0.054688 0.339845 0.052732 0.33789 0.050778 0.322266 0.050778
9 0.289063 0.783204 0.287109 0.785159 0.281251 0.785159 0.279297 0.787106 0.271485 0.787106 0.271485 0.79297 0.26953 0.794924 0.26953 0.798827 0.271485 0.798827 0.273439 0.800781 0.275388 0.800781 0.277343 0.802736 0.279297 0.802736 0.281251 0.80469 0.283206 0.802736 0.296875 0.802736 0.29883 0.800781 0.310545 0.800781 0.3125 0.798827 0.328124 0.798827 0.326169 0.796872 0.32422 0.796872 0.318357 0.791015 0.316408 0.791015 0.3125 0.787106 0.302733 0.787106 0.300779 0.785159 0.291018 0.785159
9 0.371093 0.546873 0.369139 0.548828 0.36719 0.548828 0.365235 0.550782 0.361326 0.550782 0.361326 0.552737 0.359378 0.554684 0.359378 0.560548 0.361326 0.562503 0.361326 0.56445 0.36719 0.56445 0.369139 0.566404 0.373047 0.566404 0.375002 0.568359 0.386717 0.568359 0.388672 0.566404 0.40625 0.566404 0.40625 0.550782 0.390626 0.550782 0.388672 0.548828 0.373047 0.548828
9 0.361326 0.58008 0.359378 0.582034 0.357423 0.582034 0.357423 0.5918 0.359378 0.5918 0.361326 0.593747 0.363281 0.593747 0.365235 0.595702 0.36719 0.595702 0.369139 0.597656 0.371093 0.597656 0.373047 0.599611 0.408205 0.599611 0.408205 0.5918 0.40625 0.589845 0.40625 0.58008
9 0.386717 0.693358 0.384768 0.695313 0.373047 0.695313 0.371093 0.697268 0.365235 0.697268 0.363281 0.699222 0.357423 0.699222 0.355469 0.701169 0.355469 0.703124 0.35156 0.707034 0.353514 0.707034 0.355469 0.708988 0.359378 0.708988 0.361326 0.710935 0.363281 0.710935 0.365235 0.71289 0.369139 0.71289 0.371093 0.714844 0.376951 0.714844 0.378905 0.716799 0.382814 0.716799 0.384768 0.718754 0.386717 0.716799 0.410159 0.716799 0.410159 0.708988 0.408205 0.707034 0.408205 0.697268 0.398438 0.697268 0.396484 0.695313 0.388672 0.695313
9 0.281251 0.544919 0.277343 0.548828 0.277343 0.550782 0.279297 0.552737 0.279297 0.556639 0.285155 0.556639 0.287109 0.558594 0.291018 0.558594 0.292967 0.560548 0.29883 0.560548 0.300779 0.562503 0.304688 0.562503 0.306642 0.56445 0.316408 0.56445 0.318357 0.566404 0.326169 0.566404 0.328124 0.568359 0.328124 0.56445 0.330078 0.562503 0.330078 0.554684 0.332032 0.552737 0.332032 0.548828 0.3125 0.548828 0.310545 0.546873 0.291018 0.546873 0.289063 0.544919
9 0.158201 0.628908 0.156252 0.630863 0.138674 0.630863 0.136719 0.63281 0.134765 0.63281 0.132811 0.634764 0.130862 0.634764 0.128907 0.636719 0.124999 0.636719 0.123049 0.638674 0.121095 0.638674 0.123049 0.638674 0.126953 0.642575 0.128907 0.642575 0.130862 0.64453 0.132811 0.64453 0.134765 0.646484 0.138674 0.646484 0.140623 0.648439 0.142577 0.648439 0.144531 0.650394 0.166013 0.650394 0.167968 0.648439 0.177734 0.648439 0.179689 0.646484 0.185546 0.646484 0.185546 0.640628 0.183592 0.638674 0.183592 0.63281 0.181643 0.63281 0.179689 0.630863 0.177734 0.630863 0.17578 0.628908
9 0.398438 0 0.396484 0 0.390626 0 0.388672 0 0.38086 0 0.378905 0 0.373047 0 0.375002 0 0.376951 0.000002 0.378905 0.000002 0.38086 0.001949 0.382814 0.001949 0.384768 0.003904 0.386717 0.003904 0.388672 0.005858 0.390626 0.005858 0.39258 0.007813 0.394529 0.007813 0.396484 0.009768 0.400393 0.009768 0.402341 0.011715 0.404296 0.011715 0.40625 0.01367 0.408205 0.01367 0.410159 0.015625 0.429687 0.015625 0.429687 0.005858 0.431641 0.003904 0.431641 0 0.416017 0 0.414062 0 0.400393 0
9 0.382814 0.519531 0.38086 0.521485 0.373047 0.521485 0.371093 0.52344 0.363281 0.52344 0.361326 0.525387 0.353514 0.525387 0.355469 0.525387 0.359378 0.529296 0.361326 0.529296 0.365235 0.533206 0.369139 0.533206 0.371093 0.535153 0.375002 0.535153 0.376951 0.537107 0.38086 0.537107 0.382814 0.539062 0.416017 0.539062 0.416017 0.525387 0.40625 0.525387 0.404296 0.52344 0.396484 0.52344 0.394529 0.521485 0.384768 0.521485
9 0.062502 0.742187 0.060547 0.744142 0.037111 0.744142 0.037111 0.748044 0.035157 0.749998 0.035157 0.755862 0.033202 0.757809 0.033202 0.761718 0.048826 0.761718 0.050781 0.763673 0.068359 0.763673 0.070314 0.765628 0.085938 0.765628 0.087892 0.767575 0.091796 0.763673 0.09375 0.763673 0.095704 0.761718 0.095704 0.749998 0.09375 0.748044 0.09375 0.746096 0.089841 0.746096 0.087892 0.744142 0.085938 0.744142 0.083984 0.742187
9 0.281251 0.986329 0.279297 0.988284 0.259764 0.988284 0.259764 1 0.273439 1 0.275388 1 0.318357 1 0.318357 1 0.320312 1 0.320312 1 0.318357 1 0.314454 0.999997 0.3125 0.999997 0.308596 0.996095 0.306642 0.996095 0.302733 0.992186 0.296875 0.992186 0.294921 0.990231 0.291018 0.990231 0.289063 0.988284 0.283206 0.988284
9 0.632812 0.140624 0.630857 0.142578 0.587888 0.142578 0.587888 0.156253 0.585939 0.158201 0.585939 0.171875 0.619142 0.171875 0.621096 0.17383 0.634766 0.17383 0.636721 0.175785 0.65039 0.175785 0.652345 0.177732 0.683593 0.177732 0.685547 0.175785 0.687502 0.175785 0.689451 0.17383 0.69336 0.17383 0.695314 0.171875 0.697263 0.171875 0.701172 0.167966 0.701172 0.16211 0.699217 0.160155 0.699217 0.156253 0.695314 0.152344 0.695314 0.150389 0.691405 0.146488 0.673827 0.146488 0.671878 0.144533 0.654299 0.144533 0.652345 0.142578 0.634766 0.142578
9 0.357423 0.87305 0.355469 0.874997 0.349611 0.874997 0.347657 0.876952 0.339845 0.876952 0.345702 0.882816 0.345702 0.884763 0.35156 0.890627 0.355469 0.890627 0.357423 0.892581 0.363281 0.892581 0.365235 0.894528 0.369139 0.894528 0.371093 0.896483 0.375002 0.896483 0.376951 0.898438 0.398438 0.898438 0.398438 0.888672 0.400393 0.886717 0.400393 0.878907 0.394529 0.878907 0.39258 0.876952 0.388672 0.876952 0.386717 0.874997 0.38086 0.874997 0.378905 0.87305
9 0.144531 0.599611 0.142577 0.601565 0.136719 0.601565 0.134765 0.603513 0.130862 0.603513 0.128907 0.605467 0.123049 0.605467 0.124999 0.605467 0.126953 0.607422 0.128907 0.607422 0.130862 0.609376 0.132811 0.609376 0.134765 0.611331 0.136719 0.611331 0.138674 0.613278 0.142577 0.613278 0.144531 0.615233 0.146486 0.615233 0.14844 0.617188 0.154298 0.617188 0.156252 0.619142 0.16211 0.619142 0.164064 0.621097 0.177734 0.621097 0.177734 0.611331 0.17578 0.609376 0.17578 0.599611
9 0.365235 0.728512 0.363281 0.730467 0.359378 0.730467 0.357423 0.732421 0.35156 0.732421 0.349611 0.734376 0.345702 0.734376 0.347657 0.736331 0.349611 0.736331 0.355469 0.742187 0.365235 0.742187 0.36719 0.744142 0.376951 0.744142 0.378905 0.746096 0.386717 0.746096 0.388672 0.748044 0.410159 0.748044 0.410159 0.740232 0.408205 0.738277 0.408205 0.728512
9 0.046877 0.568359 0.046877 0.583981 0.052735 0.583981 0.05469 0.585936 0.058593 0.585936 0.060547 0.587891 0.087892 0.587891 0.089841 0.585936 0.09375 0.585936 0.095704 0.583981 0.101562 0.583981 0.103517 0.582034 0.10742 0.582034 0.105471 0.582034 0.101562 0.578125 0.099608 0.578125 0.095704 0.574215 0.089841 0.574215 0.087892 0.572268 0.082029 0.572268 0.08008 0.570314 0.074217 0.570314 0.072268 0.568359
9 0.578127 0.187497 0.578127 0.214848 0.658202 0.214848 0.660157 0.216794 0.687502 0.216794 0.689451 0.218749 0.691405 0.216794 0.69336 0.216794 0.695314 0.214848 0.697263 0.214848 0.699217 0.212893 0.701172 0.212893 0.703126 0.210938 0.705081 0.210938 0.707029 0.208983 0.708984 0.208983 0.707029 0.208983 0.705081 0.207029 0.701172 0.207029 0.699217 0.205081 0.697263 0.205081 0.695314 0.203127 0.69336 0.203127 0.691405 0.201172 0.689451 0.201172 0.687502 0.199218 0.683593 0.199218 0.681639 0.197263 0.67969 0.197263 0.677735 0.195316 0.671878 0.195316 0.669923 0.193361 0.666015 0.193361 0.66406 0.191407 0.658202 0.191407 0.656248 0.189452 0.642578 0.189452 0.640624 0.187497
9 0.371093 0.486324 0.369139 0.488279 0.36719 0.488279 0.365235 0.490234 0.361326 0.490234 0.355469 0.49609 0.357423 0.49609 0.359378 0.498044 0.361326 0.498044 0.363281 0.5 0.365235 0.5 0.36719 0.501954 0.376951 0.501954 0.378905 0.503909 0.386717 0.503909 0.388672 0.505856 0.416017 0.505856 0.417971 0.507811 0.417971 0.492188 0.404296 0.492188 0.402341 0.490234 0.388672 0.490234 0.386717 0.488279 0.373047 0.488279
9 0.113283 0.23047 0.113283 0.234371 0.111329 0.236326 0.111329 0.24219 0.109374 0.244137 0.109374 0.250001 0.10742 0.251956 0.10742 0.255857 0.117186 0.255857 0.119141 0.257812 0.119141 0.24219 0.117186 0.240235 0.117186 0.238281 0.115232 0.236326 0.115232 0.234371 0.113283 0.232424
9 0.289063 0.664061 0.287109 0.666016 0.277343 0.666016 0.275388 0.667971 0.263673 0.667971 0.265627 0.669925 0.267576 0.669925 0.271485 0.673827 0.273439 0.673827 0.277343 0.677736 0.283206 0.677736 0.285155 0.679691 0.291018 0.679691 0.292967 0.681638 0.308596 0.681638 0.310545 0.683593 0.326169 0.683593 0.326169 0.669925 0.316408 0.669925 0.314454 0.667971 0.302733 0.667971 0.300779 0.666016 0.291018 0.666016
9 0.26953 0.726564 0.26953 0.746096 0.283206 0.746096 0.285155 0.748044 0.287109 0.746096 0.29883 0.746096 0.300779 0.744142 0.326169 0.744142 0.326169 0.728512 0.314454 0.728512 0.3125 0.726564
9 0.355469 0.931644 0.353514 0.933591 0.343748 0.933591 0.339845 0.937501 0.339845 0.94141 0.341799 0.943357 0.341799 0.947267 0.343748 0.949221 0.345702 0.949221 0.349611 0.953123 0.365235 0.953123 0.36719 0.955077 0.394529 0.955077 0.394529 0.945312 0.396484 0.943357 0.396484 0.935546 0.376951 0.935546 0.375002 0.933591 0.357423 0.933591
9 0.376951 0.023436 0.376951 0.041012 0.400393 0.041012 0.402341 0.042967 0.425783 0.042967 0.427732 0.044921 0.437499 0.044921 0.439453 0.042967 0.443362 0.042967 0.443362 0.041012 0.441407 0.039065 0.441407 0.033201 0.437499 0.029299 0.437499 0.027345 0.433595 0.023436
9 0.052735 0.775393 0.050781 0.77734 0.046877 0.77734 0.044923 0.779295 0.042969 0.779295 0.041014 0.78125 0.037111 0.78125 0.037111 0.785159 0.03906 0.787106 0.03906 0.79297 0.058593 0.79297 0.060547 0.794924 0.074217 0.794924 0.076171 0.79297 0.085938 0.79297 0.091796 0.787106 0.09375 0.787106 0.095704 0.785159 0.09375 0.783204 0.09375 0.78125 0.091796 0.78125 0.089841 0.779295 0.087892 0.779295 0.085938 0.77734 0.08008 0.77734 0.078126 0.775393
9 0.292967 0.931644 0.291018 0.933591 0.251952 0.933591 0.251952 0.949221 0.257815 0.949221 0.259764 0.951176 0.263673 0.951176 0.265627 0.953123 0.271485 0.953123 0.273439 0.955077 0.291018 0.955077 0.292967 0.953123 0.294921 0.953123 0.296875 0.951176 0.29883 0.951176 0.300779 0.949221 0.302733 0.949221 0.304688 0.947267 0.314454 0.947267 0.310545 0.943357 0.310545 0.94141 0.306642 0.937501 0.304688 0.937501 0.302733 0.935546 0.29883 0.935546 0.296875 0.933591 0.294921 0.933591
9 0.375002 0.332028 0.373047 0.333983 0.369139 0.333983 0.36719 0.335938 0.363281 0.335938 0.363281 0.337892 0.361326 0.339847 0.361326 0.345703 0.363281 0.347658 0.363281 0.349612 0.365235 0.35156 0.36719 0.35156 0.369139 0.353514 0.371093 0.353514 0.373047 0.355469 0.384768 0.355469 0.386717 0.353514 0.416017 0.353514 0.416017 0.333983 0.376951 0.333983
9 0.789064 0.099607 0.78711 0.101561 0.771486 0.101561 0.769532 0.103516 0.751953 0.103516 0.749999 0.10547 0.730471 0.10547 0.73242 0.10547 0.734374 0.107425 0.736329 0.107425 0.738283 0.109372 0.740232 0.109372 0.742187 0.111327 0.744141 0.111327 0.746095 0.113281 0.748044 0.113281 0.751953 0.117191 0.753907 0.117191 0.755862 0.119137 0.757811 0.119137 0.761719 0.123047 0.763674 0.123047 0.765623 0.125001 0.769532 0.125001 0.771486 0.126956 0.773435 0.126956 0.775389 0.128903 0.779298 0.128903 0.781252 0.130858 0.783201 0.130858 0.785156 0.132812 0.804689 0.132812 0.806643 0.134768 0.841795 0.134768 0.841795 0.113281 0.837891 0.113281 0.835937 0.111327 0.833983 0.111327 0.832034 0.109372 0.828125 0.109372 0.826171 0.107425 0.824216 0.107425 0.822267 0.10547 0.818359 0.10547 0.816404 0.103516 0.804689 0.103516 0.802734 0.101561 0.791013 0.101561
9 0.166013 0.324217 0.164064 0.326171 0.152344 0.326171 0.150389 0.328126 0.146486 0.328126 0.144531 0.330081 0.138674 0.330081 0.136719 0.332028 0.132811 0.332028 0.136719 0.335938 0.138674 0.335938 0.144531 0.341794 0.150389 0.341794 0.152344 0.343748 0.156252 0.343748 0.158201 0.345703 0.183592 0.345703 0.185546 0.343748 0.195313 0.343748 0.195313 0.335938 0.193358 0.333983 0.193358 0.326171 0.167968 0.326171
9 0.070314 0.539062 0.068359 0.541017 0.050781 0.541017 0.050781 0.546873 0.048826 0.548828 0.048826 0.552737 0.058593 0.552737 0.060547 0.554684 0.066405 0.554684 0.068359 0.556639 0.085938 0.556639 0.087892 0.554684 0.097659 0.554684 0.099608 0.552737 0.109374 0.552737 0.10742 0.550782 0.105471 0.550782 0.101562 0.546873 0.099608 0.546873 0.095704 0.542971 0.089841 0.542971 0.087892 0.541017 0.083984 0.541017 0.082029 0.539062
9 0.134765 0.927735 0.132811 0.929689 0.105471 0.929689 0.105471 0.933591 0.10742 0.935546 0.10742 0.939455 0.111329 0.939455 0.113283 0.94141 0.115232 0.94141 0.117186 0.943357 0.121095 0.943357 0.123049 0.945312 0.124999 0.945312 0.126953 0.947267 0.142577 0.947267 0.144531 0.949221 0.146486 0.947267 0.173826 0.947267 0.173826 0.939455 0.171876 0.937501 0.171876 0.929689 0.136719 0.929689
9 0.164064 0.015625 0.16211 0.017579 0.156252 0.017579 0.154298 0.019534 0.150389 0.019534 0.14844 0.021481 0.142577 0.021481 0.152344 0.031247 0.156252 0.031247 0.158201 0.033201 0.16211 0.033201 0.164064 0.035156 0.166013 0.035156 0.167968 0.03711 0.171876 0.03711 0.173826 0.039065 0.17578 0.03711 0.187501 0.03711 0.189455 0.035156 0.20117 0.035156 0.20117 0.027345 0.203125 0.02539 0.203125 0.019534 0.20117 0.019534 0.199216 0.017579 0.197267 0.017579 0.195313 0.015625
9 0.38086 0.146488 0.378905 0.148435 0.376951 0.148435 0.373047 0.152344 0.371093 0.152344 0.36719 0.156253 0.365235 0.156253 0.36719 0.158201 0.369139 0.158201 0.375002 0.164064 0.378905 0.164064 0.38086 0.166019 0.382814 0.166019 0.384768 0.167966 0.398438 0.167966 0.400393 0.169921 0.412108 0.169921 0.414062 0.171875 0.416017 0.169921 0.433595 0.169921 0.433595 0.148435 0.382814 0.148435
9 0.072268 0.505856 0.070314 0.507811 0.050781 0.507811 0.050781 0.529296 0.082029 0.529296 0.083984 0.531251 0.085938 0.529296 0.089841 0.529296 0.091796 0.527342 0.10742 0.527342 0.10742 0.521485 0.105471 0.519531 0.105471 0.517576 0.103517 0.515621 0.103517 0.513675 0.101562 0.51172 0.101562 0.509765 0.087892 0.509765 0.085938 0.507811 0.074217 0.507811
9 0.357423 0.423829 0.357423 0.43164 0.359378 0.433595 0.359378 0.44336 0.376951 0.44336 0.378905 0.445315 0.398438 0.445315 0.400393 0.447269 0.417971 0.447269 0.41992 0.449216 0.41992 0.427738 0.390626 0.427738 0.388672 0.425783 0.359378 0.425783
9 0.373047 0.205081 0.369139 0.208983 0.369139 0.210938 0.365235 0.214848 0.365235 0.218749 0.36719 0.220704 0.36719 0.224613 0.373047 0.23047 0.38086 0.23047 0.382814 0.232424 0.388672 0.232424 0.390626 0.234371 0.398438 0.234371 0.400393 0.236326 0.40625 0.236326 0.408205 0.238281 0.416017 0.238281 0.417971 0.240235 0.41992 0.238281 0.421874 0.238281 0.423829 0.236326 0.427732 0.236326 0.429687 0.234371 0.431641 0.234371 0.433595 0.232424 0.435544 0.232424 0.435544 0.216794 0.433595 0.214848 0.433595 0.212893 0.431641 0.210938 0.431641 0.208983 0.429687 0.207029 0.429687 0.205081
9 0.031248 0.949221 0.031248 0.966797 0.037111 0.966797 0.03906 0.968752 0.044923 0.968752 0.046877 0.970699 0.052735 0.970699 0.05469 0.972654 0.056638 0.970699 0.070314 0.970699 0.072268 0.968752 0.076171 0.968752 0.078126 0.966797 0.082029 0.966797 0.083984 0.964843 0.087892 0.964843 0.085938 0.962888 0.085938 0.960941 0.083984 0.958987 0.082029 0.958987 0.08008 0.957032 0.078126 0.957032 0.076171 0.955077 0.072268 0.955077 0.070314 0.953123 0.068359 0.953123 0.066405 0.951176 0.064451 0.951176 0.062502 0.949221
9 0.140623 0.541017 0.138674 0.542971 0.136719 0.542971 0.134765 0.544919 0.130862 0.544919 0.128907 0.546873 0.126953 0.546873 0.124999 0.548828 0.121095 0.548828 0.123049 0.548828 0.124999 0.550782 0.126953 0.550782 0.128907 0.552737 0.130862 0.552737 0.132811 0.554684 0.134765 0.554684 0.136719 0.556639 0.138674 0.556639 0.140623 0.558594 0.142577 0.558594 0.144531 0.560548 0.160156 0.560548 0.16211 0.558594 0.179689 0.558594 0.179689 0.542971 0.173826 0.542971 0.171876 0.541017
10 0.29883 0 0.29883 0 0.300779 0 0.300779 0 0.302733 0 0.318357 0 0.320312 0 0.335936 0 0.33789 0 0.341799 0 0.343748 0 0.345702 0 0.347657 0 0.35156 0 0.353514 0 0.355469 0 0.357423 0 0.357423 0 0.361326 0 0.359378 0 0.357423 0 0.357423 0 0.355469 0 0.355469 0 0.353514 0 0.328124 0 0.326169 0 0.29883 0 0.29883 0 0.35156 0 0.353514 0 0.353514 0 0.355469 0 0.355469 0 0.353514 0 0.353514 0 0.349611 0 0.33789 0 0.335936 0 0.333987 0 0.320312 0 0.318357 0 0.29883 0 0.29883 0 0.29883 0 0.300779 0 0.318357 0 0.320312 0 0.328124 0 0.330078 0 0.339845 0 0.341799 0 0.343748 0 0.345702 0 0.347657 0 0.35156 0 0.35156 0 0.349611 0 0.349611 0 0.347657 0 0.347657 0 0.345702 0 0.322266 0 0.320312 0 0.294921 0 0.294921 0 0.322266 0 0.32422 0 0.35156 0 0.353514 0 0.353514 0.021481 0.35156 0.023436 0.35156 0.044921 0.349611 0.046876 0.294921 0.046876 0.294921 0.050778 0.306642 0.050778 0.308596 0.048831 0.318357 0.048831 0.320312 0.046876 0.322266 0.048831 0.33789 0.048831 0.341799 0.052732 0.341799 0.054688 0.345702 0.058597 0.347657 0.058597 0.349611 0.060544 0.343748 0.066408 0.339845 0.066408 0.33789 0.068362 0.335936 0.068362 0.333987 0.070309 0.318357 0.070309 0.316408 0.072264 0.314454 0.070309 0.294921 0.070309 0.292967 0.068362 0.292967 0.058597 0.292967 0.080075 0.302733 0.080075 0.304688 0.08203 0.316408 0.08203 0.318357 0.083984 0.328124 0.083984 0.330078 0.085939 0.33789 0.085939 0.345702 0.09375 0.345702 0.095705 0.343748 0.097659 0.343748 0.099607 0.341799 0.101561 0.341799 0.103516 0.339845 0.10547 0.332032 0.10547 0.330078 0.103516 0.310545 0.103516 0.308596 0.101561 0.289063 0.101561 0.289063 0.111327 0.306642 0.111327 0.308596 0.113281 0.32422 0.113281 0.326169 0.115236 0.343748 0.115236 0.345702 0.117191 0.345702 0.166019 0.343748 0.167966 0.289063 0.167966 0.289063 0.17383 0.291018 0.171875 0.294921 0.171875 0.296875 0.169921 0.322266 0.169921 0.32422 0.171875 0.328124 0.171875 0.330078 0.17383 0.332032 0.17383 0.333987 0.175785 0.33789 0.175785 0.339845 0.177732 0.349611 0.177732 0.35156 0.179687 0.349611 0.181641 0.347657 0.181641 0.343748 0.18555 0.341799 0.18555 0.33789 0.189452 0.335936 0.189452 0.333987 0.191407 0.326169 0.191407 0.32422 0.193361 0.316408 0.193361 0.314454 0.195316 0.306642 0.195316 0.304688 0.197263 0.302733 0.195316 0.289063 0.195316 0.289063 0.208983 0.289063 0.205081 0.291018 0.203127 0.292967 0.205081 0.326169 0.205081 0.330078 0.208983 0.332032 0.208983 0.335936 0.212893 0.33789 0.212893 0.339845 0.214848 0.339845 0.216794 0.341799 0.218749 0.341799 0.222658 0.343748 0.224613 0.343748 0.226561 0.341799 0.228515 0.339845 0.228515 0.335936 0.232424 0.333987 0.232424 0.332032 0.234371 0.330078 0.234371 0.328124 0.232424 0.322266 0.232424 0.320312 0.23047 0.3125 0.23047 0.310545 0.228515 0.304688 0.228515 0.302733 0.226561 0.294921 0.226561 0.292967 0.224613 0.289063 0.224613 0.289063 0.240235 0.343748 0.240235 0.345702 0.24219 0.345702 0.253902 0.343748 0.255857 0.343748 0.277343 0.341799 0.279298 0.341799 0.287109 0.339845 0.289064 0.285155 0.289064 0.285155 0.298829 0.29883 0.298829 0.300779 0.300784 0.3125 0.300784 0.314454 0.302731 0.328124 0.302731 0.330078 0.304686 0.341799 0.304686 0.343748 0.306641 0.343748 0.341794 0.341799 0.343748 0.33789 0.343748 0.33789 0.347658 0.335936 0.349612 0.335936 0.35156 0.330078 0.357423 0.328124 0.355469 0.316408 0.355469 0.314454 0.353514 0.302733 0.353514 0.300779 0.35156 0.289063 0.35156 0.287109 0.349612 0.287109 0.343748 0.281251 0.343748 0.281251 0.347658 0.283206 0.349612 0.283206 0.359378 0.285155 0.361325 0.285155 0.365234 0.332032 0.365234 0.333987 0.367189 0.333987 0.410154 0.332032 0.412108 0.275388 0.412108 0.275388 0.414063 0.277343 0.416018 0.277343 0.419919 0.330078 0.419919 0.332032 0.421874 0.332032 0.445315 0.333987 0.447269 0.333987 0.472657 0.332032 0.474611 0.275388 0.474611 0.275388 0.482423 0.289063 0.482423 0.291018 0.484377 0.302733 0.484377 0.304688 0.486324 0.318357 0.486324 0.320312 0.488279 0.332032 0.488279 0.333987 0.490234 0.333987 0.533206 0.332032 0.535153 0.314454 0.535153 0.3125 0.537107 0.292967 0.537107 0.291018 0.539062 0.273439 0.539062 0.273439 0.541017 0.275388 0.542971 0.275388 0.546873 0.277343 0.546873 0.281251 0.542971 0.289063 0.542971 0.291018 0.544919 0.310545 0.544919 0.3125 0.546873 0.332032 0.546873 0.333987 0.548828 0.333987 0.552737 0.332032 0.554684 0.332032 0.562503 0.330078 0.56445 0.330078 0.568359 0.328124 0.570314 0.326169 0.568359 0.32422 0.568359 0.32422 0.570314 0.326169 0.572268 0.326169 0.58008 0.328124 0.582034 0.328124 0.587891 0.330078 0.589845 0.330078 0.593747 0.328124 0.595702 0.310545 0.595702 0.308596 0.597656 0.292967 0.597656 0.291018 0.599611 0.273439 0.599611 0.275388 0.601565 0.275388 0.603513 0.277343 0.605467 0.277343 0.607422 0.32422 0.607422 0.326169 0.609376 0.326169 0.628908 0.328124 0.630863 0.328124 0.652341 0.326169 0.654296 0.308596 0.654296 0.306642 0.65625 0.289063 0.65625 0.287109 0.658205 0.26953 0.658205 0.26953 0.66016 0.271485 0.662107 0.271485 0.666016 0.275388 0.666016 0.277343 0.664061 0.287109 0.664061 0.289063 0.662107 0.291018 0.664061 0.300779 0.664061 0.302733 0.666016 0.32422 0.666016 0.328124 0.669925 0.328124 0.683593 0.326169 0.685548 0.326169 0.71289 0.32422 0.714844 0.26953 0.714844 0.26953 0.72461 0.3125 0.72461 0.314454 0.726564 0.326169 0.726564 0.328124 0.728512 0.328124 0.744142 0.326169 0.746096 0.322266 0.746096 0.322266 0.753907 0.320312 0.755862 0.320312 0.771484 0.318357 0.773438 0.26953 0.773438 0.26953 0.77734 0.271485 0.779295 0.271485 0.785159 0.273439 0.783204 0.287109 0.783204 0.289063 0.78125 0.291018 0.783204 0.320312 0.783204 0.322266 0.785159 0.322266 0.79297 0.32422 0.794924 0.326169 0.794924 0.330078 0.798827 0.328124 0.800781 0.322266 0.800781 0.322266 0.808592 0.320312 0.810547 0.320312 0.833988 0.318357 0.835934 0.259764 0.835934 0.257815 0.833988 0.257815 0.837889 0.259764 0.839844 0.259764 0.8457 0.318357 0.8457 0.320312 0.847655 0.320312 0.892581 0.318357 0.894528 0.259764 0.894528 0.257815 0.892581 0.257815 0.894528 0.259764 0.896483 0.259764 0.900393 0.285155 0.900393 0.287109 0.902347 0.3125 0.902347 0.314454 0.904294 0.314454 0.91406 0.316408 0.916015 0.316408 0.937501 0.318357 0.939455 0.318357 0.947267 0.316408 0.949221 0.304688 0.949221 0.302733 0.951176 0.300779 0.951176 0.29883 0.953123 0.296875 0.953123 0.294921 0.955077 0.292967 0.955077 0.291018 0.957032 0.273439 0.957032 0.271485 0.955077 0.265627 0.955077 0.263673 0.953123 0.259764 0.953123 0.259764 0.955077 0.257815 0.957032 0.257815 0.962888 0.287109 0.962888 0.289063 0.964843 0.316408 0.964843 0.318357 0.966797 0.318357 0.974608 0.320312 0.976563 0.320312 0.99414 0.322266 0.996095 0.322266 1 0.320312 1 0.320312 1 0.318357 1 0.255861 1 0.257815 1 0.257815 1 0.259764 1 0.259764 1 0.314454 1 0.316408 1 0.316408 1 0.314454 1 0.314454 1 0.316408 1 0.316408 1 0.314454 1 0.263673 1 0.261718 1 0.261718 1 0.253906 1 0.253906 1 0.255861 1 0.255861 1 0.257815 1 0.257815 1 0.283206 1 0.285155 1 0.310545 1 0.3125 1 0.3125 1 0.310545 1 0.304688 1 0.302733 1 0.285155 1 0.283206 1 0.26953 1 0.26953 1 0.310545 1 0.3125 1 0.3125 1 0.310545 1 0.283206 1 0.281251 1 0.279297 1 0.259764 1 0.255861 1 0.253906 1 0.253906 1 0.253906 1 0.257815 1 0.29883 1 0.300779 1 0.300779 1 0.302733 1 0.302733 1 0.300779 1 0.271485 1 0.26953 1 0.263673 1 0.261718 1 0.253906 1 0.251952 1 0.251952 1 0.253906 1 0.277343 1 0.279297 1 0.304688 1 0.306642 1 0.306642 1 0.304688 1 0.302733 1 0.279297 1 0.277343 1 0.251952 1 0.249997 1 0.249997 1 0.249997 1 0.277343 1 0.279297 1 0.304688 1 0.306642 1 0.306642 1 0.304688 1 0.304688 1 0.302733 1 0.302733 1 0.304688 1 0.306642 1 0.308596 1 0.310545 1 0.308596 1 0.306642 1 0.3125 1 0.314454 1 0.328124 1 0.328124 1 0.330078 1 0.330078 1 0.332032 1 0.332032 1 0.333987 1 0.333987 1 0.328124 1 0.328124 1 0.330078 1 0.330078 1 0.332032 1 0.332032 1 0.333987 1 0.347657 1 0.349611 1 0.388672 1 0.390626 1 0.390626 1 0.39258 1 0.39258 1 0.394529 1 0.394529 1 0.394529 1 0.39258 1 0.390626 1 0.378905 1 0.376951 1 0.365235 1 0.363281 1 0.359378 1 0.357423 1 0.353514 1 0.35156 1 0.347657 1 0.345702 1 0.341799 1 0.33789 1 0.335936 1 0.332032 1 0.330078 1 0.326169 1 0.328124 1 0.339845 1 0.341799 1 0.353514 1 0.355469 1 0.376951 1 0.378905 1 0.382814 1 0.384768 1 0.390626 1 0.39258 1 0.396484 1 0.396484 1 0.398438 1 0.398438 1 0.396484 1 0.388672 1 0.386717 1 0.376951 1 0.375002 1 0.357423 1 0.355469 1 0.35156 1 0.349611 1 0.343748 1 0.333987 1 0.335936 1 0.33789 1 0.341799 1 0.343748 1 0.345702 1 0.363281 1 0.365235 1 0.36719 1 0.398438 1 0.398438 1 0.36719 1 0.365235 1 0.363281 1 0.361326 1 0.357423 1 0.355469 1 0.353514 1 0.35156 1 0.347657 1 0.341799 1 0.339845 1 0.333987 0.999997 0.335936 0.998049 0.339845 0.998049 0.341799 0.996095 0.345702 0.996095 0.347657 0.99414 0.35156 0.99414 0.353514 0.992186 0.373047 0.992186 0.375002 0.99414 0.388672 0.99414 0.390626 0.996095 0.400393 0.996095 0.400393 0.990231 0.378905 0.990231 0.376951 0.988284 0.365235 0.988284 0.363281 0.986329 0.35156 0.986329 0.349611 0.984374 0.347657 0.984374 0.343748 0.980465 0.341799 0.980465 0.339845 0.978518 0.339845 0.976563 0.33789 0.974608 0.33789 0.972654 0.335936 0.970699 0.335936 0.966797 0.33789 0.964843 0.33789 0.962888 0.339845 0.960941 0.343748 0.960941 0.345702 0.962888 0.400393 0.962888 0.400393 0.960941 0.402341 0.958987 0.402341 0.906249 0.404296 0.904294 0.404296 0.849609 0.40625 0.847655 0.40625 0.796872 0.40625 0.798827 0.404296 0.800781 0.400393 0.800781 0.398438 0.802736 0.394529 0.802736 0.39258 0.80469 0.388672 0.80469 0.386717 0.806637 0.371093 0.806637 0.369139 0.808592 0.36719 0.806637 0.361326 0.806637 0.359378 0.80469 0.353514 0.80469 0.35156 0.802736 0.35156 0.787106 0.353514 0.785159 0.376951 0.785159 0.378905 0.783204 0.38086 0.785159 0.394529 0.785159 0.396484 0.787106 0.400393 0.787106 0.402341 0.789061 0.408205 0.789061 0.408205 0.775393 0.404296 0.779295 0.388672 0.779295 0.386717 0.77734 0.353514 0.77734 0.35156 0.775393 0.35156 0.765628 0.349611 0.763673 0.349611 0.755862 0.35156 0.753907 0.38086 0.753907 0.382814 0.755862 0.390626 0.755862 0.39258 0.757809 0.400393 0.757809 0.40625 0.763673 0.408205 0.763673 0.408205 0.749998 0.388672 0.749998 0.386717 0.748044 0.378905 0.748044 0.376951 0.746096 0.36719 0.746096 0.365235 0.744142 0.355469 0.744142 0.349611 0.738277 0.347657 0.738277 0.343748 0.734376 0.345702 0.732421 0.349611 0.732421 0.35156 0.730467 0.357423 0.730467 0.359378 0.728512 0.363281 0.728512 0.365235 0.726564 0.408205 0.726564 0.410159 0.728512 0.410159 0.738277 0.410159 0.718754 0.386717 0.718754 0.384768 0.720701 0.382814 0.718754 0.378905 0.718754 0.376951 0.716799 0.371093 0.716799 0.369139 0.714844 0.365235 0.714844 0.363281 0.71289 0.361326 0.71289 0.359378 0.710935 0.353514 0.710935 0.349611 0.707034 0.35156 0.705079 0.35156 0.693358 0.349611 0.691403 0.349611 0.671873 0.35156 0.669925 0.369139 0.669925 0.371093 0.667971 0.386717 0.667971 0.388672 0.666016 0.40625 0.666016 0.408205 0.664061 0.408205 0.662107 0.412108 0.658205 0.412108 0.65625 0.414062 0.654296 0.412108 0.654296 0.412108 0.658205 0.410159 0.66016 0.390626 0.66016 0.388672 0.662107 0.386717 0.66016 0.382814 0.66016 0.38086 0.658205 0.378905 0.658205 0.376951 0.65625 0.373047 0.65625 0.371093 0.654296 0.35156 0.654296 0.349611 0.652341 0.349611 0.646484 0.347657 0.64453 0.345702 0.64453 0.343748 0.642575 0.345702 0.640628 0.349611 0.640628 0.349611 0.607422 0.35156 0.605467 0.40625 0.605467 0.40625 0.601565 0.373047 0.601565 0.371093 0.599611 0.369139 0.599611 0.36719 0.597656 0.365235 0.597656 0.363281 0.595702 0.361326 0.595702 0.359378 0.593747 0.357423 0.593747 0.355469 0.5918 0.355469 0.582034 0.357423 0.58008 0.359378 0.58008 0.361326 0.578125 0.40625 0.578125 0.408205 0.58008 0.408205 0.589845 0.408205 0.574215 0.410159 0.572268 0.410159 0.552737 0.412108 0.550782 0.412108 0.541017 0.382814 0.541017 0.38086 0.539062 0.376951 0.539062 0.375002 0.537107 0.371093 0.537107 0.369139 0.535153 0.365235 0.535153 0.361326 0.531251 0.359378 0.531251 0.355469 0.527342 0.353514 0.527342 0.35156 0.525387 0.353514 0.52344 0.361326 0.52344 0.363281 0.521485 0.371093 0.521485 0.373047 0.519531 0.38086 0.519531 0.382814 0.517576 0.384768 0.519531 0.394529 0.519531 0.396484 0.521485 0.404296 0.521485 0.40625 0.52344 0.414062 0.52344 0.414062 0.509765 0.416017 0.507811 0.388672 0.507811 0.386717 0.505856 0.378905 0.505856 0.376951 0.503909 0.36719 0.503909 0.365235 0.501954 0.363281 0.501954 0.361326 0.5 0.359378 0.5 0.357423 0.498044 0.355469 0.498044 0.353514 0.49609 0.361326 0.488279 0.365235 0.488279 0.36719 0.486324 0.369139 0.486324 0.371093 0.484377 0.373047 0.486324 0.386717 0.486324 0.388672 0.488279 0.402341 0.488279 0.404296 0.490234 0.416017 0.490234 0.416017 0.488279 0.417971 0.486324 0.417971 0.476559 0.416017 0.478514 0.363281 0.478514 0.361326 0.476559 0.361326 0.468748 0.359378 0.466801 0.359378 0.445315 0.357423 0.44336 0.357423 0.433595 0.355469 0.43164 0.355469 0.423829 0.357423 0.421874 0.359378 0.423829 0.388672 0.423829 0.390626 0.425783 0.417971 0.425783 0.417971 0.416018 0.396484 0.416018 0.394529 0.417972 0.39258 0.416018 0.376951 0.416018 0.375002 0.414063 0.371093 0.414063 0.369139 0.412108 0.363281 0.412108 0.353514 0.402342 0.355469 0.400388 0.359378 0.400388 0.361326 0.398441 0.363281 0.398441 0.365235 0.396486 0.369139 0.396486 0.371093 0.394531 0.373047 0.394531 0.375002 0.392577 0.384768 0.392577 0.386717 0.390622 0.388672 0.392577 0.402341 0.392577 0.404296 0.394531 0.417971 0.394531 0.41992 0.392577 0.41992 0.386721 0.390626 0.386721 0.388672 0.384766 0.36719 0.384766 0.365235 0.382811 0.365235 0.380857 0.363281 0.37891 0.363281 0.376955 0.361326 0.375 0.361326 0.373045 0.359378 0.37109 0.359378 0.369144 0.361326 0.367189 0.363281 0.367189 0.36719 0.36328 0.369139 0.36328 0.371093 0.361325 0.373047 0.36328 0.394529 0.36328 0.396484 0.365234 0.41992 0.365234 0.41992 0.328126 0.421874 0.326171 0.421874 0.292965 0.41992 0.29492 0.417971 0.29492 0.416017 0.296875 0.398438 0.296875 0.396484 0.29492 0.382814 0.29492 0.378905 0.291018 0.376951 0.291018 0.373047 0.287109 0.371093 0.287109 0.361326 0.277343 0.363281 0.275389 0.371093 0.275389 0.373047 0.273434 0.38086 0.273434 0.382814 0.271487 0.400393 0.271487 0.402341 0.269532 0.404296 0.271487 0.408205 0.271487 0.410159 0.273434 0.412108 0.273434 0.414062 0.275389 0.417971 0.275389 0.41992 0.277343 0.421874 0.277343 0.421874 0.263668 0.423829 0.261722 0.423829 0.238281 0.421874 0.240235 0.41992 0.240235 0.417971 0.24219 0.416017 0.240235 0.414062 0.240235 0.421874 0.248046 0.421874 0.251956 0.423829 0.253902 0.423829 0.257812 0.421874 0.259767 0.417971 0.259767 0.416017 0.261722 0.414062 0.261722 0.412108 0.263668 0.408205 0.263668 0.40625 0.265623 0.404296 0.263668 0.394529 0.263668 0.39258 0.261722 0.382814 0.261722 0.38086 0.259767 0.378905 0.259767 0.376951 0.257812 0.375002 0.257812 0.373047 0.255857 0.371093 0.255857 0.369139 0.253902 0.36719 0.253902 0.359378 0.246091 0.363281 0.24219 0.363281 0.240235 0.36719 0.236326 0.382814 0.236326 0.384768 0.238281 0.40625 0.238281 0.400393 0.238281 0.398438 0.236326 0.390626 0.236326 0.388672 0.234371 0.382814 0.234371 0.38086 0.232424 0.373047 0.232424 0.371093 0.23047 0.36719 0.23047 0.365235 0.228515 0.365235 0.220704 0.363281 0.218749 0.363281 0.214848 0.365235 0.212893 0.365235 0.207029 0.36719 0.205081 0.36719 0.18555 0.369139 0.183596 0.394529 0.183596 0.396484 0.181641 0.423829 0.181641 0.423829 0.171875 0.416017 0.171875 0.414062 0.17383 0.412108 0.171875 0.400393 0.171875 0.398438 0.169921 0.384768 0.169921 0.382814 0.167966 0.38086 0.167966 0.378905 0.166019 0.375002 0.166019 0.373047 0.164064 0.369139 0.164064 0.36719 0.16211 0.36719 0.160155 0.363281 0.156253 0.365235 0.154298 0.36719 0.154298 0.36719 0.142578 0.365235 0.140624 0.365235 0.119137 0.36719 0.117191 0.427732 0.117191 0.427732 0.111327 0.384768 0.111327 0.38086 0.107425 0.378905 0.107425 0.36719 0.095705 0.375002 0.087893 0.375002 0.080075 0.376951 0.078128 0.376951 0.056642 0.378905 0.054688 0.431641 0.054688 0.433595 0.056642 0.433595 0.046876 0.427732 0.046876 0.425783 0.044921 0.402341 0.044921 0.400393 0.042967 0.376951 0.042967 0.375002 0.041012 0.375002 0.023436 0.376951 0.021481 0.433595 0.021481 0.433595 0.005858 0.435544 0.003904 0.435544 0 0.400393 0 0.398438 0 0.396484 0 0.394529 0 0.390626 0 0.388672 0 0.386717 0 0.384768 0 0.38086 0 0.371093 0 0.373047 0 0.388672 0 0.390626 0 0.404296 0 0.40625 0 0.408205 0 0.435544 0 0.435544 0 0.41992 0 0.417971 0 0.416017 0 0.39258 0 0.390626 0 0.388672 0 0.386717 0 0.384768 0 0.382814 0 0.38086 0 0.378905 0 0.376951 0 0.373047 0 0.371093 0 0.369139 0 0.373047 0 0.375002 0 0.38086 0 0.39258 0 0.394529 0 0.40625 0 0.408205 0 0.421874 0 0.423829 0 0.435544 0 0.435544 0 0.437499 0 0.437499 0 0.437499 0 0.435544 0 0.427732 0 0.425783 0 0.40625 0 0.404296 0 0.402341 0 0.398438 0 0.396484 0 0.394529 0 0.39258 0 0.388672 0 0.386717 0 0.382814 0 0.378905 0 0.378905 0 0.375002 0 0.376951 0 0.38086 0 0.382814 0 0.388672 0 0.390626 0 0.394529 0 0.396484 0 0.414062 0 0.416017 0 0.421874 0 0.423829 0 0.429687 0 0.431641 0 0.437499 0 0.437499 0 0.417971 0 0.416017 0 0.398438 0 0.396484 0 0.394529 0 0.39258 0 0.388672 0 0.386717 0 0.384768 0 0.382814 0 0.378905 0 0.376951 0 0.378905 0 0.382814 0 0.382814 0 0.38086 0 0.38086 0 0.378905 0 0.378905 0 0.38086 0 0.447265 0 0.447265 0 0.375002 0 0.373047 0 0.300779 0
9 0.076171 0.228515 0.074217 0.23047 0.070314 0.23047 0.068359 0.232424 0.062502 0.232424 0.060547 0.234371 0.056638 0.234371 0.052735 0.238281 0.050781 0.238281 0.046877 0.24219 0.044923 0.24219 0.046877 0.24219 0.048826 0.244137 0.050781 0.244137 0.052735 0.246091 0.05469 0.246091 0.056638 0.248046 0.08008 0.248046 0.082029 0.246091 0.097659 0.246091 0.101562 0.24219 0.103517 0.24219 0.10742 0.238281 0.10742 0.236326 0.109374 0.234371 0.109374 0.232424 0.111329 0.23047 0.09375 0.23047 0.091796 0.228515
9 0.371093 0.36328 0.369139 0.365234 0.36719 0.365234 0.363281 0.369144 0.361326 0.369144 0.361326 0.37109 0.363281 0.373045 0.363281 0.375 0.365235 0.376955 0.365235 0.37891 0.36719 0.380857 0.36719 0.382811 0.388672 0.382811 0.390626 0.384766 0.41992 0.384766 0.41992 0.367189 0.396484 0.367189 0.394529 0.365234 0.373047 0.365234
9 0.156252 0.835934 0.154298 0.837889 0.132811 0.837889 0.132811 0.855466 0.134765 0.853518 0.160156 0.853518 0.164064 0.849609 0.166013 0.849609 0.167968 0.847655 0.167968 0.8457 0.169922 0.843753 0.167968 0.843753 0.166013 0.841798 0.164064 0.841798 0.160156 0.837889 0.158201 0.837889
9 0.386717 0.392577 0.384768 0.394531 0.375002 0.394531 0.373047 0.396486 0.371093 0.396486 0.369139 0.398441 0.365235 0.398441 0.363281 0.400388 0.361326 0.400388 0.359378 0.402342 0.355469 0.402342 0.363281 0.410154 0.369139 0.410154 0.371093 0.412108 0.375002 0.412108 0.376951 0.414063 0.39258 0.414063 0.394529 0.416018 0.396484 0.414063 0.41992 0.414063 0.41992 0.396486 0.404296 0.396486 0.402341 0.394531 0.388672 0.394531
9 0.359378 0.8457 0.357423 0.847655 0.355469 0.847655 0.353514 0.849609 0.35156 0.849609 0.349611 0.851564 0.347657 0.851564 0.345702 0.853518 0.343748 0.853518 0.347657 0.85742 0.347657 0.859375 0.349611 0.86133 0.355469 0.86133 0.357423 0.863285 0.361326 0.863285 0.363281 0.865232 0.373047 0.865232 0.375002 0.867186 0.384768 0.867186 0.386717 0.869141 0.388672 0.867186 0.402341 0.867186 0.402341 0.849609 0.382814 0.849609 0.38086 0.847655 0.361326 0.847655
9 0.630857 0.005858 0.628908 0.007813 0.593751 0.007813 0.593751 0.03711 0.636721 0.03711 0.638669 0.039065 0.67969 0.039065 0.681639 0.041012 0.683593 0.039065 0.699217 0.039065 0.699217 0.03711 0.701172 0.035156 0.701172 0.033201 0.703126 0.031247 0.703126 0.027345 0.705081 0.02539 0.705081 0.021481 0.703126 0.019534 0.703126 0.015625 0.701172 0.015625 0.697263 0.011715 0.695314 0.011715 0.69336 0.009768 0.691405 0.009768 0.689451 0.007813 0.632812 0.007813
9 0.171876 0.478514 0.169922 0.480468 0.154298 0.480468 0.152344 0.482423 0.138674 0.482423 0.136719 0.484377 0.132811 0.484377 0.130862 0.486324 0.128907 0.486324 0.126953 0.488279 0.123049 0.488279 0.124999 0.488279 0.126953 0.490234 0.128907 0.490234 0.130862 0.492188 0.132811 0.492188 0.134765 0.494143 0.136719 0.494143 0.138674 0.49609 0.140623 0.49609 0.142577 0.498044 0.16211 0.498044 0.164064 0.49609 0.177734 0.49609 0.181643 0.492188 0.183592 0.492188 0.187501 0.488279 0.189455 0.488279 0.183592 0.482423 0.179689 0.482423 0.177734 0.480468 0.173826 0.480468
9 0.291018 0.080075 0.291018 0.08984 0.289063 0.091795 0.289063 0.099607 0.308596 0.099607 0.310545 0.101561 0.330078 0.101561 0.332032 0.103516 0.339845 0.103516 0.339845 0.101561 0.341799 0.099607 0.341799 0.097659 0.343748 0.095705 0.343748 0.09375 0.33789 0.087893 0.330078 0.087893 0.328124 0.085939 0.318357 0.085939 0.316408 0.083984 0.304688 0.083984 0.302733 0.08203 0.292967 0.08203
9 0.052735 0.380857 0.052735 0.390622 0.050781 0.392577 0.050781 0.400388 0.060547 0.400388 0.062502 0.402342 0.072268 0.402342 0.074217 0.404297 0.083984 0.404297 0.085938 0.406252 0.087892 0.404297 0.091796 0.404297 0.09375 0.402342 0.097659 0.402342 0.099608 0.400388 0.103517 0.400388 0.105471 0.398441 0.109374 0.398441 0.10742 0.396486 0.105471 0.396486 0.101562 0.392577 0.099608 0.392577 0.095704 0.388675 0.089841 0.388675 0.087892 0.386721 0.082029 0.386721 0.08008 0.384766 0.068359 0.384766 0.066405 0.382811 0.05469 0.382811
9 0.033202 0.892581 0.033202 0.908204 0.048826 0.908204 0.050781 0.910158 0.066405 0.910158 0.068359 0.912113 0.070314 0.910158 0.08008 0.910158 0.08008 0.900393 0.078126 0.898438 0.078126 0.896483 0.076171 0.896483 0.072268 0.892581
9 0.291018 0.330081 0.291018 0.339847 0.289063 0.341794 0.289063 0.349612 0.300779 0.349612 0.302733 0.35156 0.314454 0.35156 0.316408 0.353514 0.328124 0.353514 0.330078 0.355469 0.333987 0.35156 0.333987 0.349612 0.335936 0.347658 0.335936 0.337892 0.333987 0.337892 0.332032 0.335938 0.330078 0.335938 0.328124 0.333983 0.326169 0.333983 0.32422 0.332028 0.292967 0.332028
9 0.144531 0.689457 0.142577 0.691403 0.138674 0.691403 0.136719 0.693358 0.124999 0.693358 0.123049 0.695313 0.123049 0.701169 0.124999 0.703124 0.124999 0.705079 0.126953 0.705079 0.130862 0.708988 0.177734 0.708988 0.177734 0.689457
9 0.158201 0.51172 0.156252 0.513675 0.132811 0.513675 0.132811 0.52344 0.140623 0.531251 0.166013 0.531251 0.167968 0.529296 0.171876 0.529296 0.173826 0.527342 0.177734 0.527342 0.179689 0.525387 0.183592 0.525387 0.181643 0.525387 0.177734 0.521485 0.17578 0.521485 0.166013 0.51172
9 0.095704 0.259767 0.09375 0.261722 0.082029 0.261722 0.08008 0.263668 0.076171 0.263668 0.074217 0.265623 0.068359 0.265623 0.066405 0.267578 0.062502 0.267578 0.062502 0.277343 0.078126 0.277343 0.08008 0.279298 0.095704 0.279298 0.097659 0.277343 0.105471 0.277343 0.111329 0.271487 0.113283 0.271487 0.115232 0.269532 0.113283 0.267578 0.111329 0.267578 0.10742 0.263668 0.103517 0.263668 0.101562 0.261722 0.097659 0.261722
9 0.296875 0.171875 0.294921 0.17383 0.291018 0.17383 0.289063 0.175785 0.283206 0.175785 0.281251 0.177732 0.281251 0.189452 0.283206 0.191407 0.283206 0.193361 0.302733 0.193361 0.304688 0.195316 0.306642 0.193361 0.314454 0.193361 0.316408 0.191407 0.32422 0.191407 0.326169 0.189452 0.333987 0.189452 0.335936 0.187497 0.33789 0.187497 0.341799 0.183596 0.343748 0.183596 0.347657 0.179687 0.349611 0.179687 0.339845 0.179687 0.33789 0.177732 0.333987 0.177732 0.332032 0.175785 0.330078 0.175785 0.328124 0.17383 0.32422 0.17383 0.322266 0.171875
9 0.361326 0.818357 0.359378 0.820312 0.353514 0.820312 0.35156 0.822267 0.345702 0.822267 0.347657 0.822267 0.349611 0.824222 0.35156 0.824222 0.355469 0.828124 0.357423 0.828124 0.359378 0.830078 0.361326 0.830078 0.363281 0.832033 0.373047 0.832033 0.375002 0.833988 0.382814 0.833988 0.384768 0.835934 0.404296 0.835934 0.404296 0.818357
9 0.082029 0.132812 0.08008 0.134768 0.076171 0.134768 0.074217 0.136722 0.072268 0.136722 0.070314 0.138669 0.066405 0.138669 0.066405 0.144533 0.068359 0.146488 0.068359 0.152344 0.085938 0.152344 0.087892 0.154298 0.103517 0.154298 0.105471 0.156253 0.10742 0.154298 0.109374 0.154298 0.111329 0.152344 0.115232 0.152344 0.117186 0.150389 0.119141 0.150389 0.119141 0.144533 0.117186 0.142578 0.117186 0.140624 0.115232 0.138669 0.111329 0.138669 0.109374 0.136722 0.10742 0.136722 0.105471 0.134768 0.083984 0.134768
9 0.152344 0.169921 0.150389 0.171875 0.14844 0.171875 0.144531 0.175785 0.142577 0.175785 0.138674 0.179687 0.136719 0.179687 0.138674 0.181641 0.140623 0.181641 0.146486 0.187497 0.154298 0.187497 0.156252 0.189452 0.16211 0.189452 0.164064 0.191407 0.185546 0.191407 0.187501 0.189452 0.197267 0.189452 0.197267 0.18555 0.195313 0.183596 0.195313 0.177732 0.193358 0.175785 0.193358 0.171875 0.179689 0.171875 0.177734 0.169921
9 0.050781 0.314451 0.050781 0.341794 0.101562 0.341794 0.10742 0.335938 0.109374 0.335938 0.111329 0.333983 0.111329 0.332028 0.109374 0.330081 0.109374 0.328126 0.10742 0.328126 0.105471 0.326171 0.103517 0.326171 0.099608 0.322262 0.097659 0.322262 0.095704 0.320315 0.082029 0.320315 0.08008 0.318361 0.068359 0.318361 0.066405 0.316406 0.052735 0.316406
9 0.38086 0.636719 0.378905 0.638674 0.369139 0.638674 0.36719 0.640628 0.357423 0.640628 0.355469 0.642575 0.345702 0.642575 0.347657 0.642575 0.349611 0.64453 0.35156 0.64453 0.353514 0.646484 0.357423 0.646484 0.359378 0.648439 0.361326 0.648439 0.363281 0.650394 0.365235 0.650394 0.36719 0.652341 0.371093 0.652341 0.373047 0.654296 0.376951 0.654296 0.378905 0.65625 0.38086 0.65625 0.382814 0.658205 0.386717 0.658205 0.388672 0.66016 0.390626 0.658205 0.410159 0.658205 0.410159 0.640628 0.396484 0.640628 0.394529 0.638674 0.382814 0.638674
9 0.36719 0.238281 0.365235 0.240235 0.365235 0.24219 0.361326 0.246091 0.36719 0.251956 0.369139 0.251956 0.371093 0.253902 0.373047 0.253902 0.375002 0.255857 0.376951 0.255857 0.378905 0.257812 0.38086 0.257812 0.382814 0.259767 0.39258 0.259767 0.394529 0.261722 0.404296 0.261722 0.40625 0.263668 0.408205 0.261722 0.412108 0.261722 0.414062 0.259767 0.416017 0.259767 0.417971 0.257812 0.421874 0.257812 0.421874 0.253902 0.41992 0.251956 0.41992 0.248046 0.412108 0.240235 0.384768 0.240235 0.382814 0.238281
9 0.382814 0.300784 0.38086 0.302731 0.369139 0.302731 0.363281 0.308595 0.363281 0.31055 0.361326 0.312497 0.369139 0.320315 0.376951 0.320315 0.378905 0.322262 0.388672 0.322262 0.390626 0.324217 0.400393 0.324217 0.402341 0.326171 0.404296 0.324217 0.41992 0.324217 0.41992 0.302731 0.384768 0.302731
9 0.044923 0.683593 0.044923 0.691403 0.046877 0.693358 0.046877 0.705079 0.091796 0.705079 0.091796 0.701169 0.09375 0.699222 0.09375 0.691403 0.087892 0.685548 0.056638 0.685548 0.05469 0.683593
9 0.076171 0.800781 0.074217 0.802736 0.046877 0.802736 0.044923 0.80469 0.041014 0.80469 0.03906 0.806637 0.033202 0.806637 0.029299 0.810547 0.029299 0.812501 0.031248 0.814456 0.031248 0.818357 0.037111 0.824222 0.076171 0.824222 0.078126 0.822267 0.082029 0.822267 0.083984 0.820312 0.089841 0.820312 0.091796 0.818357 0.09375 0.818357 0.09375 0.816403 0.095704 0.814456 0.095704 0.810547 0.09375 0.808592 0.09375 0.806637 0.091796 0.806637 0.087892 0.802736 0.085938 0.802736 0.083984 0.800781
9 0.074217 0.923826 0.072268 0.92578 0.031248 0.92578 0.031248 0.931644 0.033202 0.933591 0.033202 0.939455 0.074217 0.939455 0.076171 0.94141 0.082029 0.94141 0.087892 0.935546 0.089841 0.935546 0.091796 0.933591 0.091796 0.931644 0.089841 0.929689 0.089841 0.927735 0.083984 0.927735 0.082029 0.92578 0.076171 0.92578
9 0.357423 0.904294 0.353514 0.908204 0.35156 0.908204 0.347657 0.912113 0.347657 0.916015 0.349611 0.917969 0.349611 0.919924 0.359378 0.919924 0.361326 0.921878 0.371093 0.921878 0.373047 0.923826 0.384768 0.923826 0.386717 0.92578 0.398438 0.92578 0.400393 0.927735 0.400393 0.908204 0.384768 0.908204 0.382814 0.906249 0.36719 0.906249 0.365235 0.904294
9 0.376951 0.087893 0.369139 0.095705 0.378905 0.10547 0.38086 0.10547 0.384768 0.109372 0.429687 0.109372 0.429687 0.091795 0.404296 0.091795 0.402341 0.08984 0.378905 0.08984
9 0.378905 0.785159 0.376951 0.787106 0.353514 0.787106 0.353514 0.802736 0.359378 0.802736 0.361326 0.80469 0.36719 0.80469 0.369139 0.806637 0.371093 0.80469 0.386717 0.80469 0.388672 0.802736 0.39258 0.802736 0.394529 0.800781 0.398438 0.800781 0.400393 0.798827 0.404296 0.798827 0.404296 0.796872 0.40625 0.794924 0.40625 0.79297 0.408205 0.791015 0.402341 0.791015 0.400393 0.789061 0.396484 0.789061 0.394529 0.787106 0.38086 0.787106