0 0.332031 0.916018 0.332031 0.925781 0.330078 0.927735 0.330078 0.935544 0.367187 0.935544 0.367187 0.917973 0.333983 0.917973
0 0.037111 0.500004 0.037111 0.501949 0.039063 0.503903 0.039063 0.5332 0.046874 0.5332 0.048827 0.535154 0.048827 0.519528 0.05078 0.517574 0.05078 0.501949 0.039063 0.501949
0 0.912107 0 0.912107 0.017578 0.91406 0.019532 0.91406 0.039067 0.916013 0.037113 0.931642 0.037113 0.931642 0.021487 0.929689 0.019532 0.929689 0.001953 0.91406 0.001953
4 0.453122 0.193357 0.453122 0.369138 0.455082 0.367183 0.546875 0.367183 0.546875 0.193357
0 0.212892 0.93359 0.212892 0.955078 0.214845 0.953123 0.228514 0.953123 0.230467 0.951169 0.244143 0.951169 0.244143 0.93359
0 0.328125 0.882813 0.328125 0.892576 0.326172 0.89453 0.326172 0.902348 0.3457 0.902348 0.34766 0.904293 0.365234 0.904293 0.367187 0.906247 0.367187 0.884768 0.330078 0.884768
0 0.042969 0.562496 0.042969 0.566405 0.041016 0.568359 0.041016 0.574223 0.039063 0.576168 0.039063 0.58203 0.037111 0.583984 0.037111 0.589848 0.035158 0.591793 0.035158 0.595701 0.041016 0.595701 0.042969 0.597656 0.046874 0.597656 0.048827 0.59961 0.048827 0.595701 0.05078 0.593747 0.05078 0.587893 0.052732 0.585939 0.052732 0.580076 0.054685 0.578122 0.054685 0.572268 0.056638 0.570313 0.056638 0.568359 0.054685 0.568359 0.052732 0.566405 0.048827 0.566405 0.046874 0.564451 0.044921 0.564451
0 0.212892 0.878905 0.212892 0.89453 0.234372 0.89453 0.236325 0.896484 0.236325 0.89453 0.238278 0.892576 0.238278 0.886722 0.240238 0.884768 0.240238 0.882813 0.228514 0.882813 0.226562 0.880859 0.214845 0.880859
0 0.277347 0.857426 0.277347 0.886722 0.2793 0.884768 0.291016 0.884768 0.291016 0.873051 0.289063 0.871097 0.289063 0.857426
0 0.833984 0.992191 0.828125 0.998046 0.828125 1 0.820315 1 0.822267 1 0.822267 1 0.82422 1 0.82422 1 0.826173 1 0.826173 1 0.828125 1 0.828125 1 0.830078 1 0.830078 1 0.832031 1 0.832031 1 0.833984 1 0.833984 1 0.835936 1 0.839842 1 0.841795 1 0.8457 1 0.847653 1 0.851566 1 0.853518 1 0.851566 1 0.851566 1 0.849613 1 0.849613 1 0.8457 1 0.8457 1 0.843747 1 0.843747 1 0.841795 1 0.841795 1 0.837889 1 0.837889 0.998046 0.835936 0.996091 0.835936 0.994137
0 0.224609 0.095705 0.224609 0.103514 0.226562 0.105468 0.226562 0.113286 0.248049 0.113286 0.248049 0.107423 0.250002 0.105468 0.250002 0.099606 0.238278 0.099606 0.236325 0.09766 0.226562 0.09766
0 0.023434 0.503903 0.023434 0.535154 0.037111 0.535154 0.037111 0.503903
4 0.654296 0.189449 0.652344 0.191403 0.562504 0.191403 0.562504 0.365237 0.652344 0.365237 0.652344 0.279293 0.654296 0.277349
0 0.220703 0.056638 0.220703 0.058592 0.222656 0.060546 0.222656 0.066409 0.224609 0.068364 0.224609 0.070309 0.238278 0.070309 0.240238 0.072263 0.253907 0.072263 0.25586 0.074217 0.25586 0.056638
0 0.916013 0.089843 0.916013 0.123048 0.929689 0.123048 0.929689 0.089843
0 0.332031 0.847654 0.332031 0.853517 0.333983 0.855471 0.333983 0.863279 0.361329 0.863279 0.363282 0.865233 0.363282 0.857426 0.365234 0.855471 0.365234 0.847654
0 0.224609 0.074217 0.224609 0.089843 0.23242 0.089843 0.234372 0.091797 0.240238 0.091797 0.242191 0.093751 0.250002 0.093751 0.251954 0.095705 0.251954 0.091797 0.253907 0.089843 0.253907 0.083989 0.25586 0.082035 0.25586 0.078126 0.242191 0.078126 0.240238 0.076172 0.226562 0.076172
0 0.068362 0.542972 0.068362 0.558597 0.066409 0.560551 0.066409 0.574223 0.078125 0.574223 0.080078 0.576168 0.080078 0.570313 0.082031 0.568359 0.082031 0.554688 0.083983 0.552734 0.083983 0.546871 0.078125 0.546871 0.076172 0.544926 0.070314 0.544926
0 0.917965 0.048829 0.917965 0.066409 0.916013 0.068364 0.916013 0.083989 0.929689 0.083989 0.931642 0.085935 0.931642 0.070309 0.929689 0.068364 0.929689 0.050783 0.919918 0.050783
0 0 0.941406 0 0.958986 0 0.958986 0 0.96094 0.000001 0.96094 0.001954 0.962894 0.001954 0.945315 0 0.945315 0 0.943361 0 0.943361
0 0.064456 0.628907 0.064456 0.642578 0.062503 0.644532 0.062503 0.658203 0.078125 0.658203 0.080078 0.660157 0.080078 0.654295 0.082031 0.652341 0.082031 0.640624 0.083983 0.638669 0.083983 0.632815 0.076172 0.632815 0.07422 0.630861 0.066409 0.630861
14 0.388674 0.138673 0.386722 0.140628 0.380856 0.140628 0.378903 0.142582 0.373045 0.142582 0.371093 0.144527 0.367187 0.144527 0.365234 0.146482 0.359376 0.146482 0.357424 0.148436 0.351565 0.148436 0.349613 0.15039 0.343747 0.15039 0.341794 0.152345 0.339842 0.152345 0.335936 0.156253 0.333983 0.156253 0.330078 0.160152 0.328125 0.160152 0.32422 0.164062 0.322267 0.164062 0.320314 0.166016 0.318362 0.166016 0.314456 0.169924 0.312503 0.169924 0.30859 0.173824 0.306638 0.173824 0.304685 0.175778 0.302732 0.175778 0.298827 0.179687 0.296874 0.179687 0.292969 0.183596 0.291016 0.183596 0.289063 0.18555 0.289063 0.187505 0.285158 0.191403 0.285158 0.193357 0.281253 0.197267 0.281253 0.199221 0.277347 0.20313 0.277347 0.205074 0.273434 0.208983 0.273434 0.210938 0.269529 0.214846 0.269529 0.216801 0.267576 0.218746 0.267576 0.226563 0.265623 0.228518 0.265623 0.242188 0.263671 0.244143 0.263671 0.281248 0.265623 0.283202 0.265623 0.28711 0.267576 0.289064 0.267576 0.292965 0.269529 0.294919 0.269529 0.300781 0.271482 0.302736 0.271482 0.306644 0.273434 0.30859 0.273434 0.310544 0.285158 0.32227 0.287111 0.32227 0.30078 0.335941 0.302732 0.335941 0.304685 0.337887 0.306638 0.337887 0.30859 0.339841 0.310543 0.339841 0.312503 0.341795 0.314456 0.341795 0.316409 0.343749 0.318362 0.343749 0.320314 0.345703 0.322267 0.345703 0.32422 0.347658 0.326172 0.347658 0.328125 0.349612 0.330078 0.349612 0.332031 0.351567 0.333983 0.351567 0.335936 0.353512 0.337889 0.353512 0.339842 0.355466 0.341794 0.355466 0.343747 0.357421 0.3457 0.357421 0.34766 0.359375 0.349613 0.359375 0.351565 0.361329 0.353518 0.361329 0.355471 0.363283 0.359376 0.363283 0.361329 0.365237 0.363282 0.365237 0.365234 0.367183 0.36914 0.367183 0.371093 0.369138 0.373045 0.369138 0.374998 0.371092 0.378903 0.371092 0.380856 0.373046 0.384769 0.373046 0.386722 0.375 0.388674 0.375 0.390627 0.376954 0.394532 0.376954 0.396485 0.378909 0.398438 0.378909 0.400391 0.380863 0.404296 0.380863 0.406249 0.382809 0.410154 0.382809 0.412107 0.384763 0.41406 0.384763 0.416012 0.386717 0.419925 0.386717 0.421878 0.388671 0.423831 0.388671 0.425783 0.390626 0.429689 0.390626 0.431642 0.39258 0.441405 0.39258 0.443358 0.394534 0.453122 0.394534 0.455082 0.396489 0.464845 0.396489 0.466798 0.398434 0.476562 0.398434 0.478514 0.400388 0.488278 0.400388 0.490231 0.402343 0.500002 0.402343 0.501954 0.404297 0.503907 0.402343 0.554685 0.402343 0.556638 0.400388 0.609376 0.400388 0.611329 0.398434 0.624998 0.398434 0.626951 0.396489 0.640627 0.396489 0.64258 0.394534 0.654296 0.394534 0.656249 0.39258 0.669926 0.39258 0.671878 0.390626 0.685547 0.390626 0.6875 0.388671 0.701169 0.388671 0.703122 0.386717 0.705074 0.386717 0.707035 0.384763 0.708987 0.384763 0.71094 0.382809 0.712893 0.382809 0.714845 0.380863 0.718751 0.380863 0.720704 0.378909 0.722656 0.378909 0.724609 0.376954 0.726562 0.376954 0.728514 0.375 0.730467 0.375 0.73242 0.373046 0.734373 0.373046 0.736326 0.371092 0.738278 0.371092 0.740231 0.369138 0.744144 0.369138 0.746096 0.367183 0.748049 0.367183 0.750002 0.365237 0.751955 0.365237 0.753907 0.363283 0.75586 0.363283 0.757813 0.361329 0.759766 0.361329 0.761718 0.359375 0.763671 0.359375 0.765624 0.357421 0.769529 0.357421 0.771482 0.355466 0.773435 0.355466 0.775387 0.353512 0.777348 0.353512 0.777348 0.351567 0.7793 0.349612 0.7793 0.343749 0.781253 0.341795 0.781253 0.335941 0.783206 0.333986 0.783206 0.330078 0.785158 0.328124 0.785158 0.32227 0.787111 0.320315 0.787111 0.316407 0.789064 0.314453 0.789064 0.30859 0.791016 0.306644 0.791016 0.300781 0.792969 0.298827 0.792969 0.263668 0.791016 0.261723 0.791016 0.226563 0.789064 0.224608 0.789064 0.218746 0.787111 0.216801 0.787111 0.210938 0.785158 0.208983 0.785158 0.20313 0.783206 0.201175 0.783206 0.195312 0.781253 0.193357 0.781253 0.187505 0.7793 0.18555 0.7793 0.179687 0.777348 0.177732 0.777348 0.175778 0.773435 0.171879 0.773435 0.169924 0.767576 0.164062 0.767576 0.162107 0.761718 0.156253 0.761718 0.154299 0.757813 0.15039 0.750002 0.15039 0.748049 0.148436 0.742191 0.148436 0.740231 0.146482 0.73242 0.146482 0.730467 0.144527 0.587889 0.144527 0.585936 0.142582 0.531253 0.142582 0.5293 0.140628 0.474609 0.140628 0.472656 0.138673