1 0.939447 0.669919 0.937503 0.671871 0.935539 0.671871 0.935539 0.677734 0.937503 0.679686 0.937503 0.681638 0.964844 0.681638 0.966788 0.679686 0.970697 0.679686 0.970697 0.677734 0.972662 0.675782 0.972662 0.673831 0.970697 0.671871 0.970697 0.669919
1 0.890618 0.505859 0.886709 0.509763 0.886709 0.511722 0.888674 0.513674 0.888674 0.515625 0.892583 0.519529 0.892583 0.521488 0.896492 0.525392 0.896492 0.527344 0.898436 0.529295 0.908197 0.529295 0.908197 0.525392 0.906253 0.52344 0.906253 0.521488 0.9004 0.515625 0.9004 0.513674 0.896492 0.509763 0.896492 0.507811 0.894527 0.505859
0 0.791016 0.22461 0.791016 0.226562 0.789072 0.228514 0.789072 0.236328 0.787107 0.23828 0.787107 0.246094 0.789072 0.248046 0.789072 0.249998 0.79296 0.249998 0.794925 0.25195 0.798834 0.248046 0.800778 0.248046 0.800778 0.228514 0.798834 0.226562 0.798834 0.22461
1 0.982424 0.841794 0.980459 0.843746 0.978515 0.843746 0.978515 0.849609 0.980459 0.851561 0.982424 0.849609 1 0.849609 1 0.849609 1 0.847657 1 0.841794
1 0.984368 0.874997 0.984368 0.876956 0.982424 0.878908 0.982424 0.882812 0.986332 0.886715 0.988276 0.884763 1 0.884763 1 0.882812 1 0.88086 1 0.878908 1 0.876956 1 0.876956 1 0.874997
1 0.941412 0.011718 0.939447 0.01367 0.93165 0.01367 0.929686 0.015622 0.923833 0.015622 0.921868 0.017581 0.914071 0.017581 0.910162 0.021484 0.908197 0.021484 0.908197 0.025388 0.906253 0.027347 0.906253 0.029299 0.910162 0.033202 0.912106 0.03125 0.921868 0.03125 0.923833 0.029299 0.935539 0.029299 0.937503 0.027347 0.947265 0.027347 0.949209 0.025388 0.953118 0.025388 0.953118 0.023436 0.951174 0.021484 0.951174 0.017581 0.949209 0.015622 0.949209 0.01367 0.943356 0.01367
1 1 0.863279 1 0.865231 0.980459 0.865231 0.980459 0.869142 0.982424 0.871094 0.982424 0.873045 1 0.873045 1 0.871094 1 0.865231 1 0.865231
0 0.916015 0.44922 0.914071 0.451172 0.912106 0.451172 0.912106 0.453124 0.910162 0.455076 0.910162 0.472656 0.912106 0.472656 0.914071 0.474608 0.916015 0.472656 0.919924 0.472656 0.919924 0.460938 0.917959 0.458987 0.917959 0.451172
0 0.859369 0.089841 0.857424 0.0918 0.857424 0.097656 0.859369 0.097656 0.861333 0.099607 0.873039 0.099607 0.875004 0.097656 0.876948 0.097656 0.876948 0.0918 0.873039 0.0918 0.871095 0.089841
0 0.875004 0.380856 0.875004 0.382815 0.873039 0.384767 0.873039 0.392582 0.875004 0.392582 0.876948 0.394533 0.878912 0.392582 0.892583 0.392582 0.896492 0.388671 0.898436 0.388671 0.898436 0.382815 0.894527 0.382815 0.892583 0.380856
7 0.597664 0.816407 0.595699 0.818358 0.59179 0.818358 0.589846 0.82031 0.587882 0.82031 0.585938 0.822262 0.582029 0.822262 0.580085 0.824221 0.57812 0.824221 0.576176 0.826173 0.56445 0.826173 0.562505 0.824221 0.556632 0.824221 0.554688 0.822262 0.54687 0.822262 0.544926 0.82031 0.539053 0.82031 0.537109 0.818358 0.537109 0.82031 0.539053 0.822262 0.539053 0.826173 0.541017 0.828125 0.541017 0.830076 0.542962 0.830076 0.544926 0.832028 0.54687 0.832028 0.548835 0.833987 0.552744 0.833987 0.554688 0.835939 0.556632 0.835939 0.558597 0.837891 0.560541 0.837891 0.562505 0.839843 0.56445 0.839843 0.566414 0.841794 0.566414 0.892578 0.56445 0.89453 0.560541 0.89453 0.558597 0.892578 0.552744 0.892578 0.550779 0.890626 0.544926 0.890626 0.542962 0.888674 0.537109 0.888674 0.535164 0.886715 0.529291 0.886715 0.527347 0.884763 0.521494 0.884763 0.519529 0.882812 0.513676 0.882812 0.511712 0.88086 0.505859 0.88086 0.503915 0.878908 0.498041 0.878908 0.496097 0.876956 0.498041 0.878908 0.498041 0.88086 0.500006 0.882812 0.500006 0.884763 0.50195 0.886715 0.50195 0.888674 0.503915 0.888674 0.505859 0.890626 0.509768 0.890626 0.511712 0.892578 0.513676 0.892578 0.51562 0.89453 0.517585 0.89453 0.519529 0.896482 0.521494 0.896482 0.523438 0.898441 0.527347 0.898441 0.529291 0.900393 0.531255 0.900393 0.5332 0.902344 0.535164 0.902344 0.537109 0.904296 0.539053 0.904296 0.541017 0.906248 0.544926 0.906248 0.54687 0.9082 0.548835 0.9082 0.550779 0.910159 0.552744 0.910159 0.554688 0.912111 0.554688 0.923829 0.558597 0.923829 0.560541 0.925781 0.560541 0.921877 0.562505 0.919925 0.562505 0.917966 0.56445 0.916014 0.568358 0.916014 0.570302 0.917966 0.570302 0.935547 0.572267 0.937499 0.572267 0.960935 0.574211 0.962894 0.574211 0.964846 0.576176 0.966797 0.576176 0.970701 0.57812 0.972653 0.57812 0.974612 0.580085 0.972653 0.585938 0.972653 0.585938 0.968749 0.587882 0.966797 0.587882 0.960935 0.589846 0.958983 0.589846 0.949217 0.587882 0.947265 0.587882 0.929684 0.585938 0.927732 0.585938 0.917966 0.587882 0.916014 0.589846 0.916014 0.59179 0.914062 0.593755 0.916014 0.593755 0.917966 0.59179 0.919925 0.59179 0.923829 0.599608 0.923829 0.599608 0.917966 0.601552 0.916014 0.601552 0.912111 0.605461 0.9082 0.607426 0.9082 0.611335 0.904296 0.613279 0.904296 0.617188 0.900393 0.619132 0.900393 0.62304 0.896482 0.625005 0.896482 0.628914 0.892578 0.630858 0.892578 0.634767 0.888674 0.636711 0.888674 0.64062 0.884763 0.642584 0.884763 0.644529 0.882812 0.644529 0.88086 0.646493 0.878908 0.646493 0.876956 0.648438 0.874997 0.648438 0.871094 0.650382 0.869142 0.650382 0.86719 0.652346 0.865231 0.652346 0.863279 0.650382 0.865231 0.648438 0.865231 0.646493 0.86719 0.644529 0.86719 0.642584 0.869142 0.64062 0.869142 0.636711 0.873045 0.634767 0.873045 0.632823 0.874997 0.630858 0.874997 0.628914 0.876956 0.626949 0.876956 0.625005 0.878908 0.62304 0.878908 0.621096 0.88086 0.619132 0.88086 0.615243 0.884763 0.613279 0.884763 0.611335 0.886715 0.60937 0.886715 0.607426 0.888674 0.605461 0.888674 0.603517 0.890626 0.585938 0.890626 0.583994 0.888674 0.583994 0.884763 0.582029 0.882812 0.582029 0.869142 0.580085 0.86719 0.580085 0.853513 0.57812 0.851561 0.57812 0.843746 0.599608 0.822262 0.599608 0.82031 0.597664 0.818358
1 1 0.808592 1 0.810544 0.990241 0.810544 0.988276 0.812503 0.982424 0.812503 0.982424 0.816407 0.984368 0.816407 0.988276 0.82031 0.990241 0.818358 1 0.818358 1 0.816407 1 0.810544 1 0.810544
1 1 0.427736 0.998038 0.429688 0.998038 0.433591 1 0.43555 1 0.437502 1 0.437502 1 0.43555 1 0.43555 1 0.431639 1 0.431639 1 0.429688 1 0.429688
1 0.951174 0.511722 0.949209 0.513674 0.945321 0.513674 0.943356 0.515625 0.943356 0.541013 0.945321 0.542972 0.945321 0.544924 0.953118 0.544924 0.953118 0.542972 0.955083 0.541013 0.955083 0.531247 0.953118 0.529295 0.953118 0.519529 0.951174 0.517577
0 0.79296 0.587893 0.79296 0.589845 0.791016 0.591796 0.791016 0.605466 0.79296 0.607425 0.79296 0.609377 0.796869 0.609377 0.796869 0.607425 0.798834 0.605466 0.798834 0.591796 0.796869 0.589845 0.796869 0.587893
0 0.812504 0.962894 0.812504 0.982419 0.814448 0.982419 0.816413 0.984378 0.820322 0.980467 0.820322 0.974612 0.818357 0.972653 0.818357 0.964846 0.816413 0.962894
0 1 0.148439 1 0.150391 1 0.152343 1 0.152343 1 0.156253 0.998038 0.156253 0.992185 0.162109 0.992185 0.167971 0.99415 0.167971 0.996094 0.169923 1 0.169923 1 0.164061 1 0.164061 1 0.160157 1 0.156253 1 0.154294 1 0.152343
0 0.945321 0.640628 0.943356 0.64258 0.929686 0.64258 0.929686 0.646483 0.93165 0.646483 0.933594 0.648435 0.947265 0.648435 0.949209 0.646483 0.951174 0.646483 0.951174 0.644531 0.949209 0.64258 0.949209 0.640628
0 1 0.189456 1 0.191408 1 0.191408 1 0.197263 1 0.197263 0.996094 0.201174 0.996094 0.203126 0.99415 0.205077 0.99415 0.207029 0.996094 0.207029 0.998038 0.208981 1 0.208981 1 0.197263 1 0.191408
1 1 0.9082 1 0.910159 0.984368 0.910159 0.982424 0.912111 0.980459 0.912111 0.980459 0.916014 0.984368 0.919925 1 0.919925 1 0.917966 1 0.916014 1 0.914062 1 0.912111 1 0.910159 1 0.910159
0 0.832027 0.511722 0.830083 0.513674 0.826174 0.513674 0.826174 0.515625 0.82421 0.517577 0.826174 0.519529 0.826174 0.521488 0.832027 0.527344 0.832027 0.529295 0.833992 0.531247 0.837901 0.531247 0.839845 0.529295 0.839845 0.527344 0.841789 0.525392 0.839845 0.52344 0.839845 0.521488 0.837901 0.519529 0.837901 0.517577 0.835936 0.515625 0.835936 0.513674 0.833992 0.511722
0 0.85546 0.509763 0.853515 0.511722 0.851571 0.511722 0.851571 0.515625 0.853515 0.517577 0.853515 0.519529 0.85546 0.521488 0.85546 0.52344 0.857424 0.525392 0.857424 0.527344 0.859369 0.529295 0.863277 0.529295 0.867186 0.525392 0.867186 0.521488 0.861333 0.515625 0.861333 0.513674 0.857424 0.509763
0 0.945321 0.695315 0.941412 0.699219 0.939447 0.699219 0.939447 0.703122 0.941412 0.703122 0.945321 0.707033 0.958992 0.707033 0.960936 0.705081 0.958992 0.703122 0.958992 0.70117 0.957027 0.699219 0.953118 0.699219 0.951174 0.697267 0.947265 0.697267
1 0.996094 0.490237 0.992185 0.494141 0.992185 0.496093 0.990241 0.498044 0.990241 0.515625 0.988276 0.517577 0.988276 0.531247 0.992185 0.535158 0.992185 0.53711 0.996094 0.541013 1 0.541013 1 0.539062 1 0.53711 1 0.535158 1 0.527344 1 0.525392 1 0.507811 1 0.505859 1 0.498044 0.998038 0.494141 0.998038 0.492189
1 0.837901 0.705081 0.833992 0.708985 0.833992 0.710937 0.832027 0.712888 0.832027 0.728517 0.833992 0.730469 0.833992 0.732421 0.839845 0.732421 0.839845 0.730469 0.841789 0.728517 0.841789 0.707033 0.839845 0.707033
0 0.968753 0.257812 0.968753 0.259764 0.966788 0.261716 0.966788 0.277345 0.968753 0.279297 0.968753 0.281249 0.972662 0.281249 0.976571 0.277345 0.976571 0.271482 0.974606 0.269531 0.974606 0.261716 0.972662 0.259764 0.972662 0.257812
1 0.896492 0 0.892583 0 0.892583 0 0.894527 0 0.894527 0.009766 0.896492 0.009766 0.898436 0.011718 0.9004 0.011718 0.902344 0.009766 0.904289 0.009766 0.904289 0 0.902344 0 0.902344 0 0.9004 0
1 0.953118 0.478519 0.953118 0.480471 0.951174 0.482423 0.951174 0.494141 0.953118 0.496093 0.953118 0.517577 0.955083 0.519529 0.955083 0.529295 0.957027 0.529295 0.958992 0.531247 0.964844 0.531247 0.966788 0.529295 0.966788 0.486326 0.9629 0.482423 0.9629 0.480471 0.960936 0.478519
1 0.982424 0.898441 0.982424 0.906248 1 0.906248 1 0.9082 1 0.906248 1 0.904296 1 0.902344 1 0.900393 1 0.898441
0 0.933594 0.654298 0.93165 0.65625 0.929686 0.65625 0.929686 0.660153 0.93165 0.662112 0.943356 0.662112 0.947265 0.658201 0.947265 0.65625 0.945321 0.654298
0 0.888674 0.367186 0.886709 0.369138 0.873039 0.369138 0.873039 0.371097 0.871095 0.373049 0.871095 0.375001 0.873039 0.376953 0.873039 0.378905 0.876948 0.378905 0.878912 0.376953 0.892583 0.376953 0.892583 0.375001 0.894527 0.373049 0.894527 0.371097 0.892583 0.369138 0.892583 0.367186
7 0.099611 0.484375 0.099611 0.486326 0.097646 0.488278 0.097646 0.492189 0.095702 0.494141 0.095702 0.498044 0.093758 0.500004 0.093758 0.501955 0.091794 0.503907 0.091794 0.507811 0.089849 0.509763 0.089849 0.513674 0.087885 0.515625 0.087885 0.519529 0.085941 0.521488 0.085941 0.525392 0.083976 0.527344 0.083976 0.529295 0.082032 0.531247 0.082032 0.535158 0.080088 0.53711 0.080088 0.539062 0.078123 0.541013 0.066397 0.541013 0.066397 0.546876 0.074214 0.546876 0.076179 0.548828 0.076179 0.55469 0.074214 0.556642 0.062508 0.556642 0.060544 0.558594 0.048838 0.558594 0.046873 0.560546 0.035147 0.560546 0.033203 0.562498 0.029294 0.562498 0.02735 0.564457 0.021476 0.564457 0.021476 0.572264 0.033203 0.572264 0.035147 0.574216 0.076179 0.574216 0.080088 0.578127 0.080088 0.580078 0.078123 0.58203 0.07227 0.58203 0.07227 0.585941 0.070305 0.587893 0.070305 0.589845 0.083976 0.589845 0.085941 0.591796 0.085941 0.593748 0.091794 0.599611 0.091794 0.601563 0.095702 0.605466 0.095702 0.607425 0.101555 0.613281 0.101555 0.615233 0.105464 0.619144 0.105464 0.621095 0.111337 0.626951 0.111337 0.62891 0.113281 0.630862 0.113281 0.62891 0.111337 0.626951 0.111337 0.621095 0.109373 0.619144 0.109373 0.613281 0.107429 0.611329 0.107429 0.605466 0.105464 0.603515 0.105464 0.597659 0.10352 0.5957 0.10352 0.589845 0.101555 0.587893 0.101555 0.580078 0.099611 0.578127 0.099611 0.572264 0.101555 0.570312 0.11719 0.570312 0.119135 0.56836 0.13477 0.56836 0.136714 0.566408 0.152349 0.566408 0.154293 0.56836 0.154293 0.570312 0.158202 0.574216 0.158202 0.576175 0.160146 0.578127 0.160146 0.580078 0.162111 0.58203 0.162111 0.578127 0.160146 0.576175 0.160146 0.566408 0.158202 0.564457 0.158202 0.562498 0.160146 0.560546 0.169928 0.560546 0.169928 0.558594 0.167964 0.556642 0.167964 0.552731 0.16602 0.552731 0.164055 0.55078 0.162111 0.55078 0.160146 0.548828 0.160146 0.539062 0.162111 0.53711 0.162111 0.529295 0.160146 0.531247 0.160146 0.533206 0.156258 0.53711 0.156258 0.539062 0.152349 0.542972 0.152349 0.544924 0.14844 0.548828 0.126952 0.548828 0.125008 0.55078 0.10352 0.55078 0.101555 0.548828 0.101555 0.517577 0.10352 0.515625 0.10352 0.484375
0 0.804687 0.865231 0.802742 0.86719 0.785163 0.86719 0.781254 0.871094 0.781254 0.874997 0.791016 0.874997 0.79296 0.876956 0.802742 0.876956 0.806631 0.873045 0.806631 0.869142 0.804687 0.86719
1 0.773436 0.04492 0.773436 0.046872 0.771492 0.048831 0.771492 0.060549 0.773436 0.062501 0.773436 0.072268 0.775381 0.072268 0.777345 0.074219 0.783198 0.074219 0.785163 0.072268 0.785163 0.068357 0.783198 0.066405 0.783198 0.056638 0.781254 0.054687 0.781254 0.048831 0.77929 0.046872 0.77929 0.04492
0 0.810539 0.988282 0.808595 0.990234 0.794925 0.990234 0.794925 0.996096 0.810539 0.996096 0.812504 0.998048 0.814448 0.996096 0.814448 0.992185
1 0.976571 0.509763 0.976571 0.511722 0.974606 0.513674 0.974606 0.515625 0.972662 0.517577 0.972662 0.535158 0.970697 0.53711 0.970697 0.552731 0.972662 0.55469 0.972662 0.556642 0.974606 0.558594 0.974606 0.560546 0.976571 0.562498 0.976571 0.564457 0.984368 0.564457 0.984368 0.562498 0.986332 0.560546 0.986332 0.515625 0.982424 0.511722 0.978515 0.511722
0 0.785163 0.853513 0.781254 0.857424 0.781254 0.863279 0.785163 0.863279 0.787107 0.865231 0.800778 0.865231 0.804687 0.861327 0.806631 0.861327 0.806631 0.855472 0.804687 0.855472 0.802742 0.853513
1 0.775381 0.71484 0.775381 0.716799 0.773436 0.718751 0.773436 0.724607 0.775381 0.724607 0.777345 0.726566 0.77929 0.726566 0.783198 0.730469 0.785163 0.730469 0.787107 0.732421 0.789072 0.732421 0.791016 0.734373 0.79296 0.734373 0.796869 0.738284 0.798834 0.738284 0.800778 0.740235 0.804687 0.740235 0.804687 0.738284 0.806631 0.736325 0.806631 0.732421 0.804687 0.730469 0.804687 0.728517 0.802742 0.728517 0.798834 0.724607 0.796869 0.724607 0.794925 0.722655 0.79296 0.722655 0.791016 0.720703 0.789072 0.720703 0.785163 0.716799 0.783198 0.716799 0.781254 0.71484
1 0.982424 0.921877 0.982424 0.923829 0.978515 0.927732 0.980459 0.927732 0.982424 0.929684 0.984368 0.927732 1 0.927732 1 0.925781 1 0.923829 1 0.921877
1 0.777345 0.750002 0.771492 0.755857 0.771492 0.757809 0.773436 0.757809 0.777345 0.76172 0.77929 0.76172 0.781254 0.763672 0.783198 0.763672 0.785163 0.765624 0.787107 0.765624 0.791016 0.769534 0.79296 0.769534 0.794925 0.771486 0.796869 0.769534 0.802742 0.769534 0.802742 0.763672 0.800778 0.76172 0.798834 0.76172 0.794925 0.757809 0.79296 0.757809 0.791016 0.755857 0.787107 0.755857 0.785163 0.753905 0.783198 0.753905 0.781254 0.751954 0.77929 0.751954
1 0.878912 0.007814 0.878912 0.009766 0.876948 0.011718 0.876948 0.029299 0.878912 0.03125 0.878912 0.035154 0.880857 0.033202 0.884765 0.033202 0.886709 0.03125 0.888674 0.03125 0.888674 0.027347 0.886709 0.025388 0.886709 0.017581 0.884765 0.015622 0.884765 0.011718 0.882821 0.009766 0.882821 0.007814
1 0.984368 0.853513 0.982424 0.855472 0.980459 0.855472 0.980459 0.859375 0.982424 0.861327 1 0.861327 1 0.859375 1 0.857424 1 0.855472 1 0.853513
1 1 0.410155 1 0.412107 1 0.412107 1 0.414066 1 0.414066 0.996094 0.417969 0.996094 0.421873 1 0.425784 1 0.423825 1 0.423825 1 0.421873 1 0.421873 1 0.412107 1 0.412107
1 0.902344 0.500004 0.9004 0.501955 0.898436 0.501955 0.898436 0.505859 0.9004 0.507811 0.9004 0.509763 0.906253 0.515625 0.906253 0.517577 0.910162 0.521488 0.910162 0.52344 0.912106 0.525392 0.916015 0.525392 0.917959 0.52344 0.919924 0.52344 0.919924 0.519529 0.916015 0.515625 0.916015 0.513674 0.910162 0.507811 0.910162 0.505859 0.906253 0.501955 0.904289 0.501955
0 0.998038 0.140625 0.990241 0.148439 0.990241 0.150391 0.992185 0.152343 0.992185 0.154294 0.99415 0.156253 0.996094 0.154294 1 0.154294 1 0.150391 1 0.150391 1 0.148439 1 0.146487 1 0.144528 1 0.144528 1 0.140625
1 0.998038 0.886715 0.996094 0.888674 0.984368 0.888674 0.982424 0.890626 0.982424 0.896482 1 0.896482 1 0.892578 1 0.888674 1 0.888674
1 0.781254 0.13281 0.781254 0.134769 0.77929 0.136721 0.77929 0.154294 0.781254 0.156253 0.781254 0.177738 0.783198 0.179689 0.783198 0.181641 0.791016 0.181641 0.791016 0.179689 0.79296 0.177738 0.79296 0.167971 0.791016 0.166012 0.791016 0.148439 0.789072 0.146487 0.789072 0.136721 0.787107 0.134769 0.787107 0.13281