1 0 0.570309 0 0.574221 0 0.576173 0 0.582029 0 0.583981 0 0.587893 0 0.587893 0 0.589845 0 0.589845 0 0.591797 0 0.591797 0 0.59375 0 0.59375 0 0.595702 0 0.595702 0 0.597653 0 0.597653 0 0.599613 0 0.599613 0 0.601565 0 0.601565 0 0.603517 0 0.603517 0 0.605469 0.001952 0.605469 0.00391 0.607421 0.007814 0.607421 0.009761 0.609374 0.013677 0.609374 0.015624 0.611326 0.019529 0.611326 0.021487 0.613278 0.023434 0.613278 0.023434 0.611326 0.025392 0.609374 0.025392 0.605469 0.027339 0.603517 0.027339 0.599613 0.029296 0.597653 0.029296 0.595702 0.027339 0.59375 0.023434 0.59375 0.021487 0.591797 0.017582 0.591797 0.015624 0.589845 0.009761 0.589845 0.007814 0.587893 0.00391 0.587893 0.001952 0.585941 0 0.585941 0 0.583981 0 0.583981 0 0.582029 0 0.582029 0 0.580077 0 0.580077 0 0.578125 0 0.578125 0 0.576173 0 0.576173 0 0.574221 0 0.574221 0 0.572268 0 0.572268 0 0.570309
0 0.707028 0.720704 0.707028 0.724608 0.705081 0.72656 0.705081 0.732424 0.703124 0.734376 0.703124 0.740232 0.701177 0.742184 0.701177 0.748048 0.699219 0.75 0.699219 0.755857 0.697261 0.757809 0.697261 0.759768 0.699219 0.761721 0.699219 0.763673 0.701177 0.763673 0.705081 0.767577 0.710933 0.767577 0.714849 0.763673 0.716796 0.763673 0.716796 0.759768 0.718754 0.757809 0.718754 0.75 0.720701 0.748048 0.720701 0.742184 0.722659 0.740232 0.722659 0.732424 0.724606 0.730472 0.724606 0.72656 0.722659 0.724608 0.716796 0.724608 0.714849 0.722656 0.708986 0.722656
0 0.511722 0.7168 0.511722 0.720704 0.509764 0.722656 0.509764 0.732424 0.507817 0.734376 0.507817 0.742184 0.505859 0.744144 0.505859 0.753904 0.503901 0.755857 0.503901 0.759768 0.505859 0.761721 0.505859 0.763673 0.507817 0.763673 0.509764 0.765625 0.515627 0.765625 0.517574 0.763673 0.52149 0.763673 0.52149 0.759768 0.523437 0.757809 0.523437 0.75 0.525394 0.748048 0.525394 0.73828 0.527341 0.736328 0.527341 0.728512 0.529299 0.72656 0.529299 0.720704 0.52149 0.720704 0.519532 0.718751 0.513669 0.718751
0 0.955078 0.285159 0.95312 0.287111 0.951173 0.287111 0.949215 0.289062 0.94531 0.289062 0.943363 0.291015 0.941405 0.291015 0.939458 0.292967 0.9375 0.292967 0.935543 0.294919 0.933596 0.294919 0.931638 0.296879 0.927733 0.296879 0.925786 0.298831 0.923828 0.298831 0.92187 0.300783 0.919923 0.300783 0.917965 0.302735 0.914061 0.302735 0.912114 0.304687 0.910156 0.304687 0.908198 0.306639 0.906251 0.306639 0.904293 0.308591 0.902346 0.308591 0.900388 0.310543 0.896483 0.310543 0.894536 0.312503 0.892579 0.312503 0.894536 0.314456 0.894536 0.316407 0.896483 0.318359 0.896483 0.320312 0.898441 0.322264 0.898441 0.324215 0.900388 0.326176 0.900388 0.328128 0.902346 0.33008 0.902346 0.332032 0.904293 0.333984 0.904293 0.335936 0.906251 0.333984 0.908198 0.333984 0.910156 0.332032 0.912114 0.332032 0.914061 0.33008 0.916018 0.33008 0.917965 0.328128 0.919923 0.328128 0.92187 0.326176 0.923828 0.326176 0.925786 0.324215 0.927733 0.324215 0.929691 0.322264 0.931638 0.322264 0.933596 0.320312 0.935543 0.320312 0.9375 0.318359 0.939458 0.318359 0.941405 0.316407 0.943363 0.316407 0.94531 0.314456 0.947268 0.314456 0.949215 0.312503 0.951173 0.312503 0.95312 0.310543 0.955078 0.310543 0.957036 0.308591 0.958982 0.308591 0.96094 0.306639 0.962887 0.306639 0.964845 0.304687 0.964845 0.302735 0.966792 0.300783 0.966792 0.292967 0.964845 0.291015 0.964845 0.289062 0.962887 0.287111 0.96094 0.287111 0.958982 0.285159
0 0.800777 0.812498 0.800777 0.818362 0.79883 0.820314 0.79883 0.822266 0.796872 0.824218 0.796872 0.828123 0.794925 0.830074 0.794925 0.833986 0.792967 0.835938 0.792967 0.841794 0.79102 0.843747 0.79102 0.853515 0.792967 0.855467 0.792967 0.857419 0.802735 0.857419 0.804693 0.855467 0.808598 0.855467 0.808598 0.851562 0.810544 0.84961 0.810544 0.843747 0.812502 0.841794 0.812502 0.835938 0.814449 0.833986 0.814449 0.828123 0.816407 0.82617 0.816407 0.820314 0.818354 0.818362 0.818354 0.81641 0.816407 0.81445 0.802735 0.81445
0 0.025392 0.916012 0.025392 0.923828 0.027339 0.92578 0.027339 0.935548 0.042969 0.935548 0.044927 0.9375 0.050778 0.9375 0.050778 0.92578 0.046874 0.92578 0.044927 0.923828 0.042969 0.923828 0.041011 0.921876 0.037106 0.921876 0.035159 0.919924 0.033201 0.919924 0.031254 0.917972 0.027339 0.917972
0 0.582031 0.300783 0.578126 0.304687 0.576168 0.304687 0.576168 0.312503 0.574221 0.314456 0.574221 0.328128 0.572263 0.33008 0.572263 0.3418 0.576168 0.345704 0.585936 0.345704 0.585936 0.343752 0.587893 0.3418 0.587893 0.335936 0.58984 0.333984 0.58984 0.328128 0.591798 0.326176 0.591798 0.320312 0.593745 0.318359 0.593745 0.312503 0.595703 0.310543 0.595703 0.304687 0.593745 0.304687 0.58984 0.300783
0 0.031254 0.947268 0.031254 0.951173 0.033201 0.953125 0.033201 0.958981 0.035159 0.960941 0.035159 0.964845 0.039064 0.964845 0.041011 0.966797 0.044927 0.966797 0.046874 0.968749 0.048831 0.968749 0.050778 0.970701 0.054683 0.970701 0.056641 0.972653 0.062504 0.966797 0.062504 0.957029 0.058599 0.957029 0.056641 0.955077 0.052736 0.955077 0.050778 0.953125 0.044927 0.953125 0.042969 0.951173 0.039064 0.951173 0.037106 0.949221 0.033201 0.949221
0 0.863276 0.806642 0.863276 0.808593 0.861329 0.810546 0.861329 0.81445 0.859371 0.81641 0.859371 0.820314 0.857424 0.822266 0.857424 0.82617 0.855466 0.828123 0.855466 0.832034 0.853519 0.833986 0.853519 0.83789 0.851562 0.839842 0.851562 0.843747 0.849615 0.845706 0.849615 0.851562 0.851562 0.853515 0.851562 0.855467 0.855466 0.859379 0.861329 0.859379 0.863276 0.857419 0.867192 0.857419 0.867192 0.853515 0.869139 0.851562 0.869139 0.845706 0.871097 0.843747 0.871097 0.83789 0.873044 0.835938 0.873044 0.830074 0.875001 0.828123 0.875001 0.822266 0.876948 0.820314 0.876948 0.81445 0.878906 0.812498 0.878906 0.808593 0.865234 0.808593
0 0.257811 0.259766 0.255864 0.261718 0.253906 0.261718 0.253906 0.279295 0.251948 0.281247 0.251948 0.300783 0.269536 0.300783 0.271483 0.302735 0.273441 0.300783 0.273441 0.281247 0.271483 0.279295 0.271483 0.259766
0 0.808598 0 0.80664 0 0.802735 0 0.800777 0 0.794925 0 0.792967 0 0.789062 0 0.787105 0 0.781253 0 0.779295 0 0.77539 0 0.773432 0 0.769527 0 0.767581 0 0.761718 0 0.759771 0 0.755855 0 0.753908 0 0.748045 0 0.746099 0 0.742183 0 0.742183 0 0.744141 0 0.744141 0.001953 0.746099 0.003905 0.746099 0.007809 0.748045 0.009768 0.750003 0.007809 0.753908 0.007809 0.755855 0.005857 0.761718 0.005857 0.763676 0.003905 0.767581 0.003905 0.769527 0.001953 0.773432 0.001953 0.77539 0.000001 0.779295 0.000001 0.781253 0 0.787105 0 0.789062 0 0.792967 0 0.794925 0 0.79883 0 0.800777 0 0.80664 0 0.808598 0 0.812502 0 0.816407 0 0.818354 0 0.818354 0 0.820312 0 0.820312 0 0.818354 0 0.818354 0 0.816407 0 0.814449 0 0.812502 0
0 0.486324 0.707031 0.484377 0.708983 0.482419 0.708983 0.482419 0.710936 0.480473 0.712888 0.480473 0.718751 0.478515 0.720704 0.478515 0.72656 0.476568 0.728512 0.476568 0.734376 0.47461 0.736328 0.47461 0.742184 0.472652 0.744144 0.472652 0.746096 0.47461 0.748048 0.480473 0.748048 0.482419 0.75 0.488282 0.75 0.490229 0.751953 0.492187 0.751953 0.492187 0.748048 0.494145 0.746096 0.494145 0.740232 0.496092 0.73828 0.496092 0.732424 0.49805 0.730472 0.49805 0.724608 0.499997 0.722656 0.499997 0.7168 0.501955 0.714848 0.501955 0.712888 0.49805 0.708983 0.496092 0.708983 0.494145 0.707031
0 0.839847 0.974613 0.839847 0.976565 0.837889 0.978517 0.837889 0.980469 0.835942 0.982421 0.835942 0.988277 0.833984 0.990237 0.833984 0.994142 0.832026 0.996094 0.832026 0.999998 0.83008 1 0.83008 1 0.828122 1 0.828122 1 0.832026 1 0.833984 1 0.839847 1 0.839847 1 0.841794 1 0.841794 1 0.843752 1 0.843752 1 0.845699 1 0.845699 1 0.847657 0.999998 0.847657 0.996094 0.849615 0.994142 0.849615 0.988277 0.851562 0.986325 0.851562 0.978517 0.847657 0.974613
1 0.794925 0.748048 0.794925 0.75 0.792967 0.751953 0.792967 0.755857 0.79102 0.757809 0.79102 0.761721 0.789062 0.763673 0.789062 0.767577 0.787105 0.769529 0.787105 0.77344 0.785158 0.775393 0.785158 0.779297 0.7832 0.781249 0.7832 0.783201 0.781253 0.785153 0.781253 0.789065 0.779295 0.791017 0.779295 0.794921 0.777348 0.796874 0.777348 0.800778 0.77539 0.802737 0.77539 0.806642 0.773432 0.808593 0.773432 0.822266 0.77539 0.824218 0.77539 0.82617 0.794925 0.82617 0.794925 0.824218 0.796872 0.822266 0.796872 0.820314 0.79883 0.818362 0.79883 0.812498 0.800777 0.810546 0.800777 0.806642 0.802735 0.804689 0.802735 0.800778 0.804693 0.798826 0.804693 0.79297 0.80664 0.791017 0.80664 0.787113 0.808598 0.785153 0.808598 0.779297 0.810544 0.777345 0.810544 0.77344 0.812502 0.771481 0.812502 0.767577 0.814449 0.765625 0.814449 0.759768 0.816407 0.757809 0.816407 0.751953 0.80664 0.751953 0.804693 0.75 0.796872 0.75
0 0.80664 0.931644 0.804693 0.933596 0.800777 0.933596 0.796872 0.9375 0.796872 0.945309 0.794925 0.947268 0.794925 0.962893 0.792967 0.964845 0.792967 0.972653 0.794925 0.974613 0.794925 0.976565 0.810544 0.976565 0.810544 0.972653 0.812502 0.970701 0.812502 0.960941 0.814449 0.958981 0.814449 0.951173 0.816407 0.949221 0.816407 0.939452 0.818354 0.9375 0.818354 0.933596 0.816407 0.933596 0.814449 0.931644
0 0.341802 0.273438 0.339844 0.27539 0.339844 0.279295 0.337887 0.281247 0.337887 0.287111 0.335939 0.289062 0.335939 0.294919 0.333982 0.296879 0.333982 0.302735 0.332035 0.304687 0.332035 0.306639 0.335939 0.310543 0.341802 0.310543 0.343749 0.312503 0.353517 0.312503 0.353517 0.308591 0.355464 0.306639 0.355464 0.298831 0.357421 0.296879 0.357421 0.289062 0.359379 0.287111 0.359379 0.279295 0.357421 0.277342 0.357421 0.27539 0.355464 0.273438
0 0.228519 0.644534 0.224614 0.648438 0.222656 0.648438 0.222656 0.652342 0.220698 0.654294 0.220698 0.660159 0.218751 0.662111 0.218751 0.666015 0.220698 0.667967 0.220698 0.669919 0.232424 0.669919 0.232424 0.660159 0.234371 0.658206 0.234371 0.648438 0.232424 0.646486 0.230466 0.646486
0 0.83008 0.929685 0.826175 0.933596 0.826175 0.9375 0.824217 0.939452 0.824217 0.947268 0.82227 0.949221 0.82227 0.955077 0.820312 0.957029 0.820312 0.964845 0.818354 0.966797 0.818354 0.976565 0.82227 0.976565 0.824217 0.978517 0.83008 0.978517 0.832026 0.976565 0.835942 0.976565 0.835942 0.972653 0.837889 0.970701 0.837889 0.962893 0.839847 0.960941 0.839847 0.953125 0.841794 0.951173 0.841794 0.943357 0.843752 0.941404 0.843752 0.933596 0.841794 0.931644 0.837889 0.931644 0.835942 0.929685
7 0.416016 0 0.416016 0 0.412111 0 0.412111 0 0.414058 0 0.414058 0 0.41992 0 0.41992 0 0.429688 0.001953 0.429688 0.003905 0.435551 0.009768 0.435551 0.019529 0.433593 0.021482 0.433593 0.027345 0.431646 0.029297 0.431646 0.035154 0.429688 0.037106 0.429688 0.042969 0.42773 0.044922 0.42773 0.048826 0.425783 0.050778 0.425783 0.05469 0.423825 0.056642 0.423825 0.062499 0.421878 0.06445 0.421878 0.068362 0.417974 0.072266 0.408206 0.072266 0.406248 0.070314 0.400385 0.070314 0.398438 0.068362 0.396481 0.068362 0.394534 0.06641 0.392576 0.06641 0.390629 0.06445 0.386724 0.06445 0.384766 0.062499 0.382808 0.062499 0.380861 0.060546 0.378903 0.060546 0.376956 0.058594 0.374999 0.058594 0.373052 0.056642 0.371094 0.056642 0.369136 0.05469 0.367189 0.05469 0.365231 0.052738 0.363284 0.052738 0.361326 0.050778 0.359379 0.050778 0.357421 0.048826 0.355464 0.048826 0.351559 0.044922 0.349612 0.044922 0.347654 0.042969 0.343749 0.042969 0.341802 0.041018 0.339844 0.041018 0.337887 0.039065 0.333982 0.042969 0.333982 0.050778 0.335939 0.052738 0.335939 0.056642 0.341802 0.062499 0.343749 0.062499 0.355464 0.074218 0.357421 0.074218 0.365231 0.082035 0.367189 0.082035 0.376956 0.091794 0.378903 0.091794 0.384766 0.097659 0.384766 0.117188 0.386724 0.117188 0.390629 0.121091 0.398438 0.121091 0.398438 0.119139 0.400385 0.117188 0.400385 0.113283 0.402343 0.111331 0.406248 0.111331 0.410153 0.115235 0.410153 0.121091 0.408206 0.123044 0.408206 0.132812 0.406248 0.134764 0.406248 0.144532 0.404301 0.146484 0.404301 0.156252 0.402343 0.158204 0.402343 0.166012 0.400385 0.167972 0.400385 0.173828 0.398438 0.17578 0.398438 0.197269 0.400385 0.199221 0.400385 0.201173 0.404301 0.201173 0.406248 0.203125 0.410153 0.203125 0.412111 0.201173 0.412111 0.199221 0.414058 0.197269 0.414058 0.195309 0.416016 0.193357 0.416016 0.191405 0.417974 0.189453 0.416016 0.1875 0.416016 0.185548 0.412111 0.181644 0.412111 0.179685 0.410153 0.177732 0.410153 0.173828 0.412111 0.171876 0.412111 0.167972 0.414058 0.166012 0.414058 0.164061 0.416016 0.162108 0.416016 0.158204 0.417974 0.156252 0.417974 0.1543 0.421878 0.150388 0.423825 0.150388 0.425783 0.148436 0.429688 0.148436 0.429688 0.144532 0.431646 0.14258 0.431646 0.134764 0.433593 0.132812 0.433593 0.125003 0.435551 0.123044 0.435551 0.121091 0.437498 0.119139 0.44336 0.119139 0.447265 0.123044 0.447265 0.134764 0.449223 0.134764 0.45117 0.136716 0.45898 0.136716 0.462895 0.132812 0.462895 0.126956 0.464842 0.125003 0.464842 0.119139 0.4668 0.117188 0.47461 0.117188 0.476568 0.115235 0.484377 0.115235 0.486324 0.113283 0.496092 0.113283 0.49805 0.111331 0.505859 0.111331 0.507817 0.109371 0.515627 0.109371 0.519532 0.105467 0.52149 0.105467 0.525394 0.101563 0.527341 0.101563 0.531246 0.097659 0.533204 0.097659 0.537109 0.093747 0.539067 0.093747 0.541014 0.091794 0.541014 0.089843 0.539067 0.087891 0.539067 0.085938 0.537109 0.085938 0.535151 0.083986 0.507817 0.083986 0.505859 0.085938 0.462895 0.085938 0.460938 0.083986 0.45117 0.083986 0.449223 0.082035 0.445307 0.082035 0.44336 0.080075 0.44336 0.07617 0.445307 0.074218 0.445307 0.06641 0.447265 0.06445 0.447265 0.058594 0.449223 0.056642 0.449223 0.048826 0.45117 0.046874 0.45117 0.041018 0.453128 0.039065 0.453128 0.015625 0.455075 0.013673 0.455075 0.011721 0.457033 0.009768 0.45898 0.009768 0.460938 0.007809 0.4668 0.007809 0.468747 0.005857 0.47461 0.005857 0.476568 0.003905 0.484377 0.003905 0.486324 0.001953 0.492187 0.001953 0.494145 0.000001 0.494145 0 0.496092 0 0.496092 0 0.494145 0 0.494145 0 0.460938 0 0.45898 0 0.45898 0 0.460938 0 0.460938 0 0.45898 0 0.457033 0 0.455075 0 0.453128 0 0.453128 0 0.45117 0 0.45117 0 0.449223 0 0.445307 0 0.44336 0 0.439456 0 0.437498 0 0.435551 0 0.433593 0 0.431646 0 0.429688 0 0.42773 0 0.425783 0 0.421878 0 0.41992 0 0.417974 0
7 0.232424 0.777345 0.226561 0.783201 0.226561 0.785153 0.224614 0.787113 0.224614 0.791017 0.222656 0.79297 0.222656 0.796874 0.220698 0.798826 0.220698 0.83789 0.222656 0.839842 0.222656 0.867187 0.224614 0.869139 0.226561 0.869139 0.230466 0.873043 0.230466 0.900388 0.228519 0.902348 0.226561 0.902348 0.226561 0.923828 0.224614 0.92578 0.222656 0.92578 0.218751 0.929685 0.216794 0.929685 0.214847 0.931644 0.212889 0.931644 0.210942 0.933596 0.208984 0.933596 0.205079 0.9375 0.203121 0.935548 0.203121 0.92578 0.201174 0.923828 0.201174 0.912108 0.199216 0.912108 0.197269 0.910156 0.185544 0.910156 0.181639 0.91406 0.181639 0.947268 0.179692 0.949221 0.177734 0.949221 0.17383 0.953125 0.171872 0.953125 0.167967 0.957029 0.16602 0.957029 0.164062 0.958981 0.162104 0.958981 0.158199 0.962893 0.156252 0.962893 0.152348 0.966797 0.15039 0.966797 0.148443 0.968749 0.146485 0.968749 0.14258 0.972653 0.140622 0.972653 0.136717 0.976565 0.13477 0.976565 0.132812 0.978517 0.130855 0.978517 0.12695 0.982421 0.125003 0.982421 0.121098 0.986325 0.11914 0.986325 0.117182 0.988277 0.115235 0.988277 0.111331 0.992189 0.109373 0.992189 0.105468 0.996094 0.103521 0.996094 0.101563 0.998046 0.099605 0.998046 0.0957 1 0.093753 1 0.089849 1 0.087891 1 0.085933 1 0.085933 1 0.087891 1 0.087891 1 0.089849 1 0.091795 1 0.093753 1 0.097658 1 0.099605 1 0.103521 1 0.105468 1 0.111331 1 0.113277 1 0.117182 1 0.11914 1 0.123045 1 0.125003 1 0.128908 1 0.130855 1 0.136717 1 0.138675 1 0.14258 1 0.144527 1 0.144527 1 0.146485 1 0.146485 1 0.148443 1 0.15039 1 0.15039 1 0.152348 0.999998 0.156252 0.999998 0.158199 0.998046 0.162104 0.998046 0.164062 0.996094 0.167967 0.996094 0.171872 0.999998 0.177734 0.999998 0.177734 0.994142 0.179692 0.992189 0.187502 0.992189 0.189449 0.990237 0.197269 0.990237 0.199216 0.992189 0.199216 0.994142 0.201174 0.996094 0.203121 0.996094 0.203121 0.990237 0.205079 0.988277 0.226561 0.988277 0.228519 0.990237 0.228519 1 0.230466 1 0.230466 1 0.232424 1 0.232424 1 0.234371 1 0.234371 1 0.236329 1 0.236329 1 0.232424 1 0.230466 1 0.226561 1 0.224614 1 0.220698 1 0.218751 1 0.216794 1 0.214847 1 0.210942 1 0.208984 1 0.205079 1 0.203121 1 0.201174 1 0.199216 1 0.195312 1 0.193365 1 0.189449 1 0.187502 1 0.187502 1 0.189449 1 0.189449 1 0.191407 1 0.195312 1 0.197269 1 0.201174 1 0.203121 1 0.207026 1 0.208984 1 0.212889 1 0.214847 1 0.220698 1 0.222656 1 0.226561 1 0.228519 1 0.232424 1 0.234371 1 0.236329 1 0.238286 1 0.238286 1 0.240233 1 0.240233 1 0.246096 1 0.248043 1 0.257811 1 0.257811 1 0.259768 1 0.259768 1 0.263673 1 0.277346 1 0.279293 1 0.292965 1 0.294923 1 0.310542 1 0.3125 1 0.3125 1 0.310542 1 0.306637 1 0.30469 1 0.300785 1 0.298828 1 0.294923 1 0.292965 1 0.28906 1 0.287113 1 0.283208 1 0.28125 1 0.277346 1 0.275388 1 0.271483 1 0.269536 1 0.26562 1 0.26562 1 0.263673 1 0.263673 0.988277 0.26562 0.986325 0.28906 0.986325 0.291018 0.988277 0.291018 0.990237 0.298828 0.990237 0.298828 0.988277 0.300785 0.986325 0.314457 0.986325 0.318362 0.990237 0.318362 0.992189 0.322267 0.992189 0.322267 0.990237 0.324214 0.988277 0.332035 0.988277 0.333982 0.990237 0.339844 0.990237 0.343749 0.994142 0.343749 0.996094 0.345707 0.998046 0.345707 0.999998 0.349612 0.999998 0.349612 0.996094 0.351559 0.994142 0.361326 0.994142 0.363284 0.996094 0.374999 0.996094 0.376956 0.998046 0.388671 0.998046 0.390629 0.999998 0.402343 0.999998 0.404301 1 0.404301 0.994142 0.400385 0.990237 0.398438 0.990237 0.396481 0.988277 0.394534 0.988277 0.392576 0.986325 0.390629 0.986325 0.388671 0.984374 0.384766 0.984374 0.382808 0.982421 0.380861 0.982421 0.378903 0.980469 0.376956 0.980469 0.374999 0.978517 0.373052 0.978517 0.371094 0.976565 0.369136 0.976565 0.367189 0.974613 0.365231 0.974613 0.361326 0.970701 0.359379 0.970701 0.357421 0.968749 0.355464 0.968749 0.353517 0.966797 0.351559 0.966797 0.347654 0.962893 0.345707 0.962893 0.343749 0.960941 0.341802 0.960941 0.339844 0.958981 0.337887 0.958981 0.335939 0.957029 0.333982 0.957029 0.330077 0.953125 0.32813 0.953125 0.326172 0.951173 0.324214 0.951173 0.322267 0.949221 0.32031 0.949221 0.316405 0.945309 0.314457 0.945309 0.3125 0.943357 0.310542 0.943357 0.308595 0.941404 0.308595 0.92578 0.306637 0.923828 0.306637 0.906251 0.30469 0.904299 0.300785 0.904299 0.298828 0.906251 0.283208 0.906251 0.283208 0.929685 0.28125 0.931644 0.279293 0.929685 0.277346 0.929685 0.275388 0.927732 0.273441 0.927732 0.271483 0.92578 0.269536 0.92578 0.267578 0.923828 0.26562 0.923828 0.263673 0.921876 0.261715 0.921876 0.259768 0.919924 0.259768 0.908204 0.257811 0.906251 0.257811 0.884763 0.255864 0.882812 0.255864 0.863283 0.253906 0.861331 0.253906 0.843747 0.251948 0.841794 0.251948 0.824218 0.250001 0.822266 0.250001 0.804689 0.248043 0.802737 0.248043 0.789065 0.246096 0.787113 0.246096 0.783201 0.242191 0.779297 0.234371 0.779297
0 0.021487 0.886715 0.021487 0.894532 0.023434 0.896484 0.023434 0.906251 0.027339 0.906251 0.029296 0.908204 0.035159 0.908204 0.037106 0.910156 0.041011 0.910156 0.042969 0.912108 0.044927 0.912108 0.046874 0.910156 0.046874 0.908204 0.048831 0.906251 0.048831 0.902348 0.046874 0.900388 0.046874 0.896484 0.042969 0.896484 0.041011 0.894532 0.039064 0.894532 0.037106 0.89258 0.033201 0.89258 0.031254 0.890627 0.029296 0.890627 0.027339 0.888675 0.023434 0.888675
7 0.871097 0 0.865234 0 0.863276 0 0.853519 0 0.851562 0 0.841794 0 0.839847 0 0.83008 0 0.828122 0 0.824217 0 0.818354 0 0.816407 0 0.814449 0 0.812502 0 0.808598 0 0.80664 0 0.80664 0 0.804693 0 0.804693 0 0.802735 0 0.802735 0 0.79883 0 0.796872 0 0.794925 0 0.785158 0 0.7832 0 0.773432 0 0.771485 0 0.759771 0 0.757813 0 0.748045 0 0.746099 0 0.736331 0 0.736331 0 0.738278 0 0.738278 0 0.740236 0 0.740236 0 0.742183 0 0.742183 0 0.744141 0 0.744141 0 0.75195 0 0.753908 0 0.761718 0 0.763676 0 0.769527 0 0.771485 0 0.779295 0 0.781253 0 0.789062 0 0.79102 0 0.79883 0 0.800777 0 0.80664 0 0.808598 0 0.816407 0 0.818354 0 0.818354 0 0.820312 0 0.820312 0 0.82227 0 0.82227 0 0.824217 0 0.824217 0 0.826175 0 0.826175 0 0.828122 0 0.828122 0 0.83008 0 0.83008 0 0.832026 0 0.832026 0 0.833984 0 0.833984 0 0.835942 0 0.835942 0 0.837889 0 0.837889 0 0.839847 0 0.839847 0 0.841794 0.000001 0.841794 0.001953 0.843752 0.003905 0.843752 0.005857 0.845699 0.007809 0.845699 0.009768 0.847657 0.011721 0.847657 0.013673 0.849615 0.015625 0.849615 0.019529 0.851562 0.021482 0.851562 0.023441 0.853519 0.025393 0.853519 0.027345 0.855466 0.029297 0.855466 0.03125 0.857424 0.033202 0.857424 0.035154 0.859371 0.037106 0.859371 0.041018 0.861329 0.042969 0.861329 0.044922 0.863276 0.046874 0.863276 0.048826 0.865234 0.050778 0.865234 0.052738 0.867192 0.05469 0.867192 0.056642 0.869139 0.058594 0.869139 0.060546 0.871097 0.062499 0.871097 0.06641 0.873044 0.068362 0.873044 0.070314 0.875001 0.072266 0.875001 0.074218 0.876948 0.07617 0.876948 0.078122 0.878906 0.080075 0.878906 0.082035 0.880864 0.083986 0.880864 0.085938 0.882811 0.087891 0.882811 0.089843 0.878906 0.093747 0.876948 0.093747 0.875001 0.095707 0.869139 0.095707 0.867192 0.097659 0.861329 0.097659 0.859371 0.099611 0.853519 0.099611 0.851562 0.101563 0.847657 0.101563 0.845699 0.103515 0.839847 0.103515 0.837889 0.105467 0.832026 0.105467 0.83008 0.107419 0.824217 0.107419 0.82227 0.109371 0.796872 0.109371 0.794925 0.111331 0.771485 0.111331 0.769527 0.113283 0.744141 0.113283 0.742183 0.115235 0.691409 0.115235 0.689451 0.113283 0.687504 0.113283 0.687504 0.115235 0.689451 0.117188 0.691409 0.117188 0.697261 0.123044 0.699219 0.123044 0.705081 0.128908 0.707028 0.128908 0.710933 0.132812 0.720701 0.132812 0.722659 0.134764 0.734373 0.134764 0.736331 0.136716 0.746099 0.136716 0.748045 0.138675 0.757813 0.138675 0.759771 0.140627 0.771485 0.140627 0.773432 0.14258 0.7832 0.14258 0.785158 0.144532 0.794925 0.144532 0.796872 0.146484 0.808598 0.146484 0.810544 0.148436 0.820312 0.148436 0.82227 0.150388 0.832026 0.150388 0.833984 0.15234 0.845699 0.15234 0.847657 0.1543 0.857424 0.1543 0.859371 0.156252 0.859371 0.158204 0.861329 0.160156 0.861329 0.162108 0.863276 0.164061 0.863276 0.167972 0.865234 0.169924 0.865234 0.171876 0.867192 0.173828 0.867192 0.177732 0.869139 0.179685 0.869139 0.181644 0.871097 0.183597 0.871097 0.185548 0.873044 0.1875 0.884769 0.1875 0.886716 0.185548 0.890621 0.185548 0.890621 0.183597 0.892579 0.181644 0.892579 0.179685 0.890621 0.177732 0.890621 0.17578 0.888674 0.173828 0.888674 0.171876 0.886716 0.169924 0.886716 0.167972 0.884769 0.166012 0.884769 0.164061 0.882811 0.162108 0.884769 0.160156 0.898441 0.160156 0.900388 0.162108 0.916018 0.162108 0.917965 0.164061 0.917965 0.166012 0.919923 0.167972 0.919923 0.169924 0.92187 0.171876 0.92187 0.173828 0.923828 0.17578 0.923828 0.177732 0.925786 0.179685 0.925786 0.183597 0.927733 0.185548 0.927733 0.1875 0.929691 0.189453 0.929691 0.191405 0.931638 0.193357 0.931638 0.195309 0.933596 0.197269 0.933596 0.201173 0.935543 0.203125 0.935543 0.205077 0.9375 0.207029 0.9375 0.208981 0.939458 0.210941 0.939458 0.212893 0.941405 0.214845 0.941405 0.21875 0.943363 0.220701 0.943363 0.222653 0.94531 0.224606 0.94531 0.226565 0.947268 0.228518 0.947268 0.232422 0.949215 0.234374 0.949215 0.236326 0.951173 0.238278 0.951173 0.240237 0.95312 0.242189 0.95312 0.244142 0.955078 0.246094 0.955078 0.249998 0.957036 0.25195 0.957036 0.25391 0.958982 0.255862 0.958982 0.257814 0.96094 0.259766 0.96094 0.261718 0.962887 0.26367 0.962887 0.267575 0.964845 0.269534 0.964845 0.271486 0.966792 0.273438 0.966792 0.27539 0.96875 0.277342 0.96875 0.279295 0.970708 0.281247 0.970708 0.283206 0.97656 0.289062 0.97656 0.291015 0.990232 0.304687 0.99219 0.304687 0.996095 0.308591 0.998053 0.308591 1 0.314456 1 0.314456 1 0.318359 1 0.318359 1 0.320312 1 0.318359 1 0.316407 1 0.312503 1 0.310543 1 0.306639 1 0.304687 1 0.300783 1 0.298831 1 0.281247 1 0.279295 1 0.271486 1 0.269534 1 0.267575 1 0.265623 1 0.26367 1 0.261718 1 0.257814 1 0.255862 1 0.25391 1 0.25195 1 0.249998 1 0.248046 1 0.244142 1 0.242189 1 0.240237 1 0.238278 1 0.236326 1 0.234374 1 0.232422 0.998053 0.23047 0.998053 0.228518 0.996095 0.226565 0.996095 0.224606 0.994137 0.222653 0.994137 0.220701 0.99219 0.21875 0.99219 0.214845 0.990232 0.212893 0.990232 0.210941 0.988285 0.208981 0.988285 0.207029 0.986327 0.205077 0.986327 0.203125 0.98438 0.201173 0.98438 0.199221 0.982422 0.197269 0.982422 0.195309 0.980464 0.193357 0.980464 0.191405 0.978518 0.189453 0.978518 0.1875 0.964845 0.1875 0.962887 0.185548 0.962887 0.183597 0.96094 0.181644 0.96094 0.179685 0.958982 0.177732 0.958982 0.173828 0.957036 0.171876 0.957036 0.167972 0.958982 0.166012 0.958982 0.164061 0.96094 0.162108 0.96094 0.160156 0.962887 0.158204 0.962887 0.156252 0.96094 0.1543 0.96094 0.140627 0.962887 0.138675 0.962887 0.136716 0.964845 0.134764 0.964845 0.132812 0.96875 0.128908 0.96875 0.126956 0.972655 0.123044 0.972655 0.121091 0.974613 0.119139 0.974613 0.117188 0.97656 0.115235 0.978518 0.117188 0.978518 0.119139 0.980464 0.121091 0.980464 0.123044 0.98438 0.126956 0.98438 0.128908 0.986327 0.13086 0.986327 0.132812 0.990232 0.136716 0.996095 0.136716 0.998053 0.134764 1 0.134764 1 0.132812 1 0.132812 1 0.128908 1 0.128908 1 0.126956 1 0.123044 1 0.121091 1 0.119139 1 0.117188 1 0.113283 1 0.111331 1 0.109371 1 0.107419 1 0.103515 0.998053 0.101563 0.998053 0.099611 0.996095 0.097659 0.996095 0.093747 0.994137 0.091794 0.994137 0.089843 0.99219 0.087891 0.99219 0.085938 0.994137 0.083986 0.994137 0.082035 0.996095 0.080075 0.996095 0.078122 1 0.074218 1 0.072266 1 0.070314 1 0.068362 1 0.06445 1 0.062499 1 0.058594 1 0.056642 1 0.05469 1 0.052738 1 0.048826 1 0.046874 1 0.044922 1 0.042969 1 0.039065 1 0.037106 1 0.035154 1 0.033202 1 0.029297 1 0.027345 1 0.025393 1 0.023441 1 0.019529 1 0.017577 1 0.013673 1 0.011721 1 0.009768 1 0.007809 1 0.003905 1 0.001953 1 0.000001 1 0 1 0 1 0 1 0 1 0 1 0 1 0 1 0 1 0 1 0 1 0 1 0 1 0 1 0 1 0 1 0 1 0 1 0 1 0 1 0 1 0 1 0 1 0 1 0.000001 1 0.001953 0.99219 0.017577 0.99219 0.019529 0.974613 0.037106 0.974613 0.039065 0.962887 0.050778 0.96094 0.050778 0.958982 0.052738 0.957036 0.052738 0.955078 0.05469 0.95312 0.05469 0.951173 0.056642 0.949215 0.056642 0.947268 0.058594 0.94531 0.058594 0.943363 0.060546 0.941405 0.060546 0.939458 0.062499 0.9375 0.062499 0.935543 0.06445 0.933596 0.06445 0.931638 0.06641 0.929691 0.06641 0.927733 0.068362 0.925786 0.068362 0.923828 0.06641 0.923828 0.06445 0.92187 0.062499 0.92187 0.060546 0.919923 0.058594 0.919923 0.056642 0.917965 0.05469 0.917965 0.052738 0.916018 0.050778 0.916018 0.048826 0.914061 0.046874 0.914061 0.044922 0.910156 0.041018 0.910156 0.039065 0.908198 0.037106 0.908198 0.035154 0.906251 0.033202 0.906251 0.03125 0.904293 0.029297 0.904293 0.027345 0.902346 0.025393 0.902346 0.023441 0.900388 0.021482 0.900388 0.019529 0.898441 0.017577 0.898441 0.015625 0.896483 0.013673 0.896483 0.011721 0.894536 0.009768 0.894536 0.007809 0.892579 0.005857 0.892579 0.003905 0.890621 0.001953 0.890621 0.000001 0.888674 0 0.888674 0 0.886716 0 0.886716 0 0.884769 0 0.884769 0 0.882811 0 0.882811 0 0.880864 0 0.880864 0 0.878906 0 0.878906 0 0.876948 0 0.876948 0 0.875001 0 0.875001 0 0.873044 0 0.873044 0 0.871097 0 0.871097 0 0.869139 0 0.869139 0 0.867192 0 0.867192 0 0.863276 0 0.863276 0 0.861329 0 0.861329 0 0.859371 0 0.859371 0 0.855466 0 0.855466 0 0.853519 0 0.853519 0 0.851562 0 0.851562 0 0.853519 0 0.853519 0 0.855466 0 0.855466 0 0.857424 0 0.857424 0 0.859371 0 0.859371 0 0.861329 0 0.861329 0 0.863276 0 0.863276 0 0.865234 0 0.865234 0 0.867192 0 0.867192 0 0.869139 0 0.869139 0 0.871097 0 0.871097 0 0.873044 0 0.873044 0 0.875001 0 0.875001 0 0.876948 0 0.876948 0 0.878906 0 0.878906 0 0.880864 0 0.880864 0 0.875001 0 0.875001 0
0 0.654297 0.33984 0.652339 0.3418 0.650392 0.3418 0.650392 0.343752 0.648435 0.345704 0.648435 0.35156 0.646487 0.353512 0.646487 0.359376 0.64453 0.361329 0.64453 0.365232 0.642582 0.367185 0.642582 0.373048 0.640625 0.375 0.640625 0.380857 0.64453 0.384768 0.652339 0.384768 0.654297 0.386721 0.658202 0.382809 0.66016 0.382809 0.66016 0.378905 0.662107 0.376953 0.662107 0.371096 0.664064 0.369144 0.664064 0.361329 0.666012 0.359376 0.666012 0.353512 0.667969 0.35156 0.667969 0.345704 0.666012 0.345704 0.662107 0.3418 0.656255 0.3418
0 0.374999 0.279295 0.373052 0.281247 0.371094 0.281247 0.371094 0.285159 0.369136 0.287111 0.369136 0.292967 0.367189 0.294919 0.367189 0.300783 0.365231 0.302735 0.365231 0.308591 0.363284 0.310543 0.363284 0.312503 0.365231 0.314456 0.365231 0.316407 0.367189 0.316407 0.369136 0.318359 0.373052 0.318359 0.374999 0.320312 0.376956 0.318359 0.382808 0.318359 0.382808 0.314456 0.384766 0.312503 0.384766 0.302735 0.386724 0.300783 0.386724 0.292967 0.388671 0.291015 0.388671 0.285159 0.384766 0.281247 0.380861 0.281247 0.378903 0.279295
0 0.726563 0.748048 0.726563 0.751953 0.724606 0.753904 0.724606 0.759768 0.722659 0.761721 0.722659 0.769529 0.720701 0.771481 0.720701 0.777345 0.718754 0.779297 0.718754 0.785153 0.716796 0.787113 0.716796 0.791017 0.720701 0.794921 0.730468 0.794921 0.734373 0.791017 0.734373 0.787113 0.736331 0.785153 0.736331 0.777345 0.738278 0.775393 0.738278 0.765625 0.740236 0.763673 0.740236 0.755857 0.742183 0.753904 0.742183 0.75 0.72851 0.75
0 0.79883 0.980469 0.796872 0.982421 0.792967 0.982421 0.79102 0.984374 0.79102 0.986325 0.789062 0.988277 0.789062 0.994142 0.787105 0.996094 0.787105 0.999998 0.785158 1 0.785158 1 0.7832 1 0.7832 1 0.781253 1 0.781253 1 0.779295 1 0.779295 1 0.7832 1 0.79102 1 0.792967 1 0.796872 1 0.796872 1 0.79883 1 0.79883 1 0.800777 1 0.800777 1 0.802735 1 0.802735 1 0.804693 0.999998 0.804693 0.994142 0.80664 0.992189 0.80664 0.986325 0.804693 0.984374 0.804693 0.982421 0.800777 0.982421
0 0.316405 0.808593 0.314457 0.810546 0.310542 0.810546 0.310542 0.822266 0.3125 0.824218 0.3125 0.833986 0.32031 0.833986 0.322267 0.832034 0.324214 0.832034 0.324214 0.810546 0.322267 0.808593
0 0.625005 0.748048 0.625005 0.75 0.623048 0.751953 0.623048 0.757809 0.62109 0.759768 0.62109 0.765625 0.619143 0.767577 0.619143 0.77344 0.617185 0.775393 0.617185 0.781249 0.615238 0.783201 0.615238 0.789065 0.61328 0.791017 0.61328 0.79297 0.615238 0.794921 0.615238 0.796874 0.62891 0.796874 0.630857 0.794921 0.630857 0.79297 0.632815 0.791017 0.632815 0.785153 0.634762 0.783201 0.634762 0.777345 0.63672 0.775393 0.63672 0.771481 0.638667 0.769529 0.638667 0.763673 0.640625 0.761721 0.640625 0.755857 0.642582 0.753904 0.642582 0.751953 0.640625 0.75 0.626953 0.75
0 0.210942 0.63867 0.208984 0.640622 0.207026 0.640622 0.207026 0.644534 0.205079 0.646486 0.205079 0.656247 0.203121 0.658206 0.203121 0.662111 0.205079 0.662111 0.207026 0.664063 0.208984 0.664063 0.210942 0.666015 0.212889 0.664063 0.216794 0.664063 0.216794 0.654294 0.218751 0.652342 0.218751 0.644534 0.216794 0.642574 0.216794 0.640622 0.214847 0.63867