0 0.919922 0.373048 0.919922 0.375 0.921876 0.376955 0.921876 0.378906 0.931643 0.378906 0.931643 0.373048
0 0.871093 0.425782 0.871093 0.429689 0.882813 0.429689 0.882813 0.425782
0 0.027342 0.621094 0.025392 0.623045 0.023439 0.623045 0.019532 0.626952 0.017579 0.626952 0.019532 0.628908 0.019532 0.630859 0.021486 0.628908 0.023439 0.628908 0.025392 0.626952 0.027342 0.626952 0.029295 0.625001 0.031249 0.625001
0 0.400389 0.999999 0.398436 1 0.394533 1 0.398436 1 0.398436 1 0.402343 1 0.406249 1 0.408203 1
0 0.832029 0.410155 0.832029 0.414062 0.845703 0.414062 0.847656 0.416018 0.847656 0.412111 0.833983 0.412111
0 0.955079 0.41992 0.955079 0.421875 0.953125 0.423826 0.966795 0.423826 0.966795 0.41992
0 0.994142 0.429689 0.994142 0.433595 1 0.433595 1 0.429689
0 0.84375 0.376955 0.84375 0.382813 0.84961 0.382813 0.851563 0.384764 0.85547 0.384764 0.857423 0.386719 0.857423 0.376955
0 0.990235 0.41992 0.990235 0.425782 0.992189 0.423826 1 0.423826 1 0.41992
0 0.908202 0.365235 0.906249 0.367186 0.894533 0.367186 0.894533 0.373048 0.908202 0.373048
0 0.974609 0.953123 0.968749 0.958985 0.966795 0.958985 0.962892 0.962892 0.966795 0.966799 0.968749 0.964843 0.970702 0.964843 0.974609 0.960936 0.976562 0.960936 0.976562 0.958985 0.974609 0.95703
0 0.906249 0.888674 0.904296 0.890625 0.896486 0.890625 0.896486 0.894531 0.908202 0.894531 0.908202 0.892576 0.906249 0.890625
0 0.85547 0.425782 0.85547 0.43164 0.857423 0.429689 0.867186 0.429689 0.869139 0.43164 0.869139 0.429689 0.867186 0.427733 0.867186 0.425782
1 0.28711 0.076171 0.28711 0.083984 0.285157 0.085935 0.285157 0.101562 0.283204 0.103518 0.283204 0.111327 0.289064 0.111327 0.291017 0.113282 0.291017 0.095704 0.29297 0.093749 0.29297 0.076171
1 0.873046 0.904296 0.871093 0.906252 0.869139 0.906252 0.867186 0.908203 0.865232 0.908203 0.863283 0.910158 0.86133 0.910158 0.859376 0.912109 0.857423 0.912109 0.857423 0.914061 0.859376 0.916016 0.859376 0.919923 0.86133 0.917967 0.863283 0.917967 0.865232 0.916016 0.867186 0.916016 0.869139 0.914061 0.871093 0.914061 0.873046 0.912109 0.874999 0.912109 0.874999 0.910158 0.873046 0.908203
0 0.640624 0.408204 0.640624 0.412111 0.652344 0.412111 0.652344 0.408204
0 0.994142 0.451173 0.992189 0.453125 0.982422 0.453125 0.982422 0.457031 0.994142 0.457031
0 0.296873 0.404297 0.294924 0.406249 0.291017 0.406249 0.291017 0.408204 0.29297 0.410155 0.29297 0.412111 0.294924 0.414062 0.294924 0.416018 0.298827 0.416018 0.298827 0.412111 0.296873 0.410155
0 0.189455 0.541014 0.187501 0.542969 0.185548 0.542969 0.183594 0.54492 0.179688 0.54492 0.177734 0.546876 0.175781 0.546876 0.177734 0.548827 0.177734 0.550783 0.179688 0.548827 0.183594 0.548827 0.185548 0.546876 0.189455 0.546876
0 0.984375 0.347657 0.984375 0.353515 0.994142 0.353515 0.994142 0.347657
0 0.421876 0.441404 0.419923 0.44336 0.410156 0.44336 0.410156 0.447267 0.421876 0.447267
0 0.429686 0.484373 0.429686 0.48828 0.431639 0.490236 0.431639 0.494142 0.437499 0.494142 0.437499 0.484373
0 0.988282 0.396484 0.988282 0.402342 0.990235 0.400391 0.998049 0.400391 0.998049 0.396484
1 0.708984 0.962892 0.70703 0.964843 0.703124 0.964843 0.70117 0.966799 0.695314 0.966799 0.693361 0.96875 0.689454 0.96875 0.689454 0.970705 0.691407 0.972656 0.691407 0.974608 0.693361 0.972656 0.70117 0.972656 0.703124 0.970705 0.710937 0.970705 0.710937 0.96875 0.708984 0.966799
0 0.242187 0.882811 0.238281 0.886718 0.240234 0.888674 0.242187 0.888674 0.248047 0.894531 0.248047 0.892576 0.25 0.890625
0 0.980469 0.410155 0.980469 0.414062 0.990235 0.414062 0.990235 0.410155
0 0.75 0.41992 0.75 0.437502 0.757814 0.437502 0.757814 0.41992
0 0.982422 0.435547 0.980469 0.437502 0.980469 0.439453 0.994142 0.439453 0.994142 0.435547
0 0.814453 0.373048 0.814453 0.378906 0.826173 0.378906 0.826173 0.373048
0 0.615235 0.998048 0.613281 0.999999 0.611328 0.999999 0.609375 1 0.607421 1 0.605468 1 0.603515 1 0.603515 1 0.605468 1 0.609375 1 0.611328 1 0.617188 1 0.617188 1 0.615235 0.999999
0 0.136718 0.550783 0.130858 0.556641 0.128905 0.556641 0.125002 0.560547 0.128905 0.564454 0.132811 0.560547 0.134765 0.560547 0.138671 0.556641 0.140625 0.556641 0.138671 0.55469 0.138671 0.552734
0 0.869139 0.402342 0.867186 0.404297 0.857423 0.404297 0.857423 0.410155 0.869139 0.410155
0 0.996095 0.437502 0.996095 0.439453 0.994142 0.441404 0.996095 0.44336 1 0.44336 1 0.437502
0 0.048829 0.597654 0.041015 0.605468 0.044922 0.609374 0.050782 0.603516 0.050782 0.59961
1 0.121095 0.558592 0.119142 0.560547 0.117188 0.560547 0.113281 0.564454 0.111328 0.564454 0.107422 0.568361 0.105468 0.568361 0.107422 0.570312 0.107422 0.572267 0.109375 0.574219 0.109375 0.576174 0.113281 0.572267 0.115235 0.572267 0.121095 0.566405 0.123048 0.566405 0.125002 0.564454 0.123048 0.562498 0.123048 0.560547
0 0.041015 0.601561 0.035155 0.607423 0.033202 0.607423 0.031249 0.609374 0.033202 0.61133 0.033202 0.613281 0.035155 0.61133 0.037109 0.61133 0.041015 0.607423 0.039062 0.605468 0.041015 0.603516
0 0.892579 0.437502 0.892579 0.44336 0.904296 0.44336 0.904296 0.437502
0 0.835936 0.404297 0.835936 0.408204 0.84961 0.408204 0.851563 0.410155 0.851563 0.408204 0.84961 0.406249 0.84961 0.404297
0 0.874999 0.43164 0.873046 0.433595 0.876953 0.433595 0.878906 0.435547 0.880859 0.435547 0.882813 0.437502 0.882813 0.43164
0 0.132811 0.839842 0.130858 0.841798 0.130858 0.843749 0.128905 0.845704 0.130858 0.845704 0.134765 0.849611 0.136718 0.849611 0.138671 0.851562 0.144531 0.845704 0.142578 0.845704 0.140625 0.843749 0.138671 0.843749 0.136718 0.841798 0.134765 0.841798
0 0.644531 0.986328 0.642578 0.988283 0.640624 0.988283 0.638671 0.990234 0.636718 0.990234 0.634764 0.992186 0.632811 0.992186 0.634764 0.994141 0.634764 0.996092 0.636718 0.994141 0.640624 0.994141 0.642578 0.992186 0.646484 0.992186 0.646484 0.990234 0.644531 0.988283
0 0.955079 0.427733 0.955079 0.433595 0.968749 0.433595 0.968749 0.427733
0 0.626955 0.402342 0.626955 0.408204 0.638671 0.408204 0.638671 0.402342
0 0.238281 0.894531 0.238281 0.896483 0.236327 0.898438 0.238281 0.900389 0.240234 0.900389 0.244141 0.904296 0.246094 0.902345 0.248047 0.902345 0.246094 0.900389 0.244141 0.900389
0 0.572265 0.986328 0.570312 0.988283 0.568358 0.988283 0.566405 0.990234 0.564451 0.990234 0.562502 0.992186 0.560549 0.992186 0.560549 0.994141 0.562502 0.996092 0.562502 0.998048 0.564451 0.996092 0.566405 0.996092 0.568358 0.994141 0.572265 0.994141 0.574218 0.992186 0.576172 0.992186 0.574218 0.990234 0.574218 0.988283
0 0.859376 0.357422 0.859376 0.361328 0.869139 0.361328 0.871093 0.363279 0.871093 0.361328 0.873046 0.359377 0.873046 0.357422
0 0.968749 0.44336 0.966795 0.445311 0.957032 0.445311 0.957032 0.449218 0.968749 0.449218
0 0.988282 0.390626 0.988282 0.392577 0.986329 0.394533 0.986329 0.396484 0.988282 0.394533 0.999998 0.394533 0.999998 0.390626
0 0.832029 0.41992 0.832029 0.425782 0.845703 0.425782 0.845703 0.41992
0 0.28711 0.066406 0.28711 0.07422 0.29297 0.07422 0.29297 0.066406
0 0.980469 0.429689 0.980469 0.435547 0.982422 0.433595 0.992189 0.433595 0.992189 0.429689
0 0.060549 0.591796 0.058595 0.593752 0.056642 0.593752 0.052735 0.597654 0.050782 0.597654 0.052735 0.59961 0.052735 0.601561 0.054689 0.59961 0.056642 0.59961 0.058595 0.597654 0.062498 0.597654 0.062498 0.595703 0.060549 0.593752
0 0.173828 0.861327 0.171875 0.863282 0.169921 0.863282 0.173828 0.867189 0.173828 0.86914 0.175781 0.871096 0.177734 0.86914 0.179688 0.86914 0.181641 0.867189 0.183594 0.867189 0.181641 0.867189 0.177734 0.863282 0.175781 0.863282
0 0.224611 0.51172 0.222657 0.513672 0.220704 0.513672 0.216798 0.517578 0.214844 0.517578 0.212891 0.519529 0.210938 0.519529 0.212891 0.521485 0.212891 0.523436 0.214844 0.521485 0.216798 0.521485 0.218751 0.519529 0.220704 0.519529 0.222657 0.517578 0.224611 0.517578
0 0.984375 0.367186 0.984375 0.373048 0.994142 0.373048 0.994142 0.367186
0 0.982422 0.458982 0.982422 0.462889 0.994142 0.462889 0.994142 0.458982
0 0.599608 0.966799 0.593752 0.972656 0.591798 0.972656 0.589845 0.974608 0.589845 0.978514 0.591798 0.976563 0.593752 0.976563 0.595705 0.974608 0.599608 0.974608 0.601561 0.972656 0.603515 0.972656 0.601561 0.970705 0.601561 0.96875
0 0.894533 0.425782 0.894533 0.427733 0.904296 0.427733 0.906249 0.429689 0.906249 0.425782
0 0.052735 0.615237 0.050782 0.617188 0.048829 0.617188 0.044922 0.621094 0.042969 0.621094 0.042969 0.625001 0.044922 0.623045 0.046875 0.623045 0.048829 0.621094 0.050782 0.621094 0.052735 0.619139 0.054689 0.619139 0.052735 0.617188
0 0.857423 0.43164 0.857423 0.433595 0.85547 0.435547 0.85547 0.437502 0.869139 0.437502 0.869139 0.435547 0.867186 0.433595 0.867186 0.43164
0 0.857423 0.414062 0.857423 0.421875 0.859376 0.41992 0.871093 0.41992 0.871093 0.414062
0 0.982422 0.44336 0.982422 0.449218 0.994142 0.449218 0.994142 0.44336
0 0.429686 0.470702 0.429686 0.482422 0.435546 0.482422 0.435546 0.470702
0 0.28125 0.917967 0.277344 0.921874 0.27539 0.921874 0.277344 0.923829 0.279297 0.923829 0.283204 0.927736 0.285157 0.925781 0.285157 0.923829 0.28711 0.921874 0.285157 0.921874
0 0.521485 0.421875 0.519532 0.423826 0.507812 0.423826 0.507812 0.429689 0.509765 0.427733 0.521485 0.427733
0 0.894533 0.41992 0.894533 0.423826 0.906249 0.423826 0.906249 0.421875 0.896486 0.421875
0 0.267577 0.908203 0.26367 0.912109 0.261717 0.912109 0.265624 0.916016 0.267577 0.916016 0.273437 0.921874 0.277344 0.917967
0 0.833983 0.429689 0.833983 0.435547 0.84375 0.435547 0.845703 0.437502 0.845703 0.435547 0.84375 0.433595 0.84375 0.43164 0.835936 0.43164
0 0.027342 0.628908 0.025392 0.630859 0.023439 0.630859 0.019532 0.634766 0.017579 0.634766 0.019532 0.636717 0.019532 0.638672 0.021486 0.636717 0.023439 0.636717 0.025392 0.634766 0.027342 0.634766 0.029295 0.632814 0.031249 0.632814
0 0.28125 0.124998 0.28125 0.138674 0.285157 0.138674 0.285157 0.132811 0.28711 0.13086 0.28711 0.124998
0 0.36133 0.955079 0.36133 0.95703 0.359376 0.958985 0.36133 0.960936 0.363279 0.960936 0.367186 0.964843 0.371093 0.960936 0.373046 0.960936 0.371093 0.960936 0.369139 0.958985 0.367186 0.958985 0.365233 0.95703 0.363279 0.95703
0 0 0.34375 0 0.351564 0.003906 0.351564 0.003906 0.347657 0.005859 0.345702 0.005859 0.34375
14 0.138671 0 0.136718 0 0.107422 0 0.105468 0 0.103515 0 0.101562 0 0.097655 0 0.095701 0 0.093752 0 0.091799 0 0.089845 0 0.087892 0 0.085938 0 0.083985 0 0.080078 0 0.078125 0 0.076172 0 0.044922 0 0.044922 0 0.037109 0 0.037109 0 0.031249 0 0.031249 0 0.023439 0 0.023439 0 0.017579 0 0.017579 0 0.011719 0 0.011719 0 0.005859 0 0.005859 0 0 0 0 0 0 0 0 0 0 0 0 0 0 0 0 0 0 0 0 0 0 0 0 0 0 0 0 0 0 0 0 0 0 0 0 0 0 0 0 0 0 0 0 0 0 0 0 0 0 0 0 0 0 0 0 0 0 0 0 0 0 0 0 0 0 0 0 0 0 0 0 0 0 0 0 0 0 0 0 0 0 0 0 0 0 0 0 0 0 0 0 0 0 0 0 0 0 0 0 0 0 0 0 0 0 0.000002 0 0.000002 0 0.001953 0 0.001953 0 0.003908 0.001952 0.003908 0.003906 0.005859 0.007812 0.005859 0.009766 0.007811 0.023439 0.007811 0.025392 0.009766 0.037109 0.009766 0.039062 0.011717 0.041015 0.009766 0.056642 0.009766 0.058595 0.011717 0.060549 0.011717 0.066405 0.01758 0.070312 0.013673 0.070312 0.011717 0.078125 0.003908 0.078125 0.001953 0.085938 0 0.085938 0 0.091799 0 0.091799 0 0.099608 0 0.099608 0 0.107422 0 0.107422 0 0.115235 0 0.115235 0 0.123048 0 0.123048 0 0.130858 0 0.130858 0 0.136718 0 0.136718 0 0.144531 0 0.144531 0 0.152345 0 0.152345 0 0.160158 0 0.160158 0 0.167968 0 0.167968 0 0.173828 0 0.173828 0 0.181641 0 0.181641 0 0.189455 0 0.189455 0 0.197264 0 0.197264 0 0.205077 0 0.205077 0 0.212891 0 0.212891 0 0.218751 0 0.218751 0 0.226564 0 0.226564 0 0.234374 0 0.234374 0 0.238281 0 0.234374 0 0.232421 0 0.224611 0 0.222657 0 0.216798 0 0.216798 0 0.214844 0 0.214844 0 0.212891 0 0.212891 0 0.210938 0 0.210938 0 0.208984 0 0.208984 0 0.207031 0 0.207031 0 0.205077 0 0.205077 0 0.199218 0 0.199218 0 0.195311 0 0.195311 0 0.193361 0 0.191408 0 0.187501 0 0.185548 0 0.181641 0 0.179688 0 0.175781 0 0.173828 0 0.171875 0 0.166014 0 0.164061 0 0.156251 0 0.154298 0 0.148438 0 0.146485 0 0.140625 0
0 0 0.353515 0 0.359377 0.003906 0.359377 0.005859 0.361328 0.005859 0.35547 0 0.35547
0 0.207031 0.519529 0.203124 0.523436 0.201171 0.523436 0.199218 0.525391 0.201171 0.527343 0.201171 0.529298 0.203124 0.527343 0.205077 0.527343 0.207031 0.525391 0.208984 0.525391 0.208984 0.523436 0.207031 0.521485
0 0.953125 0.414062 0.953125 0.417969 0.966795 0.417969 0.964846 0.416018 0.964846 0.414062