0 0.158204 0.697265 0.14844 0.707027 0.14844 0.708983 0.138668 0.718746 0.142577 0.722658 0.142577 0.724606 0.14844 0.730465 0.14844 0.73242 0.15625 0.740236 0.15625 0.742184 0.162113 0.748043 0.162113 0.749999 0.169921 0.757814 0.169921 0.759762 0.175785 0.765621 0.175785 0.767577 0.185548 0.77734 0.191403 0.77734 0.193357 0.775392 0.195312 0.775392 0.197267 0.773437 0.199221 0.773437 0.201175 0.771481 0.201175 0.769533 0.203121 0.767577 0.203121 0.765621 0.205076 0.763673 0.205076 0.753903 0.203121 0.751955 0.203121 0.749999 0.201175 0.748043 0.201175 0.746095 0.193357 0.73828 0.193357 0.736325 0.179686 0.722658 0.179686 0.720702 0.166013 0.707027 0.166013 0.70508
0 0.304691 0.572269 0.302737 0.574217 0.296874 0.574217 0.292965 0.578128 0.291019 0.578128 0.289064 0.580076 0.289064 0.583988 0.28711 0.585936 0.28711 0.587891 0.289064 0.589847 0.289064 0.591795 0.291019 0.593751 0.291019 0.595706 0.32031 0.625003 0.322264 0.625003 0.324219 0.626952 0.326173 0.626952 0.328127 0.628907 0.330082 0.626952 0.333982 0.626952 0.335937 0.625003 0.337892 0.625003 0.343746 0.619144 0.343746 0.617188 0.3457 0.615233 0.3457 0.611329 0.343746 0.609374 0.343746 0.607425 0.3125 0.576173 0.310546 0.576173 0.308592 0.574217 0.306637 0.574217
0 0.281247 0.605469 0.277347 0.609374 0.275393 0.609374 0.273438 0.611329 0.273438 0.613285 0.271483 0.615233 0.271483 0.623048 0.273438 0.625003 0.273438 0.626952 0.275393 0.628907 0.275393 0.630863 0.28711 0.642582 0.28711 0.644529 0.300783 0.658205 0.302737 0.658205 0.308592 0.664063 0.31641 0.664063 0.324219 0.656249 0.326173 0.656249 0.328127 0.6543 0.328127 0.650389 0.330082 0.648441 0.330082 0.644529 0.328127 0.642582 0.328127 0.640626 0.310546 0.623048 0.310546 0.621092 0.294919 0.605469
0 0.804691 0.863283 0.800783 0.867187 0.798828 0.867187 0.792965 0.873046 0.791018 0.873046 0.783201 0.880861 0.781247 0.880861 0.775392 0.886721 0.773438 0.886721 0.767574 0.89258 0.765628 0.89258 0.763674 0.894528 0.765628 0.896484 0.765628 0.89844 0.767574 0.900388 0.767574 0.902343 0.769529 0.904299 0.769529 0.906247 0.771483 0.908203 0.771483 0.910158 0.773438 0.912107 0.773438 0.914062 0.775392 0.916018 0.775392 0.917966 0.777347 0.919921 0.781247 0.916018 0.783201 0.916018 0.789064 0.910158 0.791018 0.910158 0.798828 0.902343 0.800783 0.902343 0.806637 0.896484 0.808591 0.896484 0.814455 0.890625 0.81641 0.890625 0.818356 0.888669 0.818356 0.884765 0.82031 0.882809 0.82031 0.87695 0.818356 0.875002 0.818356 0.873046 0.81641 0.871091 0.81641 0.869143 0.810546 0.863283
0 0.423826 0.810549 0.414062 0.820312 0.412108 0.820312 0.396482 0.835934 0.394536 0.835934 0.373045 0.857424 0.373045 0.859372 0.371091 0.861328 0.371091 0.871091 0.373045 0.873046 0.373045 0.875002 0.382809 0.884765 0.384763 0.884765 0.388672 0.888669 0.392581 0.884765 0.394536 0.884765 0.40039 0.878906 0.402345 0.878906 0.410153 0.871091 0.412108 0.871091 0.417972 0.865232 0.419926 0.865232 0.42578 0.859372 0.427735 0.859372 0.435544 0.851564 0.437499 0.851564 0.443362 0.845705 0.445316 0.845705 0.447262 0.843749 0.445316 0.841794 0.445316 0.839846 0.439453 0.833986 0.439453 0.832031 0.435544 0.828126 0.435544 0.826171 0.431643 0.822268 0.431643 0.820312 0.42578 0.814452 0.42578 0.812497
0 0.851563 0.921877 0.847654 0.925781 0.8457 0.925781 0.839845 0.93164 0.837891 0.93164 0.830081 0.939455 0.828127 0.939455 0.822264 0.945315 0.82031 0.945315 0.814455 0.951174 0.8125 0.951174 0.810546 0.953123 0.8125 0.955078 0.8125 0.957034 0.81641 0.960938 0.81641 0.962893 0.818356 0.964841 0.818356 0.966797 0.822264 0.9707 0.822264 0.972656 0.824218 0.974612 0.828127 0.9707 0.830081 0.9707 0.833982 0.966797 0.835937 0.966797 0.839845 0.962893 0.8418 0.962893 0.8457 0.958982 0.847654 0.958982 0.851563 0.955078 0.853518 0.955078 0.857418 0.951174 0.859373 0.951174 0.863281 0.947263 0.865236 0.947263 0.865236 0.945315 0.86719 0.943359 0.86719 0.941403 0.869144 0.939455 0.869144 0.9375 0.87109 0.935544 0.869144 0.933596 0.869144 0.93164 0.86719 0.929685 0.86719 0.927737 0.865236 0.927737 0.863281 0.925781 0.861327 0.925781 0.859373 0.923825 0.853518 0.923825
0 0.912108 0.9707 0.888671 0.994138 0.886717 0.994138 0.865236 1 0.865236 1 0.86719 1 0.86719 1 0.87109 1 0.873045 1 0.875 1 0.876954 1 0.880863 1 0.882809 1 0.884763 1 0.896481 1 0.898436 1 0.919926 1 0.921872 1 0.931643 0.996094 0.927734 0.99219 0.927734 0.990234 0.921872 0.984375 0.921872 0.982419 0.916017 0.97656 0.916017 0.974612
0 0.23633 0.611329 0.214848 0.632811 0.222657 0.640626 0.222657 0.642582 0.238284 0.658205 0.238284 0.66016 0.248047 0.669923 0.250002 0.669923 0.253902 0.673827 0.271483 0.673827 0.275393 0.669923 0.277347 0.669923 0.277347 0.666019 0.279293 0.664063 0.279293 0.656249 0.277347 0.6543 0.277347 0.648441 0.269529 0.640626 0.267575 0.640626 0.248047 0.621092 0.246093 0.621092
0 0.693357 0.736325 0.671875 0.757814 0.669921 0.757814 0.65234 0.775392 0.65234 0.791015 0.654294 0.791015 0.656249 0.792971 0.658204 0.792971 0.660158 0.794918 0.662112 0.794918 0.664066 0.796874 0.667967 0.796874 0.673831 0.791015 0.675785 0.791015 0.685548 0.781251 0.687502 0.781251 0.697267 0.771481 0.699221 0.771481 0.70703 0.763673 0.70703 0.761718 0.708984 0.759762 0.708984 0.751955 0.70703 0.749999 0.70703 0.746095 0.705075 0.74414 0.705075 0.742184 0.703121 0.742184 0.699221 0.73828 0.695312 0.73828
0 0.490234 0.642582 0.490234 0.644529 0.486325 0.648441 0.486325 0.650389 0.484379 0.652345 0.486325 0.6543 0.486325 0.656249 0.488279 0.658205 0.488279 0.66016 0.492188 0.664063 0.492188 0.666019 0.498043 0.671879 0.498043 0.673827 0.503906 0.679686 0.503906 0.681642 0.517579 0.695316 0.519533 0.695316 0.525388 0.701176 0.53516 0.701176 0.542969 0.69336 0.542969 0.687501 0.539061 0.683598 0.539061 0.681642 0.527342 0.669923 0.527342 0.667967 0.511715 0.652345 0.511715 0.650389 0.503906 0.642582
0 0.550778 0.585936 0.548824 0.587891 0.546878 0.587891 0.544923 0.589847 0.544923 0.591795 0.542969 0.593751 0.542969 0.595706 0.541015 0.597654 0.541015 0.601566 0.542969 0.603514 0.542969 0.607425 0.548824 0.613285 0.548824 0.615233 0.562497 0.628907 0.562497 0.630863 0.574223 0.642582 0.574223 0.644529 0.580078 0.650389 0.582032 0.650389 0.583986 0.648441 0.59375 0.648441 0.599613 0.642582 0.599613 0.640626 0.601559 0.63867 0.601559 0.628907 0.585941 0.613285 0.585941 0.611329 0.56055 0.585936
0 0.863281 0.613285 0.851563 0.625003 0.849609 0.625003 0.830081 0.644529 0.828127 0.644529 0.82031 0.652345 0.82031 0.664063 0.822264 0.666019 0.822264 0.667967 0.824218 0.669923 0.824218 0.671879 0.826173 0.673827 0.826173 0.675782 0.828127 0.677738 0.830081 0.677738 0.832028 0.679686 0.833982 0.677738 0.837891 0.677738 0.8457 0.669923 0.847654 0.669923 0.861327 0.656249 0.863281 0.656249 0.875 0.644529 0.876954 0.644529 0.882809 0.63867 0.878908 0.634767 0.878908 0.632811 0.873045 0.626952 0.873045 0.625003 0.86719 0.619144 0.86719 0.617188
0 0.43359 0.69336 0.431643 0.695316 0.42578 0.695316 0.423826 0.697265 0.423826 0.69922 0.421872 0.701176 0.421872 0.707027 0.419926 0.708983 0.419926 0.712887 0.42578 0.718746 0.42578 0.720702 0.437499 0.73242 0.437499 0.734376 0.449216 0.746095 0.449216 0.748043 0.460935 0.759762 0.466798 0.759762 0.468752 0.757814 0.470706 0.757814 0.472652 0.755858 0.474607 0.755858 0.474607 0.753903 0.476562 0.751955 0.476562 0.746095 0.478516 0.74414 0.478516 0.73828 0.476562 0.736325 0.476562 0.734376 0.474607 0.73242 0.474607 0.730465 0.466798 0.722658 0.466798 0.720702 0.451171 0.70508 0.451171 0.703124 0.443362 0.695316 0.435544 0.695316
0 0.933598 0.671879 0.921872 0.683598 0.921872 0.685545 0.904298 0.703124 0.904298 0.70508 0.894535 0.714843 0.894535 0.716798 0.890626 0.720702 0.902344 0.73242 0.904298 0.73242 0.908199 0.736325 0.910153 0.736325 0.912108 0.73828 0.95508 0.695316 0.95508 0.681642 0.949216 0.675782 0.947262 0.675782 0.945316 0.673827 0.943361 0.673827 0.941407 0.671879
0 0.886717 0.947263 0.884763 0.949218 0.882809 0.949218 0.880863 0.951174 0.878908 0.951174 0.876954 0.953123 0.875 0.953123 0.87109 0.957034 0.869144 0.957034 0.863281 0.962893 0.861327 0.962893 0.855472 0.968752 0.853518 0.968752 0.847654 0.974612 0.8457 0.974612 0.839845 0.980471 0.837891 0.980471 0.835937 0.982419 0.837891 0.984375 0.837891 0.986331 0.8418 0.990234 0.8418 0.99219 0.843754 0.994138 0.843754 0.996094 0.847654 0.999998 0.847654 1 0.849609 1 0.851563 1 0.853518 1 0.857418 0.998049 0.859373 0.998049 0.861327 0.996094 0.863281 0.996094 0.865236 0.994138 0.86719 0.994138 0.87109 0.990234 0.873045 0.990234 0.875 0.988278 0.876954 0.988278 0.880863 0.984375 0.882809 0.984375 0.884763 0.982419 0.886717 0.982419 0.888671 0.980471 0.890626 0.980471 0.894535 0.97656 0.896481 0.97656 0.896481 0.974612 0.898436 0.972656 0.898436 0.9707 0.90039 0.968752 0.90039 0.958982 0.898436 0.957034 0.898436 0.955078 0.896481 0.953123 0.896481 0.951174 0.894535 0.951174 0.892581 0.949218 0.888671 0.949218
0 0.3457 0.54492 0.343746 0.546876 0.335937 0.546876 0.333982 0.548831 0.332028 0.548831 0.330082 0.550779 0.328127 0.550779 0.324219 0.554691 0.324219 0.562498 0.328127 0.566409 0.330082 0.566409 0.375 0.611329 0.376954 0.609374 0.378909 0.609374 0.380863 0.607425 0.380863 0.605469 0.390626 0.595706 0.390626 0.593751 0.392581 0.591795
0 0.664066 0.69336 0.658204 0.69922 0.656249 0.69922 0.646485 0.708983 0.644531 0.708983 0.636722 0.716798 0.634768 0.716798 0.625004 0.726561 0.623049 0.726561 0.619141 0.730465 0.619141 0.73242 0.617186 0.734376 0.617186 0.73828 0.615232 0.740236 0.615232 0.742184 0.617186 0.742184 0.623049 0.748043 0.623049 0.749999 0.625004 0.751955 0.62695 0.751955 0.630858 0.755858 0.634768 0.755858 0.642577 0.748043 0.644531 0.748043 0.656249 0.736325 0.658204 0.736325 0.669921 0.724606 0.671875 0.724606 0.675785 0.720702 0.675785 0.718746 0.677731 0.716798 0.677731 0.710939 0.675785 0.708983 0.675785 0.707027 0.669921 0.701176 0.669921 0.69922
0 0.417972 0.431643 0.414062 0.435547 0.412108 0.435547 0.408199 0.439451 0.406253 0.439451 0.402345 0.443362 0.40039 0.443362 0.396482 0.447266 0.394536 0.447266 0.392581 0.449222 0.396482 0.453125 0.396482 0.455081 0.402345 0.46094 0.402345 0.462888 0.408199 0.468748 0.408199 0.470703 0.414062 0.476562 0.414062 0.478518 0.42578 0.490237 0.427735 0.490237 0.431643 0.494141 0.439453 0.486326 0.439453 0.484378 0.443362 0.480466 0.443362 0.478518 0.445316 0.476562 0.445316 0.474607 0.447262 0.472659 0.445316 0.470703 0.445316 0.468748 0.439453 0.462888 0.439453 0.46094 0.435544 0.457029 0.435544 0.455081 0.429689 0.449222 0.429689 0.447266 0.42578 0.443362 0.42578 0.441406 0.419926 0.435547 0.419926 0.433591
0 0.15234 0.818356 0.14844 0.822268 0.14844 0.824215 0.140623 0.832031 0.140623 0.833986 0.134768 0.839846 0.134768 0.841794 0.12695 0.849609 0.12695 0.851564 0.119141 0.859372 0.119141 0.861328 0.115232 0.865232 0.117187 0.867187 0.117187 0.869143 0.119141 0.871091 0.119141 0.873046 0.125004 0.878906 0.125004 0.880861 0.128904 0.884765 0.130859 0.884765 0.15234 0.863283 0.15234 0.861328 0.175785 0.83789 0.171876 0.833986 0.169921 0.833986 0.160158 0.824215 0.158204 0.824215
0 0.076169 0.775392 0.074215 0.77734 0.074215 0.779296 0.070314 0.7832 0.070314 0.785155 0.06836 0.787111 0.06836 0.789059 0.070314 0.791015 0.070314 0.792971 0.082032 0.804689 0.091796 0.804689 0.09375 0.806637 0.103514 0.806637 0.105468 0.808593 0.113277 0.808593 0.115232 0.810549 0.125004 0.810549 0.12695 0.812497 0.136722 0.812497 0.138668 0.814452 0.138668 0.810549 0.140623 0.808593 0.140623 0.800778 0.142577 0.79883 0.142577 0.791015 0.144531 0.789059 0.144531 0.785155 0.132813 0.785155 0.130859 0.7832 0.119141 0.7832 0.117187 0.781251 0.105468 0.781251 0.103514 0.779296 0.091796 0.779296 0.089841 0.77734 0.078124 0.77734
0 0.189449 0.679686 0.18164 0.687501 0.18164 0.689457 0.173831 0.697265 0.177731 0.701176 0.177731 0.703124 0.183594 0.708983 0.183594 0.710939 0.189449 0.716798 0.189449 0.718746 0.191403 0.720702 0.193357 0.720702 0.195312 0.722658 0.197267 0.722658 0.199221 0.724606 0.201175 0.724606 0.203121 0.726561 0.212893 0.726561 0.214848 0.724606 0.216794 0.724606 0.216794 0.720702 0.218749 0.718746 0.218749 0.710939 0.216794 0.708983 0.216794 0.707027 0.214848 0.70508 0.214848 0.703124 0.210939 0.69922 0.208984 0.69922
0 0.988279 0.748043 0.970706 0.765621 0.968752 0.765621 0.953125 0.781251 0.953125 0.785155 0.95508 0.787111 0.95508 0.791015 0.957034 0.792971 0.957034 0.794918 0.962889 0.800778 0.964843 0.800778 0.968752 0.796874 0.970706 0.796874 0.976561 0.791015 0.978516 0.791015 0.984379 0.785155 0.986325 0.785155 0.992188 0.779296 0.994143 0.779296 0.999997 0.773437 1 0.773437 1 0.771481 1 0.769533 1 0.767577 0.998043 0.763673 0.998043 0.761718 0.994143 0.757814 0.994143 0.755858 0.990233 0.751955 0.990233 0.749999
0 0.822264 0.572269 0.81641 0.578128 0.81641 0.580076 0.804691 0.591795 0.804691 0.593751 0.794919 0.603514 0.794919 0.605469 0.783201 0.617188 0.783201 0.619144 0.777347 0.625003 0.777347 0.636722 0.779301 0.63867 0.779301 0.640626 0.781247 0.642582 0.781247 0.644529 0.783201 0.646485 0.783201 0.650389 0.785155 0.650389 0.78711 0.652345 0.789064 0.652345 0.791018 0.6543 0.792965 0.652345 0.800783 0.652345 0.826173 0.626952 0.826173 0.625003 0.853518 0.597654 0.851563 0.595706 0.851563 0.593751 0.849609 0.591795 0.849609 0.589847 0.8457 0.585936 0.843754 0.585936 0.830081 0.572269
0 0.734375 0.486326 0.73242 0.488282 0.724611 0.488282 0.705075 0.507816 0.705075 0.509763 0.685548 0.529297 0.685548 0.535157 0.683594 0.537113 0.683594 0.541016 0.685548 0.542972 0.685548 0.546876 0.687502 0.548831 0.687502 0.550779 0.689457 0.550779 0.693357 0.554691 0.701175 0.546876 0.703121 0.546876 0.716794 0.533201 0.718748 0.533201 0.73242 0.519534 0.734375 0.519534 0.742184 0.511719 0.742184 0.509763 0.744138 0.507816 0.744138 0.501956 0.746093 0.5 0.746093 0.496097 0.744138 0.494141 0.744138 0.492185 0.740238 0.488282 0.736329 0.488282
0 0.634768 0.666019 0.599613 0.701176 0.599613 0.703124 0.597659 0.70508 0.597659 0.707027 0.599613 0.708983 0.599613 0.712887 0.605468 0.718746 0.605468 0.720702 0.607422 0.722658 0.611331 0.722658 0.613277 0.720702 0.619141 0.720702 0.623049 0.716798 0.625004 0.716798 0.630858 0.710939 0.632813 0.710939 0.640622 0.703124 0.642577 0.703124 0.648439 0.697265 0.650394 0.697265 0.656249 0.691405 0.658204 0.691405 0.660158 0.689457 0.660158 0.675782 0.658204 0.673827 0.658204 0.669923 0.656249 0.669923 0.654294 0.667967 0.65234 0.667967 0.650394 0.666019
0 0.371091 0.519534 0.363282 0.527342 0.363282 0.541016 0.371091 0.548831 0.371091 0.550779 0.388672 0.568357 0.388672 0.570313 0.396482 0.578128 0.412108 0.578128 0.417972 0.572269 0.417972 0.570313 0.419926 0.568357 0.419926 0.566409 0.421872 0.564454 0.419926 0.562498 0.419926 0.56055 0.417972 0.558594 0.417972 0.556639 0.410153 0.548831 0.410153 0.546876 0.392581 0.529297 0.392581 0.527342 0.384763 0.519534
0 0.45508 0.667967 0.449216 0.673827 0.449216 0.677738 0.447262 0.679686 0.447262 0.681642 0.449216 0.683598 0.449216 0.685545 0.451171 0.687501 0.451171 0.689457 0.453125 0.691405 0.453125 0.69336 0.458981 0.69922 0.458981 0.701176 0.464843 0.707027 0.464843 0.708983 0.470706 0.714843 0.470706 0.716798 0.476562 0.722658 0.476562 0.724606 0.478516 0.726561 0.48047 0.726561 0.482425 0.728517 0.484379 0.728517 0.486325 0.730465 0.492188 0.730465 0.494143 0.728517 0.498043 0.728517 0.498043 0.726561 0.499998 0.724606 0.499998 0.718746 0.501952 0.716798 0.501952 0.70508 0.498043 0.701176 0.498043 0.69922 0.494143 0.695316 0.492188 0.695316 0.484379 0.687501 0.482425 0.687501 0.474607 0.679686 0.472652 0.679686 0.464843 0.671879 0.462889 0.671879 0.458981 0.667967
0 0.214848 0.644529 0.205076 0.6543 0.205076 0.656249 0.195312 0.666019 0.208984 0.679686 0.208984 0.681642 0.234375 0.707027 0.234375 0.708983 0.246093 0.720702 0.250002 0.720702 0.251956 0.722658 0.255857 0.722658 0.257811 0.724606 0.267575 0.724606 0.271483 0.720702 0.271483 0.718746 0.273438 0.716798 0.273438 0.714843 0.275393 0.712887 0.275393 0.701176 0.273438 0.69922 0.273438 0.697265 0.271483 0.695316 0.269529 0.695316 0.255857 0.681642 0.253902 0.681642 0.230466 0.658205 0.228512 0.658205
0 0.757811 0.79883 0.751956 0.804689 0.750001 0.804689 0.740238 0.814452 0.738284 0.814452 0.728511 0.824215 0.726565 0.824215 0.718748 0.832031 0.718748 0.833986 0.714848 0.83789 0.714848 0.841794 0.712893 0.843749 0.712893 0.845705 0.710938 0.847653 0.718748 0.855468 0.722657 0.855468 0.724611 0.857424 0.730466 0.857424 0.740238 0.847653 0.742184 0.847653 0.76172 0.828126 0.763674 0.828126 0.771483 0.820312 0.769529 0.818356 0.769529 0.816408 0.765628 0.812497 0.765628 0.810549 0.763674 0.808593 0.763674 0.806637 0.759765 0.802733 0.759765 0.800778
0 0.785155 0.828126 0.783201 0.830075 0.781247 0.830075 0.775392 0.835934 0.773438 0.835934 0.765628 0.843749 0.763674 0.843749 0.755857 0.851564 0.753911 0.851564 0.746093 0.859372 0.744138 0.859372 0.742184 0.861328 0.744138 0.863283 0.744138 0.865232 0.746093 0.867187 0.746093 0.869143 0.750001 0.873046 0.750001 0.875002 0.753911 0.878906 0.753911 0.880861 0.755857 0.882809 0.755857 0.884765 0.757811 0.886721 0.763674 0.880861 0.765628 0.880861 0.773438 0.873046 0.775392 0.873046 0.783201 0.865232 0.785155 0.865232 0.792965 0.857424 0.794919 0.857424 0.796874 0.855468 0.796874 0.853512 0.798828 0.851564 0.798828 0.841794 0.796874 0.839846 0.796874 0.835934 0.794919 0.833986 0.792965 0.833986 0.78711 0.828126
1 0.556642 0.404294 0.554688 0.40625 0.554688 0.408206 0.552732 0.410154 0.552732 0.412109 0.548824 0.416013 0.548824 0.417969 0.544923 0.421873 0.544923 0.423828 0.542969 0.425784 0.542969 0.427732 0.539061 0.431643 0.539061 0.433591 0.53516 0.437502 0.53516 0.439451 0.533206 0.441406 0.533206 0.443362 0.525388 0.451169 0.525388 0.453125 0.517579 0.46094 0.519533 0.462888 0.519533 0.464844 0.523434 0.468748 0.523434 0.470703 0.525388 0.472659 0.527342 0.472659 0.531251 0.476562 0.539061 0.476562 0.541015 0.474607 0.541015 0.472659 0.546878 0.4668 0.546878 0.464844 0.552732 0.458985 0.552732 0.457029 0.556642 0.453125 0.556642 0.451169 0.562497 0.44531 0.562497 0.443362 0.566405 0.439451 0.566405 0.437502 0.572268 0.431643 0.572268 0.429688 0.578124 0.423828 0.578124 0.421873 0.580078 0.419925 0.578124 0.419925 0.574223 0.416013 0.572268 0.416013 0.568359 0.412109 0.566405 0.412109 0.562497 0.408206 0.56055 0.408206
0 1 0.775392 1 0.781251 1 0.781251 1 0.789059 0.999997 0.789059 0.992188 0.796874 0.990233 0.796874 0.986325 0.800778 0.986325 0.812497 0.988279 0.814452 0.988279 0.818356 0.990233 0.820312 0.990233 0.822268 0.994143 0.822268 0.996097 0.824215 0.999997 0.824215 1 0.822268 1 0.822268 1 0.818356 1 0.818356 1 0.806637 1 0.804689 1 0.792971 1 0.785155 1 0.7832
0 0.525388 0.617188 0.521488 0.621092 0.519533 0.621092 0.517579 0.623048 0.517579 0.626952 0.515625 0.628907 0.515625 0.632811 0.517579 0.634767 0.517579 0.636722 0.521488 0.640626 0.521488 0.642582 0.529296 0.650389 0.529296 0.652345 0.537106 0.66016 0.537106 0.662108 0.544923 0.669923 0.544923 0.671879 0.552732 0.679686 0.554688 0.679686 0.556642 0.681642 0.56055 0.681642 0.568359 0.673827 0.570314 0.673827 0.570314 0.669923 0.572268 0.667967 0.572268 0.66016 0.570314 0.658205 0.570314 0.6543 0.554688 0.63867 0.552732 0.63867 0.533206 0.619144 0.527342 0.619144
0 0.908199 0.628907 0.906253 0.630863 0.90039 0.630863 0.896481 0.634767 0.896481 0.636722 0.890626 0.642582 0.890626 0.644529 0.884763 0.650389 0.884763 0.652345 0.878908 0.658205 0.878908 0.66016 0.87109 0.667967 0.87109 0.669923 0.865236 0.675782 0.865236 0.677738 0.859373 0.683598 0.859373 0.685545 0.855472 0.689457 0.855472 0.69336 0.857418 0.695316 0.857418 0.701176 0.859373 0.701176 0.861327 0.703124 0.863281 0.703124 0.873045 0.712887 0.875 0.712887 0.880863 0.707027 0.880863 0.70508 0.890626 0.695316 0.890626 0.69336 0.90039 0.683598 0.90039 0.681642 0.910153 0.671879 0.910153 0.669923 0.919926 0.66016 0.919926 0.658205 0.92578 0.652345 0.92578 0.644529 0.923826 0.642582 0.923826 0.63867 0.921872 0.636722 0.919926 0.636722 0.916017 0.632811 0.914062 0.632811 0.912108 0.630863 0.910153 0.630863
0 0.396482 0.7832 0.390626 0.789059 0.388672 0.789059 0.337892 0.839846 0.351563 0.853512 0.351563 0.857424 0.353518 0.859372 0.353518 0.861328 0.355473 0.861328 0.357419 0.863283 0.365236 0.855468 0.36719 0.855468 0.380863 0.841794 0.382809 0.841794 0.394536 0.830075 0.396482 0.830075 0.410153 0.816408 0.412108 0.816408 0.417972 0.810549 0.414062 0.806637 0.414062 0.804689 0.406253 0.796874 0.406253 0.794918 0.40039 0.789059 0.40039 0.787111
0 0.763674 0.529297 0.753911 0.539061 0.751956 0.539061 0.736329 0.554691 0.734375 0.554691 0.728511 0.56055 0.728511 0.562498 0.726565 0.564454 0.726565 0.566409 0.724611 0.568357 0.724611 0.570313 0.722657 0.572269 0.722657 0.580076 0.724611 0.582032 0.724611 0.583988 0.726565 0.585936 0.726565 0.587891 0.728511 0.589847 0.728511 0.591795 0.73242 0.595706 0.742184 0.595706 0.751956 0.585936 0.751956 0.583988 0.773438 0.562498 0.773438 0.56055 0.783201 0.550779 0.773438 0.541016 0.773438 0.539061
0 0.177731 0.857424 0.164059 0.871091 0.162113 0.871091 0.146486 0.886721 0.144531 0.886721 0.142577 0.888669 0.142577 0.900388 0.144531 0.902343 0.144531 0.904299 0.14844 0.908203 0.14844 0.910158 0.150394 0.912107 0.15234 0.912107 0.15625 0.916018 0.158204 0.916018 0.177731 0.896484 0.179686 0.896484 0.195312 0.880861 0.195312 0.873046 0.193357 0.871091 0.193357 0.869143 0.189449 0.865232 0.187503 0.865232 0.18164 0.859372 0.179686 0.859372
0 0.449216 0.851564 0.435544 0.865232 0.43359 0.865232 0.410153 0.888669 0.408199 0.888669 0.396482 0.900388 0.396482 0.902343 0.394536 0.904299 0.394536 0.908203 0.392581 0.910158 0.392581 0.914062 0.390626 0.916018 0.390626 0.919921 0.392581 0.921877 0.392581 0.923825 0.394536 0.925781 0.394536 0.927737 0.40039 0.933596 0.410153 0.933596 0.414062 0.929685 0.416017 0.929685 0.419926 0.925781 0.421872 0.925781 0.447262 0.900388 0.449216 0.900388 0.468752 0.880861 0.466798 0.878906 0.466798 0.87695 0.462889 0.873046 0.462889 0.871091 0.458981 0.867187 0.458981 0.865232 0.45508 0.861328 0.45508 0.859372 0.451171 0.855468 0.451171 0.853512
0 0.832028 0.882809 0.818356 0.896484 0.81641 0.896484 0.800783 0.912107 0.798828 0.912107 0.792965 0.917966 0.792965 0.919921 0.791018 0.921877 0.791018 0.923825 0.789064 0.925781 0.796874 0.933596 0.796874 0.935544 0.804691 0.943359 0.810546 0.9375 0.8125 0.9375 0.82031 0.929685 0.822264 0.929685 0.830081 0.921877 0.832028 0.921877 0.839845 0.914062 0.8418 0.914062 0.847654 0.908203 0.847654 0.906247 0.853518 0.900388 0.853518 0.89844 0.855472 0.896484 0.855472 0.894528 0.853518 0.89258 0.853518 0.890625 0.851563 0.888669 0.849609 0.888669 0.847654 0.886721 0.8457 0.886721 0.843754 0.884765 0.837891 0.884765 0.835937 0.882809
0 0.20703 0.882809 0.203121 0.886721 0.203121 0.888669 0.197267 0.894528 0.197267 0.896484 0.191403 0.902343 0.191403 0.904299 0.185548 0.910158 0.185548 0.912107 0.179686 0.917966 0.179686 0.919921 0.175785 0.923825 0.175785 0.927737 0.177731 0.929685 0.177731 0.933596 0.185548 0.941403 0.191403 0.941403 0.193357 0.943359 0.212893 0.923825 0.214848 0.923825 0.230466 0.908203 0.230466 0.902343 0.228512 0.900388 0.228512 0.89844 0.216794 0.886721 0.216794 0.884765 0.214848 0.882809
1 0.509769 0.374997 0.507815 0.376953 0.507815 0.378909 0.505861 0.380857 0.505861 0.382812 0.503906 0.384768 0.503906 0.386716 0.499998 0.390627 0.499998 0.392576 0.498043 0.394531 0.498043 0.396487 0.496097 0.398435 0.496097 0.400391 0.492188 0.404294 0.492188 0.40625 0.490234 0.408206 0.490234 0.410154 0.486325 0.414065 0.486325 0.416013 0.484379 0.417969 0.484379 0.419925 0.482425 0.421873 0.482425 0.423828 0.478516 0.427732 0.478516 0.429688 0.476562 0.431643 0.476562 0.433591 0.474607 0.435547 0.474607 0.437502 0.472652 0.439451 0.472652 0.443362 0.470706 0.44531 0.470706 0.449222 0.472652 0.451169 0.472652 0.453125 0.476562 0.457029 0.476562 0.458985 0.478516 0.46094 0.482425 0.46094 0.484379 0.462888 0.488279 0.462888 0.490234 0.46094 0.494143 0.46094 0.496097 0.458985 0.496097 0.457029 0.499998 0.453125 0.499998 0.451169 0.503906 0.447266 0.503906 0.44531 0.505861 0.443362 0.505861 0.441406 0.509769 0.437502 0.509769 0.435547 0.51367 0.431643 0.51367 0.429688 0.517579 0.425784 0.517579 0.423828 0.521488 0.419925 0.521488 0.417969 0.525388 0.414065 0.525388 0.412109 0.527342 0.410154 0.527342 0.408206 0.531251 0.404294 0.531251 0.402346 0.53516 0.398435 0.53516 0.396487 0.537106 0.394531 0.53516 0.392576 0.533206 0.392576 0.529296 0.388671 0.527342 0.388671 0.521488 0.382812 0.519533 0.382812 0.515625 0.378909 0.51367 0.378909
0 0.724611 0.767577 0.718748 0.773437 0.718748 0.775392 0.705075 0.789059 0.705075 0.791015 0.691403 0.804689 0.691403 0.806637 0.685548 0.812497 0.687502 0.814452 0.687502 0.816408 0.689457 0.818356 0.689457 0.820312 0.695312 0.826171 0.695312 0.828126 0.701175 0.833986 0.70703 0.833986 0.714848 0.826171 0.714848 0.824215 0.728511 0.810549 0.728511 0.808593 0.736329 0.800778 0.736329 0.79883 0.738284 0.796874 0.738284 0.794918 0.740238 0.792971 0.740238 0.791015 0.742184 0.789059 0.740238 0.787111 0.740238 0.785155 0.728511 0.773437 0.728511 0.771481
0 0.960934 0.70508 0.95508 0.710939 0.953125 0.710939 0.943361 0.720702 0.941407 0.720702 0.931643 0.730465 0.929689 0.730465 0.919926 0.740236 0.917971 0.740236 0.914062 0.74414 0.914062 0.746095 0.916017 0.748043 0.916017 0.751955 0.917971 0.753903 0.917971 0.755858 0.919926 0.757814 0.919926 0.759762 0.921872 0.759762 0.92578 0.763673 0.929689 0.763673 0.931643 0.765621 0.939453 0.757814 0.941407 0.757814 0.953125 0.746095 0.95508 0.746095 0.966797 0.734376 0.968752 0.734376 0.974607 0.728517 0.972652 0.726561 0.972652 0.724606 0.970706 0.722658 0.970706 0.720702 0.966797 0.716798 0.966797 0.714843 0.964843 0.712887 0.964843 0.710939 0.962889 0.708983 0.962889 0.707027
1 0.490234 0.269528 0.484379 0.275388 0.482425 0.275388 0.474607 0.283203 0.472652 0.283203 0.462889 0.292965 0.460935 0.292965 0.453125 0.300781 0.451171 0.300781 0.443362 0.308596 0.443362 0.310544 0.43359 0.320314 0.43359 0.322263 0.423826 0.332034 0.423826 0.333982 0.416017 0.341796 0.416017 0.343752 0.414062 0.3457 0.414062 0.347656 0.412108 0.349611 0.412108 0.355471 0.414062 0.357419 0.414062 0.359375 0.419926 0.365234 0.419926 0.36719 0.421872 0.369138 0.431643 0.369138 0.43359 0.371094 0.435544 0.369138 0.437499 0.369138 0.441407 0.365234 0.443362 0.365234 0.449216 0.359375 0.451171 0.359375 0.460935 0.349611 0.462889 0.349611 0.476562 0.335937 0.478516 0.335937 0.490234 0.324219 0.492188 0.324219 0.505861 0.310544 0.507815 0.310544 0.51367 0.304685 0.511715 0.302736 0.511715 0.300781 0.507815 0.296877 0.507815 0.294921 0.503906 0.291018 0.503906 0.289062 0.499998 0.285158 0.499998 0.283203 0.496097 0.279299 0.496097 0.277343 0.492188 0.273439 0.492188 0.271484
0 0.412108 0.724606 0.408199 0.728517 0.406253 0.728517 0.406253 0.730465 0.396482 0.740236 0.396482 0.748043 0.40039 0.751955 0.40039 0.753903 0.408199 0.761718 0.408199 0.763673 0.417972 0.773437 0.417972 0.775392 0.42578 0.7832 0.42578 0.785155 0.429689 0.789059 0.431643 0.789059 0.435544 0.792971 0.441407 0.792971 0.443362 0.791015 0.445316 0.791015 0.447262 0.789059 0.449216 0.789059 0.453125 0.785155 0.45508 0.785155 0.457034 0.7832 0.457034 0.781251 0.458981 0.779296 0.458981 0.775392 0.457034 0.773437 0.457034 0.769533 0.451171 0.763673 0.451171 0.761718 0.437499 0.748043 0.437499 0.746095 0.42578 0.734376 0.42578 0.73242 0.419926 0.726561 0.414062 0.726561
0 0.390626 0.470703 0.386718 0.474607 0.386718 0.476562 0.378909 0.484378 0.378909 0.486326 0.375 0.490237 0.384763 0.5 0.386718 0.5 0.398436 0.511719 0.398436 0.513675 0.40039 0.515623 0.40039 0.517579 0.404299 0.517579 0.406253 0.519534 0.408199 0.517579 0.412108 0.517579 0.417972 0.511719 0.417972 0.509763 0.419926 0.507816 0.419926 0.503904 0.412108 0.496097 0.412108 0.494141 0.398436 0.480466 0.398436 0.478518
0 0.125004 0.726561 0.115232 0.736325 0.113277 0.736325 0.105468 0.74414 0.107423 0.746095 0.107423 0.748043 0.113277 0.753903 0.113277 0.755858 0.119141 0.761718 0.119141 0.763673 0.12305 0.767577 0.12305 0.769533 0.128904 0.775392 0.128904 0.77734 0.130859 0.779296 0.132813 0.779296 0.136722 0.7832 0.142577 0.7832 0.146486 0.779296 0.146486 0.77734 0.15234 0.771481 0.15234 0.765621 0.150394 0.763673 0.150394 0.761718 0.14844 0.759762 0.14844 0.757814 0.142577 0.751955 0.142577 0.749999 0.136722 0.74414 0.136722 0.742184 0.132813 0.73828 0.132813 0.736325 0.12695 0.730465 0.12695 0.728517