7 0.208982 0.19922 0.220703 0.210938 0.220703 0.212891 0.232424 0.224609 0.232424 0.230468 0.230467 0.232421 0.230467 0.246092 0.228515 0.248045 0.228515 0.253908 0.230467 0.251951 0.230467 0.249998 0.232424 0.248045 0.232424 0.246092 0.234376 0.244139 0.234376 0.242186 0.236328 0.240233 0.236328 0.23828 0.23828 0.236327 0.240236 0.23828 0.242188 0.23828 0.246092 0.242186 0.248048 0.242186 0.251952 0.246092 0.253904 0.246092 0.257813 0.249998 0.259764 0.249998 0.263673 0.253908 0.265625 0.253908 0.269533 0.257814 0.273437 0.257814 0.275389 0.259767 0.277346 0.259767 0.279297 0.26172 0.279297 0.259767 0.277346 0.257814 0.277346 0.255861 0.275389 0.253908 0.275389 0.249998 0.273437 0.248045 0.273437 0.246092 0.269533 0.242186 0.267577 0.242186 0.255861 0.230468 0.253904 0.230468 0.246092 0.222656 0.248048 0.220703 0.25 0.220703 0.251952 0.21875 0.253904 0.21875 0.255861 0.216797 0.257813 0.216797 0.259764 0.214844 0.261721 0.214844 0.263673 0.212891 0.265625 0.212891 0.267577 0.210938 0.271485 0.210938 0.273437 0.208985 0.275389 0.208985 0.277346 0.207032 0.279297 0.207032 0.281249 0.205079 0.283201 0.205079 0.271485 0.205079 0.269533 0.207032 0.257813 0.207032 0.255861 0.208985 0.240236 0.208985 0.23828 0.207032 0.234376 0.207032 0.232424 0.205079 0.230467 0.205079 0.228515 0.203126 0.226563 0.203126 0.224611 0.201173 0.210939 0.201173
7 0.185546 0.525389 0.183594 0.527342 0.183594 0.529296 0.179685 0.533202 0.166017 0.533202 0.164061 0.531248 0.166017 0.533202 0.166017 0.535155 0.167969 0.535155 0.169921 0.537108 0.171873 0.537108 0.173829 0.539061 0.175781 0.539061 0.177733 0.541018 0.179685 0.541018 0.181642 0.542971 0.181642 0.558595 0.183594 0.560548 0.183594 0.576172 0.181642 0.578125 0.167969 0.578125 0.166017 0.576172 0.164061 0.576172 0.162109 0.574219 0.160157 0.574219 0.158205 0.572266 0.156248 0.572266 0.154296 0.570313 0.150393 0.570313 0.148436 0.56836 0.144532 0.56836 0.14258 0.566407 0.140624 0.566407 0.13672 0.562501 0.134764 0.562501 0.132812 0.560548 0.132812 0.562501 0.134764 0.564454 0.134764 0.566407 0.13672 0.56836 0.13672 0.570313 0.140624 0.574219 0.14258 0.574219 0.148436 0.580078 0.150393 0.580078 0.152345 0.582031 0.154296 0.582031 0.156248 0.583984 0.160157 0.583984 0.162109 0.585937 0.164061 0.585937 0.166017 0.58789 0.167969 0.58789 0.169921 0.589843 0.169921 0.599608 0.171873 0.601561 0.179685 0.601561 0.181642 0.599608 0.179685 0.597655 0.181642 0.595702 0.185546 0.595702 0.187502 0.597655 0.187502 0.611326 0.189454 0.613283 0.189454 0.628907 0.191406 0.63086 0.191406 0.632813 0.193358 0.632813 0.195314 0.634766 0.197266 0.634766 0.20117 0.63086 0.203127 0.63086 0.203127 0.619142 0.20117 0.617189 0.20117 0.60742 0.199218 0.605467 0.199218 0.597655 0.20117 0.595702 0.203127 0.595702 0.205078 0.597655 0.208982 0.597655 0.210939 0.595702 0.210939 0.58789 0.246092 0.552736 0.246092 0.550783 0.248048 0.54883 0.248048 0.546877 0.25 0.544924 0.25 0.542971 0.24414 0.54883 0.242188 0.54883 0.23828 0.552736 0.236328 0.552736 0.232424 0.556642 0.230467 0.556642 0.226563 0.560548 0.224611 0.560548 0.222655 0.562501 0.220703 0.562501 0.216795 0.566407 0.214843 0.566407 0.210939 0.570313 0.208982 0.570313 0.207031 0.572266 0.203127 0.572266 0.20117 0.574219 0.199218 0.574219 0.197266 0.572266 0.197266 0.560548 0.195314 0.558595 0.195314 0.541018 0.197266 0.539061 0.197266 0.533202 0.199218 0.531248 0.199218 0.529296 0.20117 0.527342 0.20117 0.525389 0.197266 0.525389 0.193358 0.529296 0.191406 0.529296 0.189454 0.531248 0.187502 0.529296 0.187502 0.527342
1 0.648435 0.599608 0.646484 0.601561 0.609374 0.601561 0.607422 0.603514 0.607422 0.605467 0.609374 0.60742 0.609374 0.611326 0.611326 0.613283 0.613282 0.613283 0.615234 0.611326 0.648435 0.611326 0.650392 0.609373 0.654296 0.609373 0.654296 0.603514 0.652344 0.601561 0.652344 0.599608
0 0.126951 0.136719 0.124999 0.138672 0.115235 0.138672 0.113283 0.140625 0.113283 0.144531 0.115235 0.146484 0.128908 0.146484 0.13086 0.144531 0.13086 0.136719
0 0.673829 0.359375 0.671877 0.361328 0.66992 0.361328 0.66992 0.365234 0.671877 0.367187 0.671877 0.36914 0.673829 0.371093 0.673829 0.373046 0.675781 0.374999 0.675781 0.376952 0.677733 0.378905 0.677733 0.380858 0.679689 0.382811 0.683593 0.378905 0.683593 0.373046 0.681641 0.371093 0.681641 0.367187 0.679689 0.365234 0.679689 0.363281 0.677733 0.363281
0 0.992189 0.923829 0.990233 0.925782 0.988281 0.925782 0.986329 0.927735 0.986329 0.929688 0.988281 0.931641 0.988281 0.933594 0.990233 0.935547 0.990233 0.9375 0.992189 0.939453 0.994141 0.939453 0.996093 0.9375 0.998045 0.9375 0.998045 0.933594 0.996093 0.931641 0.996093 0.929688 0.994141 0.927735 0.994141 0.925782
1 0.650392 0.449218 0.648435 0.451171 0.611326 0.451171 0.609374 0.453124 0.607422 0.453124 0.607422 0.45703 0.609374 0.458983 0.609374 0.464842 0.611326 0.462889 0.650392 0.462889 0.652344 0.460936 0.652344 0.451171
1 0.648435 0.513671 0.646484 0.515624 0.609374 0.515624 0.609374 0.517577 0.607422 0.51953 0.607422 0.521483 0.609374 0.523436 0.609374 0.525389 0.648435 0.525389
0 0.644531 0.374999 0.642579 0.376952 0.640623 0.376952 0.640623 0.378905 0.638671 0.380858 0.640623 0.382811 0.640623 0.384764 0.642579 0.386717 0.642579 0.38867 0.644531 0.390623 0.644531 0.392576 0.646484 0.394529 0.646484 0.396486 0.648435 0.396486 0.650392 0.394529 0.652344 0.394529 0.654296 0.392576 0.654296 0.390623 0.650392 0.386717 0.650392 0.384764 0.646484 0.380858 0.646484 0.374999
0 0.871092 0.449218 0.871092 0.451171 0.86914 0.453124 0.86914 0.45703 0.871092 0.45703 0.873048 0.458983 0.875 0.458983 0.880861 0.464842 0.884765 0.460936 0.884765 0.45703 0.882813 0.455077 0.880861 0.455077 0.876952 0.451171 0.875 0.451171 0.873048 0.449218
1 0.310547 0.685549 0.308595 0.687502 0.308595 0.689455 0.306643 0.691408 0.304686 0.691408 0.302734 0.693361 0.300782 0.693361 0.29883 0.695314 0.296874 0.695314 0.29297 0.69922 0.291014 0.69922 0.289062 0.701173 0.289062 0.703126 0.291014 0.703126 0.29297 0.705079 0.294922 0.703126 0.296874 0.703126 0.29883 0.701173 0.300782 0.701173 0.304686 0.697267 0.306643 0.697267 0.310547 0.693361 0.312499 0.693361 0.314455 0.691408 0.316407 0.691408 0.316407 0.689455 0.312499 0.685549
0 0.720702 0.677733 0.720702 0.683592 0.722654 0.685549 0.742187 0.685549 0.744139 0.683592 0.744139 0.677733
1 0.609374 0.496094 0.607422 0.498047 0.607422 0.505859 0.609374 0.507812 0.646484 0.507812 0.646484 0.501953 0.648435 0.5 0.648435 0.498047 0.646484 0.496094
0 0.632811 0.373046 0.630859 0.374999 0.624999 0.374999 0.623047 0.376952 0.623047 0.378905 0.624999 0.380858 0.624999 0.382811 0.626955 0.384764 0.626955 0.386717 0.628907 0.38867 0.628907 0.390623 0.630859 0.392576 0.630859 0.394529 0.632811 0.396486 0.632811 0.398439 0.636719 0.402345 0.640623 0.402345 0.644531 0.398439 0.644531 0.394529 0.642579 0.392576 0.642579 0.390623 0.640623 0.38867 0.640623 0.386717 0.638671 0.384764 0.638671 0.382811 0.636719 0.380858 0.636719 0.376952
0 0.876952 0.435547 0.871092 0.441406 0.884765 0.455077 0.884765 0.453124 0.888673 0.449218 0.884765 0.445312 0.884765 0.443359 0.882813 0.441406 0.882813 0.439453 0.878904 0.435547
0 0.98242 0.927735 0.980468 0.929688 0.978516 0.929688 0.976564 0.931641 0.976564 0.933594 0.978516 0.935547 0.978516 0.9375 0.980468 0.939453 0.980468 0.941406 0.98242 0.943359 0.98242 0.945312 0.986329 0.945312 0.988281 0.943359 0.990233 0.943359 0.990233 0.939453 0.988281 0.9375 0.988281 0.935547 0.986329 0.933594 0.986329 0.931641 0.984377 0.929688 0.984377 0.927735
1 0.650392 0.611326 0.648435 0.613283 0.615234 0.613283 0.613282 0.615236 0.611326 0.615236 0.611326 0.619142 0.613282 0.621095 0.613282 0.623048 0.650392 0.623048 0.654296 0.619142 0.654296 0.611326
1 0.300782 0.673827 0.29883 0.67578 0.296874 0.67578 0.29297 0.679686 0.291014 0.679686 0.28711 0.683592 0.285158 0.683592 0.281249 0.687502 0.279297 0.687502 0.279297 0.689455 0.277346 0.691408 0.277346 0.695314 0.279297 0.695314 0.281249 0.693361 0.283201 0.693361 0.28711 0.689455 0.289062 0.689455 0.291014 0.687502 0.29297 0.687502 0.294922 0.685549 0.296874 0.685549 0.300782 0.681639 0.302734 0.681639 0.304686 0.679686 0.306643 0.679686 0.304686 0.677733 0.304686 0.67578 0.302734 0.673827
0 0.560548 0.156249 0.55664 0.160155 0.55664 0.164061 0.558592 0.166014 0.558592 0.16992 0.560548 0.171873 0.564452 0.171873 0.566404 0.16992 0.566404 0.160155 0.564452 0.158202 0.564452 0.156249
1 0.296874 0.732421 0.29297 0.736327 0.291014 0.736327 0.289062 0.73828 0.291014 0.740233 0.291014 0.742186 0.294922 0.746092 0.294922 0.748045 0.29883 0.751951 0.29883 0.753904 0.300782 0.755857 0.300782 0.757814 0.304686 0.76172 0.304686 0.763673 0.306643 0.765627 0.308595 0.763673 0.312499 0.763673 0.312499 0.76172 0.314455 0.759767 0.314455 0.757814 0.312499 0.755857 0.312499 0.753904 0.310547 0.751951 0.310547 0.749998 0.306643 0.746092 0.306643 0.744139 0.304686 0.742186 0.304686 0.740233 0.300782 0.736327 0.300782 0.734374 0.29883 0.732421
7 0.054689 0.298828 0.052732 0.300781 0.048828 0.300781 0.046877 0.302734 0.04492 0.302734 0.04492 0.304687 0.046877 0.30664 0.046877 0.320311 0.048828 0.322264 0.048828 0.339845 0.046877 0.341798 0.04492 0.339845 0.042968 0.341798 0.039064 0.341798 0.039064 0.343751 0.041016 0.345704 0.041016 0.347657 0.042968 0.34961 0.042968 0.351563 0.04492 0.353516 0.042968 0.355469 0.042968 0.357422 0.037108 0.363281 0.037108 0.365234 0.02344 0.378905 0.02344 0.380858 0.021483 0.382811 0.02344 0.380858 0.031252 0.380858 0.035156 0.376952 0.037108 0.376952 0.041016 0.373046 0.042968 0.373046 0.046877 0.36914 0.046877 0.367187 0.052732 0.361328 0.058593 0.361328 0.062501 0.365234 0.062501 0.371093 0.064453 0.373046 0.064453 0.378905 0.066405 0.380858 0.066405 0.386717 0.068361 0.38867 0.068361 0.392576 0.066405 0.394529 0.066405 0.398439 0.064453 0.400392 0.064453 0.402345 0.062501 0.404298 0.062501 0.406251 0.060545 0.408204 0.062501 0.410157 0.062501 0.412111 0.064453 0.410157 0.068361 0.410157 0.072265 0.406251 0.074217 0.406251 0.076174 0.404298 0.08203 0.404298 0.083986 0.406251 0.089842 0.406251 0.08789 0.404298 0.08789 0.402345 0.089842 0.400392 0.09375 0.400392 0.095702 0.398439 0.101562 0.398439 0.101562 0.396486 0.085938 0.396486 0.083986 0.394529 0.083986 0.392576 0.08203 0.390623 0.08203 0.384764 0.080078 0.382811 0.080078 0.376952 0.078126 0.374999 0.078126 0.36914 0.076174 0.367187 0.076174 0.361328 0.074217 0.359375 0.076174 0.357422 0.117187 0.357422 0.119139 0.359375 0.121095 0.357422 0.119139 0.357422 0.115235 0.353516 0.113283 0.353516 0.111327 0.351563 0.107423 0.351563 0.105471 0.34961 0.099611 0.34961 0.097654 0.347657 0.09375 0.347657 0.091798 0.345704 0.085938 0.345704 0.083986 0.343751 0.080078 0.343751 0.078126 0.341798 0.078126 0.332033 0.076174 0.332033 0.074217 0.33008 0.072265 0.332033 0.070313 0.332033 0.070313 0.335939 0.068361 0.337892 0.066405 0.337892 0.064453 0.335939 0.064453 0.333986 0.062501 0.332033 0.062501 0.324217 0.060545 0.322264 0.060545 0.312499 0.058593 0.310546 0.058593 0.30664 0.056641 0.304687 0.056641 0.302734 0.054689 0.300781
0 0.656252 0.367187 0.656252 0.373046 0.658204 0.374999 0.658204 0.376952 0.664064 0.382811 0.664064 0.384764 0.667968 0.38867 0.671877 0.38867 0.671877 0.384764 0.66992 0.382811 0.66992 0.380858 0.667968 0.378905 0.667968 0.376952 0.664064 0.373046 0.664064 0.371093 0.662108 0.36914 0.662108 0.367187
0 0.666016 0.363281 0.664064 0.365234 0.662108 0.365234 0.664064 0.367187 0.664064 0.36914 0.666016 0.371093 0.666016 0.373046 0.66992 0.376952 0.66992 0.378905 0.671877 0.380858 0.671877 0.382811 0.673829 0.384764 0.675781 0.382811 0.675781 0.378905 0.673829 0.376952 0.673829 0.374999 0.671877 0.373046 0.671877 0.371093 0.66992 0.36914 0.66992 0.367187
0 0.875 0.460936 0.873048 0.462889 0.871092 0.462889 0.867188 0.466795 0.86914 0.468752 0.871092 0.468752 0.875 0.472658 0.876952 0.472658 0.878904 0.474611 0.880861 0.474611 0.882813 0.472658 0.884765 0.472658 0.884765 0.468752 0.882813 0.466795 0.880861 0.466795
0 0.652344 0.625001 0.650392 0.626954 0.624999 0.626954 0.623047 0.628907 0.621095 0.628907 0.621095 0.638672 0.623047 0.638672 0.624999 0.640625 0.626955 0.638672 0.652344 0.638672 0.656252 0.634766 0.656252 0.628907
0 0.041016 0.093749 0.039064 0.095702 0.037108 0.095702 0.037108 0.11133 0.04492 0.11133 0.046877 0.109377 0.046877 0.103514 0.04492 0.101561 0.04492 0.095702 0.042968 0.095702
7 0 0.119142 0 0.121095 0 0.121095 0 0.123048 0 0.123048 0 0.121095 0 0.123048 0 0.126954 0 0.126954 0 0.128907 0 0.13086 0 0.134766 0 0.134766 0 0.142578 0 0.144531 0 0.146484 0 0.148437 0 0.15039 0 0.152343 0 0.154296 0 0.156249 0 0.158202 0 0.160155 0 0.160155 0 0.162108 0 0.162108 0 0.164061 0 0.164061 0 0.166014 0 0.167967 0 0.171873 0 0.171873 0 0.177732 0 0.177732 0 0.175779 0 0.173826 0 0.171873 0 0.16992 0 0.16992 0 0.171873 0 0.173826 0 0.177732 0 0.179686 0 0.183596 0 0.185549 0 0.189455 0 0.191408 0 0.193361 0.001955 0.193361 0.003907 0.195314 0.005859 0.195314 0.005859 0.185549 0.001955 0.181643 0.001955 0.179686 0 0.177732 0 0.175779 0 0.173826 0 0.171873 0 0.16992 0 0.167967 0 0.166014 0 0.164061 0 0.164061 0 0.162108 0 0.160155 0 0.154296 0.001955 0.152343 0.001955 0.15039 0.003907 0.148437 0.003907 0.146484 0.007811 0.142578 0.007811 0.140625 0.009767 0.138672 0.009767 0.134766 0.011719 0.132813 0.011719 0.128907 0.009767 0.126954 0.009767 0.125001 0.007811 0.126954 0.007811 0.128907 0.005859 0.13086 0.005859 0.132813 0 0.138672 0 0.140625 0 0.154296 0 0.152343 0 0.15039 0 0.148437 0 0.146484 0 0.142578 0 0.140625 0 0.138672 0 0.136719 0 0.134766 0 0.132813 0 0.13086 0 0.126954 0 0.125001 0 0.123048 0 0.121095
7 0 0.638672 0 0.640625 0 0.640625 0 0.646484 0 0.646484 0 0.654297 0 0.654297 0 0.65625 0 0.65625 0 0.654297 0 0.658203 0 0.660156 0 0.662109 0 0.662109 0 0.664062 0 0.667968 0 0.667968 0 0.671874 0 0.671874 0 0.673827 0 0.673827 0 0.67578 0 0.67578 0 0.679686 0 0.681639 0 0.683592 0 0.685549 0 0.687502 0 0.691408 0 0.693361 0 0.695314 0 0.697267 0 0.69922 0 0.701173 0 0.707032 0 0.714844 0 0.714844 0 0.716797 0 0.716797 0 0.71875 0 0.71875 0 0.720703 0 0.720703 0 0.720703 0 0.722656 0 0.722656 0 0.724609 0 0.724609 0 0.726562 0 0.726562 0 0.728515 0 0.728515 0 0.730468 0 0.732421 0 0.734374 0 0.736327 0 0.73828 0 0.740233 0 0.740233 0 0.742186 0 0.742186 0 0.740233 0 0.73828 0 0.734374 0 0.732421 0 0.732421 0 0.736327 0 0.73828 0 0.740233 0 0.742186 0 0.744139 0 0.746092 0 0.749998 0 0.751951 0 0.753904 0 0.755857 0 0.757814 0 0.759767 0 0.76172 0 0.763673 0 0.765627 0 0.765627 0 0.767579 0 0.763673 0 0.755857 0 0.753904 0 0.751951 0 0.749998 0 0.748045 0 0.746092 0 0.742186 0 0.740233 0 0.73828 0 0.736327 0 0.734374 0 0.732421 0 0.730468 0 0.728515 0 0.726562 0 0.724609 0 0.724609 0 0.722656 0 0.716797 0 0.714844 0 0.712891 0 0.710938 0 0.708985 0 0.705079 0 0.703126 0 0.701173 0 0.69922 0 0.697267 0 0.695314 0.001955 0.691408 0.001955 0.689455 0.003907 0.687502 0.003907 0.685549 0.005859 0.683592 0.005859 0.681639 0.009767 0.677733 0.009767 0.67578 0.015623 0.669921 0.015623 0.667968 0.017579 0.666015 0.017579 0.664062 0.015623 0.662109 0.015623 0.658203 0.011719 0.662109 0.011719 0.664062 0 0.693361 0 0.693361 0 0.69922 0 0.69922 0 0.697267 0 0.695314 0 0.693361 0 0.691408 0 0.689455 0 0.687502 0 0.685549 0 0.683592 0 0.681639 0 0.679686 0 0.677733 0 0.67578 0 0.673827 0 0.669921 0 0.667968 0 0.666015 0 0.664062 0 0.660156 0 0.658203 0 0.65625 0 0.654297 0 0.652344 0 0.650391 0 0.644531 0 0.642578
1 0.644531 0.410157 0.642579 0.412111 0.630859 0.412111 0.628907 0.414064 0.617186 0.414064 0.615234 0.416017 0.603514 0.416017 0.603514 0.41797 0.60547 0.419923 0.60547 0.423829 0.607422 0.425782 0.607422 0.427735 0.609374 0.425782 0.617186 0.425782 0.619143 0.423829 0.626955 0.423829 0.628907 0.421876 0.636719 0.421876 0.638671 0.419923 0.646484 0.419923 0.646484 0.41797 0.648435 0.416017 0.648435 0.410157
0 0.064453 0.103514 0.062501 0.105467 0.062501 0.11133 0.060545 0.113283 0.060545 0.119142 0.062501 0.121095 0.068361 0.121095 0.068361 0.103514
0 0.652344 0.373046 0.650392 0.374999 0.648435 0.374999 0.648435 0.380858 0.652344 0.384764 0.652344 0.386717 0.658204 0.392576 0.660156 0.392576 0.662108 0.390623 0.666016 0.390623 0.666016 0.38867 0.662108 0.384764 0.662108 0.382811 0.656252 0.376952 0.656252 0.374999 0.654296 0.374999
0 0.720702 0.667968 0.720702 0.673827 0.722654 0.67578 0.744139 0.67578 0.744139 0.669921 0.742187 0.667968
1 0.304686 0.681639 0.302734 0.683592 0.300782 0.683592 0.296874 0.687502 0.294922 0.687502 0.29297 0.689455 0.291014 0.689455 0.289062 0.691408 0.28711 0.691408 0.283201 0.695314 0.281249 0.695314 0.281249 0.697267 0.279297 0.69922 0.281249 0.701173 0.285158 0.701173 0.28711 0.69922 0.289062 0.69922 0.291014 0.697267 0.29297 0.697267 0.296874 0.693361 0.29883 0.693361 0.300782 0.691408 0.302734 0.691408 0.304686 0.689455 0.306643 0.689455 0.306643 0.687502 0.308595 0.685549 0.306643 0.683592 0.306643 0.681639
0 0.974608 0.935547 0.972656 0.9375 0.968752 0.9375 0.968752 0.941406 0.972656 0.945312 0.972656 0.947265 0.974608 0.949218 0.976564 0.949218 0.978516 0.951171 0.980468 0.949218 0.98242 0.949218 0.98242 0.947265 0.980468 0.945312 0.980468 0.943359 0.978516 0.941406 0.978516 0.939453
0 0.111327 0.126954 0.111327 0.134766 0.124999 0.134766 0.126951 0.132813 0.126951 0.128907 0.124999 0.126954