0 0.599611 0.294923 0.599611 0.308593 0.605467 0.308593 0.605467 0.296874 0.603515 0.296874 0.601563 0.294923
0 0.574219 0.443361 0.574219 0.457031 0.580079 0.457031 0.580079 0.443361
1 0.962889 0.578125 0.960937 0.580077 0.957029 0.580077 0.957029 0.582033 0.958985 0.583984 0.958985 0.585936 0.960937 0.587892 0.960937 0.591795 0.962889 0.593751 0.962889 0.595703 0.964845 0.597655 0.964845 0.599611 0.966797 0.601562 0.966797 0.60547 0.96875 0.607422 0.96875 0.609373 0.970701 0.61133 0.970701 0.613281 0.972658 0.613281 0.972658 0.61133 0.974609 0.609373 0.974609 0.60547 0.972658 0.603514 0.972658 0.597655 0.970701 0.595703 0.970701 0.593751 0.96875 0.591795 0.96875 0.589844 0.966797 0.587892 0.966797 0.585936 0.964845 0.583984 0.964845 0.582033 0.962889 0.580077
1 0.779296 0.388671 0.779296 0.394531 0.777344 0.396482 0.777344 0.40039 0.79492 0.40039 0.796876 0.402342 0.814452 0.402342 0.816404 0.404298 0.816404 0.394531 0.80664 0.394531 0.804688 0.392579 0.792968 0.392579 0.791016 0.390623 0.781248 0.390623
0 0.146484 0.341797 0.146484 0.347656 0.156252 0.347656 0.158204 0.349608 0.158204 0.341797
1 0.716796 0.359375 0.718752 0.361326 0.718752 0.365234 0.742188 0.365234 0.74414 0.367186 0.74414 0.365234 0.746092 0.363283 0.746092 0.361326 0.718752 0.361326
1 0.408202 0.330078 0.408202 0.337889 0.437502 0.337889 0.437502 0.335938 0.439454 0.333986 0.439454 0.33203 0.410158 0.33203
0 0.570311 0.150392 0.570311 0.156251 0.572267 0.158203 0.572267 0.166013 0.578127 0.166013 0.578127 0.150392
0 0.257813 0.351564 0.257813 0.353516 0.267577 0.353516 0.269533 0.355467 0.269533 0.353516 0.271485 0.351564
0 0.546875 0.478517 0.546875 0.480469 0.548827 0.48242 0.548827 0.48828 0.550783 0.490236 0.550783 0.494139 0.554687 0.494139 0.554687 0.492187 0.552735 0.490236 0.552735 0.484376 0.550783 0.48242 0.550783 0.478517
0 0.388674 0.322268 0.386717 0.324219 0.373045 0.324219 0.373045 0.326171 0.371093 0.328127 0.371093 0.330078 0.373045 0.328127 0.388674 0.328127
1 0.535155 0.968751 0.535155 0.978514 0.533203 0.98047 0.533203 0.990232 0.539062 0.990232 0.541015 0.992188 0.541015 0.970703 0.53711 0.970703
1 0.240232 0.300782 0.240232 0.306641 0.250001 0.306641 0.251953 0.308593 0.263673 0.308593 0.265625 0.310549 0.275389 0.310549 0.277345 0.3125 0.277345 0.308593 0.279297 0.306641 0.279297 0.302734 0.242188 0.302734
0 0.611327 0.343749 0.609375 0.345705 0.605467 0.345705 0.605467 0.355467 0.611327 0.355467
0 0.494142 0.667971 0.490234 0.671874 0.488282 0.671874 0.484374 0.675782 0.482422 0.675782 0.484374 0.677733 0.484374 0.679689 0.488282 0.675782 0.490234 0.675782 0.494142 0.671874 0.496094 0.671874 0.494142 0.669922
1 0.609375 0.232422 0.607423 0.234374 0.599611 0.234374 0.599611 0.242189 0.601563 0.24414 0.601563 0.257811 0.603515 0.259767 0.603515 0.267578 0.609375 0.267578
0 0.460938 0.990232 0.46289 0.992188 0.46289 0.99414 0.464842 0.996091 0.464842 0.998048 0.466798 0.999999 0.466798 1 0.46875 1 0.46875 1 0.470702 1 0.470702 1 0.46875 1 0.46875 0.996091 0.466798 0.99414 0.466798 0.990232
0 0.576171 0.300782 0.576171 0.3125 0.580079 0.3125 0.580079 0.306641 0.582031 0.30469 0.582031 0.300782
0 0.281249 0.363283 0.281249 0.369142 0.294921 0.369142 0.296877 0.371094 0.296877 0.365234 0.283205 0.365234
0 0.544923 0.525392 0.544923 0.541018 0.552735 0.541018 0.552735 0.535158 0.550783 0.533202 0.550783 0.525392
0 0.166016 0.343749 0.166016 0.349608 0.177736 0.349608 0.177736 0.343749
0 0.310545 0.457031 0.308593 0.458983 0.308593 0.460939 0.306641 0.462891 0.306641 0.464843 0.304689 0.466799 0.308593 0.466799 0.310545 0.46875 0.310545 0.466799 0.312501 0.464843 0.312501 0.462891 0.314453 0.460939
0 0.398438 0.341797 0.396485 0.343749 0.386717 0.343749 0.386717 0.347656 0.40039 0.347656 0.40039 0.345705 0.398438 0.343749