0 0.582031 0.607422 0.578125 0.611328 0.576172 0.611328 0.578125 0.613279 0.580078 0.613279 0.583985 0.609377 0.585938 0.609377 0.583985 0.607422
0 0.484375 0.302735 0.482422 0.304686 0.480469 0.304686 0.480469 0.308593 0.482422 0.310549 0.488282 0.310549 0.488282 0.308593 0.490236 0.306642 0.490236 0.304686 0.488282 0.304686 0.486329 0.302735
0 0.214844 0.996095 0.210938 1 0.208984 1 0.205077 1 0.203124 1 0.201171 1 0.203124 1 0.203124 1 0.205077 1 0.207031 1 0.210938 1 0.212891 1 0.214844 1 0.216798 1 0.220704 1 0.220704 1 0.218751 1 0.218751 0.998046 0.216798 0.996095
0 0.441406 0.779298 0.439452 0.781249 0.439452 0.783205 0.437499 0.785156 0.437499 0.789063 0.439452 0.789063 0.441406 0.787111 0.441406 0.783205 0.443359 0.781249
0 0.253907 0.125001 0.251954 0.126952 0.248047 0.126952 0.246094 0.128907 0.246094 0.130859 0.248047 0.130859 0.25 0.132814 0.251954 0.130859 0.255861 0.130859 0.255861 0.126952
0 0.27539 0.027342 0.271484 0.031249 0.26953 0.031249 0.26953 0.033205 0.267577 0.035156 0.26953 0.037111 0.26953 0.039062 0.271484 0.039062 0.273437 0.037111 0.27539 0.037111 0.279297 0.033205 0.28125 0.033205 0.28125 0.031249 0.279297 0.029298 0.279297 0.027342
0 0.345703 0.451172 0.34375 0.453127 0.34375 0.460936 0.347656 0.460936 0.34961 0.458985 0.34961 0.455078 0.347656 0.453127 0.347656 0.451172
0 0.578125 0.964846 0.576172 0.966797 0.574218 0.966797 0.574218 0.968748 0.580078 0.97461 0.580078 0.976562 0.582031 0.978517 0.583985 0.976562 0.585938 0.976562 0.585938 0.97461 0.583985 0.972655 0.583985 0.970704 0.582031 0.968748 0.582031 0.966797 0.580078 0.964846
0 0.408203 0.86133 0.404296 0.865236 0.404296 0.867188 0.398436 0.873045 0.400389 0.875001 0.400389 0.876952 0.402343 0.876952 0.404296 0.878908 0.406249 0.878908 0.406249 0.876952 0.410156 0.873045 0.410156 0.871094 0.412109 0.869139 0.412109 0.867188 0.414063 0.865236 0.414063 0.863281 0.412109 0.863281 0.410156 0.86133
0 0.447266 0.763671 0.445312 0.765627 0.445312 0.767578 0.443359 0.769529 0.443359 0.771485 0.445312 0.773436 0.449219 0.773436 0.449219 0.771485 0.451172 0.769529 0.451172 0.765627 0.449219 0.763671
0 0.658204 0.298828 0.658204 0.302735 0.660158 0.304686 0.667968 0.304686 0.669921 0.302735 0.669921 0.298828
0 0.943359 0.037111 0.941406 0.039062 0.939452 0.039062 0.941406 0.041014 0.941406 0.042969 0.951172 0.042969 0.953125 0.041014 0.953125 0.039062 0.951172 0.037111
0 0.601561 0.984375 0.599608 0.986326 0.599608 0.988282 0.603515 0.992188 0.603515 0.994139 0.605468 0.996095 0.609375 0.996095 0.609375 0.994139 0.607421 0.992188 0.607421 0.990233
0 0.468749 0.845703 0.466795 0.847654 0.466795 0.851561 0.468749 0.853516 0.470702 0.853516 0.474609 0.857423 0.476562 0.857423 0.478516 0.855467 0.480469 0.855467 0.470702 0.845703
0 0.70117 0.298828 0.699217 0.30078 0.697264 0.30078 0.697264 0.304686 0.699217 0.306642 0.70703 0.306642 0.708984 0.304686 0.708984 0.30078 0.705077 0.30078 0.703124 0.298828
0 0.187501 0.140623 0.183594 0.14453 0.181641 0.14453 0.179688 0.146485 0.181641 0.148436 0.183594 0.148436 0.185548 0.146485 0.189455 0.146485 0.191408 0.14453 0.189455 0.142579 0.189455 0.140623
0 0.533202 0.908201 0.531248 0.910157 0.531248 0.912108 0.539062 0.919921 0.541015 0.91797 0.542969 0.91797 0.539062 0.914063 0.539062 0.912108 0.535155 0.908201
0 0.501952 0.294922 0.499999 0.296873 0.501952 0.298828 0.501952 0.30078 0.511719 0.30078 0.513672 0.298828 0.513672 0.294922
0 0.572265 0.613279 0.568358 0.617186 0.566405 0.617186 0.566405 0.621093 0.568358 0.621093 0.570312 0.619142 0.572265 0.619142 0.574218 0.617186 0.576172 0.617186 0.576172 0.615235 0.574218 0.613279
0 0.572265 0.30078 0.570312 0.302735 0.570312 0.306642 0.572265 0.308593 0.576172 0.308593 0.578125 0.306642 0.578125 0.302735 0.576172 0.30078
0 0.353517 0.359376 0.353517 0.36914 0.357423 0.36914 0.357423 0.361327 0.35547 0.359376
0 0.267577 0.123045 0.265624 0.125001 0.265624 0.128907 0.26953 0.128907 0.271484 0.130859 0.273437 0.128907 0.27539 0.128907 0.277344 0.126952 0.277344 0.125001 0.27539 0.123045
0 0.753907 0.30078 0.753907 0.308593 0.759767 0.308593 0.76172 0.306642 0.76172 0.302735 0.759767 0.30078
0 0.906249 0.048827 0.906249 0.052734 0.912109 0.052734 0.914062 0.050782 0.914062 0.048827
0 0.599608 0.30078 0.597655 0.302735 0.597655 0.306642 0.599608 0.308593 0.605468 0.308593 0.605468 0.302735 0.603515 0.30078
0 0.560549 0.087889 0.560549 0.091796 0.562502 0.091796 0.564451 0.093752 0.566405 0.091796 0.572265 0.091796 0.572265 0.087889
0 0.71289 0.30078 0.71289 0.306642 0.722657 0.306642 0.724611 0.308593 0.724611 0.302735 0.722657 0.30078
0 0.466795 0.677733 0.464842 0.679689 0.464842 0.68164 0.462889 0.683595 0.462889 0.685546 0.466795 0.685546 0.468749 0.683595 0.468749 0.68164 0.470702 0.679689 0.468749 0.679689
0 0.29297 0.953126 0.289064 0.957033 0.28711 0.957033 0.28711 0.960939 0.289064 0.96289 0.291017 0.960939 0.29297 0.960939 0.296873 0.957033 0.298827 0.957033 0.296873 0.955077 0.296873 0.953126
0 0.740233 0.30078 0.740233 0.306642 0.742187 0.308593 0.746094 0.308593 0.748047 0.306642 0.75 0.306642 0.75 0.302735 0.748047 0.30078
0 0.443359 0.306642 0.441406 0.308593 0.439452 0.308593 0.439452 0.3125 0.441406 0.3125 0.443359 0.314455 0.447266 0.314455 0.449219 0.3125 0.449219 0.308593 0.447266 0.306642
0 0.533202 0.632813 0.527345 0.638671 0.531248 0.638671 0.533202 0.636719 0.537108 0.636719 0.537108 0.634764 0.535155 0.632813
0 0.439452 0.833983 0.439452 0.835938 0.437499 0.83789 0.439452 0.83789 0.443359 0.841796 0.445312 0.841796 0.449219 0.845703 0.449219 0.843752 0.451172 0.841796 0.451172 0.839845 0.449219 0.839845 0.443359 0.833983
0 0.488282 0.669924 0.482422 0.675782 0.484375 0.677733 0.486329 0.677733 0.488282 0.675782 0.488282 0.673826 0.490236 0.671875
0 0.664061 0.089845 0.664061 0.093752 0.673827 0.093752 0.673827 0.089845
0 0.26367 0.970704 0.261717 0.972655 0.259767 0.972655 0.257814 0.97461 0.255861 0.97461 0.255861 0.978517 0.257814 0.980468 0.259767 0.980468 0.261717 0.978517 0.26367 0.978517 0.267577 0.97461 0.267577 0.972655 0.265624 0.970704
0 0.388673 0.11133 0.38672 0.113281 0.384766 0.113281 0.384766 0.115236 0.388673 0.115236 0.390626 0.117187 0.394533 0.117187 0.396482 0.115236 0.396482 0.113281 0.394533 0.11133
0 0.585938 0.30078 0.583985 0.302735 0.582031 0.302735 0.582031 0.306642 0.591798 0.306642 0.591798 0.302735 0.589845 0.30078
0 0.564451 0.619142 0.560549 0.623048 0.558595 0.623048 0.558595 0.624999 0.560549 0.624999 0.564451 0.621093
0 0.451172 0.11133 0.449219 0.113281 0.439452 0.113281 0.439452 0.115236 0.441406 0.117187 0.451172 0.117187 0.453126 0.115236 0.453126 0.113281
0 0.128905 0.447265 0.128905 0.451172 0.126955 0.453127 0.126955 0.455078 0.128905 0.457029 0.130858 0.457029 0.132811 0.455078 0.132811 0.453127 0.134765 0.451172 0.132811 0.44922 0.132811 0.447265
0 0.726564 0.30078 0.726564 0.306642 0.736327 0.306642 0.736327 0.30078
0 0.441406 0.730467 0.439452 0.732422 0.439452 0.742187 0.443359 0.742187 0.443359 0.740236 0.445312 0.73828 0.445312 0.732422 0.443359 0.732422
0 0.38086 0.113281 0.378906 0.115236 0.371093 0.115236 0.371093 0.119139 0.382813 0.119139 0.382813 0.115236
0 0.455079 0.724609 0.455079 0.728516 0.453126 0.730467 0.453126 0.736329 0.457032 0.736329 0.458986 0.734373 0.458986 0.732422 0.460939 0.730467 0.460939 0.724609
0 0.363279 0.417967 0.363279 0.423829 0.367186 0.423829 0.367186 0.417967
0 0.458986 0.687502 0.457032 0.689453 0.457032 0.691404 0.455079 0.69336 0.455079 0.695311 0.457032 0.697266 0.460939 0.69336 0.460939 0.691404 0.462889 0.689453 0.460939 0.687502
0 0.359376 0.376953 0.357423 0.378905 0.359376 0.38086 0.359376 0.382811 0.36133 0.384767 0.363279 0.382811 0.363279 0.38086 0.36133 0.378905 0.36133 0.376953
0 0.453126 0.306642 0.453126 0.3125 0.460939 0.3125 0.462889 0.310549 0.462889 0.306642
0 0.25 0.978517 0.248047 0.980468 0.246094 0.980468 0.244141 0.982424 0.242187 0.982424 0.242187 0.984375 0.244141 0.986326 0.244141 0.988282 0.246094 0.988282 0.248047 0.986326 0.25 0.986326 0.253907 0.982424 0.251954 0.980468 0.251954 0.978517
0 0.765623 0.30078 0.763674 0.302735 0.763674 0.306642 0.767576 0.306642 0.76953 0.308593 0.771483 0.306642 0.771483 0.30078
0 0.210938 0.062498 0.208984 0.064454 0.207031 0.064454 0.207031 0.06836 0.208984 0.070312 0.210938 0.070312 0.212891 0.06836 0.214844 0.06836 0.216798 0.066405 0.214844 0.064454 0.214844 0.062498
0 0.468749 0.304686 0.468749 0.310549 0.474609 0.310549 0.474609 0.308593 0.476562 0.306642 0.474609 0.304686
0 0.513672 0.886721 0.511719 0.888672 0.509765 0.888672 0.509765 0.890623 0.511719 0.892579 0.513672 0.892579 0.519532 0.898437 0.521485 0.898437 0.523439 0.896485 0.525392 0.896485 0.525392 0.89453 0.523439 0.89453 0.515625 0.886721
0 0.121095 0.554688 0.121095 0.556639 0.119142 0.558595 0.119142 0.562501 0.125002 0.562501 0.125002 0.554688
0 0.646484 0.296873 0.644531 0.298828 0.644531 0.302735 0.654298 0.302735 0.654298 0.298828 0.652344 0.296873
0 0.615235 0.30078 0.613281 0.302735 0.613281 0.306642 0.615235 0.308593 0.621095 0.308593 0.623048 0.306642 0.623048 0.302735 0.621095 0.30078
0 0.496096 0.632813 0.490236 0.638671 0.492189 0.640626 0.494142 0.640626 0.496096 0.638671 0.496096 0.636719 0.498045 0.634764
0 0.283204 0.960939 0.28125 0.96289 0.279297 0.96289 0.277344 0.964846 0.27539 0.964846 0.27539 0.968748 0.277344 0.968748 0.279297 0.966797 0.28125 0.966797 0.283204 0.964846 0.285157 0.964846 0.28711 0.96289 0.285157 0.960939
0 0.271484 0.976562 0.267577 0.980468 0.265624 0.980468 0.265624 0.982424 0.26367 0.984375 0.265624 0.984375 0.267577 0.986326 0.26953 0.986326 0.273437 0.982424 0.277344 0.982424 0.277344 0.980468 0.27539 0.978517 0.27539 0.976562
0 0.36133 0.396482 0.36133 0.400389 0.363279 0.402345 0.365233 0.402345 0.365233 0.396482
0 0.335936 0.115236 0.333983 0.117187 0.333983 0.121094 0.345703 0.121094 0.347656 0.119139 0.347656 0.115236
0 0.935545 0.269531 0.933592 0.271486 0.931643 0.271486 0.927736 0.275393 0.925782 0.275393 0.925782 0.277344 0.927736 0.279295 0.929689 0.279295 0.933592 0.275393 0.937499 0.275393 0.937499 0.271486
0 0.433592 0.767578 0.433592 0.769529 0.431639 0.771485 0.431639 0.775391 0.435546 0.775391 0.435546 0.769529 0.437499 0.767578
0 0.035155 0.152343 0.033202 0.154299 0.033202 0.160157 0.039062 0.160157 0.039062 0.152343
0 0.443359 0.720702 0.443359 0.728516 0.445312 0.730467 0.447266 0.728516 0.447266 0.720702