10 0.568358 0.937502 0.568358 0.939455 0.566406 0.941407 0.566406 0.945312 0.564454 0.947264 0.564454 0.953128 0.562502 0.95508 0.562502 0.958985 0.560546 0.960938 0.560546 0.964842 0.558594 0.966794 0.558594 0.970706 0.556642 0.972658 0.556642 0.976562 0.554687 0.978515 0.554687 0.984372 0.552735 0.986331 0.552735 0.990236 0.550783 0.992188 0.550783 0.99414 0.552735 0.99414 0.554687 0.996092 0.556642 0.996092 0.558594 0.998045 0.560546 0.998045 0.562502 0.999997 0.564454 0.999997 0.566406 1 0.568358 1 0.570313 1 0.572265 1 0.574217 1 0.574217 1 0.576172 1 0.576172 0.998045 0.578125 0.996092 0.578125 0.992188 0.580077 0.990236 0.580077 0.986331 0.582032 0.984372 0.582032 0.982419 0.583984 0.980467 0.583984 0.976562 0.585936 0.97461 0.585936 0.970706 0.587891 0.968753 0.591796 0.968753 0.595703 0.972658 0.597655 0.972658 0.601562 0.976562 0.603514 0.97461 0.603514 0.972658 0.607422 0.968753 0.59961 0.960938 0.59961 0.958985 0.593751 0.953128 0.593751 0.951169 0.591796 0.949216 0.591796 0.945312 0.587891 0.945312 0.585936 0.943359 0.582032 0.943359 0.580077 0.941407 0.576172 0.941407 0.574217 0.939455 0.570313 0.939455
0 0.878905 0.017577 0.876953 0.019529 0.876953 0.021481 0.875001 0.02344 0.875001 0.025393 0.871093 0.029297 0.871093 0.03125 0.869141 0.033202 0.869141 0.035154 0.867186 0.037107 0.867186 0.04297 0.869141 0.044923 0.869141 0.046875 0.873045 0.046875 0.875001 0.048828 0.878905 0.048828 0.878905 0.046875 0.88086 0.044923 0.88086 0.04297 0.882812 0.041018 0.882812 0.039065 0.884764 0.037107 0.884764 0.035154 0.888672 0.03125 0.888672 0.029297 0.892579 0.025393 0.892579 0.021481 0.890624 0.019529 0.888672 0.019529 0.88672 0.017577
0 0.085938 0.927734 0.085938 0.929687 0.083983 0.931639 0.083983 0.933591 0.082031 0.93555 0.082031 0.937502 0.080079 0.939455 0.103517 0.962889 0.111328 0.962889 0.11328 0.964842 0.115236 0.962889 0.115236 0.960938 0.121095 0.95508 0.11914 0.953128 0.11914 0.951169 0.109376 0.941407 0.107421 0.941407 0.09375 0.927734
0 0.253907 0.683591 0.242188 0.695312 0.242188 0.697264 0.230469 0.708985 0.230469 0.710938 0.228517 0.71289 0.230469 0.714842 0.230469 0.716794 0.234376 0.720706 0.240236 0.720706 0.242188 0.718747 0.24414 0.718747 0.251955 0.710938 0.251955 0.708985 0.26367 0.697264 0.26367 0.695312 0.265626 0.693359 0.265626 0.689455 0.26367 0.687503 0.26367 0.685544 0.261718 0.685544 0.259766 0.683591
0 0.490233 0.203122 0.488281 0.205081 0.484374 0.205081 0.484374 0.207034 0.482422 0.208986 0.482422 0.210938 0.484374 0.212891 0.484374 0.218748 0.486329 0.218748 0.488281 0.2207 0.5 0.2207 0.501952 0.222659 0.513671 0.222659 0.515626 0.224611 0.523438 0.224611 0.52539 0.222659 0.527345 0.222659 0.527345 0.2207 0.529297 0.218748 0.529297 0.210938 0.527345 0.210938 0.523438 0.207034 0.507811 0.207034 0.505859 0.205081 0.492188 0.205081
11 0.699217 0.941407 0.695313 0.945312 0.693358 0.945312 0.693358 0.947264 0.691406 0.949216 0.691406 0.951169 0.689454 0.953128 0.689454 0.957033 0.687499 0.958985 0.687499 0.962889 0.685547 0.964842 0.685547 0.966794 0.683594 0.968753 0.683594 0.972658 0.681639 0.97461 0.681639 0.978515 0.679687 0.980467 0.679687 0.988283 0.681639 0.990236 0.681639 0.992188 0.683594 0.99414 0.683594 0.996092 0.689454 0.996092 0.691406 0.99414 0.693358 0.99414 0.695313 0.992188 0.697265 0.992188 0.699217 0.990236 0.701173 0.990236 0.701173 0.988283 0.703125 0.986331 0.703125 0.980467 0.705077 0.978515 0.705077 0.972658 0.707032 0.970706 0.707032 0.966794 0.708984 0.964842 0.708984 0.958985 0.710936 0.957033 0.710936 0.951169 0.708984 0.949216 0.708984 0.947264 0.703125 0.941407
0 0.654297 0.3125 0.648438 0.318357 0.648438 0.32031 0.646486 0.322268 0.646486 0.324221 0.652345 0.330078 0.654297 0.330078 0.662109 0.337894 0.664061 0.337894 0.666016 0.339846 0.66992 0.339846 0.67578 0.333982 0.67578 0.330078 0.66992 0.324221 0.667968 0.324221 0.660157 0.316405 0.658205 0.316405
0 0.507811 0.498046 0.501952 0.503909 0.5 0.503909 0.484374 0.519528 0.484374 0.521487 0.486329 0.523439 0.486329 0.525392 0.488281 0.527344 0.494141 0.527344 0.494141 0.525392 0.5 0.519528 0.501952 0.519528 0.507811 0.513671 0.509767 0.513671 0.513671 0.509767 0.513671 0.507814 0.515626 0.505862 0.515626 0.503909 0.513671 0.50195 0.511719 0.50195
10 0.414064 0.931639 0.412108 0.933591 0.412108 0.93555 0.406249 0.941407 0.406249 0.943359 0.404297 0.945312 0.423827 0.964842 0.417968 0.970706 0.421875 0.97461 0.423827 0.97461 0.431642 0.982419 0.443361 0.970706 0.445313 0.970706 0.45508 0.960938 0.447265 0.953128 0.447265 0.951169 0.441406 0.945312 0.439453 0.947264 0.439453 0.949216 0.435546 0.953128
10 0.847656 0.460938 0.824218 0.484373 0.822266 0.484373 0.80078 0.505862 0.798828 0.505862 0.794921 0.50195 0.792969 0.50195 0.789061 0.498046 0.787109 0.498046 0.785157 0.496093 0.77539 0.505862 0.779298 0.509767 0.78125 0.509767 0.789061 0.517576 0.78125 0.525392 0.783202 0.525392 0.787109 0.529297 0.789061 0.529297 0.792969 0.533201 0.794921 0.533201 0.798828 0.537112 0.80078 0.537112 0.802735 0.539065 0.812499 0.529297 0.814454 0.529297 0.830077 0.513671 0.832033 0.513671 0.847656 0.498046 0.849611 0.498046 0.85547 0.492188 0.847656 0.484373 0.849611 0.48242 0.849611 0.480468 0.85547 0.474611 0.85547 0.472659 0.857422 0.470706
0 0.464843 0.238285 0.462891 0.240237 0.458984 0.240237 0.458984 0.242189 0.457032 0.244142 0.457032 0.246094 0.458984 0.248046 0.458984 0.251951 0.460939 0.253903 0.462891 0.253903 0.466795 0.257814 0.468751 0.257814 0.472655 0.261719 0.47461 0.261719 0.478514 0.265624 0.480469 0.265624 0.484374 0.269528 0.498048 0.269528 0.501952 0.265624 0.501952 0.263671 0.5 0.261719 0.5 0.259767 0.498048 0.257814 0.496092 0.257814 0.490233 0.251951 0.488281 0.251951 0.484374 0.248046 0.482422 0.248046 0.476562 0.242189 0.47461 0.242189 0.470703 0.238285
0 0.609374 0.249999 0.59961 0.259767 0.59961 0.261719 0.589844 0.271488 0.591796 0.27344 0.591796 0.275393 0.593751 0.275393 0.595703 0.277344 0.597655 0.277344 0.59961 0.279297 0.609374 0.269528 0.611329 0.269528 0.617189 0.263671 0.617189 0.259767 0.619141 0.257814 0.619141 0.255862 0.617189 0.255862 0.611329 0.249999
0 0.85547 0 0.851563 0 0.851563 0 0.843751 0 0.843751 0 0.837892 0 0.837892 0 0.839844 0 0.839844 0 0.841796 0.001951 0.847656 0.001951 0.849611 0 0.851563 0 0.851563 0 0.85547 0 0.85547 0 0.859374 0 0.859374 0 0.863282 0 0.863282 0 0.865234 0 0.865234 0 0.867186 0 0.865234 0 0.865234 0 0.863282 0 0.86133 0
9 0.718751 0.179688 0.716796 0.18164 0.712892 0.18164 0.708984 0.185544 0.708984 0.187497 0.699217 0.197265 0.699217 0.199217 0.697265 0.20117 0.697265 0.207034 0.695313 0.208986 0.695313 0.218748 0.693358 0.2207 0.693358 0.23242 0.691406 0.234373 0.691406 0.236325 0.695313 0.240237 0.707032 0.240237 0.708984 0.242189 0.708984 0.240237 0.710936 0.238285 0.710936 0.236325 0.712892 0.234373 0.712892 0.230468 0.714844 0.228516 0.714844 0.222659 0.716796 0.2207 0.716796 0.214843 0.718751 0.212891 0.718751 0.210938 0.720703 0.208986 0.720703 0.203122 0.722655 0.20117 0.722655 0.193361 0.720703 0.191408 0.720703 0.187497 0.718751 0.185544
0 0.626952 0.257814 0.625 0.259767 0.625 0.261719 0.621093 0.265624 0.621093 0.267576 0.619141 0.269528 0.623048 0.27344 0.625 0.27344 0.632812 0.281249 0.634767 0.281249 0.640626 0.287107 0.646486 0.287107 0.648438 0.289065 0.65039 0.287107 0.65039 0.285154 0.652345 0.283202 0.652345 0.281249 0.654297 0.279297 0.64453 0.269528 0.642578 0.269528 0.630859 0.257814
0 0.617189 0.367186 0.615233 0.369138 0.613281 0.369138 0.609374 0.373049 0.607422 0.373049 0.60547 0.375001 0.603514 0.375001 0.601562 0.376954 0.59961 0.376954 0.595703 0.380858 0.593751 0.380858 0.591796 0.382811 0.589844 0.382811 0.585936 0.386715 0.585936 0.394532 0.587891 0.394532 0.591796 0.398437 0.593751 0.396484 0.59961 0.396484 0.601562 0.394532 0.603514 0.394532 0.607422 0.390627 0.609374 0.390627 0.613281 0.386715 0.615233 0.386715 0.619141 0.382811 0.621093 0.382811 0.625 0.378906 0.626952 0.378906 0.626952 0.373049 0.621093 0.367186
0 0.900391 0.03125 0.898438 0.033202 0.896483 0.033202 0.894531 0.035154 0.894531 0.037107 0.892579 0.039065 0.892579 0.041018 0.890624 0.04297 0.890624 0.044923 0.88672 0.048828 0.88672 0.05078 0.884764 0.052732 0.884764 0.054684 0.882812 0.056643 0.88672 0.060548 0.88672 0.0625 0.888672 0.064453 0.890624 0.0625 0.894531 0.0625 0.896483 0.060548 0.898438 0.060548 0.900391 0.058596 0.900391 0.056643 0.902342 0.054684 0.902342 0.052732 0.90625 0.048828 0.90625 0.046875 0.908202 0.044923 0.908202 0.04297 0.910157 0.041018 0.910157 0.037107 0.908202 0.037107 0.904298 0.033202 0.902342 0.033202
11 0.980467 0.701169 0.978515 0.703128 0.966796 0.703128 0.964844 0.705081 0.953125 0.705081 0.939455 0.718747 0.939455 0.72461 0.941406 0.726563 0.941406 0.736331 0.943359 0.738284 0.943359 0.744141 0.945314 0.742188 0.958985 0.742188 0.960937 0.740236 0.974608 0.740236 0.976563 0.738284 0.990234 0.738284 0.990234 0.736331 0.988282 0.734373 0.988282 0.728515 0.986327 0.726563 0.986327 0.720706 0.984375 0.718747 0.984375 0.71289 0.982423 0.710938 0.982423 0.705081 0.980467 0.703128
0 0.373048 0.607424 0.371092 0.609376 0.36914 0.609376 0.36914 0.615233 0.371092 0.617185 0.371092 0.619138 0.373048 0.619138 0.375 0.621097 0.376952 0.621097 0.378907 0.623049 0.380859 0.623049 0.382811 0.625001 0.384766 0.625001 0.386719 0.626954 0.388671 0.626954 0.390626 0.628906 0.392578 0.628906 0.39453 0.630858 0.400389 0.630858 0.404297 0.626954 0.404297 0.619138 0.402345 0.619138 0.398437 0.615233 0.39453 0.615233 0.392578 0.61328 0.390626 0.61328 0.388671 0.611328 0.384766 0.611328 0.382811 0.609376 0.380859 0.609376 0.378907 0.607424
11 0.794921 0.249999 0.791016 0.253903 0.791016 0.255862 0.78125 0.265624 0.78125 0.267576 0.777342 0.271488 0.783202 0.277344 0.785157 0.277344 0.796876 0.289065 0.798828 0.289065 0.812499 0.302732 0.814454 0.302732 0.822266 0.310547 0.826173 0.306643 0.826173 0.304691 0.835937 0.294922 0.835937 0.29297 0.839844 0.289065 0.833984 0.283202 0.832033 0.283202 0.820314 0.271488 0.818358 0.271488 0.804687 0.257814 0.802735 0.257814
10 0.052734 0.097656 0.050782 0.099608 0.050782 0.101561 0.044922 0.107424 0.044922 0.109376 0.041015 0.113281 0.041015 0.115234 0.035156 0.12109 0.035156 0.12305 0.031251 0.126955 0.031251 0.128907 0.025392 0.134764 0.025392 0.136716 0.021484 0.140627 0.021484 0.14258 0.015625 0.148437 0.015625 0.150389 0.011718 0.154294 0.011718 0.156253 0.005858 0.16211 0.005858 0.164062 0.001954 0.167967 0.001954 0.169919 0 0.175783 0 0.177735 0 0.18164 0 0.183592 0 0.189456 0 0.191408 0 0.193361 0 0.193361 0 0.197265 0 0.197265 0 0.20117 0 0.20117 0.001954 0.205081 0.003906 0.205081 0.005858 0.207034 0.009766 0.203122 0.009766 0.20117 0.017577 0.193361 0.017577 0.191408 0.025392 0.183592 0.025392 0.18164 0.031251 0.175783 0.031251 0.173831 0.039063 0.166014 0.039063 0.164062 0.046874 0.156253 0.046874 0.154294 0.050782 0.150389 0.054689 0.150389 0.056641 0.152341 0.058593 0.152341 0.060545 0.154294 0.070312 0.144532 0.072264 0.146484 0.074219 0.146484 0.078124 0.150389 0.080079 0.150389 0.083983 0.154294 0.085938 0.154294 0.091798 0.160158 0.09375 0.160158 0.097657 0.164062 0.099609 0.164062 0.103517 0.167967 0.105469 0.167967 0.111328 0.173831 0.111328 0.175783 0.115236 0.179688 0.115236 0.18164 0.11914 0.185544 0.11914 0.187497 0.123047 0.191408 0.123047 0.193361 0.126954 0.197265 0.126954 0.199217 0.130859 0.203122 0.130859 0.205081 0.134766 0.208986 0.134766 0.210938 0.138673 0.214843 0.138673 0.216795 0.142577 0.2207 0.142577 0.222659 0.146485 0.226564 0.146485 0.228516 0.150392 0.23242 0.152344 0.23242 0.158204 0.238285 0.160156 0.238285 0.164063 0.242189 0.166015 0.242189 0.171875 0.248046 0.173827 0.248046 0.179686 0.253903 0.181641 0.253903 0.185546 0.257814 0.189453 0.253903 0.191405 0.253903 0.195312 0.249999 0.197264 0.249999 0.195312 0.248046 0.19336 0.248046 0.189453 0.244142 0.187501 0.244142 0.183593 0.240237 0.181641 0.240237 0.177734 0.236325 0.175782 0.236325 0.171875 0.23242 0.169922 0.23242 0.166015 0.228516 0.164063 0.228516 0.160156 0.224611 0.158204 0.224611 0.152344 0.218748 0.152344 0.216795 0.150392 0.214843 0.150392 0.212891 0.146485 0.208986 0.146485 0.207034 0.144533 0.205081 0.144533 0.203122 0.140625 0.199217 0.140625 0.197265 0.138673 0.195313 0.138673 0.193361 0.134766 0.189456 0.134766 0.187497 0.132814 0.185544 0.132814 0.183592 0.128906 0.179688 0.128906 0.177735 0.126954 0.175783 0.126954 0.173831 0.123047 0.169919 0.123047 0.167967 0.121095 0.166014 0.121095 0.164062 0.117188 0.160158 0.115236 0.160158 0.107421 0.152341 0.105469 0.152341 0.097657 0.144532 0.095702 0.144532 0.08789 0.136716 0.085938 0.136716 0.082031 0.132811 0.082031 0.130859 0.083983 0.128907 0.083983 0.126955 0.085938 0.125002 0.085938 0.12305 0.08789 0.12109 0.085938 0.12109 0.082031 0.117186 0.080079 0.117186 0.076172 0.113281 0.074219 0.113281 0.070312 0.109376 0.06836 0.109376 0.064453 0.105472 0.062501 0.105472 0.058593 0.101561 0.056641 0.101561
10 0.859374 0.617185 0.85547 0.621097 0.85547 0.623049 0.849611 0.628906 0.849611 0.630858 0.843751 0.636722 0.843751 0.638674 0.839844 0.642579 0.847656 0.650388 0.847656 0.652341 0.853515 0.658205 0.857422 0.6543 0.86133 0.6543 0.865234 0.658205 0.867186 0.658205 0.869141 0.660156 0.873045 0.656252 0.873045 0.6543 0.876953 0.650388 0.869141 0.642579 0.871093 0.640627 0.871093 0.638674 0.875001 0.634763 0.867186 0.626954 0.867186 0.625001
10 0.722655 0.591798 0.710936 0.603519 0.707032 0.603519 0.705077 0.60156 0.699217 0.60156 0.697265 0.599607 0.693358 0.599607 0.691406 0.597655 0.687499 0.60156 0.685547 0.60156 0.701173 0.617185 0.699217 0.619138 0.699217 0.621097 0.695313 0.625001 0.695313 0.626954 0.691406 0.630858 0.691406 0.632811 0.685547 0.638674 0.685547 0.640627 0.681639 0.644531 0.681639 0.646483 0.677735 0.650388 0.677735 0.652341 0.67578 0.6543 0.681639 0.660156 0.683594 0.660156 0.691406 0.667966 0.693358 0.666014 0.693358 0.664061 0.699217 0.658205 0.699217 0.656252 0.705077 0.650388 0.705077 0.648436 0.710936 0.642579 0.710936 0.640627 0.714844 0.636722 0.714844 0.634763 0.720703 0.628906 0.720703 0.626954 0.726563 0.621097 0.726563 0.619138 0.732422 0.61328 0.732422 0.611328 0.738281 0.605471 0.738281 0.603519 0.740234 0.60156 0.738281 0.60156 0.736329 0.599607 0.734374 0.599607 0.73047 0.595703 0.728515 0.595703 0.726563 0.59375 0.724611 0.59375
11 0.947266 0.089847 0.945314 0.091799 0.941406 0.091799 0.939455 0.093751 0.935547 0.093751 0.933595 0.095704 0.929688 0.095704 0.929688 0.097656 0.927736 0.099608 0.927736 0.101561 0.92578 0.103513 0.92578 0.105472 0.923828 0.107424 0.923828 0.109376 0.921876 0.111329 0.921876 0.113281 0.923828 0.115234 0.923828 0.117186 0.92578 0.119138 0.92578 0.12109 0.927736 0.12109 0.93164 0.125002 0.933595 0.125002 0.937499 0.128907 0.939455 0.128907 0.943359 0.132811 0.945314 0.132811 0.949218 0.136716 0.951173 0.136716 0.953125 0.138675 0.962892 0.138675 0.964844 0.136716 0.970704 0.136716 0.982423 0.125002 0.982423 0.117186 0.980467 0.115234 0.978515 0.115234 0.970704 0.107424 0.968748 0.107424 0.962892 0.101561 0.960937 0.101561 0.953125 0.093751 0.951173 0.093751
11 0.156252 0.347655 0.156252 0.349608 0.154296 0.35156 0.154296 0.353513 0.152344 0.355472 0.152344 0.357424 0.150392 0.359376 0.150392 0.361329 0.148437 0.363281 0.150392 0.365233 0.152344 0.365233 0.156252 0.369138 0.158204 0.369138 0.164063 0.375001 0.166015 0.375001 0.171875 0.380858 0.173827 0.380858 0.177734 0.384763 0.179686 0.384763 0.183593 0.388675 0.183593 0.386715 0.185546 0.384763 0.185546 0.382811 0.187501 0.380858 0.187501 0.378906 0.179686 0.371097 0.179686 0.367186 0.175782 0.363281 0.173827 0.363281 0.164063 0.353513 0.162108 0.353513
9 0.683594 0.283202 0.679687 0.287107 0.677735 0.287107 0.677735 0.289065 0.67578 0.291018 0.679687 0.294922 0.681639 0.294922 0.683594 0.296875 0.685547 0.296875 0.687499 0.298827 0.703125 0.298827 0.705077 0.296875 0.710936 0.296875 0.710936 0.283202
11 0.765623 0.349608 0.759767 0.355472 0.759767 0.357424 0.757812 0.359376 0.757812 0.361329 0.759767 0.363281 0.759767 0.365233 0.761719 0.367186 0.761719 0.369138 0.771483 0.378906 0.773438 0.378906 0.785157 0.390627 0.787109 0.390627 0.791016 0.394532 0.804687 0.394532 0.804687 0.392579 0.806639 0.390627 0.806639 0.376954 0.802735 0.373049 0.802735 0.371097 0.787109 0.355472 0.785157 0.355472 0.78125 0.35156 0.777342 0.35156 0.77539 0.349608
10 0.746093 0.744141 0.740234 0.749998 0.740234 0.75195 0.726563 0.765623 0.726563 0.767576 0.718751 0.775391 0.720703 0.777344 0.722655 0.777344 0.726563 0.781249 0.728515 0.781249 0.732422 0.785153 0.734374 0.783201 0.734374 0.781249 0.736329 0.779296 0.738281 0.779296 0.742189 0.783201 0.744141 0.783201 0.748048 0.787112 0.75 0.787112 0.753908 0.791017 0.75586 0.791017 0.757812 0.792969 0.759767 0.791017 0.759767 0.789064 0.761719 0.787112 0.761719 0.785153 0.763671 0.783201 0.75586 0.775391 0.753908 0.775391 0.744141 0.765623 0.753908 0.755861 0.751952 0.753909 0.751952 0.75195 0.748048 0.748045 0.748048 0.746093
0 0.082031 0.949216 0.078124 0.953128 0.076172 0.953128 0.076172 0.95508 0.074219 0.957033 0.074219 0.958985 0.072264 0.960938 0.080079 0.968753 0.082031 0.968753 0.091798 0.978515 0.09375 0.978515 0.095702 0.980467 0.097657 0.978515 0.099609 0.978515 0.103517 0.97461 0.105469 0.97461 0.105469 0.970706 0.103517 0.968753 0.103517 0.966794 0.099609 0.962889 0.097657 0.962889 0.091798 0.957033 0.089843 0.957033
11 0.265626 0.986331 0.257814 0.99414 0.257814 0.996092 0.246095 1 0.246095 1 0.240236 1 0.240236 1 0.232421 1 0.232421 1 0.230469 1 0.230469 1 0.232421 1 0.232421 1 0.236328 1 0.236328 1 0.23828 1 0.240236 1 0.24414 1 0.255859 1 0.259766 1 0.259766 1 0.265626 1 0.265626 1 0.273437 1 0.273437 1 0.281249 1 0.281249 1 0.287108 1 0.287108 1 0.291015 1 0.291015 1 0.292967 0.999997 0.292967 0.996092 0.291015 0.996092 0.289063 0.99414 0.287108 0.99414 0.285156 0.992188 0.283204 0.992188 0.279297 0.988283 0.277344 0.988283 0.275389 0.986331
0 0.287108 0.765623 0.285156 0.767576 0.257814 0.767576 0.257814 0.769535 0.255859 0.771487 0.255859 0.779296 0.257814 0.779296 0.259766 0.781249 0.291015 0.781249 0.292967 0.779296 0.296875 0.779296 0.296875 0.769535 0.294923 0.769535 0.292967 0.767576 0.289063 0.767576
0 0.04883 0.999997 0.046874 1 0.04297 1 0.04297 1 0.041015 1 0.041015 1 0.039063 1 0.041015 1 0.041015 1 0.04297 1 0.04297 1 0.044922 1 0.044922 1 0.04883 1 0.04883 1 0.050782 1 0.050782 1 0.052734 1 0.052734 1 0.058593 1 0.064453 1 0.066405 1 0.06836 1 0.070312 1 0.070312 1 0.06836 1 0.06836 1 0.064453 1 0.064453 1 0.062501 1 0.062501 1 0.058593 1 0.058593 1 0.054689 1 0.054689 1 0.050782 1
0 0.171875 0.560547 0.167967 0.564452 0.167967 0.566404 0.166015 0.568357 0.167967 0.570315 0.167967 0.572268 0.169922 0.57422 0.171875 0.57422 0.177734 0.580077 0.179686 0.580077 0.185546 0.585934 0.185546 0.587893 0.189453 0.587893 0.19336 0.583982 0.195312 0.583982 0.195312 0.582029 0.197264 0.580077 0.197264 0.576173 0.19336 0.572268 0.191405 0.572268 0.183593 0.564452 0.181641 0.564452 0.177734 0.560547
0 0.556642 0.373049 0.554687 0.375001 0.552735 0.375001 0.548828 0.378906 0.548828 0.384763 0.550783 0.386715 0.550783 0.388675 0.552735 0.390627 0.554687 0.390627 0.562502 0.398437 0.564454 0.398437 0.568358 0.402341 0.572265 0.402341 0.574217 0.4043 0.576172 0.402341 0.578125 0.402341 0.580077 0.400389 0.580077 0.398437 0.582032 0.396484 0.582032 0.388675 0.580077 0.388675 0.572265 0.380858 0.570313 0.380858 0.562502 0.373049
0 0.632812 0.224611 0.630859 0.226564 0.628907 0.226564 0.613281 0.242189 0.613281 0.244142 0.611329 0.246094 0.615233 0.249999 0.621093 0.249999 0.623048 0.251951 0.626952 0.251951 0.630859 0.248046 0.630859 0.246094 0.636719 0.240237 0.636719 0.238285 0.640626 0.234373 0.640626 0.23242 0.642578 0.230468 0.638671 0.226564 0.636719 0.226564 0.634767 0.224611
9 0.285156 0.521487 0.273437 0.533201 0.273437 0.535153 0.267578 0.541017 0.267578 0.552731 0.273437 0.552731 0.275389 0.550779 0.277344 0.550779 0.281249 0.546874 0.283204 0.546874 0.289063 0.541017 0.289063 0.539065 0.294923 0.533201 0.294923 0.529297 0.292967 0.527344 0.291015 0.527344
10 0.19336 0 0.189453 0 0.189453 0 0.181641 0 0.181641 0 0.173827 0 0.173827 0 0.166015 0 0.166015 0 0.156252 0 0.156252 0 0.148437 0.001951 0.148437 0.003903 0.140625 0.01172 0.140625 0.013672 0.136718 0.017577 0.148437 0.029297 0.150392 0.029297 0.166015 0.044923 0.167967 0.04297 0.169922 0.04297 0.173827 0.039065 0.175782 0.039065 0.177734 0.037107 0.181641 0.041018 0.181641 0.046875 0.183593 0.048828 0.183593 0.054684 0.185546 0.056643 0.185546 0.0625 0.187501 0.064453 0.187501 0.07031 0.189453 0.072268 0.189453 0.078126 0.191405 0.080078 0.191405 0.085935 0.19336 0.087887 0.19336 0.093751 0.195312 0.095704 0.195312 0.099608 0.197264 0.101561 0.19922 0.101561 0.207031 0.109376 0.208983 0.109376 0.214843 0.115234 0.216798 0.115234 0.222657 0.12109 0.224609 0.12109 0.232421 0.128907 0.234376 0.128907 0.240236 0.134764 0.242188 0.134764 0.249999 0.14258 0.251955 0.14258 0.255859 0.146484 0.257814 0.144532 0.257814 0.14258 0.261718 0.138675 0.251955 0.128907 0.249999 0.128907 0.226562 0.105472 0.224609 0.105472 0.212891 0.093751 0.212891 0.089847 0.210939 0.087887 0.210939 0.082031 0.208983 0.080078 0.208983 0.074221 0.207031 0.072268 0.207031 0.066405 0.205079 0.064453 0.205079 0.058596 0.203124 0.056643 0.203124 0.048828 0.201172 0.046875 0.201172 0.041018 0.19922 0.039065 0.19922 0.033202 0.197264 0.03125 0.197264 0.025393 0.195312 0.02344 0.195312 0.017577 0.19336 0.015625 0.19336 0.01172 0.187501 0.005862 0.187501 0.003903 0.183593 0 0.191405 0 0.19336 0 0.197264 0 0.19922 0 0.201172 0 0.205079 0 0.207031 0 0.207031 0 0.210939 0 0.210939 0 0.212891 0 0.212891 0 0.216798 0 0.216798 0 0.21875 0
0 0 0.830077 0 0.832029 0 0.839845 0 0.84375 0 0.845703 0 0.851559 0 0.853518 0 0.855471 0.007814 0.855471 0.007814 0.851559 0.005858 0.849607 0.005858 0.847655 0 0.839845 0 0.837893 0 0.830077
10 0 0.281249 0 0.283202 0 0.285154 0 0.291018 0 0.29297 0 0.296875 0 0.298827 0 0.304691 0 0.306643 0 0.3125 0 0.314452 0 0.318357 0 0.32031 0 0.326173 0 0.328125 0 0.33203 0 0.333982 0 0.339846 0 0.341798 0 0.347655 0 0.349608 0 0.35156 0 0.357424 0 0.357424 0 0.367186 0 0.359376 0 0.357424 0 0.341798 0 0.339846 0 0.33203 0 0.34375 0 0.335935 0 0.337894 0 0.337894 0 0.345703 0 0.345703 0 0.35156 0 0.35156 0 0.359376 0 0.359376 0 0.367186 0 0.367186 0 0.373049 0 0.373049 0 0.380858 0 0.380858 0 0.386715 0 0.386715 0.001954 0.394532 0.003906 0.394532 0.009766 0.400389 0.011718 0.400389 0.019532 0.408205 0.021484 0.408205 0.029296 0.416014 0.031251 0.416014 0.037111 0.421877 0.039063 0.421877 0.046874 0.429687 0.04883 0.429687 0.052734 0.433592 0.056641 0.429687 0.056641 0.427735 0.062501 0.421877 0.060545 0.419919 0.058593 0.419919 0.052734 0.414062 0.050782 0.414062 0.04297 0.406252 0.041015 0.406252 0.035156 0.400389 0.033203 0.400389 0.027344 0.394532 0.025392 0.394532 0.017577 0.386715 0.015625 0.386715 0.009766 0.380858 0.007814 0.380858 0.001954 0.375001 0 0.375001 0 0.367186 0 0.367186 0 0.361329 0 0.361329 0 0.355472 0 0.355472 0 0.347655 0 0.347655 0 0.341798 0 0.341798 0 0.335935 0 0.335935 0 0.328125 0 0.328125 0 0.324221 0 0.322268 0 0.32031 0 0.318357 0 0.316405 0 0.3125 0 0.310547 0 0.308595 0 0.306643 0 0.306643 0 0.298827 0 0.298827 0 0.29297 0 0.29297 0 0.285154 0 0.285154
10 0.960937 0.326173 0.957033 0.330078 0.957033 0.33203 0.947266 0.341798 0.947266 0.34375 0.943359 0.347655 0.941406 0.347655 0.937499 0.34375 0.935547 0.34375 0.933595 0.341798 0.93164 0.34375 0.929688 0.34375 0.927736 0.345703 0.92578 0.345703 0.923828 0.347655 0.921876 0.347655 0.921876 0.349608 0.923828 0.35156 0.923828 0.357424 0.92578 0.359376 0.92578 0.361329 0.935547 0.371097 0.935547 0.373049 0.943359 0.380858 0.980467 0.34375 0.972656 0.335935 0.970704 0.335935
0 0.613281 0.330078 0.609374 0.333982 0.609374 0.335935 0.607422 0.337894 0.607422 0.339846 0.60547 0.341798 0.60547 0.34375 0.603514 0.345703 0.603514 0.347655 0.601562 0.349608 0.601562 0.35156 0.59961 0.353513 0.59961 0.355472 0.597655 0.357424 0.597655 0.367186 0.601562 0.367186 0.603514 0.369138 0.60547 0.367186 0.609374 0.367186 0.611329 0.365233 0.611329 0.363281 0.615233 0.359376 0.615233 0.357424 0.617189 0.355472 0.617189 0.353513 0.619141 0.35156 0.619141 0.347655 0.621093 0.345703 0.621093 0.34375 0.623048 0.341798 0.623048 0.335935 0.621093 0.333982 0.621093 0.33203 0.619141 0.330078