0 0.992183 0.529292 0.988285 0.533198 0.986326 0.533198 0.988285 0.535151 0.988285 0.537104 0.990234 0.539057 0.990234 0.541021 0.999999 0.541021 1 0.542974 1 0.541021 1 0.541021 1 0.539057 1 0.539057 1 0.537104 1 0.535151 1 0.533198 1 0.531245 1 0.531245 1 0.529292
0 0.564448 0.789064 0.564448 0.791017 0.562499 0.79297 0.562499 0.794923 0.56055 0.796876 0.56055 0.802735 0.562499 0.804688 0.562499 0.806641 0.583989 0.806641 0.585938 0.808594 0.587887 0.806641 0.587887 0.804688 0.589846 0.802735 0.589846 0.794923 0.587887 0.79297 0.587887 0.791017 0.585938 0.789064
0 1 0.367193 1 0.369146 0.990234 0.369146 0.990234 0.371099 0.988285 0.373052 0.988285 0.375005 0.990234 0.376958 0.990234 0.378911 1 0.378911 1 0.375005 1 0.373052 1 0.371099
0 0.988285 0.312497 0.988285 0.316403 0.986326 0.318356 0.986326 0.326168 0.988285 0.328121 0.988285 0.330074 0.990234 0.328121 1 0.328121 1 0.326168 1 0.326168 1 0.324215 1 0.324215 1 0.318356 1 0.316403 1 0.31445 1 0.312497
0 0.201173 0.242189 0.201173 0.244142 0.199214 0.246095 0.199214 0.251954 0.201173 0.253907 0.201173 0.25586 0.203122 0.253907 0.226561 0.253907 0.226561 0.251954 0.22852 0.250001 0.22852 0.244142 0.203122 0.244142
0 0.152347 0.791017 0.150387 0.79297 0.148438 0.79297 0.148438 0.794923 0.146489 0.796876 0.146489 0.798829 0.148438 0.800782 0.148438 0.804688 0.162112 0.804688 0.164061 0.806641 0.177734 0.806641 0.179683 0.808594 0.181642 0.806641 0.181642 0.804688 0.183591 0.802735 0.183591 0.800782 0.181642 0.798829 0.181642 0.794923 0.179683 0.79297 0.175785 0.79297 0.173826 0.791017
0 0.996091 0.273437 0.992183 0.277343 0.992183 0.283202 0.996091 0.287108 1 0.287108 1 0.285155 1 0.285155 1 0.283202 1 0.281249 1 0.277343 1 0.27539 1 0.273437
0 0.390622 0.199223 0.384765 0.205082 0.384765 0.210941 0.386714 0.210941 0.390622 0.214847 0.392581 0.214847 0.396489 0.218753 0.398438 0.218753 0.402346 0.222659 0.404295 0.222659 0.406255 0.224612 0.410152 0.224612 0.414061 0.220706 0.414061 0.218753 0.41602 0.2168 0.41602 0.214847 0.410152 0.208988 0.408203 0.208988 0.406255 0.207035 0.404295 0.207035 0.400387 0.203129 0.398438 0.203129 0.396489 0.201176 0.39453 0.201176 0.392581 0.199223
0 0.988285 0.505856 0.984377 0.509762 0.986326 0.511715 0.986326 0.513668 0.988285 0.515621 0.988285 0.517574 1 0.517574 1 0.509762 1 0.509762 1 0.507809 0.990234 0.507809
0 0.999999 0.048831 0.996091 0.052737 0.994142 0.052737 0.994142 0.054689 0.992183 0.056643 0.99805 0.062501 1 0.062501 1 0.056643 1 0.054689 1 0.052737 1 0.050783 1 0.048831
0 0.402346 0.187505 0.400387 0.189458 0.400387 0.191411 0.398438 0.193364 0.398438 0.19727 0.400387 0.199223 0.402346 0.199223 0.408203 0.205082 0.410152 0.205082 0.414061 0.208988 0.41602 0.208988 0.417969 0.210941 0.419918 0.208988 0.421877 0.208988 0.423826 0.207035 0.423826 0.205082 0.425785 0.203129 0.425785 0.201176 0.423826 0.199223 0.423826 0.19727 0.421877 0.19727 0.417969 0.193364 0.41602 0.193364 0.412112 0.189458 0.410152 0.189458 0.408203 0.187505
3 0.08203 0.757816 0.08203 0.759769 0.080081 0.761722 0.080081 0.763675 0.078122 0.765628 0.078122 0.767581 0.076173 0.769534 0.076173 0.771487 0.074214 0.77344 0.074214 0.775393 0.072265 0.777346 0.072265 0.781252 0.070316 0.783205 0.070316 0.785158 0.068357 0.787111 0.068357 0.789064 0.066408 0.791017 0.066408 0.79297 0.064448 0.794923 0.064448 0.796876 0.0625 0.798829 0.0625 0.802735 0.060551 0.804688 0.060551 0.806641 0.058591 0.808594 0.058591 0.810547 0.056642 0.8125 0.056642 0.814453 0.054683 0.816406 0.054683 0.818359 0.052734 0.820312 0.052734 0.822265 0.050785 0.824218 0.050785 0.828125 0.048826 0.830077 0.048826 0.83203 0.046877 0.833983 0.046877 0.835936 0.044918 0.837889 0.044918 0.839842 0.042969 0.841795 0.042969 0.843748 0.04102 0.845701 0.04102 0.847654 0.066408 0.847654 0.068357 0.849607 0.093755 0.849607 0.095704 0.85156 0.121091 0.85156 0.123051 0.853513 0.148438 0.853513 0.150387 0.855466 0.175785 0.855466 0.177734 0.857419 0.179683 0.855466 0.179683 0.853513 0.183591 0.849607 0.183591 0.847654 0.1875 0.843748 0.1875 0.841795 0.191408 0.837889 0.191408 0.835936 0.195316 0.83203 0.195316 0.830077 0.199214 0.826171 0.199214 0.824218 0.203122 0.820312 0.203122 0.818359 0.20703 0.814453 0.20703 0.8125 0.210938 0.808594 0.210938 0.806641 0.214847 0.802735 0.214847 0.800782 0.218755 0.796876 0.218755 0.794923 0.222652 0.791017 0.222652 0.789064 0.226561 0.785158 0.226561 0.783205 0.230469 0.779299 0.230469 0.777346 0.234377 0.77344 0.234377 0.771487 0.238285 0.767581 0.238285 0.765628 0.240234 0.763675 0.189448 0.763675 0.1875 0.761722 0.150387 0.761722 0.173826 0.761722 0.175785 0.763675 0.175785 0.765628 0.177734 0.767581 0.177734 0.775393 0.173826 0.779299 0.164061 0.779299 0.162112 0.781252 0.160152 0.779299 0.154295 0.779299 0.152347 0.777346 0.14453 0.777346 0.142581 0.775393 0.142581 0.765628 0.146489 0.761722 0.136714 0.761722 0.134765 0.759769 0.083989 0.759769
0 0 0.632812 0 0.634765 0 0.636718 0 0.638671 0 0.640625 0 0.646483 0 0.646483 0 0.650389 0.005857 0.650389 0.007816 0.648436 0.017581 0.648436 0.017581 0.646483 0.01953 0.64453 0.017581 0.642578 0.017581 0.640625 0.015622 0.638671 0.015622 0.636718 0.011714 0.636718 0.009765 0.634765 0 0.634765
0 0.167969 0.23633 0.164061 0.240236 0.164061 0.242189 0.162112 0.244142 0.162112 0.246095 0.164061 0.248048 0.164061 0.250001 0.167969 0.253907 0.169918 0.251954 0.189448 0.251954 0.191408 0.250001 0.195316 0.250001 0.195316 0.244142 0.193357 0.242189 0.193357 0.240236 0.191408 0.238283 0.169918 0.238283
0 0.986326 0.349604 0.986326 0.351557 0.984377 0.35351 0.984377 0.359381 0.988285 0.363287 1 0.363287 1 0.361333 1 0.359381 1 0.35351 1 0.35351 1 0.349604
3 0.216795 0.621094 0.214847 0.623047 0.214847 0.625 0.208989 0.630859 0.208989 0.632812 0.203122 0.638671 0.203122 0.640625 0.197265 0.646483 0.197265 0.648436 0.191408 0.654295 0.191408 0.656249 0.185551 0.662107 0.185551 0.66406 0.179683 0.669919 0.179683 0.671872 0.173826 0.677731 0.173826 0.679685 0.167969 0.685544 0.167969 0.687496 0.162112 0.693356 0.162112 0.695309 0.156255 0.701167 0.156255 0.70312 0.150387 0.70898 0.150387 0.710932 0.146489 0.714839 0.273438 0.714839 0.275387 0.712885 0.275387 0.710932 0.279295 0.707026 0.279295 0.705073 0.283204 0.701167 0.283204 0.699214 0.289061 0.693356 0.289061 0.691402 0.292969 0.687496 0.292969 0.685544 0.296877 0.681637 0.296877 0.679685 0.300785 0.675778 0.300785 0.673825 0.304683 0.669919 0.304683 0.667966 0.31055 0.662107 0.31055 0.660154 0.314448 0.656249 0.314448 0.654295 0.318357 0.650389 0.318357 0.648436 0.322265 0.64453 0.322265 0.642578 0.326173 0.638671 0.326173 0.636718 0.33203 0.630859 0.33203 0.628906 0.335938 0.625 0.335938 0.623047 0.337887 0.621094
0 0.988285 0.449219 0.984377 0.453125 0.984377 0.455078 0.986326 0.457031 0.986326 0.460937 1 0.460937 1 0.458984 1 0.458984 1 0.453125 1 0.451172 1 0.449219
0 0.986326 0.468749 0.986326 0.470702 0.984377 0.472655 0.984377 0.482419 1 0.482419 1 0.472655 1 0.472655 1 0.470702 1 0.470702 1 0.468749
0 0.22852 0.156245 0.226561 0.158198 0.205081 0.158198 0.205081 0.160151 0.203122 0.162105 0.203122 0.164058 0.205081 0.16601 0.205081 0.169917 0.208989 0.169917 0.210938 0.171869 0.214847 0.171869 0.216795 0.173823 0.218755 0.171869 0.226561 0.171869 0.230469 0.167964 0.232418 0.167964 0.234377 0.16601 0.234377 0.160151 0.232418 0.160151
3 0.484377 0.154293 0.484377 0.156245 0.482418 0.158198 0.482418 0.162105 0.480469 0.164058 0.480469 0.16601 0.47852 0.167964 0.47852 0.171869 0.476561 0.173823 0.476561 0.175776 0.47852 0.17774 0.480469 0.17774 0.488285 0.185552 0.490234 0.185552 0.496091 0.191411 0.49805 0.191411 0.505856 0.199223 0.507816 0.199223 0.513673 0.205082 0.515622 0.205082 0.523438 0.212894 0.525387 0.212894 0.531255 0.218753 0.533203 0.218753 0.54102 0.226565 0.542969 0.226565 0.548826 0.232424 0.550785 0.232424 0.556642 0.238283 0.558591 0.238283 0.566408 0.246095 0.568357 0.246095 0.574214 0.251954 0.576173 0.251954 0.583989 0.259766 0.585938 0.259766 0.591795 0.265625 0.593755 0.265625 0.601561 0.273437 0.60352 0.273437 0.609377 0.279296 0.611326 0.279296 0.619142 0.287108 0.621091 0.287108 0.624999 0.291014 0.626948 0.289061 0.626948 0.287108 0.632816 0.281249 0.632816 0.279296 0.638673 0.273437 0.638673 0.271484 0.642581 0.267578 0.640622 0.265625 0.638673 0.265625 0.634765 0.261719 0.632816 0.261719 0.626948 0.25586 0.624999 0.25586 0.621091 0.251954 0.619142 0.251954 0.613285 0.246095 0.611326 0.246095 0.607418 0.242189 0.605469 0.242189 0.599612 0.23633 0.597652 0.23633 0.593755 0.232424 0.591795 0.232424 0.585938 0.226565 0.583989 0.226565 0.580081 0.222659 0.578122 0.222659 0.572265 0.2168 0.570316 0.2168 0.566408 0.212894 0.564448 0.212894 0.558591 0.207035 0.556642 0.207035 0.550785 0.201176 0.548826 0.201176 0.544918 0.19727 0.542969 0.19727 0.537112 0.191411 0.535152 0.191411 0.531255 0.187505 0.529295 0.187505 0.523438 0.181646 0.521489 0.181646 0.517581 0.17774 0.515622 0.17774 0.509765 0.171869 0.507816 0.171869 0.503907 0.167964 0.501948 0.167964 0.496091 0.162105 0.494142 0.162105 0.490234 0.158198 0.488285 0.158198
0 0.164061 0.201176 0.162112 0.203129 0.160152 0.203129 0.160152 0.210941 0.162112 0.212894 0.162112 0.214847 0.191408 0.214847 0.193357 0.2168 0.193357 0.214847 0.195316 0.212894 0.195316 0.210941 0.197265 0.208988 0.195316 0.207035 0.195316 0.205082 0.193357 0.203129 0.193357 0.201176
0 0.232418 0.203129 0.230469 0.205082 0.205081 0.205082 0.205081 0.207035 0.203122 0.208988 0.203122 0.210941 0.201173 0.212894 0.201173 0.214847 0.203122 0.2168 0.203122 0.218753 0.205081 0.220706 0.20703 0.218753 0.234377 0.218753 0.234377 0.212894 0.232418 0.210941
0 0.996091 0.011724 0.996091 0.013677 0.994142 0.01563 0.994142 0.023441 0.996091 0.025394 1 0.025394 1 0.023441 1 0.021488 1 0.01563 1 0.013677 1 0.011724
0 0.988285 0.488279 0.988285 0.492185 0.986326 0.494138 0.986326 0.499997 0.990234 0.499997 0.992183 0.50195 1 0.50195 1 0.498044 1 0.49609 1 0.494138 1 0.492185 1 0.492185 1 0.488279
0 0.148438 0.761722 0.14453 0.765628 0.14453 0.775393 0.152347 0.775393 0.154295 0.777346 0.160152 0.777346 0.162112 0.779299 0.164061 0.777346 0.173826 0.777346 0.175785 0.775393 0.175785 0.767581 0.173826 0.765628 0.173826 0.763675 0.150387 0.763675