0 0.742186 0.904297 0.734377 0.912107 0.734377 0.917969 0.738281 0.917969 0.740233 0.919923 0.746097 0.914061 0.748049 0.914061 0.750002 0.912107 0.750002 0.904297
0 0.978519 0.263672 0.974607 0.26758 0.972655 0.26758 0.968751 0.271482 0.964847 0.271482 0.964847 0.273436 0.966799 0.27539 0.966799 0.277344 0.968751 0.279298 0.968751 0.281252 0.972655 0.281252 0.97656 0.277344 0.978519 0.277344 0.982423 0.273436 0.984375 0.273436 0.984375 0.271482 0.986328 0.269534 0.986328 0.26758 0.984375 0.265626 0.984375 0.263672
0 0.839844 0.335936 0.835939 0.339844 0.833988 0.339844 0.830076 0.343752 0.828124 0.343752 0.826171 0.345701 0.826171 0.347654 0.82422 0.349608 0.826171 0.351562 0.830076 0.351562 0.832028 0.349608 0.833988 0.349608 0.837892 0.345701 0.839844 0.345701 0.841796 0.343752 0.843748 0.343752 0.843748 0.33789 0.841796 0.33789
0 0.787107 0.382815 0.783202 0.386718 0.78125 0.386718 0.777346 0.390625 0.775394 0.390625 0.773435 0.39258 0.773435 0.396482 0.775394 0.398436 0.775394 0.40039 0.777346 0.40039 0.779298 0.402344 0.78125 0.40039 0.783202 0.40039 0.787107 0.396482 0.789059 0.396482 0.791018 0.394533 0.79297 0.394533 0.79297 0.39258 0.791018 0.390625 0.791018 0.388671 0.789059 0.386718 0.789059 0.382815
0 0.759762 0.326172 0.75781 0.328126 0.755857 0.328126 0.753906 0.33008 0.751954 0.33008 0.750002 0.332033 0.748049 0.332033 0.746097 0.333982 0.744138 0.333982 0.744138 0.341798 0.746097 0.341798 0.748049 0.343752 0.751954 0.343752 0.753906 0.341798 0.755857 0.341798 0.75781 0.339844 0.761722 0.339844 0.763674 0.33789 0.765626 0.33789 0.765626 0.335936 0.767578 0.333982 0.767578 0.328126 0.763674 0.328126 0.761722 0.326172
0 0.78125 0.332033 0.777346 0.335936 0.775394 0.335936 0.771482 0.339844 0.76953 0.339844 0.765626 0.343752 0.765626 0.347654 0.771482 0.347654 0.771482 0.345701 0.773435 0.343752 0.775394 0.343752 0.779298 0.339844 0.78125 0.339844 0.785154 0.335936 0.787107 0.335936 0.785154 0.335936
0 0.941406 0.224609 0.939455 0.226563 0.93555 0.226563 0.931638 0.230471 0.929686 0.230471 0.925782 0.234373 0.92383 0.234373 0.92383 0.240235 0.925782 0.240235 0.927734 0.242189 0.931638 0.242189 0.93359 0.240235 0.93555 0.240235 0.939455 0.236327 0.941406 0.236327 0.943358 0.234373 0.945311 0.234373 0.945311 0.232419 0.947263 0.230471 0.947263 0.228517 0.945311 0.226563 0.945311 0.224609
1 0.146483 0.144529 0.142578 0.148437 0.142578 0.150391 0.14453 0.152344 0.14453 0.154299 0.146483 0.156252 0.148435 0.156252 0.154299 0.162109 0.156251 0.162109 0.160155 0.166017 0.164059 0.166017 0.166018 0.167971 0.169923 0.167971 0.171875 0.169919 0.173827 0.169919 0.175779 0.171873 0.179691 0.171873 0.181643 0.173827 0.185547 0.173827 0.189451 0.169919 0.191404 0.169919 0.191404 0.160155 0.185547 0.160155 0.183596 0.158201 0.177732 0.158201 0.175779 0.156252 0.169923 0.156252 0.167971 0.154299 0.166018 0.154299 0.162107 0.150391 0.160155 0.150391 0.156251 0.146483 0.154299 0.146483 0.152346 0.144529
0 0.996096 0.20508 0.994143 0.207034 0.992184 0.207034 0.990232 0.208982 0.988279 0.208982 0.986328 0.210936 0.984375 0.210936 0.982423 0.21289 0.984375 0.214844 0.984375 0.216798 0.986328 0.218752 0.986328 0.220701 0.988279 0.220701 0.992184 0.216798 0.994143 0.216798 0.998048 0.21289 1 0.21289 1 0.207034 0.998048 0.207034
0 0.863284 0.33789 0.85742 0.343752 0.855468 0.343752 0.853516 0.345701 0.853516 0.347654 0.851564 0.349608 0.853516 0.351562 0.853516 0.353516 0.859373 0.353516 0.861325 0.351562 0.863284 0.351562 0.867188 0.347654 0.869141 0.347654 0.869141 0.345701 0.871093 0.343752 0.869141 0.341798 0.869141 0.339844 0.865236 0.339844
0 0.634767 0.914061 0.632814 0.916015 0.628903 0.916015 0.626951 0.917969 0.621094 0.917969 0.621094 0.923831 0.623046 0.923831 0.624999 0.925779 0.626951 0.925779 0.628903 0.923831 0.630862 0.923831 0.632814 0.921877 0.636719 0.921877 0.638671 0.919923 0.640623 0.919923 0.640623 0.917969 0.642575 0.916015 0.640623 0.914061
0 0.890621 0.289062 0.888669 0.291017 0.886717 0.291017 0.884765 0.29297 0.882813 0.29297 0.880861 0.294924 0.878909 0.294924 0.878909 0.296873 0.876956 0.298827 0.876956 0.300781 0.878909 0.302735 0.882813 0.302735 0.884765 0.300781 0.886717 0.300781 0.888669 0.298827 0.890621 0.298827 0.898438 0.291017 0.894533 0.291017 0.892581 0.289062
0 1 0.185546 1 0.1875 1 0.1875 0.998048 0.191408 0.996096 0.191408 0.992184 0.19531 0.992184 0.197264 0.994143 0.199218 0.994143 0.201172 0.996096 0.201172 0.998048 0.199218 1 0.199218 1 0.19531 1 0.19531 1 0.193362 1 0.193362 1 0.189454 1 0.1875
0 0.648439 0.937498 0.646487 0.939452 0.642575 0.939452 0.640623 0.941406 0.634767 0.941406 0.634767 0.949222 0.638671 0.949222 0.640623 0.947267 0.644535 0.947267 0.646487 0.945313 0.650391 0.945313 0.650391 0.94336 0.652343 0.941406 0.650391 0.939452 0.650391 0.937498
0 0.726561 0.869141 0.722657 0.873049 0.720705 0.873049 0.716801 0.876952 0.714841 0.876952 0.712889 0.878906 0.714841 0.88086 0.714841 0.882814 0.716801 0.884768 0.718752 0.884768 0.720705 0.882814 0.722657 0.882814 0.724609 0.88086 0.728513 0.88086 0.730465 0.878906 0.732425 0.878906 0.732425 0.876952 0.734377 0.874998 0.734377 0.873049 0.730465 0.869141
0 0.949223 0.25781 0.947263 0.259764 0.945311 0.259764 0.943358 0.261718 0.941406 0.261718 0.939455 0.263672 0.937502 0.263672 0.937502 0.271482 0.943358 0.271482 0.945311 0.269534 0.947263 0.269534 0.949223 0.26758 0.953127 0.26758 0.957031 0.263672 0.957031 0.259764 0.955079 0.25781
0 0.958983 0.224609 0.955079 0.228517 0.953127 0.228517 0.949223 0.232419 0.947263 0.232419 0.947263 0.234373 0.945311 0.236327 0.945311 0.240235 0.947263 0.240235 0.949223 0.242189 0.951174 0.240235 0.953127 0.240235 0.957031 0.236327 0.958983 0.236327 0.962887 0.232419 0.964847 0.232419 0.964847 0.230471 0.966799 0.228517 0.964847 0.226563 0.964847 0.224609
0 1 0.21289 1 0.214844 1 0.214844 0.998048 0.216798 0.996096 0.216798 0.992184 0.220701 0.990232 0.220701 0.990232 0.222655 0.988279 0.224609 0.988279 0.226563 0.992184 0.226563 0.994143 0.228517 0.996096 0.226563 0.998048 0.226563 1 0.224609 1 0.224609 1 0.222655 1 0.222655 1 0.220701 1 0.218752 1 0.216798 1 0.214844
0 0.914062 0.283201 0.91211 0.285155 0.910158 0.285155 0.906253 0.289062 0.904294 0.289062 0.902342 0.291017 0.900389 0.291017 0.896485 0.294924 0.896485 0.298827 0.898438 0.298827 0.902342 0.302735 0.904294 0.300781 0.906253 0.300781 0.910158 0.296873 0.91211 0.296873 0.916014 0.29297 0.917966 0.29297 0.917966 0.291017 0.919926 0.289062 0.919926 0.285155 0.917966 0.285155 0.916014 0.283201
0 0.962887 0.234373 0.958983 0.238281 0.957031 0.238281 0.953127 0.242189 0.951174 0.242189 0.951174 0.246092 0.955079 0.25 0.957031 0.248046 0.958983 0.248046 0.962887 0.244143 0.964847 0.244143 0.966799 0.242189 0.968751 0.242189 0.968751 0.240235 0.970703 0.238281 0.966799 0.234373
0 0.474611 0.269534 0.464842 0.279298 0.46289 0.279298 0.460938 0.281252 0.460938 0.287109 0.46289 0.287109 0.464842 0.289062 0.466795 0.287109 0.468747 0.287109 0.470706 0.285155 0.472658 0.285155 0.476563 0.281252 0.478515 0.281252 0.478515 0.279298 0.480467 0.277344 0.480467 0.27539 0.478515 0.273436 0.478515 0.271482 0.476563 0.271482
0 0.660159 0.912107 0.658199 0.914061 0.656248 0.914061 0.654295 0.916015 0.650391 0.916015 0.650391 0.917969 0.648439 0.919923 0.652343 0.923831 0.654295 0.921877 0.656248 0.921877 0.658199 0.919923 0.660159 0.919923 0.662111 0.917969 0.664063 0.917969 0.664063 0.912107
1 0.367184 0 0.365232 0 0.36328 0 0.36328 0 0.365232 0 0.365232 0 0.369144 0 0.369144 0 0.373048 0 0.373048 0 0.375 0 0.375 0 0.378905 0 0.378905 0 0.382816 0 0.382816 0 0.386721 0 0.386721 0 0.390625 0 0.390625 0 0.392577 0 0.392577 0 0.396481 0.003908 0.396481 0.005862 0.39844 0.007811 0.404297 0.007811 0.406249 0.005862 0.408201 0.005862 0.408201 0 0.406249 0 0.406249 0 0.404297 0 0.404297 0 0.400393 0 0.400393 0 0.396481 0 0.396481 0 0.394529 0 0.394529 0 0.390625 0 0.390625 0 0.386721 0 0.386721 0 0.384768 0 0.384768 0 0.380857 0 0.380857 0 0.376952 0 0.376952 0 0.375 0 0.375 0 0.373048 0
0 0.61719 0.980469 0.615238 0.982423 0.611326 0.982423 0.609374 0.984377 0.603518 0.984377 0.601566 0.986331 0.601566 0.988279 0.603518 0.990233 0.603518 0.992187 0.607422 0.992187 0.609374 0.990233 0.613278 0.990233 0.615238 0.988279 0.621094 0.988279 0.621094 0.986331 0.623046 0.984377 0.621094 0.982423 0.621094 0.980469
0 0.902342 0.308591 0.900389 0.310545 0.898438 0.310545 0.896485 0.312499 0.894533 0.312499 0.892581 0.314453 0.890621 0.314453 0.890621 0.316407 0.888669 0.318361 0.888669 0.320315 0.890621 0.322264 0.890621 0.324218 0.892581 0.322264 0.896485 0.322264 0.898438 0.320315 0.900389 0.320315 0.902342 0.318361 0.908206 0.318361 0.908206 0.310545 0.906253 0.312499
0 0.662111 0.964842 0.660159 0.966796 0.658199 0.966796 0.656248 0.96875 0.652343 0.96875 0.650391 0.970704 0.648439 0.970704 0.648439 0.972658 0.646487 0.974607 0.646487 0.976561 0.648439 0.978515 0.650391 0.978515 0.652343 0.976561 0.656248 0.976561 0.658199 0.974607 0.660159 0.974607 0.662111 0.972658 0.666016 0.972658 0.666016 0.96875 0.664063 0.966796 0.664063 0.964842
0 0.880861 0.273436 0.876956 0.277344 0.874997 0.277344 0.871093 0.281252 0.869141 0.281252 0.865236 0.285155 0.867188 0.287109 0.867188 0.289062 0.869141 0.291017 0.873045 0.291017 0.874997 0.289062 0.876956 0.289062 0.880861 0.285155 0.882813 0.285155 0.884765 0.283201 0.886717 0.283201 0.888669 0.281252 0.888669 0.279298 0.886717 0.279298 0.884765 0.277344 0.884765 0.27539 0.882813 0.273436
0 0.835939 0.287109 0.833988 0.289062 0.832028 0.289062 0.828124 0.29297 0.826171 0.29297 0.82422 0.294924 0.822268 0.294924 0.822268 0.296873 0.828124 0.302735 0.830076 0.300781 0.832028 0.300781 0.835939 0.296873 0.837892 0.296873 0.841796 0.29297 0.839844 0.291017 0.839844 0.289062 0.837892 0.287109
1 0.093753 0.109373 0.091793 0.111327 0.089841 0.111327 0.089841 0.119143 0.091793 0.121092 0.091793 0.123046 0.093753 0.125 0.093753 0.126954 0.095705 0.128908 0.095705 0.13281 0.097657 0.134764 0.097657 0.136718 0.099609 0.138672 0.099609 0.140626 0.101561 0.14258 0.101561 0.144529 0.103514 0.146483 0.103514 0.150391 0.105465 0.152344 0.105465 0.154299 0.107425 0.156252 0.107425 0.158201 0.109377 0.160155 0.109377 0.164063 0.11133 0.166017 0.11133 0.167971 0.113282 0.169919 0.113282 0.171873 0.115233 0.173827 0.115233 0.175781 0.117186 0.177735 0.117186 0.181643 0.119138 0.183592 0.119138 0.185546 0.12109 0.1875 0.12109 0.189454 0.12305 0.191408 0.12305 0.193362 0.130858 0.193362 0.134762 0.189454 0.134762 0.1875 0.132811 0.185546 0.132811 0.183592 0.130858 0.181643 0.130858 0.179689 0.128906 0.177735 0.128906 0.175781 0.126954 0.173827 0.126954 0.169919 0.125001 0.167971 0.125001 0.166017 0.12305 0.164063 0.12305 0.162109 0.12109 0.160155 0.12109 0.156252 0.119138 0.154299 0.119138 0.152344 0.117186 0.150391 0.117186 0.148437 0.115233 0.146483 0.115233 0.144529 0.113282 0.14258 0.113282 0.138672 0.11133 0.136718 0.11133 0.134764 0.109377 0.13281 0.109377 0.130862 0.107425 0.128908 0.107425 0.125 0.105465 0.123046 0.105465 0.121092 0.103514 0.119143 0.103514 0.117189 0.101561 0.115235 0.101561 0.113281 0.099609 0.111327 0.099609 0.109373
0 0.898438 0.261718 0.894533 0.265626 0.892581 0.265626 0.888669 0.269534 0.886717 0.269534 0.886717 0.271482 0.884765 0.273436 0.886717 0.27539 0.886717 0.277344 0.892581 0.277344 0.894533 0.27539 0.896485 0.27539 0.898438 0.273436 0.900389 0.273436 0.902342 0.271482 0.904294 0.271482 0.904294 0.269534 0.906253 0.26758 0.904294 0.265626 0.904294 0.263672 0.902342 0.261718
0 0.902342 0.320315 0.900389 0.322264 0.898438 0.322264 0.896485 0.324218 0.892581 0.324218 0.892581 0.326172 0.890621 0.328126 0.890621 0.332033 0.894533 0.332033 0.896485 0.333982 0.898438 0.332033 0.902342 0.332033 0.904294 0.33008 0.910158 0.33008 0.910158 0.324218 0.908206 0.322264 0.908206 0.320315
0 0.906253 0.273436 0.902342 0.277344 0.900389 0.277344 0.896485 0.281252 0.894533 0.281252 0.894533 0.289062 0.898438 0.289062 0.900389 0.287109 0.904294 0.287109 0.906253 0.285155 0.908206 0.285155 0.910158 0.283201 0.91211 0.283201 0.914062 0.281252 0.914062 0.27539 0.91211 0.27539 0.910158 0.273436
0 0.771482 0.35547 0.767578 0.359373 0.765626 0.359373 0.761722 0.363281 0.759762 0.363281 0.75781 0.365235 0.755857 0.365235 0.755857 0.369143 0.75781 0.371091 0.75781 0.373045 0.759762 0.373045 0.761722 0.374999 0.763674 0.373045 0.765626 0.373045 0.767578 0.371091 0.76953 0.371091 0.777346 0.363281 0.775394 0.361327 0.775394 0.359373
0 0.816403 0.298827 0.814452 0.300781 0.812499 0.300781 0.810547 0.302735 0.808595 0.302735 0.806643 0.304689 0.804691 0.304689 0.804691 0.306643 0.802731 0.308591 0.802731 0.312499 0.804691 0.312499 0.806643 0.314453 0.810547 0.314453 0.814452 0.310545 0.816403 0.310545 0.820315 0.306643 0.822268 0.306643 0.82422 0.304689 0.82422 0.300781 0.822268 0.298827
0 0.14453 0.021483 0.14453 0.023437 0.142578 0.025391 0.142578 0.031247 0.140626 0.033201 0.140626 0.039063 0.142578 0.041017 0.148435 0.041017 0.148435 0.037109 0.150394 0.035155 0.150394 0.029299 0.152346 0.027345 0.154299 0.027345 0.154299 0.025391 0.152346 0.023437 0.150394 0.023437 0.148435 0.021483
0 0.843748 0.296873 0.839844 0.300781 0.837892 0.300781 0.833988 0.304689 0.832028 0.304689 0.830076 0.306643 0.830076 0.310545 0.832028 0.310545 0.835939 0.314453 0.839844 0.310545 0.841796 0.310545 0.8457 0.306643 0.84766 0.306643 0.851564 0.302735 0.849612 0.300781 0.849612 0.298827 0.8457 0.298827
0 0.726561 0.916015 0.724609 0.917969 0.722657 0.917969 0.720705 0.919923 0.718752 0.919923 0.716801 0.921877 0.716801 0.925779 0.718752 0.925779 0.720705 0.927733 0.722657 0.925779 0.724609 0.925779 0.726561 0.923831 0.730465 0.923831 0.732425 0.921877 0.734377 0.921877 0.734377 0.919923 0.732425 0.917969 0.732425 0.916015
0 0.666016 0.919923 0.664063 0.921877 0.660159 0.921877 0.658199 0.923831 0.654295 0.923831 0.652343 0.925779 0.652343 0.929687 0.654295 0.931641 0.658199 0.931641 0.660159 0.929687 0.662111 0.929687 0.664063 0.927733 0.667967 0.927733 0.667967 0.921877
0 0.802731 0.373045 0.796875 0.378907 0.794923 0.378907 0.79297 0.380861 0.79297 0.382815 0.791018 0.384764 0.791018 0.386718 0.79297 0.388671 0.79297 0.390625 0.796875 0.390625 0.798827 0.39258 0.800779 0.390625 0.802731 0.390625 0.806643 0.386718 0.808595 0.386718 0.812499 0.382815 0.812499 0.376953 0.808595 0.373045
0 0.97656 0.253907 0.974607 0.255862 0.972655 0.255862 0.970703 0.25781 0.968751 0.25781 0.966799 0.259764 0.964847 0.259764 0.962887 0.261718 0.960935 0.261718 0.960935 0.26758 0.962887 0.26758 0.964847 0.269534 0.966799 0.26758 0.968751 0.26758 0.970703 0.265626 0.972655 0.265626 0.974607 0.263672 0.97656 0.263672 0.978519 0.261718 0.980471 0.261718 0.982423 0.259764 0.982423 0.255862 0.980471 0.253907
0 0.876956 0.263672 0.874997 0.265626 0.873045 0.265626 0.871093 0.26758 0.869141 0.26758 0.865236 0.271482 0.863284 0.271482 0.861325 0.273436 0.859373 0.273436 0.859373 0.277344 0.861325 0.279298 0.861325 0.281252 0.865236 0.281252 0.867188 0.279298 0.869141 0.279298 0.871093 0.277344 0.873045 0.277344 0.874997 0.27539 0.876956 0.27539 0.882813 0.269534 0.880861 0.269534 0.876956 0.265626
1 0.445314 0.1875 0.443362 0.189454 0.44141 0.189454 0.437498 0.193362 0.435545 0.193362 0.433594 0.19531 0.431642 0.19531 0.427737 0.199218 0.425777 0.199218 0.421873 0.203126 0.419921 0.203126 0.417969 0.20508 0.416018 0.20508 0.412113 0.208982 0.410153 0.208982 0.408201 0.210936 0.406249 0.210936 0.402345 0.214844 0.396481 0.214844 0.394529 0.21289 0.388672 0.21289 0.388672 0.222655 0.390625 0.224609 0.390625 0.226563 0.392577 0.228517 0.402345 0.228517 0.404297 0.226563 0.406249 0.226563 0.408201 0.224609 0.410153 0.224609 0.412113 0.222655 0.414065 0.222655 0.416018 0.220701 0.417969 0.220701 0.419921 0.218752 0.421873 0.218752 0.423826 0.216798 0.425777 0.216798 0.429689 0.21289 0.431642 0.21289 0.433594 0.210936 0.435545 0.210936 0.437498 0.208982 0.43945 0.208982 0.44141 0.207034 0.443362 0.207034 0.445314 0.20508 0.447266 0.20508 0.449218 0.203126 0.45117 0.203126 0.453123 0.201172 0.455074 0.201172 0.455074 0.19531 0.453123 0.193362 0.453123 0.191408 0.449218 0.1875
0 0.894533 0.296873 0.890621 0.300781 0.888669 0.300781 0.884765 0.304689 0.882813 0.304689 0.880861 0.306643 0.880861 0.312499 0.882813 0.312499 0.886717 0.316407 0.890621 0.312499 0.892581 0.312499 0.894533 0.310545 0.896485 0.310545 0.898438 0.308591 0.900389 0.308591 0.900389 0.306643 0.902342 0.304689 0.898438 0.300781 0.896485 0.300781 0.894533 0.298827
0 0.79297 0.347654 0.791018 0.349608 0.789059 0.349608 0.785154 0.353516 0.783202 0.353516 0.78125 0.35547 0.779298 0.35547 0.777346 0.357424 0.777346 0.361327 0.779298 0.363281 0.779298 0.365235 0.783202 0.365235 0.789059 0.359373 0.791018 0.359373 0.796875 0.353516 0.798827 0.353516 0.796875 0.351562 0.796875 0.349608 0.794923 0.347654
0 0.591798 0.937498 0.589845 0.939452 0.585941 0.939452 0.583982 0.941406 0.578125 0.941406 0.578125 0.94336 0.576173 0.945313 0.576173 0.947267 0.578125 0.947267 0.58203 0.95117 0.583982 0.949222 0.587893 0.949222 0.589845 0.947267 0.591798 0.947267 0.59375 0.945313 0.597654 0.945313 0.597654 0.941406 0.595702 0.939452 0.59375 0.939452
0 0.76953 0.29297 0.767578 0.294924 0.763674 0.294924 0.761722 0.296873 0.761722 0.298827 0.759762 0.300781 0.763674 0.304689 0.767578 0.304689 0.771482 0.300781 0.773435 0.300781 0.777346 0.296873 0.773435 0.29297
0 0.851564 0.322264 0.8457 0.328126 0.843748 0.328126 0.841796 0.33008 0.841796 0.335936 0.849612 0.335936 0.853516 0.332033 0.855468 0.332033 0.85742 0.33008 0.85742 0.328126 0.859373 0.326172 0.85742 0.324218 0.85742 0.322264
0 0.73633 0.921877 0.734377 0.923831 0.732425 0.923831 0.730465 0.925779 0.728513 0.925779 0.726561 0.927733 0.722657 0.927733 0.720705 0.929687 0.718752 0.929687 0.718752 0.931641 0.716801 0.933595 0.716801 0.935549 0.718752 0.937498 0.718752 0.939452 0.720705 0.939452 0.722657 0.941406 0.724609 0.939452 0.726561 0.939452 0.728513 0.937498 0.730465 0.937498 0.732425 0.935549 0.73633 0.935549 0.738281 0.933595 0.740233 0.933595 0.740233 0.931641 0.742186 0.929687 0.742186 0.927733
0 0.175779 0.04492 0.173827 0.046874 0.171875 0.046874 0.167971 0.050781 0.166018 0.050781 0.162107 0.054689 0.160155 0.054689 0.160155 0.056638 0.158203 0.058592 0.158203 0.060546 0.160155 0.0625 0.164059 0.0625 0.166018 0.060546 0.167971 0.060546 0.169923 0.058592 0.171875 0.058592 0.173827 0.056638 0.175779 0.056638 0.177732 0.054689 0.179691 0.054689 0.181643 0.052736 0.183596 0.052736 0.183596 0.050781 0.181643 0.048828 0.181643 0.046874 0.177732 0.046874
0 0.925782 0.304689 0.92383 0.306643 0.921878 0.306643 0.919926 0.308591 0.917966 0.308591 0.914062 0.312499 0.91211 0.312499 0.91211 0.314453 0.910158 0.316407 0.916014 0.322264 0.917966 0.320315 0.919926 0.320315 0.92383 0.316407 0.925782 0.316407 0.927734 0.314453 0.929686 0.314453 0.929686 0.312499 0.931638 0.310545 0.929686 0.308591 0.929686 0.306643 0.927734 0.306643
0 0.130858 0 0.128906 0 0.126954 0 0.126954 0.007811 0.125001 0.009765 0.125001 0.017581 0.130858 0.023437 0.132811 0.023437 0.134762 0.021483 0.134762 0.015626 0.136722 0.013672 0.136722 0.005862 0.138674 0.003908 0.138674 0 0.136722 0 0.134762 0
0 0.716801 0.662107 0.714841 0.664062 0.710937 0.664062 0.710937 0.666016 0.708984 0.667969 0.710937 0.669923 0.710937 0.673826 0.712889 0.67578 0.712889 0.677734 0.716801 0.681642 0.716801 0.683596 0.718752 0.685544 0.722657 0.685544 0.724609 0.683596 0.726561 0.683596 0.726561 0.681642 0.728513 0.679688 0.726561 0.677734 0.726561 0.67578 0.720705 0.669923 0.720705 0.667969 0.716801 0.664062
0 0.624999 0.988279 0.623046 0.990233 0.61719 0.990233 0.615238 0.992187 0.609374 0.992187 0.609374 0.994141 0.607422 0.996095 0.607422 0.998049 0.611326 1 0.613278 1 0.615238 0.999998 0.61719 0.999998 0.619143 0.998049 0.623046 0.998049 0.624999 0.996095 0.626951 0.996095 0.628903 0.994141 0.628903 0.990233 0.626951 0.990233
0 0.724609 0.908204 0.722657 0.910158 0.718752 0.910158 0.716801 0.912107 0.712889 0.912107 0.712889 0.914061 0.710937 0.916015 0.712889 0.917969 0.714841 0.917969 0.716801 0.919923 0.718752 0.917969 0.720705 0.917969 0.722657 0.916015 0.724609 0.916015 0.726561 0.914061 0.728513 0.914061 0.728513 0.910158 0.726561 0.910158
0 0.142578 0.003908 0.140626 0.005862 0.138674 0.005862 0.138674 0.013672 0.136722 0.015626 0.136722 0.025391 0.138674 0.027345 0.140626 0.027345 0.140626 0.025391 0.142578 0.023437 0.142578 0.021483 0.14453 0.019529 0.146483 0.019529 0.146483 0.013672 0.148435 0.011719 0.148435 0.005862 0.146483 0.003908
0 1 0.224609 1 0.226563 1 0.226563 0.998048 0.230471 0.996096 0.230471 0.996096 0.232419 0.994143 0.234373 0.998048 0.238281 1 0.236327 1 0.236327 1 0.234373 1 0.234373 1 0.232419 1 0.230471 1 0.226563 1 0.224609
0 0.761722 0.341798 0.759762 0.343752 0.75781 0.343752 0.755857 0.345701 0.753906 0.345701 0.751954 0.347654 0.750002 0.347654 0.748049 0.349608 0.746097 0.349608 0.744138 0.351562 0.744138 0.353516 0.746097 0.35547 0.746097 0.357424 0.751954 0.357424 0.753906 0.35547 0.755857 0.35547 0.75781 0.353516 0.761722 0.353516 0.763674 0.351562 0.765626 0.351562 0.765626 0.349608 0.763674 0.347654 0.763674 0.343752
0 0.789059 0.335936 0.787107 0.33789 0.785154 0.33789 0.78125 0.341798 0.779298 0.341798 0.775394 0.345701 0.773435 0.345701 0.773435 0.347654 0.771482 0.349608 0.773435 0.351562 0.773435 0.353516 0.777346 0.353516 0.779298 0.351562 0.783202 0.351562 0.785154 0.349608 0.787107 0.349608 0.789059 0.347654 0.791018 0.347654 0.79297 0.345701 0.79297 0.341798 0.791018 0.339844 0.791018 0.33789
1 0.533204 0.162109 0.533204 0.164063 0.531252 0.166017 0.531252 0.167971 0.5293 0.169919 0.5293 0.173827 0.52734 0.175781 0.52734 0.177735 0.525388 0.179689 0.525388 0.183592 0.523436 0.185546 0.523436 0.1875 0.521484 0.189454 0.521484 0.191408 0.519532 0.193362 0.519532 0.197264 0.51758 0.199218 0.51758 0.201172 0.515627 0.203126 0.515627 0.207034 0.513676 0.208982 0.513676 0.210936 0.511716 0.21289 0.511716 0.214844 0.513676 0.216798 0.513676 0.218752 0.515627 0.218752 0.51758 0.220701 0.523436 0.220701 0.525388 0.218752 0.525388 0.216798 0.52734 0.214844 0.52734 0.21289 0.5293 0.210936 0.5293 0.207034 0.531252 0.20508 0.531252 0.203126 0.533204 0.201172 0.533204 0.197264 0.535156 0.19531 0.535156 0.193362 0.537108 0.191408 0.537108 0.189454 0.539061 0.1875 0.539061 0.183592 0.541013 0.181643 0.541013 0.179689 0.542972 0.177735 0.542972 0.173827 0.544924 0.171873 0.544924 0.169919 0.546876 0.167971 0.546876 0.166017 0.541013 0.166017 0.539061 0.164063 0.535156 0.164063
0 0.158203 0.027345 0.156251 0.029299 0.152346 0.029299 0.152346 0.035155 0.150394 0.037109 0.150394 0.042971 0.152346 0.04492 0.152346 0.046874 0.154299 0.048828 0.156251 0.046874 0.160155 0.046874 0.160155 0.04492 0.162107 0.042971 0.162107 0.039063 0.164059 0.037109 0.164059 0.029299 0.162107 0.027345
0 0.958983 0.273436 0.957031 0.27539 0.955079 0.27539 0.951174 0.279298 0.949223 0.279298 0.947263 0.281252 0.945311 0.281252 0.945311 0.289062 0.947263 0.291017 0.949223 0.289062 0.951174 0.289062 0.955079 0.285155 0.957031 0.285155 0.960935 0.281252 0.962887 0.281252 0.964847 0.279298 0.964847 0.277344 0.962887 0.27539 0.962887 0.273436
0 0.859373 0.33008 0.855468 0.333982 0.853516 0.333982 0.849612 0.33789 0.84766 0.33789 0.8457 0.339844 0.8457 0.345701 0.84766 0.347654 0.849612 0.345701 0.851564 0.345701 0.855468 0.341798 0.85742 0.341798 0.863284 0.335936 0.865236 0.33789 0.865236 0.333982 0.863284 0.332033 0.863284 0.33008
0 0.707033 0.88086 0.703128 0.884768 0.701169 0.884768 0.697264 0.88867 0.695312 0.88867 0.69336 0.890624 0.695312 0.892578 0.695312 0.894532 0.699217 0.894532 0.701169 0.892578 0.703128 0.892578 0.70508 0.890624 0.708984 0.890624 0.710937 0.88867 0.712889 0.88867 0.712889 0.886716 0.714841 0.884768 0.712889 0.882814 0.712889 0.88086
1 0.320311 0 0.318359 0 0.316407 0 0.316407 0 0.314455 0 0.314455 0 0.316407 0 0.316407 0 0.318359 0 0.318359 0 0.320311 0 0.320311 0.001954 0.322263 0.003908 0.322263 0.005862 0.324215 0.007811 0.324215 0.009765 0.326175 0.011719 0.326175 0.013672 0.328127 0.015626 0.328127 0.017581 0.330079 0.019529 0.330079 0.021483 0.332031 0.023437 0.332031 0.025391 0.333983 0.027345 0.333983 0.029299 0.335936 0.031247 0.335936 0.033201 0.337887 0.035155 0.337887 0.037109 0.339847 0.039063 0.339847 0.041017 0.341799 0.042971 0.341799 0.04492 0.347655 0.04492 0.349608 0.046874 0.353512 0.042971 0.355472 0.042971 0.355472 0.033201 0.353512 0.031247 0.353512 0.029299 0.35156 0.027345 0.35156 0.025391 0.349608 0.023437 0.349608 0.021483 0.345704 0.017581 0.345704 0.015626 0.343751 0.013672 0.343751 0.011719 0.339847 0.007811 0.339847 0.005862 0.337887 0.003908 0.337887 0.001954 0.335936 0 0.335936 0 0.332031 0 0.332031 0 0.330079 0 0.330079 0 0.328127 0 0.328127 0 0.326175 0
0 0.835939 0.328126 0.833988 0.33008 0.832028 0.33008 0.830076 0.332033 0.828124 0.332033 0.826171 0.333982 0.82422 0.333982 0.822268 0.335936 0.820315 0.335936 0.820315 0.343752 0.826171 0.343752 0.828124 0.341798 0.830076 0.341798 0.833988 0.33789 0.835939 0.33789 0.839844 0.333982 0.839844 0.332033
0 0.919926 0.29297 0.917966 0.294924 0.916014 0.294924 0.91211 0.298827 0.910158 0.298827 0.906253 0.302735 0.904294 0.302735 0.904294 0.308591 0.906253 0.310545 0.908206 0.308591 0.910158 0.308591 0.91211 0.306643 0.914062 0.306643 0.916014 0.304689 0.919926 0.304689 0.92383 0.300781 0.925782 0.300781 0.925782 0.296873 0.921878 0.29297
0 0.796875 0.35547 0.791018 0.361327 0.789059 0.361327 0.785154 0.365235 0.787107 0.367189 0.787107 0.369143 0.791018 0.373045 0.79297 0.371091 0.794923 0.371091 0.796875 0.369143 0.798827 0.369143 0.800779 0.367189 0.802731 0.367189 0.802731 0.365235 0.804691 0.363281 0.804691 0.361327 0.802731 0.359373 0.802731 0.357424 0.800779 0.35547
0 0.851564 0.310545 0.849612 0.312499 0.84766 0.312499 0.843748 0.316407 0.841796 0.316407 0.839844 0.318361 0.839844 0.320315 0.837892 0.322264 0.839844 0.324218 0.839844 0.326172 0.843748 0.326172 0.8457 0.324218 0.84766 0.324218 0.851564 0.320315 0.853516 0.320315 0.85742 0.316407
0 0.822268 0.308591 0.820315 0.310545 0.818363 0.310545 0.814452 0.314453 0.812499 0.314453 0.810547 0.316407 0.808595 0.316407 0.808595 0.318361 0.806643 0.320315 0.806643 0.324218 0.808595 0.326172 0.810547 0.324218 0.812499 0.324218 0.814452 0.322264 0.816403 0.322264 0.818363 0.320315 0.820315 0.320315 0.826171 0.314453 0.830076 0.314453 0.828124 0.312499 0.828124 0.310545 0.826171 0.310545 0.82422 0.308591
0 0.542972 0.955078 0.539061 0.958986 0.539061 0.96094 0.541013 0.962888 0.541013 0.964842 0.542972 0.966796 0.542972 0.96875 0.544924 0.970704 0.544924 0.972658 0.546876 0.974607 0.550781 0.974607 0.550781 0.972658 0.552732 0.970704 0.552732 0.966796 0.550781 0.964842 0.550781 0.962888 0.548829 0.96094 0.548829 0.958986 0.546876 0.957032 0.546876 0.955078
0 0.775394 0.367189 0.76953 0.373045 0.767578 0.373045 0.763674 0.376953 0.765626 0.378907 0.765626 0.380861 0.767578 0.382815 0.76953 0.382815 0.773435 0.378907 0.775394 0.378907 0.78125 0.373045 0.783202 0.373045 0.78125 0.371091 0.78125 0.369143 0.779298 0.369143 0.777346 0.367189
0 0.888669 0.253907 0.882813 0.259764 0.880861 0.259764 0.878909 0.261718 0.878909 0.265626 0.880861 0.26758 0.882813 0.26758 0.884765 0.269534 0.888669 0.265626 0.890621 0.265626 0.894533 0.261718 0.896485 0.261718 0.896485 0.259764 0.898438 0.25781 0.896485 0.25781 0.892581 0.253907
0 0.970703 0.175781 0.966799 0.179689 0.964847 0.179689 0.962887 0.181643 0.960935 0.181643 0.957031 0.185546 0.955079 0.185546 0.955079 0.189454 0.957031 0.191408 0.957031 0.193362 0.960935 0.193362 0.962887 0.191408 0.964847 0.191408 0.968751 0.1875 0.970703 0.1875 0.972655 0.185546 0.974607 0.185546 0.974607 0.183592 0.97656 0.181643 0.974607 0.179689 0.974607 0.177735 0.972655 0.177735
1 0.369144 0.136718 0.365232 0.140626 0.36328 0.140626 0.359376 0.144529 0.357423 0.144529 0.35156 0.150391 0.349608 0.150391 0.345704 0.154299 0.343751 0.154299 0.337887 0.160155 0.335936 0.160155 0.332031 0.164063 0.330079 0.164063 0.328127 0.166017 0.328127 0.169919 0.332031 0.173827 0.333983 0.173827 0.335936 0.175781 0.339847 0.171873 0.341799 0.171873 0.345704 0.167971 0.347655 0.167971 0.353512 0.162109 0.355472 0.162109 0.359376 0.158201 0.361328 0.158201 0.367184 0.152344 0.369144 0.152344 0.373048 0.148437 0.375 0.148437 0.376952 0.146483 0.376952 0.144529 0.378905 0.14258 0.378905 0.140626 0.376952 0.140626 0.373048 0.136718
0 0.78125 0.374999 0.775394 0.380861 0.773435 0.380861 0.76953 0.384764 0.76953 0.388671 0.771482 0.390625 0.773435 0.390625 0.775394 0.388671 0.777346 0.388671 0.78125 0.384764 0.783202 0.384764 0.787107 0.380861 0.789059 0.380861 0.787107 0.378907 0.787107 0.376953 0.785154 0.376953 0.783202 0.374999
0 0.941406 0.248046 0.93555 0.253907 0.93359 0.253907 0.931638 0.255862 0.931638 0.259764 0.93555 0.263672 0.937502 0.261718 0.939455 0.261718 0.941406 0.259764 0.943358 0.259764 0.947263 0.255862 0.949223 0.255862 0.949223 0.253907 0.951174 0.251953 0.949223 0.25 0.949223 0.248046
0 0.73633 0.886716 0.734377 0.88867 0.732425 0.88867 0.728513 0.892578 0.726561 0.892578 0.724609 0.894532 0.722657 0.894532 0.722657 0.900389 0.724609 0.900389 0.726561 0.902343 0.728513 0.900389 0.730465 0.900389 0.732425 0.89844 0.734377 0.89844 0.73633 0.896486 0.738281 0.896486 0.740233 0.894532 0.742186 0.894532 0.742186 0.890624 0.740233 0.88867 0.740233 0.886716
0 0.636719 0.923831 0.634767 0.925779 0.632814 0.925779 0.630862 0.927733 0.628903 0.927733 0.626951 0.929687 0.624999 0.929687 0.624999 0.933595 0.626951 0.935549 0.628903 0.935549 0.630862 0.937498 0.632814 0.935549 0.634767 0.935549 0.638671 0.931641 0.640623 0.931641 0.640623 0.925779 0.638671 0.925779
0 0.12109 0 0.119138 0 0.117186 0 0.117186 0 0.115233 0 0.115233 0.005862 0.117186 0.007811 0.117186 0.009765 0.12305 0.009765 0.125001 0.007811 0.125001 0 0.126954 0 0.128906 0 0.128906 0 0.12305 0
1 0.212892 0.099609 0.21094 0.101563 0.207028 0.101563 0.203124 0.105471 0.201172 0.105471 0.195315 0.111327 0.193356 0.111327 0.1875 0.117189 0.185547 0.117189 0.179691 0.123046 0.177732 0.123046 0.175779 0.125 0.175779 0.128908 0.181643 0.134764 0.181643 0.136718 0.183596 0.134764 0.185547 0.134764 0.1875 0.13281 0.189451 0.13281 0.193356 0.128908 0.195315 0.128908 0.19922 0.125 0.201172 0.125 0.205076 0.121092 0.207028 0.121092 0.21094 0.117189 0.212892 0.117189 0.216796 0.113281 0.218748 0.113281 0.218748 0.107419 0.216796 0.105471 0.216796 0.103517
0 0.574221 0.488281 0.572269 0.490234 0.570309 0.490234 0.566405 0.494142 0.564453 0.494142 0.560548 0.498045 0.562501 0.499999 0.562501 0.501953 0.564453 0.501953 0.566405 0.503907 0.570309 0.499999 0.572269 0.499999 0.576173 0.496096 0.578125 0.496096 0.578125 0.494142 0.580077 0.492188 0.578125 0.490234 0.578125 0.488281
0 0.958983 0.265626 0.957031 0.26758 0.955079 0.26758 0.953127 0.269534 0.949223 0.269534 0.947263 0.271482 0.945311 0.271482 0.943358 0.273436 0.939455 0.273436 0.939455 0.279298 0.941406 0.279298 0.943358 0.281252 0.945311 0.279298 0.947263 0.279298 0.949223 0.277344 0.951174 0.277344 0.955079 0.273436 0.957031 0.273436 0.958983 0.271482 0.960935 0.271482 0.960935 0.269534 0.958983 0.26758
0 0.61719 0.21289 0.615238 0.214844 0.615238 0.218752 0.61719 0.220701 0.61719 0.222655 0.619143 0.224609 0.619143 0.226563 0.621094 0.228517 0.621094 0.230471 0.623046 0.232419 0.624999 0.232419 0.626951 0.234373 0.628903 0.232419 0.630862 0.232419 0.630862 0.230471 0.632814 0.228517 0.632814 0.226563 0.630862 0.224609 0.630862 0.222655 0.624999 0.216798 0.624999 0.214844 0.623046 0.21289
0 0.826171 0.316407 0.820315 0.322264 0.818363 0.322264 0.814452 0.326172 0.814452 0.33008 0.816403 0.332033 0.816403 0.333982 0.820315 0.333982 0.822268 0.332033 0.82422 0.332033 0.826171 0.33008 0.828124 0.33008 0.830076 0.328126 0.832028 0.328126 0.832028 0.320315 0.828124 0.316407
0 0.841796 0.345701 0.837892 0.349608 0.835939 0.349608 0.832028 0.353516 0.830076 0.353516 0.828124 0.35547 0.828124 0.359373 0.830076 0.361327 0.830076 0.363281 0.835939 0.363281 0.837892 0.361327 0.839844 0.361327 0.841796 0.359373 0.843748 0.359373 0.8457 0.357424 0.84766 0.357424 0.84766 0.35547 0.849612 0.353516 0.849612 0.351562 0.843748 0.345701
0 0.599606 0.945313 0.597654 0.947267 0.595702 0.947267 0.59375 0.949222 0.591798 0.949222 0.589845 0.95117 0.587893 0.95117 0.587893 0.953124 0.585941 0.955078 0.585941 0.957032 0.587893 0.957032 0.591798 0.96094 0.59375 0.958986 0.595702 0.958986 0.597654 0.957032 0.601566 0.957032 0.603518 0.955078 0.60547 0.955078 0.60547 0.947267 0.601566 0.947267
0 0.562501 0.468751 0.556637 0.474608 0.554685 0.474608 0.550781 0.478516 0.550781 0.484372 0.554685 0.488281 0.556637 0.486326 0.558597 0.486326 0.564453 0.48047 0.566405 0.48047 0.570309 0.476562 0.570309 0.472654 0.566405 0.468751
0 0.968751 0.244143 0.962887 0.25 0.960935 0.25 0.957031 0.253907 0.957031 0.25781 0.958983 0.259764 0.962887 0.259764 0.964847 0.25781 0.966799 0.25781 0.970703 0.253907 0.972655 0.253907 0.972655 0.251953 0.974607 0.25 0.974607 0.246092 0.970703 0.246092