0 0.947263 0.267577 0.947263 0.269532 0.945312 0.271488 0.945312 0.283206 0.943361 0.285155 0.943361 0.292969 0.947263 0.296873 0.951173 0.296873 0.953124 0.298829 0.955075 0.298829 0.957033 0.296873 0.957033 0.285155 0.958985 0.283206 0.958985 0.271488 0.957033 0.269532 0.957033 0.267577
4 0.970706 0.974612 0.970706 0.97656 0.968748 0.978515 0.968748 0.984374 0.966797 0.98633 0.966797 0.990234 0.964845 0.992189 0.964845 0.996093 0.962887 0.998048 0.962887 1 0.960936 1 0.960936 1 0.958985 1 0.958985 1 0.957033 1 0.957033 1 0.955075 1 0.955075 1 0.953124 1 0.953124 1 0.951173 1 0.951173 1 0.949221 1 0.949221 1 0.947263 1 0.947263 1 0.945312 1 0.945312 1 0.943361 1 0.943361 1 0.941409 1 0.941409 1 0.939451 1 0.939451 1 0.9375 1 0.9375 1 0.935549 1 0.935549 1 0.933591 1 0.933591 1 0.931639 1 0.931639 1 0.929688 1 0.929688 1 0.927737 1 0.927737 1 0.925779 1 0.925779 1 0.923827 1 0.923827 1 0.921876 1 0.921876 1 0.919925 1 0.919925 1 0.917967 1 0.917967 1 0.916015 1 0.916015 1 0.921876 1 0.923827 1 0.929688 1 0.931639 1 0.935549 1 0.9375 1 0.943361 1 0.945312 1 0.951173 1 0.953124 1 0.958985 1 0.960936 1 0.966797 1 0.968748 1 0.972657 1 0.974609 1 0.980469 1 0.982421 1 0.988281 1 0.990233 1 0.996093 1 0.998045 1 1 1 1 1 1 1 1 1 1 1 1 1 1 1 1 1 1 1 1 1 1 1 1 1 1 1 1 1 1 1 1 1 1 1 1 1 1 1 1 1 1 1 1 1 1 1 1 1 1 1 1 1 1 1 1 1 1 1 1 1 1 1 1 1 1 1 1 1 1 1 1 1 1 1 1 1 1 1 1 1 1 1 1 1 1 1 1 1 1 1 1 1 1 1 1 1 1 1 1 1 1 1 1 1 1 1 1 1 1 1 1 1 1 1 1 1 1 1 1 1 1 0.999997 1 0.999997 1 0.998048 1 0.998048 1 0.996093 1 0.996093 1 0.994138 1 0.994138 1 0.992189 1 0.992189 1 0.990234 1 0.990234 1 0.988278 1 0.988278 1 0.98633 1 0.98633 1 0.984374 1 0.984374 1 0.982419 0.996093 0.982419 0.994142 0.980471 0.988281 0.980471 0.98633 0.978515 0.980469 0.978515 0.978518 0.97656 0.972657 0.97656
1 0.861331 0.853516 0.859373 0.855471 0.857422 0.855471 0.857422 0.857419 0.855471 0.859375 0.855471 0.86133 0.853512 0.863279 0.853512 0.874997 0.851561 0.876953 0.851561 0.888671 0.853512 0.890627 0.853512 0.892575 0.855471 0.89453 0.865234 0.89453 0.867185 0.896486 0.869143 0.89453 0.871095 0.89453 0.871095 0.892575 0.873046 0.890627 0.873046 0.874997 0.874997 0.873049 0.874997 0.857419 0.873046 0.857419 0.871095 0.855471 0.869143 0.855471 0.867185 0.853516
0 0.5 0.794923 0.498049 0.796871 0.49414 0.796871 0.49414 0.798827 0.492188 0.800783 0.492188 0.802738 0.496091 0.806642 0.521485 0.806642 0.523436 0.808597 0.527346 0.808597 0.527346 0.806642 0.529297 0.804686 0.529297 0.800783 0.527346 0.798827 0.527346 0.796871 0.525388 0.796871 0.523436 0.794923
0 0.996093 0.832034 0.996093 0.833982 0.994142 0.835938 0.994142 0.841797 0.996093 0.843753 1 0.843753 1 0.845701 1 0.845701 1 0.843753 1 0.841797 1 0.835938 1 0.835938 1 0.833982 1 0.833982 1 0.832034
0 0.490237 0.041015 0.488279 0.04297 0.488279 0.044918 0.486328 0.046874 0.486328 0.070311 0.488279 0.072266 0.488279 0.074222 0.492188 0.074222 0.49414 0.07617 0.498049 0.072266 0.5 0.072266 0.5 0.060548 0.501952 0.058592 0.501952 0.046874 0.496091 0.041015
0 0.988281 0.892575 0.98633 0.89453 0.98633 0.896486 0.984372 0.898434 0.984372 0.902345 0.98633 0.904293 0.98633 0.906249 1 0.906249 1 0.908204 1 0.908204 1 0.906249 1 0.904293 1 0.896486 1 0.892575
0 0.857422 0.999997 0.853512 1 0.853512 1 0.851561 1 0.851561 1 0.84961 1 0.84961 1 0.851561 1 0.853512 1 0.855471 1 0.857422 1 0.859373 1 0.863282 1 0.865234 1 0.867185 1 0.867185 1 0.869143 1 0.869143 1 0.871095 1 0.871095 1 0.869143 1 0.869143 1 0.867185 1 0.865234 0.999997
0 0.9375 0.419924 0.933591 0.423828 0.933591 0.441406 0.935549 0.443361 0.935549 0.44531 0.941409 0.44531 0.943361 0.443361 0.945312 0.443361 0.947263 0.441406 0.947263 0.423828 0.943361 0.419924
0 0.378904 0.773435 0.376953 0.77539 0.353517 0.77539 0.353517 0.777346 0.351565 0.779294 0.351565 0.783205 0.355468 0.787108 0.380862 0.787108 0.382814 0.785153 0.382814 0.783205 0.384765 0.781249 0.384765 0.779294 0.382814 0.777346 0.382814 0.77539 0.380862 0.77539
0 0.058591 0.021481 0.05664 0.023437 0.054689 0.023437 0.054689 0.025392 0.052738 0.027341 0.052738 0.0332 0.05664 0.0332 0.058591 0.035155 0.083986 0.035155 0.085937 0.037111 0.087888 0.035155 0.087888 0.0332 0.089846 0.031252 0.089846 0.025392 0.087888 0.023437 0.087888 0.021481
0 1 0.800783 1 0.802738 1 0.802738 1 0.804686 0.996093 0.808597 0.998045 0.810545 0.998045 0.812501 1 0.814457 1 0.814457 1 0.816405 1 0.814457 1 0.814457 1 0.812501 1 0.810545 1 0.808597 1 0.804686 1 0.804686 1 0.802738 1 0.802738
0 0.54297 0.800783 0.541018 0.802738 0.541018 0.808597 0.54297 0.810545 0.554685 0.810545 0.556643 0.812501 0.566406 0.812501 0.568357 0.814457 0.570315 0.812501 0.572267 0.812501 0.572267 0.810545 0.574218 0.808597 0.574218 0.806642 0.572267 0.804686 0.572267 0.802738 0.570315 0.800783
0 0.656247 0.810545 0.652345 0.814457 0.652345 0.822264 0.656247 0.826175 0.67969 0.826175 0.683593 0.822264 0.683593 0.814457 0.681641 0.814457 0.67969 0.812501 0.658205 0.812501
0 0.910155 0.314451 0.908203 0.316406 0.908203 0.318362 0.906252 0.32031 0.906252 0.347658 0.908203 0.349606 0.908203 0.351562 0.910155 0.351562 0.912113 0.353517 0.916015 0.353517 0.917967 0.351562 0.919925 0.351562 0.919925 0.33594 0.921876 0.333984 0.921876 0.32031 0.919925 0.318362 0.919925 0.316406 0.917967 0.316406 0.916015 0.314451
0 0.263669 0.705079 0.261717 0.707035 0.261717 0.708983 0.259766 0.710938 0.259766 0.714842 0.263669 0.718753 0.285153 0.718753 0.287111 0.720701 0.289063 0.718753 0.291014 0.718753 0.291014 0.716798 0.292972 0.714842 0.291014 0.712894 0.291014 0.710938 0.289063 0.708983 0.277341 0.708983 0.27539 0.707035 0.265627 0.707035
0 0.457031 0.511717 0.45508 0.513672 0.453128 0.513672 0.453128 0.521487 0.45508 0.523435 0.45508 0.525391 0.466794 0.525391 0.468752 0.527346 0.480467 0.527346 0.482425 0.529295 0.484376 0.527346 0.486328 0.527346 0.486328 0.525391 0.488279 0.523435 0.488279 0.517576 0.486328 0.517576 0.482425 0.513672 0.462892 0.513672 0.46094 0.511717
0 0.873046 0.007815 0.873046 0.013674 0.871095 0.015622 0.871095 0.021481 0.874997 0.025392 0.878906 0.025392 0.880858 0.027341 0.882809 0.025392 0.884767 0.025392 0.884767 0.017578 0.886719 0.015622 0.886719 0.007815
0 0.931639 0.48828 0.927737 0.492191 0.925779 0.492191 0.925779 0.523435 0.929688 0.523435 0.931639 0.525391 0.933591 0.525391 0.935549 0.523435 0.9375 0.523435 0.939451 0.521487 0.939451 0.490235 0.9375 0.490235 0.935549 0.48828
0 0.480467 0.283206 0.476564 0.28711 0.476564 0.291014 0.474606 0.292969 0.474606 0.294925 0.480467 0.300784 0.505861 0.300784 0.507812 0.302732 0.511722 0.298829 0.513673 0.298829 0.513673 0.291014 0.511722 0.291014 0.507812 0.28711 0.496091 0.28711 0.49414 0.285155 0.482425 0.285155
0 0.150391 0.025392 0.14844 0.027341 0.14453 0.027341 0.14453 0.037111 0.146482 0.039059 0.146482 0.041015 0.14844 0.04297 0.169924 0.04297 0.171876 0.044918 0.191409 0.044918 0.19336 0.046874 0.197263 0.04297 0.199221 0.04297 0.199221 0.041015 0.201172 0.039059 0.201172 0.037111 0.199221 0.035155 0.199221 0.0332 0.195312 0.029296 0.173827 0.029296 0.171876 0.027341 0.152342 0.027341
0 0.652345 0.07617 0.650393 0.078126 0.646484 0.078126 0.644533 0.080081 0.642581 0.080081 0.642581 0.099607 0.660157 0.099607 0.660157 0.0918 0.658205 0.089844 0.658205 0.078126 0.654296 0.078126
0 0.910155 0.027341 0.908203 0.029296 0.906252 0.029296 0.906252 0.058592 0.908203 0.060548 0.908203 0.062503 0.910155 0.062503 0.912113 0.064452 0.914064 0.062503 0.917967 0.062503 0.917967 0.060548 0.919925 0.058592 0.919925 0.044918 0.921876 0.04297 0.921876 0.031252 0.917967 0.027341
0 0.873046 0.744138 0.871095 0.746094 0.871095 0.748049 0.869143 0.749998 0.869143 0.773435 0.871095 0.77539 0.871095 0.777346 0.873046 0.777346 0.874997 0.779294 0.876955 0.777346 0.878906 0.777346 0.880858 0.77539 0.884767 0.77539 0.884767 0.749998 0.882809 0.748049 0.882809 0.746094 0.878906 0.746094 0.876955 0.744138
0 0.624999 0.810545 0.623048 0.812501 0.621097 0.812501 0.621097 0.820316 0.623048 0.822264 0.623048 0.824219 0.642581 0.824219 0.646484 0.820316 0.646484 0.812501 0.644533 0.812501 0.642581 0.810545
0 0.927737 0.078126 0.925779 0.080081 0.925779 0.0918 0.923827 0.093748 0.923827 0.105466 0.925779 0.107422 0.925779 0.109377 0.933591 0.109377 0.935549 0.107422 0.935549 0.093748 0.9375 0.0918 0.9375 0.080081 0.935549 0.078126
0 0.822264 0.628909 0.818362 0.632813 0.818362 0.658205 0.820313 0.660153 0.820313 0.662109 0.830076 0.662109 0.832034 0.660153 0.833986 0.660153 0.833986 0.632813 0.832034 0.630857 0.832034 0.628909
0 0.212894 0.835938 0.208984 0.839842 0.208984 0.849612 0.207033 0.85156 0.207033 0.86133 0.208984 0.863279 0.210936 0.863279 0.212894 0.865234 0.214845 0.863279 0.216797 0.863279 0.218748 0.86133 0.218748 0.853516 0.220706 0.85156 0.220706 0.843753 0.218748 0.841797 0.218748 0.839842 0.216797 0.837893 0.216797 0.835938
0 0.822264 0.763672 0.820313 0.765627 0.818362 0.765627 0.818362 0.792968 0.820313 0.794923 0.820313 0.796871 0.830076 0.796871 0.832034 0.794923 0.832034 0.763672
0 0.437497 0.277347 0.435546 0.279295 0.435546 0.281251 0.433595 0.283206 0.433595 0.28711 0.437497 0.291014 0.44531 0.291014 0.447268 0.292969 0.453128 0.292969 0.45508 0.294925 0.462892 0.294925 0.464843 0.296873 0.466794 0.296873 0.466794 0.294925 0.468752 0.292969 0.468752 0.291014 0.466794 0.289066 0.466794 0.28711 0.462892 0.28711 0.46094 0.285155 0.458982 0.285155 0.457031 0.283206 0.453128 0.283206 0.45117 0.281251 0.449219 0.281251 0.447268 0.279295 0.443358 0.279295 0.441407 0.277347
0 0.804689 0.208984 0.804689 0.236325 0.808592 0.236325 0.81055 0.234377 0.812501 0.234377 0.812501 0.208984
0 0.212894 0.798827 0.210936 0.800783 0.207033 0.800783 0.207033 0.802738 0.205075 0.804686 0.205075 0.808597 0.203124 0.810545 0.203124 0.812501 0.201172 0.814457 0.201172 0.81836 0.199221 0.820316 0.199221 0.822264 0.201172 0.824219 0.201172 0.826175 0.205075 0.830079 0.210936 0.830079 0.210936 0.828123 0.212894 0.826175 0.212894 0.824219 0.214845 0.822264 0.214845 0.81836 0.216797 0.816405 0.216797 0.814457 0.218748 0.812501 0.218748 0.810545 0.220706 0.808597 0.220706 0.804686 0.218748 0.802738 0.218748 0.800783 0.214845 0.800783
0 0.8457 0.341799 0.841798 0.345703 0.841798 0.359377 0.839846 0.361325 0.839846 0.373043 0.843749 0.376954 0.847658 0.376954 0.84961 0.374999 0.853512 0.374999 0.853512 0.36328 0.855471 0.361325 0.855471 0.347658 0.853512 0.345703 0.853512 0.343747 0.851561 0.343747 0.84961 0.341799
0 0.554685 0.060548 0.552733 0.062503 0.531248 0.062503 0.529297 0.064452 0.527346 0.064452 0.527346 0.072266 0.531248 0.07617 0.556643 0.07617 0.556643 0.074222 0.558594 0.072266 0.558594 0.066407 0.556643 0.064452 0.556643 0.062503
0 0.31445 0.49805 0.312499 0.499998 0.310547 0.499998 0.310547 0.507813 0.312499 0.509769 0.312499 0.511717 0.337893 0.511717 0.341795 0.507813 0.341795 0.503909 0.339844 0.501954 0.339844 0.499998 0.337893 0.499998 0.335935 0.49805
0 0.558594 0.593753 0.558594 0.595702 0.556643 0.597657 0.556643 0.60742 0.554685 0.609376 0.554685 0.619139 0.556643 0.621094 0.558594 0.621094 0.560545 0.62305 0.562503 0.621094 0.564455 0.621094 0.566406 0.619139 0.566406 0.615235 0.568357 0.613279 0.568357 0.605472 0.570315 0.603517 0.570315 0.599613 0.568357 0.597657 0.568357 0.595702 0.566406 0.593753
0 0.169924 0.748049 0.166015 0.751953 0.166015 0.759768 0.169924 0.763672 0.195312 0.763672 0.197263 0.761716 0.199221 0.761716 0.199221 0.759768 0.201172 0.757812 0.201172 0.755857 0.199221 0.753909 0.199221 0.751953 0.197263 0.749998 0.171876 0.749998
0 0 0.013674 0 0.015622 0 0.015622 0 0.017578 0 0.019533 0 0.023437 0 0.025392 0 0.027341 0 0.029296 0.011719 0.029296 0.013671 0.031252 0.01758 0.027341 0.01758 0.025392 0.015622 0.023437 0.015622 0.017578 0.013671 0.015622 0.013671 0.013674
0 0.869143 0.562502 0.869143 0.56445 0.867185 0.566406 0.867185 0.589842 0.869143 0.589842 0.871095 0.591798 0.880858 0.591798 0.880858 0.589842 0.882809 0.587887 0.882809 0.56445 0.880858 0.56445 0.878906 0.562502
0 0.830076 0.994138 0.826174 0.998048 0.826174 0.999997 0.824216 1 0.824216 1 0.822264 1 0.822264 1 0.820313 1 0.820313 1 0.818362 1 0.818362 1 0.824216 1 0.826174 1 0.830076 1 0.832034 1 0.835937 1 0.835937 1 0.837888 1 0.837888 1 0.839846 1 0.839846 1 0.841798 1 0.841798 0.999997 0.839846 0.998048 0.837888 0.998048 0.833986 0.994138
0 0.925779 0.57422 0.923827 0.576169 0.923827 0.578124 0.921876 0.580079 0.921876 0.603517 0.923827 0.605472 0.923827 0.60742 0.927737 0.60742 0.929688 0.609376 0.933591 0.609376 0.935549 0.60742 0.939451 0.60742 0.939451 0.605472 0.941409 0.603517 0.941409 0.591798 0.939451 0.589842 0.939451 0.578124 0.935549 0.57422
0 0.89844 0.183592 0.896482 0.185548 0.896482 0.187503 0.894531 0.189451 0.894531 0.20117 0.892579 0.203125 0.892579 0.214844 0.894531 0.216799 0.894531 0.218747 0.896482 0.218747 0.89844 0.220703 0.902343 0.220703 0.906252 0.216799 0.906252 0.203125 0.908203 0.20117 0.908203 0.189451 0.904294 0.185548 0.900391 0.185548
0 0.828125 0.468747 0.826174 0.470702 0.822264 0.470702 0.820313 0.472658 0.820313 0.484376 0.818362 0.486332 0.818362 0.49805 0.820313 0.499998 0.824216 0.499998 0.826174 0.501954 0.830076 0.501954 0.830076 0.499998 0.832034 0.49805 0.832034 0.486332 0.833986 0.484376 0.833986 0.472658 0.830076 0.468747
0 0.181639 0.865234 0.181639 0.86719 0.179688 0.869138 0.179688 0.873049 0.177736 0.874997 0.177736 0.878908 0.175778 0.880856 0.175778 0.888671 0.177736 0.890627 0.181639 0.890627 0.18359 0.892575 0.185548 0.890627 0.1875 0.890627 0.1875 0.888671 0.189451 0.886716 0.189451 0.884767 0.191409 0.882812 0.191409 0.878908 0.19336 0.876953 0.19336 0.874997 0.195312 0.873049 0.195312 0.871093 0.189451 0.865234
0 0.244142 0.037111 0.242191 0.039059 0.240233 0.039059 0.240233 0.048829 0.244142 0.052733 0.267578 0.052733 0.269529 0.054689 0.269529 0.052733 0.271487 0.050778 0.271487 0.048829 0.273439 0.046874 0.273439 0.041015 0.271487 0.041015 0.267578 0.037111
0 0.113282 0.681642 0.109373 0.685546 0.083986 0.685546 0.085937 0.687501 0.085937 0.68945 0.093749 0.68945 0.0957 0.691405 0.101561 0.691405 0.103519 0.693361 0.111331 0.693361 0.113282 0.695316 0.121094 0.695316 0.123046 0.693361 0.123046 0.687501 0.119143 0.68359 0.115234 0.68359
0 0.195312 0.478517 0.19336 0.480465 0.19336 0.482421 0.191409 0.484376 0.191409 0.48828 0.189451 0.490235 0.191409 0.490235 0.195312 0.494139 0.207033 0.494139 0.208984 0.496095 0.220706 0.496095 0.222657 0.49805 0.22656 0.494139 0.228518 0.494139 0.228518 0.484376 0.22656 0.484376 0.222657 0.480465 0.197263 0.480465
0 0.941409 0.148437 0.939451 0.150392 0.9375 0.150392 0.9375 0.15234 0.935549 0.154296 0.935549 0.183592 0.9375 0.183592 0.939451 0.185548 0.945312 0.185548 0.947263 0.183592 0.949221 0.183592 0.949221 0.16797 0.951173 0.166014 0.951173 0.15234 0.947263 0.148437
0 0 0.746094 0 0.748049 0 0.748049 0 0.749998 0 0.751953 0 0.757812 0 0.757812 0 0.761716 0 0.761716 0.001956 0.757812 0.001956 0.751953 0 0.751953 0 0.748049 0 0.748049
0 0.210936 0.232421 0.208984 0.234377 0.207033 0.234377 0.207033 0.242184 0.208984 0.242184 0.210936 0.24414 0.23633 0.24414 0.238281 0.246095 0.240233 0.24414 0.244142 0.24414 0.244142 0.240236 0.238281 0.240236 0.23633 0.238281 0.228518 0.238281 0.22656 0.236325 0.220706 0.236325 0.218748 0.234377 0.212894 0.234377
0 0.925779 0.533206 0.923827 0.535154 0.923827 0.562502 0.925779 0.56445 0.935549 0.56445 0.935549 0.562502 0.9375 0.560546 0.9375 0.537109 0.935549 0.535154 0.931639 0.535154 0.929688 0.533206
1 0.890628 0.648435 0.88867 0.65039 0.882809 0.65039 0.882809 0.703124 0.902343 0.703124 0.902343 0.677731 0.904294 0.675783 0.904294 0.652346 0.902343 0.652346 0.900391 0.65039 0.896482 0.65039 0.894531 0.648435
0 0.933591 0.453124 0.929688 0.457028 0.929688 0.478517 0.931639 0.480465 0.931639 0.482421 0.933591 0.482421 0.935549 0.484376 0.939451 0.484376 0.941409 0.482421 0.943361 0.482421 0.943361 0.470702 0.945312 0.468747 0.945312 0.458984 0.943361 0.457028 0.943361 0.45508 0.941409 0.45508 0.939451 0.453124