0 0.994142 0.357425 0.992186 0.359379 0.990231 0.359379 0.986328 0.363278 0.984373 0.363278 0.98047 0.367186 0.978515 0.367186 0.98047 0.36914 0.98047 0.371093 0.982426 0.373047 0.982426 0.375001 0.984373 0.373047 0.988284 0.373047 0.990231 0.371093 0.994142 0.371093 0.996097 0.36914 0.999999 0.36914 0.998044 0.367186 0.998044 0.365232 0.996097 0.363278 0.996097 0.361324 0.994142 0.359379
0 0.955075 0.796879 0.953128 0.798824 0.947262 0.798824 0.945315 0.800778 0.937502 0.800778 0.937502 0.810547 0.939457 0.808594 0.943359 0.808594 0.945315 0.80664 0.951173 0.80664 0.953128 0.804686 0.957031 0.804686 0.957031 0.802732 0.955075 0.800778
0 0.947262 0.712887 0.945315 0.714841 0.941404 0.714841 0.939457 0.716795 0.935546 0.716795 0.933591 0.718749 0.929688 0.718749 0.931644 0.720703 0.931644 0.724611 0.933591 0.722657 0.939457 0.722657 0.941404 0.720703 0.947262 0.720703 0.947262 0.718749 0.949217 0.716795 0.949217 0.714841
0 0.824221 0.769533 0.822266 0.771487 0.818355 0.771487 0.816408 0.773441 0.81055 0.773441 0.808595 0.775394 0.80664 0.775394 0.80664 0.779294 0.808595 0.779294 0.81055 0.781248 0.812497 0.779294 0.816408 0.779294 0.818355 0.77734 0.822266 0.77734 0.824221 0.775394 0.828124 0.775394 0.828124 0.771487 0.826168 0.771487
1 0.714844 0.421877 0.712888 0.423831 0.710942 0.423831 0.708986 0.425785 0.705075 0.425785 0.703128 0.427731 0.701173 0.427731 0.699217 0.429685 0.697262 0.429685 0.695315 0.431638 0.693359 0.431638 0.691404 0.433592 0.687502 0.433592 0.685546 0.435546 0.683591 0.435546 0.683591 0.441408 0.685546 0.443362 0.685546 0.449215 0.687502 0.447269 0.691404 0.447269 0.693359 0.445316 0.695315 0.445316 0.697262 0.443362 0.701173 0.443362 0.703128 0.441408 0.707031 0.441408 0.708986 0.439454 0.712888 0.439454 0.714844 0.4375 0.716799 0.4375 0.718746 0.435546 0.722657 0.435546 0.722657 0.431638 0.716799 0.425785 0.716799 0.423831
0 0.933591 0.746095 0.931644 0.748049 0.927733 0.748049 0.925777 0.750003 0.91992 0.750003 0.91992 0.751956 0.921875 0.75391 0.921875 0.755856 0.923831 0.75391 0.935546 0.75391 0.935546 0.751956 0.933591 0.750003
0 0.982426 0.830078 0.98047 0.832032 0.968746 0.832032 0.968746 0.841801 0.970702 0.839847 0.974613 0.839847 0.97656 0.837893 0.978515 0.837893 0.98047 0.835939 0.984373 0.835939 0.984373 0.833986 0.982426 0.832032
0 0.957031 0.755856 0.955075 0.75781 0.945315 0.75781 0.945315 0.761717 0.947262 0.759763 0.957031 0.759763
0 0.853519 0.886715 0.851564 0.888669 0.845706 0.888669 0.845706 0.890623 0.847653 0.892577 0.847653 0.89453 0.849608 0.896484 0.849608 0.898438 0.851564 0.900392 0.851564 0.902346 0.853519 0.9043 0.853519 0.906254 0.855466 0.9043 0.857422 0.9043 0.859377 0.902346 0.861324 0.902346 0.859377 0.900392 0.859377 0.898438 0.857422 0.896484 0.857422 0.89453 0.855466 0.892577 0.855466 0.890623 0.853519 0.888669
0 0.986328 0.837893 0.984373 0.839847 0.978515 0.839847 0.97656 0.841801 0.970702 0.841801 0.970702 0.8457 0.968746 0.847654 0.968746 0.851562 0.970702 0.849608 0.97656 0.849608 0.978515 0.847654 0.986328 0.847654 0.988284 0.8457 0.988284 0.841801 0.986328 0.839847
0 0.927733 0.605466 0.925777 0.60742 0.923831 0.60742 0.921875 0.609374 0.91992 0.609374 0.917973 0.611328 0.916017 0.611328 0.914062 0.613282 0.910159 0.613282 0.908204 0.615235 0.906248 0.615235 0.904293 0.617189 0.902346 0.617189 0.904293 0.619143 0.904293 0.621097 0.906248 0.623051 0.906248 0.624997 0.908204 0.62695 0.910159 0.624997 0.921875 0.624997 0.923831 0.623051 0.935546 0.623051 0.935546 0.619143 0.933591 0.617189 0.933591 0.613282 0.931644 0.611328 0.931644 0.609374
0 0.908204 0.707034 0.906248 0.708988 0.900391 0.708988 0.898435 0.710934 0.890622 0.710934 0.890622 0.712887 0.892577 0.714841 0.892577 0.718749 0.894533 0.716795 0.900391 0.716795 0.902346 0.714841 0.908204 0.714841 0.908204 0.712887 0.910159 0.710934 0.910159 0.708988
0 0.931644 0.726564 0.929688 0.728518 0.925777 0.728518 0.923831 0.730472 0.91992 0.730472 0.917973 0.732426 0.914062 0.732426 0.914062 0.734372 0.916017 0.736325 0.916017 0.740233 0.916017 0.738279 0.917973 0.736325 0.923831 0.736325 0.925777 0.734372 0.931644 0.734372 0.931644 0.728518 0.933591 0.726564
0 0.941404 0.810547 0.939457 0.812501 0.935546 0.812501 0.933591 0.814455 0.927733 0.814455 0.925777 0.816409 0.921875 0.816409 0.921875 0.818363 0.923831 0.820308 0.923831 0.824216 0.925777 0.822262 0.931644 0.822262 0.933591 0.820308 0.941404 0.820308
1 0.730471 0.482422 0.728515 0.484376 0.724613 0.484376 0.722657 0.48633 0.718746 0.48633 0.716799 0.488284 0.714844 0.488284 0.712888 0.490238 0.708986 0.490238 0.707031 0.492183 0.703128 0.492183 0.703128 0.494137 0.705075 0.496091 0.705075 0.498045 0.707031 0.499999 0.707031 0.501953 0.708986 0.503907 0.708986 0.505861 0.710942 0.503907 0.712888 0.503907 0.714844 0.501953 0.716799 0.501953 0.718746 0.499999 0.720702 0.499999 0.722657 0.498045 0.724613 0.498045 0.72656 0.496091 0.728515 0.496091 0.730471 0.494137 0.732426 0.494137 0.734373 0.492183 0.736328 0.492183 0.736328 0.490238 0.738284 0.488284 0.736328 0.48633 0.734373 0.48633
0 0.929688 0.785155 0.927733 0.787109 0.923831 0.787109 0.921875 0.789063 0.916017 0.789063 0.916017 0.794925 0.917973 0.794925 0.91992 0.792971 0.931644 0.792971 0.931644 0.791017 0.929688 0.789063
0 0.826168 0.779294 0.824221 0.781248 0.820311 0.781248 0.818355 0.783202 0.814453 0.783202 0.814453 0.785155 0.812497 0.787109 0.812497 0.791017 0.816408 0.791017 0.818355 0.792971 0.822266 0.789063 0.824221 0.789063 0.828124 0.785155 0.830079 0.785155 0.830079 0.781248 0.828124 0.781248
1 0.501955 0.265626 0.5 0.26758 0.494142 0.26758 0.492186 0.269534 0.486328 0.269534 0.484373 0.271488 0.478515 0.271488 0.47656 0.273433 0.470702 0.273433 0.468746 0.275387 0.462889 0.275387 0.462889 0.279295 0.460942 0.281249 0.460942 0.285157 0.462889 0.28711 0.462889 0.289064 0.464844 0.289064 0.468746 0.292972 0.474613 0.292972 0.47656 0.291018 0.478515 0.291018 0.480471 0.289064 0.482426 0.289064 0.484373 0.28711 0.486328 0.28711 0.488284 0.285157 0.490231 0.285157 0.492186 0.283203 0.496097 0.283203 0.498044 0.281249 0.5 0.281249 0.501955 0.279295 0.503911 0.279295 0.505857 0.277341 0.507813 0.277341 0.511715 0.273433 0.507813 0.269534 0.507813 0.26758 0.503911 0.26758
1 0.218747 0.882816 0.2168 0.884769 0.210942 0.884769 0.208986 0.886715 0.203128 0.886715 0.201173 0.888669 0.195315 0.888669 0.195315 0.890623 0.197262 0.892577 0.197262 0.898438 0.199217 0.900392 0.199217 0.9043 0.201173 0.906254 0.201173 0.912107 0.203128 0.914061 0.203128 0.917969 0.205075 0.919922 0.205075 0.925784 0.207031 0.927738 0.207031 0.933591 0.208986 0.935545 0.208986 0.939453 0.210942 0.941407 0.210942 0.947268 0.212889 0.949222 0.212889 0.951176 0.214844 0.949222 0.220702 0.949222 0.222657 0.947268 0.230471 0.947268 0.232426 0.945314 0.238284 0.945314 0.238284 0.943361 0.236329 0.941407 0.236329 0.937499 0.234373 0.935545 0.234373 0.931637 0.232426 0.929684 0.232426 0.92383 0.230471 0.921876 0.230471 0.917969 0.228515 0.916015 0.228515 0.912107 0.22656 0.910153 0.22656 0.906254 0.224613 0.9043 0.224613 0.900392 0.222657 0.898438 0.222657 0.892577 0.220702 0.890623 0.220702 0.886715 0.218747 0.884769
1 0.988284 0.949222 0.988284 0.951176 0.986328 0.953122 0.986328 0.955076 0.984373 0.957029 0.984373 0.960937 0.986328 0.962891 0.986328 0.968753 0.988284 0.970706 0.988284 0.974606 0.990231 0.97656 0.990231 0.980467 0.992186 0.982421 0.992186 0.988283 0.994142 0.990237 0.994142 0.994144 0.996097 0.99609 0.996097 0.999998 0.998044 1 0.998044 1 0.999999 1 0.999999 1 1 1 1 1 1 1 1 1 1 1 1 1 1 1 1 1 1 1 1 1 1 1 1 1 1 1 1 0.999998 1 0.994144 1 0.992191 1 0.988283 1 0.986329 1 0.982421 1 0.980467 1 0.97656 1 0.974606 1 0.968753 1 0.966799 1 0.962891 1 0.960937 1 0.958983 0.999999 0.957029 0.999999 0.955076 0.998044 0.953122 0.998044 0.951176 0.990231 0.951176
0 0.832035 0.892577 0.830079 0.89453 0.826168 0.89453 0.826168 0.898438 0.828124 0.900392 0.828124 0.908199 0.830079 0.910153 0.830079 0.914061 0.833982 0.914061 0.837893 0.910153 0.837893 0.908199 0.835937 0.906254 0.835937 0.902346 0.833982 0.900392 0.833982 0.896484 0.832035 0.89453
0 0.871093 0.810547 0.869137 0.812501 0.86719 0.812501 0.865235 0.814455 0.861324 0.814455 0.859377 0.816409 0.857422 0.816409 0.857422 0.818363 0.859377 0.820308 0.859377 0.822262 0.861324 0.820308 0.865235 0.820308 0.86719 0.818363 0.869137 0.818363 0.871093 0.816409 0.875004 0.816409 0.875004 0.812501 0.873048 0.812501
0 0.796871 0.798824 0.794924 0.800778 0.792968 0.800778 0.791013 0.802732 0.789066 0.802732 0.787111 0.804686 0.785155 0.804686 0.7832 0.80664 0.781253 0.80664 0.781253 0.808594 0.7832 0.810547 0.7832 0.814455 0.785155 0.814455 0.787111 0.812501 0.798826 0.812501 0.798826 0.802732 0.796871 0.800778
1 0 0.322263 0 0.324217 0 0.324217 0 0.326171 0 0.326171 0 0.333987 0 0.33594 0.009768 0.349609 0.009768 0.351563 0.017582 0.359379 0.02344 0.353517 0.025387 0.353517 0.029297 0.349609 0.025387 0.345702 0.02344 0.345702 0.015626 0.337894 0.013671 0.337894 0.003902 0.328125 0.001955 0.328125
1 0.746097 0.509768 0.744142 0.511722 0.740231 0.511722 0.738284 0.513676 0.734373 0.513676 0.732426 0.515622 0.728515 0.515622 0.72656 0.517575 0.720702 0.517575 0.718746 0.519529 0.714844 0.519529 0.712888 0.521483 0.708986 0.521483 0.708986 0.523437 0.710942 0.525391 0.710942 0.527345 0.712888 0.529299 0.712888 0.531252 0.714844 0.533206 0.714844 0.53516 0.716799 0.537106 0.716799 0.53906 0.718746 0.537106 0.720702 0.537106 0.722657 0.53516 0.724613 0.53516 0.72656 0.533206 0.728515 0.533206 0.730471 0.531252 0.732426 0.531252 0.734373 0.529299 0.736328 0.529299 0.738284 0.527345 0.740231 0.527345 0.742186 0.525391 0.744142 0.525391 0.746097 0.523437 0.748044 0.523437 0.75 0.521483 0.751955 0.521483 0.748044 0.517575 0.748044 0.515622 0.746097 0.513676
0 0.779297 0.439454 0.777342 0.441408 0.767582 0.441408 0.765626 0.443362 0.755857 0.443362 0.755857 0.449215 0.769529 0.449215 0.771484 0.451169 0.779297 0.451169 0.781253 0.449215 0.781253 0.441408
0 0.917973 0.750003 0.916017 0.751956 0.912106 0.751956 0.910159 0.75391 0.908204 0.75391 0.906248 0.755856 0.902346 0.755856 0.902346 0.75781 0.904293 0.759763 0.904293 0.763671 0.906248 0.761717 0.912106 0.761717 0.914062 0.759763 0.91992 0.759763 0.91992 0.755856 0.917973 0.75391
0 0.949217 0.781248 0.947262 0.783202 0.931644 0.783202 0.931644 0.789063 0.933591 0.791017 0.933591 0.792971 0.931644 0.794925 0.933591 0.792971 0.939457 0.792971 0.941404 0.791017 0.949217 0.791017
0 0.841795 0.824216 0.83984 0.82617 0.833982 0.82617 0.832035 0.828124 0.826168 0.828124 0.826168 0.830078 0.828124 0.832032 0.828124 0.833986 0.830079 0.833986 0.832035 0.832032 0.84375 0.832032 0.84375 0.824216
0 0.791013 0.718749 0.789066 0.720703 0.785155 0.720703 0.7832 0.722657 0.781253 0.722657 0.779297 0.724611 0.775395 0.724611 0.775395 0.726564 0.777342 0.728518 0.777342 0.732426 0.779297 0.732426 0.781253 0.730472 0.785155 0.730472 0.787111 0.728518 0.792968 0.728518 0.792968 0.718749
0 0.933591 0.736325 0.931644 0.738279 0.925777 0.738279 0.923831 0.740233 0.917973 0.740233 0.917973 0.742187 0.91992 0.744141 0.91992 0.746095 0.921875 0.744141 0.933591 0.744141
1 0.619137 0.253903 0.61719 0.255857 0.61328 0.255857 0.611324 0.257811 0.605466 0.257811 0.603519 0.259765 0.599608 0.259765 0.597653 0.261718 0.591795 0.261718 0.58984 0.263672 0.585937 0.263672 0.583982 0.265626 0.578124 0.265626 0.578124 0.281249 0.583982 0.281249 0.585937 0.283203 0.591795 0.283203 0.593751 0.285157 0.595706 0.283203 0.597653 0.283203 0.599608 0.281249 0.601564 0.281249 0.603519 0.279295 0.605466 0.279295 0.607422 0.277341 0.609377 0.277341 0.611324 0.275387 0.61328 0.275387 0.615235 0.273433 0.61719 0.273433 0.619137 0.271488 0.621093 0.271488 0.623048 0.269534 0.623048 0.261718 0.621093 0.259765 0.621093 0.257811 0.619137 0.255857
0 0.949217 0.722657 0.947262 0.724611 0.935546 0.724611 0.935546 0.726564 0.933591 0.728518 0.933591 0.730472 0.935546 0.728518 0.949217 0.728518
0 0.791013 0.683596 0.789066 0.68555 0.787111 0.68555 0.785155 0.687504 0.7832 0.687504 0.781253 0.689449 0.777342 0.689449 0.775395 0.691403 0.773439 0.691403 0.775395 0.693357 0.775395 0.695311 0.777342 0.697265 0.777342 0.699219 0.779297 0.699219 0.781253 0.697265 0.7832 0.697265 0.785155 0.695311 0.789066 0.695311 0.791013 0.693357 0.792968 0.693357 0.792968 0.68555
0 0.921875 0.695311 0.91992 0.697265 0.914062 0.697265 0.912106 0.699219 0.906248 0.699219 0.906248 0.701172 0.908204 0.703126 0.908204 0.70508 0.910159 0.703126 0.923831 0.703126 0.923831 0.695311
0 0.941404 0.703126 0.939457 0.70508 0.937502 0.70508 0.935546 0.707034 0.931644 0.707034 0.929688 0.708988 0.927733 0.708988 0.929688 0.710934 0.929688 0.712887 0.931644 0.714841 0.931644 0.716795 0.933591 0.714841 0.935546 0.714841 0.939457 0.710934 0.941404 0.710934 0.943359 0.708988 0.945315 0.708988 0.945315 0.70508 0.943359 0.70508
0 0.958986 0.763671 0.957031 0.765625 0.947262 0.765625 0.947262 0.771487 0.949217 0.769533 0.958986 0.769533 0.962888 0.765625 0.960941 0.765625
0 0.859377 0.779294 0.857422 0.781248 0.853519 0.781248 0.851564 0.783202 0.847653 0.783202 0.847653 0.785155 0.849608 0.787109 0.849608 0.789063 0.851564 0.787109 0.855466 0.787109 0.857422 0.785155 0.861324 0.785155 0.859377 0.783202
0 0.943359 0.347655 0.941404 0.349609 0.939457 0.349609 0.937502 0.351563 0.935546 0.351563 0.933591 0.353517 0.931644 0.353517 0.929688 0.355471 0.925777 0.355471 0.923831 0.357425 0.921875 0.357425 0.91992 0.359379 0.917973 0.359379 0.91992 0.361324 0.921875 0.359379 0.927733 0.359379 0.929688 0.357425 0.937502 0.357425 0.939457 0.355471 0.945315 0.355471 0.945315 0.353517 0.943359 0.351563
1 0.054684 0.398439 0.054684 0.400393 0.052737 0.402347 0.052737 0.404301 0.050782 0.406247 0.050782 0.4082 0.048826 0.410154 0.048826 0.412108 0.052737 0.412108 0.054684 0.414062 0.058595 0.414062 0.060551 0.416016 0.064453 0.416016 0.066409 0.41797 0.068355 0.41797 0.070311 0.419924 0.074222 0.419924 0.076169 0.421877 0.08008 0.421877 0.082035 0.423831 0.085938 0.423831 0.087893 0.425785 0.087893 0.423831 0.08984 0.421877 0.08984 0.419924 0.091795 0.41797 0.091795 0.416016 0.093751 0.414062 0.08984 0.414062 0.087893 0.412108 0.085938 0.412108 0.083982 0.410154 0.08008 0.410154 0.078124 0.4082 0.076169 0.4082 0.074222 0.406247 0.070311 0.406247 0.068355 0.404301 0.066409 0.404301 0.064453 0.402347 0.060551 0.402347 0.058595 0.400393 0.05664 0.400393
1 0.724613 0.382808 0.722657 0.384762 0.720702 0.384762 0.718746 0.386716 0.714844 0.386716 0.712888 0.38867 0.710942 0.38867 0.708986 0.390624 0.707031 0.390624 0.705075 0.392578 0.701173 0.392578 0.699217 0.394532 0.697262 0.394532 0.699217 0.396485 0.699217 0.398439 0.703128 0.402347 0.703128 0.404301 0.705075 0.406247 0.707031 0.404301 0.708986 0.404301 0.710942 0.402347 0.714844 0.402347 0.716799 0.400393 0.718746 0.400393 0.720702 0.398439 0.724613 0.398439 0.72656 0.396485 0.728515 0.396485 0.734373 0.390624 0.734373 0.38867 0.728515 0.382808
0 0.953128 0.738279 0.951173 0.740233 0.947262 0.740233 0.945315 0.742187 0.941404 0.742187 0.939457 0.744141 0.935546 0.744141 0.935546 0.746095 0.937502 0.748049 0.937502 0.751956 0.939457 0.750003 0.945315 0.750003 0.947262 0.748049 0.955075 0.748049 0.955075 0.742187 0.953128 0.740233
0 0.974613 0.375001 0.974613 0.376955 0.972657 0.378909 0.972657 0.380863 0.970702 0.382808 0.974613 0.386716 0.974613 0.38867 0.978515 0.392578 0.98047 0.392578 0.984373 0.396485 0.986328 0.396485 0.990231 0.400393 0.992186 0.398439 0.996097 0.398439 0.996097 0.390624 0.994142 0.38867 0.992186 0.38867 0.988284 0.384762 0.986328 0.384762 0.98047 0.378909 0.978515 0.378909
0 0.999999 0.390624 0.999999 0.398439 0.998044 0.400393 0.998044 0.406247 0.999999 0.404301 1 0.404301 1 0.400393 1 0.398439 1 0.394532 1 0.394532 1 0.392578 1 0.392578
0 0.769529 0.628904 0.767582 0.630858 0.761715 0.630858 0.759768 0.632812 0.751955 0.632812 0.751955 0.638674 0.769529 0.638674
0 0.943359 0.824216 0.941404 0.82617 0.939457 0.82617 0.935546 0.830078 0.933591 0.830078 0.929688 0.833986 0.927733 0.833986 0.929688 0.835939 0.929688 0.837893 0.931644 0.839847 0.933591 0.837893 0.937502 0.837893 0.939457 0.835939 0.945315 0.835939 0.945315 0.832032 0.943359 0.830078
1 0.80664 0.875 0.792968 0.888669 0.791013 0.888669 0.781253 0.898438 0.781253 0.900392 0.7832 0.902346 0.7832 0.9043 0.785155 0.906254 0.785155 0.908199 0.787111 0.910153 0.787111 0.912107 0.791013 0.908199 0.792968 0.908199 0.798826 0.902346 0.800782 0.902346 0.80664 0.896484 0.808595 0.896484 0.814453 0.890623 0.816408 0.890623 0.818355 0.888669 0.818355 0.886715 0.816408 0.884769 0.816408 0.880862 0.814453 0.880862 0.81055 0.876954 0.808595 0.876954
0 0.98047 0.818363 0.978515 0.820308 0.974613 0.820308 0.972657 0.822262 0.970702 0.822262 0.968746 0.824216 0.964844 0.824216 0.964844 0.832032 0.966799 0.830078 0.968746 0.830078 0.970702 0.828124 0.972657 0.828124 0.974613 0.82617 0.978515 0.82617 0.98047 0.824216 0.982426 0.824216 0.982426 0.822262 0.98047 0.820308
0 0.986328 0.576175 0.986328 0.589844 0.984373 0.591797 0.984373 0.603512 0.994142 0.603512 0.994142 0.580074 0.992186 0.580074 0.990231 0.578129 0.988284 0.578129
0 0.943359 0.730472 0.941404 0.732426 0.939457 0.732426 0.937502 0.734372 0.933591 0.734372 0.935546 0.736325 0.935546 0.740233 0.937502 0.738279 0.951173 0.738279 0.951173 0.730472
0 0.833982 0.804686 0.832035 0.80664 0.830079 0.80664 0.828124 0.808594 0.824221 0.808594 0.822266 0.810547 0.820311 0.810547 0.820311 0.812501 0.822266 0.814455 0.822266 0.818363 0.824221 0.816409 0.826168 0.816409 0.828124 0.814455 0.830079 0.814455 0.832035 0.812501 0.837893 0.812501 0.837893 0.810547 0.835937 0.808594 0.835937 0.804686
0 0.951173 0.375001 0.951173 0.376955 0.949217 0.378909 0.949217 0.380863 0.947262 0.382808 0.949217 0.382808 0.951173 0.384762 0.953128 0.384762 0.955075 0.386716 0.957031 0.386716 0.960941 0.390624 0.962888 0.390624 0.964844 0.392578 0.966799 0.392578 0.968746 0.394532 0.968746 0.392578 0.970702 0.390624 0.970702 0.386716 0.968746 0.386716 0.964844 0.382808 0.962888 0.382808 0.960941 0.380863 0.958986 0.380863 0.955075 0.376955 0.953128 0.376955
0 0.939457 0.693357 0.937502 0.695311 0.935546 0.695311 0.931644 0.699219 0.929688 0.699219 0.927733 0.701172 0.925777 0.701172 0.925777 0.70508 0.927733 0.703126 0.933591 0.703126 0.935546 0.701172 0.941404 0.701172 0.941404 0.699219 0.939457 0.697265
0 0.841795 0.886715 0.83984 0.888669 0.835937 0.888669 0.835937 0.892577 0.837893 0.89453 0.837893 0.9043 0.83984 0.906254 0.83984 0.910153 0.841795 0.908199 0.847653 0.908199 0.847653 0.906254 0.849608 0.9043 0.849608 0.902346 0.847653 0.900392 0.847653 0.898438 0.845706 0.896484 0.845706 0.89453 0.84375 0.892577 0.84375 0.890623 0.841795 0.888669
1 0.765626 0.583982 0.763671 0.585936 0.761715 0.585936 0.759768 0.58789 0.757813 0.58789 0.755857 0.589844 0.75391 0.589844 0.751955 0.591797 0.75 0.591797 0.748044 0.593751 0.746097 0.593751 0.744142 0.595705 0.742186 0.595705 0.740231 0.597659 0.738284 0.597659 0.736328 0.599613 0.734373 0.599613 0.734373 0.60742 0.736328 0.609374 0.736328 0.617189 0.738284 0.615235 0.740231 0.615235 0.742186 0.613282 0.744142 0.613282 0.746097 0.611328 0.748044 0.611328 0.75 0.609374 0.751955 0.609374 0.75391 0.60742 0.757813 0.60742 0.759768 0.605466 0.761715 0.605466 0.763671 0.603512 0.765626 0.603512 0.767582 0.601558 0.769529 0.601558 0.773439 0.597659 0.771484 0.595705 0.771484 0.593751 0.769529 0.591797 0.769529 0.589844 0.767582 0.58789 0.767582 0.585936
0 0.855466 0.765625 0.853519 0.767579 0.849608 0.767579 0.847653 0.769533 0.841795 0.769533 0.841795 0.771487 0.84375 0.773441 0.84375 0.77734 0.845706 0.775394 0.849608 0.775394 0.851564 0.773441 0.859377 0.773441 0.859377 0.765625
1 0.123048 0.38867 0.121093 0.390624 0.117191 0.390624 0.115235 0.392578 0.111324 0.392578 0.109377 0.394532 0.105466 0.394532 0.105466 0.398439 0.107422 0.400393 0.107422 0.406247 0.109377 0.4082 0.109377 0.416016 0.111324 0.41797 0.111324 0.421877 0.11328 0.419924 0.128906 0.419924 0.128906 0.416016 0.126951 0.414062 0.126951 0.406247 0.125004 0.404301 0.125004 0.394532 0.123048 0.392578
0 0.875004 0.390624 0.873048 0.392578 0.86328 0.392578 0.861324 0.394532 0.851564 0.394532 0.851564 0.404301 0.853519 0.402347 0.878906 0.402347 0.878906 0.400393 0.876951 0.398439 0.876951 0.392578
0 0.990231 0.562498 0.988284 0.564452 0.986328 0.564452 0.984373 0.566405 0.982426 0.566405 0.982426 0.574221 1 0.574221 1 0.572267 1 0.570313 1 0.564452 1 0.562498
0 0.773439 0.660158 0.771484 0.662112 0.769529 0.662112 0.767582 0.664066 0.765626 0.664066 0.763671 0.666019 0.761715 0.666019 0.761715 0.667965 0.763671 0.669919 0.763671 0.673827 0.765626 0.671873 0.771484 0.671873 0.773439 0.669919 0.779297 0.669919 0.779297 0.666019
0 0.75 0.439454 0.748044 0.441408 0.728515 0.441408 0.730471 0.443362 0.730471 0.449215 0.744142 0.449215 0.746097 0.451169 0.746097 0.449215 0.748044 0.447269 0.748044 0.443362 0.75 0.441408
0 0.984373 0.343748 0.982426 0.345702 0.97656 0.345702 0.974613 0.347655 0.968746 0.347655 0.970702 0.349609 0.970702 0.351563 0.972657 0.353517 0.972657 0.355471 0.974613 0.357425 0.97656 0.355471 0.982426 0.355471 0.984373 0.353517 0.990231 0.353517 0.988284 0.351563 0.988284 0.349609 0.986328 0.347655 0.986328 0.345702