0 0.52539 0.953122 0.523437 0.955076 0.523437 0.957029 0.519531 0.960935 0.519531 0.962888 0.515625 0.966794 0.515625 0.968748 0.513672 0.970701 0.515625 0.972654 0.517578 0.972654 0.521484 0.976561 0.523437 0.974607 0.523437 0.972654 0.527343 0.968748 0.527343 0.966794 0.531249 0.962888 0.531249 0.960935 0.533202 0.958982 0.531249 0.957029 0.529296 0.957029
1 0.115235 0.333984 0.111329 0.33789 0.111329 0.339844 0.107423 0.34375 0.109376 0.345703 0.111329 0.345703 0.115235 0.349609 0.117188 0.349609 0.121094 0.353516 0.123047 0.353516 0.128906 0.359375 0.130859 0.359375 0.134765 0.363281 0.136718 0.363281 0.140624 0.367188 0.142578 0.367188 0.148437 0.373047 0.15039 0.373047 0.154296 0.376954 0.156249 0.376954 0.160155 0.38086 0.162108 0.38086 0.166014 0.384766 0.16992 0.38086 0.16992 0.378906 0.173826 0.375 0.171873 0.373047 0.16992 0.373047 0.166014 0.369141 0.164061 0.369141 0.160155 0.365234 0.158202 0.365234 0.152343 0.359375 0.15039 0.359375 0.146484 0.355469 0.144531 0.355469 0.140624 0.351562 0.138671 0.351562 0.132812 0.345703 0.130859 0.345703 0.126953 0.341797 0.125 0.341797 0.121094 0.33789 0.119141 0.33789
0 0.476563 0.623045 0.472657 0.626952 0.472657 0.628905 0.466798 0.634764 0.466798 0.636717 0.462892 0.640624 0.464845 0.640624 0.466798 0.642577 0.468751 0.642577 0.470704 0.64453 0.472657 0.64453 0.47461 0.646483 0.476563 0.64453 0.476563 0.642577 0.478517 0.640624 0.478517 0.63867 0.482423 0.634764 0.482423 0.632811 0.484376 0.630858 0.484376 0.628905 0.486329 0.626952 0.482423 0.626952 0.48047 0.624998 0.478517 0.624998
0 0.515625 0.890627 0.507812 0.898439 0.507812 0.900393 0.5 0.908205 0.501953 0.908205 0.505859 0.912112 0.507812 0.912112 0.511718 0.916018 0.519531 0.908205 0.519531 0.906252 0.527343 0.898439 0.52539 0.898439 0.521484 0.894533 0.519531 0.894533
0 0.378906 0.703125 0.376953 0.705078 0.376953 0.707031 0.371094 0.71289 0.371094 0.714843 0.369141 0.716797 0.371094 0.716797 0.373047 0.71875 0.375 0.71875 0.376953 0.720703 0.378906 0.71875 0.378906 0.716797 0.384765 0.710937 0.384765 0.708984 0.386718 0.707031 0.384765 0.707031 0.382812 0.705078 0.380859 0.705078
0 0.386718 0.871095 0.384765 0.873049 0.384765 0.875002 0.378906 0.880861 0.378906 0.882814 0.376953 0.884768 0.378906 0.884768 0.382812 0.888674 0.386718 0.884768 0.386718 0.882814 0.392578 0.876955
0 0.318362 0.455079 0.316409 0.457033 0.316409 0.458986 0.314451 0.460939 0.314451 0.462892 0.312498 0.464845 0.312498 0.466798 0.310545 0.468751 0.310545 0.470705 0.308591 0.472658 0.310545 0.474611 0.312498 0.474611 0.316409 0.478517 0.322268 0.472658 0.322268 0.470705 0.33008 0.462892 0.328127 0.462892 0.324221 0.458986 0.322268 0.458986
0 0.597657 0.835939 0.595704 0.837892 0.595704 0.839845 0.589845 0.845704 0.589845 0.847658 0.585939 0.851564 0.591798 0.857423 0.593751 0.85547 0.593751 0.853517 0.59961 0.847658 0.59961 0.845704 0.603517 0.841798
0 0.359376 0.714843 0.357423 0.716797 0.357423 0.71875 0.353516 0.722656 0.353516 0.724609 0.34961 0.728515 0.34961 0.730469 0.347657 0.732422 0.351563 0.732422 0.353516 0.734375 0.357423 0.734375 0.361329 0.730469 0.361329 0.728515 0.369141 0.720703 0.367188 0.720703 0.363282 0.716797 0.361329 0.716797
0 0.498047 0.669921 0.496094 0.671874 0.496094 0.673827 0.492188 0.677733 0.494141 0.679687 0.496094 0.679687 0.503906 0.687499 0.505859 0.687499 0.509765 0.691406 0.511718 0.689452 0.511718 0.687499 0.515625 0.683593 0.513672 0.68164 0.511718 0.68164 0.503906 0.673827 0.501953 0.673827
0 0.357423 0.92969 0.357423 0.931643 0.35547 0.933596 0.35547 0.935549 0.353516 0.937503 0.353516 0.939456 0.351563 0.941409 0.351563 0.943357 0.34961 0.94531 0.34961 0.947263 0.347657 0.949216 0.347657 0.951169 0.345704 0.953122 0.347657 0.951169 0.34961 0.953122 0.351563 0.953122 0.35547 0.957029 0.357423 0.955076 0.357423 0.953122 0.359376 0.951169 0.359376 0.949216 0.361329 0.947263 0.361329 0.94531 0.363282 0.943357 0.363282 0.941409 0.365235 0.939456 0.365235 0.937503 0.367188 0.935549 0.365235 0.935549 0.361329 0.931643 0.359376 0.931643
0 0.414061 0.996092 0.412108 0.998045 0.412108 0.999998 0.410155 1 0.410155 1 0.406249 1 0.406249 1 0.404296 1 0.406249 1 0.408202 1 0.410155 1 0.412108 1 0.414061 1 0.414061 1 0.41992 1 0.41992 1 0.423826 0.999998 0.41992 0.999998 0.417967 0.998045 0.416014 0.998045
0 0.125 0.906252 0.119141 0.912112 0.119141 0.914065 0.111329 0.921877 0.113282 0.921877 0.117188 0.925784 0.121094 0.925784 0.134765 0.912112 0.132812 0.912112 0.128906 0.908205 0.126953 0.908205
0 0.242188 0.943357 0.240235 0.94531 0.240235 0.947263 0.234376 0.953122 0.234376 0.955076 0.23047 0.958982 0.234376 0.958982 0.236329 0.960935 0.238282 0.960935 0.240235 0.962888 0.242188 0.960935 0.242188 0.958982 0.244141 0.957029 0.244141 0.955076 0.246094 0.953122 0.246094 0.951169 0.25 0.947263 0.248047 0.947263 0.246094 0.94531 0.244141 0.94531
0 0.505859 0.808594 0.503906 0.810548 0.503906 0.812501 0.501953 0.814454 0.501953 0.816407 0.5 0.81836 0.5 0.820313 0.498047 0.822267 0.498047 0.82422 0.496094 0.826173 0.498047 0.826173 0.5 0.828126 0.501953 0.828126 0.503906 0.830079 0.505859 0.828126 0.505859 0.826173 0.507812 0.82422 0.507812 0.822267 0.509765 0.820313 0.509765 0.81836 0.511718 0.816407 0.511718 0.814454 0.513672 0.812501 0.511718 0.812501 0.509765 0.810548 0.507812 0.810548
0 0.386718 0.894533 0.384765 0.896487 0.384765 0.898439 0.378906 0.904299 0.378906 0.906252 0.375 0.910158 0.376953 0.912112 0.378906 0.912112 0.384765 0.917971 0.386718 0.916018 0.386718 0.914065 0.390625 0.910158 0.390625 0.908205 0.394531 0.904299 0.394531 0.902346 0.396484 0.900393 0.394531 0.900393 0.390625 0.896487 0.388672 0.896487
0 0.519531 0.650389 0.517578 0.652342 0.517578 0.654296 0.515625 0.656249 0.515625 0.658202 0.511718 0.662108 0.511718 0.664062 0.509765 0.666014 0.511718 0.666014 0.515625 0.669921 0.521484 0.664062 0.521484 0.662108 0.527343 0.656249 0.52539 0.654296 0.523437 0.654296
0 0.126953 0.998045 0.123047 1 0.121094 1 0.119141 1 0.126953 1 0.126953 1 0.132812 1 0.136718 1 0.138671 1 0.140624 1 0.132812 1 0.132812 1
0 0.41992 0.808594 0.417967 0.810548 0.417967 0.812501 0.416014 0.814454 0.416014 0.816407 0.412108 0.820313 0.412108 0.822267 0.410155 0.82422 0.414061 0.82422 0.416014 0.826173 0.417967 0.826173 0.41992 0.828126 0.421873 0.826173 0.421873 0.82422 0.423826 0.822267 0.423826 0.820313 0.425779 0.81836 0.425779 0.816407 0.427732 0.814454 0.425779 0.812501 0.423826 0.812501
0 0.031249 0.962888 0.017578 0.976561 0.021484 0.980467 0.021484 0.98242 0.023437 0.980467 0.02539 0.980467 0.037108 0.968748
0 0.449221 0.609373 0.443362 0.615233 0.443362 0.617186 0.437497 0.623045 0.439451 0.624998 0.441409 0.624998 0.445315 0.628905 0.447268 0.626952 0.447268 0.624998 0.453127 0.619139 0.453127 0.617186 0.45508 0.615233
0 0.341798 0.925784 0.339845 0.927737 0.339845 0.92969 0.333986 0.935549 0.333986 0.937503 0.33008 0.941409 0.332033 0.941409 0.333986 0.943357 0.335939 0.943357 0.337892 0.94531 0.343751 0.939456 0.343751 0.937503 0.34961 0.931643 0.347657 0.92969 0.345704 0.92969
0 0.322268 0.937503 0.316409 0.943357 0.316409 0.94531 0.310545 0.951169 0.312498 0.953122 0.314451 0.953122 0.318362 0.957029 0.320315 0.955076 0.320315 0.953122 0.326174 0.947263 0.326174 0.94531 0.328127 0.943357
0 0.257812 0.898439 0.255859 0.900393 0.255859 0.902346 0.253906 0.904299 0.253906 0.906252 0.251953 0.908205 0.251953 0.910158 0.25 0.912112 0.25 0.914065 0.248047 0.916018 0.25 0.916018 0.251953 0.917971 0.253906 0.917971 0.255859 0.919924 0.257812 0.917971 0.257812 0.916018 0.261718 0.912112 0.261718 0.910158 0.265625 0.906252 0.265625 0.904299 0.267578 0.902346 0.263671 0.902346 0.261718 0.900393 0.259765 0.900393
0 0.392578 0.662108 0.390625 0.664062 0.390625 0.666014 0.384765 0.671874 0.384765 0.673827 0.382812 0.675781 0.384765 0.675781 0.386718 0.677733 0.388672 0.677733 0.390625 0.679687 0.392578 0.677733 0.392578 0.675781 0.398437 0.669921 0.398437 0.667968 0.40039 0.666014 0.398437 0.666014 0.396484 0.664062 0.394531 0.664062
0 0.535155 0.958982 0.533202 0.960935 0.533202 0.962888 0.531249 0.964842 0.531249 0.966794 0.527343 0.970701 0.527343 0.972654 0.52539 0.974607 0.52539 0.976561 0.523437 0.978513 0.527343 0.978513 0.529296 0.980467 0.531249 0.980467 0.533202 0.98242 0.535155 0.980467 0.535155 0.978513 0.537108 0.976561 0.537108 0.974607 0.541014 0.970701 0.541014 0.968748 0.542967 0.966794 0.542967 0.964842 0.54492 0.962888 0.541014 0.962888 0.539061 0.960935 0.537108 0.960935
0 0.494141 0.880861 0.492188 0.882814 0.492188 0.884768 0.490235 0.88672 0.490235 0.888674 0.486329 0.89258 0.486329 0.894533 0.484376 0.896487 0.484376 0.898439 0.482423 0.900393 0.484376 0.900393 0.488282 0.904299 0.490235 0.904299 0.492188 0.906252 0.494141 0.904299 0.494141 0.902346 0.498047 0.898439 0.498047 0.896487 0.503906 0.890627 0.503906 0.888674 0.505859 0.88672 0.503906 0.88672 0.501953 0.884768 0.5 0.884768 0.498047 0.882814 0.496094 0.882814
0 0.423826 0.673827 0.421873 0.675781 0.421873 0.677733 0.416014 0.683593 0.416014 0.685546 0.412108 0.689452 0.414061 0.689452 0.416014 0.691406 0.417967 0.691406 0.41992 0.693359 0.421873 0.691406 0.421873 0.689452 0.423826 0.687499 0.423826 0.685546 0.427732 0.68164 0.427732 0.679687 0.429685 0.677733 0.427732 0.677733
0 0.47461 0.94531 0.458986 0.960935 0.460939 0.962888 0.462892 0.962888 0.466798 0.966794 0.472657 0.960935 0.472657 0.958982 0.478517 0.953122 0.478517 0.949216
0 0.058591 0.980467 0.056638 0.98242 0.054685 0.98242 0.052732 0.984373 0.048826 0.984373 0.064456 0.999998 0.068362 0.996092 0.070315 0.996092 0.072268 0.994139
0 0.34961 0.794923 0.337892 0.806642 0.345704 0.814454 0.359376 0.800782 0.357423 0.800782 0.353516 0.796875 0.351563 0.796875
0 0.486329 0.708984 0.484376 0.710937 0.484376 0.71289 0.48047 0.716797 0.48047 0.71875 0.47461 0.724609 0.47461 0.726562 0.472657 0.728515 0.47461 0.728515 0.478517 0.732422 0.48047 0.732422 0.482423 0.734375 0.484376 0.732422 0.484376 0.730469 0.488282 0.726562 0.488282 0.724609 0.494141 0.71875 0.494141 0.716797 0.496094 0.714843 0.494141 0.714843 0.490235 0.710937 0.488282 0.710937
0 0.433591 0.679687 0.427732 0.685546 0.427732 0.687499 0.421873 0.693359 0.423826 0.693359 0.425779 0.695312 0.427732 0.695312 0.429685 0.697265 0.431638 0.695312 0.431638 0.693359 0.437497 0.687499 0.437497 0.683593
0 0.017578 0.953122 0.009765 0.960935 0.007812 0.960935 0.003906 0.964842 0.005859 0.964842 0.009765 0.968748 0.017578 0.960935 0.019531 0.960935 0.021484 0.958982 0.019531 0.957029 0.019531 0.955076
0 0.425779 0.519533 0.425779 0.521487 0.423826 0.52344 0.423826 0.525393 0.421873 0.527346 0.421873 0.529299 0.41992 0.531252 0.41992 0.533206 0.417967 0.535159 0.417967 0.537112 0.416014 0.539065 0.416014 0.541018 0.425779 0.541018 0.427732 0.542971 0.427732 0.541018 0.429685 0.539065 0.429685 0.535159 0.431638 0.533206 0.431638 0.531252 0.433591 0.529299 0.433591 0.525393 0.435544 0.52344 0.435544 0.521487 0.427732 0.521487
0 0.314451 0.906252 0.312498 0.908205 0.312498 0.910158 0.306638 0.916018 0.306638 0.917971 0.302732 0.921877 0.304685 0.923831 0.306638 0.923831 0.310545 0.927737 0.312498 0.925784 0.312498 0.923831 0.318362 0.917971 0.318362 0.916018 0.322268 0.912112 0.320315 0.910158 0.318362 0.910158
0 0.453127 0.990232 0.451174 0.992186 0.451174 0.994139 0.449221 0.996092 0.449221 0.998045 0.445315 1 0.445315 1 0.443362 1 0.445315 1 0.447268 1 0.451174 1 0.453127 1 0.453127 1 0.45508 1 0.45508 1 0.458986 0.999998 0.458986 0.998045 0.460939 0.996092 0.458986 0.994139 0.457033 0.994139
0 0.003906 0.966794 0 0.978513 0 0.98242 0 0.98242 0.003906 0.976561 0.005859 0.976561 0.009765 0.972654
0 0.373047 0.78125 0.371094 0.783204 0.371094 0.785157 0.369141 0.78711 0.369141 0.789063 0.365235 0.792969 0.365235 0.794923 0.363282 0.796875 0.365235 0.798829 0.367188 0.798829 0.371094 0.802735 0.373047 0.800782 0.373047 0.798829 0.378906 0.792969 0.378906 0.791016 0.382812 0.78711 0.380859 0.78711 0.376953 0.783204 0.375 0.783204
0 0.371094 0.884768 0.359376 0.896487 0.361329 0.896487 0.365235 0.900393 0.369141 0.896487 0.369141 0.894533 0.375 0.888674
0 0.77539 0.898439 0.773437 0.900393 0.773437 0.902346 0.767578 0.908205 0.767578 0.910158 0.763671 0.914065 0.765624 0.914065 0.767578 0.916018 0.769531 0.916018 0.771484 0.917971 0.773437 0.916018 0.773437 0.914065 0.779296 0.908205 0.779296 0.906252 0.781249 0.904299
0 0.388672 0.816407 0.382812 0.822267 0.382812 0.82422 0.375 0.832032 0.376953 0.833986 0.378906 0.833986 0.382812 0.837892 0.388672 0.832032 0.388672 0.830079 0.396484 0.822267 0.394531 0.820313 0.392578 0.820313
0 0.896484 0.621092 0.892578 0.624998 0.890624 0.624998 0.888671 0.626952 0.892578 0.630858 0.892578 0.632811 0.90039 0.640624 0.90039 0.642577 0.904296 0.646483 0.908202 0.642577 0.910155 0.642577 0.912108 0.640624 0.908202 0.636717 0.908202 0.634764 0.90039 0.626952 0.90039 0.624998
0 0.392578 0.498049 0.390625 0.500002 0.390625 0.501955 0.386718 0.505861 0.386718 0.507815 0.382812 0.511721 0.382812 0.513674 0.380859 0.515627 0.384765 0.515627 0.386718 0.51758 0.390625 0.51758 0.394531 0.513674 0.394531 0.511721 0.40039 0.505861 0.40039 0.503908 0.402343 0.501955 0.398437 0.501955 0.396484 0.500002 0.394531 0.500002
0 0.34961 0.875002 0.337892 0.88672 0.339845 0.88672 0.343751 0.890627 0.345704 0.890627 0.347657 0.89258 0.34961 0.890627 0.34961 0.888674 0.35547 0.882814 0.35547 0.880861 0.357423 0.878908 0.35547 0.878908 0.353516 0.876955 0.351563 0.876955
0 0.431638 0.759766 0.429685 0.761719 0.429685 0.763672 0.425779 0.767578 0.425779 0.769531 0.421873 0.773438 0.421873 0.775391 0.41992 0.777344 0.423826 0.777344 0.425779 0.779297 0.429685 0.779297 0.429685 0.777344 0.433591 0.773438 0.433591 0.771485 0.437497 0.767578 0.437497 0.765625 0.439451 0.763672 0.437497 0.763672 0.435544 0.761719 0.433591 0.761719
0 0.234376 0.937503 0.23047 0.941409 0.23047 0.943357 0.22461 0.949216 0.22461 0.951169 0.220704 0.955076 0.22461 0.955076 0.226563 0.957029 0.23047 0.957029 0.232423 0.955076 0.232423 0.953122 0.236329 0.949216 0.236329 0.947263 0.238282 0.94531 0.238282 0.943357 0.240235 0.941409 0.238282 0.941409
0 0.181638 0.082033 0.177732 0.085939 0.175779 0.085939 0.173826 0.087892 0.181638 0.095705 0.183591 0.095705 0.193362 0.105471 0.195315 0.103517 0.195315 0.101564 0.199221 0.097658 0.193362 0.091799 0.191409 0.091799
0 0.408202 0.865236 0.404296 0.869142 0.402343 0.869142 0.40039 0.871095 0.408202 0.878908 0.408202 0.880861 0.414061 0.88672 0.41992 0.880861 0.416014 0.876955 0.416014 0.875002 0.410155 0.869142 0.410155 0.867189
0 0.48047 0.953122 0.47461 0.958982 0.47461 0.960935 0.466798 0.968748 0.468751 0.968748 0.470704 0.970701 0.472657 0.970701 0.47461 0.972654 0.48047 0.966794 0.48047 0.964842 0.486329 0.958982
0 0.48047 0.873049 0.47461 0.878908 0.47461 0.880861 0.466798 0.888674 0.468751 0.890627 0.470704 0.890627 0.47461 0.894533 0.476563 0.89258 0.476563 0.890627 0.482423 0.884768 0.482423 0.882814 0.486329 0.878908
0 0.490235 0.632811 0.488282 0.634764 0.488282 0.636717 0.486329 0.63867 0.486329 0.640624 0.484376 0.642577 0.484376 0.64453 0.482423 0.646483 0.482423 0.648436 0.48047 0.650389 0.482423 0.652342 0.484376 0.652342 0.488282 0.656249 0.490235 0.654296 0.490235 0.652342 0.494141 0.648436 0.494141 0.646483 0.498047 0.642577 0.498047 0.640624 0.5 0.63867 0.498047 0.63867 0.494141 0.634764 0.492188 0.634764
0 0.287108 0.916018 0.285155 0.917971 0.285155 0.919924 0.279296 0.925784 0.279296 0.927737 0.27539 0.931643 0.277343 0.933596 0.279296 0.933596 0.281249 0.935549 0.283202 0.935549 0.289061 0.92969 0.289061 0.927737 0.292967 0.923831 0.292967 0.921877 0.29492 0.919924 0.292967 0.919924 0.291014 0.917971 0.289061 0.917971
0 0.318362 0.699218 0.318362 0.701171 0.316409 0.703125 0.316409 0.707031 0.314451 0.708984 0.314451 0.710937 0.312498 0.71289 0.312498 0.714843 0.316409 0.714843 0.318362 0.716797 0.320315 0.714843 0.320315 0.71289 0.322268 0.710937 0.322268 0.708984 0.324221 0.707031 0.324221 0.705078 0.326174 0.703125 0.324221 0.703125 0.322268 0.701171 0.320315 0.701171
0 0.406249 0.990232 0.404296 0.992186 0.404296 0.994139 0.402343 0.996092 0.402343 0.998045 0.398437 1 0.398437 1 0.396484 1 0.398437 1 0.40039 1 0.402343 1 0.404296 1 0.404296 1 0.408202 1 0.408202 1 0.410155 0.999998 0.410155 0.998045 0.412108 0.996092 0.412108 0.994139 0.410155 0.994139
0 0.382812 0.490236 0.380859 0.492189 0.380859 0.494142 0.378906 0.496096 0.378906 0.498049 0.375 0.501955 0.375 0.503908 0.373047 0.505861 0.375 0.505861 0.378906 0.509768 0.384765 0.503908 0.384765 0.501955 0.390625 0.496096 0.388672 0.494142 0.386718 0.494142
0 0.158202 0.939456 0.142578 0.955076 0.144531 0.955076 0.148437 0.958982 0.15039 0.958982 0.152343 0.960935 0.158202 0.955076 0.158202 0.953122 0.166014 0.94531 0.164061 0.943357 0.162108 0.943357
0 0.458986 0.775391 0.457033 0.777344 0.457033 0.779297 0.453127 0.783204 0.453127 0.785157 0.449221 0.789063 0.449221 0.791016 0.447268 0.792969 0.451174 0.792969 0.453127 0.794923 0.45508 0.794923 0.457033 0.796875 0.458986 0.794923 0.458986 0.792969 0.464845 0.78711 0.464845 0.785157 0.468751 0.78125 0.466798 0.78125 0.462892 0.777344 0.460939 0.777344
1 0.978517 0.863283 0.978517 0.873049 0.98047 0.875002 0.98047 0.894533 0.982423 0.896487 0.982423 0.916018 0.984376 0.917971 0.984376 0.927737 1 0.927737 1 0.919924 0.998047 0.917971 0.998047 0.904299 0.996094 0.902346 0.996094 0.888674 0.994141 0.88672 0.994141 0.873049 0.992188 0.871095 0.992188 0.863283
0 0.490235 0.931643 0.490235 0.933596 0.488282 0.935549 0.488282 0.937503 0.486329 0.939456 0.486329 0.941409 0.484376 0.943357 0.484376 0.94531 0.482423 0.947263 0.482423 0.949216 0.48047 0.951169 0.484376 0.951169 0.486329 0.953122 0.488282 0.953122 0.490235 0.955076 0.490235 0.953122 0.492188 0.951169 0.492188 0.949216 0.494141 0.947263 0.494141 0.94531 0.496094 0.943357 0.496094 0.941409 0.498047 0.939456 0.498047 0.937503 0.5 0.935549 0.496094 0.935549 0.494141 0.933596 0.492188 0.933596
0 0.476563 0.705078 0.470704 0.710937 0.470704 0.71289 0.462892 0.720703 0.464845 0.722656 0.466798 0.722656 0.470704 0.726562 0.47461 0.722656 0.47461 0.720703 0.48047 0.714843 0.48047 0.71289 0.484376 0.708984 0.482423 0.708984 0.48047 0.707031 0.478517 0.707031
0 0.347657 0.953122 0.345704 0.955076 0.345704 0.957029 0.343751 0.958982 0.343751 0.960935 0.339845 0.964842 0.339845 0.966794 0.337892 0.968748 0.339845 0.970701 0.341798 0.970701 0.345704 0.974607 0.347657 0.972654 0.347657 0.970701 0.353516 0.964842 0.353516 0.962888 0.357423 0.958982 0.35547 0.958982 0.351563 0.955076 0.34961 0.955076
0 0.33008 0.943357 0.328127 0.94531 0.328127 0.947263 0.322268 0.953122 0.322268 0.955076 0.320315 0.957029 0.322268 0.957029 0.324221 0.958982 0.326174 0.958982 0.328127 0.960935 0.332033 0.957029 0.332033 0.955076 0.337892 0.949216 0.335939 0.947263 0.333986 0.947263
0 0.220704 0.957029 0.218751 0.958982 0.218751 0.960935 0.212892 0.966794 0.212892 0.968748 0.210939 0.970701 0.214845 0.970701 0.216798 0.972654 0.218751 0.972654 0.220704 0.974607 0.222657 0.972654 0.222657 0.970701 0.22461 0.968748 0.22461 0.966794 0.226563 0.964842 0.226563 0.962888 0.228517 0.960935 0.226563 0.960935 0.22461 0.958982 0.222657 0.958982
0 0.449221 0.583982 0.447268 0.585936 0.447268 0.587888 0.443362 0.591795 0.443362 0.593748 0.439451 0.597654 0.439451 0.599607 0.437497 0.601561 0.439451 0.601561 0.443362 0.605467 0.445315 0.605467 0.447268 0.60742 0.449221 0.605467 0.449221 0.603514 0.453127 0.599607 0.453127 0.597654 0.457033 0.593748 0.457033 0.591795 0.458986 0.589842 0.457033 0.589842 0.453127 0.585936 0.451174 0.585936
0 0.361329 0.773438 0.359376 0.775391 0.359376 0.777344 0.353516 0.783204 0.353516 0.785157 0.34961 0.789063 0.351563 0.791016 0.353516 0.791016 0.357423 0.794923 0.359376 0.792969 0.359376 0.791016 0.363282 0.78711 0.363282 0.785157 0.367188 0.78125 0.367188 0.779297 0.369141 0.777344 0.367188 0.777344 0.365235 0.775391 0.363282 0.775391
0 0.259765 0.955076 0.259765 0.957029 0.257812 0.958982 0.257812 0.960935 0.255859 0.962888 0.255859 0.964842 0.253906 0.966794 0.253906 0.968748 0.251953 0.970701 0.251953 0.972654 0.257812 0.972654 0.259765 0.970701 0.259765 0.968748 0.261718 0.966794 0.261718 0.964842 0.263671 0.962888 0.263671 0.960935 0.265625 0.958982 0.265625 0.957029 0.267578 0.955076
0 0.660155 0.796875 0.658202 0.798829 0.658202 0.800782 0.652343 0.806642 0.652343 0.808594 0.648437 0.812501 0.65039 0.812501 0.654296 0.816407 0.656249 0.816407 0.658202 0.81836 0.660155 0.816407 0.660155 0.814454 0.662108 0.812501 0.662108 0.810548 0.666014 0.806642 0.666014 0.804688 0.667967 0.802735 0.666014 0.800782 0.664061 0.800782
0 0.009765 0.998045 0.005859 1 0.003906 1 0 1 0 1 0 1 0 1 0 1 0 1 0.013671 1 0.015624 1
0 0.322268 0.998045 0.320315 0.999998 0.320315 1 0.316409 1 0.316409 1 0.312498 1 0.312498 1 0.310545 1 0.314451 1 0.316409 1 0.318362 1 0.320315 1 0.322268 1 0.322268 1 0.324221 1 0.324221 1 0.328127 1 0.328127 1 0.33008 1 0.328127 1 0.326174 1
0 0.304685 0.986326 0.302732 0.988279 0.302732 0.990232 0.296873 0.996092 0.296873 0.998045 0.29492 0.999998 0.296873 0.999998 0.300779 1 0.304685 0.999998 0.304685 0.998045 0.310545 0.992186
0 0 0.89258 0 0.894533 0 0.896487 0 0.900393 0 0.902346 0 0.904299 0 0.906252 0 0.910158 0 0.912112 0 0.914065 0 0.914065 0 0.916018 0 0.916018 0 0.917971 0 0.916018 0 0.914065 0 0.912112 0 0.910158 0 0.908205 0.001953 0.906252 0.001953 0.904299 0.003906 0.902346 0.003906 0.900393 0.005859 0.898439 0.005859 0.896487 0.001953 0.896487 0 0.894533 0 0.894533
0 0.259765 0.873049 0.257812 0.875002 0.257812 0.876955 0.253906 0.880861 0.253906 0.882814 0.25 0.88672 0.25 0.888674 0.248047 0.890627 0.251953 0.890627 0.253906 0.89258 0.255859 0.89258 0.257812 0.894533 0.259765 0.89258 0.259765 0.890627 0.261718 0.888674 0.261718 0.88672 0.263671 0.884768 0.263671 0.882814 0.265625 0.880861 0.265625 0.878908 0.267578 0.876955 0.265625 0.876955 0.263671 0.875002 0.261718 0.875002
0 0.554685 0.808594 0.552732 0.810548 0.552732 0.812501 0.548826 0.816407 0.548826 0.81836 0.54492 0.822267 0.54492 0.82422 0.542967 0.826173 0.54492 0.826173 0.546873 0.828126 0.548826 0.828126 0.550779 0.830079 0.552732 0.828126 0.552732 0.826173 0.556638 0.822267 0.556638 0.820313 0.560544 0.816407 0.560544 0.814454 0.562497 0.812501 0.560544 0.812501 0.558591 0.810548 0.556638 0.810548
0 0.451174 0.746094 0.445315 0.751953 0.445315 0.753906 0.439451 0.759766 0.441409 0.759766 0.445315 0.763672 0.447268 0.763672 0.449221 0.765625 0.451174 0.763672 0.451174 0.761719 0.457033 0.755859 0.457033 0.753906 0.458986 0.751953 0.457033 0.75 0.45508 0.75
0 0.310545 0.931643 0.308591 0.933596 0.308591 0.935549 0.304685 0.939456 0.304685 0.941409 0.300779 0.94531 0.300779 0.947263 0.298826 0.949216 0.300779 0.949216 0.304685 0.953122 0.306638 0.953122 0.308591 0.955076 0.308591 0.951169 0.312498 0.947263 0.312498 0.94531 0.314451 0.943357 0.314451 0.941409 0.316409 0.939456 0.316409 0.937503 0.318362 0.935549 0.316409 0.935549 0.314451 0.933596 0.312498 0.933596
0 0.232423 0.964842 0.226563 0.970701 0.226563 0.972654 0.220704 0.978513 0.222657 0.978513 0.226563 0.98242 0.228517 0.98242 0.23047 0.984373 0.232423 0.98242 0.232423 0.980467 0.234376 0.978513 0.234376 0.976561 0.238282 0.972654 0.238282 0.970701 0.240235 0.968748 0.238282 0.968748 0.236329 0.966794 0.234376 0.966794
0 0.542967 0.828126 0.541014 0.830079 0.541014 0.832032 0.535155 0.837892 0.535155 0.839845 0.531249 0.843751 0.533202 0.843751 0.537108 0.847658 0.539061 0.847658 0.541014 0.849611 0.542967 0.847658 0.542967 0.845704 0.54492 0.843751 0.54492 0.841798 0.548826 0.837892 0.548826 0.835939 0.550779 0.833986 0.548826 0.832032 0.546873 0.832032
0 0.402343 0.505861 0.396484 0.511721 0.396484 0.513674 0.390625 0.519533 0.394531 0.519533 0.396484 0.521487 0.398437 0.521487 0.40039 0.52344 0.402343 0.521487 0.402343 0.519533 0.406249 0.515627 0.406249 0.513674 0.408202 0.511721
0 0.404296 0.742187 0.402343 0.744141 0.402343 0.746094 0.396484 0.751953 0.396484 0.753906 0.392578 0.757813 0.394531 0.757813 0.396484 0.759766 0.398437 0.759766 0.40039 0.761719 0.402343 0.759766 0.402343 0.757813 0.408202 0.751953 0.408202 0.75 0.412108 0.746094 0.410155 0.746094 0.408202 0.744141 0.406249 0.744141
0 0.386718 0.710937 0.380859 0.716797 0.380859 0.71875 0.375 0.724609 0.376953 0.726562 0.378906 0.726562 0.382812 0.730469 0.384765 0.728515 0.384765 0.726562 0.390625 0.720703 0.390625 0.71875 0.394531 0.714843 0.392578 0.714843 0.390625 0.71289 0.388672 0.71289
0 0.398437 0.714843 0.392578 0.720703 0.392578 0.722656 0.386718 0.728515 0.392578 0.734375 0.398437 0.728515 0.398437 0.726562 0.404296 0.720703
0 0 0.960935 0 0.964842 0 0.964842 0 0.970701 0 0.970701 0 0.972654 0 0.978513 0 0.978513 0 0.976561 0 0.976561 0 0.966794
0 0.5 0.332031 0.496094 0.335937 0.496094 0.33789 0.492188 0.341797 0.494141 0.341797 0.498047 0.345703 0.5 0.345703 0.503906 0.349609 0.505859 0.349609 0.509765 0.353516 0.511718 0.353516 0.513672 0.355469 0.515625 0.353516 0.515625 0.351562 0.519531 0.347656 0.517578 0.345703 0.515625 0.345703 0.507812 0.33789 0.505859 0.33789
0 0.058591 0.800782 0.050779 0.808594 0.054685 0.812501 0.056638 0.812501 0.064456 0.820313 0.068362 0.816407 0.070315 0.816407 0.072268 0.814454
0 0.376953 0.728515 0.375 0.730469 0.375 0.732422 0.369141 0.738281 0.369141 0.740234 0.365235 0.744141 0.367188 0.744141 0.369141 0.746094 0.371094 0.746094 0.373047 0.748047 0.373047 0.746094 0.376953 0.742187 0.376953 0.740234 0.380859 0.736328 0.380859 0.734375 0.382812 0.732422 0.380859 0.732422
0 0.361329 0.857423 0.34961 0.869142 0.351563 0.871095 0.353516 0.871095 0.357423 0.875002 0.369141 0.863283 0.367188 0.86133 0.365235 0.86133
0 0.039061 0.968748 0.02539 0.98242 0.029296 0.986326 0.033202 0.986326 0.042967 0.976561 0.042967 0.974607 0.041014 0.972654 0.041014 0.970701
0 0.634765 0.89258 0.628906 0.898439 0.626953 0.898439 0.625 0.900393 0.628906 0.904299 0.630859 0.904299 0.638671 0.912112 0.640624 0.912112 0.646484 0.917971 0.652343 0.912112 0.654296 0.912112 0.656249 0.910158 0.652343 0.906252 0.65039 0.906252 0.642578 0.898439 0.640624 0.898439
0 0.380859 0.792969 0.378906 0.794923 0.378906 0.796875 0.375 0.800782 0.375 0.802735 0.371094 0.806642 0.371094 0.808594 0.369141 0.810548 0.371094 0.810548 0.375 0.814454 0.376953 0.814454 0.378906 0.816407 0.380859 0.814454 0.380859 0.812501 0.382812 0.810548 0.382812 0.808594 0.386718 0.804688 0.386718 0.802735 0.388672 0.800782 0.388672 0.798829 0.390625 0.796875 0.386718 0.796875 0.384765 0.794923 0.382812 0.794923
0 0.384765 0.734375 0.380859 0.738281 0.380859 0.740234 0.375 0.746094 0.376953 0.748047 0.378906 0.748047 0.380859 0.75 0.382812 0.75 0.386718 0.746094 0.386718 0.744141 0.388672 0.742187 0.388672 0.740234 0.390625 0.738281 0.388672 0.738281
0 0.269531 0.451173 0.265625 0.455079 0.263671 0.455079 0.261718 0.457033 0.267578 0.462892 0.269531 0.462892 0.277343 0.470705 0.279296 0.468751 0.279296 0.466798 0.283202 0.462892 0.279296 0.458986 0.277343 0.458986
0 1 0.039063 1 0.041017 1 0.04297 1 0.044923 1 0.046876 1 0.050782 1 0.052736 1 0.054689 0.998047 0.056642 0.998047 0.058595 1 0.058595 1 0.060548 1 0.060548 1 0.062501 1 0.058595 1 0.056642 1 0.048829 1 0.046876 1 0.04297 1 0.04297
0 0.552732 0.888674 0.550779 0.890627 0.550779 0.89258 0.548826 0.894533 0.548826 0.896487 0.54492 0.900393 0.54492 0.902346 0.542967 0.904299 0.542967 0.906252 0.541014 0.908205 0.542967 0.908205 0.54492 0.910158 0.546873 0.910158 0.548826 0.912112 0.550779 0.912112 0.552732 0.914065 0.552732 0.912112 0.554685 0.910158 0.554685 0.908205 0.556638 0.906252 0.556638 0.904299 0.558591 0.902346 0.558591 0.900393 0.560544 0.898439 0.560544 0.896487 0.562497 0.894533 0.562497 0.89258 0.558591 0.89258 0.556638 0.890627 0.554685 0.890627
0 0.460939 0.751953 0.458986 0.753906 0.458986 0.755859 0.453127 0.761719 0.453127 0.763672 0.449221 0.767578 0.451174 0.769531 0.453127 0.769531 0.457033 0.773438 0.458986 0.771485 0.458986 0.769531 0.460939 0.767578 0.460939 0.765625 0.464845 0.761719 0.464845 0.759766 0.466798 0.757813
0 0.353516 0.849611 0.351563 0.851564 0.351563 0.853517 0.345704 0.859376 0.345704 0.86133 0.341798 0.865236 0.343751 0.865236 0.347657 0.869142 0.361329 0.85547 0.359376 0.853517 0.357423 0.853517
0 0.335939 0.466798 0.333986 0.468751 0.333986 0.470705 0.328127 0.476564 0.328127 0.478517 0.326174 0.48047 0.33008 0.48047 0.332033 0.482424 0.333986 0.482424 0.335939 0.484377 0.335939 0.482424 0.337892 0.48047 0.337892 0.478517 0.339845 0.476564 0.339845 0.474611 0.341798 0.472658 0.341798 0.470705 0.339845 0.470705
0 0.023437 0.98242 0.019531 0.986326 0.017578 0.986326 0.009765 0.994139 0.007812 0.994139 0.005859 0.996092 0.007812 0.998045 0.009765 0.996092 0.015624 1 0.017578 1 0.021484 0.998045 0.021484 0.996092 0.029296 0.988279
0 0.607423 0.841798 0.60547 0.843751 0.60547 0.845704 0.601564 0.849611 0.601564 0.851564 0.597657 0.85547 0.597657 0.857423 0.595704 0.859376 0.597657 0.859376 0.59961 0.86133 0.601564 0.86133 0.603517 0.863283 0.60547 0.86133 0.60547 0.859376 0.611329 0.853517 0.611329 0.851564 0.615235 0.847658 0.613282 0.845704 0.611329 0.845704
0 0.527343 0.789063 0.52539 0.791016 0.52539 0.792969 0.521484 0.796875 0.521484 0.798829 0.517578 0.802735 0.517578 0.804688 0.515625 0.806642 0.517578 0.808594 0.519531 0.808594 0.523437 0.812501 0.52539 0.810548 0.52539 0.808594 0.529296 0.804688 0.529296 0.802735 0.533202 0.798829 0.533202 0.796875 0.535155 0.794923 0.533202 0.792969 0.531249 0.792969
0 0.394531 0.923831 0.392578 0.925784 0.392578 0.927737 0.388672 0.931643 0.388672 0.933596 0.384765 0.937503 0.384765 0.939456 0.382812 0.941409 0.384765 0.943357 0.386718 0.943357 0.390625 0.947263 0.394531 0.943357 0.394531 0.941409 0.40039 0.935549 0.40039 0.933596 0.404296 0.92969 0.402343 0.92969 0.398437 0.925784 0.396484 0.925784
0 0.441409 0.763672 0.439451 0.765625 0.439451 0.767578 0.435544 0.771485 0.435544 0.773438 0.431638 0.777344 0.431638 0.779297 0.429685 0.78125 0.435544 0.78711 0.437497 0.785157 0.437497 0.783204 0.441409 0.779297 0.441409 0.777344 0.445315 0.773438 0.445315 0.771485 0.447268 0.769531 0.447268 0.767578 0.445315 0.767578
0 0.451174 0.693359 0.445315 0.699218 0.445315 0.701171 0.437497 0.708984 0.439451 0.710937 0.441409 0.710937 0.445315 0.714843 0.451174 0.708984 0.451174 0.707031 0.458986 0.699218 0.457033 0.697265 0.45508 0.697265
0 0.048826 0.972654 0.033202 0.988279 0.035155 0.990232 0.035155 0.992186 0.037108 0.994139 0.039061 0.994139 0.046873 0.986326 0.046873 0.984373 0.048826 0.98242 0.052732 0.98242 0.054685 0.980467 0.050779 0.976561 0.050779 0.974607
0 0.363282 0.48047 0.361329 0.482424 0.361329 0.484377 0.357423 0.488283 0.357423 0.490236 0.353516 0.494142 0.353516 0.496096 0.351563 0.498049 0.35547 0.498049 0.357423 0.500002 0.359376 0.500002 0.361329 0.501955 0.363282 0.500002 0.363282 0.498049 0.365235 0.496096 0.365235 0.494142 0.369141 0.490236 0.369141 0.488283 0.371094 0.48633 0.369141 0.484377 0.367188 0.484377
0 0.441409 0.742187 0.439451 0.744141 0.439451 0.746094 0.433591 0.751953 0.433591 0.753906 0.431638 0.755859 0.433591 0.755859 0.435544 0.757813 0.439451 0.757813 0.443362 0.753906 0.443362 0.751953 0.447268 0.748047 0.447268 0.746094 0.445315 0.746094
0 0.041014 0.996092 0.037108 0.999998 0.035155 0.999998 0.033202 1 0.041014 1 0.042967 1 0.048826 1 0.050779 1 0.050779 1 0.054685 1
0 0.136718 0.914065 0.128906 0.921877 0.126953 0.921877 0.121094 0.927737 0.123047 0.92969 0.125 0.92969 0.128906 0.933596 0.132812 0.92969 0.134765 0.92969 0.140624 0.923831 0.142578 0.923831 0.144531 0.921877
0 0.65039 0.972654 0.648437 0.974607 0.648437 0.976561 0.646484 0.978513 0.646484 0.980467 0.642578 0.984373 0.642578 0.986326 0.640624 0.988279 0.640624 0.990232 0.638671 0.992186 0.640624 0.992186 0.642578 0.994139 0.644531 0.994139 0.646484 0.996092 0.648437 0.996092 0.65039 0.998045 0.65039 0.996092 0.652343 0.994139 0.652343 0.992186 0.654296 0.990232 0.654296 0.988279 0.656249 0.986326 0.656249 0.984373 0.658202 0.98242 0.658202 0.980467 0.660155 0.978513 0.658202 0.978513 0.654296 0.974607 0.652343 0.974607
1 0 0 0 0 0 0 0 0 0 0 0 0 0 0 0 0 0 0 0 0 0.001953 0 0.003906 0 0.011718 0 0.013671 0 0.021484 0 0.023437 0 0.031249 0.003907 0.033202 0.003907 0.039061 0.009766 0.042967 0.00586 0.042967 0.003907 0.048826 0 0.04492 0 0.042967 0 0.035155 0 0.033202 0 0.02539 0 0.023437 0 0.015624 0 0.013671 0 0.005859 0 0.003906 0
0 0.394531 0.738281 0.388672 0.744141 0.388672 0.746094 0.382812 0.751953 0.384765 0.751953 0.388672 0.755859 0.390625 0.753906 0.390625 0.751953 0.396484 0.746094 0.396484 0.744141 0.398437 0.742187
0 0.296873 0.896487 0.29492 0.898439 0.29492 0.900393 0.289061 0.906252 0.289061 0.908205 0.287108 0.910158 0.289061 0.910158 0.291014 0.912112 0.292967 0.912112 0.29492 0.914065 0.298826 0.910158 0.298826 0.908205 0.304685 0.902346 0.302732 0.900393 0.300779 0.900393
0 0 0.988279 0 0.999998 0 1 0 1 0 0.998045 0 0.998045 0.001953 0.994139
0 0.556638 0.728515 0.554685 0.730469 0.554685 0.732422 0.550779 0.736328 0.550779 0.738281 0.546873 0.742187 0.546873 0.744141 0.54492 0.746094 0.548826 0.746094 0.550779 0.748047 0.552732 0.748047 0.554685 0.75 0.556638 0.748047 0.556638 0.746094 0.558591 0.744141 0.558591 0.742187 0.560544 0.740234 0.560544 0.738281 0.562497 0.736328 0.562497 0.734375 0.564451 0.732422 0.562497 0.732422 0.560544 0.730469 0.558591 0.730469
0 0.552732 0.968748 0.550779 0.970701 0.550779 0.972654 0.548826 0.974607 0.548826 0.976561 0.546873 0.978513 0.546873 0.980467 0.54492 0.98242 0.54492 0.984373 0.542967 0.986326 0.546873 0.986326 0.548826 0.988279 0.550779 0.988279 0.552732 0.990232 0.554685 0.988279 0.554685 0.986326 0.556638 0.984373 0.556638 0.98242 0.560544 0.978513 0.560544 0.976561 0.562497 0.974607 0.560544 0.974607 0.556638 0.970701 0.554685 0.970701
0 0.326174 0.914065 0.324221 0.916018 0.324221 0.917971 0.320315 0.921877 0.320315 0.923831 0.316409 0.927737 0.316409 0.92969 0.314451 0.931643 0.316409 0.931643 0.318362 0.933596 0.322268 0.933596 0.328127 0.927737 0.328127 0.925784 0.333986 0.919924 0.332033 0.917971 0.33008 0.917971
0 0.646484 0.720703 0.644531 0.722656 0.644531 0.724609 0.638671 0.730469 0.638671 0.732422 0.632812 0.738281 0.632812 0.740234 0.630859 0.742187 0.632812 0.742187 0.636718 0.746094 0.638671 0.746094 0.640624 0.748047 0.642578 0.746094 0.642578 0.744141 0.644531 0.742187 0.644531 0.740234 0.646484 0.738281 0.646484 0.736328 0.648437 0.734375 0.648437 0.732422 0.65039 0.730469 0.65039 0.728515 0.652343 0.726562
0 0.564451 0.814454 0.560544 0.81836 0.560544 0.820313 0.554685 0.826173 0.554685 0.828126 0.550779 0.832032 0.552732 0.833986 0.554685 0.833986 0.558591 0.837892 0.562497 0.833986 0.562497 0.832032 0.568362 0.826173 0.568362 0.82422 0.572268 0.820313 0.570315 0.81836 0.568362 0.81836
0 0.414061 0.724609 0.412108 0.726562 0.412108 0.728515 0.406249 0.734375 0.406249 0.736328 0.404296 0.738281 0.406249 0.738281 0.408202 0.740234 0.410155 0.740234 0.412108 0.742187 0.416014 0.738281 0.416014 0.736328 0.421873 0.730469 0.41992 0.728515 0.417967 0.728515
0 0.410155 0.923831 0.408202 0.925784 0.408202 0.927737 0.404296 0.931643 0.404296 0.933596 0.40039 0.937503 0.40039 0.939456 0.398437 0.941409 0.402343 0.941409 0.404296 0.943357 0.406249 0.943357 0.408202 0.94531 0.410155 0.943357 0.410155 0.941409 0.412108 0.939456 0.412108 0.937503 0.416014 0.933596 0.416014 0.931643 0.417967 0.92969 0.416014 0.927737 0.414061 0.927737
0 0.136718 0.837892 0.134765 0.839845 0.134765 0.841798 0.128906 0.847658 0.128906 0.849611 0.125 0.853517 0.126953 0.85547 0.128906 0.85547 0.132812 0.859376 0.134765 0.857423 0.134765 0.85547 0.140624 0.849611 0.140624 0.847658 0.144531 0.843751 0.142578 0.841798 0.140624 0.841798
0 0.583986 0.742187 0.582033 0.744141 0.582033 0.746094 0.58008 0.748047 0.58008 0.75 0.576174 0.753906 0.576174 0.755859 0.574221 0.757813 0.574221 0.759766 0.572268 0.761719 0.574221 0.761719 0.576174 0.763672 0.578127 0.763672 0.58008 0.765625 0.582033 0.763672 0.582033 0.761719 0.585939 0.757813 0.585939 0.755859 0.589845 0.751953 0.589845 0.75 0.591798 0.748047 0.589845 0.746094 0.587892 0.746094
0 0.978517 0.796875 0.976564 0.798829 0.974611 0.798829 0.972658 0.800782 0.968751 0.800782 0.968751 0.804688 0.970704 0.806642 0.970704 0.814454 0.972658 0.816407 0.972658 0.820313 0.982423 0.820313 0.982423 0.816407 0.98047 0.814454 0.98047 0.804688 0.978517 0.802735
0 0.412108 0.669921 0.408202 0.673827 0.408202 0.675781 0.402343 0.68164 0.404296 0.683593 0.406249 0.683593 0.410155 0.687499 0.416014 0.68164 0.416014 0.679687 0.421873 0.673827 0.417967 0.673827 0.416014 0.671874 0.414061 0.671874
0 0.29492 0.976561 0.292967 0.978513 0.292967 0.980467 0.291014 0.98242 0.291014 0.984373 0.289061 0.986326 0.289061 0.988279 0.287108 0.990232 0.289061 0.990232 0.292967 0.994139 0.29492 0.992186 0.29492 0.990232 0.296873 0.988279 0.296873 0.986326 0.298826 0.984373 0.298826 0.98242 0.300779 0.980467 0.298826 0.980467
0 0.345704 0.470705 0.345704 0.472658 0.343751 0.474611 0.343751 0.476564 0.341798 0.478517 0.341798 0.48047 0.339845 0.482424 0.339845 0.484377 0.337892 0.48633 0.341798 0.48633 0.343751 0.488283 0.345704 0.488283 0.347657 0.490236 0.34961 0.488283 0.34961 0.48633 0.351563 0.484377 0.351563 0.482424 0.353516 0.48047 0.353516 0.478517 0.35547 0.476564 0.353516 0.476564 0.34961 0.472658 0.347657 0.472658
0 0.281249 0.884768 0.27539 0.890627 0.27539 0.89258 0.267578 0.900393 0.269531 0.902346 0.271484 0.902346 0.27539 0.906252 0.279296 0.902346 0.279296 0.900393 0.285155 0.894533 0.285155 0.89258 0.289061 0.888674 0.287108 0.888674 0.285155 0.88672 0.283202 0.88672
0 0.289061 0.890627 0.287108 0.89258 0.287108 0.894533 0.281249 0.900393 0.281249 0.902346 0.277343 0.906252 0.279296 0.906252 0.281249 0.908205 0.283202 0.908205 0.285155 0.910158 0.287108 0.908205 0.287108 0.906252 0.292967 0.900393 0.292967 0.898439 0.296873 0.894533 0.29492 0.894533 0.292967 0.89258 0.291014 0.89258
0 0.431638 0.734375 0.429685 0.736328 0.429685 0.738281 0.427732 0.740234 0.427732 0.742187 0.423826 0.746094 0.423826 0.748047 0.421873 0.75 0.423826 0.75 0.427732 0.753906 0.431638 0.753906 0.431638 0.751953 0.437497 0.746094 0.437497 0.744141 0.441409 0.740234 0.439451 0.740234 0.435544 0.736328 0.433591 0.736328
0 0.511718 0.646483 0.509765 0.648436 0.509765 0.650389 0.507812 0.652342 0.507812 0.654296 0.503906 0.658202 0.503906 0.660155 0.501953 0.662108 0.503906 0.662108 0.507812 0.666014 0.509765 0.664062 0.509765 0.662108 0.513672 0.658202 0.513672 0.656249 0.515625 0.654296 0.515625 0.650389
0 0.005859 0.935549 0 0.949216 0 0.955076 0.005859 0.947263 0.007812 0.947263 0.011718 0.943357 0.007812 0.939456 0.007812 0.937503
0 0.685544 0.810548 0.683591 0.812501 0.683591 0.814454 0.681638 0.816407 0.681638 0.81836 0.679685 0.820313 0.679685 0.822267 0.677732 0.82422 0.677732 0.826173 0.675779 0.828126 0.675779 0.830079 0.673826 0.832032 0.677732 0.832032 0.679685 0.833986 0.681638 0.833986 0.683591 0.835939 0.685544 0.833986 0.685544 0.832032 0.687498 0.830079 0.687498 0.828126 0.691409 0.82422 0.691409 0.822267 0.693362 0.820313 0.693362 0.81836 0.695315 0.816407 0.693362 0.816407 0.689451 0.812501 0.687498 0.812501
0 0.449221 0.935549 0.443362 0.941409 0.443362 0.943357 0.437497 0.949216 0.439451 0.951169 0.441409 0.951169 0.447268 0.957029 0.449221 0.955076 0.449221 0.953122 0.45508 0.947263 0.45508 0.94531 0.458986 0.941409 0.457033 0.941409 0.453127 0.937503 0.451174 0.937503
0 0.443362 0.658202 0.441409 0.660155 0.441409 0.662108 0.437497 0.666014 0.437497 0.667968 0.433591 0.671874 0.433591 0.673827 0.431638 0.675781 0.433591 0.675781 0.435544 0.677733 0.437497 0.677733 0.439451 0.679687 0.441409 0.677733 0.441409 0.675781 0.445315 0.671874 0.445315 0.669921 0.449221 0.666014 0.449221 0.664062 0.451174 0.662108 0.449221 0.662108 0.447268 0.660155 0.445315 0.660155
0 0.439451 0.685546 0.439451 0.687499 0.433591 0.693359 0.433591 0.695312 0.431638 0.697265 0.433591 0.699218 0.435544 0.699218 0.439451 0.703125 0.441409 0.701171 0.441409 0.699218 0.447268 0.693359 0.447268 0.691406 0.449221 0.689452 0.447268 0.689452 0.445315 0.687499 0.443362 0.687499 0.441409 0.685546
0 0.554685 0.751953 0.550779 0.755859 0.550779 0.757813 0.54492 0.763672 0.54492 0.765625 0.541014 0.769531 0.542967 0.769531 0.546873 0.773438 0.548826 0.773438 0.550779 0.775391 0.552732 0.773438 0.552732 0.771485 0.556638 0.767578 0.556638 0.765625 0.560544 0.761719 0.560544 0.759766 0.562497 0.757813 0.560544 0.755859 0.558591 0.755859
0 0.384765 0.845704 0.382812 0.847658 0.380859 0.847658 0.378906 0.849611 0.376953 0.849611 0.375 0.851564 0.371094 0.851564 0.369141 0.853517 0.367188 0.853517 0.369141 0.85547 0.369141 0.857423 0.371094 0.859376 0.371094 0.86133 0.373047 0.859376 0.375 0.859376 0.376953 0.857423 0.378906 0.857423 0.382812 0.853517 0.384765 0.853517 0.386718 0.851564 0.388672 0.851564 0.386718 0.849611 0.386718 0.847658
0 0.304685 0.441407 0.298826 0.447267 0.298826 0.44922 0.291014 0.457033 0.292967 0.457033 0.296873 0.460939 0.298826 0.460939 0.300779 0.462892 0.306638 0.457033 0.306638 0.455079 0.312498 0.44922
0 0.078127 0.992186 0.070315 0.999998 0.085939 1 0.093751 1
0 0.597657 0.998045 0.595704 0.999998 0.595704 1 0.589845 1 0.589845 1 0.585939 1 0.587892 1 0.589845 1 0.591798 1 0.593751 1 0.59961 1 0.59961 1 0.60547 1 0.603517 1 0.601564 1
0 0.60547 0.699218 0.603517 0.701171 0.603517 0.703125 0.59961 0.707031 0.59961 0.708984 0.597657 0.710937 0.597657 0.71289 0.593751 0.716797 0.593751 0.71875 0.591798 0.720703 0.593751 0.720703 0.595704 0.722656 0.597657 0.722656 0.59961 0.724609 0.601564 0.724609 0.603517 0.726562 0.60547 0.724609 0.60547 0.722656 0.609376 0.71875 0.609376 0.716797 0.611329 0.714843 0.611329 0.71289 0.615235 0.708984 0.615235 0.707031 0.617188 0.705078 0.615235 0.705078 0.613282 0.703125 0.611329 0.703125 0.609376 0.701171 0.607423 0.701171
0 0.402343 0.796875 0.388672 0.810548 0.394531 0.816407 0.408202 0.802735
0 0.572268 0.734375 0.570315 0.736328 0.570315 0.738281 0.566409 0.742187 0.566409 0.744141 0.562497 0.748047 0.562497 0.75 0.560544 0.751953 0.562497 0.751953 0.566409 0.755859 0.568362 0.755859 0.570315 0.757813 0.570315 0.755859 0.572268 0.753906 0.572268 0.751953 0.574221 0.75 0.574221 0.748047 0.576174 0.746094 0.576174 0.744141 0.578127 0.742187 0.578127 0.740234 0.58008 0.738281 0.578127 0.738281 0.576174 0.736328 0.574221 0.736328
0 0.248047 0.951169 0.248047 0.953122 0.246094 0.955076 0.246094 0.958982 0.244141 0.960935 0.244141 0.962888 0.242188 0.964842 0.242188 0.966794 0.25 0.966794 0.251953 0.968748 0.251953 0.966794 0.253906 0.964842 0.253906 0.960935 0.255859 0.958982 0.255859 0.957029 0.257812 0.955076 0.257812 0.953122 0.25 0.953122
0 0.369141 0.722656 0.363282 0.728515 0.363282 0.730469 0.35547 0.738281 0.357423 0.740234 0.359376 0.740234 0.363282 0.744141 0.365235 0.742187 0.365235 0.740234 0.369141 0.736328 0.369141 0.734375 0.373047 0.730469 0.373047 0.728515 0.375 0.726562 0.373047 0.726562
0 0.013671 0.943357 0.005859 0.951169 0.003906 0.951169 0 0.955076 0.001953 0.957029 0.001953 0.958982 0.003906 0.960935 0.003906 0.962888 0.007812 0.958982 0.009765 0.958982 0.017578 0.951169 0.019531 0.951169 0.021484 0.949216 0.019531 0.947263 0.017578 0.947263
0 0.425779 0.976561 0.423826 0.978513 0.423826 0.980467 0.421873 0.98242 0.421873 0.984373 0.417967 0.988279 0.417967 0.990232 0.416014 0.992186 0.421873 0.998045 0.423826 0.996092 0.423826 0.994139 0.429685 0.988279 0.429685 0.986326 0.433591 0.98242 0.431638 0.980467 0.429685 0.980467
0 0.45508 0.908205 0.453127 0.910158 0.453127 0.912112 0.449221 0.916018 0.449221 0.917971 0.447268 0.919924 0.447268 0.921877 0.443362 0.925784 0.443362 0.927737 0.441409 0.92969 0.443362 0.92969 0.445315 0.931643 0.447268 0.931643 0.449221 0.933596 0.451174 0.933596 0.453127 0.935549 0.45508 0.933596 0.45508 0.931643 0.457033 0.92969 0.457033 0.927737 0.458986 0.925784 0.458986 0.923831 0.460939 0.921877 0.460939 0.919924 0.462892 0.917971 0.458986 0.914065 0.458986 0.912112
0 0.283202 0.996092 0.279296 0.999998 0.279296 1 0.273437 1 0.27539 1 0.277343 1 0.281249 1 0.285155 1 0.285155 1 0.289061 1 0.285155 0.999998 0.285155 0.998045
0 0.437497 0.980467 0.435544 0.98242 0.435544 0.984373 0.431638 0.988279 0.431638 0.990232 0.425779 0.996092 0.425779 0.999998 0.427732 0.999998 0.429685 1 0.431638 1 0.433591 1 0.435544 1 0.435544 0.999998 0.441409 0.994139 0.441409 0.992186 0.445315 0.988279
0 0.335939 0.919924 0.33008 0.925784 0.33008 0.927737 0.322268 0.935549 0.324221 0.937503 0.326174 0.937503 0.328127 0.939456 0.33008 0.939456 0.332033 0.937503 0.332033 0.935549 0.337892 0.92969 0.337892 0.927737 0.339845 0.925784 0.339845 0.923831
0 0.376953 0.888674 0.373047 0.89258 0.373047 0.894533 0.367188 0.900393 0.373047 0.906252 0.376953 0.902346 0.376953 0.900393 0.382812 0.894533
0 0.818362 0.544924 0.812498 0.550779 0.814451 0.550779 0.818362 0.554685 0.820315 0.554685 0.824221 0.558591 0.826174 0.558591 0.83008 0.562497 0.835939 0.556638 0.833986 0.556638 0.83008 0.552732 0.828127 0.552732 0.824221 0.548831 0.822268 0.548831
0 0.625 0.867189 0.623047 0.869142 0.623047 0.871095 0.619141 0.875002 0.619141 0.876955 0.613282 0.882814 0.613282 0.884768 0.611329 0.88672 0.613282 0.888674 0.615235 0.888674 0.619141 0.89258 0.623047 0.888674 0.623047 0.88672 0.628906 0.880861 0.628906 0.878908 0.632812 0.875002
0 0.412108 0.828126 0.410155 0.830079 0.410155 0.832032 0.404296 0.837892 0.404296 0.839845 0.40039 0.843751 0.402343 0.843751 0.406249 0.847658 0.408202 0.847658 0.410155 0.849611 0.412108 0.847658 0.412108 0.845704 0.414061 0.843751 0.414061 0.841798 0.417967 0.837892 0.417967 0.835939 0.41992 0.833986 0.417967 0.832032 0.416014 0.832032
0 0.576174 0.847658 0.576174 0.849611 0.574221 0.851564 0.574221 0.853517 0.572268 0.85547 0.572268 0.857423 0.570315 0.859376 0.570315 0.86133 0.568362 0.863283 0.568362 0.865236 0.566409 0.867189 0.574221 0.867189 0.576174 0.869142 0.578127 0.867189 0.578127 0.865236 0.583986 0.859376 0.583986 0.857423 0.585939 0.85547 0.583986 0.853517 0.582033 0.853517
0 0.515625 0.812501 0.513672 0.814454 0.513672 0.816407 0.511718 0.81836 0.511718 0.820313 0.509765 0.822267 0.509765 0.82422 0.507812 0.826173 0.507812 0.828126 0.505859 0.830079 0.509765 0.830079 0.511718 0.832032 0.513672 0.832032 0.515625 0.833986 0.517578 0.832032 0.517578 0.830079 0.519531 0.828126 0.519531 0.826173 0.523437 0.822267 0.523437 0.820313 0.52539 0.81836 0.523437 0.81836 0.519531 0.814454 0.517578 0.814454
0 0.361329 0.880861 0.35547 0.88672 0.35547 0.888674 0.34961 0.894533 0.351563 0.894533 0.35547 0.898439 0.367188 0.88672
0 0.310545 0.71875 0.308591 0.720703 0.308591 0.722656 0.306638 0.724609 0.306638 0.726562 0.302732 0.730469 0.302732 0.732422 0.300779 0.734375 0.302732 0.734375 0.304685 0.736328 0.306638 0.736328 0.308591 0.738281 0.308591 0.736328 0.310545 0.734375 0.310545 0.732422 0.312498 0.730469 0.312498 0.728515 0.314451 0.726562 0.314451 0.724609 0.316409 0.722656 0.314451 0.722656
0 0.351563 0.900393 0.345704 0.906252 0.347657 0.908205 0.34961 0.908205 0.357423 0.916018 0.359376 0.916018 0.363282 0.919924 0.369141 0.914065 0.367188 0.912112 0.365235 0.912112 0.357423 0.904299 0.35547 0.904299
0 0.027343 0.955076 0.019531 0.962888 0.017578 0.962888 0.011718 0.968748 0.015624 0.972654 0.015624 0.974607 0.017578 0.974607 0.031249 0.960935 0.029296 0.958982 0.029296 0.957029
0 0.269531 0.878908 0.269531 0.880861 0.267578 0.882814 0.267578 0.884768 0.265625 0.88672 0.265625 0.888674 0.263671 0.890627 0.263671 0.89258 0.261718 0.894533 0.263671 0.894533 0.265625 0.896487 0.269531 0.896487 0.273437 0.89258 0.273437 0.890627 0.27539 0.888674 0.27539 0.88672 0.277343 0.884768 0.27539 0.882814 0.273437 0.882814
0 0.462892 0.939456 0.458986 0.943357 0.458986 0.94531 0.453127 0.951169 0.453127 0.953122 0.449221 0.957029 0.451174 0.958982 0.453127 0.958982 0.457033 0.962888 0.457033 0.960935 0.466798 0.951169 0.466798 0.949216 0.470704 0.94531 0.468751 0.943357 0.466798 0.943357
0 0.246094 0.972654 0.246094 0.974607 0.244141 0.976561 0.244141 0.978513 0.242188 0.980467 0.242188 0.98242 0.240235 0.984373 0.240235 0.986326 0.238282 0.988279 0.238282 0.990232 0.242188 0.990232 0.244141 0.992186 0.248047 0.992186 0.248047 0.990232 0.251953 0.986326 0.251953 0.984373 0.253906 0.98242 0.253906 0.980467 0.255859 0.978513 0.255859 0.976561 0.251953 0.976561 0.25 0.974607 0.248047 0.974607
0 0.662108 0.953122 0.662108 0.955076 0.660155 0.957029 0.660155 0.958982 0.658202 0.960935 0.658202 0.962888 0.656249 0.964842 0.656249 0.966794 0.654296 0.968748 0.654296 0.970701 0.656249 0.970701 0.660155 0.974607 0.662108 0.974607 0.664061 0.976561 0.664061 0.974607 0.666014 0.972654 0.666014 0.970701 0.667967 0.968748 0.667967 0.964842 0.66992 0.962888 0.66992 0.960935 0.671873 0.958982 0.671873 0.957029 0.667967 0.957029 0.666014 0.955076 0.664061 0.955076
0 0.257812 0.978513 0.255859 0.980467 0.255859 0.98242 0.253906 0.984373 0.253906 0.986326 0.25 0.990232 0.25 0.992186 0.248047 0.994139 0.248047 0.996092 0.246094 0.998045 0.248047 0.998045 0.25 0.999998 0.251953 0.999998 0.253906 1 0.255859 0.999998 0.255859 0.998045 0.257812 0.996092 0.257812 0.994139 0.261718 0.990232 0.261718 0.988279 0.263671 0.986326 0.263671 0.984373 0.265625 0.98242 0.263671 0.98242 0.261718 0.980467 0.259765 0.980467
0 0.494141 0.60742 0.492188 0.609373 0.492188 0.611326 0.486329 0.617186 0.486329 0.619139 0.484376 0.621092 0.486329 0.621092 0.490235 0.624998 0.492188 0.624998 0.494141 0.626952 0.494141 0.624998 0.496094 0.623045 0.496094 0.621092 0.498047 0.619139 0.498047 0.617186 0.5 0.615233 0.5 0.61328 0.501953 0.611326 0.5 0.611326 0.498047 0.609373 0.496094 0.609373
0 0.074221 0.814454 0.066409 0.822267 0.068362 0.82422 0.070315 0.82422 0.078127 0.832032 0.08008 0.832032 0.083986 0.835939 0.085939 0.833986 0.085939 0.832032 0.089845 0.828126 0.083986 0.822267 0.082033 0.822267
0 0.589845 0.910158 0.587892 0.912112 0.587892 0.914065 0.583986 0.917971 0.583986 0.919924 0.578127 0.925784 0.578127 0.927737 0.576174 0.92969 0.578127 0.92969 0.582033 0.933596 0.583986 0.933596 0.585939 0.935549 0.587892 0.933596 0.587892 0.931643 0.589845 0.92969 0.589845 0.927737 0.593751 0.923831 0.593751 0.921877 0.595704 0.919924 0.595704 0.917971 0.597657 0.916018 0.595704 0.914065 0.593751 0.914065
0 0.578127 0.767578 0.576174 0.769531 0.576174 0.771485 0.572268 0.775391 0.572268 0.777344 0.568362 0.78125 0.568362 0.783204 0.566409 0.785157 0.568362 0.78711 0.570315 0.78711 0.574221 0.791016 0.576174 0.789063 0.576174 0.78711 0.58008 0.783204 0.58008 0.78125 0.585939 0.775391 0.585939 0.773438 0.587892 0.771485 0.583986 0.771485 0.582033 0.769531 0.58008 0.769531
0 0.376953 0.867189 0.375 0.869142 0.375 0.871095 0.369141 0.876955 0.369141 0.878908 0.367188 0.880861 0.369141 0.880861 0.371094 0.882814 0.373047 0.882814 0.375 0.884768 0.376953 0.882814 0.376953 0.880861 0.382812 0.875002 0.382812 0.873049 0.384765 0.871095 0.382812 0.871095 0.380859 0.869142 0.378906 0.869142
0 0.031249 0.988279 0.023437 0.996092 0.023437 0.998045 0.015624 1 0.017578 1 0.019531 1 0.021484 1 0.023437 1 0.037108 0.996092 0.033202 0.992186 0.033202 0.990232
0 0.439451 0.603514 0.437497 0.605467 0.437497 0.60742 0.431638 0.61328 0.431638 0.615233 0.427732 0.619139 0.429685 0.619139 0.431638 0.621092 0.433591 0.621092 0.435544 0.623045 0.437497 0.621092 0.437497 0.619139 0.443362 0.61328 0.443362 0.611326 0.445315 0.609373
0 0.408202 0.71875 0.402343 0.724609 0.402343 0.726562 0.394531 0.734375 0.396484 0.734375 0.40039 0.738281 0.410155 0.728515 0.410155 0.726562 0.412108 0.724609 0.412108 0.722656
0 0.964845 0.736328 0.962892 0.738281 0.95508 0.738281 0.95508 0.742187 0.957033 0.744141 0.957033 0.75 0.958986 0.751953 0.958986 0.755859 0.960939 0.753906 0.968751 0.753906 0.968751 0.75 0.966798 0.748047 0.966798 0.742187 0.964845 0.740234
0 0.125 0.832032 0.117188 0.839845 0.117188 0.841798 0.109376 0.849611 0.111329 0.849611 0.115235 0.853517 0.117188 0.853517 0.119141 0.85547 0.125 0.849611 0.125 0.847658 0.132812 0.839845
0 0.513672 0.623045 0.511718 0.624998 0.511718 0.626952 0.507812 0.630858 0.507812 0.632811 0.503906 0.636717 0.503906 0.63867 0.501953 0.640624 0.505859 0.640624 0.507812 0.642577 0.509765 0.642577 0.511718 0.64453 0.513672 0.642577 0.513672 0.640624 0.515625 0.63867 0.515625 0.636717 0.517578 0.634764 0.517578 0.632811 0.519531 0.630858 0.519531 0.628905 0.521484 0.626952 0.519531 0.626952 0.517578 0.624998 0.515625 0.624998
0 0.453127 0.666014 0.449221 0.669921 0.449221 0.671874 0.443362 0.677733 0.443362 0.679687 0.439451 0.683593 0.441409 0.683593 0.443362 0.685546 0.445315 0.685546 0.447268 0.687499 0.449221 0.685546 0.449221 0.683593 0.453127 0.679687 0.453127 0.677733 0.457033 0.673827 0.457033 0.671874 0.458986 0.669921 0.457033 0.669921
0 0.589845 0.771485 0.587892 0.773438 0.587892 0.775391 0.583986 0.779297 0.583986 0.78125 0.58008 0.785157 0.58008 0.78711 0.578127 0.789063 0.58008 0.789063 0.582033 0.791016 0.583986 0.791016 0.585939 0.792969 0.587892 0.791016 0.587892 0.789063 0.589845 0.78711 0.589845 0.785157 0.591798 0.783204 0.591798 0.78125 0.593751 0.779297 0.593751 0.777344 0.595704 0.775391 0.593751 0.775391
0 0.601564 0.947263 0.601564 0.949216 0.59961 0.951169 0.59961 0.953122 0.597657 0.955076 0.597657 0.957029 0.595704 0.958982 0.595704 0.960935 0.593751 0.962888 0.593751 0.964842 0.597657 0.964842 0.59961 0.966794 0.601564 0.966794 0.603517 0.968748 0.60547 0.966794 0.60547 0.964842 0.609376 0.960935 0.609376 0.958982 0.613282 0.955076 0.613282 0.953122 0.615235 0.951169 0.609376 0.951169 0.607423 0.949216 0.603517 0.949216
0 0.287108 0.968748 0.285155 0.970701 0.285155 0.972654 0.279296 0.978513 0.279296 0.980467 0.27539 0.984373 0.277343 0.986326 0.279296 0.986326 0.283202 0.990232 0.285155 0.988279 0.285155 0.986326 0.287108 0.984373 0.287108 0.98242 0.291014 0.978513 0.291014 0.976561 0.292967 0.974607
0 0.369141 0.697265 0.367188 0.699218 0.367188 0.701171 0.365235 0.703125 0.365235 0.705078 0.363282 0.707031 0.363282 0.708984 0.361329 0.710937 0.363282 0.71289 0.365235 0.71289 0.367188 0.714843 0.369141 0.714843 0.369141 0.71289 0.375 0.707031 0.375 0.705078 0.378906 0.701171 0.375 0.701171 0.373047 0.699218 0.371094 0.699218
0 0.414061 0.648436 0.412108 0.650389 0.412108 0.652342 0.406249 0.658202 0.406249 0.660155 0.404296 0.662108 0.406249 0.662108 0.410155 0.666014 0.410155 0.664062 0.416014 0.658202 0.416014 0.656249 0.41992 0.652342 0.417967 0.650389 0.416014 0.650389
0 0.486329 0.603514 0.484376 0.605467 0.484376 0.60742 0.478517 0.61328 0.478517 0.615233 0.476563 0.617186 0.478517 0.617186 0.482423 0.621092 0.484376 0.619139 0.484376 0.617186 0.490235 0.611326 0.490235 0.609373 0.492188 0.60742 0.490235 0.60742
0 0.277343 0.910158 0.27539 0.912112 0.27539 0.914065 0.271484 0.917971 0.271484 0.919924 0.265625 0.925784 0.265625 0.927737 0.263671 0.92969 0.265625 0.92969 0.269531 0.933596 0.271484 0.933596 0.273437 0.935549 0.27539 0.933596 0.273437 0.931643 0.277343 0.927737 0.277343 0.925784 0.283202 0.919924 0.283202 0.917971 0.285155 0.916018 0.281249 0.912112 0.279296 0.912112
0 0.048826 0.986326 0.041014 0.994139 0.054685 1 0.060544 1 0.056638 0.998045 0.056638 0.996092 0.050779 0.990232 0.050779 0.988279
0 0.5 0.857423 0.494141 0.863283 0.494141 0.865236 0.488282 0.871095 0.490235 0.873049 0.492188 0.873049 0.496094 0.876955 0.501953 0.871095 0.501953 0.869142 0.507812 0.863283 0.505859 0.86133 0.503906 0.86133
0 0.490235 0.958982 0.488282 0.960935 0.488282 0.962888 0.482423 0.968748 0.482423 0.970701 0.478517 0.974607 0.484376 0.980467 0.486329 0.978513 0.486329 0.976561 0.490235 0.972654 0.490235 0.970701 0.494141 0.966794 0.494141 0.964842 0.496094 0.962888 0.494141 0.962888
0 0.470704 0.755859 0.468751 0.757813 0.468751 0.759766 0.464845 0.763672 0.464845 0.765625 0.460939 0.769531 0.460939 0.771485 0.458986 0.773438 0.460939 0.773438 0.462892 0.775391 0.464845 0.775391 0.466798 0.777344 0.468751 0.775391 0.468751 0.773438 0.470704 0.771485 0.470704 0.769531 0.47461 0.765625 0.47461 0.763672 0.476563 0.761719
0 0.423826 0.650389 0.417967 0.656249 0.417967 0.658202 0.412108 0.664062 0.414061 0.666014 0.416014 0.666014 0.41992 0.669921 0.421873 0.667968 0.421873 0.666014 0.423826 0.664062 0.423826 0.662108 0.427732 0.658202 0.427732 0.656249 0.429685 0.654296 0.427732 0.654296
0 0.427732 0.599607 0.425779 0.601561 0.425779 0.603514 0.41992 0.609373 0.41992 0.611326 0.416014 0.615233 0.41992 0.615233 0.421873 0.617186 0.423826 0.617186 0.425779 0.619139 0.427732 0.617186 0.427732 0.615233 0.429685 0.61328 0.429685 0.611326 0.433591 0.60742 0.433591 0.605467 0.435544 0.603514 0.433591 0.603514 0.431638 0.601561 0.429685 0.601561
0 0.488282 0.687499 0.482423 0.693359 0.482423 0.695312 0.476563 0.701171 0.478517 0.703125 0.48047 0.703125 0.484376 0.707031 0.486329 0.705078 0.486329 0.703125 0.492188 0.697265 0.492188 0.695312 0.494141 0.693359
0 0.148437 0.927737 0.142578 0.933596 0.142578 0.935549 0.134765 0.943357 0.136718 0.94531 0.138671 0.94531 0.142578 0.949216 0.156249 0.935549
1 0.039061 0.271483 0.031249 0.279296 0.041014 0.289062 0.042967 0.289062 0.066409 0.3125 0.068362 0.3125 0.082033 0.326171 0.089845 0.318359 0.08008 0.308593 0.078127 0.308593 0.054685 0.285155 0.052732 0.285155
0 0.41992 0.753906 0.417967 0.755859 0.417967 0.757813 0.412108 0.763672 0.412108 0.765625 0.410155 0.767578 0.412108 0.769531 0.414061 0.769531 0.417967 0.773438 0.423826 0.767578 0.423826 0.765625 0.429685 0.759766 0.427732 0.759766 0.423826 0.755859 0.421873 0.755859
0 0.013671 0.972654 0.009765 0.976561 0.007812 0.976561 0 0.984373 0 0.984373 0 0.986326 0 0.988279 0 0.988279 0.003906 0.992186 0.011718 0.984373 0.013671 0.984373 0.017578 0.980467 0.015624 0.978513 0.015624 0.976561 0.013671 0.974607
0 0.365235 0.800782 0.361329 0.804688 0.359376 0.804688 0.35547 0.808594 0.353516 0.808594 0.351563 0.810548 0.353516 0.812501 0.353516 0.814454 0.35547 0.816407 0.357423 0.814454 0.359376 0.814454 0.363282 0.810548 0.365235 0.810548 0.369141 0.806642 0.369141 0.804688
0 0.941409 0.677733 0.939451 0.679687 0.937498 0.679687 0.935545 0.68164 0.931638 0.68164 0.933592 0.683593 0.933592 0.685546 0.935545 0.687499 0.935545 0.689452 0.939451 0.693359 0.939451 0.695312 0.941409 0.697265 0.941409 0.699218 0.943362 0.701171 0.947268 0.697265 0.949221 0.697265 0.951174 0.695312 0.949221 0.693359 0.949221 0.691406 0.947268 0.689452 0.947268 0.687499 0.945315 0.685546 0.945315 0.683593 0.943362 0.68164 0.943362 0.679687
0 0.496094 0.693359 0.494141 0.695312 0.494141 0.697265 0.488282 0.703125 0.488282 0.705078 0.486329 0.707031 0.488282 0.708984 0.490235 0.708984 0.494141 0.71289 0.496094 0.710937 0.496094 0.708984 0.498047 0.707031 0.498047 0.705078 0.501953 0.701171 0.501953 0.699218 0.503906 0.697265 0.501953 0.697265 0.5 0.695312 0.498047 0.695312
0 0.296873 0.921877 0.291014 0.927737 0.291014 0.92969 0.283202 0.937503 0.285155 0.937503 0.287108 0.939456 0.289061 0.939456 0.291014 0.941409 0.296873 0.935549 0.296873 0.933596 0.302732 0.927737
0 0.501953 0.642577 0.5 0.64453 0.5 0.646483 0.498047 0.648436 0.498047 0.650389 0.494141 0.654296 0.494141 0.656249 0.492188 0.658202 0.494141 0.658202 0.496094 0.660155 0.498047 0.660155 0.5 0.662108 0.501953 0.660155 0.501953 0.658202 0.503906 0.656249 0.503906 0.654296 0.507812 0.650389 0.507812 0.648436 0.509765 0.646483 0.507812 0.646483 0.505859 0.64453 0.503906 0.64453
0 0.507812 0.865236 0.505859 0.867189 0.505859 0.869142 0.5 0.875002 0.5 0.876955 0.498047 0.878908 0.5 0.880861 0.501953 0.880861 0.505859 0.884768 0.507812 0.882814 0.507812 0.880861 0.509765 0.878908 0.509765 0.876955 0.513672 0.873049 0.513672 0.871095 0.515625 0.869142 0.513672 0.869142 0.511718 0.867189 0.509765 0.867189
0 0.505859 0.964842 0.501953 0.968748 0.501953 0.970701 0.496094 0.976561 0.496094 0.978513 0.492188 0.98242 0.496094 0.98242 0.498047 0.984373 0.5 0.984373 0.501953 0.986326 0.503906 0.984373 0.503906 0.98242 0.509765 0.976561 0.509765 0.974607 0.511718 0.972654 0.511718 0.968748 0.509765 0.968748
0 0.449221 0.769531 0.447268 0.771485 0.447268 0.773438 0.443362 0.777344 0.443362 0.779297 0.439451 0.783204 0.439451 0.785157 0.437497 0.78711 0.439451 0.78711 0.441409 0.789063 0.443362 0.789063 0.445315 0.791016 0.447268 0.789063 0.447268 0.78711 0.453127 0.78125 0.453127 0.779297 0.457033 0.775391 0.45508 0.773438 0.453127 0.773438
0 0.109376 0.89258 0.097657 0.904299 0.09961 0.906252 0.101564 0.906252 0.107423 0.912112 0.109376 0.910158 0.109376 0.908205 0.115235 0.902346 0.115235 0.900393 0.117188 0.898439 0.115235 0.896487 0.113282 0.896487
0 0.625 0.771485 0.621094 0.775391 0.621094 0.777344 0.615235 0.783204 0.615235 0.785157 0.611329 0.789063 0.613282 0.791016 0.615235 0.791016 0.619141 0.794923 0.625 0.789063 0.625 0.78711 0.632812 0.779297
0 0.417967 0.513674 0.414061 0.51758 0.414061 0.519533 0.408202 0.525393 0.408202 0.527346 0.404296 0.531252 0.406249 0.531252 0.410155 0.535159 0.416014 0.529299 0.416014 0.527346 0.423826 0.519533
0 0.269531 0.958982 0.267578 0.960935 0.267578 0.962888 0.265625 0.964842 0.265625 0.966794 0.263671 0.968748 0.263671 0.970701 0.261718 0.972654 0.263671 0.972654 0.265625 0.974607 0.267578 0.974607 0.269531 0.976561 0.271484 0.974607 0.271484 0.972654 0.273437 0.970701 0.273437 0.968748 0.27539 0.966794 0.27539 0.964842 0.277343 0.962888 0.27539 0.962888 0.273437 0.960935 0.271484 0.960935