0 0.466796 0.226561 0.464844 0.228516 0.464844 0.240237 0.466796 0.242192 0.466796 0.244138 0.468749 0.242192 0.470701 0.242192 0.470701 0.226561
0 0.373047 0.374996 0.371095 0.376951 0.371095 0.390628 0.373047 0.392583 0.373047 0.394528 0.378905 0.394528 0.380857 0.392583 0.380857 0.378907 0.378905 0.376951 0.378905 0.374996
0 0.550783 0.105468 0.548831 0.107423 0.54492 0.107423 0.54492 0.125 0.550783 0.125 0.552735 0.123045 0.552735 0.109378 0.550783 0.107423
0 0.470701 0.285157 0.468749 0.287112 0.468749 0.298823 0.476565 0.298823 0.476565 0.285157
0 0.322265 0.98828 0.320312 0.990235 0.320312 1 0.324218 1 0.32617 1 0.32617 0.98828
0 0.419919 0.263669 0.419919 0.277346 0.42383 0.277346 0.425782 0.279301 0.425782 0.263669
0 0.371095 0.951171 0.369143 0.953126 0.365232 0.953126 0.365232 0.966793 0.36719 0.968749 0.371095 0.968749 0.373047 0.966793 0.373047 0.960937 0.371095 0.958982
0 0.492185 0.832034 0.490232 0.833989 0.490232 0.851566 0.492185 0.851566 0.494143 0.853511 0.496096 0.851566 0.496096 0.833989 0.494143 0.833989
0 0.339843 0.949216 0.339843 0.964848 0.341796 0.966793 0.343748 0.964848 0.345701 0.964848 0.347659 0.962892 0.347659 0.949216
0 0.363279 0.816402 0.363279 0.835934 0.371095 0.835934 0.371095 0.816402
0 0.353517 0.261714 0.353517 0.269535 0.365232 0.269535 0.365232 0.263669 0.355469 0.263669
0 0.988282 0.974614 0.988282 0.980469 0.990235 0.982424 0.990235 0.990235 0.992187 0.990235 0.99414 0.99219 0.996092 0.990235 0.996092 0.978514 0.99414 0.976559 0.99414 0.974614
0 0.417966 0.279301 0.417966 0.294923 0.425782 0.294923 0.425782 0.281247 0.42383 0.279301
0 0.505858 0.232426 0.505858 0.236327 0.507811 0.238282 0.507811 0.246093 0.509763 0.246093 0.511721 0.248048 0.511721 0.234372 0.513674 0.232426
0 0.390626 0.761716 0.388673 0.763672 0.388673 0.773438 0.390626 0.775393 0.390626 0.777348 0.392578 0.777348 0.394531 0.775393 0.396483 0.775393 0.396483 0.763672 0.394531 0.761716
0 0.468749 0.062503 0.466796 0.064449 0.466796 0.078125 0.472654 0.078125 0.474612 0.07617 0.474612 0.072269 0.472654 0.070314 0.472654 0.064449 0.470701 0.062503
0 0.298829 0.874999 0.296876 0.876954 0.287108 0.876954 0.287108 0.882809 0.289061 0.884764 0.291013 0.882809 0.300782 0.882809 0.300782 0.880863 0.302734 0.878909
0 0.468749 0.207029 0.466796 0.208984 0.466796 0.212894 0.464844 0.214839 0.464844 0.21875 0.466796 0.220705 0.466796 0.22266 0.468749 0.224606 0.472654 0.224606 0.474612 0.22266 0.474612 0.208984 0.472654 0.207029
0 0.283203 0.945315 0.283203 0.951171 0.294924 0.951171 0.296876 0.949216 0.296876 0.947261 0.294924 0.945315
0 0.503906 0.17383 0.501953 0.175785 0.501953 0.187497 0.503906 0.189452 0.505858 0.189452 0.507811 0.187497 0.507811 0.17383
0 0.410156 0.279301 0.408204 0.281247 0.408204 0.294923 0.410156 0.296878 0.414062 0.296878 0.416014 0.294923 0.416014 0.279301
0 0.445313 0.982424 0.443361 0.984379 0.443361 0.986325 0.445313 0.98828 0.457034 0.98828 0.457034 0.986325 0.458987 0.984379 0.457034 0.982424
0 0.349611 0.304689 0.347659 0.306644 0.345701 0.306644 0.347659 0.308589 0.347659 0.310544 0.349611 0.3125 0.359374 0.3125 0.361327 0.310544 0.361327 0.304689
0 0.281251 0.976559 0.279298 0.978514 0.281251 0.980469 0.281251 0.982424 0.294924 0.982424 0.294924 0.978514 0.283203 0.978514
0 0.287108 0.892575 0.285156 0.89453 0.285156 0.900386 0.298829 0.900386 0.300782 0.902341 0.300782 0.896486 0.298829 0.89453 0.289061 0.89453
0 0.996092 0.804691 0.99414 0.806636 0.99414 0.824223 0.996092 0.826168 0.998045 0.826168 1 0.822268 1 0.808592 0.999997 0.806636 0.999997 0.804691
0 0.974609 0.812501 0.972656 0.814457 0.972656 0.835934 0.978514 0.835934 0.978514 0.824223 0.980467 0.822268 0.980467 0.814457 0.978514 0.812501
0 0.378905 0.99219 0.378905 1 0.380857 1 0.384768 1 0.384768 0.99219
0 0.531252 0.294923 0.531252 0.296878 0.5293 0.298823 0.5293 0.300778 0.527342 0.302734 0.527342 0.304689 0.525389 0.306644 0.525389 0.308589 0.5293 0.3125 0.531252 0.3125 0.531252 0.310544 0.533205 0.308589 0.533205 0.306644 0.535157 0.304689 0.535157 0.302734 0.53711 0.300778 0.53711 0.296878 0.535157 0.294923
0 0.353517 0.271481 0.353517 0.279301 0.365232 0.279301 0.365232 0.271481
0 0.359374 0.320311 0.357422 0.322266 0.343748 0.322266 0.343748 0.328122 0.359374 0.328122 0.359374 0.326176 0.361327 0.324221 0.361327 0.322266
0 0.400388 0.320311 0.398436 0.322266 0.396483 0.322266 0.394531 0.324221 0.394531 0.332032 0.396483 0.333987 0.400388 0.333987 0.402346 0.335942 0.402346 0.322266
0 0.402346 0.187497 0.396483 0.193362 0.394531 0.193362 0.390626 0.197263 0.392578 0.199218 0.392578 0.201173 0.394531 0.203128 0.400388 0.197263 0.402346 0.197263 0.406252 0.193362 0.404299 0.191407 0.404299 0.189452
0 0.447266 0.259769 0.447266 0.261714 0.445313 0.263669 0.445313 0.277346 0.447266 0.279301 0.451171 0.279301 0.451171 0.259769
0 0.279298 0.960937 0.277346 0.962892 0.279298 0.964848 0.279298 0.966793 0.281251 0.968749 0.291013 0.968749 0.291013 0.966793 0.292966 0.964848 0.292966 0.962892 0.291013 0.960937
0 0.357422 0.228516 0.357422 0.234372 0.369143 0.234372 0.371095 0.236327 0.371095 0.228516
0 0.515626 0.232426 0.513674 0.234372 0.513674 0.246093 0.515626 0.248048 0.517579 0.248048 0.519531 0.246093 0.521484 0.246093 0.521484 0.234372 0.519531 0.232426
0 0.417966 0.220705 0.416014 0.22266 0.416014 0.236327 0.417966 0.238282 0.419919 0.236327 0.42383 0.236327 0.42383 0.220705
0 0.390626 0.273436 0.388673 0.275391 0.384768 0.275391 0.38281 0.277346 0.38281 0.283202 0.384768 0.285157 0.384768 0.294923 0.38672 0.292968 0.390626 0.292968 0.390626 0.279301 0.392578 0.277346 0.390626 0.275391
0 0.414062 0.337888 0.412109 0.339842 0.410156 0.339842 0.410156 0.347653 0.412109 0.349608 0.412109 0.351564 0.417966 0.351564 0.417966 0.339842 0.416014 0.337888
0 0.312502 0.984379 0.310544 0.986325 0.310544 0.99219 0.312502 0.994136 0.312502 1 0.31836 1 0.31836 0.986325 0.316408 0.984379
0 0.414062 0.261714 0.412109 0.263669 0.412109 0.275391 0.410156 0.277346 0.416014 0.277346 0.417966 0.275391 0.417966 0.263669 0.416014 0.261714
0 0.427735 0.216795 0.427735 0.21875 0.425782 0.220705 0.425782 0.232426 0.427735 0.234372 0.43164 0.234372 0.433592 0.232426 0.433592 0.216795
0 0.451171 0.226561 0.449218 0.228516 0.449218 0.232426 0.451171 0.234372 0.451171 0.238282 0.453123 0.240237 0.455076 0.240237 0.455076 0.226561
0 0.414062 0.898441 0.412109 0.900386 0.412109 0.904296 0.414062 0.906251 0.414062 0.912107 0.416014 0.914062 0.417966 0.914062 0.419919 0.916018 0.421877 0.914062 0.421877 0.908207 0.419919 0.906251 0.419919 0.898441
0 0.406252 0.839845 0.404299 0.8418 0.404299 0.853511 0.408204 0.857421 0.410156 0.855466 0.414062 0.855466 0.414062 0.849611 0.412109 0.847655 0.412109 0.8418 0.410156 0.839845
0 0.429687 0.843746 0.427735 0.8457 0.427735 0.857421 0.429687 0.859376 0.433592 0.859376 0.433592 0.843746
0 0.474612 0.41016 0.474612 0.412105 0.472654 0.414061 0.472654 0.416015 0.470701 0.417971 0.470701 0.419926 0.468749 0.421871 0.468749 0.423827 0.466796 0.425781 0.466796 0.429691 0.468749 0.429691 0.470701 0.431637 0.474612 0.431637 0.474612 0.429691 0.476565 0.427737 0.476565 0.423827 0.478517 0.421871 0.478517 0.419926 0.48047 0.417971 0.48047 0.414061 0.476565 0.41016
0 0.445313 0.281247 0.443361 0.283202 0.443361 0.298823 0.451171 0.298823 0.449218 0.296878 0.449218 0.281247
0 0.474612 0.320311 0.474612 0.328122 0.472654 0.330076 0.472654 0.333987 0.474612 0.335942 0.474612 0.337888 0.476565 0.339842 0.48047 0.339842 0.482422 0.337888 0.482422 0.322266 0.48047 0.322266 0.478517 0.320311
0 0.429687 0.937504 0.427735 0.93945 0.42383 0.93945 0.42383 0.945315 0.425782 0.947261 0.425782 0.957027 0.429687 0.957027 0.429687 0.955081 0.43164 0.953126 0.43164 0.93945
0 0.453123 0.207029 0.453123 0.208984 0.451171 0.210939 0.451171 0.22266 0.453123 0.224606 0.457034 0.224606 0.458987 0.22266 0.458987 0.208984 0.457034 0.207029
0 0.455076 0.8457 0.453123 0.847655 0.453123 0.855466 0.455076 0.857421 0.455076 0.859376 0.458987 0.859376 0.458987 0.847655 0.457034 0.8457
0 0.453123 0.281247 0.451171 0.283202 0.451171 0.296878 0.453123 0.298823 0.457034 0.298823 0.458987 0.296878 0.458987 0.291012 0.457034 0.289067 0.457034 0.283202 0.455076 0.281247
0 0.437498 0.878909 0.435545 0.880863 0.435545 0.88672 0.437498 0.888675 0.437498 0.89453 0.439455 0.896486 0.439455 0.898441 0.445313 0.898441 0.447266 0.896486 0.447266 0.880863 0.445313 0.878909
0 0.353517 0.98828 0.351564 0.990235 0.351564 1 0.355469 1 0.357422 1 0.357422 0.98828
0 0.527342 0.212894 0.523436 0.216795 0.523436 0.230471 0.527342 0.230471 0.5293 0.232426 0.5293 0.224606 0.531252 0.22266 0.531252 0.216795
0 0.357422 0.193362 0.357422 0.199218 0.369143 0.199218 0.369143 0.193362
0 0.404299 0.201173 0.404299 0.208984 0.402346 0.210939 0.402346 0.21875 0.410156 0.21875 0.410156 0.201173
0 0.396483 0.777348 0.396483 0.779294 0.394531 0.781248 0.394531 0.79297 0.396483 0.794925 0.396483 0.796871 0.400388 0.796871 0.402346 0.794925 0.402346 0.787114 0.404299 0.785159 0.404299 0.779294 0.402346 0.777348
0 0.400388 0.374996 0.398436 0.376951 0.398436 0.390628 0.400388 0.392583 0.404299 0.392583 0.406252 0.394528 0.408204 0.392583 0.408204 0.384762 0.406252 0.382817 0.406252 0.374996
0 0.455076 0.171875 0.453123 0.17383 0.453123 0.183596 0.455076 0.185551 0.460939 0.185551 0.458987 0.183596 0.458987 0.171875
0 0.404299 0.320311 0.404299 0.333987 0.406252 0.335942 0.410156 0.335942 0.412109 0.337888 0.414062 0.335942 0.414062 0.330076 0.412109 0.328122 0.412109 0.322266 0.410156 0.320311
0 0.404299 0.259769 0.404299 0.277346 0.408204 0.277346 0.410156 0.275391 0.410156 0.261714 0.408204 0.259769
0 0.429687 0.900386 0.429687 0.916018 0.433592 0.916018 0.435545 0.914062 0.435545 0.908207 0.437498 0.906251 0.437498 0.902341 0.435545 0.900386
0 0.396483 0.257814 0.394531 0.259769 0.394531 0.26758 0.392578 0.269535 0.392578 0.275391 0.398436 0.275391 0.400388 0.277346 0.402346 0.275391 0.402346 0.259769 0.398436 0.259769
0 0.470701 0.265625 0.468749 0.26758 0.468749 0.273436 0.466796 0.275391 0.466796 0.283202 0.474612 0.283202 0.474612 0.265625
0 0.470701 0.16992 0.470701 0.187497 0.474612 0.187497 0.474612 0.16992
0 0.462891 0.976559 0.458987 0.980469 0.458987 0.982424 0.460939 0.984379 0.460939 0.994136 0.468749 0.994136 0.470701 0.99219 0.470701 0.98828 0.468749 0.986325 0.468749 0.980469 0.466796 0.978514 0.466796 0.976559
0 0.357422 0.220705 0.357422 0.226561 0.371095 0.226561 0.371095 0.220705
0 0.437498 0.843746 0.435545 0.8457 0.435545 0.857421 0.437498 0.859376 0.443361 0.859376 0.443361 0.8457 0.441408 0.8457 0.439455 0.843746
0 0.683594 0.039061 0.681641 0.041016 0.681641 0.058593 0.683594 0.058593 0.685546 0.056638 0.687499 0.056638 0.689451 0.054683 0.689451 0.042972 0.687499 0.041016 0.687499 0.039061
0 0.349611 0.857421 0.349611 0.865232 0.351564 0.867188 0.363279 0.867188 0.365232 0.865232 0.365232 0.859376 0.363279 0.857421
0 0.378905 0.320311 0.378905 0.333987 0.380857 0.335942 0.380857 0.337888 0.38672 0.337888 0.38672 0.330076 0.388673 0.328122 0.388673 0.322266 0.38672 0.322266 0.384768 0.320311
0 0.443361 0.205073 0.443361 0.212894 0.441408 0.214839 0.441408 0.220705 0.443361 0.220705 0.445313 0.22266 0.449218 0.22266 0.449218 0.210939 0.451171 0.208984 0.451171 0.207029 0.447266 0.207029 0.445313 0.205073
0 0.375 0.953126 0.375 0.966793 0.378905 0.966793 0.380857 0.964848 0.380857 0.960937 0.378905 0.958982 0.378905 0.953126
0 0.394531 0.277346 0.392578 0.279301 0.392578 0.294923 0.398436 0.294923 0.398436 0.287112 0.400388 0.285157 0.400388 0.281247 0.398436 0.279301 0.398436 0.277346
0 0.388673 0.896486 0.38672 0.898441 0.38672 0.912107 0.388673 0.914062 0.388673 0.916018 0.394531 0.916018 0.396483 0.914062 0.396483 0.906251 0.394531 0.904296 0.394531 0.896486
0 0.355469 0.775393 0.353517 0.777348 0.351564 0.777348 0.351564 0.783204 0.353517 0.785159 0.353517 0.79297 0.357422 0.796871 0.361327 0.796871 0.361327 0.794925 0.363279 0.79297 0.363279 0.787114 0.361327 0.785159 0.361327 0.779294 0.359374 0.777348 0.359374 0.775393
0 0.470701 0.994136 0.470701 1 0.472654 1 0.476565 1 0.476565 0.998046 0.474612 0.996091 0.474612 0.994136
0 0.517579 0.212894 0.515626 0.214839 0.515626 0.228516 0.517579 0.230471 0.521484 0.230471 0.521484 0.214839 0.519531 0.214839
0 0.507811 0.212894 0.507811 0.228516 0.513674 0.228516 0.513674 0.212894
0 0.443361 0.224606 0.441408 0.226561 0.441408 0.238282 0.443361 0.238282 0.445313 0.240237 0.447266 0.240237 0.449218 0.238282 0.449218 0.234372 0.447266 0.232426 0.447266 0.228516 0.449218 0.226561 0.447266 0.224606
0 0.437498 0.263669 0.437498 0.279301 0.439455 0.281247 0.441408 0.281247 0.443361 0.279301 0.443361 0.265625 0.441408 0.263669
0 0.365232 0.98828 0.363279 0.990235 0.361327 0.990235 0.361327 0.998046 0.359374 1 0.359374 1 0.361327 1 0.363279 1 0.365232 1 0.365232 0.998046 0.36719 0.996091 0.36719 0.990235
0 0.285156 0.910152 0.285156 0.916018 0.296876 0.916018 0.298829 0.917973 0.300782 0.917973 0.300782 0.914062 0.296876 0.910152
0 0.48047 0.16992 0.478517 0.171875 0.476565 0.171875 0.476565 0.185551 0.48047 0.185551 0.482422 0.187497 0.484375 0.185551 0.484375 0.179686 0.486327 0.177731 0.486327 0.171875 0.482422 0.171875
0 0.371095 0.990235 0.369143 0.99219 0.369143 1 0.373047 1 0.375 1 0.376952 1 0.376952 0.99219 0.375 0.990235
0 0.999997 0.982424 0.998045 0.984379 0.998045 0.998046 0.999997 0.998046 1 1 1 1 1 0.994136 1 0.99219 1 0.986325 1 0.986325
0 0.355469 0.201173 0.355469 0.205073 0.353517 0.207029 0.353517 0.208984 0.371095 0.208984 0.373047 0.210939 0.373047 0.201173
0 0.400388 0.880863 0.398436 0.882809 0.398436 0.892575 0.400388 0.89453 0.400388 0.896486 0.404299 0.896486 0.406252 0.89453 0.406252 0.882809 0.404299 0.880863
0 0.343748 0.337888 0.341796 0.339842 0.341796 0.345708 0.343748 0.347653 0.345701 0.345708 0.357422 0.345708 0.357422 0.343752 0.359374 0.341798 0.359374 0.337888
0 0.390626 0.876954 0.388673 0.878909 0.388673 0.890629 0.390626 0.892575 0.394531 0.892575 0.396483 0.890629 0.396483 0.882809 0.398436 0.880863 0.398436 0.878909 0.396483 0.878909 0.394531 0.876954
0 0.687499 0.011718 0.687499 0.025394 0.689451 0.025394 0.691404 0.02734 0.693362 0.025394 0.695314 0.025394 0.695314 0.021484 0.693362 0.019529 0.693362 0.011718
0 0.347659 0.285157 0.345701 0.287112 0.345701 0.294923 0.361327 0.294923 0.361327 0.287112 0.359374 0.285157
0 0.396483 0.837889 0.394531 0.839845 0.394531 0.8457 0.396483 0.847655 0.396483 0.855466 0.400388 0.855466 0.402346 0.853511 0.402346 0.8418 0.404299 0.839845 0.402346 0.837889
0 0.498048 0.230471 0.498048 0.242192 0.5 0.244138 0.5 0.246093 0.503906 0.246093 0.503906 0.230471
0 0.501953 0.367186 0.498048 0.371096 0.498048 0.373051 0.492185 0.378907 0.492185 0.380862 0.494143 0.382817 0.494143 0.384762 0.496096 0.386717 0.498048 0.386717 0.509763 0.374996 0.509763 0.371096 0.507811 0.371096 0.503906 0.367186
0 0.347659 0.347653 0.345701 0.349608 0.333986 0.349608 0.333986 0.355464 0.335938 0.357419 0.337891 0.355464 0.353517 0.355464 0.353517 0.349608 0.351564 0.347653
0 0.314455 0.773438 0.312502 0.775393 0.298829 0.775393 0.298829 0.781248 0.314455 0.781248 0.316408 0.783204 0.31836 0.781248 0.31836 0.779294 0.316408 0.777348 0.316408 0.775393
0 0.476565 0.26758 0.476565 0.283202 0.482422 0.283202 0.482422 0.281247 0.484375 0.279301 0.484375 0.26758
0 0.365232 0.876954 0.365232 0.892575 0.373047 0.892575 0.373047 0.876954
0 0.42383 0.763672 0.421877 0.765627 0.421877 0.767582 0.419919 0.769527 0.419919 0.773438 0.417966 0.775393 0.417966 0.777348 0.419919 0.779294 0.419919 0.781248 0.421877 0.783204 0.425782 0.783204 0.427735 0.781248 0.429687 0.781248 0.429687 0.767582 0.427735 0.765627 0.427735 0.763672
0 0.392578 0.21875 0.392578 0.220705 0.390626 0.22266 0.390626 0.226561 0.392578 0.228516 0.392578 0.232426 0.394531 0.234372 0.394531 0.236327 0.398436 0.236327 0.398436 0.220705 0.396483 0.21875
0 0.462891 0.8457 0.460939 0.847655 0.460939 0.851566 0.462891 0.853511 0.462891 0.859376 0.466796 0.859376 0.466796 0.8457
0 0.486327 0.388672 0.484375 0.390628 0.484375 0.392583 0.482422 0.394528 0.482422 0.396483 0.478517 0.400393 0.48047 0.402339 0.48047 0.404294 0.482422 0.40625 0.486327 0.40625 0.486327 0.404294 0.48828 0.402339 0.48828 0.400393 0.490232 0.398438 0.490232 0.396483 0.492185 0.394528 0.492185 0.390628 0.490232 0.388672
0 0.357422 0.246093 0.357422 0.251949 0.36719 0.251949 0.36719 0.250003 0.369143 0.248048 0.369143 0.246093
0 0.449218 0.763672 0.447266 0.765627 0.445313 0.765627 0.445313 0.777348 0.447266 0.779294 0.447266 0.781248 0.451171 0.781248 0.453123 0.779294 0.455076 0.779294 0.455076 0.763672
0 0.43164 0.960937 0.429687 0.962892 0.429687 0.966793 0.43164 0.968749 0.43164 0.974614 0.433592 0.976559 0.437498 0.976559 0.439455 0.974614 0.439455 0.968749 0.437498 0.966793 0.437498 0.960937
0 0.486327 0.208984 0.484375 0.210939 0.484375 0.224606 0.486327 0.226561 0.490232 0.226561 0.490232 0.208984
0 0.347659 0.296878 0.347659 0.302734 0.363279 0.302734 0.363279 0.300778 0.361327 0.298823 0.361327 0.296878
0 0.455076 0.261714 0.453123 0.263669 0.453123 0.279301 0.460939 0.279301 0.458987 0.277346 0.458987 0.265625 0.460939 0.263669 0.457034 0.263669
0 0.281251 0.984379 0.279298 0.986325 0.279298 0.99219 0.294924 0.99219 0.294924 0.986325 0.283203 0.986325
0 0.353517 0.238282 0.353517 0.242192 0.365232 0.242192 0.36719 0.244138 0.36719 0.238282
0 0.474612 0.226561 0.474612 0.232426 0.472654 0.234372 0.472654 0.238282 0.474612 0.240237 0.474612 0.242192 0.478517 0.242192 0.48047 0.240237 0.48047 0.234372 0.482422 0.232426 0.482422 0.228516 0.48047 0.226561
0 0.48828 0.283202 0.486327 0.285157 0.486327 0.291012 0.484375 0.292968 0.484375 0.298823 0.486327 0.300778 0.490232 0.300778 0.492185 0.302734 0.492185 0.292968 0.494143 0.291012 0.494143 0.285157 0.492185 0.283202
0 0.462891 0.171875 0.460939 0.17383 0.460939 0.183596 0.462891 0.185551 0.468749 0.185551 0.468749 0.171875
0 0.494143 0.982424 0.492185 0.984379 0.490232 0.984379 0.490232 0.99219 0.492185 0.994136 0.492185 1 0.494143 1 0.496096 1 0.501953 1 0.503906 1 0.503906 0.984379 0.501953 0.982424
0 0.351564 0.253903 0.351564 0.259769 0.36719 0.259769 0.36719 0.253903
0 0.492185 0.210939 0.492185 0.224606 0.494143 0.226561 0.501953 0.226561 0.501953 0.212894 0.5 0.210939
0 0.462891 0.263669 0.460939 0.265625 0.460939 0.277346 0.462891 0.279301 0.462891 0.281247 0.464844 0.281247 0.464844 0.275391 0.466796 0.273436 0.466796 0.263669
0 0.427735 0.263669 0.427735 0.279301 0.429687 0.281247 0.433592 0.281247 0.435545 0.279301 0.435545 0.265625 0.433592 0.263669
0 0.365232 0.935549 0.365232 0.949216 0.369143 0.949216 0.371095 0.947261 0.373047 0.947261 0.373047 0.943361 0.371095 0.941405 0.371095 0.935549