0 0.878905 0.199216 0.876952 0.201168 0.874998 0.201168 0.873045 0.203129 0.871091 0.203129 0.863278 0.210935 0.863278 0.218751 0.867185 0.222654 0.869138 0.220703 0.873045 0.220703 0.876952 0.2168 0.876952 0.214848 0.882812 0.208983 0.882812 0.207032 0.880859 0.205081 0.880859 0.201168
0 0.949215 0.156252 0.947269 0.158204 0.937502 0.158204 0.937502 0.160155 0.935549 0.162107 0.935549 0.164059 0.933595 0.16602 0.933595 0.173826 0.935549 0.173826 0.937502 0.175778 0.941409 0.171875 0.943362 0.171875 0.949215 0.16602 0.951169 0.16602 0.953122 0.164059 0.953122 0.160155
0 0.994137 0.132814 0.990238 0.136717 0.988285 0.136717 0.986331 0.138669 0.986331 0.14062 0.984378 0.142582 0.984378 0.144533 0.986331 0.146485 0.986331 0.148437 0.990238 0.148437 0.996091 0.142582 0.998044 0.142582 1 0.138669 1 0.134766 0.999998 0.134766 0.998044 0.132814
0 0.769534 0.75586 0.769534 0.757812 0.76758 0.759763 0.769534 0.761715 0.769534 0.775395 0.771487 0.775395 0.775394 0.779298 0.77734 0.777347 0.779293 0.777347 0.779293 0.775395 0.781247 0.773434 0.781247 0.771482 0.779293 0.769531 0.779293 0.765628 0.77734 0.763676 0.77734 0.759763 0.775394 0.757812 0.775394 0.75586
0 0.749999 0.439454 0.748046 0.441405 0.746092 0.441405 0.746092 0.457027 0.748046 0.458989 0.751953 0.458989 0.755859 0.455076 0.757813 0.455076 0.757813 0.441405 0.755859 0.441405 0.753906 0.439454
0 0.437497 0.310543 0.435543 0.312504 0.433598 0.312504 0.433598 0.316407 0.437497 0.320311 0.437497 0.322262 0.441404 0.326175 0.443357 0.326175 0.447264 0.330078 0.449218 0.328126 0.451171 0.328126 0.451171 0.322262 0.441404 0.312504 0.43945 0.312504
0 0.916014 0.091793 0.91406 0.093753 0.91406 0.095705 0.9082 0.10156 0.9082 0.103511 0.906246 0.105473 0.912107 0.111328 0.91406 0.109376 0.91406 0.107424 0.919921 0.10156 0.919921 0.099608 0.921874 0.097657 0.921874 0.095705 0.919921 0.095705
0 0.849611 0.349613 0.835937 0.363284 0.835937 0.365236 0.83789 0.367187 0.83789 0.37109 0.839844 0.37109 0.841797 0.373052 0.843751 0.37109 0.845704 0.37109 0.851565 0.365236 0.851565 0.363284 0.859378 0.355468 0.857425 0.353517 0.857425 0.351565 0.851565 0.351565
0 0.749999 0.705081 0.748046 0.707032 0.746092 0.707032 0.746092 0.708984 0.744139 0.710935 0.744139 0.712887 0.746092 0.714848 0.746092 0.720703 0.748046 0.722654 0.748046 0.726567 0.751953 0.726567 0.753906 0.728519 0.755859 0.726567 0.757813 0.726567 0.757813 0.724606 0.759766 0.722654 0.759766 0.720703 0.757813 0.718751 0.757813 0.7168 0.753906 0.712887 0.753906 0.710935 0.751953 0.708984 0.751953 0.707032
0 0.855471 0.179691 0.849611 0.185545 0.849611 0.187497 0.845704 0.19141 0.845704 0.197265 0.847658 0.199216 0.849611 0.197265 0.853518 0.197265 0.855471 0.195313 0.855471 0.193361 0.859378 0.189448 0.859378 0.187497 0.861332 0.185545 0.861332 0.183594 0.859378 0.181642 0.859378 0.179691
0 0.845704 0.171875 0.841797 0.175778 0.841797 0.177739 0.83789 0.181642 0.83789 0.183594 0.839844 0.185545 0.839844 0.187497 0.841797 0.189448 0.845704 0.189448 0.847658 0.187497 0.847658 0.185545 0.851565 0.181642 0.851565 0.177739 0.853518 0.175778 0.853518 0.173826 0.851565 0.171875
0 0.841797 0.109376 0.830076 0.121095 0.830076 0.123047 0.83203 0.123047 0.835937 0.12695 0.839844 0.12695 0.843751 0.123047 0.843751 0.121095 0.847658 0.117192 0.847658 0.111328 0.843751 0.111328
0 0.812503 0.29492 0.810549 0.296872 0.806642 0.296872 0.804689 0.298824 0.798828 0.298824 0.798828 0.308591 0.802735 0.308591 0.804689 0.310543 0.806642 0.308591 0.808596 0.308591 0.810549 0.30664 0.814456 0.30664 0.81641 0.304688 0.818363 0.304688 0.818363 0.302737 0.820309 0.300785 0.820309 0.298824 0.818363 0.296872 0.818363 0.29492
7 0.414063 0.865235 0.414063 0.894528 0.416016 0.89648 0.416016 0.925783 0.414063 0.927734 0.412109 0.927734 0.410156 0.925783 0.406249 0.925783 0.404295 0.923831 0.400388 0.923831 0.398435 0.92188 0.396481 0.92188 0.394528 0.919919 0.390629 0.919919 0.388675 0.917967 0.384768 0.917967 0.382815 0.916015 0.378908 0.916015 0.373047 0.91016 0.373047 0.908199 0.36328 0.898441 0.36328 0.89648 0.359373 0.892577 0.359373 0.894528 0.361326 0.89648 0.361326 0.900393 0.36328 0.902345 0.36328 0.908199 0.365233 0.91016 0.365233 0.914063 0.367187 0.916015 0.367187 0.919919 0.365233 0.92188 0.365233 0.923831 0.36328 0.925783 0.36328 0.927734 0.361326 0.929686 0.361326 0.933589 0.359373 0.935551 0.359373 0.937502 0.357419 0.939454 0.357419 0.941405 0.355466 0.943357 0.355466 0.945308 0.353513 0.947269 0.353513 0.949221 0.357419 0.945308 0.359373 0.945308 0.36328 0.941405 0.365233 0.941405 0.369141 0.937502 0.371094 0.937502 0.375001 0.933589 0.376954 0.933589 0.378908 0.931637 0.382815 0.931637 0.384768 0.933589 0.390629 0.933589 0.392574 0.935551 0.396481 0.935551 0.398435 0.937502 0.404295 0.937502 0.406249 0.939454 0.410156 0.939454 0.412109 0.941405 0.412109 0.943357 0.410156 0.945308 0.410156 0.947269 0.408202 0.949221 0.408202 0.951172 0.406249 0.953125 0.406249 0.955076 0.404295 0.957027 0.404295 0.96094 0.402342 0.962892 0.402342 0.964843 0.400388 0.966794 0.400388 0.968747 0.398435 0.970708 0.398435 0.972659 0.396481 0.974611 0.396481 0.976562 0.394528 0.978514 0.394528 0.982417 0.392574 0.984378 0.392574 0.98633 0.390629 0.988282 0.390629 0.990233 0.388675 0.992185 0.388675 0.994136 0.386722 0.996098 0.386722 0.998049 0.388675 0.996098 0.396481 0.996098 0.404295 0.988282 0.404295 0.98633 0.419923 0.970708 0.419923 0.968747 0.427737 0.96094 0.43945 0.96094 0.441404 0.962892 0.441404 0.957027 0.43945 0.957027 0.435543 0.953125 0.433598 0.953125 0.431644 0.951172 0.435543 0.947269 0.447264 0.947269 0.449218 0.949221 0.458985 0.949221 0.460938 0.951172 0.470706 0.951172 0.472659 0.953125 0.474613 0.951172 0.484372 0.951172 0.482419 0.949221 0.482419 0.947269 0.480466 0.945308 0.480466 0.943357 0.478512 0.941405 0.478512 0.939454 0.470706 0.939454 0.468752 0.937502 0.460938 0.937502 0.458985 0.935551 0.451171 0.935551 0.449218 0.933589 0.441404 0.933589 0.43945 0.931637 0.43945 0.925783 0.441404 0.923831 0.447264 0.923831 0.447264 0.919919 0.449218 0.917967 0.449218 0.916015 0.435543 0.916015 0.433598 0.914063 0.433598 0.912112 0.431644 0.91016 0.431644 0.904296 0.429691 0.902345 0.429691 0.89648 0.427737 0.894528 0.427737 0.890625 0.425784 0.888674 0.425784 0.88281 0.42383 0.880857 0.42383 0.875003 0.421877 0.873052 0.421877 0.87109 0.419923 0.869139 0.41797 0.869139
0 0.808596 0.156252 0.806642 0.158204 0.804689 0.158204 0.802735 0.160155 0.802735 0.162107 0.798828 0.16602 0.798828 0.169923 0.800782 0.171875 0.800782 0.173826 0.806642 0.173826 0.806642 0.171875 0.808596 0.169923 0.808596 0.167972 0.810549 0.16602 0.810549 0.164059 0.812503 0.162107 0.812503 0.158204 0.810549 0.158204
0 0.976564 0.160155 0.970703 0.16602 0.970703 0.175778 0.976564 0.175778 0.980471 0.171875 0.982424 0.171875 0.984378 0.169923 0.984378 0.164059 0.982424 0.162107 0.982424 0.160155
0 0.931642 0.224606 0.929688 0.226567 0.923828 0.226567 0.923828 0.228518 0.921874 0.23047 0.921874 0.232422 0.919921 0.234374 0.919921 0.242189 0.921874 0.242189 0.923828 0.244141 0.927735 0.244141 0.929688 0.242189 0.929688 0.240238 0.935549 0.234374 0.935549 0.232422 0.937502 0.23047
7 0.369141 0.699216 0.369141 0.707032 0.371094 0.708984 0.371094 0.726567 0.373047 0.728519 0.373047 0.746093 0.375001 0.748044 0.375001 0.75586 0.373047 0.757812 0.322265 0.757812 0.320311 0.75586 0.320311 0.753909 0.318358 0.751957 0.318358 0.749996 0.316404 0.748044 0.316404 0.746093 0.314451 0.744141 0.314451 0.742189 0.312497 0.740238 0.312497 0.738277 0.310544 0.736325 0.310544 0.734374 0.30859 0.732422 0.30859 0.73047 0.306637 0.728519 0.306637 0.726567 0.306637 0.732422 0.30859 0.734374 0.30859 0.748044 0.310544 0.749996 0.310544 0.759763 0.30859 0.761715 0.30859 0.767579 0.306637 0.769531 0.306637 0.773434 0.304691 0.775395 0.304691 0.78125 0.302738 0.783202 0.302738 0.785153 0.306637 0.78125 0.30859 0.78125 0.312497 0.777347 0.314451 0.777347 0.318358 0.773434 0.320311 0.773434 0.322265 0.771482 0.337893 0.771482 0.339846 0.773434 0.353513 0.773434 0.355466 0.775395 0.371094 0.775395 0.373047 0.777347 0.373047 0.779298 0.371094 0.78125 0.371094 0.783202 0.369141 0.785153 0.369141 0.787105 0.367187 0.789066 0.367187 0.791018 0.365233 0.792969 0.365233 0.796872 0.36328 0.798824 0.36328 0.800785 0.361326 0.802737 0.361326 0.804688 0.359373 0.80664 0.359373 0.808591 0.357419 0.810543 0.357419 0.814456 0.355466 0.816408 0.355466 0.818359 0.353513 0.820311 0.353513 0.822262 0.351559 0.824224 0.351559 0.826175 0.349606 0.828127 0.349606 0.830078 0.361326 0.830078 0.36328 0.828127 0.36328 0.826175 0.367187 0.822262 0.367187 0.820311 0.371094 0.816408 0.371094 0.814456 0.375001 0.810543 0.375001 0.808591 0.378908 0.804688 0.378908 0.802737 0.382815 0.798824 0.382815 0.796872 0.384768 0.794921 0.398435 0.794921 0.398435 0.791018 0.400388 0.789066 0.400388 0.785153 0.392574 0.785153 0.390629 0.783202 0.396481 0.777347 0.410156 0.777347 0.412109 0.779298 0.427737 0.779298 0.429691 0.78125 0.443357 0.78125 0.445311 0.783202 0.447264 0.78125 0.449218 0.78125 0.451171 0.779298 0.453125 0.779298 0.455078 0.777347 0.457031 0.777347 0.447264 0.767579 0.431644 0.767579 0.429691 0.765628 0.414063 0.765628 0.412109 0.763676 0.396481 0.763676 0.394528 0.761715 0.394528 0.759763 0.398435 0.75586 0.404295 0.75586 0.404295 0.749996 0.402342 0.751957 0.394528 0.751957 0.390629 0.748044 0.390629 0.744141 0.388675 0.742189 0.388675 0.738277 0.386722 0.736325 0.386722 0.732422 0.384768 0.73047 0.384768 0.726567 0.382815 0.724606 0.382815 0.720703 0.380861 0.718751 0.380861 0.714848 0.378908 0.712887 0.378908 0.710935 0.373047 0.705081 0.373047 0.703129
0 0.894533 0.060548 0.89258 0.062499 0.890626 0.062499 0.890626 0.064451 0.888673 0.066402 0.888673 0.068364 0.886719 0.070315 0.886719 0.074218 0.888673 0.074218 0.890626 0.07617 0.900394 0.066402 0.89844 0.064451 0.89844 0.062499 0.896487 0.062499
0 0.845704 0.134766 0.843751 0.136717 0.843751 0.138669 0.839844 0.142582 0.839844 0.150388 0.841797 0.152339 0.841797 0.154301 0.843751 0.152339 0.845704 0.152339 0.847658 0.150388 0.847658 0.148437 0.851565 0.144533 0.851565 0.142582 0.853518 0.14062 0.853518 0.136717 0.851565 0.136717 0.849611 0.134766
0 0.552737 0.277347 0.552737 0.279298 0.550783 0.28125 0.550783 0.287105 0.552737 0.289066 0.552737 0.291018 0.55469 0.292969 0.55469 0.29492 0.556643 0.296872 0.556643 0.298824 0.566403 0.298824 0.566403 0.29492 0.568357 0.292969 0.568357 0.291018 0.566403 0.289066 0.566403 0.287105 0.56055 0.28125 0.56055 0.279298 0.558597 0.277347
1 0.386722 0.271482 0.384768 0.273434 0.373047 0.273434 0.371094 0.275395 0.359373 0.275395 0.357419 0.277347 0.345706 0.277347 0.341799 0.28125 0.339846 0.28125 0.339846 0.287105 0.341799 0.289066 0.341799 0.291018 0.343753 0.292969 0.345706 0.291018 0.353513 0.291018 0.355466 0.289066 0.361326 0.289066 0.36328 0.287105 0.371094 0.287105 0.373047 0.285153 0.378908 0.285153 0.380861 0.283201 0.388675 0.283201 0.390629 0.28125 0.390629 0.279298 0.392574 0.277347 0.392574 0.273434 0.388675 0.273434
0 0.55469 0.660156 0.54883 0.66602 0.54883 0.667972 0.550783 0.669923 0.550783 0.675778 0.552737 0.677739 0.552737 0.683594 0.55469 0.685545 0.55469 0.687497 0.558597 0.687497 0.558597 0.685545 0.56055 0.683594 0.56055 0.681643 0.562504 0.679691 0.562504 0.671875 0.56055 0.669923 0.56055 0.662107 0.558597 0.660156
0 0.857425 0.224606 0.855471 0.226567 0.849611 0.226567 0.849611 0.228518 0.847658 0.23047 0.847658 0.232422 0.845704 0.234374 0.845704 0.236325 0.843751 0.238276 0.843751 0.242189 0.845704 0.242189 0.847658 0.244141 0.849611 0.244141 0.851565 0.246093 0.855471 0.242189 0.855471 0.240238 0.861332 0.234374 0.861332 0.228518
0 1 0.798824 1 0.800785 1 0.800785 1 0.802737 0.998044 0.802737 0.994137 0.80664 0.994137 0.808591 0.998044 0.812504 0.999998 0.810543 1 0.810543 1 0.808591 1 0.808591 1 0.80664 1 0.800785 1 0.800785
0 0.732426 0.285153 0.728519 0.289066 0.728519 0.291018 0.730472 0.292969 0.730472 0.296872 0.732426 0.298824 0.732426 0.302737 0.734371 0.304688 0.734371 0.30664 0.736325 0.30664 0.740232 0.310543 0.744139 0.30664 0.744139 0.304688 0.746092 0.302737 0.744139 0.300785 0.744139 0.298824 0.742185 0.296872 0.742185 0.29492 0.740232 0.292969 0.740232 0.291018 0.738278 0.289066 0.738278 0.287105 0.734371 0.287105
0 0.927735 0.12695 0.925781 0.128911 0.923828 0.128911 0.921874 0.130863 0.919921 0.130863 0.917967 0.132814 0.917967 0.134766 0.916014 0.136717 0.916014 0.138669 0.91406 0.14062 0.91406 0.146485 0.916014 0.146485 0.917967 0.148437 0.923828 0.148437 0.925781 0.146485 0.925781 0.144533 0.931642 0.138669 0.931642 0.136717 0.933595 0.134766 0.933595 0.128911 0.929688 0.128911
0 0.839844 0.496098 0.83789 0.498049 0.835937 0.498049 0.835937 0.5 0.833983 0.501952 0.833983 0.505856 0.83203 0.507817 0.83203 0.509768 0.830076 0.51172 0.830076 0.513671 0.83203 0.513671 0.833983 0.515623 0.839844 0.515623 0.839844 0.51172 0.841797 0.509768 0.841797 0.503904 0.843751 0.501952 0.843751 0.498049 0.841797 0.498049
0 0.550783 0.249996 0.550783 0.257812 0.56445 0.257812 0.566403 0.259763 0.568357 0.257812 0.57031 0.257812 0.57031 0.253909 0.566403 0.249996
0 0.749999 0.312504 0.748046 0.314456 0.744139 0.314456 0.744139 0.316407 0.742185 0.318359 0.742185 0.320311 0.744139 0.322262 0.744139 0.324224 0.746092 0.326175 0.746092 0.330078 0.748046 0.33203 0.748046 0.333982 0.749999 0.335933 0.749999 0.337894 0.755859 0.337894 0.757813 0.339846 0.757813 0.337894 0.759766 0.335933 0.759766 0.330078 0.757813 0.328126 0.757813 0.322262 0.755859 0.320311 0.755859 0.318359
0 0.906246 0.259763 0.902347 0.263676 0.900394 0.263676 0.89844 0.265628 0.89844 0.26758 0.894533 0.271482 0.894533 0.277347 0.896487 0.279298 0.902347 0.279298 0.904301 0.277347 0.904301 0.275395 0.910153 0.269531 0.910153 0.26758 0.912107 0.265628 0.912107 0.261715 0.9082 0.261715
0 0.990238 0.005855 0.988285 0.007816 0.986331 0.007816 0.990238 0.01172 0.990238 0.013671 0.999998 0.013671 1 0.015623 1 0.013671 1 0.013671 1 0.007816 0.992184 0.007816
0 0.876952 0.080083 0.874998 0.082035 0.874998 0.083986 0.871091 0.087889 0.871091 0.089841 0.869138 0.091793 0.871091 0.093753 0.871091 0.095705 0.874998 0.099608 0.876952 0.099608 0.878905 0.097657 0.878905 0.095705 0.880859 0.093753 0.880859 0.091793 0.882812 0.089841 0.882812 0.087889 0.884766 0.085938 0.884766 0.082035 0.882812 0.082035 0.880859 0.080083
0 0.830076 0.146485 0.828123 0.148437 0.828123 0.150388 0.824216 0.154301 0.824216 0.164059 0.826169 0.164059 0.83203 0.158204 0.833983 0.158204 0.835937 0.156252 0.835937 0.154301 0.83789 0.152339 0.83789 0.150388 0.835937 0.148437 0.835937 0.146485
0 0.779293 0.933589 0.77734 0.935551 0.77734 0.953125 0.779293 0.955076 0.7832 0.955076 0.787107 0.951172 0.787107 0.945308 0.785154 0.943357 0.785154 0.935551 0.7832 0.935551 0.781247 0.933589
0 0.876952 0.644533 0.873045 0.648437 0.873045 0.656252 0.871091 0.658204 0.871091 0.664059 0.874998 0.667972 0.880859 0.667972 0.882812 0.66602 0.884766 0.66602 0.884766 0.648437 0.882812 0.646485 0.878905 0.646485
0 0.755859 0.73047 0.755859 0.736325 0.757813 0.738277 0.757813 0.740238 0.759766 0.742189 0.759766 0.744141 0.76172 0.746093 0.76172 0.748044 0.763673 0.749996 0.763673 0.751957 0.765627 0.749996 0.76758 0.749996 0.769534 0.748044 0.769534 0.744141 0.76758 0.742189 0.76758 0.736325 0.765627 0.734374 0.765627 0.73047
0 0.828123 0.124998 0.824216 0.128911 0.824216 0.130863 0.818363 0.136717 0.818363 0.138669 0.820309 0.14062 0.824216 0.14062 0.826169 0.142582 0.826169 0.144533 0.828123 0.144533 0.83203 0.14062 0.83203 0.138669 0.835937 0.134766 0.835937 0.128911 0.83203 0.124998
0 0.966796 0.568364 0.966796 0.570315 0.964843 0.572267 0.964843 0.578122 0.966796 0.580083 0.966796 0.585938 0.96875 0.587889 0.96875 0.589841 0.972657 0.589841 0.976564 0.585938 0.976564 0.583986 0.97461 0.582035 0.97461 0.57617 0.972657 0.574219 0.972657 0.572267 0.96875 0.568364
0 0.789061 0.523439 0.785154 0.527342 0.785154 0.535158 0.7832 0.537109 0.7832 0.546877 0.789061 0.546877 0.792968 0.542964 0.794921 0.542964 0.794921 0.52539 0.791014 0.52539
0 0.718751 0.611327 0.714844 0.615231 0.714844 0.624998 0.716798 0.62695 0.716798 0.628911 0.718751 0.630863 0.718751 0.632814 0.724612 0.632814 0.724612 0.624998 0.726565 0.623046 0.726565 0.615231 0.722658 0.611327
0 0.765627 0.339846 0.763673 0.341797 0.759766 0.341797 0.759766 0.3457 0.757813 0.347652 0.757813 0.349613 0.763673 0.355468 0.763673 0.357419 0.769534 0.363284 0.773441 0.363284 0.77734 0.359371 0.77734 0.353517 0.775394 0.351565 0.775394 0.349613 0.773441 0.347652 0.773441 0.3457 0.771487 0.343749 0.771487 0.341797 0.76758 0.341797
0 0.779293 0.201168 0.77734 0.203129 0.773441 0.203129 0.773441 0.205081 0.771487 0.207032 0.771487 0.208983 0.769534 0.210935 0.769534 0.214848 0.775394 0.214848 0.779293 0.210935 0.781247 0.210935 0.7832 0.208983 0.781247 0.207032 0.781247 0.205081 0.779293 0.203129
0 0.874998 0.304688 0.873045 0.30664 0.869138 0.30664 0.869138 0.312504 0.867185 0.314456 0.867185 0.324224 0.871091 0.328126 0.876952 0.328126 0.876952 0.326175 0.878905 0.324224 0.878905 0.320311 0.880859 0.318359 0.880859 0.316407 0.882812 0.314456 0.882812 0.310543 0.880859 0.308591 0.880859 0.304688
0 0.519535 0.857419 0.519535 0.859371 0.517582 0.861332 0.517582 0.869139 0.515628 0.87109 0.515628 0.876955 0.517582 0.878906 0.521481 0.878906 0.521481 0.876955 0.523434 0.875003 0.523434 0.87109 0.525388 0.869139 0.525388 0.867187 0.527341 0.865235 0.527341 0.863284 0.525388 0.861332 0.525388 0.859371 0.521481 0.859371
0 0.906246 0.039061 0.904301 0.041012 0.904301 0.042964 0.902347 0.044926 0.902347 0.046877 0.900394 0.048829 0.900394 0.052732 0.902347 0.054683 0.902347 0.056645 0.904301 0.054683 0.906246 0.054683 0.91406 0.046877 0.91406 0.042964 0.912107 0.041012 0.912107 0.039061
0 0.529295 0.214848 0.527341 0.2168 0.525388 0.2168 0.525388 0.222654 0.527341 0.224606 0.527341 0.228518 0.529295 0.23047 0.529295 0.232422 0.533202 0.232422 0.535155 0.234374 0.537109 0.234374 0.537109 0.232422 0.539062 0.23047 0.539062 0.226567 0.537109 0.224606 0.537109 0.222654 0.535155 0.220703 0.535155 0.218751 0.533202 0.218751
0 0.802735 0.189448 0.800782 0.19141 0.798828 0.19141 0.791014 0.199216 0.791014 0.201168 0.792968 0.203129 0.792968 0.207032 0.794921 0.208983 0.798828 0.208983 0.800782 0.207032 0.800782 0.205081 0.804689 0.201168 0.804689 0.199216 0.806642 0.197265 0.806642 0.19141 0.804689 0.19141
0 0.876952 0.056645 0.874998 0.058596 0.871091 0.058596 0.871091 0.060548 0.869138 0.062499 0.869138 0.066402 0.867185 0.068364 0.867185 0.074218 0.869138 0.074218 0.871091 0.07617 0.873045 0.07617 0.876952 0.072267 0.876952 0.070315 0.882812 0.064451 0.880859 0.062499 0.880859 0.060548
0 0.593752 0.933589 0.591798 0.935551 0.591798 0.953125 0.593752 0.953125 0.595705 0.955076 0.597659 0.953125 0.599612 0.953125 0.599612 0.935551 0.597659 0.935551 0.595705 0.933589
0 0.814456 0.173826 0.812503 0.175778 0.812503 0.177739 0.810549 0.179691 0.810549 0.181642 0.808596 0.183594 0.808596 0.19141 0.81641 0.19141 0.820309 0.187497 0.820309 0.185545 0.824216 0.181642 0.824216 0.175778 0.822262 0.173826
0 0.648434 0.894528 0.644534 0.898441 0.642581 0.898441 0.642581 0.900393 0.640628 0.902345 0.640628 0.906248 0.642581 0.908199 0.642581 0.91016 0.644534 0.912112 0.644534 0.914063 0.646488 0.916015 0.646488 0.919919 0.648434 0.92188 0.648434 0.923831 0.650387 0.925783 0.650387 0.927734 0.654294 0.927734 0.656247 0.925783 0.658201 0.925783 0.658201 0.923831 0.660154 0.92188 0.660154 0.917967 0.658201 0.916015 0.658201 0.912112 0.656247 0.91016 0.656247 0.908199 0.654294 0.906248 0.654294 0.902345 0.652341 0.900393 0.652341 0.898441
0 0.964843 0.005855 0.962889 0.007816 0.962889 0.009768 0.960936 0.01172 0.960936 0.013671 0.962889 0.015623 0.976564 0.015623 0.978517 0.017574 0.980471 0.015623 0.980471 0.013671 0.982424 0.01172 0.976564 0.005855
0 0.867185 0.158204 0.859378 0.16602 0.859378 0.173826 0.861332 0.175778 0.861332 0.177739 0.865231 0.177739 0.869138 0.173826 0.869138 0.171875 0.874998 0.16602 0.874998 0.164059 0.876952 0.162107 0.876952 0.160155 0.874998 0.158204
0 0.89844 0.074218 0.896487 0.07617 0.896487 0.078122 0.894533 0.080083 0.894533 0.082035 0.89258 0.083986 0.89258 0.087889 0.894533 0.089841 0.894533 0.091793 0.896487 0.089841 0.900394 0.089841 0.904301 0.085938 0.904301 0.083986 0.9082 0.080083 0.9082 0.07617 0.906246 0.07617 0.904301 0.074218
0 0.749999 0.214848 0.748046 0.2168 0.746092 0.2168 0.740232 0.222654 0.738278 0.222654 0.736325 0.224606 0.736325 0.226567 0.738278 0.228518 0.738278 0.232422 0.740232 0.234374 0.740232 0.236325 0.744139 0.232422 0.746092 0.232422 0.753906 0.224606 0.753906 0.218751
7 0.343753 0.343749 0.343753 0.3457 0.345706 0.347652 0.345706 0.351565 0.34766 0.353517 0.34766 0.357419 0.349606 0.359371 0.349606 0.361332 0.351559 0.363284 0.351559 0.367187 0.353513 0.369139 0.353513 0.373052 0.355466 0.375003 0.355466 0.378906 0.357419 0.380857 0.357419 0.384761 0.359373 0.386722 0.359373 0.388674 0.361326 0.390625 0.361326 0.394528 0.36328 0.39648 0.36328 0.400393 0.365233 0.402344 0.365233 0.404296 0.36328 0.406248 0.349606 0.406248 0.34766 0.408199 0.335939 0.408199 0.333986 0.410161 0.320311 0.410161 0.318358 0.408199 0.316404 0.408199 0.312497 0.404296 0.310544 0.404296 0.304691 0.398441 0.302738 0.398441 0.298831 0.394528 0.296877 0.394528 0.29297 0.390625 0.29297 0.392577 0.294924 0.394528 0.294924 0.39648 0.296877 0.398441 0.296877 0.400393 0.298831 0.402344 0.298831 0.404296 0.300784 0.406248 0.300784 0.408199 0.302738 0.410161 0.302738 0.412112 0.304691 0.414063 0.304691 0.416015 0.306637 0.417967 0.306637 0.433589 0.30859 0.43555 0.30859 0.449221 0.310544 0.447269 0.310544 0.445308 0.312497 0.443357 0.312497 0.441405 0.316404 0.437502 0.316404 0.43555 0.318358 0.433589 0.318358 0.431638 0.322265 0.427734 0.343753 0.427734 0.345706 0.425783 0.367187 0.425783 0.369141 0.427734 0.369141 0.433589 0.367187 0.43555 0.367187 0.453124 0.365233 0.455076 0.365233 0.472659 0.36328 0.474611 0.36328 0.482417 0.365233 0.480465 0.369141 0.480465 0.369141 0.478514 0.371094 0.476562 0.371094 0.474611 0.373047 0.472659 0.373047 0.470707 0.375001 0.468746 0.375001 0.464843 0.376954 0.462892 0.376954 0.46094 0.378908 0.458989 0.378908 0.457027 0.380861 0.455076 0.380861 0.451172 0.382815 0.449221 0.382815 0.447269 0.384768 0.445308 0.384768 0.443357 0.386722 0.441405 0.386722 0.439454 0.388675 0.437502 0.390629 0.437502 0.392574 0.43555 0.394528 0.43555 0.396481 0.433589 0.398435 0.433589 0.400388 0.431638 0.402342 0.431638 0.402342 0.425783 0.400388 0.427734 0.390629 0.427734 0.388675 0.425783 0.388675 0.42188 0.390629 0.419919 0.402342 0.419919 0.404295 0.417967 0.41797 0.417967 0.419923 0.416015 0.431644 0.416015 0.43945 0.408199 0.441404 0.408199 0.445311 0.404296 0.443357 0.404296 0.441404 0.402344 0.437497 0.402344 0.435543 0.400393 0.433598 0.400393 0.431644 0.398441 0.429691 0.400393 0.421877 0.400393 0.419923 0.402344 0.412109 0.402344 0.410156 0.404296 0.404295 0.404296 0.402342 0.406248 0.394528 0.406248 0.392574 0.408199 0.386722 0.408199 0.384768 0.406248 0.384768 0.400393 0.386722 0.398441 0.388675 0.398441 0.390629 0.39648 0.394528 0.39648 0.394528 0.392577 0.392574 0.390625 0.392574 0.386722 0.390629 0.388674 0.376954 0.388674 0.375001 0.386722 0.375001 0.384761 0.369141 0.378906 0.369141 0.376955 0.36328 0.37109 0.36328 0.369139 0.357419 0.363284 0.357419 0.361332 0.351559 0.355468 0.351559 0.353517 0.345706 0.347652 0.345706 0.3457
0 0.888673 0 0.888673 0 0.886719 0 0.886719 0.009768 0.888673 0.01172 0.888673 0.013671 0.890626 0.015623 0.89258 0.013671 0.89258 0.01172 0.894533 0.009768 0.894533 0.005855 0.896487 0.003904 0.896487 0 0.89258 0
0 0.472659 0.208983 0.470706 0.210935 0.468752 0.210935 0.468752 0.212887 0.470706 0.214848 0.470706 0.2168 0.472659 0.218751 0.472659 0.220703 0.474613 0.222654 0.476566 0.222654 0.478512 0.224606 0.480466 0.222654 0.480466 0.220703 0.482419 0.218751 0.480466 0.2168 0.480466 0.214848 0.478512 0.212887 0.478512 0.210935 0.476566 0.208983
0 0.982424 0.615231 0.980471 0.617192 0.978517 0.617192 0.976564 0.619143 0.97461 0.619143 0.97461 0.630863 0.976564 0.632814 0.976564 0.636717 0.982424 0.636717 0.984378 0.634766 0.984378 0.632814 0.986331 0.630863 0.986331 0.619143
0 0.984378 0.886723 0.984378 0.888674 0.982424 0.890625 0.982424 0.892577 0.984378 0.892577 0.986331 0.894528 0.996091 0.894528 0.998044 0.89648 1 0.892577 1 0.892577 1 0.890625 1 0.888674 1 0.886723
0 0.912107 0.839846 0.910153 0.841797 0.910153 0.847652 0.921874 0.859371 0.931642 0.859371 0.931642 0.857419 0.933595 0.855468 0.933595 0.851565 0.931642 0.849613 0.931642 0.847652 0.929688 0.847652 0.925781 0.843749 0.923828 0.843749 0.919921 0.839846
0 0.578124 0.615231 0.57617 0.617192 0.574217 0.617192 0.572263 0.619143 0.572263 0.621095 0.57031 0.623046 0.57031 0.630863 0.572263 0.632814 0.572263 0.642582 0.580077 0.642582 0.580077 0.640621 0.582031 0.638669 0.582031 0.621095 0.580077 0.619143 0.580077 0.617192
0 0.853518 0.115231 0.851565 0.117192 0.851565 0.119143 0.847658 0.123047 0.847658 0.124998 0.845704 0.12695 0.845704 0.132814 0.851565 0.132814 0.855471 0.128911 0.855471 0.12695 0.861332 0.121095 0.861332 0.115231
0 0.916014 0.082035 0.91406 0.083986 0.910153 0.083986 0.9082 0.085938 0.9082 0.087889 0.904301 0.091793 0.904301 0.095705 0.906246 0.097657 0.910153 0.097657 0.912107 0.095705 0.912107 0.093753 0.916014 0.089841 0.917967 0.089841 0.917967 0.083986
0 0.742185 0.685545 0.740232 0.687497 0.736325 0.687497 0.734371 0.689448 0.736325 0.69141 0.736325 0.693361 0.738278 0.695313 0.738278 0.697265 0.740232 0.699216 0.740232 0.701168 0.742185 0.703129 0.742185 0.705081 0.748046 0.705081 0.748046 0.703129 0.749999 0.701168 0.749999 0.699216 0.748046 0.697265 0.748046 0.693361 0.746092 0.69141 0.746092 0.689448
0 1 0.359371 1 0.361332 0.999998 0.363284 0.999998 0.369139 0.998044 0.37109 0.998044 0.376955 0.999998 0.378906 0.999998 0.382809 1 0.382809 1 0.378906 1 0.361332 1 0.359371
0 0.789061 0.181642 0.785154 0.185545 0.785154 0.187497 0.781247 0.19141 0.781247 0.193361 0.779293 0.195313 0.779293 0.197265 0.7832 0.197265 0.785154 0.199216 0.794921 0.189448 0.794921 0.183594 0.791014 0.183594
0 0.56445 0.556644 0.562504 0.558596 0.562504 0.560548 0.558597 0.564451 0.558597 0.583986 0.56055 0.583986 0.562504 0.585938 0.568357 0.585938 0.57031 0.583986 0.57031 0.582035 0.572263 0.580083 0.572263 0.560548 0.57031 0.558596 0.566403 0.558596
0 0.994137 0.701168 0.992184 0.703129 0.992184 0.720703 0.994137 0.722654 0.994137 0.724606 0.996091 0.726567 1 0.726567 1 0.722654 1 0.720703 1 0.712887 1 0.710935 1 0.703129 0.999998 0.703129 0.998044 0.701168
0 0.818363 0.14062 0.814456 0.144533 0.812503 0.144533 0.810549 0.146485 0.810549 0.148437 0.808596 0.150388 0.808596 0.152339 0.810549 0.154301 0.810549 0.156252 0.814456 0.156252 0.820309 0.150388 0.822262 0.150388 0.824216 0.148437 0.824216 0.142582 0.820309 0.142582
0 0.876952 0.546877 0.876952 0.548829 0.874998 0.55078 0.874998 0.556644 0.873045 0.558596 0.873045 0.564451 0.874998 0.566402 0.874998 0.568364 0.878905 0.568364 0.882812 0.564451 0.884766 0.564451 0.884766 0.558596 0.882812 0.556644 0.882812 0.548829 0.880859 0.546877
0 0.626953 0.792969 0.625 0.794921 0.623046 0.794921 0.623046 0.800785 0.621093 0.802737 0.621093 0.812504 0.623046 0.814456 0.623046 0.822262 0.625 0.824224 0.625 0.826175 0.632814 0.826175 0.638674 0.820311 0.638674 0.818359 0.636721 0.816408 0.636721 0.812504 0.634767 0.810543 0.634767 0.80664 0.632814 0.804688 0.632814 0.800785 0.63086 0.798824 0.63086 0.796872
0 0.955076 0.183594 0.953122 0.185545 0.947269 0.185545 0.945316 0.187497 0.945316 0.189448 0.941409 0.193361 0.941409 0.199216 0.943362 0.201168 0.943362 0.203129 0.949215 0.203129 0.957029 0.195313 0.958982 0.195313 0.962889 0.19141 0.962889 0.189448 0.960936 0.187497 0.960936 0.185545 0.957029 0.185545