0 0.20117 0.740236 0.197268 0.744139 0.197268 0.755858 0.195313 0.757812 0.195313 0.759766 0.199213 0.763673 0.205082 0.763673 0.208982 0.759766 0.208982 0.746093 0.207026 0.744139 0.205082 0.744139
0 0.023434 0.533203 0.019533 0.537111 0.017577 0.537111 0.017577 0.542968 0.015622 0.544922 0.015622 0.560549 0.017577 0.562498 0.017577 0.564452 0.019533 0.562498 0.027346 0.562498 0.027346 0.558595 0.029302 0.556641 0.029302 0.541014 0.027346 0.539061 0.027346 0.537111
0 0.406255 0.306641 0.404299 0.308595 0.404299 0.310549 0.402343 0.312498 0.402343 0.316406 0.404299 0.316406 0.406255 0.31836 0.423825 0.31836 0.425781 0.320314 0.427737 0.31836 0.429693 0.31836 0.429693 0.316406 0.431638 0.314452 0.429693 0.312498 0.429693 0.310549 0.427737 0.310549 0.423825 0.306641
0 0.478514 0.470701 0.476558 0.472655 0.474613 0.472655 0.474613 0.492189 0.476558 0.494139 0.478514 0.494139 0.48047 0.496093 0.482426 0.494139 0.48437 0.494139 0.48437 0.476563 0.482426 0.474609 0.482426 0.472655 0.48047 0.472655
1 0.111329 0.398438 0.109373 0.400392 0.101561 0.400392 0.099605 0.402342 0.095704 0.402342 0.095704 0.408203 0.099605 0.412111 0.103517 0.412111 0.105473 0.414061 0.121098 0.414061 0.123043 0.416014 0.136724 0.416014 0.138668 0.417968 0.148437 0.417968 0.150393 0.419922 0.160161 0.419922 0.162107 0.421876 0.162107 0.416014 0.164062 0.414061 0.164062 0.408203 0.15625 0.408203 0.154293 0.40625 0.144536 0.40625 0.14258 0.404296 0.134768 0.404296 0.132812 0.402342 0.123043 0.402342 0.121098 0.400392 0.113286 0.400392
0 0.025391 0.914061 0.025391 0.917968 0.023434 0.919922 0.023434 0.929687 0.021489 0.931641 0.021489 0.935549 0.025391 0.935549 0.027346 0.937499 0.029302 0.937499 0.029302 0.933595 0.031247 0.931641 0.031247 0.92383 0.033202 0.921876 0.033202 0.917968 0.035159 0.916014 0.037114 0.917968 0.037114 0.916014 0.027346 0.916014
0 0.77734 0.599609 0.775395 0.601563 0.773439 0.601563 0.771483 0.603517 0.769527 0.603517 0.769527 0.60547 0.771483 0.60742 0.771483 0.611328 0.773439 0.613281 0.773439 0.623047 0.775395 0.623047 0.77734 0.625001 0.779296 0.625001 0.781252 0.626955 0.785153 0.623047 0.787108 0.623047 0.787108 0.60547 0.785153 0.603517 0.785153 0.599609
0 0.101561 0.933595 0.09766 0.937499 0.09766 0.939452 0.099605 0.941406 0.099605 0.947268 0.09766 0.949217 0.099605 0.951171 0.099605 0.953125 0.105473 0.953125 0.107418 0.951171 0.109373 0.951171 0.109373 0.939452 0.107418 0.937499 0.107418 0.935549 0.103517 0.935549
0 0.173831 0.73242 0.171875 0.734374 0.167974 0.734374 0.167974 0.742189 0.171875 0.746093 0.177732 0.746093 0.179688 0.748047 0.191401 0.748047 0.191401 0.740236 0.189456 0.738282 0.189456 0.734374 0.175786 0.734374
0 0.990238 0.542968 0.988282 0.544922 0.986326 0.544922 0.986326 0.558595 0.988282 0.558595 0.990238 0.560549 0.99414 0.560549 0.996095 0.558595 0.998051 0.558595 0.998051 0.554687 0.996095 0.552733 0.996095 0.546876 0.99414 0.544922 0.99414 0.542968
0 0.468745 0.974609 0.4668 0.976563 0.464845 0.976563 0.464845 0.980471 0.462889 0.98242 0.462889 0.990236 0.464845 0.992189 0.468745 0.992189 0.470701 0.990236 0.472657 0.990236 0.472657 0.986328 0.474613 0.984374 0.474613 0.980471 0.472657 0.978517 0.472657 0.976563 0.470701 0.976563
0 0.441406 0.451171 0.43945 0.453125 0.437494 0.453125 0.437494 0.46289 0.43945 0.46289 0.441406 0.464844 0.45312 0.464844 0.455076 0.46289 0.462889 0.46289 0.462889 0.460936 0.464845 0.458982 0.464845 0.457033 0.462889 0.455079 0.462889 0.453125 0.458988 0.453125 0.457031 0.451171
0 0.455076 0.996093 0.45312 0.998047 0.451175 0.998047 0.451175 1 0.45312 1 0.45312 1 0.460933 1 0.462889 1 0.468745 1 0.472657 1 0.472657 1 0.468745 0.998047 0.457031 0.998047
0 0.316403 0.001954 0.314447 0.003908 0.312503 0.003908 0.312503 0.005858 0.310547 0.007812 0.314447 0.011719 0.322261 0.011719 0.324216 0.013673 0.328129 0.013673 0.330073 0.015627 0.341798 0.015627 0.341798 0.009765 0.337886 0.005858 0.328129 0.005858 0.326172 0.003908 0.318359 0.003908
1 0 0.332033 0 0.335936 0 0.33789 0 0.345701 0 0.347655 0 0.351563 0 0.351563 0 0.353517 0 0.353517 0 0.355471 0 0.355471 0 0.35742 0 0.35742 0 0.359374 0 0.359374 0 0.361328 0 0.361328 0.001952 0.363282 0.005864 0.363282 0.007809 0.365236 0.011721 0.365236 0.013677 0.367189 0.017577 0.367189 0.019533 0.369139 0.033202 0.369139 0.035159 0.371093 0.03906 0.367189 0.041016 0.367189 0.042972 0.365236 0.042972 0.355471 0.041016 0.353517 0.03906 0.353517 0.033202 0.347655 0.027346 0.347655 0.025391 0.345701 0.019533 0.345701 0.017577 0.343751 0.011721 0.343751 0.009765 0.341798 0.003908 0.341798 0.001952 0.339844 0 0.339844 0 0.33789 0 0.33789 0 0.335936 0 0.335936 0 0.333987 0 0.333987
0 0.43555 0.539061 0.43555 0.541014 0.433594 0.542968 0.433594 0.556641 0.43555 0.558595 0.43555 0.560549 0.437494 0.560549 0.43945 0.562498 0.445308 0.562498 0.445308 0.560549 0.447263 0.558595 0.447263 0.552733 0.445308 0.55078 0.445308 0.541014 0.443362 0.541014 0.441406 0.539061
0 0.230465 0.015627 0.222651 0.023438 0.222651 0.025392 0.220707 0.027342 0.222651 0.029295 0.222651 0.031249 0.224607 0.031249 0.226563 0.033203 0.228519 0.031249 0.23242 0.031249 0.236332 0.027342 0.238276 0.027342 0.240233 0.025392 0.240233 0.019531 0.238276 0.017577 0.238276 0.015627
0 0.035159 0.917968 0.035159 0.921876 0.033202 0.92383 0.033202 0.931641 0.031247 0.933595 0.031247 0.937499 0.042972 0.937499 0.044928 0.939452 0.044928 0.919922 0.037114 0.919922
1 0.113286 0.847655 0.113286 0.851563 0.111329 0.853517 0.111329 0.85742 0.121098 0.85742 0.123043 0.859374 0.130856 0.859374 0.132812 0.861328 0.14258 0.861328 0.144536 0.863282 0.152349 0.863282 0.154293 0.865236 0.154293 0.859374 0.15625 0.85742 0.15625 0.853517 0.144536 0.853517 0.14258 0.851563 0.128911 0.851563 0.126955 0.849609 0.115231 0.849609
0 0.328129 0 0.326172 0 0.322261 0 0.322261 0 0.320315 0 0.320315 0 0.318359 0 0.318359 0 0.322261 0.001954 0.324216 0 0.328129 0 0.328129 0 0.330073 0 0.330073 0 0.332029 0 0.332029 0
1 0.199213 0.326171 0.199213 0.328125 0.197268 0.330079 0.197268 0.333987 0.195313 0.335936 0.195313 0.33789 0.20117 0.33789 0.203125 0.339844 0.208982 0.339844 0.210938 0.341798 0.216795 0.341798 0.218751 0.343751 0.224607 0.343751 0.226563 0.345701 0.23242 0.345701 0.234377 0.347655 0.240233 0.347655 0.242188 0.349609 0.248045 0.349609 0.250002 0.351563 0.257814 0.351563 0.25977 0.353517 0.261715 0.351563 0.267583 0.351563 0.267583 0.349609 0.269527 0.347655 0.269527 0.345701 0.265627 0.341798 0.265627 0.339844 0.263671 0.33789 0.253902 0.33789 0.251957 0.335936 0.244145 0.335936 0.242188 0.333987 0.23242 0.333987 0.230465 0.332033 0.222651 0.332033 0.220707 0.330079 0.210938 0.330079 0.208982 0.328125 0.20117 0.328125
0 0.400388 0.324217 0.398442 0.326171 0.396486 0.326171 0.396486 0.328125 0.39453 0.330079 0.396486 0.332033 0.396486 0.333987 0.400388 0.333987 0.402343 0.335936 0.421881 0.335936 0.423825 0.33789 0.425781 0.335936 0.427737 0.335936 0.427737 0.333987 0.429693 0.332033 0.427737 0.330079 0.427737 0.328125 0.425781 0.328125 0.421881 0.324217
0 0.054685 0.679687 0.054685 0.681641 0.052729 0.683595 0.052729 0.689452 0.050784 0.691406 0.050784 0.69336 0.058597 0.69336 0.060541 0.695314 0.070311 0.695314 0.072266 0.697268 0.080079 0.697268 0.082034 0.699217 0.082034 0.697268 0.08398 0.695314 0.08398 0.689452 0.085936 0.687498 0.085936 0.685549 0.078123 0.685549 0.076167 0.683595 0.066409 0.683595 0.064454 0.681641 0.056641 0.681641
13 0.576167 0.794922 0.576167 0.796876 0.574222 0.79883 0.574222 0.804687 0.572266 0.806641 0.572266 0.812498 0.570311 0.814452 0.570311 0.820314 0.568354 0.822268 0.568354 0.828125 0.566409 0.830079 0.566409 0.835936 0.564453 0.83789 0.564453 0.843752 0.562497 0.845701 0.562497 0.851563 0.560552 0.853517 0.560552 0.859374 0.558597 0.861328 0.558597 0.867189 0.556641 0.869139 0.556641 0.875 0.554685 0.876954 0.554685 0.882812 0.55274 0.884766 0.55274 0.890623 0.550784 0.892577 0.550784 0.894531 0.556641 0.894531 0.558597 0.896485 0.564453 0.896485 0.566409 0.898438 0.572266 0.898438 0.574222 0.900392 0.578122 0.900392 0.580079 0.902342 0.585936 0.902342 0.587892 0.904296 0.593748 0.904296 0.595704 0.90625 0.595704 0.902342 0.59766 0.900392 0.59766 0.894531 0.599605 0.892577 0.599605 0.886719 0.601561 0.884766 0.601561 0.878908 0.603517 0.876954 0.603517 0.871093 0.605473 0.869139 0.605473 0.863282 0.607417 0.861328 0.607417 0.855471 0.609373 0.853517 0.609373 0.847655 0.611329 0.845701 0.611329 0.839844 0.613285 0.83789 0.613285 0.832033 0.615231 0.830079 0.615231 0.824217 0.617186 0.822268 0.617186 0.816406 0.619143 0.814452 0.619143 0.808595 0.621098 0.806641 0.621098 0.804687 0.613285 0.804687 0.611329 0.802733 0.605473 0.802733 0.603517 0.800779 0.595704 0.800779 0.593748 0.79883 0.587892 0.79883 0.585936 0.796876 0.578122 0.796876
0 0.365235 0.351563 0.365235 0.353517 0.363279 0.355471 0.363279 0.35742 0.365235 0.359374 0.365235 0.361328 0.367191 0.363282 0.376949 0.363282 0.378905 0.365236 0.388674 0.365236 0.388674 0.363282 0.39063 0.361328 0.39063 0.355471 0.388674 0.353517 0.388674 0.351563
0 0.537114 0.396485 0.535158 0.398438 0.535158 0.417968 0.539059 0.421876 0.544927 0.421876 0.544927 0.402342 0.541016 0.398438 0.539059 0.398438
1 0.117187 0.832033 0.117187 0.83789 0.115231 0.839844 0.115231 0.843752 0.124999 0.843752 0.126955 0.845701 0.136724 0.845701 0.138668 0.847655 0.146482 0.847655 0.148437 0.849609 0.158206 0.849609 0.160161 0.851563 0.160161 0.845701 0.162107 0.843752 0.162107 0.839844 0.152349 0.839844 0.150393 0.83789 0.140624 0.83789 0.138668 0.835936 0.130856 0.835936 0.128911 0.833982 0.119143 0.833982
0 0.400388 0.546876 0.400388 0.54883 0.398442 0.55078 0.398442 0.570314 0.402343 0.570314 0.404299 0.572268 0.406255 0.570314 0.408199 0.570314 0.408199 0.560549 0.406255 0.558595 0.406255 0.55078 0.404299 0.54883 0.404299 0.546876
1 0.005864 0.619139 0.005864 0.630858 0.015622 0.630858 0.017577 0.632812 0.027346 0.632812 0.029302 0.634766 0.042972 0.634766 0.042972 0.625001 0.033202 0.625001 0.031247 0.623047 0.019533 0.623047 0.017577 0.621093 0.007809 0.621093
0 0.146482 0.703125 0.146482 0.714844 0.173831 0.714844 0.173831 0.710936 0.175786 0.708982 0.175786 0.705079 0.148437 0.705079
0 0.228519 0.914061 0.224607 0.917968 0.224607 0.919922 0.226563 0.921876 0.226563 0.92383 0.228519 0.92383 0.230465 0.92578 0.236332 0.92578 0.238276 0.927733 0.244145 0.927733 0.24609 0.92578 0.248045 0.92578 0.248045 0.92383 0.24609 0.921876 0.24609 0.919922 0.242188 0.916014 0.230465 0.916014
0 0 0.691406 0 0.701171 0.011721 0.701171 0.011721 0.691406
0 0.099605 0.736328 0.099605 0.738282 0.09766 0.740236 0.099605 0.742189 0.099605 0.744139 0.105473 0.744139 0.107418 0.746093 0.115231 0.746093 0.117187 0.744139 0.117187 0.738282 0.115231 0.738282 0.113286 0.736328
0 0.792965 0.599609 0.789064 0.603517 0.789064 0.60742 0.79102 0.609374 0.79102 0.617189 0.792965 0.619139 0.792965 0.621093 0.796877 0.621093 0.798833 0.619139 0.80469 0.619139 0.80469 0.617189 0.802733 0.615235 0.802733 0.613281 0.800778 0.611328 0.800778 0.60742 0.798833 0.60547 0.798833 0.601563 0.794922 0.601563
0 0.679688 0.650392 0.677732 0.652342 0.654293 0.652342 0.654293 0.656249 0.652349 0.658203 0.652349 0.662111 0.654293 0.664061 0.654293 0.666014 0.660161 0.666014 0.662106 0.664061 0.683599 0.664061 0.685544 0.662111 0.6875 0.662111 0.6875 0.660157 0.685544 0.658203 0.685544 0.654295 0.683599 0.654295
0 0.048828 0.683595 0.046872 0.685549 0.021489 0.685549 0.021489 0.697268 0.023434 0.695314 0.035159 0.695314 0.037114 0.69336 0.048828 0.69336
0 0.248045 0.123046 0.242188 0.128908 0.240233 0.128908 0.236332 0.132812 0.234377 0.132812 0.234377 0.134765 0.23242 0.136719 0.23242 0.138673 0.234377 0.140627 0.234377 0.142576 0.238276 0.142576 0.240233 0.144531 0.24609 0.144531 0.251957 0.138673 0.253902 0.138673 0.25977 0.132812 0.25977 0.130858 0.261715 0.128908 0.255858 0.123046
0 0.505863 0.488281 0.501952 0.492189 0.501952 0.496093 0.503908 0.498047 0.503908 0.511719 0.515621 0.511719 0.515621 0.490236 0.511721 0.490236 0.509765 0.488281
0 0.562497 0.371093 0.562497 0.373047 0.560552 0.375 0.560552 0.376954 0.562497 0.378908 0.562497 0.382812 0.570311 0.382812 0.572266 0.384765 0.578122 0.384765 0.580079 0.386719 0.585936 0.386719 0.589848 0.382812 0.589848 0.380858 0.587892 0.378908 0.587892 0.376954 0.583979 0.376954 0.582034 0.375 0.578122 0.375 0.576167 0.373047 0.572266 0.373047 0.570311 0.371093
0 0.123043 0.933595 0.121098 0.935549 0.121098 0.947268 0.119143 0.949217 0.119143 0.951171 0.121098 0.953125 0.126955 0.953125 0.126955 0.951171 0.128911 0.949217 0.128911 0.94336 0.130856 0.941406 0.130856 0.937499 0.128911 0.935549 0.128911 0.933595
1 0.123043 0.79883 0.123043 0.804687 0.121098 0.806641 0.121098 0.810549 0.128911 0.810549 0.130856 0.812498 0.136724 0.812498 0.138668 0.814452 0.146482 0.814452 0.148437 0.816406 0.154293 0.816406 0.15625 0.81836 0.164062 0.81836 0.166018 0.820314 0.166018 0.816406 0.167974 0.814452 0.167974 0.810549 0.162107 0.810549 0.160161 0.808595 0.154293 0.808595 0.152349 0.806641 0.146482 0.806641 0.144536 0.804687 0.140624 0.804687 0.138668 0.802733 0.132812 0.802733 0.130856 0.800779 0.124999 0.800779
0 0.220707 0.968752 0.218751 0.970701 0.216795 0.970701 0.216795 0.976563 0.218751 0.976563 0.220707 0.978517 0.226563 0.978517 0.228519 0.980471 0.234377 0.980471 0.236332 0.98242 0.240233 0.978517 0.242188 0.978517 0.242188 0.974609 0.240233 0.974609 0.236332 0.970701 0.222651 0.970701
0 0.933594 0.595701 0.931638 0.597655 0.925781 0.597655 0.923825 0.599609 0.917968 0.599609 0.914067 0.603517 0.914067 0.609374 0.916013 0.609374 0.919924 0.613281 0.921881 0.611328 0.923825 0.611328 0.925781 0.609374 0.929692 0.609374 0.931638 0.60742 0.93945 0.60742 0.941406 0.60547 0.941406 0.603517 0.943362 0.601563 0.941406 0.599609 0.941406 0.597655 0.93945 0.595701
0 0.398442 0.33789 0.396486 0.339844 0.39453 0.339844 0.39453 0.341798 0.392574 0.343751 0.392574 0.347655 0.39453 0.347655 0.396486 0.349609 0.410156 0.349609 0.412111 0.351563 0.425781 0.351563 0.427737 0.353517 0.427737 0.351563 0.429693 0.349609 0.429693 0.345701 0.425781 0.341798 0.414067 0.341798 0.412111 0.339844 0.400388 0.339844
0 0.136724 0.933595 0.132812 0.937499 0.132812 0.951171 0.136724 0.955079 0.138668 0.953125 0.14258 0.953125 0.14258 0.937499 0.140624 0.935549 0.140624 0.933595
1 0.181643 0.414061 0.181643 0.419922 0.179688 0.421876 0.179688 0.425779 0.1875 0.425779 0.189456 0.427733 0.195313 0.427733 0.197268 0.429687 0.205082 0.429687 0.207026 0.431641 0.214839 0.431641 0.216795 0.433595 0.224607 0.433595 0.226563 0.435549 0.23242 0.435549 0.234377 0.437498 0.242188 0.437498 0.244145 0.439452 0.24609 0.437498 0.250002 0.437498 0.250002 0.435549 0.251957 0.433595 0.251957 0.431641 0.253902 0.429687 0.253902 0.427733 0.251957 0.427733 0.250002 0.425779 0.248045 0.425779 0.24609 0.42383 0.234377 0.42383 0.23242 0.421876 0.222651 0.421876 0.220707 0.419922 0.208982 0.419922 0.207026 0.417968 0.197268 0.417968 0.195313 0.416014 0.183588 0.416014
0 0.773439 0.873047 0.771483 0.875 0.767583 0.875 0.767583 0.876954 0.765627 0.878908 0.765627 0.880858 0.767583 0.882812 0.767583 0.884766 0.769527 0.884766 0.773439 0.888674 0.775395 0.888674 0.77734 0.890623 0.781252 0.890623 0.783208 0.892577 0.785153 0.890623 0.789064 0.890623 0.789064 0.888674 0.79102 0.886719 0.785153 0.880858 0.783208 0.880858 0.779296 0.876954 0.77734 0.876954
0 0.519533 0.400392 0.517577 0.402342 0.515621 0.402342 0.513677 0.404296 0.513677 0.417968 0.515621 0.419922 0.515621 0.421876 0.521489 0.421876 0.523434 0.419922 0.523434 0.404296
0 0.871092 0.90625 0.869136 0.908203 0.865235 0.908203 0.863279 0.910157 0.863279 0.912111 0.861323 0.914061 0.861323 0.916014 0.859379 0.917968 0.859379 0.919922 0.857423 0.921876 0.857423 0.92383 0.855467 0.92578 0.855467 0.929687 0.853511 0.931641 0.853511 0.933595 0.855467 0.935549 0.855467 0.937499 0.859379 0.937499 0.861323 0.939452 0.865235 0.935549 0.867191 0.935549 0.867191 0.933595 0.869136 0.931641 0.869136 0.929687 0.871092 0.927733 0.871092 0.92578 0.873048 0.92383 0.873048 0.921876 0.875004 0.919922 0.875004 0.914061 0.873048 0.912111 0.873048 0.910157 0.871092 0.908203
0 0.005864 0.902342 0.003908 0.904296 0.003908 0.908203 0.001952 0.910157 0.001952 0.916014 0 0.917968 0 0.92383 0 0.92578 0 0.929687 0 0.929687 0.001952 0.931641 0.005864 0.931641 0.007809 0.933595 0.009765 0.933595 0.011721 0.935549 0.011721 0.929687 0.013677 0.927733 0.013677 0.917968 0.015622 0.916014 0.015622 0.90625 0.011721 0.902342
13 0.515621 0.773438 0.515621 0.777342 0.513677 0.779296 0.513677 0.785157 0.511721 0.787111 0.511721 0.792968 0.509765 0.794922 0.509765 0.800779 0.507809 0.802733 0.507809 0.808595 0.505863 0.810549 0.505863 0.816406 0.503908 0.81836 0.503908 0.824217 0.501952 0.826171 0.501952 0.832033 0.499996 0.833982 0.499996 0.839844 0.498052 0.841798 0.498052 0.847655 0.496095 0.849609 0.496095 0.855471 0.49414 0.85742 0.49414 0.863282 0.492184 0.865236 0.492184 0.871093 0.490238 0.873047 0.490238 0.875 0.496095 0.875 0.498052 0.876954 0.501952 0.876954 0.503908 0.878908 0.509765 0.878908 0.511721 0.880858 0.515621 0.880858 0.517577 0.882812 0.523434 0.882812 0.52539 0.884766 0.529302 0.884766 0.531247 0.886719 0.537114 0.886719 0.539059 0.888674 0.542972 0.888674 0.544927 0.890623 0.544927 0.888674 0.546872 0.886719 0.546872 0.880858 0.548828 0.878908 0.548828 0.873047 0.550784 0.871093 0.550784 0.865236 0.55274 0.863282 0.55274 0.85742 0.554685 0.855471 0.554685 0.849609 0.556641 0.847655 0.556641 0.841798 0.558597 0.839844 0.558597 0.833982 0.560552 0.832033 0.560552 0.826171 0.562497 0.824217 0.562497 0.81836 0.564453 0.816406 0.564453 0.810549 0.566409 0.808595 0.566409 0.802733 0.568354 0.800779 0.568354 0.794922 0.570311 0.792968 0.570311 0.791014 0.566409 0.791014 0.564453 0.789061 0.560552 0.789061 0.558597 0.787111 0.554685 0.787111 0.55274 0.785157 0.548828 0.785157 0.546872 0.783203 0.541016 0.783203 0.539059 0.78125 0.535158 0.78125 0.533202 0.779296 0.529302 0.779296 0.527346 0.777342 0.523434 0.777342 0.521489 0.775392 0.517577 0.775392