0 0.5 0.083988 0.5 0.085939 0.49805 0.087891 0.49805 0.089842 0.496089 0.091794 0.496089 0.093755 0.494139 0.095706 0.494139 0.101561 0.492189 0.103512 0.492189 0.107424 0.494139 0.107424 0.49805 0.111327 0.5 0.111327 0.50391 0.11523 0.50586 0.11523 0.507811 0.117191 0.509761 0.11523 0.541015 0.11523 0.544925 0.111327 0.546875 0.111327 0.548826 0.109375 0.548826 0.107424 0.550786 0.105473 0.550786 0.103512 0.552736 0.101561 0.552736 0.097658 0.550786 0.095706 0.550786 0.091794 0.544925 0.085939 0.539064 0.085939 0.537114 0.083988
0 0.816407 0.904298 0.810546 0.910152 0.810546 0.917968 0.812496 0.919919 0.812496 0.93555 0.814456 0.937501 0.814456 0.958986 0.816407 0.960937 0.816407 0.974607 0.820317 0.978519 0.820317 0.980471 0.822267 0.982422 0.835938 0.982422 0.837889 0.980471 0.837889 0.978519 0.839839 0.976558 0.839839 0.947268 0.841799 0.945317 0.841799 0.912113 0.839839 0.910152 0.839839 0.904298
0 0.130857 0.84961 0.130857 0.855464 0.132817 0.857426 0.132817 0.867192 0.134768 0.869143 0.134768 0.880862 0.136718 0.882813 0.136718 0.89258 0.138668 0.894531 0.138668 0.900395 0.148439 0.900395 0.150389 0.902347 0.16016 0.902347 0.162111 0.904298 0.162111 0.898434 0.16016 0.896483 0.16016 0.886716 0.1582 0.884765 0.1582 0.873046 0.15625 0.871095 0.15625 0.861328 0.1543 0.859377 0.1543 0.853513 0.144529 0.853513 0.142579 0.851562 0.132817 0.851562
0 0.878904 0.687498 0.878904 0.695313 0.880864 0.697264 0.880864 0.710934 0.882814 0.712895 0.882814 0.726564 0.884764 0.728516 0.884764 0.742186 0.886714 0.744137 0.886714 0.751952 0.914058 0.751952 0.914058 0.742186 0.912107 0.740234 0.912107 0.720701 0.910157 0.718749 0.910157 0.699215 0.908207 0.697264 0.908207 0.687498
0 0.0625 0.843746 0.0625 0.847659 0.06445 0.84961 0.06445 0.857426 0.06641 0.859377 0.06641 0.867192 0.06836 0.869143 0.06836 0.874998 0.070311 0.876949 0.070311 0.884765 0.07227 0.886716 0.07227 0.894531 0.074221 0.896483 0.074221 0.900395 0.093753 0.900395 0.093753 0.886716 0.091793 0.884765 0.091793 0.859377 0.089843 0.857426 0.089843 0.843746
0 0.785153 0.73437 0.785153 0.781252 0.787113 0.781252 0.789063 0.783204 0.791014 0.783204 0.792973 0.785155 0.794924 0.785155 0.796875 0.787107 0.798824 0.787107 0.800785 0.789058 0.800785 0.783204 0.802734 0.781252 0.802734 0.771486 0.804685 0.769534 0.804685 0.759768 0.806644 0.757816 0.806644 0.74805 0.808595 0.746098 0.808595 0.740234 0.802734 0.740234 0.800785 0.738283 0.794924 0.738283 0.792973 0.736331 0.787113 0.736331
0 0.941411 0.654294 0.93555 0.660158 0.93555 0.664061 0.9375 0.666013 0.9375 0.671876 0.955082 0.689449 0.955082 0.69141 0.972654 0.708982 0.986326 0.708982 0.988286 0.707031 0.988286 0.70508 0.990237 0.703128 0.990237 0.697264 0.988286 0.695313 0.988286 0.689449 0.980466 0.681643 0.980466 0.679692 0.966794 0.666013 0.966794 0.664061 0.958983 0.656246 0.953122 0.656246 0.951172 0.654294
0 0.621094 0.087891 0.619143 0.089842 0.617184 0.089842 0.613283 0.093755 0.611332 0.093755 0.611332 0.095706 0.609373 0.097658 0.609373 0.099609 0.607422 0.101561 0.607422 0.117191 0.611332 0.121094 0.615233 0.121094 0.617184 0.123045 0.619143 0.123045 0.621094 0.124997 0.666018 0.124997 0.667969 0.123045 0.669919 0.123045 0.671879 0.121094 0.67383 0.121094 0.67383 0.119143 0.67578 0.117191 0.67578 0.11523 0.677731 0.113278 0.677731 0.111327 0.67969 0.109375 0.67969 0.107424 0.681641 0.105473 0.681641 0.103512 0.67969 0.101561 0.67969 0.099609 0.677731 0.097658 0.677731 0.095706 0.67578 0.093755 0.67383 0.093755 0.669919 0.089842 0.623044 0.089842
0 0.783202 0.798825 0.781252 0.800786 0.775392 0.800786 0.773441 0.802737 0.765621 0.802737 0.765621 0.816407 0.76367 0.818358 0.76367 0.843746 0.76172 0.845707 0.76172 0.859377 0.76367 0.859377 0.767581 0.86328 0.769531 0.86328 0.773441 0.867192 0.783202 0.867192 0.787113 0.86328 0.789063 0.86328 0.789063 0.859377 0.791014 0.857426 0.791014 0.847659 0.792973 0.845707 0.792973 0.837892 0.794924 0.83594 0.794924 0.828125 0.796875 0.826174 0.796875 0.816407 0.798824 0.814456 0.798824 0.810543 0.796875 0.808591 0.796875 0.80664 0.794924 0.804689 0.794924 0.802737 0.792973 0.800786 0.785153 0.800786
0 0.222658 0.931637 0.220707 0.933598 0.216797 0.933598 0.214847 0.93555 0.212887 0.93555 0.210937 0.937501 0.207036 0.937501 0.207036 0.941404 0.205076 0.943356 0.205076 0.947268 0.207036 0.949219 0.207036 0.95117 0.210937 0.955073 0.212887 0.955073 0.218748 0.960937 0.222658 0.960937 0.224608 0.962889 0.230469 0.962889 0.232419 0.96484 0.236329 0.96484 0.23828 0.966802 0.24219 0.966802 0.24414 0.968753 0.248051 0.968753 0.250001 0.970705 0.255862 0.970705 0.257812 0.972656 0.261722 0.972656 0.263672 0.974607 0.265623 0.972656 0.267583 0.972656 0.269533 0.970705 0.271483 0.970705 0.273434 0.968753 0.275394 0.968753 0.275394 0.96484 0.277344 0.962889 0.277344 0.949219 0.275394 0.949219 0.271483 0.945317 0.269533 0.945317 0.267583 0.943356 0.261722 0.943356 0.259762 0.941404 0.253901 0.941404 0.251951 0.939453 0.246091 0.939453 0.24414 0.937501 0.24023 0.937501 0.23828 0.93555 0.232419 0.93555 0.230469 0.933598 0.224608 0.933598
0 0.943361 0.794922 0.943361 0.796874 0.945312 0.798825 0.945312 0.800786 0.947262 0.802737 0.947262 0.804689 0.949222 0.80664 0.949222 0.810543 0.951172 0.812504 0.951172 0.814456 0.953122 0.816407 0.953122 0.82031 0.955082 0.822261 0.955082 0.824223 0.957032 0.826174 0.957032 0.828125 0.958983 0.830077 0.958983 0.833989 0.960933 0.83594 0.960933 0.837892 0.962893 0.839843 0.962893 0.843746 0.964844 0.845707 0.964844 0.847659 0.966794 0.84961 0.966794 0.851562 0.968754 0.853513 0.968754 0.855464 0.970704 0.853513 0.982425 0.853513 0.982425 0.851562 0.980466 0.84961 0.980466 0.843746 0.978515 0.841794 0.978515 0.83594 0.976564 0.833989 0.976564 0.828125 0.974605 0.826174 0.974605 0.822261 0.972654 0.82031 0.972654 0.814456 0.970704 0.812504 0.970704 0.80664 0.968754 0.804689 0.968754 0.798825 0.966794 0.796874 0.966794 0.794922