0 0.800784 0.810553 0.79883 0.812507 0.771479 0.812507 0.769538 0.814447 0.767583 0.814447 0.765629 0.816401 0.763675 0.816401 0.763675 0.818355 0.761719 0.820308 0.761719 0.828123 0.763675 0.830077 0.765629 0.830077 0.769538 0.833984 0.771479 0.832031 0.804693 0.832031 0.810544 0.826169 0.810544 0.816401 0.808588 0.814447 0.808588 0.810553
0 0.607415 0.800783 0.605475 0.802737 0.601566 0.802737 0.599611 0.804691 0.599611 0.806644 0.597657 0.808599 0.597657 0.816401 0.601566 0.820308 0.601566 0.822262 0.60352 0.824216 0.605475 0.822262 0.640631 0.822262 0.642585 0.820308 0.642585 0.818355 0.644526 0.816401 0.644526 0.802737 0.642585 0.802737 0.640631 0.800783
0 0.94336 0.564456 0.941405 0.566411 0.939451 0.566411 0.937496 0.568364 0.935542 0.568364 0.933586 0.570318 0.929691 0.570318 0.927737 0.572271 0.925782 0.572271 0.923828 0.574225 0.921873 0.574225 0.917964 0.578119 0.917964 0.580073 0.916009 0.582027 0.916009 0.589842 0.917964 0.591796 0.917964 0.59375 0.919919 0.59375 0.921873 0.595703 0.923828 0.595703 0.925782 0.597657 0.927737 0.595703 0.929691 0.595703 0.931646 0.59375 0.933586 0.59375 0.935542 0.591796 0.937496 0.591796 0.939451 0.589842 0.94336 0.589842 0.945314 0.587888 0.947269 0.587888 0.949224 0.585935 0.951179 0.585935 0.953119 0.583981 0.953119 0.582027 0.957028 0.578119 0.957028 0.576166 0.955074 0.574225 0.955074 0.572271 0.953119 0.570318 0.953119 0.568364 0.951179 0.566411 0.951179 0.564456
0 0.808588 0.878908 0.806634 0.880862 0.79492 0.880862 0.792965 0.882816 0.781252 0.882816 0.779297 0.884769 0.777342 0.884769 0.775388 0.886723 0.773433 0.886723 0.773433 0.898432 0.779297 0.904294 0.814453 0.904294 0.816407 0.90234 0.816407 0.900386 0.820316 0.896479 0.820316 0.888677 0.818362 0.886723 0.818362 0.884769 0.816407 0.882816 0.816407 0.880862 0.810544 0.880862
0 0.921873 0.048831 0.919919 0.050785 0.917964 0.050785 0.917964 0.054693 0.916009 0.056646 0.916009 0.099604 0.919919 0.103511 0.923828 0.103511 0.925782 0.105465 0.931646 0.105465 0.939451 0.09765 0.939451 0.078125 0.937496 0.076171 0.937496 0.056646 0.935542 0.054693 0.935542 0.052739 0.933586 0.050785 0.929691 0.050785 0.927737 0.048831
0 1 0.4375 1 0.439454 1 0.439454 1 0.441408 1 0.441408 1 0.445315 0.998048 0.445315 0.996093 0.447269 0.994138 0.447269 0.990229 0.451177 0.990229 0.460933 0.992183 0.462887 0.996093 0.462887 0.998048 0.46484 1 0.462887 1 0.462887 1 0.460933 1 0.460933 1 0.458979 1 0.458979 1 0.457026 1 0.457026 1 0.455084 1 0.455084 1 0.453131 1 0.453131 1 0.451177 1 0.449223 1 0.439454 1 0.439454 1 0.4375
0 0.249998 0.023433 0.246089 0.02734 0.244134 0.02734 0.244134 0.031248 0.242194 0.033201 0.242194 0.041017 0.246089 0.044924 0.251953 0.044924 0.253908 0.04297 0.275395 0.04297 0.277349 0.041017 0.283199 0.041017 0.283199 0.029294 0.281245 0.02734 0.281245 0.023433
0 0.640631 0.94531 0.638676 0.947264 0.628902 0.947264 0.626947 0.949217 0.615234 0.949217 0.615234 0.951171 0.61328 0.953125 0.61328 0.955079 0.611324 0.957032 0.611324 0.966802 0.615234 0.970709 0.617189 0.968756 0.630857 0.968756 0.632812 0.966802 0.648435 0.966802 0.650389 0.964848 0.650389 0.962894 0.654298 0.958987 0.654298 0.957032 0.652344 0.955079 0.652344 0.953125 0.650389 0.951171 0.650389 0.949217 0.64648 0.94531
0 0.992183 0.394531 0.990229 0.396484 0.988274 0.396484 0.986334 0.398438 0.984379 0.398438 0.982425 0.400392 0.98047 0.400392 0.978516 0.402346 0.974606 0.402346 0.972651 0.404299 0.970697 0.404299 0.968756 0.406253 0.966802 0.406253 0.964847 0.408207 0.962893 0.408207 0.962893 0.410161 0.960938 0.412115 0.960938 0.419917 0.962893 0.421871 0.962893 0.423824 0.964847 0.423824 0.966802 0.425778 0.972651 0.425778 0.974606 0.423824 0.97656 0.423824 0.978516 0.421871 0.982425 0.421871 0.984379 0.419917 0.986334 0.419917 0.988274 0.417963 0.992183 0.417963 0.994138 0.416009 0.996093 0.416009 0.998048 0.414069 1 0.414069 1 0.412115 1 0.410161 1 0.408207 1 0.406253 1 0.404299 1 0.402346 1 0.400392 1 0.398438 1 0.398438 0.998048 0.396484 0.994138 0.396484
0 0.892582 0.427732 0.890627 0.429686 0.888673 0.429686 0.886717 0.431639 0.884763 0.431639 0.882808 0.433593 0.880854 0.433593 0.878913 0.435547 0.876959 0.435547 0.875004 0.4375 0.87305 0.4375 0.871095 0.439454 0.86914 0.439454 0.867185 0.441408 0.865231 0.441408 0.865231 0.443362 0.863276 0.445315 0.863276 0.447269 0.861321 0.449223 0.861321 0.451177 0.863276 0.453131 0.863276 0.455084 0.865231 0.457026 0.865231 0.458979 0.86914 0.458979 0.871095 0.460933 0.87305 0.458979 0.875004 0.458979 0.876959 0.457026 0.878913 0.457026 0.880854 0.455084 0.882808 0.455084 0.884763 0.453131 0.888673 0.453131 0.890627 0.451177 0.892582 0.451177 0.894536 0.449223 0.896492 0.449223 0.898431 0.447269 0.900386 0.447269 0.900386 0.445315 0.90234 0.443362 0.90234 0.441408 0.904295 0.439454 0.904295 0.435547 0.90234 0.433593 0.90234 0.429686 0.898431 0.429686 0.896492 0.427732
0 0.636721 0.824216 0.634766 0.826169 0.607415 0.826169 0.607415 0.828123 0.60352 0.832031 0.601566 0.832031 0.601566 0.837892 0.60352 0.839846 0.60352 0.8418 0.605475 0.843753 0.605475 0.845707 0.634766 0.845707 0.638676 0.8418 0.640631 0.8418 0.642585 0.839846 0.642585 0.837892 0.644526 0.835938 0.644526 0.828123 0.642585 0.828123 0.640631 0.826169 0.638676 0.826169
1 0.867185 0.041017 0.865231 0.04297 0.861321 0.04297 0.861321 0.046878 0.859381 0.048831 0.859381 0.068357 0.861321 0.07031 0.861321 0.080079 0.863276 0.082033 0.863276 0.093755 0.865231 0.095709 0.865231 0.107419 0.867185 0.109373 0.867185 0.119141 0.86914 0.121095 0.86914 0.132818 0.871095 0.134771 0.871095 0.146481 0.87305 0.148434 0.87305 0.158204 0.875004 0.160158 0.875004 0.166019 0.876959 0.164065 0.898431 0.164065 0.898431 0.15625 0.896492 0.154296 0.896492 0.140619 0.894536 0.138666 0.894536 0.123049 0.892582 0.121095 0.892582 0.107419 0.890627 0.105465 0.890627 0.091801 0.888673 0.089848 0.888673 0.074218 0.886717 0.072264 0.886717 0.058588 0.884763 0.056646 0.884763 0.048831 0.878913 0.04297 0.876959 0.04297 0.875004 0.041017
0 0.90625 0.253911 0.904295 0.255866 0.898431 0.255866 0.898431 0.257806 0.896492 0.25976 0.896492 0.261714 0.894536 0.263668 0.894536 0.267575 0.896492 0.269529 0.896492 0.277344 0.898431 0.279298 0.898431 0.289066 0.900386 0.29102 0.900386 0.294928 0.90234 0.294928 0.90625 0.298823 0.912114 0.298823 0.916009 0.294928 0.917964 0.294928 0.917964 0.29102 0.919919 0.289066 0.919919 0.281251 0.917964 0.279298 0.917964 0.273437 0.916009 0.271483 0.916009 0.265622 0.914069 0.263668 0.914069 0.25976 0.912114 0.257806 0.910159 0.257806
0 0.818362 0.925786 0.816407 0.92774 0.800784 0.92774 0.79883 0.929693 0.783207 0.929693 0.779297 0.933588 0.777342 0.933588 0.777342 0.935541 0.775388 0.937495 0.775388 0.939448 0.773433 0.941402 0.773433 0.947264 0.775388 0.949217 0.777342 0.949217 0.781252 0.953125 0.783207 0.951171 0.818362 0.951171 0.826166 0.943356 0.826166 0.933588 0.824226 0.931647 0.824226 0.929693 0.822271 0.929693
0 0.716791 0.884769 0.716791 0.888677 0.71485 0.890631 0.71485 0.896479 0.712895 0.898432 0.712895 0.90234 0.71485 0.904294 0.71485 0.906248 0.716791 0.906248 0.720701 0.910156 0.722655 0.908202 0.75781 0.908202 0.759765 0.906248 0.761719 0.906248 0.765629 0.90234 0.767583 0.90234 0.767583 0.892584 0.765629 0.890631 0.765629 0.888677 0.763675 0.886723 0.75781 0.886723 0.755856 0.884769
0 0.806634 0.853509 0.804693 0.855463 0.792965 0.855463 0.791011 0.857417 0.777342 0.857417 0.773433 0.861324 0.771479 0.861324 0.769538 0.863278 0.769538 0.873047 0.771479 0.875001 0.771479 0.876955 0.773433 0.878908 0.775388 0.876955 0.808588 0.876955 0.810544 0.875001 0.810544 0.873047 0.812498 0.871093 0.812498 0.86914 0.814453 0.867186 0.814453 0.863278 0.812498 0.861324 0.812498 0.857417 0.810544 0.857417
0 0.90234 0.474609 0.898431 0.478517 0.896492 0.478517 0.892582 0.482424 0.890627 0.482424 0.886717 0.486331 0.884763 0.486331 0.884763 0.488286 0.882808 0.490239 0.882808 0.494147 0.884763 0.496087 0.884763 0.501949 0.886717 0.501949 0.890627 0.505857 0.894536 0.505857 0.896492 0.503903 0.898431 0.503903 0.900386 0.501949 0.90234 0.501949 0.904295 0.499995 0.90625 0.499995 0.908205 0.498041 0.910159 0.498041 0.912114 0.496087 0.914069 0.496087 0.917964 0.492193 0.919919 0.492193 0.919919 0.484378 0.917964 0.482424 0.917964 0.480471 0.916009 0.478517 0.914069 0.478517 0.910159 0.474609
0 0.787115 0.990233 0.783207 0.994141 0.781252 0.994141 0.779297 0.996095 0.779297 1 0.777342 1 0.777342 1 0.779297 1 0.781252 1 0.783207 1 0.785161 1 0.787115 1 0.789056 1 0.802739 1 0.804693 1 0.818362 1 0.820316 1 0.828121 1 0.828121 1 0.830076 1 0.830076 1 0.828121 0.998049 0.828121 0.996095 0.826166 0.994141 0.818362 0.994141 0.816407 0.992188 0.789056 0.992188
0 1 0.457026 1 0.458979 1 0.458979 1 0.460933 1 0.460933 1 0.462887 1 0.462887 1 0.46484 1 0.46484 1 0.466794 1 0.466794 1 0.468748 1 0.470702 0.998048 0.472655 0.998048 0.478517 1 0.482424 1 0.482424 1 0.484378 1 0.482424 1 0.482424 1 0.480471 1 0.480471 1 0.478517 1 0.478517 1 0.476563 1 0.476563 1 0.474609 1 0.474609 1 0.472655 1 0.470702 1 0.462887 1 0.460933 1 0.458979 1 0.457026