0 0.931636 0.224608 0.929683 0.226561 0.929683 0.236331 0.931636 0.238283 0.931636 0.242188 0.933588 0.24414 0.933588 0.246092 0.93554 0.248045 0.93554 0.249997 0.941412 0.249997 0.945317 0.246092 0.945317 0.240235 0.943364 0.238283 0.943364 0.236331 0.941412 0.234378 0.941412 0.230465 0.939459 0.228513 0.939459 0.226561 0.937492 0.226561 0.93554 0.224608
0 0.984382 0.626953 0.982415 0.628905 0.984382 0.630858 0.984382 0.634762 0.986335 0.636723 0.986335 0.638675 0.988287 0.638675 0.99024 0.640628 0.992191 0.640628 0.994144 0.64258 0.996097 0.64258 0.99805 0.644532 1 0.644532 1 0.646484 1 0.646484 1 0.648437 1 0.646484 1 0.644532 1 0.638675 1 0.638675 1 0.634762 1 0.634762 1 0.630858 0.99805 0.630858 0.994144 0.626953
0 0.435553 0.218751 0.433586 0.220704 0.42773 0.220704 0.42773 0.222656 0.425776 0.224608 0.42773 0.226561 0.42773 0.228513 0.462889 0.228513 0.464842 0.226561 0.468746 0.226561 0.468746 0.224608 0.470698 0.222656 0.468746 0.222656 0.464842 0.218751
0 0.859378 0.320314 0.857426 0.322266 0.857426 0.326171 0.855473 0.328123 0.855473 0.34375 0.861331 0.349607 0.865235 0.349607 0.865235 0.347655 0.867188 0.345702 0.867188 0.34375 0.869141 0.341798 0.869141 0.326171 0.867188 0.324218 0.867188 0.322266 0.865235 0.322266 0.863283 0.320314
9 0.798821 0.394535 0.798821 0.396488 0.796868 0.39844 0.796868 0.400392 0.794916 0.402345 0.794916 0.410154 0.792963 0.412106 0.792963 0.425781 0.791012 0.427733 0.791012 0.439455 0.78906 0.441408 0.78906 0.451169 0.792963 0.455082 0.800788 0.455082 0.800788 0.453121 0.806646 0.447265 0.806646 0.437503 0.808599 0.435551 0.808599 0.417971 0.810551 0.416019 0.810551 0.400392 0.808599 0.39844 0.808599 0.396488 0.806646 0.396488 0.804693 0.394535
9 0.800788 0.310544 0.800788 0.312496 0.798821 0.314457 0.798821 0.316409 0.796868 0.318361 0.796868 0.322266 0.794916 0.324218 0.794916 0.337893 0.792963 0.339845 0.792963 0.361329 0.791012 0.363281 0.791012 0.380861 0.794916 0.380861 0.796868 0.382813 0.804693 0.382813 0.804693 0.380861 0.806646 0.378908 0.806646 0.376956 0.808599 0.375004 0.808599 0.371091 0.810551 0.369138 0.810551 0.318361 0.808599 0.316409 0.808599 0.312496 0.806646 0.312496 0.804693 0.310544
0 0.693357 0.123046 0.693357 0.124998 0.691404 0.126951 0.691404 0.132816 0.693357 0.134768 0.693357 0.136721 0.722658 0.136721 0.726563 0.132816 0.728517 0.132816 0.728517 0.124998 0.726563 0.124998 0.724611 0.123046
0 0.714849 0.216799 0.712896 0.218751 0.707025 0.218751 0.707025 0.224608 0.710944 0.224608 0.712896 0.226561 0.742184 0.226561 0.744137 0.224608 0.746089 0.224608 0.746089 0.220704 0.744137 0.220704 0.742184 0.218751 0.716802 0.218751
1 0.353519 0.126951 0.351566 0.128903 0.27539 0.128903 0.271484 0.132816 0.269533 0.132816 0.26758 0.134768 0.26758 0.138673 0.269533 0.140625 0.269533 0.142578 0.27539 0.142578 0.277343 0.14453 0.349614 0.14453 0.351566 0.142578 0.357425 0.142578 0.357425 0.140625 0.359377 0.138673 0.359377 0.130855 0.357425 0.130855
1 0.572272 0.123046 0.568354 0.126951 0.566401 0.126951 0.562495 0.130855 0.562495 0.138673 0.564448 0.140625 0.570306 0.140625 0.572272 0.142578 0.574225 0.140625 0.64453 0.140625 0.648435 0.136721 0.650387 0.136721 0.650387 0.134768 0.65234 0.132816 0.65234 0.124998 0.650387 0.123046
1 0.041017 0.130855 0.039063 0.132816 0.037111 0.132816 0.035159 0.134768 0.033207 0.134768 0.033207 0.14453 0.037111 0.148435 0.107416 0.148435 0.109368 0.150387 0.113288 0.146482 0.115241 0.146482 0.117193 0.14453 0.117193 0.132816 0.109368 0.132816 0.107416 0.130855
9 0.058589 0.316409 0.056637 0.318361 0.052732 0.318361 0.052732 0.320314 0.050779 0.322266 0.050779 0.34375 0.052732 0.345702 0.052732 0.359377 0.054684 0.359377 0.056637 0.361329 0.058589 0.359377 0.060542 0.359377 0.060542 0.357425 0.062494 0.355472 0.062494 0.34375 0.064447 0.341798 0.064447 0.322266
0 0.113288 0.222656 0.111321 0.224608 0.105464 0.224608 0.105464 0.232426 0.107416 0.232426 0.109368 0.234378 0.144528 0.234378 0.146481 0.232426 0.148434 0.232426 0.148434 0.228513 0.146481 0.228513 0.142576 0.224608 0.115241 0.224608
9 0.525397 0.982425 0.523431 0.984378 0.521479 0.984378 0.519526 0.98633 0.517573 0.98633 0.517573 0.988282 0.519526 0.990234 0.519526 0.994139 0.521479 0.996091 0.521479 0.999996 0.523431 1 0.523431 1 0.525397 1 0.525397 1 0.52735 1 0.52735 1 0.529303 1 0.533208 1 0.53516 1 0.541018 1 0.54297 1 0.546875 1 0.548828 1 0.55078 1 0.55078 1 0.548828 1 0.548828 1 0.546875 1 0.546875 0.992187 0.544923 0.990234 0.544923 0.98633 0.541018 0.982425
0 0.617194 0.216799 0.615228 0.218751 0.613275 0.218751 0.611322 0.220704 0.60937 0.220704 0.611322 0.222656 0.611322 0.224608 0.642577 0.224608 0.64453 0.226561 0.646482 0.224608 0.65234 0.224608 0.65234 0.220704 0.650387 0.220704 0.648435 0.218751 0.619147 0.218751
9 0.769534 0.667968 0.769534 0.669921 0.767581 0.671873 0.767581 0.673825 0.765629 0.675778 0.765629 0.677738 0.763676 0.679691 0.763676 0.685548 0.761724 0.6875 0.761724 0.691404 0.75977 0.693357 0.75977 0.699222 0.757818 0.701174 0.757818 0.705079 0.755866 0.707031 0.755866 0.712888 0.7539 0.714841 0.7539 0.718754 0.751947 0.720706 0.751947 0.726563 0.749994 0.728515 0.749994 0.734372 0.751947 0.736324 0.751947 0.740238 0.755866 0.744142 0.765629 0.744142 0.769534 0.740238 0.769534 0.738285 0.771486 0.736324 0.771486 0.73242 0.773439 0.730468 0.773439 0.724611 0.775391 0.722658 0.775391 0.716793 0.777344 0.714841 0.777344 0.708984 0.779296 0.707031 0.779296 0.701174 0.781249 0.699222 0.781249 0.693357 0.783201 0.691404 0.783201 0.685548 0.785154 0.683595 0.785154 0.673825 0.783201 0.671873 0.783201 0.669921 0.781249 0.667968
0 0.341789 0.218751 0.339838 0.220704 0.33398 0.220704 0.332027 0.222656 0.332027 0.228513 0.365234 0.228513 0.367187 0.230465 0.36914 0.228513 0.373045 0.228513 0.373045 0.222656 0.371092 0.222656 0.36914 0.220704 0.343757 0.220704
1 0.414062 0.121094 0.410156 0.124998 0.408204 0.124998 0.406252 0.126951 0.406252 0.128903 0.404299 0.130855 0.406252 0.132816 0.406252 0.134768 0.412109 0.140625 0.416014 0.140625 0.417966 0.142578 0.490238 0.142578 0.49219 0.14453 0.496096 0.140625 0.498049 0.140625 0.500001 0.138673 0.500001 0.136721 0.501954 0.134768 0.501954 0.126951 0.496096 0.121094
0 0.371092 0.128903 0.36914 0.130855 0.365234 0.130855 0.365234 0.138673 0.367187 0.140625 0.36914 0.138673 0.404299 0.138673 0.404299 0.132816 0.398441 0.132816 0.396489 0.130855 0.373045 0.130855
9 0.787107 0.384765 0.783201 0.38867 0.783201 0.392575 0.781249 0.394535 0.781249 0.400392 0.779296 0.402345 0.779296 0.410154 0.777344 0.412106 0.777344 0.419924 0.775391 0.421876 0.775391 0.429685 0.773439 0.431638 0.773439 0.439455 0.771486 0.441408 0.771486 0.451169 0.773439 0.451169 0.777344 0.455082 0.779296 0.453121 0.785154 0.453121 0.787107 0.451169 0.787107 0.441408 0.78906 0.439455 0.78906 0.427733 0.791012 0.425781 0.791012 0.412106 0.792963 0.410154 0.792963 0.402345 0.794916 0.400392 0.794916 0.39844 0.796868 0.396488 0.796868 0.394535 0.794916 0.392575 0.794916 0.38867 0.792963 0.386718 0.792963 0.384765
0 0.113288 0.08984 0.111321 0.091801 0.107416 0.091801 0.107416 0.093753 0.105464 0.095705 0.107416 0.097658 0.107416 0.09961 0.136719 0.09961 0.138671 0.101562 0.140624 0.09961 0.144528 0.09961 0.144528 0.097658 0.146481 0.095705 0.146481 0.093753 0.144528 0.091801 0.144528 0.08984
0 0.97851 0.365234 0.974605 0.369138 0.974605 0.373043 0.972652 0.375004 0.972652 0.378908 0.974605 0.380861 0.974605 0.386718 0.976558 0.38867 0.976558 0.392575 0.97851 0.394535 0.97851 0.396488 0.980463 0.39844 0.986335 0.39844 0.986335 0.396488 0.988287 0.394535 0.988287 0.38867 0.986335 0.386718 0.986335 0.376956 0.984382 0.375004 0.984382 0.369138 0.982415 0.369138
0 0.96289 0.24414 0.960938 0.246092 0.958984 0.246092 0.958984 0.249997 0.957032 0.251949 0.957032 0.25391 0.958984 0.255862 0.958984 0.257815 0.960938 0.259767 0.960938 0.261719 0.964843 0.265624 0.968748 0.265624 0.9707 0.263671 0.9707 0.25391 0.968748 0.251949 0.968748 0.246092 0.966795 0.24414
9 0.076176 0.861331 0.074224 0.863284 0.074224 0.865236 0.072271 0.867188 0.072271 0.878902 0.074224 0.880863 0.074224 0.892577 0.076176 0.894529 0.076176 0.906251 0.078129 0.908204 0.078129 0.919926 0.080081 0.921878 0.080081 0.93164 0.082034 0.933592 0.082034 0.937497 0.085939 0.94141 0.085939 0.943362 0.087892 0.945314 0.093748 0.945314 0.093748 0.943362 0.095701 0.94141 0.095701 0.939449 0.097653 0.937497 0.097653 0.93164 0.099607 0.929688 0.099607 0.910156 0.097653 0.908204 0.097653 0.882815 0.095701 0.880863 0.095701 0.867188 0.091796 0.863284 0.083986 0.863284 0.082034 0.861331
0 0.988287 0.335941 0.986335 0.337893 0.986335 0.347655 0.988287 0.349607 0.988287 0.353511 0.99024 0.355472 0.99024 0.357425 0.994144 0.361329 0.996097 0.359377 0.99805 0.359377 0.99805 0.357425 1 0.355472 1 0.353511 0.99805 0.351559 0.99805 0.345702 0.996097 0.34375 0.996097 0.339845 0.994144 0.339845 0.992191 0.337893 0.99024 0.337893
9 0.791012 0.457035 0.785154 0.462891 0.783201 0.462891 0.783201 0.464844 0.781249 0.466796 0.781249 0.468748 0.779296 0.470701 0.779296 0.472653 0.777344 0.474605 0.777344 0.478518 0.775391 0.480471 0.775391 0.482423 0.773439 0.484375 0.773439 0.48828 0.771486 0.490232 0.771486 0.494137 0.769534 0.496098 0.769534 0.49805 0.767581 0.500002 0.767581 0.507811 0.765629 0.509764 0.765629 0.517581 0.767581 0.519534 0.767581 0.523438 0.769534 0.525391 0.769534 0.527343 0.771486 0.529295 0.771486 0.531248 0.775391 0.531248 0.777344 0.5332 0.781249 0.5332 0.783201 0.535152 0.78906 0.535152 0.792963 0.531248 0.794916 0.531248 0.796868 0.529295 0.796868 0.527343 0.798821 0.525391 0.798821 0.523438 0.800788 0.521486 0.800788 0.507811 0.802741 0.505859 0.802741 0.492184 0.804693 0.490232 0.804693 0.482423 0.802741 0.480471 0.802741 0.474605 0.800788 0.472653 0.800788 0.466796 0.798821 0.464844 0.798821 0.462891 0.796868 0.460939 0.796868 0.458987 0.792963 0.458987
9 0.068366 0.714841 0.0664 0.716793 0.0664 0.718754 0.064447 0.720706 0.064447 0.722658 0.062494 0.724611 0.062494 0.728515 0.064447 0.730468 0.064447 0.759769 0.0664 0.759769 0.070319 0.763674 0.074224 0.763674 0.076176 0.765626 0.078129 0.763674 0.080081 0.763674 0.080081 0.761721 0.082034 0.759769 0.082034 0.724611 0.080081 0.722658 0.080081 0.720706 0.078129 0.718754 0.078129 0.716793 0.076176 0.716793 0.074224 0.714841
0 0.164067 0.222656 0.162116 0.224608 0.160163 0.224608 0.160163 0.232426 0.187498 0.232426 0.18945 0.234378 0.193356 0.230465 0.195309 0.230465 0.195309 0.224608 0.183593 0.224608 0.181641 0.222656
9 0.757818 0.753904 0.749994 0.761721 0.749994 0.763674 0.748042 0.765626 0.748042 0.767578 0.746089 0.769531 0.746089 0.775388 0.744137 0.77734 0.744137 0.783205 0.742184 0.785158 0.742184 0.792967 0.740232 0.794919 0.740232 0.800784 0.738279 0.802737 0.738279 0.808594 0.736327 0.810546 0.736327 0.822268 0.738279 0.824221 0.738279 0.826173 0.740232 0.828125 0.749994 0.828125 0.749994 0.826173 0.751947 0.824221 0.751947 0.820316 0.7539 0.818355 0.7539 0.812498 0.755866 0.810546 0.755866 0.806641 0.757818 0.804689 0.757818 0.798832 0.75977 0.796871 0.75977 0.791014 0.761724 0.789062 0.761724 0.785158 0.763676 0.783205 0.763676 0.77734 0.765629 0.775388 0.765629 0.757808 0.761724 0.753904
0 0.666022 0.214847 0.664069 0.216799 0.660151 0.216799 0.660151 0.218751 0.658197 0.220704 0.660151 0.222656 0.662103 0.222656 0.666022 0.226561 0.689452 0.226561 0.691404 0.224608 0.697262 0.224608 0.697262 0.218751 0.69531 0.218751 0.693357 0.216799 0.667974 0.216799
9 0.076176 0.779301 0.076176 0.781253 0.074224 0.783205 0.074224 0.78711 0.072271 0.789062 0.072271 0.792967 0.070319 0.794919 0.070319 0.798832 0.072271 0.800784 0.072271 0.812498 0.074224 0.814451 0.074224 0.824221 0.076176 0.826173 0.076176 0.835934 0.078129 0.837887 0.078129 0.845704 0.080081 0.847657 0.080081 0.849609 0.082034 0.851561 0.082034 0.853514 0.089844 0.853514 0.091796 0.855466 0.097653 0.855466 0.099607 0.853514 0.099607 0.851561 0.101559 0.849609 0.101559 0.847657 0.103512 0.845704 0.103512 0.839848 0.101559 0.837887 0.101559 0.830078 0.099607 0.828125 0.099607 0.820316 0.097653 0.818355 0.097653 0.810546 0.095701 0.808594 0.095701 0.800784 0.093748 0.798832 0.093748 0.794919 0.091796 0.792967 0.091796 0.791014 0.089844 0.789062 0.089844 0.78711 0.087892 0.785158 0.087892 0.783205 0.085939 0.783205 0.082034 0.779301
0 0.95508 0.294925 0.953128 0.296878 0.953128 0.308591 0.95508 0.310544 0.95508 0.316409 0.957032 0.318361 0.957032 0.322266 0.958984 0.324218 0.958984 0.326171 0.96289 0.326171 0.964843 0.328123 0.964843 0.326171 0.966795 0.324218 0.966795 0.29883 0.964843 0.29883 0.960938 0.294925
9 0.050779 0.650389 0.048827 0.652341 0.048827 0.654294 0.046874 0.656246 0.046874 0.693357 0.050779 0.69727 0.050779 0.699222 0.052732 0.701174 0.060542 0.701174 0.064447 0.69727 0.064447 0.677738 0.062494 0.675778 0.062494 0.656246 0.060542 0.654294 0.060542 0.652341 0.058589 0.650389
0 0.023443 0.08984 0.021491 0.091801 0.019525 0.091801 0.017571 0.093753 0.01562 0.093753 0.01562 0.097658 0.019525 0.101562 0.044922 0.101562 0.044922 0.095705 0.042969 0.093753 0.042969 0.091801 0.037111 0.091801 0.035159 0.08984
0 0.177736 0.130855 0.177736 0.140625 0.183593 0.140625 0.185546 0.142578 0.214848 0.142578 0.2168 0.140625 0.222657 0.140625 0.222657 0.138673 0.22461 0.136721 0.222657 0.134768 0.222657 0.132816 0.220705 0.132816 0.218752 0.130855
0 0.763676 0.115237 0.761724 0.117189 0.75977 0.117189 0.757818 0.119142 0.755866 0.119142 0.755866 0.123046 0.757818 0.123046 0.75977 0.124998 0.761724 0.124998 0.763676 0.126951 0.777344 0.126951 0.779296 0.124998 0.783201 0.124998 0.783201 0.123046 0.785154 0.121094 0.785154 0.117189 0.783201 0.117189 0.781249 0.115237
0 0.972652 0.291012 0.968748 0.294925 0.9707 0.296878 0.9707 0.302735 0.972652 0.304687 0.972652 0.310544 0.974605 0.312496 0.974605 0.316409 0.97851 0.320314 0.982415 0.320314 0.986335 0.316409 0.986335 0.310544 0.984382 0.308591 0.984382 0.304687 0.982415 0.302735 0.982415 0.296878 0.980463 0.294925 0.980463 0.292965 0.97851 0.292965 0.976558 0.291012
9 0.060542 0.431638 0.060542 0.43359 0.058589 0.435551 0.058589 0.437503 0.056637 0.439455 0.056637 0.476566 0.058589 0.478518 0.058589 0.480471 0.060542 0.482423 0.062494 0.480471 0.068366 0.480471 0.070319 0.478518 0.070319 0.470701 0.072271 0.468748 0.072271 0.457035 0.074224 0.455082 0.074224 0.445312 0.072271 0.44336 0.072271 0.439455 0.070319 0.437503 0.070319 0.435551 0.068366 0.43359 0.068366 0.431638
0 0.080081 0.173832 0.080081 0.175784 0.078129 0.177736 0.078129 0.179688 0.080081 0.179688 0.083986 0.183593 0.101559 0.183593 0.103512 0.185545 0.109368 0.185545 0.111321 0.183593 0.111321 0.181641 0.113288 0.179688 0.109368 0.175784 0.107416 0.175784 0.105464 0.173832
9 0.056637 0.492184 0.052732 0.496098 0.050779 0.496098 0.050779 0.523438 0.052732 0.523438 0.054684 0.525391 0.056637 0.525391 0.060542 0.529295 0.062494 0.527343 0.064447 0.527343 0.064447 0.503907 0.062494 0.501954 0.062494 0.500002 0.058589 0.496098 0.058589 0.494137
9 0.060542 0.371091 0.058589 0.373043 0.058589 0.378908 0.056637 0.380861 0.056637 0.400392 0.058589 0.402345 0.058589 0.425781 0.064447 0.425781 0.0664 0.423828 0.070319 0.423828 0.070319 0.400392 0.072271 0.39844 0.072271 0.376956 0.070319 0.375004 0.070319 0.371091
0 0.384759 0.218751 0.382807 0.220704 0.378901 0.220704 0.378901 0.226561 0.382807 0.226561 0.384759 0.228513 0.408204 0.228513 0.410156 0.230465 0.412109 0.228513 0.417966 0.228513 0.417966 0.224608 0.416014 0.224608 0.414062 0.222656 0.400393 0.222656 0.398441 0.220704 0.386712 0.220704
0 1 0.373043 0.996097 0.376956 0.996097 0.380861 0.994144 0.382813 0.994144 0.384765 0.996097 0.386718 0.996097 0.390622 0.99805 0.392575 0.99805 0.394535 1 0.396488 1 0.400392 1 0.402345 1 0.404297 1 0.404297 1 0.406249 1 0.406249 1 0.404297 1 0.404297 1 0.396488 1 0.394535 1 0.38867 1 0.386718 1 0.380861 1 0.378908 1 0.376956 1 0.376956 1 0.375004 1 0.375004
0 0.20899 0.222656 0.207038 0.224608 0.207038 0.232426 0.20899 0.234378 0.230468 0.234378 0.232421 0.232426 0.232421 0.230465 0.234372 0.228513 0.232421 0.226561 0.232421 0.224608 0.230468 0.222656
3 0.748042 0.960941 0.746089 0.962894 0.740232 0.962894 0.738279 0.964846 0.734374 0.964846 0.732422 0.966798 0.726563 0.966798 0.724611 0.968751 0.720707 0.968751 0.718755 0.970703 0.712896 0.970703 0.710944 0.972655 0.707025 0.972655 0.705071 0.974607 0.699215 0.974607 0.697262 0.97656 0.693357 0.97656 0.691404 0.978512 0.685547 0.978512 0.683595 0.980473 0.679689 0.980473 0.677737 0.982425 0.671879 0.982425 0.669927 0.984378 0.666022 0.984378 0.664069 0.98633 0.658197 0.98633 0.656245 0.988282 0.65234 0.988282 0.650387 0.990234 0.64453 0.990234 0.642577 0.992187 0.638672 0.992187 0.63672 0.994139 0.630862 0.994139 0.62891 0.996091 0.625005 0.996091 0.623053 0.998044 0.617194 0.998044 0.615228 0.999996 0.611322 0.999996 0.60937 1 0.603513 1 0.60156 1 0.597655 1 0.595702 1 0.589846 1 0.587893 1 0.583987 1 0.582035 1 0.576178 1 0.574225 1 0.570306 1 0.568354 1 0.562495 1 0.560543 1 0.556639 1 0.554686 1 0.548828 1 0.546875 1 0.54297 1 0.541018 1 0.53516 1 0.533208 1 0.529303 1 0.52735 1 0.521479 1 0.519526 1 0.515621 1 0.513668 1 0.507811 1 0.505857 1 0.501954 1 0.500001 1 0.494143 1 0.49219 1 0.488285 1 0.486334 1 0.480475 1 0.478509 1 0.474604 1 0.472651 1 0.466794 1 0.464842 1 0.460937 1 0.458983 1 0.453126 1 0.451173 1 0.447268 1 0.445316 1 0.439458 1 0.437506 1 0.433586 1 0.431634 1 0.425776 1 0.423824 1 0.417966 1 0.416014 1 0.412109 1 0.410156 1 0.404299 1 0.402347 1 0.398441 1 0.396489 1 0.390632 1 0.388679 1 0.384759 1 0.382807 1 0.376949 1 0.374997 1 0.371092 1 0.36914 1 0.363281 1 0.361329 1 0.357425 1 0.355472 1 0.349614 1 0.347661 1 0.343757 1 0.341789 1 0.335933 1 0.33398 1 0.330074 1 0.328122 1 0.322265 1 0.320312 1 0.316407 1 0.314454 1 0.308597 1 0.306644 1 0.30274 1 0.300787 1 0.294915 1 0.292962 1 0.289057 1 0.287105 1 0.281248 1 0.279295 1 0.27539 1 0.273438 1 0.26758 1 0.265628 1 0.261723 1 0.259769 1 0.253912 1 0.25196 1 0.248041 1 0.246088 1 0.240231 1 0.238277 1 0.234372 1 0.232421 1 0.226562 1 0.22461 1 0.220705 1 0.218752 1 0.212895 1 0.210943 1 0.207038 1 0.205085 1 0.199213 1 0.197261 1 0.193356 1 0.191403 1 0.185546 1 0.183593 1 0.179688 1 0.177736 1 0.171878 1 0.169926 1 0.16602 1 0.164067 1 0.158196 1 0.156244 1 0.152339 1 0.150386 1 0.144528 1 0.142576 1 0.138671 1 0.136719 1 0.13086 1 0.128908 1 0.125004 1 0.123051 1 0.117193 1 0.117193 1 0.119145 1 0.119145 1 0.121099 1 0.121099 1 0.123051 1 0.123051 1 0.125004 1 0.125004 1 0.126956 1 0.126956 1 0.128908 1 0.134766 1 0.136719 1 0.140624 1 0.142576 1 0.148434 1 0.150386 1 0.154291 1 0.156244 1 0.162116 1 0.164067 1 0.167973 1 0.169926 1 0.175783 1 0.177736 1 0.183593 1 0.185546 1 0.18945 1 0.191403 1 0.197261 1 0.199213 1 0.203118 1 0.205085 1 0.210943 1 0.212895 1 0.218752 1 0.220705 1 0.22461 1 0.226562 1 0.232421 1 0.234372 1 0.238277 1 0.240231 1 0.246088 1 0.248041 1 0.25196 1 0.253912 1 0.259769 1 0.261723 1 0.26758 1 0.269533 1 0.273438 1 0.27539 1 0.281248 1 0.2832 1 0.287105 1 0.289057 1 0.294915 1 0.296882 1 0.30274 1 0.304692 1 0.308597 1 0.310549 1 0.316407 1 0.318359 1 0.322265 1 0.324217 1 0.330074 1 0.332027 1 0.335933 1 0.337885 1 0.343757 1 0.345709 1 0.351566 1 0.353519 1 0.357425 1 0.359377 1 0.365234 1 0.367187 1 0.371092 1 0.373045 1 0.378901 1 0.380855 1 0.386712 1 0.388679 1 0.392584 1 0.394537 1 0.400393 1 0.402347 1 0.406252 1 0.408204 1 0.414062 1 0.416014 1 0.419919 1 0.421871 1 0.42773 1 0.429682 1 0.435553 1 0.437506 1 0.441411 1 0.443363 1 0.449222 1 0.451173 1 0.455078 1 0.457031 1 0.462889 1 0.464842 1 0.470698 1 0.472651 1 0.476557 1 0.478509 1 0.484381 1 0.486334 1 0.490238 1 0.49219 1 0.498049 1 0.500001 1 0.503906 1 0.505857 1 0.511716 1 0.513668 1 0.519526 1 0.521479 1 0.525397 1 0.52735 1 0.533208 1 0.53516 1 0.539065 1 0.541018 1 0.546875 1 0.548828 1 0.554686 1 0.556639 1 0.560543 1 0.562495 1 0.568354 1 0.570306 1 0.574225 1 0.576178 1 0.582035 1 0.583987 1 0.587893 1 0.589846 1 0.595702 1 0.597655 1 0.603513 1 0.605465 1 0.60937 1 0.611322 1 0.617194 1 0.619147 1 0.623053 1 0.625005 1 0.630862 1 0.632814 1 0.638672 1 0.640625 1 0.64453 1 0.646482 1 0.65234 1 0.654292 1 0.658197 1 0.660151 1 0.666022 1 0.667974 1 0.671879 1 0.673832 1 0.679689 1 0.681643 1 0.687499 1 0.689452 1 0.693357 1 0.69531 1 0.701167 1 0.703119 1 0.707025 1 0.708991 1 0.714849 1 0.716802 1 0.722658 1 0.724611 1 0.728517 1 0.730469 1 0.736327 1 0.738279 1 0.742184 1 0.744137 1 0.749994 1 0.751947 1 0.755866 1 0.757818 1 0.763676 1 0.763676 1 0.761724 0.999996 0.761724 0.996091 0.75977 0.994139 0.75977 0.992187 0.757818 0.990234 0.757818 0.98633 0.755866 0.984378 0.755866 0.980473 0.7539 0.978512 0.7539 0.974607 0.751947 0.972655 0.751947 0.970703 0.749994 0.968751 0.749994 0.964846 0.748042 0.962894
0 0.634767 0.1543 0.632814 0.156252 0.630862 0.156252 0.630862 0.158205 0.62891 0.160157 0.62891 0.162109 0.630862 0.164062 0.642577 0.164062 0.64453 0.166014 0.650387 0.166014 0.65234 0.167966 0.654292 0.166014 0.656245 0.166014 0.658197 0.164062 0.660151 0.164062 0.660151 0.156252 0.658197 0.1543
0 0.992191 0.427733 0.99024 0.429685 0.99024 0.43359 0.988287 0.435551 0.988287 0.441408 0.99024 0.44336 0.99024 0.445312 0.992191 0.447265 0.992191 0.449217 0.994144 0.451169 0.994144 0.453121 0.996097 0.455082 0.996097 0.457035 0.99805 0.457035 1 0.458987 1 0.457035 1 0.457035 1 0.455082 1 0.453121 1 0.451169 1 0.447265 1 0.445312 1 0.441408 1 0.439455 1 0.43359 1 0.431638 1 0.429685 1 0.429685 0.99805 0.427733
9 0.097653 0.980473 0.093748 0.984378 0.093748 0.98633 0.091796 0.988282 0.091796 0.994139 0.093748 0.996091 0.093748 1 0.095701 1 0.095701 1 0.097653 1 0.097653 1 0.099607 1 0.099607 1 0.101559 1 0.101559 1 0.103512 1 0.103512 1 0.105464 1 0.105464 1 0.109368 1 0.111321 1 0.113288 1 0.113288 1 0.115241 1 0.115241 1 0.113288 1 0.113288 0.98633 0.111321 0.984378 0.109368 0.984378 0.105464 0.980473
0 0.060542 0.085935 0.056637 0.08984 0.056637 0.097658 0.058589 0.097658 0.060542 0.09961 0.082034 0.09961 0.083986 0.097658 0.087892 0.097658 0.087892 0.093753 0.085939 0.093753 0.082034 0.08984 0.080081 0.08984 0.076176 0.085935
0 0.134766 0.130855 0.13086 0.134768 0.128908 0.134768 0.128908 0.136721 0.13086 0.138673 0.13086 0.140625 0.132813 0.142578 0.169926 0.142578 0.169926 0.140625 0.171878 0.138673 0.171878 0.136721 0.169926 0.134768 0.154291 0.134768 0.152339 0.132816 0.136719 0.132816
3 0.814456 0.039063 0.812503 0.041015 0.681643 0.041015 0.679689 0.042968 0.548828 0.042968 0.546875 0.04492 0.416014 0.04492 0.414062 0.046872 0.281248 0.046872 0.279295 0.048825 0.148434 0.048825 0.146481 0.050785 0.01562 0.050785 0.01562 0.091801 0.017571 0.091801 0.019525 0.08984 0.021491 0.08984 0.023443 0.087888 0.035159 0.087888 0.037111 0.08984 0.042969 0.08984 0.044922 0.091801 0.044922 0.093753 0.046874 0.095705 0.046874 0.101562 0.044922 0.103515 0.019525 0.103515 0.01562 0.09961 0.01562 0.101562 0.013667 0.103515 0.013667 0.205077 0.011715 0.207029 0.011715 0.257815 0.013667 0.255862 0.146481 0.255862 0.148434 0.25391 0.279295 0.25391 0.281248 0.251949 0.414062 0.251949 0.416014 0.249997 0.548828 0.249997 0.55078 0.248045 0.681643 0.248045 0.683595 0.246092 0.816408 0.246092 0.816408 0.14453 0.814456 0.142578