0 0.248045 0.09375 0.246092 0.095704 0.246092 0.097655 0.244139 0.099609 0.244139 0.101564 0.242186 0.103514 0.242186 0.107423 0.244139 0.109374 0.246092 0.109374 0.253904 0.101564 0.253904 0.09375
0 0.335939 0.095704 0.333986 0.097655 0.333986 0.099609 0.335939 0.099609 0.337892 0.101564 0.339845 0.101564 0.341798 0.103514 0.343751 0.103514 0.345704 0.105469 0.351563 0.105469 0.353516 0.103514 0.353516 0.099609 0.345704 0.099609 0.343751 0.097655 0.339845 0.097655 0.337892 0.095704
0 0.396482 0.111328 0.396482 0.113283 0.394529 0.115233 0.396482 0.117188 0.396482 0.119143 0.400393 0.123047 0.400393 0.124998 0.402346 0.126953 0.406252 0.126953 0.406252 0.121093 0.404299 0.119143 0.404299 0.117188 0.402346 0.115233 0.402346 0.113283 0.400393 0.111328
0 0.386717 0.115233 0.386717 0.121093 0.38867 0.123047 0.38867 0.124998 0.390623 0.126953 0.390623 0.128907 0.392576 0.130858 0.396482 0.130858 0.398435 0.128907 0.396482 0.126953 0.396482 0.124998 0.394529 0.123047 0.394529 0.119143 0.392576 0.117188 0.392576 0.115233
0 0.32617 0.177734 0.324217 0.179689 0.320311 0.179689 0.320311 0.18164 0.318358 0.183594 0.320311 0.185548 0.332033 0.185548 0.332033 0.183594 0.333986 0.18164 0.333986 0.179689 0.332033 0.177734
0 0.376952 0.130858 0.374999 0.132812 0.374999 0.134767 0.373046 0.136717 0.373046 0.140626 0.374999 0.142577 0.374999 0.148437 0.380858 0.148437 0.382812 0.146486 0.382812 0.140626 0.380858 0.138672 0.380858 0.132812 0.378905 0.132812
0 0.863281 0.708983 0.861328 0.710938 0.857422 0.710938 0.855469 0.712892 0.853516 0.712892 0.851563 0.714843 0.847657 0.714843 0.847657 0.718752 0.84961 0.716797 0.863281 0.716797
0 0.414064 0.101564 0.412111 0.103514 0.412111 0.105469 0.410158 0.107423 0.412111 0.109374 0.414064 0.109374 0.419923 0.115233 0.425782 0.115233 0.425782 0.111328 0.423829 0.109374 0.423829 0.107423 0.421876 0.107423 0.419923 0.105469 0.41797 0.105469
0 0.318358 0.058592 0.316405 0.060547 0.316405 0.062501 0.314452 0.064452 0.314452 0.066406 0.312499 0.068361 0.312499 0.070311 0.310546 0.072266 0.310546 0.076171 0.314452 0.08008 0.318358 0.08008 0.320311 0.078125 0.320311 0.070311 0.322264 0.068361 0.322264 0.060547 0.320311 0.058592
0 0.298828 0.08008 0.298828 0.082031 0.296875 0.083985 0.296875 0.089844 0.294922 0.091795 0.294922 0.095704 0.302734 0.095704 0.302734 0.089844 0.304687 0.08789 0.304687 0.082031 0.302734 0.08008
0 0.335939 0.083985 0.333986 0.085939 0.333986 0.089844 0.335939 0.089844 0.339845 0.09375 0.341798 0.09375 0.345704 0.097655 0.34961 0.097655 0.351563 0.095704 0.351563 0.091795 0.34961 0.091795 0.345704 0.08789 0.343751 0.08789 0.339845 0.083985
0 0.343751 0.07422 0.343751 0.076171 0.341798 0.078125 0.341798 0.08008 0.351563 0.089844 0.355469 0.089844 0.357422 0.08789 0.353516 0.083985 0.353516 0.082031 0.351563 0.08008 0.351563 0.078125 0.34961 0.076171 0.34961 0.07422
0 0.355469 0.136717 0.351563 0.140626 0.351563 0.142577 0.353516 0.144531 0.353516 0.146486 0.357422 0.150391 0.357422 0.152345 0.359375 0.154296 0.365234 0.154296 0.365234 0.146486 0.363281 0.144531 0.363281 0.140626 0.359375 0.136717
0 0.347657 0.146486 0.345704 0.148437 0.345704 0.150391 0.343751 0.152345 0.353516 0.16211 0.357422 0.16211 0.357422 0.160156 0.359375 0.158201 0.357422 0.156251 0.357422 0.154296 0.355469 0.152345 0.355469 0.150391 0.351563 0.146486
1 0.320311 0.154296 0.316405 0.158201 0.316405 0.160156 0.310546 0.166015 0.310546 0.16797 0.304687 0.173829 0.304687 0.17578 0.300781 0.179689 0.302734 0.18164 0.304687 0.18164 0.308593 0.185548 0.310546 0.183594 0.312499 0.183594 0.314452 0.18164 0.314452 0.179689 0.316405 0.177734 0.316405 0.17578 0.318358 0.173829 0.318358 0.171875 0.322264 0.16797 0.322264 0.166015 0.324217 0.164061 0.324217 0.16211 0.32617 0.160156 0.32617 0.156251 0.322264 0.156251
0 0.691408 0.775389 0.683592 0.783203 0.681639 0.783203 0.677732 0.787108 0.679686 0.789063 0.679686 0.791017 0.681639 0.789063 0.683592 0.789063 0.687502 0.785157 0.689455 0.785157 0.691408 0.783203 0.693361 0.783203 0.693361 0.781249 0.691408 0.779298
0 0.322264 0.111328 0.322264 0.115233 0.324217 0.117188 0.32617 0.117188 0.332033 0.123047 0.335939 0.123047 0.335939 0.119143 0.328127 0.111328
0 0.33008 0.103514 0.33008 0.109374 0.332033 0.109374 0.335939 0.113283 0.337892 0.113283 0.341798 0.117188 0.343751 0.117188 0.347657 0.113283 0.345704 0.111328 0.343751 0.111328 0.339845 0.107423 0.337892 0.107423 0.333986 0.103514