0 0.36914 0.525391 0.365231 0.529295 0.363282 0.529295 0.361334 0.531248 0.361334 0.535158 0.363282 0.53711 0.363282 0.539063 0.365231 0.539063 0.36914 0.542967 0.371088 0.542967 0.373048 0.54492 0.386723 0.54492 0.388671 0.546878 0.402346 0.546878 0.404294 0.54883 0.410151 0.542967 0.410151 0.541015 0.412111 0.539063 0.412111 0.535158 0.410151 0.533206 0.410151 0.531248 0.408202 0.531248 0.404294 0.527343 0.396489 0.527343 0.394528 0.525391
0 0.353517 0.41211 0.351569 0.414063 0.343751 0.414063 0.343751 0.416015 0.341803 0.417968 0.341803 0.41992 0.339842 0.421878 0.339842 0.427735 0.337894 0.429687 0.337894 0.441407 0.335933 0.443359 0.335933 0.453126 0.333985 0.455079 0.333985 0.462888 0.335933 0.464846 0.335933 0.468751 0.341803 0.468751 0.343751 0.470703 0.34766 0.470703 0.349608 0.472655 0.353517 0.472655 0.353517 0.468751 0.355465 0.466798 0.355465 0.460936 0.357425 0.458983 0.357425 0.453126 0.359374 0.451174 0.359374 0.445311 0.361334 0.443359 0.361334 0.437502 0.363282 0.435544 0.363282 0.429687 0.365231 0.427735 0.365231 0.417968 0.363282 0.417968 0.361334 0.416015 0.359374 0.416015 0.357425 0.414063 0.355465 0.414063
0 0.638672 0.572264 0.636724 0.574221 0.632815 0.574221 0.624998 0.582031 0.632815 0.589846 0.662112 0.589846 0.669918 0.582031 0.669918 0.578126 0.667969 0.576174 0.667969 0.574221 0.666021 0.572264
0 0.185551 0.435544 0.18359 0.437502 0.179694 0.437502 0.177733 0.439454 0.177733 0.449216 0.179694 0.449216 0.18359 0.453126 0.208978 0.453126 0.210939 0.455079 0.214848 0.451174 0.216796 0.451174 0.216796 0.449216 0.218744 0.447264 0.218744 0.445311 0.216796 0.443359 0.216796 0.441407 0.214848 0.439454 0.210939 0.439454 0.208978 0.437502 0.203121 0.437502 0.201173 0.435544
0 0.169928 0.626951 0.167967 0.628904 0.164058 0.628904 0.164058 0.630862 0.160162 0.634766 0.16211 0.636719 0.16211 0.638671 0.164058 0.640623 0.164058 0.642576 0.181642 0.642576 0.18359 0.644533 0.185551 0.644533 0.185551 0.642576 0.187499 0.640623 0.187499 0.628904 0.171876 0.628904
0 0.374996 0.546878 0.367191 0.554687 0.367191 0.560549 0.371088 0.564454 0.376957 0.564454 0.378905 0.566407 0.396489 0.566407 0.398437 0.568359 0.400385 0.566407 0.404294 0.566407 0.406254 0.564454 0.408202 0.564454 0.408202 0.562502 0.410151 0.560549 0.410151 0.552735 0.408202 0.550782 0.404294 0.550782 0.402346 0.54883 0.382813 0.54883 0.380853 0.546878
0 0.171876 0.675782 0.169928 0.677734 0.16211 0.677734 0.16211 0.681639 0.160162 0.683591 0.160162 0.685549 0.16211 0.687502 0.16211 0.689454 0.164058 0.691406 0.164058 0.693359 0.175785 0.693359 0.177733 0.695311 0.181642 0.695311 0.18359 0.693359 0.18359 0.691406 0.185551 0.689454 0.185551 0.687502 0.187499 0.685549 0.187499 0.681639 0.185551 0.679687 0.185551 0.677734 0.18359 0.675782
0 0.996097 0.341798 0.994136 0.343751 0.992188 0.343751 0.988278 0.347656 0.988278 0.353518 0.986331 0.35547 0.986331 0.365232 0.98437 0.36719 0.98437 0.373047 0.986331 0.374999 0.986331 0.376952 0.988278 0.378904 0.988278 0.380862 0.994136 0.380862 0.996097 0.378904 0.996097 0.376952 0.998045 0.374999 0.998045 0.373047 1 0.371095 1 0.365232 1 0.36328 1 0.345703 1 0.345703
0 0.767575 0.390624 0.767575 0.392576 0.765627 0.394534 0.765627 0.396486 0.763667 0.398439 0.763667 0.41211 0.761718 0.414063 0.761718 0.427735 0.763667 0.427735 0.765627 0.429687 0.767575 0.429687 0.769536 0.431639 0.771484 0.429687 0.773432 0.429687 0.773432 0.427735 0.775393 0.425782 0.775393 0.416015 0.77734 0.414063 0.77734 0.404296 0.779302 0.402343 0.779302 0.396486 0.77734 0.394534 0.773432 0.394534 0.771484 0.392576 0.769536 0.392576
0 0.378905 0.777343 0.376957 0.779295 0.363282 0.779295 0.361334 0.781247 0.355465 0.781247 0.351569 0.785158 0.351569 0.78711 0.349608 0.789062 0.349608 0.791015 0.351569 0.792967 0.351569 0.794919 0.353517 0.794919 0.355465 0.796877 0.386723 0.796877 0.388671 0.794919 0.390619 0.794919 0.39258 0.792967 0.39258 0.791015 0.394528 0.789062 0.394528 0.78711 0.39258 0.785158 0.39258 0.783205 0.390619 0.783205 0.386723 0.779295 0.380853 0.779295
0 0.146487 0.763671 0.144527 0.765623 0.144527 0.771486 0.142579 0.773438 0.142579 0.781247 0.144527 0.783205 0.144527 0.78711 0.177733 0.78711 0.177733 0.785158 0.179694 0.783205 0.179694 0.777343 0.181642 0.77539 0.181642 0.773438 0.179694 0.771486 0.179694 0.769533 0.177733 0.767575 0.177733 0.765623 0.175785 0.763671
0 0.367191 0.736327 0.363282 0.740237 0.359374 0.740237 0.355465 0.744142 0.355465 0.749999 0.357425 0.751951 0.357425 0.753909 0.359374 0.755861 0.384762 0.755861 0.386723 0.757814 0.388671 0.755861 0.394528 0.755861 0.394528 0.753909 0.396489 0.751951 0.396489 0.744142 0.39258 0.740237 0.380853 0.740237 0.378905 0.738279 0.36914 0.738279
0 0.193356 0.523438 0.191407 0.525391 0.177733 0.525391 0.175785 0.527343 0.173824 0.527343 0.173824 0.529295 0.171876 0.531248 0.171876 0.539063 0.173824 0.541015 0.173824 0.542967 0.175785 0.542967 0.177733 0.54492 0.179694 0.54492 0.181642 0.546878 0.208978 0.546878 0.210939 0.54492 0.214848 0.54492 0.216796 0.542967 0.216796 0.533206 0.214848 0.531248 0.214848 0.527343 0.212887 0.527343 0.210939 0.525391 0.195316 0.525391
0 0.181642 0.482423 0.179694 0.484375 0.179694 0.486327 0.177733 0.48828 0.177733 0.490232 0.175785 0.49219 0.175785 0.496094 0.177733 0.498047 0.177733 0.499999 0.18359 0.499999 0.185551 0.501952 0.187499 0.499999 0.220705 0.499999 0.220705 0.498047 0.222653 0.496094 0.222653 0.48828 0.220705 0.486327 0.220705 0.484375 0.218744 0.482423
0 0.746096 0.609375 0.744134 0.611327 0.742187 0.611327 0.740238 0.613279 0.738278 0.613279 0.73633 0.615232 0.73633 0.61719 0.734369 0.619142 0.734369 0.621094 0.73633 0.623047 0.73633 0.624999 0.738278 0.624999 0.740238 0.626951 0.750005 0.626951 0.751953 0.628904 0.761718 0.628904 0.763667 0.630862 0.767575 0.630862 0.769536 0.628904 0.773432 0.628904 0.775393 0.626951 0.775393 0.61719 0.771484 0.613279 0.75977 0.613279 0.757809 0.611327 0.748044 0.611327
0 0.150396 0.740237 0.148436 0.742189 0.146487 0.742189 0.140631 0.748046 0.140631 0.751951 0.142579 0.753909 0.142579 0.755861 0.144527 0.757814 0.146487 0.755861 0.169928 0.755861 0.171876 0.753909 0.171876 0.740237
0 0.738278 0.634766 0.73633 0.636719 0.73242 0.636719 0.730473 0.638671 0.730473 0.644533 0.73242 0.646486 0.734369 0.646486 0.738278 0.650391 0.763667 0.650391 0.765627 0.652343 0.769536 0.652343 0.771484 0.650391 0.773432 0.650391 0.773432 0.648438 0.775393 0.646486 0.775393 0.644533 0.773432 0.642576 0.773432 0.640623 0.771484 0.638671 0.771484 0.636719 0.765627 0.636719 0.763667 0.634766
0 0.388671 0.361327 0.386723 0.36328 0.384762 0.36328 0.380853 0.36719 0.380853 0.373047 0.382813 0.374999 0.382813 0.376952 0.384762 0.376952 0.388671 0.380862 0.417968 0.380862 0.419916 0.378904 0.421877 0.378904 0.421877 0.376952 0.423825 0.374999 0.423825 0.36719 0.421877 0.365232 0.421877 0.36328 0.419916 0.36328 0.417968 0.361327
0 0.373048 0.802734 0.371088 0.804687 0.353517 0.804687 0.351569 0.806639 0.349608 0.806639 0.349608 0.808591 0.34766 0.810549 0.34766 0.816406 0.349608 0.818358 0.349608 0.820311 0.355465 0.820311 0.357425 0.822263 0.380853 0.822263 0.386723 0.816406 0.388671 0.816406 0.388671 0.814454 0.390619 0.812501 0.390619 0.806639 0.388671 0.804687 0.386723 0.804687 0.384762 0.802734
0 0.642581 0.48047 0.642581 0.482423 0.64062 0.484375 0.64062 0.486327 0.638672 0.48828 0.638672 0.490232 0.64062 0.49219 0.64062 0.496094 0.642581 0.496094 0.644529 0.498047 0.650386 0.498047 0.652346 0.499999 0.675787 0.499999 0.677735 0.501952 0.679683 0.499999 0.683592 0.499999 0.683592 0.496094 0.685553 0.494142 0.685553 0.486327 0.683592 0.484375 0.681644 0.484375 0.679683 0.482423 0.650386 0.482423 0.648438 0.48047
0 0.388671 0.48047 0.386723 0.482423 0.378905 0.482423 0.374996 0.486327 0.374996 0.498047 0.376957 0.498047 0.380853 0.501952 0.382813 0.499999 0.410151 0.499999 0.410151 0.498047 0.412111 0.496094 0.412111 0.494142 0.41406 0.49219 0.41406 0.486327 0.412111 0.484375 0.412111 0.482423 0.408202 0.482423 0.406254 0.48047
0 0.39258 0.388671 0.388671 0.392576 0.388671 0.394534 0.386723 0.396486 0.386723 0.398439 0.384762 0.400391 0.386723 0.402343 0.386723 0.404296 0.388671 0.406248 0.390619 0.406248 0.39258 0.408206 0.41406 0.408206 0.41602 0.410158 0.417968 0.408206 0.423825 0.408206 0.425786 0.406248 0.425786 0.394534 0.423825 0.392576 0.417968 0.392576 0.41602 0.390624 0.398437 0.390624 0.396489 0.388671
0 0.722655 0.283201 0.720707 0.285158 0.701176 0.285158 0.697267 0.289063 0.697267 0.291015 0.695318 0.292968 0.695318 0.296872 0.697267 0.29883 0.697267 0.300783 0.701176 0.300783 0.703124 0.302735 0.722655 0.302735 0.724603 0.304687 0.730473 0.304687 0.730473 0.302735 0.73242 0.300783 0.73242 0.296872 0.734369 0.29492 0.734369 0.289063 0.73242 0.287111 0.728512 0.287111 0.726564 0.285158 0.724603 0.285158
0 0.738278 0.658205 0.734369 0.66211 0.734369 0.664062 0.73242 0.666015 0.73242 0.671877 0.734369 0.671877 0.73633 0.67383 0.738278 0.67383 0.740238 0.675782 0.767575 0.675782 0.769536 0.67383 0.771484 0.67383 0.771484 0.671877 0.773432 0.66992 0.773432 0.66211 0.771484 0.660158 0.771484 0.658205
0 0.386723 0.300783 0.384762 0.302735 0.384762 0.304687 0.382813 0.30664 0.382813 0.308592 0.380853 0.310544 0.380853 0.316407 0.382813 0.318359 0.382813 0.320312 0.41406 0.320312 0.41602 0.322264 0.421877 0.316407 0.421877 0.312502 0.423825 0.310544 0.423825 0.30664 0.421877 0.304687 0.421877 0.302735 0.41602 0.302735 0.41406 0.300783
0 0.55078 0.16992 0.546871 0.17383 0.544923 0.17383 0.544923 0.185545 0.542962 0.187502 0.542962 0.203127 0.544923 0.203127 0.546871 0.205079 0.546871 0.207031 0.556637 0.207031 0.556637 0.205079 0.558598 0.203127 0.558598 0.187502 0.560546 0.185545 0.560546 0.175783 0.558598 0.17383 0.558598 0.171873 0.556637 0.171873 0.554689 0.16992
0 0.099607 0.261719 0.097659 0.263672 0.095698 0.263672 0.09375 0.265624 0.09375 0.267576 0.091802 0.269529 0.091802 0.275391 0.089841 0.277343 0.089841 0.289063 0.087893 0.291015 0.087893 0.300783 0.091802 0.304687 0.09375 0.304687 0.095698 0.30664 0.099607 0.30664 0.107424 0.29883 0.107424 0.267576 0.105464 0.265624 0.105464 0.263672 0.103516 0.261719
0 0.054687 0.263672 0.052739 0.265624 0.052739 0.267576 0.050778 0.269529 0.050778 0.275391 0.04883 0.277343 0.04883 0.287111 0.046869 0.289063 0.046869 0.302735 0.04883 0.304687 0.058596 0.304687 0.058596 0.302735 0.060544 0.300783 0.060544 0.29883 0.062504 0.296872 0.062504 0.289063 0.064453 0.287111 0.064453 0.277343 0.066401 0.275391 0.066401 0.271486 0.064453 0.269529 0.064453 0.267576 0.060544 0.267576 0.058596 0.265624 0.056635 0.265624
0 0.626958 0.642576 0.624998 0.644533 0.623049 0.644533 0.623049 0.646486 0.621089 0.648438 0.621089 0.654295 0.626958 0.660158 0.628907 0.658205 0.658204 0.658205 0.658204 0.656248 0.660152 0.654295 0.660152 0.650391 0.658204 0.648438 0.658204 0.646486 0.654294 0.642576
0 0.367191 0.712893 0.363282 0.716798 0.361334 0.716798 0.361334 0.71875 0.357425 0.722655 0.357425 0.726565 0.359374 0.726565 0.361334 0.728517 0.363282 0.728517 0.365231 0.73047 0.39258 0.73047 0.394528 0.732422 0.394528 0.73047 0.396489 0.728517 0.396489 0.726565 0.398437 0.724607 0.398437 0.71875 0.396489 0.716798 0.396489 0.714845 0.390619 0.714845 0.388671 0.712893
0 0.361334 0.597655 0.357425 0.60156 0.355465 0.60156 0.355465 0.609375 0.357425 0.611327 0.357425 0.613279 0.359374 0.615232 0.359374 0.61719 0.394528 0.61719 0.396489 0.619142 0.402346 0.619142 0.402346 0.613279 0.404294 0.611327 0.404294 0.60547 0.402346 0.603518 0.402346 0.60156 0.382813 0.60156 0.380853 0.599608 0.365231 0.599608 0.363282 0.597655
0 0.718747 0.384767 0.716798 0.386719 0.716798 0.388671 0.71485 0.390624 0.71485 0.402343 0.712889 0.404296 0.712889 0.41992 0.71485 0.421878 0.71485 0.42383 0.718747 0.427735 0.726564 0.427735 0.73242 0.421878 0.73242 0.402343 0.734369 0.400391 0.734369 0.388671 0.73242 0.386719 0.73242 0.384767
0 0.359374 0.621094 0.353517 0.626951 0.353517 0.628904 0.351569 0.630862 0.351569 0.636719 0.353517 0.638671 0.355465 0.638671 0.357425 0.640623 0.359374 0.640623 0.361334 0.642576 0.376957 0.642576 0.378905 0.644533 0.39258 0.644533 0.394528 0.646486 0.400385 0.646486 0.400385 0.644533 0.402346 0.642576 0.402346 0.640623 0.404294 0.638671 0.404294 0.628904 0.402346 0.626951 0.402346 0.624999 0.382813 0.624999 0.380853 0.623047 0.361334 0.623047
0 0.658204 0.429687 0.656256 0.431639 0.652346 0.431639 0.650386 0.433592 0.64649 0.433592 0.642581 0.437502 0.64062 0.437502 0.638672 0.439454 0.638672 0.447264 0.642581 0.451174 0.64649 0.451174 0.648438 0.453126 0.650386 0.451174 0.671878 0.451174 0.675787 0.447264 0.677735 0.447264 0.677735 0.445311 0.679683 0.443359 0.679683 0.435544 0.677735 0.433592 0.675787 0.433592 0.673827 0.431639 0.666021 0.431639 0.66406 0.429687
0 0.378905 0.570311 0.376957 0.572264 0.373048 0.572264 0.371088 0.574221 0.367191 0.574221 0.365231 0.576174 0.361334 0.576174 0.361334 0.578126 0.363282 0.580078 0.363282 0.585936 0.365231 0.587893 0.365231 0.589846 0.367191 0.587893 0.402346 0.587893 0.408202 0.582031 0.408202 0.578126 0.406254 0.576174 0.406254 0.574221 0.404294 0.572264 0.404294 0.570311
0 0.150396 0.71875 0.148436 0.720703 0.148436 0.722655 0.146487 0.724607 0.146487 0.73047 0.148436 0.732422 0.148436 0.734375 0.150396 0.736327 0.164058 0.736327 0.166019 0.738279 0.167967 0.736327 0.171876 0.736327 0.171876 0.728517 0.173824 0.726565 0.173824 0.724607 0.171876 0.722655 0.171876 0.720703 0.167967 0.720703 0.166019 0.71875
0 0.373048 0.691406 0.371088 0.693359 0.36914 0.693359 0.365231 0.697263 0.365231 0.701174 0.367191 0.703126 0.367191 0.705078 0.36914 0.705078 0.373048 0.708983 0.398437 0.708983 0.398437 0.707031 0.400385 0.705078 0.400385 0.697263 0.398437 0.695311 0.398437 0.693359 0.39258 0.693359 0.390619 0.691406
0 0.029298 0.277343 0.023441 0.283201 0.023441 0.287111 0.021481 0.289063 0.021481 0.296872 0.019533 0.29883 0.019533 0.310544 0.021481 0.310544 0.023441 0.312502 0.02539 0.312502 0.027338 0.314455 0.029298 0.312502 0.033207 0.312502 0.037103 0.308592 0.037103 0.30664 0.039064 0.304687 0.039064 0.281248 0.037103 0.281248 0.035155 0.279296 0.033207 0.279296 0.031246 0.277343
0 0.615232 0.664062 0.613284 0.666015 0.613284 0.66992 0.611323 0.671877 0.611323 0.677734 0.613284 0.679687 0.615232 0.679687 0.617192 0.681639 0.644529 0.681639 0.64649 0.683591 0.652346 0.683591 0.654294 0.681639 0.654294 0.679687 0.656256 0.677734 0.656256 0.66992 0.654294 0.667967 0.654294 0.666015 0.644529 0.666015 0.642581 0.664062
1 0.617192 0.734375 0.613284 0.738279 0.613284 0.746094 0.61914 0.751951 0.671878 0.751951 0.677735 0.746094 0.677735 0.740237 0.673827 0.736327 0.667969 0.736327 0.666021 0.734375
0 0.371088 0.646486 0.36914 0.648438 0.367191 0.648438 0.363282 0.652343 0.363282 0.660158 0.365231 0.66211 0.365231 0.664062 0.36914 0.664062 0.371088 0.666015 0.394528 0.666015 0.396489 0.667967 0.398437 0.667967 0.400385 0.666015 0.402346 0.666015 0.406254 0.66211 0.406254 0.656248 0.404294 0.654295 0.404294 0.652343 0.402346 0.650391 0.402346 0.648438 0.376957 0.648438 0.374996 0.646486
0 0.947268 0.179688 0.947268 0.18164 0.945307 0.183592 0.945307 0.185545 0.943358 0.187502 0.943358 0.212889 0.945307 0.214846 0.945307 0.216799 0.947268 0.216799 0.951177 0.220703 0.953125 0.220703 0.957033 0.216799 0.958982 0.216799 0.958982 0.212889 0.960943 0.210936 0.960943 0.193359 0.958982 0.191407 0.958982 0.183592 0.957033 0.18164 0.949216 0.18164
0 0.390619 0.332031 0.388671 0.333984 0.384762 0.333984 0.382813 0.335936 0.380853 0.335936 0.380853 0.341798 0.382813 0.343751 0.382813 0.345703 0.384762 0.345703 0.388671 0.349608 0.390619 0.349608 0.394528 0.353518 0.421877 0.353518 0.427734 0.347656 0.427734 0.345703 0.429682 0.343751 0.429682 0.337888 0.427734 0.335936 0.427734 0.333984 0.423825 0.333984 0.421877 0.332031
0 0.353517 0.861327 0.351569 0.863279 0.349608 0.863279 0.349608 0.865237 0.34766 0.867189 0.34766 0.873046 0.349608 0.874999 0.349608 0.876951 0.351569 0.878909 0.374996 0.878909 0.376957 0.880861 0.380853 0.880861 0.382813 0.878909 0.384762 0.878909 0.388671 0.874999 0.388671 0.865237 0.384762 0.861327
0 0.363282 0.666015 0.359374 0.66992 0.359374 0.67383 0.357425 0.675782 0.359374 0.677734 0.359374 0.679687 0.365231 0.685549 0.388671 0.685549 0.390619 0.687502 0.394528 0.683591 0.398437 0.683591 0.398437 0.681639 0.400385 0.679687 0.400385 0.67383 0.398437 0.671877 0.398437 0.66992 0.396489 0.66992 0.394528 0.667967 0.365231 0.667967
0 0.644529 0.546878 0.642581 0.54883 0.638672 0.54883 0.636724 0.550782 0.630854 0.550782 0.628907 0.552735 0.628907 0.554687 0.626958 0.556639 0.626958 0.558592 0.624998 0.560549 0.626958 0.562502 0.626958 0.564454 0.632815 0.570311 0.634763 0.568359 0.662112 0.568359 0.66406 0.566407 0.666021 0.566407 0.666021 0.564454 0.667969 0.562502 0.667969 0.560549 0.669918 0.558592 0.669918 0.556639 0.671878 0.554687 0.669918 0.552735 0.669918 0.550782 0.666021 0.550782 0.66406 0.54883 0.654294 0.54883 0.652346 0.546878
0 0.630854 0.683591 0.628907 0.685549 0.624998 0.685549 0.621089 0.689454 0.621089 0.693359 0.61914 0.695311 0.61914 0.697263 0.621089 0.699221 0.621089 0.701174 0.623049 0.701174 0.626958 0.705078 0.648438 0.705078 0.650386 0.703126 0.654294 0.703126 0.660152 0.697263 0.660152 0.695311 0.662112 0.693359 0.662112 0.691406 0.660152 0.689454 0.660152 0.687502 0.654294 0.687502 0.652346 0.685549 0.64649 0.685549 0.644529 0.683591
0 0.652346 0.619142 0.650386 0.621094 0.628907 0.621094 0.626958 0.623047 0.624998 0.623047 0.624998 0.624999 0.623049 0.626951 0.623049 0.630862 0.624998 0.632814 0.624998 0.634766 0.626958 0.636719 0.626958 0.638671 0.64649 0.638671 0.648438 0.640623 0.652346 0.640623 0.654294 0.638671 0.658204 0.638671 0.662112 0.634766 0.662112 0.623047 0.660152 0.621094 0.654294 0.621094
0 0.078127 0.267576 0.076166 0.269529 0.07031 0.269529 0.07031 0.271486 0.068361 0.273439 0.068361 0.302735 0.07031 0.304687 0.07227 0.304687 0.074218 0.30664 0.078127 0.30664 0.080075 0.304687 0.082036 0.304687 0.082036 0.302735 0.083984 0.300783 0.083984 0.287111 0.085932 0.285158 0.085932 0.271486 0.083984 0.269529 0.083984 0.267576
0 0.382813 0.503904 0.378905 0.507814 0.376957 0.507814 0.374996 0.509766 0.374996 0.511719 0.376957 0.513671 0.376957 0.517576 0.378905 0.519534 0.378905 0.521486 0.404294 0.521486 0.406254 0.523438 0.408202 0.521486 0.410151 0.521486 0.410151 0.519534 0.412111 0.517576 0.412111 0.515623 0.41406 0.513671 0.41406 0.505862 0.412111 0.505862 0.410151 0.503904
0 0.904296 0.17383 0.904296 0.175783 0.902348 0.177735 0.902348 0.179688 0.900387 0.18164 0.900387 0.183592 0.898438 0.185545 0.898438 0.189455 0.896478 0.191407 0.896478 0.195312 0.89453 0.197264 0.89453 0.201174 0.892582 0.203127 0.892582 0.207031 0.898438 0.212889 0.904296 0.212889 0.908205 0.208984 0.910152 0.208984 0.910152 0.205079 0.912113 0.203127 0.912113 0.175783 0.910152 0.175783 0.908205 0.17383
0 0.374996 0.83203 0.373048 0.833983 0.355465 0.833983 0.351569 0.837893 0.351569 0.839845 0.349608 0.841798 0.349608 0.845702 0.351569 0.845702 0.353517 0.847655 0.357425 0.847655 0.359374 0.849607 0.384762 0.849607 0.388671 0.845702 0.388671 0.837893 0.386723 0.835935 0.386723 0.833983 0.384762 0.83203
0 0.671878 0.455079 0.669918 0.457031 0.642581 0.457031 0.64062 0.458983 0.638672 0.458983 0.636724 0.460936 0.636724 0.462888 0.634763 0.464846 0.634763 0.472655 0.642581 0.472655 0.644529 0.474608 0.666021 0.474608 0.667969 0.47656 0.669918 0.474608 0.671878 0.474608 0.673827 0.472655 0.675787 0.472655 0.675787 0.470703 0.677735 0.468751 0.677735 0.466798 0.679683 0.464846 0.679683 0.462888 0.677735 0.460936 0.677735 0.458983 0.675787 0.458983
0 0.205082 0.400391 0.203121 0.402343 0.185551 0.402343 0.185551 0.406248 0.18359 0.408206 0.18359 0.41211 0.181642 0.414063 0.18359 0.416015 0.18359 0.417968 0.185551 0.41992 0.191407 0.41992 0.193356 0.421878 0.195316 0.41992 0.218744 0.41992 0.218744 0.416015 0.220705 0.414063 0.220705 0.402343 0.216796 0.402343 0.214848 0.400391
0 0.429682 0.195312 0.427734 0.197264 0.39258 0.197264 0.390619 0.199217 0.388671 0.199217 0.384762 0.203127 0.382813 0.203127 0.380853 0.205079 0.380853 0.207031 0.378905 0.208984 0.378905 0.214846 0.380853 0.216799 0.384762 0.216799 0.386723 0.218751 0.390619 0.218751 0.39258 0.220703 0.394528 0.218751 0.431643 0.218751 0.435552 0.214846 0.435552 0.212889 0.4375 0.210936 0.4375 0.203127 0.435552 0.201174 0.435552 0.199217 0.433591 0.199217
0 0.382813 0.439454 0.380853 0.441407 0.374996 0.441407 0.373048 0.443359 0.373048 0.445311 0.371088 0.447264 0.371088 0.449216 0.373048 0.451174 0.373048 0.453126 0.374996 0.453126 0.376957 0.455079 0.378905 0.455079 0.382813 0.458983 0.404294 0.458983 0.406254 0.460936 0.412111 0.460936 0.41406 0.458983 0.41406 0.457031 0.41602 0.455079 0.41602 0.453126 0.417968 0.451174 0.417968 0.449216 0.41602 0.447264 0.41602 0.445311 0.41406 0.443359 0.410151 0.443359 0.408202 0.441407 0.386723 0.441407 0.384762 0.439454
0 0.152344 0.792967 0.150396 0.794919 0.146487 0.794919 0.142579 0.798829 0.142579 0.808591 0.144527 0.810549 0.144527 0.812501 0.177733 0.812501 0.181642 0.808591 0.181642 0.794919 0.179694 0.792967