0 0.83203 0.214842 0.83203 0.216797 0.830077 0.218749 0.830077 0.220704 0.828123 0.222655 0.828123 0.224611 0.830077 0.224611 0.83203 0.226562 0.833983 0.224611 0.833983 0.222655 0.835937 0.220704 0.835937 0.218749 0.83789 0.216797 0.835937 0.216797 0.833983 0.214842
0 0.044923 0.761721 0.044923 0.763672 0.046876 0.765623 0.046876 0.771485 0.048829 0.773436 0.048829 0.767579 0.050783 0.765623 0.050783 0.761721
0 0.890627 0.388674 0.888673 0.390625 0.888673 0.392576 0.88672 0.394532 0.88672 0.396483 0.884767 0.398438 0.888673 0.402345 0.890627 0.40039 0.890627 0.398438 0.89258 0.396483 0.89258 0.394532 0.894529 0.392576
0 0.935546 0.113281 0.935546 0.117188 0.933593 0.119139 0.933593 0.123046 0.937499 0.123046 0.937499 0.121095 0.939453 0.119139 0.939453 0.117188 0.941406 0.115232 0.937499 0.115232
0 0.771484 0.121095 0.763671 0.128908 0.765624 0.130859 0.765624 0.132814 0.765624 0.130859 0.773437 0.123046
0 0.972656 0.671876 0.972656 0.673827 0.974609 0.675782 0.974609 0.677733 0.976562 0.675782 0.982422 0.675782 0.982422 0.671876
0 0.683595 0.30078 0.681641 0.302736 0.681641 0.304687 0.679688 0.306642 0.679688 0.308594 0.677735 0.310549 0.679688 0.3125 0.681641 0.310549 0.681641 0.308594 0.683595 0.306642 0.683595 0.304687 0.685548 0.302736
0 0.375 0.271487 0.373047 0.273438 0.36328 0.273438 0.36328 0.277344 0.375 0.277344
0 0.361327 0.320314 0.359373 0.322265 0.351564 0.322265 0.351564 0.326171 0.353517 0.32422 0.361327 0.32422
0 0.656252 0.3125 0.652345 0.316407 0.654298 0.316407 0.658205 0.320314 0.660155 0.320314 0.662108 0.322265 0.662108 0.320314 0.664061 0.318358 0.662108 0.316407 0.660155 0.316407
0 0.33203 0.230469 0.330077 0.23242 0.32617 0.23242 0.32617 0.236326 0.328124 0.238282 0.328124 0.24414 0.333984 0.24414 0.333984 0.238282 0.33203 0.236326
0 0.359373 0.259767 0.359373 0.261718 0.373047 0.261718 0.373047 0.259767
0 0.107422 0.384767 0.105469 0.386719 0.101562 0.386719 0.103515 0.388674 0.103515 0.390625 0.105469 0.392576 0.105469 0.394532 0.107422 0.396483 0.109375 0.394532 0.111329 0.394532 0.111329 0.392576 0.109375 0.390625 0.109375 0.388674 0.107422 0.386719
0 0.361327 0.26758 0.361327 0.271487 0.373047 0.271487 0.373047 0.26758
0 0.087892 0.392576 0.087892 0.396483 0.089842 0.398438 0.089842 0.402345 0.091795 0.40039 0.095702 0.40039 0.093749 0.398438 0.093749 0.396483 0.091795 0.394532 0.091795 0.392576
0 0.44336 0.759765 0.441406 0.761721 0.4375 0.761721 0.435546 0.763672 0.43164 0.763672 0.43164 0.765623 0.433593 0.767579 0.433593 0.76953 0.435546 0.767579 0.4375 0.767579 0.439453 0.765623 0.44336 0.765623
0 0.341797 0.226562 0.339844 0.228517 0.335937 0.228517 0.335937 0.234375 0.33789 0.236326 0.33789 0.242189 0.34375 0.242189 0.34375 0.236326 0.341797 0.234375
0 0.36914 0.720703 0.36914 0.724609 0.367187 0.72656 0.367187 0.730467 0.373047 0.730467 0.373047 0.720703
0 0.91797 0.107423 0.91797 0.109375 0.916016 0.11133 0.916016 0.113281 0.914063 0.115232 0.914063 0.117188 0.916016 0.117188 0.91797 0.119139 0.91797 0.115232 0.919923 0.113281 0.919923 0.109375
0 0.677735 0.603515 0.675781 0.605471 0.671875 0.605471 0.671875 0.609373 0.673828 0.611329 0.673828 0.61328 0.677735 0.61328
0 0.601562 0.150392 0.597655 0.154295 0.597655 0.15625 0.593748 0.160157 0.595702 0.160157 0.599608 0.164064 0.601562 0.162108 0.601562 0.160157 0.603515 0.158201 0.603515 0.15625 0.605468 0.154295
0 0.81836 0.064454 0.810547 0.072268 0.8125 0.074219 0.816407 0.074219 0.822267 0.068361
0 0.410157 0.261718 0.410157 0.265625 0.419923 0.265625 0.419923 0.261718
0 0.384767 0.320314 0.382813 0.322265 0.375 0.322265 0.375 0.32422 0.373047 0.326171 0.375 0.32422 0.384767 0.32422
0 0.251955 0.523439 0.246094 0.529297 0.244141 0.529297 0.242188 0.531248 0.246094 0.535155 0.251955 0.529297 0.253908 0.529297 0.255861 0.527346
0 0.83789 0.380861 0.835937 0.382812 0.835937 0.384767 0.83203 0.388674 0.835937 0.392576 0.83789 0.390625 0.83789 0.388674 0.839843 0.386719 0.839843 0.384767 0.841797 0.382812 0.839843 0.382812
0 0.253908 0.51367 0.248048 0.519533 0.246094 0.519533 0.244141 0.521484 0.246094 0.523439 0.246094 0.52539 0.248048 0.523439 0.250001 0.523439 0.253908 0.519533 0.255861 0.519533 0.255861 0.517577 0.253908 0.515626
0 0.84375 0.382812 0.841797 0.384767 0.841797 0.386719 0.839843 0.388674 0.839843 0.390625 0.83789 0.392576 0.839843 0.394532 0.845703 0.388674 0.847657 0.388674 0.84961 0.386719 0.847657 0.386719
0 0.34375 0.333985 0.34375 0.337891 0.351564 0.337891 0.351564 0.335936 0.353517 0.333985
0 0.367187 0.24414 0.365233 0.246095 0.35547 0.246095 0.35547 0.248046 0.35742 0.250002 0.36914 0.250002 0.367187 0.248046
0 0.191405 0.744143 0.189451 0.746094 0.185548 0.746094 0.185548 0.748045 0.187502 0.750001 0.187502 0.753907 0.189451 0.755858 0.189451 0.757814 0.191405 0.755858 0.195311 0.755858 0.195311 0.753907 0.193358 0.751952 0.193358 0.748045 0.191405 0.746094
0 0.673828 0.730467 0.671875 0.732423 0.667968 0.732423 0.667968 0.736329 0.669921 0.738281 0.669921 0.742187 0.675781 0.742187 0.675781 0.738281 0.673828 0.736329
0 0.40625 0.251953 0.404297 0.253904 0.39453 0.253904 0.39453 0.257811 0.396483 0.25586 0.40625 0.25586
0 0.820314 0.257811 0.820314 0.259767 0.81836 0.261718 0.81836 0.263673 0.816407 0.265625 0.81836 0.26758 0.820314 0.265625 0.820314 0.263673 0.82422 0.259767 0.822267 0.259767
0 0.669921 0.638671 0.669921 0.650391 0.673828 0.650391 0.673828 0.644533 0.675781 0.642578 0.675781 0.638671
0 0.429686 0.191406 0.42578 0.195313 0.427733 0.197264 0.429686 0.197264 0.433593 0.20117 0.4375 0.197264 0.435546 0.195313 0.433593 0.195313
0 0.025389 0.115232 0.021486 0.119139 0.019533 0.119139 0.023436 0.123046 0.023436 0.125001 0.025389 0.126952 0.029296 0.123046 0.027342 0.121095 0.027342 0.119139 0.025389 0.117188
0 0.82617 0.261718 0.82422 0.263673 0.82422 0.265625 0.820314 0.269531 0.82422 0.269531 0.82617 0.271487 0.82617 0.269531 0.828123 0.26758 0.828123 0.265625 0.830077 0.263673 0.828123 0.263673
0 0.888673 0.421874 0.884767 0.425781 0.882813 0.425781 0.88086 0.427736 0.884767 0.431639 0.890627 0.425781 0.888673 0.42383
0 0.677735 0.296873 0.677735 0.298829 0.675781 0.30078 0.675781 0.302736 0.673828 0.304687 0.673828 0.306642 0.675781 0.306642 0.677735 0.308594 0.677735 0.306642 0.679688 0.304687 0.679688 0.302736 0.681641 0.30078
0 0.062499 0.062499 0.062499 0.068361 0.072266 0.068361 0.072266 0.064454 0.074219 0.062499
0 0.376953 0.654298 0.375 0.656249 0.36914 0.656249 0.371093 0.658204 0.371093 0.660156 0.373047 0.658204 0.376953 0.658204
0 0.814454 0.279295 0.8125 0.281251 0.8125 0.283202 0.808594 0.287109 0.810547 0.287109 0.8125 0.289064 0.8125 0.287109 0.814454 0.285158 0.814454 0.283202 0.816407 0.281251
0 0.718751 0.322265 0.716798 0.32422 0.716798 0.326171 0.712891 0.330078 0.714844 0.330078 0.716798 0.332029 0.718751 0.330078 0.718751 0.328127 0.722658 0.32422 0.720704 0.32422
0 0.371093 0.250002 0.36914 0.251953 0.35742 0.251953 0.359373 0.253904 0.371093 0.253904
0 0.742188 0.115232 0.740234 0.117188 0.744141 0.121095 0.744141 0.123046 0.748047 0.126952 0.750001 0.125001 0.751954 0.125001
0 0.066406 0.173828 0.064452 0.175779 0.060546 0.175779 0.062499 0.177735 0.062499 0.179686 0.064452 0.181642 0.064452 0.183593 0.066406 0.185548 0.068359 0.183593 0.068359 0.179686 0.066406 0.177735
0 0.402343 0.130859 0.402343 0.134766 0.404297 0.136717 0.404297 0.140624 0.408203 0.140624 0.408203 0.130859
0 0.097655 0.05469 0.097655 0.056641 0.107422 0.056641 0.105469 0.05469
0 0.86328 0.398438 0.861327 0.40039 0.861327 0.402345 0.857423 0.406252 0.859377 0.406252 0.861327 0.408203 0.859377 0.406252 0.865233 0.40039
0 0.34961 0.3125 0.34961 0.316407 0.359373 0.316407 0.359373 0.3125
0 0.835937 0.394532 0.833983 0.396483 0.833983 0.398438 0.83203 0.40039 0.833983 0.402345 0.839843 0.396483 0.83789 0.396483
0 0.36914 0.86133 0.36914 0.867188 0.367187 0.869139 0.367187 0.873046 0.371093 0.873046 0.371093 0.867188 0.373047 0.865232 0.373047 0.86133
0 0.91211 0.142579 0.91211 0.148437 0.910156 0.150392 0.910156 0.154295 0.914063 0.154295 0.914063 0.148437 0.916016 0.146486 0.916016 0.142579
0 0.289064 0.154295 0.281251 0.162108 0.285158 0.166015 0.292967 0.158201
0 0.347657 0.294922 0.347657 0.298829 0.35547 0.298829 0.35547 0.294922
0 0.328124 0.271487 0.328124 0.275389 0.330077 0.273438 0.33789 0.273438 0.33789 0.271487
0 0.873047 0.384767 0.871093 0.386719 0.871093 0.388674 0.86914 0.390625 0.86914 0.392576 0.875 0.386719
0 0.42383 0.285158 0.42383 0.292967 0.427733 0.292967 0.427733 0.285158
0 0.109375 0.068361 0.107422 0.070312 0.101562 0.070312 0.101562 0.074219 0.103515 0.072268 0.113282 0.072268 0.111329 0.070312 0.111329 0.068361
0 0.103515 0.248046 0.101562 0.250002 0.099609 0.250002 0.099609 0.251953 0.101562 0.253904 0.101562 0.257811 0.103515 0.25586 0.105469 0.25586 0.105469 0.253904 0.103515 0.251953
0 0.33789 0.316407 0.33789 0.318358 0.339844 0.316407 0.341797 0.318358 0.347657 0.318358 0.347657 0.316407
0 0.791017 0.462892 0.789064 0.464844 0.787111 0.464844 0.783204 0.46875 0.781251 0.46875 0.785157 0.472657 0.787111 0.470701 0.789064 0.470701 0.791017 0.46875 0.792967 0.46875 0.792967 0.466799 0.791017 0.464844
0 0.822267 0.283202 0.822267 0.285158 0.820314 0.287109 0.820314 0.291016 0.81836 0.292967 0.81836 0.294922 0.822267 0.294922 0.82422 0.296873 0.82422 0.291016 0.82617 0.289064 0.82617 0.285158 0.82422 0.285158
0 0.908203 0.117188 0.908203 0.121095 0.90625 0.123046 0.90625 0.126952 0.908203 0.126952 0.910156 0.128908 0.910156 0.125001 0.91211 0.123046 0.91211 0.119139 0.910156 0.119139
0 0.121095 0.601564 0.119142 0.603515 0.117189 0.603515 0.113282 0.607422 0.111329 0.607422 0.111329 0.609373 0.113282 0.611329 0.113282 0.61328 0.115235 0.611329 0.117189 0.611329 0.121095 0.607422 0.123045 0.607422 0.123045 0.605471 0.121095 0.603515
0 0.113282 0.07617 0.111329 0.078125 0.103515 0.078125 0.103515 0.082032 0.113282 0.082032
0 0.275391 0.695312 0.275391 0.701174 0.287111 0.701174 0.287111 0.695312
0 0.714844 0.320314 0.714844 0.322265 0.707031 0.330078 0.708984 0.330078 0.710938 0.332029 0.710938 0.330078 0.714844 0.326171
0 0.755861 0.138672 0.755861 0.140624 0.753908 0.142579 0.753908 0.14453 0.751954 0.146486 0.753908 0.146486 0.755861 0.148437 0.757814 0.146486 0.757814 0.14453 0.761717 0.140624 0.757814 0.140624
0 0.416017 0.287109 0.416017 0.289064 0.41797 0.291016 0.41797 0.296873 0.419923 0.294922 0.421877 0.294922 0.421877 0.287109
0 0.691408 0.283202 0.687501 0.287109 0.685548 0.287109 0.683595 0.289064 0.685548 0.289064 0.687501 0.291016 0.691408 0.287109 0.693358 0.287109 0.691408 0.285158
0 0.931639 0.675782 0.931639 0.679689 0.941406 0.679689 0.941406 0.675782
0 0.933593 0.125001 0.933593 0.128908 0.931639 0.130859 0.931639 0.134766 0.933593 0.134766 0.935546 0.136717 0.935546 0.130859 0.937499 0.128908 0.937499 0.125001
0 0.640625 0.708982 0.638672 0.710938 0.632812 0.710938 0.632812 0.716796 0.640625 0.716796
0 0.318361 0.195313 0.316407 0.197264 0.314454 0.197264 0.322267 0.205077 0.324217 0.203126 0.32617 0.203126
0 0.908203 0.373047 0.908203 0.374998 0.910156 0.376954 0.910156 0.380861 0.914063 0.380861 0.914063 0.378905 0.91211 0.376954 0.91211 0.373047
0 0.041016 0.138672 0.039062 0.140624 0.037109 0.140624 0.039062 0.142579 0.039062 0.14453 0.041016 0.146486 0.041016 0.148437 0.042969 0.150392 0.044923 0.148437 0.048829 0.148437 0.044923 0.14453 0.044923 0.142579
0 0.919923 0.121095 0.919923 0.125001 0.91797 0.126952 0.91797 0.130859 0.921876 0.130859 0.92383 0.132814 0.92383 0.128908 0.925783 0.126952 0.925783 0.123046 0.921876 0.123046
0 0.056639 0.755858 0.056639 0.771485 0.058592 0.76953 0.062499 0.76953 0.062499 0.763672 0.060546 0.761721 0.060546 0.755858
0 0.667968 0.716796 0.666015 0.718752 0.664061 0.718752 0.664061 0.722658 0.666015 0.724609 0.666015 0.730467 0.667968 0.728516 0.673828 0.728516 0.671875 0.72656 0.671875 0.724609 0.669921 0.722658 0.669921 0.720703 0.667968 0.718752
0 0.142578 0.335936 0.138672 0.339843 0.136719 0.339843 0.136719 0.343749 0.138672 0.345705 0.138672 0.349611 0.140625 0.347656 0.142578 0.347656 0.144532 0.345705 0.146485 0.345705 0.146485 0.343749 0.144532 0.341798 0.144532 0.339843 0.142578 0.337891
0 0.341797 0.658204 0.339844 0.660156 0.335937 0.660156 0.333984 0.662111 0.33203 0.662111 0.33203 0.664062 0.333984 0.666013 0.33789 0.666013 0.339844 0.664062 0.34375 0.664062 0.34375 0.662111 0.341797 0.660156
0 0.664061 0.677733 0.664061 0.689454 0.669921 0.689454 0.669921 0.677733
0 0.384767 0.257811 0.382813 0.259767 0.375 0.259767 0.375 0.261718 0.384767 0.261718
0 0.150392 0.35742 0.148438 0.359376 0.144532 0.359376 0.144532 0.367189 0.146485 0.365234 0.152345 0.365234 0.152345 0.363283 0.150392 0.361327
0 0.962889 0.671876 0.960936 0.673827 0.953126 0.673827 0.953126 0.677733 0.962889 0.677733
0 0.781251 0.392576 0.779297 0.394532 0.785157 0.40039 0.789064 0.396483 0.787111 0.396483 0.785157 0.394532 0.783204 0.394532
0 0.841797 0.218749 0.841797 0.220704 0.839843 0.222655 0.839843 0.226562 0.83789 0.228517 0.83789 0.230469 0.845703 0.230469 0.845703 0.218749
0 0.375 0.796876 0.375 0.806641 0.378907 0.806641 0.378907 0.796876
0 0.382813 0.722658 0.382813 0.72656 0.38086 0.728516 0.38086 0.732423 0.384767 0.732423 0.384767 0.728516 0.38672 0.72656 0.38672 0.722658
0 0.015626 0.599609 0.013673 0.601564 0.011719 0.601564 0.011719 0.603515 0.013673 0.605471 0.013673 0.609373 0.01758 0.609373 0.01758 0.605471 0.015626 0.603515
0 0.480469 0.291016 0.478516 0.292967 0.478516 0.294922 0.476563 0.296873 0.476563 0.298829 0.474609 0.30078 0.478516 0.304687 0.482423 0.30078 0.482423 0.298829 0.486329 0.294922 0.484376 0.294922
0 0.796874 0.35742 0.79492 0.359376 0.79492 0.361327 0.792967 0.363283 0.792967 0.365234 0.791017 0.367189 0.792967 0.367189 0.79492 0.369141 0.796874 0.367189 0.796874 0.365234 0.80078 0.361327
0 0.751954 0.134766 0.748047 0.138672 0.748047 0.140624 0.744141 0.14453 0.748047 0.148437 0.751954 0.14453 0.751954 0.142579 0.753908 0.140624 0.753908 0.136717
0 0.781251 0.695312 0.781251 0.699218 0.791017 0.699218 0.791017 0.695312
0 0.015626 0.107423 0.015626 0.109375 0.013673 0.11133 0.01758 0.115232 0.01758 0.117188 0.021486 0.117188 0.023436 0.115232
0 0.333984 0.291016 0.333984 0.292967 0.34375 0.292967 0.34375 0.291016
0 0.486329 0.632813 0.484376 0.634764 0.474609 0.634764 0.474609 0.640627 0.476563 0.638671 0.486329 0.638671
0 0.693358 0.308594 0.685548 0.316407 0.689455 0.320314 0.691408 0.318358 0.691408 0.316407 0.695311 0.3125 0.693358 0.310549
0 0.853517 0.32422 0.853517 0.328127 0.851564 0.330078 0.851564 0.332029 0.85547 0.332029 0.85547 0.32422
0 0.351564 0.890624 0.351564 0.904295 0.353517 0.902344 0.35742 0.902344 0.35742 0.896486 0.359373 0.894531 0.359373 0.890624
0 0.699218 0.810548 0.699218 0.822268 0.703124 0.822268 0.703124 0.810548
0 0.898436 0.460937 0.898436 0.462892 0.896483 0.464844 0.898436 0.464844 0.902343 0.46875 0.904296 0.46875 0.90625 0.470701 0.910156 0.466799 0.908203 0.466799 0.90625 0.464844 0.904296 0.464844 0.902343 0.462892 0.90039 0.462892
0 0.003906 0.595702 0 0.599609 0 0.599609 0 0.601564 0 0.603515 0 0.605471 0 0.603515 0.001953 0.603515 0.003906 0.601564 0.007813 0.601564 0.003906 0.597657
0 0.628905 0.138672 0.626951 0.140624 0.626951 0.142579 0.624998 0.14453 0.624998 0.146486 0.623049 0.148437 0.624998 0.150392 0.632812 0.142579
0 0.699218 0.310549 0.697264 0.3125 0.697264 0.314451 0.693358 0.318358 0.695311 0.320314 0.699218 0.316407 0.701171 0.316407 0.703124 0.314451
0 0.072266 0.185548 0.070312 0.1875 0.068359 0.1875 0.070312 0.189455 0.070312 0.191406 0.072266 0.193357 0.072266 0.195313 0.072266 0.193357 0.074219 0.191406 0.074219 0.189455 0.072266 0.1875
0 0.859377 0.394532 0.857423 0.396483 0.857423 0.398438 0.853517 0.402345 0.85547 0.404296 0.857423 0.404296 0.859377 0.402345 0.859377 0.40039 0.861327 0.398438 0.861327 0.396483
0 0.505859 0.626951 0.503906 0.628906 0.496092 0.628906 0.496092 0.632813 0.505859 0.632813
0 0.414063 0.287109 0.41211 0.289064 0.410157 0.289064 0.408203 0.291016 0.404297 0.291016 0.40625 0.292967 0.408203 0.291016 0.416017 0.291016 0.414063 0.289064
0 0.353517 0.865232 0.353517 0.876952 0.35742 0.876952 0.35742 0.871095 0.359373 0.869139 0.359373 0.865232
0 0.673828 0.626951 0.673828 0.628906 0.671875 0.630858 0.671875 0.634764 0.677735 0.634764 0.677735 0.626951
0 0.009766 0.603515 0.007813 0.605471 0.005859 0.605471 0.005859 0.607422 0.007813 0.609373 0.007813 0.61328 0.009766 0.611329 0.013673 0.611329 0.011719 0.609373 0.011719 0.607422 0.009766 0.605471
0 0.330077 0.275389 0.328124 0.277344 0.328124 0.279295 0.330077 0.277344 0.339844 0.277344 0.339844 0.275389
0 0.128905 0.30078 0.126952 0.302736 0.123045 0.302736 0.123045 0.306642 0.124998 0.308594 0.124998 0.3125 0.126952 0.310549 0.130859 0.310549 0.130859 0.306642 0.128905 0.304687
0 0.339844 0.265625 0.341797 0.26758 0.341797 0.269531 0.34961 0.269531 0.34961 0.265625
0 0.88672 0.408203 0.884767 0.410154 0.884767 0.41211 0.882813 0.414061 0.882813 0.417968 0.884767 0.419923 0.88672 0.417968 0.88672 0.416016 0.890627 0.41211
0 0.359373 0.25586 0.359373 0.257811 0.371093 0.257811 0.371093 0.25586
0 0.771484 0.08789 0.771484 0.089845 0.769531 0.091797 0.771484 0.093752 0.773437 0.093752 0.777344 0.097654 0.777344 0.095703 0.779297 0.093752 0.777344 0.091797 0.775391 0.091797
0 0.621095 0.593751 0.619142 0.595702 0.609375 0.595702 0.609375 0.597657 0.611328 0.599609 0.611328 0.601564 0.613282 0.599609 0.615235 0.599609 0.617188 0.597657 0.621095 0.597657
0 0.187502 0.70508 0.185548 0.707031 0.183595 0.707031 0.185548 0.708982 0.185548 0.710938 0.187502 0.712889 0.187502 0.714845 0.189451 0.712889 0.191405 0.712889 0.189451 0.710938 0.189451 0.708982 0.187502 0.707031
0 0.589845 0.599609 0.589845 0.605471 0.597655 0.605471 0.597655 0.603515 0.599608 0.601564 0.599608 0.599609
0 0.515626 0.621093 0.513672 0.623049 0.511719 0.623049 0.509766 0.625 0.507812 0.625 0.507812 0.630858 0.509766 0.628906 0.511719 0.628906 0.513672 0.626951 0.517579 0.626951 0.517579 0.625 0.515626 0.623049
0 0.156248 0.376954 0.154299 0.378905 0.152345 0.378905 0.150392 0.380861 0.150392 0.388674 0.156248 0.388674
0 0.998045 0.671876 0.998045 0.675782 1 0.675782 1 0.671876
0 0.351564 0.128908 0.347657 0.132814 0.34961 0.134766 0.351564 0.134766 0.35547 0.138672 0.359373 0.134766 0.35742 0.132814 0.35547 0.132814
0 0.421877 0.265625 0.419923 0.26758 0.41211 0.26758 0.41211 0.271487 0.414063 0.269531 0.421877 0.269531
0 0.83789 0.316407 0.83789 0.322265 0.835937 0.32422 0.835937 0.328127 0.841797 0.328127 0.841797 0.318358 0.839843 0.318358
0 0.339844 0.318358 0.339844 0.322265 0.34961 0.322265 0.34961 0.320314 0.341797 0.320314
0 0.851564 0.273438 0.851564 0.277344 0.84961 0.279295 0.84961 0.283202 0.851564 0.283202 0.853517 0.285158 0.853517 0.281251 0.85547 0.279295 0.85547 0.275389 0.853517 0.275389
0 0.261717 0.496093 0.257811 0.499999 0.257811 0.501955 0.253908 0.505861 0.257811 0.509763 0.261717 0.505861 0.261717 0.503906 0.265624 0.499999
0 0.199218 0.697267 0.197265 0.699218 0.195311 0.699218 0.195311 0.701174 0.197265 0.703125 0.197265 0.70508 0.199218 0.707031 0.199218 0.708982 0.201171 0.707031 0.203125 0.707031 0.203125 0.70508 0.201171 0.703125 0.201171 0.701174 0.199218 0.699218
0 0.32617 0.261718 0.32617 0.263673 0.33789 0.263673 0.33789 0.261718
0 0.742188 0.572266 0.742188 0.574217 0.744141 0.576173 0.744141 0.578124 0.753908 0.578124 0.753908 0.572266
0 0.029296 0.05469 0.029296 0.060548 0.031249 0.058592 0.039062 0.058592 0.039062 0.05469
0 0.40039 0.320314 0.398437 0.322265 0.398437 0.32422 0.39453 0.328127 0.396483 0.330078 0.40039 0.326171 0.402343 0.326171 0.404297 0.32422
0 0.396483 0.263673 0.396483 0.265625 0.398437 0.263673 0.408203 0.263673
0 0.115235 0.070312 0.115235 0.072268 0.117189 0.074219 0.117189 0.078125 0.121095 0.078125 0.121095 0.070312
0 0.042969 0.765623 0.042969 0.775392 0.044923 0.775392 0.044923 0.765623
0 0.873047 0.40039 0.871093 0.402345 0.871093 0.404296 0.86914 0.406252 0.86914 0.408203 0.867186 0.410154 0.86914 0.410154 0.871093 0.41211 0.871093 0.410154 0.873047 0.408203 0.873047 0.406252 0.875 0.404296 0.873047 0.402345
0 0.921876 0.146486 0.921876 0.150392 0.92383 0.152344 0.92383 0.15625 0.925783 0.15625 0.925783 0.146486
0 0.330077 0.660156 0.328124 0.662111 0.32617 0.662111 0.322267 0.666013 0.320314 0.666013 0.320314 0.667969 0.322267 0.66992 0.322267 0.671876 0.324217 0.66992 0.32617 0.66992 0.328124 0.667969 0.33203 0.667969 0.33203 0.666013 0.330077 0.664062
0 0.064452 0.039063 0.064452 0.041014 0.062499 0.04297 0.074219 0.04297 0.074219 0.039063
0 0.84375 0.68164 0.84375 0.687498 0.853517 0.687498 0.853517 0.685547 0.85547 0.683596 0.845703 0.683596
0 0.296874 0.671876 0.294921 0.673827 0.292967 0.673827 0.289064 0.677733 0.287111 0.677733 0.287111 0.679689 0.289064 0.68164 0.289064 0.683596 0.291014 0.68164 0.292967 0.68164 0.294921 0.679689 0.296874 0.679689 0.298827 0.677733 0.300781 0.677733 0.298827 0.675782 0.298827 0.673827
0 0.757814 0.11133 0.755861 0.113281 0.755861 0.115232 0.753908 0.117188 0.753908 0.119139 0.751954 0.121095 0.753908 0.121095 0.755861 0.123046 0.757814 0.121095 0.757814 0.119139 0.759764 0.117188 0.759764 0.113281
0 0.083986 0.208984 0.082032 0.210939 0.080079 0.210939 0.082032 0.212891 0.082032 0.214842 0.083986 0.216797 0.083986 0.218749 0.085939 0.216797 0.089842 0.216797 0.085939 0.212891 0.085939 0.210939
0 0.097655 0.236326 0.095702 0.238282 0.093749 0.238282 0.093749 0.240233 0.095702 0.242189 0.095702 0.24414 0.097655 0.246095 0.097655 0.248046 0.101562 0.24414 0.099609 0.242189 0.099609 0.240233 0.097655 0.238282
0 0.416017 0.304687 0.414063 0.306642 0.40625 0.306642 0.408203 0.308594 0.408203 0.310549 0.410157 0.308594 0.41797 0.308594 0.416017 0.306642
0 0.339844 0.066406 0.33203 0.074219 0.333984 0.07617 0.333984 0.078125 0.339844 0.072268 0.341797 0.072268 0.34375 0.070312
0 0.078126 0.765623 0.076172 0.767579 0.068359 0.767579 0.068359 0.771485 0.078126 0.771485
0 0.277344 0.068361 0.273438 0.072268 0.271484 0.072268 0.275391 0.07617 0.275391 0.078125 0.279298 0.082032 0.281251 0.080076 0.281251 0.078125 0.283204 0.07617 0.279298 0.072268 0.279298 0.070312
0 0.667968 0.242189 0.666015 0.24414 0.667968 0.24414 0.671875 0.248046 0.673828 0.248046 0.675781 0.250002 0.675781 0.248046 0.677735 0.246095 0.673828 0.246095 0.671875 0.24414 0.669921 0.24414
0 0.021486 0.431639 0.021486 0.437501 0.031249 0.437501 0.031249 0.431639
0 0.927733 0.11133 0.927733 0.115232 0.925783 0.117188 0.925783 0.119139 0.929686 0.123046 0.929686 0.121095 0.931639 0.119139 0.931639 0.115232 0.933593 0.113281 0.933593 0.11133
0 0.341797 0.32422 0.341797 0.326171 0.34961 0.326171 0.34961 0.32422
0 0.845703 0.015623 0.84375 0.017578 0.84375 0.01953 0.839843 0.023436 0.839843 0.025392 0.83789 0.027343 0.839843 0.029298 0.839843 0.03125 0.84375 0.027343 0.84375 0.025392 0.84961 0.01953
0 0.835937 0.013672 0.833983 0.015623 0.833983 0.017578 0.830077 0.021485 0.83203 0.021485 0.833983 0.023436 0.835937 0.021485 0.835937 0.01953 0.839843 0.015623 0.83789 0.015623
0 0.025389 0.771485 0.023436 0.773436 0.021486 0.773436 0.021486 0.777343 0.023436 0.779299 0.023436 0.783205 0.025389 0.78125 0.027342 0.78125 0.027342 0.777343 0.025389 0.775392
0 0.33203 0.285158 0.333984 0.287109 0.333984 0.289064 0.34375 0.289064 0.341797 0.287109 0.341797 0.285158
0 0.804687 0.310549 0.802734 0.3125 0.802734 0.314451 0.80078 0.316407 0.80078 0.318358 0.798827 0.320314 0.80078 0.320314 0.802734 0.322265 0.804687 0.320314 0.804687 0.318358 0.808594 0.314451
0 0.189451 0.701174 0.189451 0.703125 0.191405 0.70508 0.191405 0.710938 0.193358 0.712889 0.193358 0.714845 0.197265 0.710938 0.199218 0.710938 0.197265 0.708982 0.197265 0.707031 0.195311 0.70508 0.195311 0.703125 0.193358 0.701174
0 0.037109 0.765623 0.037109 0.777343 0.039062 0.775392 0.041016 0.775392 0.041016 0.765623
1 0.310547 0.404296 0.306641 0.408203 0.304687 0.408203 0.296874 0.416016 0.294921 0.416016 0.292967 0.417968 0.298827 0.42383 0.306641 0.416016 0.308594 0.416016 0.314454 0.410154 0.312501 0.408203 0.312501 0.406252
0 0.871093 0.679689 0.871093 0.685547 0.882813 0.685547 0.882813 0.679689
0 0.029296 0.767579 0.029296 0.771485 0.031249 0.773436 0.031249 0.779299 0.035156 0.779299 0.035156 0.76953 0.031249 0.76953
0 0.81836 0.017578 0.81836 0.01953 0.816407 0.021485 0.816407 0.023436 0.81836 0.023436 0.820314 0.025392 0.822267 0.025392 0.82422 0.027343 0.82617 0.025392 0.82617 0.023436 0.828123 0.021485 0.82422 0.021485 0.822267 0.01953 0.820314 0.01953
0 0.845703 0.306642 0.845703 0.310549 0.847657 0.3125 0.847657 0.318358 0.851564 0.318358 0.851564 0.306642
1 0.673828 0.384767 0.671875 0.386719 0.667968 0.386719 0.667968 0.390625 0.669921 0.392576 0.669921 0.398438 0.671875 0.40039 0.671875 0.404296 0.673828 0.402345 0.675781 0.402345 0.677735 0.40039 0.679688 0.40039 0.679688 0.398438 0.677735 0.396483 0.677735 0.394532 0.675781 0.392576 0.675781 0.388674 0.673828 0.386719
0 0.91797 0.142579 0.91797 0.148437 0.916016 0.150392 0.916016 0.154295 0.919923 0.154295 0.921876 0.15625 0.921876 0.152344 0.919923 0.150392 0.919923 0.146486 0.921876 0.14453 0.921876 0.142579
0 0.619142 0.712889 0.619142 0.718752 0.628905 0.718752 0.628905 0.712889
0 0.857423 0.289064 0.857423 0.292967 0.85547 0.294922 0.85547 0.298829 0.861327 0.298829 0.861327 0.289064
0 0.775391 0.123046 0.767577 0.130859 0.769531 0.132814 0.773437 0.128908 0.775391 0.128908 0.777344 0.126952 0.775391 0.125001
0 0.404297 0.371092 0.398437 0.376954 0.396483 0.376954 0.39453 0.378905 0.396483 0.380861 0.396483 0.382812 0.398437 0.380861 0.40039 0.380861 0.404297 0.376954 0.40625 0.376954 0.40625 0.374998 0.404297 0.373047
0 0.341797 0.279295 0.339844 0.281251 0.33203 0.281251 0.33203 0.283202 0.341797 0.283202
0 0.421877 0.384767 0.41797 0.388674 0.416017 0.388674 0.414063 0.390625 0.41797 0.394532 0.42383 0.388674 0.421877 0.386719
0 0.33789 0.337891 0.33789 0.347656 0.341797 0.347656 0.341797 0.345705 0.34375 0.343749 0.34375 0.339843 0.341797 0.337891
0 0.388674 0.281251 0.38672 0.283202 0.378907 0.283202 0.378907 0.285158 0.38672 0.285158 0.38672 0.283202
0 0.353517 0.330078 0.353517 0.332029 0.35547 0.333985 0.36328 0.333985 0.36328 0.330078
0 0.277344 0.193357 0.273438 0.197264 0.271484 0.197264 0.269531 0.199219 0.271484 0.20117 0.271484 0.203126 0.279298 0.195313
0 0.353517 0.337891 0.353517 0.341798 0.36328 0.341798 0.36328 0.337891
0 0.759764 0.14453 0.759764 0.146486 0.753908 0.152344 0.757814 0.15625 0.759764 0.154295 0.759764 0.152344 0.763671 0.148437
0 0.785157 0.45703 0.783204 0.458986 0.781251 0.458986 0.779297 0.460937 0.777344 0.460937 0.779297 0.462892 0.779297 0.464844 0.781251 0.462892 0.783204 0.462892 0.785157 0.460937 0.789064 0.460937
0 0.867186 0.378905 0.867186 0.380861 0.865233 0.382812 0.865233 0.384767 0.86328 0.386719 0.86328 0.388674 0.865233 0.388674 0.867186 0.390625 0.86914 0.388674 0.86914 0.386719 0.873047 0.382812 0.871093 0.382812
0 0.259764 0.078125 0.257811 0.080076 0.255861 0.080076 0.259764 0.083983 0.259764 0.085939 0.261717 0.08789 0.263671 0.085939 0.265624 0.085939 0.261717 0.082032 0.261717 0.080076
0 0.371093 0.310549 0.371093 0.314451 0.382813 0.314451 0.382813 0.310549
0 0.845703 0.320314 0.845703 0.328127 0.851564 0.328127 0.851564 0.320314
0 0.376953 0.279295 0.375 0.281251 0.365233 0.281251 0.365233 0.285158 0.367187 0.283202 0.376953 0.283202
0 0.068359 0.562502 0.062499 0.56836 0.060546 0.56836 0.058592 0.570311 0.060546 0.572266 0.060546 0.574217 0.062499 0.572266 0.064452 0.572266 0.068359 0.56836 0.070312 0.56836 0.070312 0.566408 0.068359 0.564453
0 0.384767 0.685547 0.384767 0.697267 0.388674 0.697267 0.388674 0.685547
0 0.949219 0.814454 0.947266 0.816406 0.945313 0.816406 0.945313 0.82617 0.949219 0.82617
0 0.351564 0.052734 0.34375 0.060548 0.345704 0.062499 0.345704 0.064454 0.347657 0.066406 0.351564 0.062499 0.351564 0.060548 0.35547 0.056641
0 0.35742 0.306642 0.35547 0.308594 0.34961 0.308594 0.34961 0.310549 0.359373 0.310549 0.35742 0.308594
0 0.804687 0.695312 0.804687 0.699218 0.814454 0.699218 0.814454 0.697267 0.816407 0.695312
0 0.718751 0.574217 0.718751 0.58008 0.728514 0.58008 0.728514 0.574217
0 0.123045 0.066406 0.123045 0.068361 0.124998 0.070312 0.124998 0.074219 0.128905 0.074219 0.128905 0.066406
0 0.373047 0.302736 0.373047 0.306642 0.382813 0.306642 0.38086 0.304687 0.38086 0.302736
0 0.728514 0.69336 0.728514 0.699218 0.740234 0.699218 0.740234 0.69336
0 0.041016 0.001951 0.041016 0.007814 0.052736 0.007814 0.052736 0.003907 0.042969 0.003907
0 0.085939 0.062499 0.083986 0.064454 0.074219 0.064454 0.074219 0.068361 0.083986 0.068361 0.083986 0.066406 0.085939 0.064454
0 0.132812 0.310549 0.128905 0.314451 0.126952 0.314451 0.128905 0.316407 0.128905 0.318358 0.130859 0.320314 0.130859 0.322265 0.132812 0.32422 0.134765 0.322265 0.136719 0.322265 0.136719 0.320314 0.134765 0.318358 0.134765 0.314451 0.132812 0.3125
0 0.8125 0.294922 0.810547 0.296873 0.810547 0.298829 0.808594 0.30078 0.810547 0.30078 0.8125 0.302736 0.8125 0.30078 0.814454 0.298829 0.814454 0.296873 0.816407 0.294922
0 0.01758 0.589844 0.015626 0.591795 0.011719 0.591795 0.009766 0.593751 0.003906 0.593751 0.005859 0.595702 0.005859 0.597657 0.007813 0.599609 0.009766 0.597657 0.011719 0.597657 0.013673 0.595702 0.01758 0.595702
0 0.876953 0.259767 0.86914 0.26758 0.871093 0.26758 0.873047 0.269531 0.88086 0.261718 0.878907 0.261718
0 0.839843 0.425781 0.839843 0.427736 0.83789 0.429688 0.839843 0.431639 0.841797 0.431639 0.845703 0.435545 0.84961 0.431639 0.847657 0.431639 0.84375 0.427736 0.841797 0.427736
0 0.373047 0.25586 0.373047 0.257811 0.382813 0.257811 0.382813 0.25586
0 0.36914 0.708982 0.36914 0.716796 0.371093 0.716796 0.373047 0.718752 0.373047 0.708982
0 0.902343 0.677733 0.902343 0.68164 0.91211 0.68164 0.91211 0.677733
0 0.808594 0.289064 0.808594 0.291016 0.80664 0.292967 0.80664 0.294922 0.804687 0.296873 0.804687 0.298829 0.80664 0.30078 0.808594 0.298829 0.808594 0.296873 0.8125 0.292967
0 0.38086 0.242189 0.378907 0.24414 0.36914 0.24414 0.36914 0.248046 0.38086 0.248046
0 0.779297 0.126952 0.777344 0.128908 0.777344 0.130859 0.773437 0.134766 0.775391 0.136717 0.781251 0.130859 0.779297 0.128908
0 0.085939 0.052734 0.083986 0.05469 0.074219 0.05469 0.074219 0.058592 0.076172 0.056641 0.085939 0.056641
0 0.88086 0.166015 0.878907 0.16797 0.878907 0.169922 0.875 0.173828 0.875 0.175779 0.873047 0.177735 0.875 0.177735 0.876953 0.179686 0.878907 0.177735 0.878907 0.175779 0.88086 0.173828 0.88086 0.171877 0.882813 0.169922 0.88086 0.16797
0 0.548829 0.732423 0.541016 0.740236 0.544922 0.744143 0.552736 0.736329
0 0.087892 0.609373 0.085939 0.611329 0.083986 0.611329 0.082032 0.61328 0.078126 0.61328 0.076172 0.615235 0.074219 0.615235 0.076172 0.617187 0.076172 0.619142 0.078126 0.621093 0.080079 0.619142 0.082032 0.619142 0.083986 0.617187 0.085939 0.617187 0.087892 0.615235 0.089842 0.615235 0.089842 0.61328 0.087892 0.611329
0 0.42578 0.283202 0.427733 0.283202 0.429686 0.285158 0.429686 0.291016 0.43164 0.291016 0.43164 0.283202
0 0.011719 0.09961 0.009766 0.101561 0.007813 0.101561 0.009766 0.103517 0.009766 0.105468 0.011719 0.107423 0.011719 0.109375 0.015626 0.105468 0.013673 0.103517 0.013673 0.101561
0 0.86914 0.56836 0.86914 0.570311 0.867186 0.572266 0.867186 0.574217 0.876953 0.574217 0.876953 0.572266 0.878907 0.570311 0.878907 0.56836
0 0.667968 0.666013 0.667968 0.675782 0.673828 0.675782 0.673828 0.666013
0 0.80664 0.273438 0.804687 0.275389 0.804687 0.277344 0.802734 0.279295 0.802734 0.281251 0.80078 0.283202 0.802734 0.283202 0.804687 0.285158 0.804687 0.283202 0.80664 0.281251 0.80664 0.279295 0.808594 0.277344 0.808594 0.275389
0 0.841797 0.093752 0.841797 0.09961 0.839843 0.101561 0.839843 0.107423 0.845703 0.107423 0.847657 0.109375 0.847657 0.107423 0.84961 0.105468 0.84961 0.101561 0.851564 0.09961 0.851564 0.097654 0.847657 0.097654 0.845703 0.095703 0.84375 0.095703
0 0.001953 0.699218 0 0.701174 0 0.701174 0 0.703125 0 0.703125 0 0.70508 0 0.70508 0 0.707031 0 0.708982 0 0.710938 0 0.708982 0 0.708982 0 0.707031 0.001953 0.707031 0.003906 0.70508 0.005859 0.70508 0.003906 0.703125 0.003906 0.701174
0 0.351564 0.271487 0.34961 0.273438 0.341797 0.273438 0.341797 0.277344 0.351564 0.277344
0 0.392576 0.662111 0.392576 0.664062 0.390623 0.666013 0.390623 0.66992 0.388674 0.671876 0.388674 0.673827 0.390623 0.673827 0.392576 0.671876 0.392576 0.66992 0.396483 0.666013
0 0.640625 0.347656 0.638672 0.349611 0.638672 0.351563 0.636718 0.353514 0.638672 0.353514 0.642578 0.35742 0.644532 0.35742 0.646485 0.359376 0.650392 0.355469 0.648438 0.353514 0.646485 0.353514
0 0.283204 0.205077 0.275391 0.212891 0.275391 0.214842 0.277344 0.212891 0.279298 0.212891 0.283204 0.208984 0.285158 0.208984 0.283204 0.207033
0 0.199218 0.742187 0.197265 0.744143 0.195311 0.744143 0.195311 0.748045 0.197265 0.750001 0.197265 0.755858 0.199218 0.753907 0.203125 0.753907 0.203125 0.751952 0.201171 0.750001 0.201171 0.746094 0.199218 0.744143
0 0.279298 0.197264 0.273438 0.203126 0.273438 0.205077 0.275391 0.207033 0.279298 0.203126 0.279298 0.20117 0.283204 0.197264
0 0.701171 0.691405 0.701171 0.697267 0.710938 0.697267 0.710938 0.691405
0 0.484376 0.210939 0.480469 0.214842 0.488283 0.222655 0.492186 0.218749
1 0.890627 0.445314 0.88672 0.449217 0.888673 0.449217 0.89258 0.453123 0.894529 0.453123 0.896483 0.455079 0.898436 0.455079 0.902343 0.458986 0.904296 0.458986 0.90625 0.460937 0.908203 0.458986 0.908203 0.45703 0.910156 0.455079 0.908203 0.455079 0.90625 0.453123 0.904296 0.453123 0.902343 0.451172 0.90039 0.451172 0.898436 0.449217 0.896483 0.449217 0.894529 0.447266 0.89258 0.447266
0 0.921876 0.107423 0.921876 0.113281 0.919923 0.115232 0.919923 0.119139 0.921876 0.119139 0.92383 0.121095 0.92383 0.117188 0.925783 0.115232 0.925783 0.11133 0.927733 0.109375 0.92383 0.109375
0 0.652345 0.708982 0.650392 0.710938 0.644532 0.710938 0.644532 0.714845 0.652345 0.714845
0 0.80078 0.083983 0.80078 0.085939 0.798827 0.08789 0.798827 0.089845 0.796874 0.091797 0.798827 0.093752 0.798827 0.095703 0.80078 0.093752 0.80078 0.091797 0.804687 0.08789
0 0.072266 0.072268 0.072266 0.074219 0.074219 0.07617 0.074219 0.078125 0.083986 0.078125 0.083986 0.072268
0 0.097655 0.048827 0.097655 0.052734 0.105469 0.052734 0.107422 0.05469 0.107422 0.050783 0.099609 0.050783
0 0.138672 0.32422 0.136719 0.326171 0.132812 0.326171 0.132812 0.330078 0.134765 0.332029 0.134765 0.335936 0.136719 0.333985 0.140625 0.333985 0.140625 0.330078 0.138672 0.328127
0 0.376953 0.287109 0.375 0.289064 0.367187 0.289064 0.367187 0.291016 0.376953 0.291016
0 0.662108 0.285158 0.660155 0.287109 0.660155 0.289064 0.658205 0.291016 0.658205 0.292967 0.656252 0.294922 0.658205 0.294922 0.660155 0.296873 0.662108 0.294922 0.662108 0.292967 0.666015 0.289064
0 0.294921 0.181642 0.291014 0.185548 0.289064 0.185548 0.285158 0.189455 0.283204 0.189455 0.285158 0.191406 0.285158 0.193357 0.287111 0.191406 0.289064 0.191406 0.292967 0.1875 0.294921 0.1875 0.296874 0.185548 0.298827 0.185548
0 0.056639 0.162108 0.052736 0.166015 0.054689 0.16797 0.054689 0.169922 0.056639 0.171877 0.056639 0.173828 0.058592 0.175779 0.062499 0.171877 0.060546 0.169922 0.060546 0.16797 0.058592 0.166015 0.058592 0.164064
0 0.914063 0.105468 0.91211 0.107423 0.91211 0.109375 0.910156 0.11133 0.910156 0.113281 0.908203 0.115232 0.910156 0.115232 0.91211 0.117188 0.91211 0.115232 0.914063 0.113281 0.914063 0.11133 0.916016 0.109375 0.914063 0.107423
0 0.927733 0.701174 0.927733 0.707031 0.929686 0.708982 0.929686 0.716796 0.931639 0.714845 0.933593 0.714845 0.933593 0.701174
0 0.32617 0.25586 0.32617 0.257811 0.335937 0.257811 0.335937 0.25586
0 0.396483 0.3125 0.39453 0.314451 0.38672 0.314451 0.38672 0.318358 0.39453 0.318358 0.39453 0.316407 0.396483 0.314451
0 0.361327 0.316407 0.359373 0.318358 0.34961 0.318358 0.351564 0.320314 0.359373 0.320314 0.361327 0.318358
0 0.822267 0.337891 0.822267 0.339843 0.820314 0.341798 0.820314 0.345705 0.81836 0.347656 0.81836 0.349611 0.822267 0.349611 0.822267 0.347656 0.82422 0.345705 0.82422 0.343749 0.82617 0.341798 0.82617 0.339843 0.82422 0.339843
1 0.191405 0.546875 0.187502 0.550782 0.185548 0.550782 0.181642 0.554688 0.179688 0.554688 0.175782 0.558595 0.173828 0.558595 0.179688 0.564453 0.183595 0.560546 0.185548 0.560546 0.191405 0.554688 0.193358 0.554688 0.195311 0.552733 0.193358 0.550782 0.193358 0.548826
0 0.109375 0 0.107422 0 0.105469 0 0.103515 0 0.099609 0 0.103515 0 0.105469 0 0.107422 0 0.109375 0 0.111329 0 0.109375 0
0 0.83203 0.30078 0.83203 0.302736 0.830077 0.304687 0.830077 0.306642 0.828123 0.308594 0.828123 0.310549 0.83203 0.310549 0.833983 0.3125 0.833983 0.308594 0.835937 0.306642 0.835937 0.302736 0.833983 0.302736
0 0.101562 0.542968 0.099609 0.544924 0.095702 0.544924 0.095702 0.550782 0.097655 0.548826 0.099609 0.548826 0.101562 0.546875 0.105469 0.546875 0.107422 0.544924 0.105469 0.542968
0 0.677735 0.228517 0.677735 0.234375 0.689455 0.234375 0.689455 0.228517
0 0.85547 0.374998 0.85547 0.376954 0.853517 0.378905 0.853517 0.380861 0.851564 0.382812 0.85547 0.382812 0.857423 0.384767 0.857423 0.380861 0.859377 0.378905 0.859377 0.374998
0 0.023436 0.04297 0.023436 0.048827 0.035156 0.048827 0.035156 0.04297
0 0.109375 0.257811 0.107422 0.259767 0.105469 0.259767 0.105469 0.261718 0.107422 0.263673 0.107422 0.26758 0.109375 0.265625 0.111329 0.265625 0.111329 0.263673 0.109375 0.261718
0 0.777344 0.570311 0.777344 0.576173 0.789064 0.576173 0.789064 0.570311
0 0.472656 0 0.470703 0 0.466796 0 0.464843 0.001951 0.460936 0.001951 0.462889 0.003907 0.462889 0.005858 0.464843 0.003907 0.466796 0.003907 0.468749 0.001951 0.472656 0.001951
0 0.039062 0.01172 0.039062 0.015623 0.050783 0.015623 0.050783 0.01172
0 0.767577 0.449217 0.765624 0.451172 0.765624 0.453123 0.763671 0.455079 0.763671 0.45703 0.761717 0.458986 0.763671 0.460937 0.771484 0.453123
0 0.128905 0 0.128905 0.001951 0.130859 0.003907 0.130859 0.007814 0.134765 0.007814 0.134765 0
0 0.345704 0.302736 0.34375 0.304687 0.335937 0.304687 0.335937 0.306642 0.345704 0.306642
0 0.248048 0.189455 0.248048 0.193357 0.255861 0.193357 0.255861 0.191406 0.257811 0.189455
0 0.908203 0.140624 0.908203 0.14453 0.90625 0.146486 0.90625 0.150392 0.908203 0.150392 0.910156 0.148437 0.910156 0.142579 0.91211 0.140624
0 0.673828 0.236326 0.673828 0.238282 0.671875 0.240233 0.679688 0.240233 0.681641 0.242189 0.681641 0.240233 0.683595 0.238282 0.683595 0.236326
0 0.058592 0.021485 0.058592 0.025392 0.070312 0.025392 0.070312 0.021485
0 0.773437 0.439452 0.773437 0.443359 0.775391 0.445314 0.775391 0.449217 0.779297 0.449217 0.779297 0.445314 0.777344 0.443359 0.777344 0.439452
0 0.914063 0.121095 0.914063 0.130859 0.916016 0.130859 0.91797 0.132814 0.916016 0.130859 0.916016 0.126952 0.91797 0.125001 0.91797 0.121095
0 0.025389 0.421874 0.025389 0.425781 0.033203 0.425781 0.033203 0.421874
0 0.392576 0.296873 0.390623 0.298829 0.38086 0.298829 0.38086 0.30078 0.392576 0.30078
0 0.062499 0.755858 0.062499 0.761721 0.064452 0.763672 0.064452 0.765623 0.068359 0.765623 0.068359 0.761721 0.066406 0.759765 0.066406 0.755858
0 0.708984 0.318358 0.707031 0.320314 0.707031 0.322265 0.703124 0.326171 0.705078 0.326171 0.707031 0.328127 0.712891 0.322265
0 0.390623 0.287109 0.388674 0.289064 0.38086 0.289064 0.38086 0.292967 0.382813 0.291016 0.384767 0.291016 0.38672 0.289064 0.390623 0.289064
0 0.531249 0.330078 0.529296 0.332029 0.529296 0.333985 0.525389 0.337891 0.525389 0.339843 0.523439 0.341798 0.525389 0.341798 0.527342 0.343749 0.531249 0.339843 0.531249 0.337891 0.535156 0.333985
0 0.726561 0.353514 0.726561 0.355469 0.724611 0.35742 0.726561 0.359376 0.728514 0.359376 0.734374 0.365234 0.734374 0.363283 0.736328 0.361327 0.736328 0.359376 0.734374 0.359376 0.730467 0.355469 0.728514 0.355469
0 0.851564 0.388674 0.847657 0.392576 0.845703 0.392576 0.845703 0.394532 0.847657 0.396483 0.84961 0.396483 0.853517 0.392576 0.851564 0.390625
0 0.929686 0.371092 0.929686 0.374998 0.939453 0.374998 0.941406 0.376954 0.941406 0.371092
1 0.359373 0.654298 0.35742 0.656249 0.351564 0.656249 0.34961 0.658204 0.34375 0.658204 0.34375 0.660156 0.345704 0.662111 0.345704 0.664062 0.34375 0.666013 0.345704 0.664062 0.351564 0.664062 0.353517 0.662111 0.361327 0.662111 0.361327 0.660156 0.359373 0.658204
0 0.36914 0.292967 0.36914 0.296873 0.376953 0.296873 0.376953 0.292967
0 0.320314 0.083983 0.310547 0.093752 0.314454 0.097654 0.324217 0.08789
0 0.642578 0.585938 0.642578 0.587888 0.644532 0.589844 0.644532 0.591795 0.646485 0.589844 0.652345 0.589844 0.652345 0.585938
0 0.904296 0.160157 0.904296 0.16797 0.91211 0.16797 0.91211 0.162108 0.90625 0.162108
0 0.011719 0.435545 0.011719 0.439452 0.021486 0.439452 0.019533 0.437501 0.019533 0.435545
0 0.35742 0.82617 0.35742 0.835939 0.36328 0.835939 0.36328 0.82617
0 0.664061 0.246095 0.664061 0.248046 0.662108 0.250002 0.664061 0.250002 0.666015 0.251953 0.667968 0.251953 0.669921 0.253904 0.673828 0.250002 0.669921 0.250002 0.667968 0.248046 0.666015 0.248046
0 0.373047 0.152344 0.36914 0.15625 0.375 0.162108 0.376953 0.160157 0.376953 0.158201 0.378907 0.15625 0.376953 0.15625
0 0.931639 0.14453 0.929686 0.146486 0.927733 0.146486 0.927733 0.158201 0.931639 0.158201
0 0.103515 0.074219 0.101562 0.07617 0.101562 0.078125 0.103515 0.07617 0.111329 0.07617 0.111329 0.074219
0 0.414063 0.294922 0.41211 0.296873 0.404297 0.296873 0.40625 0.298829 0.40625 0.30078 0.408203 0.298829 0.414063 0.298829
0 0.34375 0.345705 0.34375 0.349611 0.35547 0.349611 0.35547 0.345705
0 0.539062 0.771485 0.537109 0.773436 0.535156 0.773436 0.535156 0.775392 0.537109 0.777343 0.537109 0.779299 0.539062 0.78125 0.539062 0.783205 0.542969 0.779299 0.541016 0.777343 0.541016 0.775392 0.539062 0.773436
0 0.345704 0.339843 0.345704 0.343749 0.351564 0.343749 0.351564 0.339843
0 0.83789 0.281251 0.83789 0.285158 0.835937 0.287109 0.835937 0.289064 0.83789 0.289064 0.839843 0.291016 0.839843 0.287109 0.841797 0.285158 0.841797 0.283202 0.839843 0.283202
0 0.339844 0.328127 0.339844 0.332029 0.351564 0.332029 0.351564 0.328127
0 0.898436 0.374998 0.898436 0.384767 0.90039 0.386719 0.902343 0.386719 0.902343 0.384767 0.904296 0.382812 0.904296 0.374998
0 0.738281 0.843748 0.736328 0.845704 0.734374 0.845704 0.730467 0.84961 0.728514 0.84961 0.732421 0.853517 0.740234 0.845704
0 0.82617 0.210939 0.820314 0.216797 0.822267 0.216797 0.82422 0.218749 0.82617 0.216797 0.82617 0.214842 0.828123 0.212891
0 0.89258 0.402345 0.888673 0.406252 0.890627 0.408203 0.89258 0.408203 0.896483 0.41211 0.90039 0.408203 0.898436 0.406252 0.896483 0.406252
0 0.339844 0.25586 0.339844 0.257811 0.347657 0.257811 0.34961 0.259767 0.34961 0.25586
0 0.904296 0.384767 0.904296 0.390625 0.914063 0.390625 0.914063 0.388674 0.916016 0.386719 0.916016 0.384767
0 0.078126 0.197264 0.076172 0.199219 0.074219 0.199219 0.074219 0.20117 0.076172 0.203126 0.076172 0.207033 0.078126 0.205077 0.082032 0.205077 0.080079 0.203126 0.080079 0.20117 0.078126 0.199219
0 0.537109 0.757814 0.535156 0.759765 0.531249 0.759765 0.531249 0.761721 0.533202 0.763672 0.533202 0.765623 0.535156 0.767579 0.535156 0.76953 0.539062 0.76953 0.539062 0.765623 0.537109 0.763672
0 0.097655 0.388674 0.095702 0.390625 0.091795 0.390625 0.093749 0.392576 0.093749 0.394532 0.095702 0.396483 0.095702 0.398438 0.097655 0.40039 0.099609 0.398438 0.101562 0.398438 0.101562 0.396483 0.099609 0.394532 0.099609 0.392576 0.097655 0.390625
0 0.927733 0.123046 0.927733 0.126952 0.925783 0.128908 0.925783 0.132814 0.927733 0.132814 0.929686 0.134766 0.929686 0.130859 0.931639 0.128908 0.931639 0.125001 0.929686 0.125001
0 0.687501 0.281251 0.681641 0.287109 0.683595 0.287109 0.685548 0.285158 0.687501 0.285158 0.689455 0.283202
0 0.808594 0.058592 0.80664 0.060548 0.80664 0.062499 0.804687 0.064454 0.804687 0.066406 0.802734 0.068361 0.804687 0.068361 0.80664 0.070312 0.80664 0.068361 0.808594 0.066406 0.808594 0.064454 0.810547 0.062499 0.808594 0.060548
0 0.84375 0.394532 0.839843 0.398438 0.839843 0.40039 0.835937 0.404296 0.839843 0.408203 0.84961 0.398438 0.847657 0.398438
0 0.531249 0.617187 0.529296 0.619142 0.525389 0.619142 0.523439 0.621093 0.519533 0.621093 0.519533 0.623049 0.521486 0.625 0.521486 0.626951 0.523439 0.625 0.525389 0.625 0.527342 0.623049 0.531249 0.623049
0 0.673828 0.615235 0.673828 0.625 0.677735 0.625 0.677735 0.615235
0 0.097655 0.062499 0.097655 0.068361 0.107422 0.068361 0.107422 0.066406 0.109375 0.064454 0.099609 0.064454
0 0.146485 0.347656 0.144532 0.349611 0.142578 0.349611 0.142578 0.359376 0.144532 0.35742 0.148438 0.35742 0.148438 0.353514 0.146485 0.351563
0 0.074219 0.046876 0.072266 0.048827 0.064452 0.048827 0.064452 0.050783 0.072266 0.050783 0.074219 0.052734
0 0.115235 0.53711 0.113282 0.539062 0.111329 0.539062 0.109375 0.541017 0.105469 0.541017 0.109375 0.544924 0.111329 0.542968 0.117189 0.542968 0.117189 0.541017 0.115235 0.539062
0 0.816407 0.24414 0.814454 0.246095 0.814454 0.248046 0.810547 0.251953 0.8125 0.251953 0.814454 0.253904 0.816407 0.251953 0.816407 0.250002 0.81836 0.248046 0.81836 0.246095
0 0.601562 0.716796 0.601562 0.722658 0.613282 0.722658 0.613282 0.720703 0.611328 0.718752 0.611328 0.716796
0 0.205078 0.474608 0.203125 0.476563 0.201171 0.476563 0.199218 0.478514 0.197265 0.478514 0.195311 0.48047 0.193358 0.48047 0.191405 0.482421 0.189451 0.482421 0.189451 0.488283 0.191405 0.486328 0.195311 0.486328 0.197265 0.484377 0.201171 0.484377 0.203125 0.482421 0.207031 0.482421 0.207031 0.48047 0.205078 0.478514
0 0.072266 0.750001 0.072266 0.751952 0.074219 0.753907 0.074219 0.757814 0.076172 0.759765 0.076172 0.761721 0.078126 0.759765 0.080079 0.759765 0.080079 0.757814 0.078126 0.755858 0.078126 0.753907 0.076172 0.751952 0.076172 0.750001
0 0.121095 0.529297 0.115235 0.535155 0.117189 0.53711 0.117189 0.539062 0.119142 0.541017 0.126952 0.533204 0.124998 0.533204
0 0.396483 0.257811 0.396483 0.261718 0.408203 0.261718 0.408203 0.257811
0 0.845703 0.275389 0.845703 0.279295 0.84375 0.281251 0.84375 0.285158 0.84961 0.285158 0.847657 0.283202 0.847657 0.279295 0.84961 0.277344 0.84961 0.275389
0 0.375 0.316407 0.375 0.320314 0.382813 0.320314 0.384767 0.318358 0.384767 0.316407
0 0.740234 0.701174 0.738281 0.703125 0.730467 0.703125 0.730467 0.707031 0.742188 0.707031 0.742188 0.70508 0.740234 0.703125
0 0.353517 0.283202 0.351564 0.285158 0.345704 0.285158 0.345704 0.289064 0.347657 0.287109 0.35547 0.287109 0.353517 0.285158
0 0.347657 0.248046 0.345704 0.250002 0.33789 0.250002 0.33789 0.253904 0.347657 0.253904
0 0.810547 0.074219 0.810547 0.07617 0.808594 0.078125 0.808594 0.080076 0.80664 0.082032 0.808594 0.082032 0.810547 0.083983 0.810547 0.082032 0.8125 0.080076 0.8125 0.078125 0.814454 0.07617 0.8125 0.07617
0 0.109375 0.056641 0.107422 0.058592 0.099609 0.058592 0.099609 0.062499 0.101562 0.060548 0.109375 0.060548
0 0.115235 0.281251 0.115235 0.285158 0.117189 0.287109 0.117189 0.289064 0.119142 0.287109 0.121095 0.287109 0.119142 0.285158 0.119142 0.283202 0.117189 0.281251
0 0.42383 0.162108 0.421877 0.164064 0.41797 0.164064 0.421877 0.16797 0.421877 0.169922 0.42383 0.171877 0.42578 0.169922 0.427733 0.169922 0.42578 0.16797 0.42578 0.166015 0.42383 0.164064
0 0.86914 0.398438 0.861327 0.406252 0.86328 0.406252 0.865233 0.408203 0.867186 0.408203 0.867186 0.406252 0.86914 0.404296 0.86914 0.402345 0.871093 0.40039
0 0.462889 0.640627 0.460936 0.642578 0.453126 0.642578 0.45508 0.644533 0.45508 0.646485 0.457033 0.644533 0.462889 0.644533
0 0.148438 0.367189 0.148438 0.371092 0.150392 0.373047 0.150392 0.378905 0.152345 0.376954 0.154299 0.376954 0.154299 0.373047 0.152345 0.371092 0.152345 0.367189
0 0.36328 0.761721 0.36328 0.771485 0.36914 0.771485 0.36914 0.761721
0 0.328124 0.26758 0.328124 0.269531 0.339844 0.269531 0.33789 0.26758
0 0.857423 0.56836 0.857423 0.574217 0.865233 0.574217 0.865233 0.572266 0.867186 0.570311 0.867186 0.56836
0 0.88086 0.417968 0.878907 0.419923 0.878907 0.421874 0.875 0.425781 0.876953 0.427736 0.876953 0.429688 0.884767 0.421874
0 0.833983 0.392576 0.830077 0.396483 0.828123 0.396483 0.82617 0.398438 0.830077 0.402345 0.830077 0.40039 0.83203 0.398438 0.83203 0.396483 0.833983 0.394532
0 0.113282 0.269531 0.111329 0.271487 0.109375 0.271487 0.109375 0.273438 0.111329 0.275389 0.111329 0.277344 0.113282 0.279295 0.113282 0.281251 0.115235 0.279295 0.117189 0.279295 0.117189 0.277344 0.115235 0.275389 0.115235 0.273438 0.113282 0.271487
0 0.324217 0.250002 0.324217 0.253904 0.335937 0.253904 0.335937 0.250002
0 0.619142 0.289064 0.617188 0.291016 0.617188 0.292967 0.615235 0.294922 0.617188 0.296873 0.619142 0.296873 0.623049 0.30078 0.626951 0.296873
0 0.773437 0.068361 0.773437 0.072268 0.781251 0.072268 0.783204 0.074219 0.783204 0.070312 0.775391 0.070312
0 0.599608 0.597657 0.601562 0.599609 0.601562 0.601564 0.607422 0.601564 0.607422 0.597657
0 0.080079 0.01953 0.078126 0.021485 0.072266 0.021485 0.072266 0.025392 0.080079 0.025392
0 0.408203 0.269531 0.40625 0.271487 0.398437 0.271487 0.398437 0.275389 0.40039 0.273438 0.408203 0.273438
0 0.792967 0.695312 0.792967 0.699218 0.80078 0.699218 0.802734 0.701174 0.802734 0.695312
0 0.062499 0.074219 0.062499 0.078125 0.072266 0.078125 0.072266 0.07617 0.070312 0.074219
0 0.81836 0.353514 0.816407 0.355469 0.81836 0.355469 0.822267 0.359376 0.82422 0.35742 0.822267 0.35742
1 0.675781 0.404296 0.675781 0.414061 0.673828 0.416016 0.673828 0.42383 0.683595 0.42383 0.683595 0.416016 0.681641 0.414061 0.681641 0.404296
0 0.339844 0.435545 0.333984 0.441408 0.33203 0.441408 0.328124 0.445314 0.330077 0.445314 0.33203 0.447266 0.33789 0.441408 0.339844 0.441408 0.341797 0.439452 0.339844 0.437501
0 0.859377 0.679689 0.859377 0.685547 0.86914 0.685547 0.86914 0.679689
0 0.86914 0.41211 0.867186 0.414061 0.867186 0.416016 0.86328 0.419923 0.865233 0.421874 0.871093 0.416016 0.86914 0.414061
0 0.763671 0.570311 0.763671 0.578124 0.773437 0.578124 0.773437 0.572266 0.765624 0.572266
0 0.451173 0.20117 0.451173 0.203126 0.44922 0.205077 0.453126 0.208984 0.453126 0.210939 0.45508 0.212891 0.457033 0.210939 0.458983 0.210939 0.45508 0.207033 0.45508 0.205077
0 0.822267 0.24414 0.820314 0.246095 0.820314 0.248046 0.81836 0.250002 0.81836 0.251953 0.816407 0.253904 0.81836 0.253904 0.820314 0.25586 0.820314 0.253904 0.822267 0.251953 0.822267 0.250002 0.82422 0.248046 0.82422 0.246095
0 0.830077 0.314451 0.830077 0.316407 0.828123 0.318358 0.828123 0.320314 0.82617 0.322265 0.82617 0.32422 0.828123 0.32422 0.830077 0.326171 0.830077 0.32422 0.83203 0.322265 0.83203 0.320314 0.833983 0.318358 0.833983 0.316407 0.83203 0.316407
0 0.34375 0.279295 0.34375 0.283202 0.345704 0.281251 0.353517 0.281251 0.353517 0.279295
0 0.86328 0.408203 0.861327 0.410154 0.861327 0.41211 0.857423 0.416016 0.861327 0.419923 0.86328 0.417968 0.86328 0.416016 0.867186 0.41211
0 0.378907 0.652342 0.378907 0.656249 0.388674 0.656249 0.388674 0.652342
0 0.802734 0.347656 0.802734 0.349611 0.80078 0.351563 0.80078 0.353514 0.798827 0.355469 0.802734 0.355469 0.804687 0.35742 0.804687 0.353514 0.80664 0.351563 0.80664 0.349611 0.804687 0.349611
0 0.078126 0.556639 0.076172 0.558595 0.074219 0.558595 0.072266 0.560546 0.070312 0.560546 0.072266 0.562502 0.072266 0.564453 0.074219 0.566408 0.080079 0.560546 0.078126 0.558595
0 0.33789 0.310549 0.33789 0.314451 0.347657 0.314451 0.347657 0.310549
0 0.816407 0.296873 0.816407 0.30078 0.814454 0.302736 0.814454 0.304687 0.81836 0.304687 0.81836 0.30078 0.820314 0.298829 0.820314 0.296873
0 0.435546 0.347656 0.427733 0.355469 0.429686 0.35742 0.429686 0.359376 0.433593 0.355469 0.433593 0.353514 0.4375 0.349611
0 0.84375 0.56836 0.84375 0.576173 0.85547 0.576173 0.85547 0.56836
0 0.499999 0.294922 0.499999 0.296873 0.498046 0.298829 0.498046 0.30078 0.496092 0.302736 0.496092 0.304687 0.498046 0.306642 0.499999 0.304687 0.499999 0.302736 0.501953 0.30078 0.501953 0.298829 0.503906 0.296873 0.501953 0.296873
0 0.84375 0.271487 0.84375 0.273438 0.841797 0.275389 0.841797 0.277344 0.839843 0.279295 0.841797 0.281251 0.841797 0.279295 0.84375 0.277344 0.84375 0.275389 0.845703 0.273438 0.845703 0.271487
0 0.124998 0.292967 0.123045 0.294922 0.119142 0.294922 0.119142 0.296873 0.121095 0.298829 0.121095 0.302736 0.123045 0.30078 0.126952 0.30078 0.126952 0.296873 0.124998 0.294922
0 0.763671 0.113281 0.761717 0.115232 0.761717 0.117188 0.759764 0.119139 0.759764 0.121095 0.757814 0.123046 0.759764 0.125001 0.767577 0.117188
0 0.031249 0.123046 0.027342 0.126952 0.029296 0.128908 0.029296 0.130859 0.031249 0.132814 0.031249 0.134766 0.035156 0.130859 0.037109 0.130859 0.033203 0.126952 0.033203 0.125001
0 0.103515 0.085939 0.103515 0.091797 0.105469 0.089845 0.117189 0.089845 0.117189 0.085939