0 0.222652 0.339846 0.218756 0.343751 0.216795 0.343751 0.214847 0.345703 0.214847 0.347656 0.212887 0.349608 0.212887 0.35156 0.210938 0.353518 0.210938 0.35547 0.20899 0.357423 0.20899 0.359375 0.20703 0.361327 0.20703 0.36328 0.205082 0.365232 0.205082 0.36719 0.203121 0.369142 0.203121 0.378904 0.205082 0.378904 0.20703 0.380862 0.210938 0.380862 0.214847 0.376952 0.214847 0.374999 0.218756 0.371095 0.218756 0.369142 0.220704 0.36719 0.220704 0.365232 0.222652 0.36328 0.222652 0.361327 0.224613 0.359375 0.224613 0.357423 0.226561 0.35547 0.226561 0.353518 0.228509 0.35156 0.228509 0.349608 0.23047 0.347656 0.23047 0.345703 0.228509 0.343751 0.228509 0.341798 0.224613 0.341798
0 0.431643 0.703126 0.429682 0.705078 0.429682 0.707031 0.427733 0.708983 0.427733 0.71875 0.429682 0.71875 0.431643 0.720703 0.43359 0.71875 0.443356 0.71875 0.443356 0.710935 0.445317 0.708983 0.445317 0.703126
0 0.164058 0.820311 0.16211 0.822263 0.152344 0.822263 0.148435 0.826173 0.148435 0.837893 0.150396 0.837893 0.152344 0.839845 0.152344 0.841798 0.154292 0.839845 0.189459 0.839845 0.189459 0.837893 0.191407 0.835935 0.191407 0.833983 0.193355 0.83203 0.193355 0.830078 0.191407 0.828126 0.191407 0.824221 0.189459 0.824221 0.187498 0.822263 0.166018 0.822263
0 0.794924 0.814454 0.791015 0.818358 0.791015 0.820311 0.789067 0.822263 0.789067 0.826173 0.792963 0.830078 0.826169 0.830078 0.82813 0.83203 0.832026 0.83203 0.833987 0.830078 0.835935 0.830078 0.835935 0.818358 0.833987 0.816406 0.796872 0.816406
0 0.220704 0.847655 0.218756 0.849607 0.214847 0.849607 0.210938 0.853517 0.210938 0.863279 0.20899 0.865237 0.20899 0.880861 0.214847 0.880861 0.216795 0.882814 0.222652 0.882814 0.224613 0.880861 0.224613 0.878909 0.226561 0.876951 0.226561 0.853517 0.224613 0.851565 0.224613 0.849607 0.222652 0.849607
0 0.4375 0.749999 0.435551 0.751951 0.419916 0.751951 0.419916 0.753909 0.417968 0.755861 0.417968 0.759766 0.41602 0.761718 0.41602 0.763671 0.419916 0.767575 0.441408 0.767575 0.441408 0.765623 0.443356 0.763671 0.443356 0.755861 0.441408 0.753909 0.441408 0.749999
0 0.316401 0.60547 0.312505 0.609375 0.312505 0.621094 0.333985 0.642576 0.335933 0.640623 0.339842 0.640623 0.34375 0.636719 0.345698 0.636719 0.345698 0.634766 0.347659 0.632814 0.347659 0.628904 0.324219 0.60547
0 0.210938 0.693359 0.20703 0.697263 0.205082 0.697263 0.203121 0.699221 0.203121 0.705078 0.201173 0.707031 0.201173 0.710935 0.203121 0.712893 0.205082 0.712893 0.20899 0.716798 0.210938 0.716798 0.214847 0.720703 0.216795 0.720703 0.220704 0.724607 0.222652 0.724607 0.226561 0.728517 0.228509 0.728517 0.232418 0.732422 0.236327 0.732422 0.238275 0.734375 0.246093 0.726565 0.246093 0.710935 0.244145 0.710935 0.240236 0.707031 0.238275 0.707031 0.236327 0.705078 0.234379 0.705078 0.23047 0.701174 0.228509 0.701174 0.224613 0.697263 0.222652 0.697263 0.220704 0.695311 0.216795 0.695311 0.214847 0.693359
0 0.361334 0.714845 0.359373 0.716798 0.357425 0.716798 0.357425 0.71875 0.355464 0.720703 0.355464 0.732422 0.353516 0.734375 0.353516 0.749999 0.355464 0.751951 0.355464 0.753909 0.361334 0.753909 0.363282 0.755861 0.36523 0.753909 0.367191 0.753909 0.367191 0.751951 0.369139 0.749999 0.369139 0.736327 0.3711 0.734375 0.3711 0.720703 0.369139 0.71875 0.369139 0.716798 0.36523 0.716798 0.363282 0.714845
0 0.041012 0.310544 0.039063 0.312502 0.039063 0.314455 0.037116 0.316407 0.037116 0.318359 0.033207 0.322264 0.033207 0.324216 0.031246 0.326174 0.031246 0.328126 0.029298 0.330079 0.029298 0.332031 0.02735 0.333984 0.02735 0.341798 0.029298 0.343751 0.029298 0.345703 0.031246 0.347656 0.031246 0.349608 0.033207 0.35156 0.035155 0.349608 0.037116 0.349608 0.041012 0.345703 0.042973 0.345703 0.04492 0.343751 0.04492 0.341798 0.046881 0.339846 0.046881 0.335936 0.048829 0.333984 0.048829 0.330079 0.050777 0.328126 0.050777 0.314455 0.048829 0.312502 0.048829 0.310544
0 0.339842 0.589846 0.337893 0.591798 0.332036 0.591798 0.330076 0.59375 0.330076 0.597655 0.328128 0.599608 0.328128 0.603518 0.341802 0.61719 0.341802 0.619142 0.353516 0.630862 0.355464 0.630862 0.359373 0.626951 0.361334 0.626951 0.363282 0.624999 0.36523 0.624999 0.36523 0.615232
0 0.169927 0.763671 0.166018 0.767575 0.166018 0.773438 0.164058 0.77539 0.164058 0.779295 0.167967 0.779295 0.169927 0.781247 0.171875 0.781247 0.173824 0.783205 0.177732 0.783205 0.179693 0.785158 0.181641 0.785158 0.183589 0.78711 0.187498 0.78711 0.189459 0.789062 0.191407 0.789062 0.193355 0.791015 0.197264 0.791015 0.199225 0.792967 0.201173 0.791015 0.203121 0.791015 0.205082 0.789062 0.205082 0.78711 0.20703 0.785158 0.20703 0.777343 0.205082 0.77539 0.205082 0.773438 0.201173 0.773438 0.199225 0.771486 0.195316 0.771486 0.193355 0.769533 0.187498 0.769533 0.18555 0.767575 0.181641 0.767575 0.179693 0.765623 0.175784 0.765623 0.173824 0.763671
0 0.417968 0.798829 0.414059 0.802734 0.414059 0.804687 0.412111 0.806639 0.412111 0.808591 0.414059 0.810549 0.414059 0.814454 0.41602 0.816406 0.41602 0.818358 0.435551 0.818358 0.4375 0.816406 0.4375 0.800782 0.43359 0.800782 0.431643 0.798829
0 0.238275 0.841798 0.236327 0.84375 0.236327 0.845702 0.234379 0.847655 0.234379 0.859374 0.232418 0.861327 0.232418 0.876951 0.234379 0.878909 0.234379 0.880861 0.236327 0.882814 0.236327 0.884766 0.242184 0.884766 0.244145 0.886718 0.244145 0.884766 0.246093 0.882814 0.246093 0.880861 0.250002 0.876951 0.250002 0.845702 0.246093 0.841798
0 0.857427 0.923829 0.853518 0.927734 0.851558 0.927734 0.851558 0.933591 0.853518 0.935549 0.853518 0.947263 0.855467 0.949221 0.859375 0.949221 0.861323 0.951173 0.861323 0.949221 0.863284 0.947263 0.863284 0.945311 0.865232 0.943358 0.865232 0.927734 0.863284 0.925782 0.861323 0.925782 0.859375 0.923829
0 0.89649 0.61719 0.890621 0.623047 0.890621 0.628904 0.888673 0.630862 0.888673 0.646486 0.892581 0.646486 0.89453 0.648438 0.900387 0.648438 0.902347 0.646486 0.902347 0.644533 0.904295 0.642576 0.904295 0.621094 0.902347 0.619142 0.900387 0.619142 0.898438 0.61719
0 0.900387 0.705078 0.898438 0.707031 0.89649 0.707031 0.89453 0.708983 0.892581 0.708983 0.892581 0.732422 0.89453 0.734375 0.89453 0.757814 0.900387 0.757814 0.902347 0.759766 0.914061 0.759766 0.914061 0.712893 0.908204 0.707031 0.902347 0.707031
0 0.257807 0.992189 0.257807 0.996094 0.255858 0.998046 0.255858 1 0.257807 1 0.257807 1 0.259767 1 0.267572 1 0.269533 1 0.27539 1 0.277338 1 0.304687 1 0.304687 1 0.306635 1 0.306635 0.996094 0.304687 0.994141 0.269533 0.994141 0.267572 0.992189
0 0.906256 0.763671 0.906256 0.783205 0.927736 0.783205 0.929684 0.785158 0.931644 0.783205 0.935541 0.783205 0.937501 0.781247 0.937501 0.777343 0.93945 0.77539 0.93945 0.769533 0.937501 0.769533 0.935541 0.767575 0.921879 0.767575 0.919918 0.765623 0.908204 0.765623
0 0.707032 0.585936 0.703123 0.589846 0.703123 0.59375 0.701175 0.595703 0.701175 0.60156 0.699214 0.603518 0.699214 0.615232 0.703123 0.619142 0.707032 0.619142 0.70898 0.61719 0.71485 0.61719 0.716798 0.615232 0.716798 0.607422 0.718745 0.60547 0.718745 0.595703 0.720707 0.59375 0.720707 0.589846 0.718745 0.587893 0.718745 0.585936
0 0.316401 0.708983 0.314453 0.710935 0.312505 0.710935 0.308596 0.714845 0.308596 0.73047 0.306635 0.732422 0.306635 0.746094 0.308596 0.748046 0.308596 0.749999 0.312505 0.749999 0.314453 0.751951 0.316401 0.749999 0.322271 0.749999 0.322271 0.748046 0.324219 0.746094 0.324219 0.73047 0.326167 0.728517 0.326167 0.714845 0.324219 0.712893 0.324219 0.710935 0.322271 0.708983
0 0.328128 0.955078 0.324219 0.958983 0.322271 0.958983 0.318362 0.962893 0.318362 0.970702 0.32031 0.970702 0.324219 0.974607 0.351568 0.974607 0.355464 0.970702 0.355464 0.96875 0.357425 0.966797 0.357425 0.958983 0.355464 0.95703 0.349607 0.95703 0.347659 0.955078
0 0.16211 0.792967 0.160162 0.794919 0.158201 0.794919 0.156253 0.796877 0.156253 0.798829 0.154292 0.800782 0.154292 0.806639 0.156253 0.808591 0.156253 0.810549 0.158201 0.812501 0.169927 0.812501 0.171875 0.814454 0.183589 0.814454 0.18555 0.816406 0.193355 0.816406 0.197264 0.812501 0.197264 0.810549 0.199225 0.808591 0.199225 0.800782 0.197264 0.800782 0.195316 0.798829 0.18555 0.798829 0.183589 0.796877 0.175784 0.796877 0.173824 0.794919 0.164058 0.794919
0 0.332036 0.761718 0.328128 0.765623 0.328128 0.791015 0.332036 0.794919 0.337893 0.794919 0.337893 0.792967 0.341802 0.789062 0.34375 0.789062 0.34375 0.777343 0.345698 0.77539 0.345698 0.765623 0.341802 0.761718
0 0.773432 0.587893 0.771483 0.589846 0.769535 0.589846 0.767575 0.591798 0.763665 0.591798 0.763665 0.611327 0.765627 0.613279 0.765627 0.615232 0.769535 0.619142 0.771483 0.619142 0.773432 0.621094 0.775392 0.619142 0.77734 0.619142 0.77734 0.61719 0.779301 0.615232 0.779301 0.611327 0.781249 0.609375 0.781249 0.589846 0.779301 0.587893
0 0.359373 0.757814 0.357425 0.759766 0.355464 0.759766 0.355464 0.763671 0.353516 0.765623 0.353516 0.77539 0.351568 0.777343 0.351568 0.781247 0.355464 0.785158 0.359373 0.785158 0.361334 0.78711 0.361334 0.785158 0.363282 0.783205 0.363282 0.781247 0.36523 0.779295 0.36523 0.769533 0.367191 0.767575 0.367191 0.761718 0.36523 0.759766 0.36523 0.757814
0 1 0.714845 1 0.716798 0.996096 0.716798 0.996096 0.722655 0.994135 0.724607 0.994135 0.736327 0.992187 0.738279 0.992187 0.748046 0.990239 0.749999 0.990239 0.763671 0.992187 0.765623 0.992187 0.767575 0.994135 0.769533 0.996096 0.769533 0.998044 0.767575 1 0.767575 1 0.765623 1 0.765623 1 0.763671 1 0.761718 1 0.759766 1 0.740237 1 0.738279 1 0.71875 1 0.71875 1 0.714845
0 0.794924 0.753909 0.794924 0.755861 0.792963 0.757814 0.792963 0.759766 0.794924 0.761718 0.794924 0.765623 0.814455 0.765623 0.816403 0.763671 0.816403 0.761718 0.818364 0.759766 0.818364 0.757814 0.816403 0.755861 0.814455 0.755861 0.812495 0.753909
9 0.904295 0.437502 0.902347 0.439454 0.892581 0.439454 0.890621 0.441407 0.878907 0.441407 0.878907 0.449216 0.880855 0.451174 0.880855 0.464846 0.882816 0.466798 0.882816 0.474608 0.884764 0.472655 0.892581 0.472655 0.89453 0.470703 0.898438 0.470703 0.900387 0.472655 0.902347 0.472655 0.904295 0.474608 0.904295 0.47656
0 0.533209 0.552735 0.531248 0.554687 0.527339 0.554687 0.525391 0.556639 0.523443 0.556639 0.521482 0.558592 0.519534 0.558592 0.515625 0.562502 0.513677 0.562502 0.511716 0.564454 0.509769 0.564454 0.507808 0.566407 0.50586 0.566407 0.50586 0.568359 0.503911 0.570311 0.503911 0.572264 0.50586 0.574221 0.50586 0.576174 0.509769 0.576174 0.511716 0.578126 0.513677 0.578126 0.515625 0.580078 0.517573 0.578126 0.523443 0.578126 0.525391 0.576174 0.5293 0.576174 0.531248 0.574221 0.535157 0.574221 0.537105 0.572264 0.541014 0.572264 0.542974 0.570311 0.546871 0.570311 0.546871 0.562502 0.544923 0.560549 0.544923 0.558592 0.542974 0.556639 0.542974 0.554687 0.541014 0.552735
0 0.25391 0.654295 0.25195 0.656248 0.250002 0.656248 0.248041 0.658205 0.248041 0.66211 0.246093 0.664062 0.246093 0.667967 0.25391 0.675782 0.255858 0.675782 0.265624 0.685549 0.271481 0.685549 0.273442 0.687502 0.27539 0.687502 0.279299 0.683591 0.281247 0.683591 0.281247 0.679687 0.283208 0.677734 0.283208 0.675782 0.273442 0.666015 0.271481 0.666015 0.259767 0.654295
0 0.201173 0.908205 0.201173 0.910157 0.197264 0.914062 0.197264 0.916014 0.199225 0.917967 0.199225 0.919925 0.201173 0.919925 0.203121 0.921877 0.205082 0.921877 0.20703 0.923829 0.210938 0.923829 0.212887 0.925782 0.214847 0.925782 0.216795 0.927734 0.218756 0.927734 0.220704 0.929686 0.224613 0.929686 0.226561 0.927734 0.228509 0.927734 0.228509 0.925782 0.23047 0.923829 0.23047 0.914062 0.228509 0.914062 0.224613 0.910157 0.220704 0.910157 0.218756 0.908205
0 0.412111 0.845702 0.41015 0.847655 0.41015 0.849607 0.408202 0.851565 0.408202 0.857422 0.41015 0.857422 0.412111 0.859374 0.427733 0.859374 0.429682 0.861327 0.431643 0.859374 0.43359 0.859374 0.43359 0.847655 0.431643 0.845702
0 0.261715 0.847655 0.261715 0.849607 0.259767 0.851565 0.259767 0.853517 0.257807 0.85547 0.257807 0.865237 0.255858 0.867189 0.255858 0.878909 0.257807 0.878909 0.259767 0.880861 0.261715 0.880861 0.263676 0.882814 0.265624 0.882814 0.267572 0.884766 0.271481 0.880861 0.271481 0.878909 0.273442 0.876951 0.273442 0.853517 0.271481 0.851565 0.269533 0.851565 0.267572 0.849607 0.263676 0.849607
0 0.29687 0.621094 0.292974 0.624999 0.292974 0.628904 0.291013 0.630862 0.291013 0.634766 0.300778 0.644533 0.302739 0.644533 0.314453 0.656248 0.316401 0.656248 0.318362 0.658205 0.32031 0.656248 0.324219 0.656248 0.330076 0.650391 0.330076 0.646486 0.328128 0.644533 0.328128 0.642576 0.318362 0.632814 0.316401 0.632814 0.304687 0.621094
0 0.431643 0.679687 0.429682 0.681639 0.423825 0.681639 0.421876 0.683591 0.421876 0.685549 0.419916 0.687502 0.419916 0.689454 0.421876 0.691406 0.421876 0.695311 0.423825 0.695311 0.425785 0.697263 0.427733 0.695311 0.4375 0.695311 0.439447 0.693359 0.443356 0.693359 0.443356 0.687502 0.441408 0.685549 0.441408 0.683591 0.4375 0.683591 0.435551 0.681639 0.43359 0.681639
0 0.41015 0.824221 0.41015 0.833983 0.412111 0.835935 0.412111 0.837893 0.414059 0.837893 0.41602 0.839845 0.423825 0.839845 0.425785 0.841798 0.43359 0.841798 0.4375 0.837893 0.4375 0.828126 0.435551 0.828126 0.431643 0.824221
0 0.464848 0.585936 0.466796 0.587893 0.466796 0.589846 0.468745 0.591798 0.468745 0.59375 0.470706 0.595703 0.470706 0.597655 0.472653 0.599608 0.472653 0.60156 0.474614 0.603518 0.474614 0.60547 0.47851 0.609375 0.482419 0.609375 0.48438 0.607422 0.488276 0.607422 0.488276 0.60547 0.490237 0.603518 0.490237 0.599608 0.488276 0.597655 0.488276 0.595703 0.486328 0.59375 0.486328 0.591798 0.48438 0.589846 0.48438 0.587893 0.482419 0.585936
0 0.152344 0.962893 0.150396 0.964845 0.148435 0.964845 0.146487 0.966797 0.144526 0.966797 0.144526 0.974607 0.146487 0.976565 0.146487 0.978517 0.148435 0.980469 0.150396 0.980469 0.154292 0.984374 0.156253 0.984374 0.160162 0.988279 0.16211 0.988279 0.166018 0.992189 0.167967 0.990237 0.171875 0.990237 0.173824 0.988279 0.175784 0.988279 0.175784 0.986326 0.177732 0.984374 0.177732 0.980469 0.173824 0.976565 0.173824 0.974607 0.171875 0.972655 0.169927 0.972655 0.167967 0.970702 0.166018 0.970702 0.164058 0.96875 0.16211 0.96875 0.160162 0.966797 0.158201 0.966797 0.156253 0.964845 0.154292 0.964845
0 0.177732 0.917967 0.173824 0.921877 0.171875 0.921877 0.169927 0.923829 0.169927 0.931639 0.171875 0.933591 0.173824 0.933591 0.177732 0.937501 0.179693 0.937501 0.18555 0.943358 0.187498 0.943358 0.189459 0.945311 0.191407 0.945311 0.193355 0.947263 0.195316 0.947263 0.199225 0.951173 0.201173 0.949221 0.205082 0.949221 0.20899 0.945311 0.20899 0.941406 0.210938 0.939454 0.210938 0.937501 0.20899 0.935549 0.20899 0.933591 0.20703 0.933591 0.205082 0.931639 0.203121 0.931639 0.199225 0.927734 0.197264 0.927734 0.195316 0.925782 0.193355 0.925782 0.191407 0.923829 0.189459 0.923829 0.18555 0.919925 0.183589 0.919925 0.181641 0.917967
0 0.226561 0.677734 0.222652 0.681639 0.222652 0.689454 0.224613 0.691406 0.226561 0.691406 0.23047 0.695311 0.232418 0.695311 0.236327 0.699221 0.238275 0.699221 0.242184 0.703126 0.244145 0.703126 0.248041 0.707031 0.250002 0.707031 0.25195 0.708983 0.255858 0.708983 0.257807 0.707031 0.259767 0.707031 0.259767 0.705078 0.261715 0.703126 0.261715 0.699221 0.263676 0.697263 0.263676 0.693359 0.261715 0.693359 0.259767 0.691406 0.257807 0.691406 0.25391 0.687502 0.25195 0.687502 0.250002 0.685549 0.248041 0.685549 0.246093 0.683591 0.244145 0.683591 0.240236 0.679687 0.238275 0.679687 0.236327 0.677734
0 0.833987 0.753909 0.832026 0.755861 0.832026 0.759766 0.830078 0.761718 0.830078 0.765623 0.832026 0.767575 0.832026 0.769533 0.833987 0.771486 0.851558 0.771486 0.853518 0.773438 0.869141 0.773438 0.871089 0.77539 0.87305 0.77539 0.87305 0.773438 0.874998 0.771486 0.874998 0.769533 0.876959 0.767575 0.876959 0.761718 0.874998 0.759766 0.874998 0.757814 0.857427 0.757814 0.855467 0.755861 0.837896 0.755861 0.835935 0.753909
0 0.925775 0.705078 0.923827 0.707031 0.921879 0.707031 0.919918 0.708983 0.91797 0.708983 0.91797 0.724607 0.916022 0.726565 0.916022 0.742189 0.91797 0.744142 0.91797 0.746094 0.919918 0.748046 0.925775 0.748046 0.927736 0.749999 0.931644 0.749999 0.935541 0.746094 0.935541 0.736327 0.937501 0.734375 0.937501 0.716798 0.93945 0.714845 0.93945 0.707031 0.931644 0.707031 0.929684 0.705078
0 0.865232 0.457031 0.863284 0.458983 0.861323 0.458983 0.859375 0.460936 0.859375 0.472655 0.861323 0.474608 0.861323 0.490232 0.863284 0.49219 0.863284 0.499999 0.867193 0.499999 0.869141 0.501952 0.87305 0.501952 0.874998 0.499999 0.876959 0.501952 0.880855 0.501952 0.882816 0.503904 0.882816 0.499999 0.884764 0.498047 0.884764 0.49219 0.882816 0.490232 0.882816 0.482423 0.880855 0.48047 0.880855 0.474608 0.878907 0.472655 0.878907 0.466798 0.876959 0.464846 0.876959 0.460936 0.874998 0.460936 0.871089 0.457031
0 0.339842 0.714845 0.332036 0.722655 0.332036 0.728517 0.330076 0.73047 0.330076 0.742189 0.339842 0.742189 0.341802 0.740237 0.345698 0.740237 0.345698 0.720703 0.34375 0.71875 0.34375 0.716798 0.341802 0.714845
0 0.427733 0.722655 0.421876 0.728517 0.421876 0.732422 0.419916 0.734375 0.419916 0.738279 0.423825 0.742189 0.423825 0.744142 0.439447 0.744142 0.439447 0.722655
0 0.425785 0.771486 0.423825 0.773438 0.421876 0.773438 0.419916 0.77539 0.417968 0.77539 0.417968 0.777343 0.41602 0.779295 0.41602 0.785158 0.414059 0.78711 0.414059 0.789062 0.41602 0.789062 0.419916 0.792967 0.427733 0.792967 0.429682 0.794919 0.439447 0.794919 0.439447 0.783205 0.441408 0.781247 0.441408 0.773438 0.439447 0.771486
0 0.169927 0.937501 0.167967 0.939454 0.166018 0.939454 0.164058 0.941406 0.164058 0.943358 0.16211 0.945311 0.16211 0.95703 0.164058 0.95703 0.166018 0.958983 0.167967 0.958983 0.169927 0.960935 0.171875 0.960935 0.173824 0.962893 0.175784 0.962893 0.177732 0.964845 0.179693 0.964845 0.181641 0.966797 0.191407 0.966797 0.193355 0.964845 0.193355 0.962893 0.197264 0.958983 0.197264 0.955078 0.195316 0.953125 0.195316 0.951173 0.191407 0.947263 0.189459 0.947263 0.187498 0.945311 0.18555 0.945311 0.181641 0.941406 0.179693 0.941406 0.177732 0.939454 0.175784 0.939454 0.173824 0.937501
0 0.376956 0.865237 0.374996 0.867189 0.3711 0.867189 0.3711 0.869141 0.369139 0.871094 0.367191 0.871094 0.367191 0.896485 0.369139 0.898438 0.369139 0.90039 0.3711 0.902342 0.3711 0.904295 0.373048 0.904295 0.374996 0.906253 0.378905 0.906253 0.380865 0.904295 0.382813 0.904295 0.382813 0.90039 0.384762 0.898438 0.384762 0.867189 0.382813 0.867189 0.380865 0.865237
0 0.281247 0.644533 0.279299 0.646486 0.277338 0.646486 0.273442 0.650391 0.273442 0.652343 0.271481 0.654295 0.291013 0.67383 0.292974 0.67383 0.294922 0.675782 0.29883 0.675782 0.300778 0.67383 0.304687 0.67383 0.304687 0.671877 0.306635 0.66992 0.306635 0.666015 0.285156 0.644533
0 0.976564 0.714845 0.974604 0.716798 0.968747 0.716798 0.968747 0.736327 0.966799 0.738279 0.966799 0.761718 0.970708 0.765623 0.970708 0.767575 0.982421 0.767575 0.982421 0.765623 0.98437 0.763671 0.98437 0.753909 0.98633 0.751951 0.98633 0.732422 0.988278 0.73047 0.988278 0.716798 0.98437 0.716798 0.982421 0.714845
0 0.798833 0.878909 0.794924 0.882814 0.794924 0.888671 0.792963 0.890623 0.794924 0.892581 0.794924 0.894533 0.796872 0.896485 0.833987 0.896485 0.835935 0.898438 0.835935 0.896485 0.837896 0.894533 0.837896 0.884766 0.835935 0.882814 0.820312 0.882814 0.818364 0.880861 0.802729 0.880861 0.800781 0.878909
0 0.187498 0.738279 0.18555 0.740237 0.181641 0.740237 0.181641 0.742189 0.179693 0.744142 0.179693 0.746094 0.177732 0.748046 0.177732 0.751951 0.183589 0.757814 0.18555 0.757814 0.193355 0.765623 0.195316 0.765623 0.199225 0.769533 0.203121 0.769533 0.205082 0.771486 0.20703 0.771486 0.20899 0.769533 0.216795 0.769533 0.216795 0.767575 0.218756 0.765623 0.218756 0.759766 0.214847 0.755861 0.212887 0.755861 0.205082 0.748046 0.203121 0.748046 0.193355 0.738279
0 0.890621 0.474608 0.890621 0.47656 0.888673 0.478518 0.888673 0.48047 0.886724 0.482423 0.886724 0.49219 0.888673 0.494142 0.888673 0.507814 0.890621 0.509766 0.890621 0.517576 0.892581 0.517576 0.89453 0.519534 0.898438 0.519534 0.900387 0.521486 0.904295 0.521486 0.904295 0.478518 0.900387 0.474608
0 0.874998 0.501952 0.87305 0.503904 0.869141 0.503904 0.867193 0.505862 0.861323 0.505862 0.861323 0.511719 0.863284 0.513671 0.863284 0.527343 0.865232 0.529295 0.865232 0.539063 0.871089 0.539063 0.87305 0.541015 0.876959 0.541015 0.878907 0.539063 0.880855 0.539063 0.884764 0.535158 0.884764 0.519534 0.882816 0.517576 0.882816 0.507814 0.880855 0.505862 0.880855 0.503904 0.876959 0.503904
0 0.279299 0.966797 0.27539 0.970702 0.273442 0.970702 0.273442 0.982422 0.27539 0.984374 0.29883 0.984374 0.300778 0.986326 0.302739 0.984374 0.308596 0.984374 0.312505 0.980469 0.312505 0.972655 0.308596 0.96875 0.281247 0.96875
0 0.199225 0.841798 0.197264 0.84375 0.189459 0.84375 0.189459 0.851565 0.187498 0.853517 0.187498 0.861327 0.18555 0.863279 0.18555 0.869141 0.183589 0.871094 0.183589 0.890623 0.18555 0.892581 0.187498 0.892581 0.189459 0.894533 0.193355 0.894533 0.195316 0.892581 0.197264 0.892581 0.199225 0.890623 0.201173 0.890623 0.203121 0.888671 0.203121 0.882814 0.205082 0.880861 0.205082 0.871094 0.20703 0.869141 0.20703 0.863279 0.205082 0.861327 0.205082 0.845702 0.203121 0.84375 0.201173 0.84375
0 0.14063 0.984374 0.138669 0.986326 0.136721 0.986326 0.134761 0.988279 0.132812 0.988279 0.132812 0.990237 0.130864 0.992189 0.130864 0.999998 0.132812 1 0.134761 1 0.138669 1 0.14063 1 0.144526 1 0.146487 1 0.150396 1 0.152344 1 0.156253 1 0.158201 1 0.16211 1 0.166018 1 0.167967 1 0.173824 1 0.173824 1 0.175784 1 0.175784 1 0.177732 1 0.177732 1 0.175784 1 0.173824 0.999998 0.171875 0.999998 0.169927 0.998046 0.167967 0.998046 0.166018 0.996094 0.164058 0.996094 0.160162 0.992189 0.158201 0.992189 0.156253 0.990237 0.154292 0.990237 0.152344 0.988279 0.150396 0.988279 0.148435 0.986326 0.146487 0.986326 0.144526 0.984374
0 0.310544 0.755861 0.304687 0.761718 0.304687 0.767575 0.302739 0.769533 0.302739 0.779295 0.300778 0.781247 0.300778 0.78711 0.302739 0.789062 0.302739 0.792967 0.304687 0.792967 0.306635 0.794919 0.308596 0.792967 0.314453 0.792967 0.314453 0.791015 0.316401 0.789062 0.316401 0.783205 0.318362 0.781247 0.318362 0.767575 0.32031 0.765623 0.32031 0.759766 0.318362 0.759766 0.316401 0.757814 0.314453 0.757814 0.312505 0.755861
0 0.792963 0.908205 0.792963 0.910157 0.791015 0.91211 0.791015 0.919925 0.794924 0.923829 0.794924 0.925782 0.796872 0.927734 0.798833 0.925782 0.820312 0.925782 0.82226 0.923829 0.826169 0.923829 0.826169 0.917967 0.824221 0.916014 0.824221 0.910157 0.82226 0.908205
0 0.308596 0.992189 0.308596 1 0.326167 1 0.328128 1 0.330076 1 0.339842 1 0.341802 1 0.341802 0.994141 0.316401 0.994141 0.314453 0.992189
0 0.349607 0.857422 0.347659 0.859374 0.345698 0.859374 0.34375 0.861327 0.341802 0.861327 0.341802 0.865237 0.339842 0.867189 0.339842 0.892581 0.341802 0.894533 0.341802 0.896485 0.34375 0.898438 0.351568 0.898438 0.353516 0.896485 0.355464 0.896485 0.355464 0.892581 0.357425 0.890623 0.357425 0.861327 0.355464 0.859374 0.355464 0.857422
9 0.757809 0.47656 0.7539 0.48047 0.751952 0.48047 0.751952 0.484375 0.750004 0.486327 0.750004 0.49219 0.751952 0.494142 0.751952 0.501952 0.7539 0.503904 0.7539 0.513671 0.755861 0.515623 0.755861 0.519534 0.757809 0.521486 0.775392 0.521486 0.77734 0.519534 0.77734 0.507814 0.775392 0.505862 0.775392 0.49219 0.773432 0.490232 0.773432 0.482423 0.769535 0.478518 0.763665 0.478518 0.761718 0.47656
0 0.199225 0.714845 0.195316 0.71875 0.193355 0.71875 0.191407 0.720703 0.191407 0.722655 0.189459 0.724607 0.189459 0.73047 0.195316 0.736327 0.197264 0.736327 0.199225 0.738279 0.201173 0.738279 0.203121 0.740237 0.205082 0.740237 0.20899 0.744142 0.210938 0.744142 0.214847 0.748046 0.216795 0.748046 0.220704 0.751951 0.226561 0.751951 0.228509 0.753909 0.236327 0.746094 0.236327 0.738279 0.234379 0.736327 0.234379 0.734375 0.23047 0.734375 0.228509 0.732422 0.224613 0.732422 0.222652 0.73047 0.220704 0.73047 0.218756 0.728517 0.214847 0.728517 0.203121 0.716798 0.201173 0.716798