1 0.251957 0.962894 0.251957 0.964846 0.249992 0.966797 0.249992 0.968749 0.248049 0.970701 0.248049 0.982419 0.249992 0.984378 0.249992 1 0.251957 1 0.251957 1 0.255866 1 0.25781 1 0.259774 1 0.261719 1 0.263663 1 0.263663 0.966797 0.259774 0.962894
0 0.798819 0.394533 0.796874 0.396485 0.796874 0.400389 0.798819 0.402341 0.814454 0.402341 0.816398 0.4043 0.816398 0.402341 0.818362 0.400389 0.818362 0.396485 0.816398 0.396485 0.814454 0.394533
0 0.42773 0.6875 0.425786 0.689452 0.421877 0.689452 0.416023 0.695315 0.414059 0.695315 0.410151 0.699219 0.410151 0.70117 0.408206 0.703122 0.408206 0.705081 0.412115 0.708985 0.416023 0.708985 0.421877 0.703122 0.421877 0.70117 0.429694 0.693356 0.429694 0.689452
0 0.285151 0.390623 0.283207 0.392582 0.281242 0.392582 0.279298 0.394533 0.277353 0.394533 0.27539 0.396485 0.271481 0.396485 0.269537 0.398437 0.267571 0.398437 0.267571 0.402341 0.269537 0.4043 0.269537 0.406251 0.271481 0.406251 0.273445 0.408203 0.27539 0.406251 0.277353 0.406251 0.281242 0.402341 0.283207 0.402341 0.285151 0.400389 0.287116 0.400389 0.291024 0.396485 0.292969 0.396485 0.292969 0.392582 0.291024 0.392582 0.28906 0.390623
0 0.542967 0.691404 0.542967 0.693356 0.541023 0.695315 0.541023 0.697267 0.542967 0.699219 0.542967 0.705081 0.544932 0.707033 0.544932 0.710936 0.546876 0.710936 0.550785 0.71484 0.552729 0.71484 0.552729 0.712888 0.554693 0.710936 0.554693 0.707033 0.552729 0.705081 0.552729 0.699219 0.550785 0.697267 0.550785 0.695315 0.546876 0.691404
0 0.296877 0 0.294912 0 0.294912 0 0.292969 0 0.292969 0 0.291024 0 0.291024 0 0.292969 0 0.292969 0 0.298821 0 0.298821 0 0.300786 0 0.302731 0 0.304695 0 0.308603 0 0.308603 0 0.30664 0 0.30664 0 0.304695 0 0.304695 0 0.302731 0 0.302731 0 0.300786 0 0.300786 0
0 0.160151 0 0.156242 0.001952 0.156242 0.009766 0.158208 0.011718 0.158208 0.021484 0.162116 0.025388 0.166025 0.021484 0.16797 0.021484 0.16797 0.011718 0.166025 0.009766 0.166025 0 0.164061 0
0 0.408206 0.666016 0.394536 0.679686 0.39648 0.681638 0.39648 0.683597 0.398444 0.685548 0.402353 0.685548 0.404298 0.6875 0.406241 0.685548 0.406241 0.683597 0.410151 0.679686 0.410151 0.677734 0.412115 0.675782 0.412115 0.673831 0.414059 0.671879
0 0.931635 0.724607 0.929691 0.726566 0.927727 0.726566 0.927727 0.730469 0.929691 0.732421 0.933599 0.732421 0.935544 0.734372 0.939453 0.734372 0.941398 0.736324 0.945306 0.736324 0.94727 0.738284 0.949215 0.736324 0.949215 0.734372 0.95118 0.732421 0.95118 0.730469 0.94727 0.730469 0.945306 0.728518 0.939453 0.728518 0.937509 0.726566 0.933599 0.726566
0 0.298821 0.35742 0.294912 0.361331 0.292969 0.361331 0.292969 0.365234 0.294912 0.365234 0.296877 0.367186 0.298821 0.365234 0.312491 0.365234 0.314457 0.363283 0.314457 0.359372 0.300786 0.359372
7 1 0.794922 1 0.796874 1 0.796874 1 0.798826 0.996099 0.798826 0.994135 0.800778 0.994135 0.802737 0.992191 0.804689 0.992191 0.806641 0.990227 0.808592 0.990227 0.810544 0.988282 0.812503 0.988282 0.814455 0.986338 0.816407 0.986338 0.818358 0.98243 0.822262 0.98243 0.824221 0.980465 0.826173 0.980465 0.828125 0.97852 0.830077 0.97852 0.832028 0.976556 0.833987 0.976556 0.835939 0.974612 0.837891 0.974612 0.839843 0.970703 0.843746 0.970703 0.845706 0.968759 0.847657 0.968759 0.849609 0.966794 0.851561 0.966794 0.853513 0.964849 0.855472 0.964849 0.857424 0.960941 0.861327 0.960941 0.863279 0.958977 0.865231 0.958977 0.86719 0.957032 0.869142 0.957032 0.871094 0.955089 0.873045 0.955089 0.874997 0.953123 0.876956 0.953123 0.878908 0.949215 0.882812 0.939453 0.882812 0.937509 0.884763 0.925783 0.884763 0.925783 0.89453 0.941398 0.89453 0.943362 0.896482 0.943362 0.898441 0.941398 0.900393 0.941398 0.902344 0.939453 0.904296 0.939453 0.906248 0.937509 0.9082 0.937509 0.910159 0.935544 0.91211 0.935544 0.914062 0.933599 0.916014 0.91993 0.916014 0.917965 0.917966 0.90235 0.917966 0.900386 0.919925 0.886715 0.919925 0.884771 0.921877 0.869136 0.921877 0.867191 0.923829 0.853521 0.923829 0.851557 0.925781 0.849612 0.925781 0.847648 0.927732 0.845703 0.927732 0.84376 0.929684 0.839851 0.929684 0.837886 0.931643 0.835942 0.931643 0.833977 0.933595 0.832033 0.933595 0.832033 0.937498 0.833977 0.937498 0.835942 0.93945 0.837886 0.93945 0.839851 0.941409 0.841795 0.941409 0.84376 0.943361 0.845703 0.943361 0.847648 0.945313 0.849612 0.943361 0.869136 0.943361 0.8711 0.941409 0.890624 0.941409 0.892569 0.93945 0.912112 0.93945 0.914056 0.937498 0.933599 0.937498 0.935544 0.93945 0.935544 0.941409 0.941398 0.947265 0.941398 0.949217 0.945306 0.953128 0.945306 0.95508 0.94727 0.957031 0.945306 0.958983 0.925783 0.958983 0.925783 0.962894 0.927727 0.964846 0.927727 0.970701 0.929691 0.968749 0.958977 0.968749 0.966794 0.976564 0.966794 0.978516 0.980465 0.992185 0.980465 0.994137 0.994135 1 0.994135 1 1 1 1 1 1 1 1 1 1 1 1 1 1 1 1 1 1 1 1 1 1 1 1 1 1 1 1 1 1 1 1 1 1 1 1 1 1 1 1 1 1 1 1 1 1 1 1 1 1 1 1 1 1 1 1 1 1 0.998048 1 0.996096 1 0.994137 1 0.990233 1 0.988282 1 0.98633 0.998044 0.984378 0.998044 0.982419 0.996099 0.980467 0.996099 0.978516 0.994135 0.976564 0.994135 0.974612 0.992191 0.972653 0.992191 0.970701 0.990227 0.968749 0.990227 0.966797 0.988282 0.964846 0.988282 0.951169 0.986338 0.949217 0.986338 0.935547 0.988282 0.933595 0.998044 0.933595 1 0.931643 1 0.931643 1 0.929684 1 0.929684 1 0.927732 1 0.927732 1 0.925781 1 0.925781 1 0.923829 1 0.923829 1 0.921877 1 0.921877 1 0.919925 1 0.919925 1 0.927732 1 0.929684 1 0.943361 1 0.945313 1 0.951169 1 0.951169 1 0.953128 1 0.953128 1 0.95508 1 0.953128 1 0.951169 1 0.949217 1 0.947265 1 0.945313 1 0.943361 1 0.941409 1 0.93945 1 0.937498 1 0.935547 1 0.933595 1 0.931643 1 0.929684 1 0.927732 1 0.925781 1 0.923829 1 0.921877 1 0.919925 1 0.917966 1 0.916014 1 0.916014 1 0.914062 1 0.914062 1 0.91211 1 0.91211 1 0.91211 1 0.910159 1 0.9082 1 0.906248 1 0.900393 1 0.898441 1 0.892578 1 0.890626 1 0.884763 1 0.882812 1 0.876956 1 0.874997 1 0.873045 1 0.871094 1 0.871094 1 0.865231 1 0.86719 1 0.869142 1 0.874997 1 0.876956 1 0.882812 1 0.884763 1 0.890626 1 0.892578 1 0.898441 1 0.900393 1 0.904296 1 0.904296 1 0.906248 1 0.906248 1 0.9082 1 0.9082 1 0.910159 0.988282 0.910159 0.986338 0.9082 0.986338 0.874997 0.988282 0.873045 0.988282 0.86719 0.990227 0.865231 0.990227 0.859375 0.992191 0.857424 0.992191 0.851561 0.994135 0.849609 0.994135 0.843746 0.996099 0.841794 0.996099 0.835939 0.998044 0.833987 0.998044 0.830077 1 0.828125 1 0.822262 1 0.82031 1 0.814455 1 0.812503 1 0.806641 1 0.804689 1 0.798826 1 0.796874
7 0 0 0 0 0 0 0 0 0 0 0 0 0 0 0 0 0 0 0 0 0 0 0 0 0 0 0 0 0 0 0 0.001952 0 0.005863 0 0.005863 0 0.009766 0 0.009766 0 0.01367 0 0.011718 0 0 0 0 0 0.025388 0 0.029299 0 0.029299 0 0.035154 0 0.035154 0 0.039065 0 0.039065 0 0.04492 0 0.04492 0 0.050783 0 0.050783 0 0.054687 0 0.054687 0 0.060549 0 0.060549 0 0.066405 0 0.066405 0 0.070316 0 0.070316 0 0.072268 0 0.074219 0 0.076171 0 0.080075 0 0.082034 0 0.083986 0 0.082034 0 0.082034 0 0.080075 0 0.080075 0 0.078123 0 0.078123 0 0.076171 0 0.076171 0 0.074219 0 0.074219 0 0.072268 0 0.072268 0 0.070316 0 0.070316 0 0.068357 0 0.068357 0 0.066405 0 0.066405 0 0.064453 0 0.064453 0 0.062501 0 0.062501 0 0.060549 0 0.060549 0 0.05859 0 0.05859 0 0.056638 0 0.056638 0 0.054687 0 0.054687 0 0.052735 0 0.052735 0 0.050783 0 0.050783 0 0.048831 0 0.048831 0 0.046872 0 0.046872 0 0.04492 0 0.04492 0 0.042969 0 0.042969 0 0.04492 0 0.050783 0 0.052735 0 0.066405 0 0.068357 0 0.083986 0 0.085938 0 0.101559 0 0.103518 0 0.117188 0 0.11914 0 0.126954 0 0.130858 0 0.130858 0 0.138673 0 0.138673 0 0.144528 0 0.144528 0 0.146487 0 0.154294 0 0.152343 0 0.152343 0 0.150391 0 0.150391 0 0.148439 0 0.148439 0 0.146487 0 0.146487 0 0.144528 0 0.144528 0 0.142576 0 0.142576 0 0.140624 0 0.140624 0 0.142576 0 0.142576 0 0.144528 0 0.144528 0 0.146487 0 0.146487 0.001958 0.148439 0.001958 0.144528 0 0.142576 0 0.142576 0 0.138673 0 0.138673 0 0.134769 0 0.134769 0 0.130858 0 0.130858 0 0.126954 0 0.126954 0 0.123044 0 0.046872 0 0.04492 0 0.04492 0.001958 0.046872 0.005867 0.046872 0.007812 0.048831 0.013664 0.048831 0.015629 0.050783 0.019538 0.050783 0.021482 0.052735 0.025391 0.052735 0.027335 0.054687 0.031244 0.054687 0.033208 0.056638 0.039062 0.056638 0.041005 0.05859 0.044914 0.05859 0.046879 0.060549 0.050788 0.060549 0.052732 0.062501 0.056641 0.062501 0.058585 0.064453 0.064459 0.064453 0.066402 0.066405 0.070311 0.066405 0.072275 0.068357 0.076164 0.068357 0.078129 0.070316 0.078129 0.066405 0.076164 0.066405 0.072275 0.062501 0.070311 0.062501 0.066402 0.05859 0.064459 0.05859 0.062493 0.056638 0.06055 0.056638 0.056641 0.052735 0.054696 0.052735 0.052732 0.050783 0.050788 0.050783 0.046879 0.046872 0.044914 0.046872 0.041005 0.042969 0.039062 0.042969 0.037117 0.041017 0.035152 0.041017 0.031244 0.037106 0.0293 0.037106 0.025391 0.033202 0.023447 0.033202 0.021482 0.03125 0.019538 0.03125 0.015629 0.027347 0.013664 0.027347 0.011721 0.025388 0.009756 0.025388 0.005867 0.021484 0.003902 0.021484 0 0.017581 0 0.017581 0 0.015622 0 0 0 0 0 0 0 0.001952 0 0.003904 0 0.009766 0 0.011718 0 0.007814 0 0.007814 0 0.003904 0 0.003904 0 0 0 0 0 0 0 0 0 0 0 0 0 0 0 0 0 0 0 0 0 0 0 0 0 0 0 0
0 0.541023 0.23828 0.539059 0.240232 0.525388 0.240232 0.523443 0.242191 0.523443 0.246094 0.525388 0.248046 0.525388 0.249998 0.542967 0.249998 0.54882 0.244143 0.54882 0.242191 0.546876 0.240232 0.546876 0.23828
0 0.371103 0.351565 0.369139 0.353516 0.353524 0.353516 0.349615 0.35742 0.349615 0.359372 0.35156 0.361331 0.35156 0.363283 0.369139 0.363283 0.373048 0.359372 0.374992 0.359372 0.374992 0.355468
0 0.560547 0.511722 0.556638 0.515625 0.554693 0.515625 0.552729 0.517577 0.552729 0.519529 0.54882 0.52344 0.54882 0.525392 0.546876 0.527343 0.546876 0.533206 0.556638 0.533206 0.558602 0.531247 0.558602 0.529295 0.560547 0.527343 0.560547 0.525392 0.56249 0.52344 0.56249 0.521488 0.564456 0.519529 0.564456 0.515625
0 0.376956 0.332032 0.374992 0.333984 0.374992 0.335936 0.373048 0.337888 0.373048 0.341798 0.394536 0.341798 0.398444 0.337888 0.400389 0.337888 0.400389 0.335936 0.398444 0.333984 0.398444 0.332032
0 0.203128 0.544924 0.197275 0.55078 0.197275 0.566408 0.201163 0.570312 0.201163 0.572264 0.203128 0.574216 0.208981 0.574216 0.208981 0.570312 0.210945 0.56836 0.210945 0.562498 0.208981 0.560546 0.208981 0.55469 0.207037 0.552731 0.207037 0.55078 0.205072 0.548828 0.205072 0.546876
7 0.970703 0.521488 0.968759 0.52344 0.960941 0.52344 0.960941 0.525392 0.958977 0.527343 0.958977 0.529295 0.957032 0.531247 0.957032 0.533206 0.955089 0.535158 0.955089 0.53711 0.953123 0.539062 0.953123 0.541013 0.95118 0.542972 0.95118 0.544924 0.949215 0.546876 0.949215 0.548828 0.94727 0.55078 0.94727 0.552731 0.945306 0.55469 0.945306 0.556642 0.943362 0.558594 0.943362 0.560546 0.941398 0.562498 0.941398 0.564457 0.939453 0.566408 0.939453 0.56836 0.937509 0.570312 0.937509 0.572264 0.935544 0.574216 0.935544 0.578126 0.933599 0.580078 0.933599 0.58203 0.931635 0.583982 0.931635 0.585941 0.929691 0.587893 0.929691 0.589845 0.927727 0.591796 0.927727 0.593748 0.925783 0.5957 0.925783 0.597659 0.923818 0.599611 0.923818 0.601563 0.921874 0.603514 0.921874 0.605466 0.91993 0.607425 0.91993 0.609377 0.917965 0.611329 0.917965 0.613281 0.91602 0.615233 0.91602 0.617184 0.914056 0.619144 0.914056 0.621095 0.912112 0.623047 0.912112 0.624999 0.910148 0.626951 0.910148 0.62891 0.908203 0.630862 0.908203 0.632813 0.90626 0.634765 0.873045 0.634765 0.8711 0.636717 0.835942 0.636717 0.833977 0.638669 0.830069 0.638669 0.828124 0.640628 0.824216 0.640628 0.822271 0.64258 0.818362 0.64258 0.816398 0.644531 0.816398 0.646483 0.814454 0.648435 0.818362 0.648435 0.820307 0.650394 0.822271 0.650394 0.824216 0.652346 0.828124 0.652346 0.830069 0.654298 0.832033 0.654298 0.833977 0.65625 0.837886 0.65625 0.839851 0.658201 0.841795 0.65625 0.908203 0.65625 0.910148 0.658201 0.910148 0.660153 0.914056 0.664064 0.914056 0.666016 0.91993 0.671879 0.91993 0.673831 0.923818 0.677734 0.923818 0.679686 0.927727 0.683597 0.927727 0.685548 0.933599 0.691404 0.933599 0.693356 0.937509 0.697267 0.937509 0.699219 0.941398 0.703122 0.941398 0.705081 0.945306 0.708985 0.945306 0.710936 0.95118 0.716799 0.95118 0.718751 0.955089 0.722655 0.955089 0.724607 0.958977 0.728518 0.958977 0.730469 0.964849 0.736324 0.964849 0.738284 0.968759 0.742187 0.968759 0.744139 0.970703 0.746091 0.986338 0.746091 0.986338 0.744139 0.984373 0.742187 0.984373 0.740235 0.98243 0.738284 0.98243 0.736324 0.980465 0.734372 0.980465 0.732421 0.97852 0.730469 0.97852 0.728518 0.976556 0.726566 0.976556 0.724607 0.974612 0.722655 0.974612 0.720703 0.972647 0.718751 0.972647 0.716799 0.970703 0.71484 0.970703 0.712888 0.968759 0.710936 0.968759 0.707033 0.966794 0.705081 0.966794 0.703122 0.964849 0.70117 0.964849 0.699219 0.962886 0.697267 0.962886 0.695315 0.960941 0.693356 0.960941 0.691404 0.958977 0.689452 0.958977 0.6875 0.957032 0.685548 0.957032 0.683597 0.955089 0.681638 0.955089 0.679686 0.953123 0.677734 0.953123 0.675782 0.95118 0.673831 0.95118 0.652346 0.953123 0.650394 0.964849 0.650394 0.966794 0.648435 0.980465 0.648435 0.98243 0.646483 0.994135 0.646483 0.996099 0.644531 1 0.644531 1 0.64258 1 0.64258 1 0.640628 1 0.640628 1 0.646483 1 0.648435 1 0.662112 1 0.664064 1 0.669919 1 0.669919 1 0.666016 1 0.664064 1 0.654298 1 0.652346 1 0.646483 1 0.644531 1 0.644531 1 0.640628 1 0.640628 1 0.630862 1 0.630862 1 0.62891 1 0.62891 1 0.626951 1 0.591796 1 0.591796 1 0.593748 1 0.5957 1 0.601563 1 0.603514 1 0.609377 1 0.611329 1 0.617184 1 0.619144 1 0.623047 0.94727 0.623047 0.945306 0.621095 0.945306 0.601563 0.94727 0.599611 0.94727 0.5957 0.949215 0.593748 0.949215 0.587893 0.95118 0.585941 0.95118 0.58203 0.953123 0.580078 0.953123 0.576175 0.955089 0.574216 0.955089 0.570312 0.957032 0.56836 0.957032 0.562498 0.958977 0.560546 0.958977 0.556642 0.960941 0.55469 0.960941 0.55078 0.962886 0.548828 0.962886 0.544924 0.964849 0.542972 0.964849 0.539062 0.966794 0.53711 0.966794 0.531247 0.968759 0.529295 0.968759 0.525392 0.970703 0.52344
0 0.242195 0.375001 0.240231 0.376953 0.240231 0.378904 0.238287 0.380856 0.238287 0.400389 0.240231 0.402341 0.240231 0.4043 0.246083 0.4043 0.246083 0.402341 0.248049 0.400389 0.248049 0.378904 0.24414 0.375001
0 0.404298 0.398437 0.402353 0.400389 0.402353 0.402341 0.404298 0.4043 0.404298 0.406251 0.408206 0.410155 0.408206 0.412107 0.410151 0.414066 0.410151 0.416018 0.412115 0.417969 0.416023 0.417969 0.417968 0.419921 0.419912 0.417969 0.421877 0.417969 0.421877 0.414066 0.414059 0.406251 0.414059 0.4043 0.408206 0.398437
0 0.892569 0.742187 0.892569 0.744139 0.890624 0.746091 0.892569 0.74805 0.892569 0.750002 0.894533 0.751954 0.894533 0.753906 0.898441 0.757809 0.898441 0.759768 0.900386 0.76172 0.90626 0.76172 0.908203 0.763671 0.910148 0.76172 0.910148 0.757809 0.896477 0.744139 0.894533 0.744139
0 0.787113 0.355468 0.785149 0.35742 0.785149 0.359372 0.783204 0.361331 0.787113 0.365234 0.804692 0.365234 0.8086 0.361331 0.8086 0.359372 0.806637 0.359372 0.802728 0.355468
1 0.22656 0 0.22656 0 0.224616 0 0.224616 0 0.22656 0 0.22656 0 0.228525 0 0.234378 0 0.236322 0 0.236322 0 0.234378 0 0.234378 0 0.232413 0
0 0.91993 0.25195 0.917965 0.253909 0.91602 0.253909 0.910148 0.259764 0.910148 0.279297 0.914056 0.283201 0.91993 0.283201 0.921874 0.28516 0.923818 0.283201 0.923818 0.281249 0.925783 0.279297 0.925783 0.269531 0.923818 0.267579 0.923818 0.257812 0.921874 0.255861 0.921874 0.253909
0 0.414059 0.945313 0.412115 0.947265 0.412115 0.949217 0.410151 0.951169 0.410151 0.966797 0.412115 0.968749 0.412115 0.970701 0.416023 0.966797 0.416023 0.949217 0.414059 0.947265
7 0.300786 0.369138 0.300786 0.371097 0.302731 0.373049 0.302731 0.375001 0.304695 0.376953 0.304695 0.378904 0.30664 0.380856 0.30664 0.382815 0.308603 0.384767 0.308603 0.388671 0.310548 0.390623 0.310548 0.392582 0.312491 0.394533 0.312491 0.396485 0.314457 0.398437 0.314457 0.400389 0.316401 0.402341 0.316401 0.4043 0.318366 0.406251 0.318366 0.410155 0.32031 0.412107 0.32031 0.414066 0.322274 0.416018 0.322274 0.417969 0.324219 0.419921 0.324219 0.421873 0.326162 0.423825 0.326162 0.427736 0.328127 0.429688 0.328127 0.431639 0.330071 0.433591 0.330071 0.43555 0.332036 0.437502 0.332036 0.439454 0.333981 0.441406 0.333981 0.445309 0.335945 0.447268 0.335945 0.44922 0.337889 0.451172 0.337889 0.453124 0.339854 0.455076 0.339854 0.457035 0.341798 0.458987 0.341798 0.46289 0.343742 0.464842 0.343742 0.466794 0.345706 0.468753 0.345706 0.470705 0.347651 0.472656 0.347651 0.474608 0.349615 0.47656 0.349615 0.478519 0.35156 0.480471 0.35156 0.484375 0.353524 0.486326 0.353524 0.488278 0.355469 0.490237 0.355469 0.492189 0.357412 0.494141 0.357412 0.496093 0.359377 0.498044 0.359377 0.500004 0.357412 0.501955 0.341798 0.501955 0.339854 0.503907 0.324219 0.503907 0.322274 0.505859 0.30664 0.505859 0.304695 0.507811 0.28906 0.507811 0.287116 0.509763 0.271481 0.509763 0.263663 0.501955 0.263663 0.500004 0.246083 0.482423 0.246083 0.480471 0.238287 0.472656 0.218743 0.472656 0.220707 0.474608 0.220707 0.47656 0.222651 0.478519 0.222651 0.480471 0.224616 0.482423 0.224616 0.484375 0.22656 0.486326 0.22656 0.488278 0.228525 0.490237 0.228525 0.492189 0.232413 0.496093 0.232413 0.498044 0.234378 0.500004 0.234378 0.501955 0.236322 0.503907 0.236322 0.505859 0.238287 0.507811 0.238287 0.509763 0.242195 0.513673 0.242195 0.515625 0.24414 0.517577 0.24414 0.519529 0.246083 0.521488 0.246083 0.52344 0.248049 0.525392 0.248049 0.527343 0.249992 0.529295 0.249992 0.531247 0.251957 0.533206 0.251957 0.535158 0.249992 0.53711 0.249992 0.539062 0.248049 0.541013 0.248049 0.544924 0.246083 0.546876 0.246083 0.548828 0.24414 0.55078 0.24414 0.55469 0.242195 0.556642 0.242195 0.560546 0.240231 0.562498 0.240231 0.564457 0.238287 0.566408 0.238287 0.570312 0.236322 0.572264 0.236322 0.574216 0.234378 0.576175 0.234378 0.580078 0.232413 0.58203 0.232413 0.583982 0.230469 0.585941 0.230469 0.587893 0.246083 0.587893 0.253901 0.580078 0.253901 0.578126 0.267571 0.564457 0.267571 0.562498 0.281242 0.548828 0.281242 0.546876 0.291024 0.53711 0.363286 0.53711 0.36523 0.539062 0.363286 0.541013 0.363286 0.546876 0.361321 0.548828 0.361321 0.552731 0.359377 0.55469 0.359377 0.560546 0.357412 0.562498 0.357412 0.56836 0.355469 0.570312 0.355469 0.574216 0.353524 0.576175 0.353524 0.58203 0.35156 0.583982 0.35156 0.587893 0.349615 0.589845 0.349615 0.5957 0.347651 0.597659 0.347651 0.601563 0.345706 0.603514 0.345706 0.609377 0.343742 0.611329 0.343742 0.615233 0.341798 0.617184 0.341798 0.623047 0.339854 0.624999 0.339854 0.630862 0.337889 0.632813 0.337889 0.636717 0.335945 0.638669 0.335945 0.644531 0.333981 0.646483 0.333981 0.650394 0.332036 0.652346 0.332036 0.654298 0.330071 0.65625 0.330071 0.660153 0.328127 0.662112 0.328127 0.664064 0.326162 0.666016 0.326162 0.669919 0.324219 0.671879 0.324219 0.673831 0.322274 0.675782 0.322274 0.677734 0.339854 0.677734 0.341798 0.675782 0.341798 0.673831 0.345706 0.669919 0.345706 0.667968 0.349615 0.664064 0.349615 0.662112 0.353524 0.658201 0.353524 0.65625 0.357412 0.652346 0.357412 0.650394 0.363286 0.644531 0.363286 0.64258 0.367194 0.638669 0.367194 0.636717 0.371103 0.632813 0.371103 0.630862 0.374992 0.626951 0.374992 0.624999 0.376956 0.623047 0.398444 0.623047 0.400389 0.624999 0.400389 0.619144 0.402353 0.617184 0.402353 0.611329 0.386718 0.611329 0.384774 0.609377 0.386718 0.607425 0.386718 0.605466 0.394536 0.597659 0.394536 0.5957 0.402353 0.587893 0.402353 0.585941 0.408206 0.580078 0.416023 0.580078 0.417968 0.578126 0.42773 0.578126 0.42773 0.562498 0.425786 0.564457 0.417968 0.564457 0.416023 0.566408 0.412115 0.566408 0.410151 0.564457 0.412115 0.562498 0.412115 0.560546 0.419912 0.552731 0.419912 0.55078 0.425786 0.544924 0.425786 0.542972 0.433603 0.535158 0.433603 0.533206 0.439456 0.527343 0.447273 0.527343 0.449218 0.525392 0.457035 0.525392 0.45898 0.52344 0.466797 0.52344 0.46874 0.521488 0.476559 0.521488 0.478523 0.519529 0.48632 0.519529 0.488285 0.517577 0.496103 0.517577 0.498047 0.515625 0.49999 0.515625 0.5039 0.511722 0.505864 0.511722 0.507809 0.509763 0.509773 0.509763 0.507809 0.509763 0.5039 0.505859 0.501955 0.505859 0.498047 0.501955 0.496103 0.501955 0.494139 0.500004 0.433603 0.500004 0.425786 0.492189 0.425786 0.490237 0.410151 0.474608 0.410151 0.472656 0.404298 0.466794 0.406241 0.464842 0.414059 0.464842 0.414059 0.460938 0.416023 0.458987 0.416023 0.455076 0.388662 0.455076 0.386718 0.453124 0.386718 0.451172 0.384774 0.44922 0.384774 0.447268 0.382809 0.445309 0.382809 0.443357 0.378901 0.439454 0.378901 0.437502 0.376956 0.43555 0.376956 0.433591 0.374992 0.431639 0.374992 0.429688 0.376956 0.427736 0.382809 0.427736 0.382809 0.421873 0.384774 0.419921 0.384774 0.416018 0.382809 0.417969 0.374992 0.417969 0.373048 0.419921 0.363286 0.419921 0.312491 0.369138