7 0.929688 0.578125 0.927734 0.580078 0.925781 0.580078 0.925781 0.582031 0.927734 0.583984 0.927734 0.585938 0.933594 0.591797 0.933594 0.59375 0.9375 0.597656 0.9375 0.605469 0.935547 0.607422 0.935547 0.621094 0.933594 0.623047 0.933594 0.626953 0.931641 0.628906 0.929688 0.628906 0.927734 0.626953 0.923828 0.626953 0.921875 0.625 0.917969 0.625 0.916016 0.623047 0.912109 0.623047 0.910156 0.621094 0.908203 0.621094 0.90625 0.619141 0.902344 0.619141 0.900391 0.617188 0.896484 0.617188 0.894531 0.615234 0.890625 0.615234 0.888672 0.613281 0.888672 0.619141 0.894531 0.625 0.896484 0.625 0.908203 0.636719 0.910156 0.636719 0.917969 0.644531 0.917969 0.65625 0.921875 0.65625 0.923828 0.654297 0.923828 0.652344 0.925781 0.650391 0.927734 0.650391 0.931641 0.654297 0.931641 0.65625 0.929688 0.658203 0.929688 0.664062 0.927734 0.666016 0.927734 0.671875 0.925781 0.673828 0.925781 0.685547 0.927734 0.6875 0.927734 0.689453 0.929688 0.691406 0.929688 0.693359 0.931641 0.695312 0.933594 0.695312 0.935547 0.693359 0.935547 0.691406 0.9375 0.689453 0.9375 0.6875 0.939453 0.685547 0.939453 0.681641 0.941406 0.679688 0.941406 0.673828 0.943359 0.671875 0.943359 0.666016 0.947266 0.662109 0.947266 0.660156 0.949219 0.658203 0.949219 0.652344 0.951172 0.650391 0.953125 0.650391 0.955078 0.648438 0.957031 0.648438 0.958984 0.646484 0.960938 0.646484 0.962891 0.644531 0.964844 0.644531 0.966797 0.642578 0.970703 0.642578 0.972656 0.640625 0.974609 0.640625 0.976562 0.638672 0.978516 0.638672 0.980469 0.636719 0.982422 0.636719 0.984375 0.634766 0.986328 0.634766 0.984375 0.632812 0.984375 0.630859 0.982422 0.628906 0.951172 0.628906 0.949219 0.626953 0.949219 0.613281 0.951172 0.611328 0.951172 0.595703 0.953125 0.59375 0.955078 0.59375 0.957031 0.591797 0.958984 0.591797 0.962891 0.587891 0.964844 0.587891 0.966797 0.585938 0.96875 0.585938 0.966797 0.583984 0.966797 0.582031 0.964844 0.580078 0.962891 0.582031 0.958984 0.582031 0.957031 0.583984 0.951172 0.583984 0.949219 0.582031 0.945312 0.582031 0.943359 0.583984 0.941406 0.583984 0.939453 0.582031 0.935547 0.582031 0.933594 0.580078 0.931641 0.580078
0 0.003906 0.335938 0.003906 0.345703 0.005859 0.345703 0.007812 0.34375 0.007812 0.341797 0.009766 0.339844 0.009766 0.335938
0 0.056641 0.333984 0.054688 0.335938 0.050781 0.335938 0.050781 0.337891 0.048828 0.339844 0.048828 0.341797 0.050781 0.34375 0.050781 0.345703 0.052734 0.347656 0.052734 0.349609 0.054688 0.351562 0.054688 0.353516 0.056641 0.355469 0.058594 0.353516 0.058594 0.337891 0.056641 0.335938
7 0.798828 0.355469 0.796875 0.357422 0.796875 0.363281 0.794922 0.365234 0.794922 0.375 0.792969 0.376953 0.792969 0.380859 0.791016 0.382812 0.771484 0.382812 0.769531 0.380859 0.769531 0.386719 0.773438 0.386719 0.775391 0.388672 0.779297 0.388672 0.78125 0.390625 0.783203 0.390625 0.785156 0.392578 0.787109 0.392578 0.789062 0.394531 0.789062 0.398438 0.791016 0.400391 0.791016 0.419922 0.792969 0.421875 0.792969 0.425781 0.792969 0.423828 0.794922 0.421875 0.794922 0.417969 0.796875 0.416016 0.796875 0.412109 0.798828 0.410156 0.798828 0.402344 0.800781 0.400391 0.800781 0.396484 0.802734 0.394531 0.822266 0.394531 0.826172 0.398438 0.826172 0.400391 0.828125 0.402344 0.828125 0.40625 0.830078 0.408203 0.830078 0.40625 0.832031 0.404297 0.832031 0.378906 0.830078 0.380859 0.830078 0.382812 0.828125 0.384766 0.804688 0.384766 0.802734 0.382812 0.802734 0.378906 0.800781 0.376953 0.800781 0.355469
0 0 0.763672 0 0.765625 0 0.767578 0 0.769531 0 0.775391 0 0.775391 0.001953 0.773438 0.003906 0.773438 0.003906 0.769531 0.001953 0.767578 0.001953 0.763672
0 0.046875 0.384766 0.044922 0.386719 0.044922 0.390625 0.046875 0.392578 0.046875 0.398438 0.048828 0.400391 0.048828 0.404297 0.050781 0.404297 0.052734 0.40625 0.054688 0.404297 0.058594 0.404297 0.058594 0.400391 0.056641 0.398438 0.056641 0.390625 0.054688 0.388672 0.054688 0.384766
0 0.080078 0.039062 0.078125 0.041016 0.076172 0.041016 0.076172 0.060547 0.080078 0.060547 0.082031 0.0625 0.085938 0.0625 0.085938 0.041016 0.083984 0.039062
0 0.03125 0.433594 0.03125 0.4375 0.029297 0.439453 0.029297 0.443359 0.03125 0.443359 0.033203 0.445312 0.035156 0.443359 0.037109 0.443359 0.037109 0.433594
0 0.005859 0.707031 0.001953 0.710938 0.003906 0.712891 0.003906 0.714844 0.005859 0.716797 0.005859 0.71875 0.007812 0.720703 0.011719 0.720703 0.011719 0.712891 0.009766 0.710938 0.009766 0.707031
0 0.001953 0.240234 0.001953 0.242188 0 0.244141 0 0.248047 0 0.25 0 0.253906 0 0.253906 0.001953 0.251953 0.009766 0.251953 0.009766 0.240234
0 0.060547 0.177734 0.060547 0.1875 0.068359 0.195312 0.070312 0.193359 0.072266 0.193359 0.074219 0.191406 0.076172 0.191406 0.076172 0.185547 0.068359 0.177734
7 0.849609 0.021484 0.853516 0.025391 0.853516 0.027344 0.855469 0.029297 0.857422 0.029297
7 0.804688 0.021484 0.804688 0.023438 0.806641 0.025391 0.806641 0.027344 0.808594 0.029297 0.808594 0.033203 0.810547 0.035156 0.810547 0.039062 0.8125 0.041016 0.8125 0.044922 0.814453 0.046875 0.814453 0.048828 0.816406 0.046875 0.816406 0.044922 0.818359 0.042969 0.818359 0.041016 0.818359 0.042969 0.816406 0.044922 0.814453 0.042969 0.814453 0.041016 0.8125 0.039062 0.8125 0.037109 0.810547 0.035156 0.810547 0.033203 0.808594 0.03125 0.808594 0.029297 0.806641 0.027344 0.806641 0.025391 0.804688 0.023438
7 0.810547 0.015625 0.8125 0.017578 0.8125 0.023438 0.814453 0.025391 0.814453 0.029297 0.816406 0.03125 0.816406 0.035156 0.816406 0.025391 0.814453 0.023438 0.814453 0.017578 0.816406 0.015625 0.820312 0.015625
7 0.857422 0 0.855469 0 0.855469 0.001953 0.851562 0.005859 0.841797 0.005859 0.853516 0.005859 0.855469 0.003906 0.857422 0.003906 0.861328 0 0.861328 0
7 0.791016 0 0.794922 0 0.796875 0 0.802734 0 0.804688 0
7 0.777344 0 0.773438 0.001953 0.771484 0.001953 0.773438 0.001953 0.775391 0.003906 0.777344 0.003906 0.779297 0.005859 0.78125 0.005859 0.779297 0.003906 0.777344 0.003906 0.775391 0.001953 0.777344 0 0.78125 0 0.783203 0 0.787109 0
0 0 0.371094 0 0.373047 0 0.373047 0 0.386719 0 0.386719 0.003906 0.380859 0.003906 0.378906 0.001953 0.376953 0.001953 0.375 0 0.373047 0 0.371094
0 0.066406 0.214844 0.066406 0.216797 0.064453 0.21875 0.064453 0.222656 0.066406 0.224609 0.066406 0.226562 0.068359 0.228516 0.068359 0.230469 0.074219 0.230469 0.078125 0.226562 0.078125 0.224609 0.076172 0.222656 0.076172 0.220703 0.074219 0.21875 0.074219 0.216797 0.070312 0.216797 0.068359 0.214844
0 0.033203 0.023438 0.03125 0.025391 0.025391 0.025391 0.025391 0.033203 0.027344 0.035156 0.027344 0.042969 0.029297 0.044922 0.029297 0.046875 0.035156 0.046875 0.037109 0.044922 0.037109 0.042969 0.039062 0.041016 0.039062 0.035156 0.037109 0.033203 0.037109 0.027344
0 0.03125 0.474609 0.029297 0.476562 0.027344 0.476562 0.025391 0.478516 0.023438 0.478516 0.023438 0.482422 0.021484 0.484375 0.021484 0.486328 0.025391 0.490234 0.03125 0.490234 0.035156 0.486328 0.035156 0.476562 0.033203 0.476562
7 0.828125 0 0.824219 0 0.824219 0 0.816406 0 0.816406 0 0.806641 0 0.806641 0 0.802734 0.001953 0.796875 0.001953 0.794922 0 0.791016 0 0.789062 0 0.787109 0 0.783203 0 0.78125 0.001953 0.777344 0.001953 0.779297 0.001953 0.783203 0.005859 0.785156 0.005859 0.787109 0.007812 0.791016 0.007812 0.792969 0.009766 0.794922 0.009766 0.796875 0.011719 0.800781 0.011719 0.802734 0.013672 0.802734 0.015625 0.804688 0.017578 0.804688 0.019531 0.806641 0.021484 0.806641 0.023438 0.808594 0.025391 0.808594 0.027344 0.810547 0.029297 0.810547 0.03125 0.8125 0.033203 0.8125 0.035156 0.814453 0.037109 0.814453 0.039062 0.816406 0.041016 0.816406 0.042969 0.818359 0.044922 0.818359 0.046875 0.818359 0.044922 0.816406 0.042969 0.816406 0.037109 0.814453 0.035156 0.814453 0.03125 0.8125 0.029297 0.8125 0.025391 0.810547 0.023438 0.810547 0.017578 0.808594 0.015625 0.810547 0.013672 0.820312 0.013672 0.822266 0.015625 0.833984 0.015625 0.835938 0.017578 0.847656 0.017578 0.859375 0.029297 0.859375 0.021484 0.857422 0.019531 0.857422 0.011719 0.859375 0.009766 0.859375 0.007812 0.863281 0.003906 0.863281 0.001953 0.865234 0 0.863281 0.001953 0.861328 0.001953 0.857422 0.005859 0.855469 0.005859 0.853516 0.007812 0.841797 0.007812 0.839844 0.005859 0.830078 0.005859 0.828125 0.003906 0.818359 0.003906 0.816406 0.001953 0.816406 0 0.818359 0 0.818359 0 0.820312 0 0.820312 0 0.822266 0 0.822266 0 0.824219 0 0.824219 0 0.826172 0 0.826172 0 0.828125 0
0 0.027344 0.083984 0.027344 0.091797 0.025391 0.09375 0.025391 0.099609 0.027344 0.097656 0.033203 0.097656 0.037109 0.09375 0.037109 0.091797 0.035156 0.089844 0.035156 0.087891 0.033203 0.085938 0.033203 0.083984
5 0.101562 0.869141 0.099609 0.871094 0.095703 0.871094 0.09375 0.873047 0.089844 0.873047 0.087891 0.875 0.083984 0.875 0.082031 0.876953 0.082031 0.878906 0.078125 0.882812 0.078125 0.884766 0.074219 0.888672 0.074219 0.890625 0.072266 0.892578 0.072266 0.916016 0.074219 0.917969 0.074219 0.921875 0.076172 0.923828 0.076172 0.925781 0.080078 0.929688 0.080078 0.931641 0.083984 0.935547 0.085938 0.935547 0.091797 0.941406 0.107422 0.941406 0.109375 0.943359 0.111328 0.941406 0.128906 0.941406 0.134766 0.935547 0.136719 0.935547 0.140625 0.931641 0.140625 0.929688 0.144531 0.925781 0.144531 0.916016 0.146484 0.914062 0.146484 0.898438 0.144531 0.896484 0.144531 0.888672 0.130859 0.875 0.128906 0.875 0.123047 0.869141