0 0.156249 0.748043 0.154297 0.750002 0.154297 0.751953 0.150388 0.755862 0.150388 0.757812 0.148436 0.759763 0.148436 0.761722 0.144533 0.765623 0.144533 0.767582 0.140624 0.771482 0.140624 0.773441 0.138672 0.775392 0.140624 0.777342 0.140624 0.779293 0.142575 0.781252 0.144533 0.781252 0.148436 0.785152 0.158201 0.785152 0.160158 0.783202 0.160158 0.781252 0.16211 0.779293 0.16211 0.777342 0.164062 0.775392 0.164062 0.773441 0.166013 0.771482 0.166013 0.769532 0.167971 0.767582 0.167971 0.765623 0.169923 0.763672 0.169923 0.761722 0.171874 0.759763 0.171874 0.757812 0.169923 0.755862 0.169923 0.753903 0.164062 0.748043
0 0.78125 0.832031 0.779298 0.833981 0.775388 0.833981 0.775388 0.83594 0.773437 0.83789 0.773437 0.84375 0.775388 0.845701 0.775388 0.85742 0.777347 0.859379 0.777347 0.86523 0.78125 0.86523 0.783201 0.867189 0.785159 0.86523 0.792972 0.86523 0.792972 0.86328 0.794923 0.861329 0.794923 0.85742 0.792972 0.85547 0.792972 0.847659 0.791014 0.845701 0.791014 0.83789 0.789062 0.83594 0.789062 0.832031
0 0.749999 0.935547 0.749999 0.974607 0.75586 0.974607 0.757812 0.976566 0.763673 0.976566 0.767576 0.972657 0.769534 0.972657 0.769534 0.964846 0.767576 0.962888 0.767576 0.947267 0.765625 0.945317 0.765625 0.937498 0.763673 0.935547
0 0.714846 0.746093 0.710936 0.750002 0.710936 0.759763 0.712888 0.761722 0.712888 0.775392 0.714846 0.777342 0.714846 0.785152 0.720701 0.785152 0.722658 0.787111 0.734374 0.787111 0.736326 0.785152 0.736326 0.783202 0.738284 0.781252 0.738284 0.777342 0.736326 0.775392 0.736326 0.769532 0.734374 0.767582 0.734374 0.761722 0.732423 0.759763 0.732423 0.753903 0.730471 0.751953 0.730471 0.748043 0.726562 0.748043 0.72461 0.746093
0 0.808597 0.095701 0.804688 0.09961 0.804688 0.101561 0.794923 0.11133 0.794923 0.11328 0.791014 0.117189 0.791014 0.12109 0.789062 0.123049 0.789062 0.12695 0.794923 0.13281 0.802736 0.13281 0.826174 0.109371 0.826174 0.103519 0.824215 0.101561 0.824215 0.09961 0.822264 0.09961 0.820312 0.09766 0.818361 0.09766 0.816403 0.095701
0 0.75586 0.148439 0.748048 0.156249 0.748048 0.158199 0.740235 0.166018 0.740235 0.179688 0.742187 0.181638 0.742187 0.183597 0.749999 0.183597 0.753909 0.179688 0.75586 0.179688 0.763673 0.171878 0.765625 0.171878 0.767576 0.169919 0.767576 0.167969 0.769534 0.166018 0.769534 0.164059 0.771486 0.162109 0.771486 0.154298 0.769534 0.15234 0.767576 0.15234 0.763673 0.148439
0 0.623046 0.49414 0.621095 0.49609 0.617185 0.49609 0.615234 0.498049 0.611331 0.498049 0.609373 0.5 0.603518 0.5 0.60156 0.50195 0.597657 0.50195 0.595706 0.503909 0.591796 0.503909 0.591796 0.505859 0.589844 0.50781 0.589844 0.509769 0.587893 0.511719 0.587893 0.51367 0.589844 0.515628 0.589844 0.517579 0.591796 0.519529 0.591796 0.521488 0.597657 0.521488 0.599608 0.523439 0.60156 0.521488 0.607421 0.521488 0.609373 0.519529 0.615234 0.519529 0.617185 0.517579 0.623046 0.517579 0.624998 0.515628 0.630859 0.515628 0.630859 0.50195
0 0.46094 0 0.458982 0 0.458982 0 0.45703 0 0.45703 0 0.458982 0 0.458982 0 0.46094 0 0.46094 0.003903 0.462891 0.005862 0.462891 0.009763 0.472656 0.009763 0.476565 0.005862 0.478517 0.005862 0.478517 0 0.476565 0 0.476565 0 0.474607 0 0.474607 0 0.470704 0 0.468753 0
0 0.42578 0 0.423828 0 0.417967 0 0.417967 0 0.416016 0 0.416016 0 0.417967 0 0.417967 0 0.419919 0 0.419919 0 0.421877 0 0.421877 0 0.423828 0 0.423828 0 0.42578 0 0.427732 0.000003 0.431641 0.000003 0.437502 0 0.437502 0 0.435544 0 0.435544 0 0.433593 0 0.433593 0 0.431641 0 0.431641 0 0.42969 0
0 0.878904 0.234376 0.859375 0.253906 0.859375 0.259766 0.863278 0.263675 0.86914 0.263675 0.873049 0.259766 0.873049 0.257815 0.882813 0.248046 0.882813 0.246096 0.886716 0.242187 0.886716 0.238277 0.882813 0.234376
0 0.677734 0.619137 0.675783 0.621096 0.675783 0.623046 0.671873 0.626956 0.671873 0.634766 0.673831 0.636716 0.673831 0.638675 0.675783 0.640626 0.675783 0.642576 0.677734 0.644535 0.677734 0.646485 0.679686 0.648436 0.679686 0.650395 0.681638 0.652345 0.681638 0.654296 0.683596 0.656246 0.683596 0.658205 0.685547 0.660155 0.685547 0.662106 0.695311 0.662106 0.699221 0.658205 0.701172 0.658205 0.701172 0.656246 0.703124 0.654296 0.703124 0.652345 0.701172 0.650395 0.701172 0.648436 0.697263 0.644535 0.697263 0.642576 0.69336 0.638675 0.69336 0.636716 0.691408 0.634766 0.691408 0.632815 0.687499 0.628906 0.687499 0.626956 0.683596 0.623046 0.683596 0.621096 0.681638 0.619137
0 0.617185 0.539059 0.611331 0.544919 0.611331 0.552737 0.613282 0.554688 0.613282 0.556638 0.617185 0.560548 0.617185 0.562498 0.619143 0.564457 0.619143 0.566407 0.623046 0.570308 0.623046 0.572267 0.626956 0.576168 0.626956 0.578127 0.628907 0.580078 0.628907 0.582028 0.630859 0.583987 0.634768 0.583987 0.638671 0.580078 0.640623 0.580078 0.640623 0.578127 0.642581 0.576168 0.642581 0.574218 0.644533 0.572267 0.644533 0.570308 0.642581 0.568358 0.642581 0.566407 0.640623 0.564457 0.640623 0.562498 0.63672 0.558597 0.63672 0.556638 0.634768 0.554688 0.634768 0.552737 0.630859 0.548828 0.630859 0.546878 0.628907 0.544919 0.628907 0.542968 0.626956 0.541018 0.623046 0.541018 0.621095 0.539059
0 0.867188 0.220706 0.865237 0.222657 0.859375 0.222657 0.857424 0.224607 0.857424 0.226566 0.853514 0.230467 0.853514 0.232426 0.851563 0.234376 0.851563 0.236327 0.847653 0.240236 0.847653 0.242187 0.845702 0.244137 0.845702 0.249997 0.847653 0.251956 0.847653 0.253906 0.853514 0.253906 0.855466 0.255857 0.859375 0.251956 0.859375 0.249997 0.865237 0.244137 0.865237 0.242187 0.871091 0.236327 0.871091 0.234376 0.875001 0.230467 0.873049 0.228517 0.873049 0.226566
0 0.699221 0.660155 0.691408 0.667966 0.691408 0.669924 0.69336 0.671875 0.69336 0.673825 0.695311 0.675784 0.695311 0.679685 0.697263 0.681644 0.697263 0.683594 0.699221 0.685545 0.699221 0.689454 0.701172 0.691405 0.701172 0.693363 0.703124 0.695314 0.703124 0.697264 0.707033 0.697264 0.708985 0.695314 0.714846 0.695314 0.714846 0.693363 0.716797 0.691405 0.716797 0.687504 0.714846 0.685545 0.714846 0.681644 0.712888 0.679685 0.712888 0.673825 0.710936 0.671875 0.710936 0.667966 0.708985 0.666015 0.708985 0.664065 0.707033 0.664065 0.703124 0.660155
0 0.363279 0.458981 0.359376 0.462891 0.359376 0.464841 0.351564 0.47266 0.351564 0.47461 0.347654 0.478519 0.347654 0.48047 0.345703 0.48242 0.345703 0.484379 0.347654 0.48633 0.347654 0.48828 0.349612 0.49023 0.355467 0.49023 0.357425 0.492189 0.363279 0.48633 0.365237 0.48633 0.375001 0.47656 0.376953 0.47656 0.380862 0.47266 0.378904 0.470701 0.378904 0.46094 0.37305 0.46094 0.371092 0.458981
0 0.789062 0.908199 0.785159 0.912108 0.785159 0.925779 0.787111 0.927737 0.787111 0.941407 0.791014 0.941407 0.792972 0.943358 0.798826 0.943358 0.800784 0.941407 0.800784 0.939457 0.802736 0.937498 0.802736 0.927737 0.800784 0.925779 0.800784 0.914059 0.798826 0.912108 0.798826 0.910158 0.794923 0.910158 0.792972 0.908199
0 0.484378 0 0.48242 0 0.480468 0 0.478517 0 0.478517 0 0.480468 0 0.480468 0 0.48242 0 0.48242 0.007813 0.484378 0.009763 0.484378 0.013672 0.488281 0.017582 0.494142 0.017582 0.498045 0.013672 0.500003 0.013672 0.501954 0.011722 0.501954 0.005862 0.500003 0.003903 0.500003 0 0.498045 0 0.498045 0 0.496093 0 0.496093 0 0.494142 0 0.490232 0 0.488281 0
0 0.757812 0.052732 0.749999 0.060551 0.749999 0.062501 0.742187 0.070311 0.742187 0.076171 0.744138 0.078122 0.744138 0.08008 0.751951 0.08008 0.75586 0.076171 0.757812 0.076171 0.765625 0.068361 0.767576 0.068361 0.769534 0.06641 0.769534 0.054691 0.763673 0.054691 0.761721 0.052732
0 0.134763 0.937498 0.132811 0.939457 0.13086 0.939457 0.13086 0.945317 0.128908 0.947267 0.128908 0.957028 0.12695 0.958987 0.12695 0.968747 0.124999 0.970706 0.124999 0.976566 0.12695 0.978516 0.12695 0.980467 0.128908 0.980467 0.132811 0.984376 0.138672 0.984376 0.140624 0.982426 0.144533 0.982426 0.144533 0.978516 0.146485 0.976566 0.146485 0.970706 0.148436 0.968747 0.148436 0.962888 0.150388 0.960937 0.150388 0.955077 0.152346 0.953127 0.152346 0.951168 0.150388 0.949218 0.150388 0.945317 0.148436 0.943358 0.148436 0.941407 0.146485 0.941407 0.144533 0.939457 0.142575 0.939457 0.140624 0.937498