9 0.42578 0.330077 0.423827 0.33203 0.410158 0.33203 0.408205 0.333983 0.406251 0.333983 0.404298 0.335936 0.402345 0.335936 0.400391 0.337889 0.398438 0.337889 0.398438 0.343751 0.400391 0.345704 0.400391 0.347657 0.435547 0.347657 0.435547 0.33203 0.427734 0.33203
9 0.109375 0.74414 0.109375 0.755861 0.130858 0.755861 0.132811 0.757813 0.132811 0.755861 0.136718 0.751955 0.136718 0.749999 0.134764 0.748046 0.134764 0.746093 0.132811 0.74414
0 0.42578 0.11914 0.423827 0.121093 0.421874 0.121093 0.421874 0.123046 0.41992 0.124999 0.41992 0.146484 0.423827 0.15039 0.43164 0.15039 0.43164 0.148437 0.433594 0.146484 0.433594 0.138673 0.435547 0.13672 0.435547 0.124999 0.433594 0.123046 0.433594 0.121093 0.43164 0.121093 0.429687 0.11914
0 0.222655 0.123046 0.220705 0.124999 0.220705 0.134767 0.218751 0.13672 0.218751 0.146484 0.220705 0.148437 0.220705 0.15039 0.230468 0.15039 0.230468 0.148437 0.232421 0.146484 0.232421 0.123046
9 0.414061 0.591797 0.412111 0.593749 0.408205 0.593749 0.406251 0.595702 0.404298 0.595702 0.402345 0.597655 0.400391 0.597655 0.398438 0.599608 0.398438 0.603514 0.402345 0.607423 0.404298 0.607423 0.406251 0.609376 0.414061 0.609376 0.416014 0.611329 0.427734 0.611329 0.429687 0.609376 0.433594 0.609376 0.433594 0.593749 0.43164 0.593749 0.429687 0.591797
9 0.568358 0.773437 0.568358 0.781252 0.566405 0.783204 0.566405 0.789063 0.583985 0.789063 0.585938 0.791016 0.587891 0.789063 0.589844 0.789063 0.591798 0.78711 0.593751 0.78711 0.595704 0.785157 0.597657 0.785157 0.599611 0.783204 0.599611 0.779295 0.597657 0.779295 0.593751 0.77539 0.591798 0.77539 0.589844 0.773437
9 0.17383 0.697267 0.171877 0.69922 0.16797 0.69922 0.166017 0.701173 0.164064 0.701173 0.16211 0.703125 0.160157 0.703125 0.160157 0.705078 0.158204 0.707031 0.164064 0.71289 0.16797 0.71289 0.169923 0.714843 0.17383 0.714843 0.17578 0.716796 0.191406 0.716796 0.193359 0.718749 0.195312 0.716796 0.205079 0.716796 0.205079 0.710937 0.201172 0.710937 0.199219 0.708984 0.201172 0.707031 0.205079 0.707031 0.205079 0.69922 0.179686 0.69922 0.177733 0.697267
9 0.17578 0.585938 0.171877 0.589844 0.169923 0.589844 0.16797 0.591797 0.166017 0.591797 0.164064 0.593749 0.16211 0.593749 0.16211 0.595702 0.160157 0.597655 0.160157 0.599608 0.16211 0.601561 0.164064 0.601561 0.169923 0.607423 0.193359 0.607423 0.195312 0.60547 0.199219 0.60547 0.201172 0.603514 0.201172 0.591797 0.199219 0.589844 0.199219 0.585938
9 0.105469 0.474609 0.105469 0.488283 0.107422 0.48633 0.132811 0.48633 0.138671 0.480468 0.138671 0.478515 0.136718 0.478515 0.132811 0.474609
9 0.105469 0.812501 0.105469 0.826172 0.109375 0.826172 0.111329 0.828125 0.119142 0.828125 0.121095 0.826172 0.134764 0.826172 0.136718 0.824219 0.140624 0.824219 0.140624 0.822266 0.136718 0.81836 0.136718 0.816407 0.134764 0.816407 0.132811 0.814454 0.126951 0.814454 0.125002 0.812501
9 0.164064 0.308592 0.164064 0.310548 0.16211 0.312501 0.16211 0.314454 0.160157 0.316407 0.160157 0.31836 0.164064 0.322266 0.166017 0.322266 0.16797 0.320313 0.191406 0.320313 0.191406 0.31836 0.193359 0.316407 0.193359 0.312501 0.191406 0.310548 0.191406 0.308592
9 0.402345 0.716796 0.398438 0.720702 0.396485 0.720702 0.396485 0.726564 0.400391 0.730469 0.402345 0.730469 0.406251 0.734375 0.439453 0.734375 0.439453 0.732422 0.4375 0.730469 0.4375 0.726564 0.435547 0.724611 0.4375 0.722658 0.4375 0.716796
9 0.101562 0.42578 0.099609 0.427736 0.099609 0.431642 0.101562 0.431642 0.103516 0.433595 0.103516 0.443359 0.123048 0.443359 0.125002 0.441406 0.126951 0.441406 0.128905 0.439453 0.132811 0.439453 0.138671 0.433595 0.138671 0.431642 0.140624 0.429689 0.138671 0.429689 0.136718 0.427736 0.134764 0.427736 0.132811 0.42578
9 0.34375 0.728517 0.341797 0.730469 0.335937 0.730469 0.335937 0.732422 0.333984 0.734375 0.333984 0.742187 0.335937 0.74414 0.339844 0.74414 0.341797 0.746093 0.365236 0.746093 0.367186 0.74414 0.369139 0.74414 0.371093 0.742187 0.374999 0.742187 0.374999 0.736328 0.373046 0.734375 0.371093 0.734375 0.367186 0.730469 0.359376 0.730469 0.357423 0.728517
9 0.80664 0.912109 0.804686 0.914062 0.794924 0.914062 0.78711 0.921874 0.78711 0.92578 0.789064 0.927733 0.791017 0.927733 0.794924 0.931642 0.794924 0.933595 0.839845 0.933595 0.841799 0.935548 0.843748 0.935548 0.847655 0.931642 0.847655 0.917968 0.843748 0.914062 0.808593 0.914062
0 0.697267 0.109376 0.691407 0.115235 0.691407 0.117188 0.685548 0.123046 0.685548 0.124999 0.683594 0.126952 0.687501 0.130858 0.689454 0.130858 0.691407 0.132814 0.70703 0.117188 0.70703 0.115235 0.703123 0.111329 0.70117 0.111329 0.69922 0.109376
9 0.587891 0.662108 0.585938 0.664064 0.562499 0.664064 0.562499 0.677734 0.585938 0.677734 0.587891 0.679687 0.591798 0.679687 0.597657 0.673829 0.597657 0.669923 0.595704 0.669923
9 0.814453 0.658202 0.814453 0.664064 0.8125 0.666017 0.8125 0.671876 0.814453 0.673829 0.845701 0.673829 0.847655 0.671876 0.849608 0.671876 0.849608 0.664064 0.847655 0.662108 0.845701 0.662108 0.843748 0.660155 0.841799 0.660155 0.839845 0.658202
9 0.822266 0.36328 0.820313 0.365233 0.814453 0.365233 0.8125 0.367186 0.804686 0.367186 0.804686 0.369142 0.802733 0.371095 0.802733 0.373048 0.80078 0.375001 0.802733 0.376954 0.802733 0.378907 0.808593 0.384765 0.835939 0.384765 0.837892 0.382812 0.839845 0.382812 0.841799 0.38086 0.845701 0.38086 0.847655 0.378907 0.849608 0.378907 0.851561 0.376954 0.851561 0.375001 0.849608 0.373048 0.849608 0.371095 0.847655 0.369142 0.843748 0.369142 0.841799 0.367186 0.837892 0.367186 0.835939 0.365233 0.828126 0.365233 0.826172 0.36328
0 0.521483 0.187499 0.51953 0.189452 0.498048 0.189452 0.498048 0.195314 0.500001 0.197267 0.500001 0.19922 0.523437 0.19922 0.523437 0.197267 0.52539 0.195314 0.52539 0.189452 0.523437 0.189452
9 0.357423 0.472656 0.35547 0.474609 0.339844 0.474609 0.339844 0.478515 0.33789 0.480468 0.33789 0.482421 0.339844 0.484374 0.339844 0.48633 0.347657 0.48633 0.34961 0.484374 0.363283 0.484374 0.367186 0.480468 0.373046 0.480468 0.365236 0.472656
0 0.42578 0.189452 0.423827 0.191405 0.423827 0.193361 0.421874 0.195314 0.421874 0.201172 0.447267 0.201172 0.44922 0.203125 0.44922 0.201172 0.451173 0.19922 0.451173 0.191405 0.427734 0.191405
9 0.816406 0.306639 0.816406 0.310548 0.814453 0.312501 0.814453 0.316407 0.816406 0.31836 0.816406 0.320313 0.818359 0.322266 0.828126 0.322266 0.830079 0.324219 0.833986 0.324219 0.835939 0.322266 0.845701 0.322266 0.847655 0.320313 0.849608 0.320313 0.851561 0.31836 0.853515 0.31836 0.853515 0.312501 0.851561 0.310548 0.849608 0.310548 0.845701 0.306639
9 0.814453 0.408204 0.8125 0.410156 0.80664 0.410156 0.802733 0.414062 0.80078 0.414062 0.80078 0.416015 0.798826 0.417968 0.80078 0.419921 0.80078 0.421874 0.802733 0.423827 0.802733 0.42578 0.8125 0.42578 0.814453 0.427736 0.824219 0.427736 0.826172 0.429689 0.828126 0.427736 0.835939 0.427736 0.837892 0.42578 0.845701 0.42578 0.847655 0.423827 0.851561 0.423827 0.851561 0.417968 0.849608 0.416015 0.849608 0.414062 0.845701 0.410156 0.824219 0.410156 0.822266 0.408204
9 0.818359 0.892577 0.816406 0.89453 0.808593 0.89453 0.808593 0.898439 0.8125 0.898439 0.814453 0.900392 0.814453 0.902345 0.8125 0.904298 0.808593 0.904298 0.808593 0.910157 0.820313 0.910157 0.822266 0.912109 0.835939 0.912109 0.837892 0.910157 0.841799 0.910157 0.845701 0.906251 0.847655 0.906251 0.847655 0.904298 0.851561 0.900392 0.845701 0.89453 0.843748 0.89453 0.841799 0.892577
9 0.126951 0.599608 0.125002 0.601561 0.101562 0.601561 0.101562 0.60547 0.099609 0.607423 0.099609 0.611329 0.101562 0.613282 0.115235 0.613282 0.117188 0.615235 0.126951 0.615235 0.130858 0.611329 0.132811 0.611329 0.136718 0.607423 0.136718 0.60547 0.134764 0.60547 0.128905 0.599608
9 0.560545 0.343751 0.558592 0.345704 0.554689 0.345704 0.554689 0.351563 0.556639 0.351563 0.560545 0.355469 0.556639 0.359374 0.556639 0.36328 0.562499 0.36328 0.564452 0.361327 0.566405 0.36328 0.595704 0.36328 0.599611 0.359374 0.599611 0.357421 0.601564 0.355469 0.601564 0.351563 0.595704 0.345704 0.562499 0.345704
9 0.63086 0.367186 0.628906 0.369142 0.625 0.369142 0.623046 0.371095 0.623046 0.378907 0.625 0.378907 0.626953 0.38086 0.628906 0.38086 0.63086 0.382812 0.636719 0.382812 0.638673 0.384765 0.640626 0.382812 0.658202 0.382812 0.658202 0.376954 0.660155 0.375001 0.660155 0.369142 0.642579 0.369142 0.640626 0.367186
9 0.404298 0.851563 0.400391 0.855469 0.398438 0.855469 0.398438 0.857421 0.396485 0.859374 0.398438 0.861327 0.398438 0.86328 0.402345 0.867186 0.404298 0.867186 0.406251 0.869142 0.4375 0.869142 0.439453 0.867186 0.441407 0.867186 0.44336 0.865233 0.44336 0.86328 0.445313 0.861327 0.445313 0.857421 0.44336 0.855469 0.441407 0.855469 0.4375 0.851563
9 0.628906 0.830078 0.626953 0.83203 0.623046 0.83203 0.617187 0.837889 0.625 0.845704 0.626953 0.845704 0.628906 0.847657 0.642579 0.847657 0.644532 0.84961 0.656249 0.84961 0.658202 0.851563 0.662108 0.847657 0.662108 0.843751 0.660155 0.841798 0.660155 0.830078
0 0.326171 0.193361 0.326171 0.195314 0.324217 0.197267 0.324217 0.203125 0.345704 0.203125 0.347657 0.201172 0.34961 0.201172 0.34961 0.193361
9 0.132811 0.412109 0.130858 0.414062 0.105469 0.414062 0.105469 0.421874 0.107422 0.423827 0.134764 0.423827 0.138671 0.419921 0.138671 0.416015 0.136718 0.416015
9 0.17383 0.462892 0.171877 0.464844 0.16797 0.464844 0.16797 0.466797 0.166017 0.46875 0.158204 0.46875 0.158204 0.470703 0.160157 0.472656 0.164064 0.472656 0.17383 0.482421 0.17578 0.480468 0.207032 0.480468 0.207032 0.472656 0.208985 0.470703 0.208985 0.462892
9 0.423827 0.390624 0.421874 0.392577 0.408205 0.392577 0.406251 0.39453 0.402345 0.39453 0.398438 0.398439 0.396485 0.398439 0.398438 0.400392 0.398438 0.402345 0.402345 0.406251 0.404298 0.406251 0.406251 0.408204 0.410158 0.408204 0.412111 0.406251 0.414061 0.408204 0.433594 0.408204 0.433594 0.404298 0.435547 0.402345 0.435547 0.39453 0.433594 0.392577 0.42578 0.392577
9 0.402345 0.781252 0.400391 0.783204 0.398438 0.783204 0.396485 0.785157 0.396485 0.78711 0.394532 0.789063 0.394532 0.794922 0.396485 0.794922 0.400391 0.798828 0.402345 0.798828 0.406251 0.802734 0.408205 0.800781 0.4375 0.800781 0.4375 0.791016 0.439453 0.789063 0.439453 0.781252 0.412111 0.781252 0.410158 0.783204 0.408205 0.781252
9 0.359376 0.503906 0.357423 0.505859 0.34375 0.505859 0.34375 0.51758 0.371093 0.51758 0.373046 0.515627 0.373046 0.509765 0.371093 0.507812 0.371093 0.505859 0.365236 0.505859 0.363283 0.503906
9 0.105469 0.728517 0.105469 0.742187 0.136718 0.742187 0.138671 0.740234 0.138671 0.730469 0.136718 0.728517
9 0.414061 0.474609 0.412111 0.476562 0.400391 0.476562 0.398438 0.478515 0.398438 0.480468 0.396485 0.482421 0.398438 0.484374 0.398438 0.48633 0.400391 0.488283 0.404298 0.488283 0.406251 0.490236 0.43164 0.490236 0.43164 0.482421 0.433594 0.480468 0.433594 0.474609
10 0.599611 0.249998 0.599611 0.314454 0.601564 0.316407 0.601564 0.322266 0.599611 0.324219 0.599611 0.33203 0.601564 0.333983 0.601564 0.335936 0.599611 0.337889 0.599611 0.347657 0.603517 0.351563 0.603517 0.355469 0.601564 0.357421 0.601564 0.359374 0.599611 0.361327 0.599611 0.369142 0.601564 0.371095 0.599611 0.373048 0.599611 0.408204 0.601564 0.410156 0.601564 0.412109 0.603517 0.414062 0.603517 0.416015 0.599611 0.419921 0.599611 0.421874 0.597657 0.423827 0.597657 0.42578 0.599611 0.427736 0.599611 0.431642 0.597657 0.433595 0.597657 0.439453 0.599611 0.441406 0.599611 0.451171 0.597657 0.453124 0.597657 0.462892 0.599611 0.464844 0.599611 0.46875 0.597657 0.470703 0.597657 0.498047 0.601564 0.501953 0.601564 0.503906 0.597657 0.507812 0.597657 0.521485 0.599611 0.521485 0.601564 0.523438 0.601564 0.525391 0.597657 0.529297 0.597657 0.572264 0.599611 0.574217 0.599611 0.580079 0.597657 0.582032 0.597657 0.585938 0.599611 0.587891 0.599611 0.589844 0.601564 0.591797 0.601564 0.599608 0.599611 0.601561 0.599611 0.603514 0.597657 0.60547 0.597657 0.619141 0.599611 0.621094 0.599611 0.642579 0.597657 0.644532 0.597657 0.66797 0.599611 0.669923 0.599611 0.673829 0.597657 0.675781 0.597657 0.683593 0.599611 0.685546 0.599611 0.693361 0.597657 0.695314 0.597657 0.720702 0.599611 0.722658 0.599611 0.728517 0.597657 0.730469 0.597657 0.740234 0.599611 0.742187 0.599611 0.749999 0.597657 0.751955 0.597657 0.759766 0.599611 0.761719 0.599611 0.763672 0.597657 0.765625 0.597657 0.769531 0.595704 0.771484 0.595704 0.77539 0.597657 0.777342 0.599611 0.777342 0.601564 0.779295 0.601564 0.783204 0.597657 0.78711 0.595704 0.78711 0.595704 0.792969 0.597657 0.794922 0.599611 0.794922 0.601564 0.796875 0.601564 0.802734 0.597657 0.806639 0.597657 0.808592 0.595704 0.810548 0.595704 0.812501 0.603517 0.820313 0.603517 0.822266 0.601564 0.824219 0.599611 0.824219 0.595704 0.828125 0.595704 0.83203 0.597657 0.83203 0.601564 0.835936 0.601564 0.839845 0.599611 0.841798 0.599611 0.843751 0.597657 0.845704 0.595704 0.845704 0.595704 0.886718 0.599611 0.890624 0.599611 0.898439 0.597657 0.900392 0.597657 0.902345 0.595704 0.904298 0.595704 0.923827 0.599611 0.927733 0.599611 0.933595 0.597657 0.935548 0.597657 0.937501 0.595704 0.939453 0.595704 0.943359 0.621093 0.943359 0.621093 0.937501 0.61914 0.935548 0.61914 0.931642 0.621093 0.929689 0.621093 0.914062 0.61914 0.912109 0.61914 0.904298 0.621093 0.902345 0.621093 0.886718 0.61914 0.886718 0.617187 0.884766 0.617187 0.878907 0.621093 0.875001 0.621093 0.843751 0.615233 0.837889 0.621093 0.83203 0.621093 0.824219 0.61914 0.822266 0.617187 0.822266 0.615233 0.820313 0.615233 0.81836 0.617187 0.816407 0.61914 0.816407 0.621093 0.814454 0.621093 0.800781 0.61914 0.798828 0.61914 0.794922 0.621093 0.792969 0.621093 0.781252 0.61914 0.779295 0.621093 0.777342 0.621093 0.763672 0.615233 0.757813 0.621093 0.751955 0.621093 0.74414 0.61914 0.742187 0.61914 0.740234 0.621093 0.738281 0.621093 0.728517 0.61914 0.726564 0.61914 0.724611 0.617187 0.722658 0.617187 0.720702 0.61914 0.718749 0.621093 0.718749 0.621093 0.701173 0.61914 0.69922 0.621093 0.697267 0.621093 0.666017 0.61914 0.666017 0.617187 0.664064 0.61914 0.662108 0.61914 0.660155 0.621093 0.658202 0.621093 0.613282 0.61914 0.611329 0.61914 0.607423 0.617187 0.60547 0.617187 0.603514 0.61914 0.601561 0.621093 0.601561 0.621093 0.585938 0.61914 0.585938 0.617187 0.583985 0.61914 0.582032 0.61914 0.580079 0.621093 0.578126 0.621093 0.568358 0.61914 0.566405 0.621093 0.564453 0.621093 0.460939 0.617187 0.457033 0.617187 0.455077 0.61914 0.453124 0.61914 0.451171 0.621093 0.449218 0.621093 0.443359 0.61914 0.441406 0.61914 0.439453 0.617187 0.4375 0.617187 0.433595 0.621093 0.429689 0.621093 0.421874 0.61914 0.419921 0.61914 0.412109 0.621093 0.410156 0.621093 0.361327 0.61914 0.359374 0.61914 0.353516 0.621093 0.351563 0.621093 0.341798 0.61914 0.339845 0.61914 0.333983 0.621093 0.33203 0.621093 0.324219 0.61914 0.322266 0.61914 0.320313 0.617187 0.31836 0.617187 0.314454 0.61914 0.312501 0.621093 0.312501 0.621093 0.249998
9 0.625 0.34961 0.621093 0.353516 0.621093 0.359374 0.623046 0.359374 0.625 0.361327 0.628906 0.361327 0.63086 0.36328 0.634766 0.36328 0.636719 0.365233 0.650392 0.365233 0.652342 0.36328 0.658202 0.36328 0.658202 0.34961
9 0.634766 0.521485 0.63086 0.525391 0.625 0.525391 0.625 0.527344 0.623046 0.529297 0.623046 0.53125 0.625 0.533203 0.625 0.535156 0.626953 0.535156 0.63086 0.539061 0.634766 0.539061 0.636719 0.541014 0.638673 0.539061 0.666015 0.539061 0.666015 0.523438 0.642579 0.523438 0.640626 0.521485
9 0.628906 0.42578 0.626953 0.427736 0.625 0.427736 0.61914 0.433595 0.61914 0.4375 0.621093 0.439453 0.621093 0.441406 0.623046 0.443359 0.660155 0.443359 0.662108 0.445312 0.664062 0.443359 0.664062 0.431642 0.662108 0.429689 0.662108 0.42578
9 0.560545 0.68164 0.560545 0.683593 0.558592 0.685546 0.558592 0.687499 0.560545 0.687499 0.564452 0.691405 0.564452 0.693361 0.562499 0.695314 0.558592 0.695314 0.560545 0.697267 0.560545 0.69922 0.591798 0.69922 0.597657 0.693361 0.597657 0.685546 0.593751 0.68164
9 0.107422 0.550782 0.105469 0.552735 0.101562 0.552735 0.101562 0.564453 0.128905 0.564453 0.130858 0.566405 0.132811 0.564453 0.134764 0.564453 0.138671 0.560547 0.140624 0.560547 0.144531 0.556641 0.146484 0.556641 0.144531 0.556641 0.142577 0.554688 0.140624 0.554688 0.138671 0.552735 0.136718 0.552735 0.134764 0.550782
9 0.88086 0.759766 0.878907 0.761719 0.876954 0.761719 0.875 0.763672 0.875 0.769531 0.876954 0.771484 0.876954 0.77539 0.878907 0.777342 0.882814 0.777342 0.884767 0.779295 0.88672 0.779295 0.888674 0.777342 0.919922 0.777342 0.919922 0.761719 0.917969 0.759766
9 0.17383 0.875001 0.171877 0.876954 0.169923 0.876954 0.16797 0.878907 0.16211 0.878907 0.16211 0.88086 0.164064 0.882813 0.164064 0.886718 0.166017 0.888671 0.169923 0.888671 0.171877 0.890624 0.177733 0.890624 0.179686 0.892577 0.181639 0.890624 0.201172 0.890624 0.201172 0.886718 0.203125 0.884766 0.203125 0.882813 0.201172 0.88086 0.201172 0.875001
9 0.80664 0.759766 0.804686 0.761719 0.798826 0.761719 0.798826 0.765625 0.796873 0.767578 0.796873 0.769531 0.80078 0.773437 0.80664 0.773437 0.808593 0.77539 0.8125 0.77539 0.814453 0.777342 0.837892 0.777342 0.839845 0.77539 0.843748 0.77539 0.845701 0.773437 0.849608 0.773437 0.849608 0.767578 0.847655 0.767578 0.845701 0.765625 0.841799 0.765625 0.837892 0.761719 0.826172 0.761719 0.824219 0.759766
9 0.125002 0.443359 0.123048 0.445312 0.103516 0.445312 0.101562 0.447265 0.101562 0.449218 0.103516 0.449218 0.105469 0.451171 0.103516 0.453124 0.103516 0.457033 0.105469 0.458986 0.105469 0.460939 0.126951 0.460939 0.130858 0.457033 0.132811 0.457033 0.134764 0.455077 0.136718 0.455077 0.138671 0.453124 0.138671 0.449218 0.136718 0.449218 0.132811 0.445312 0.130858 0.445312 0.128905 0.443359
9 0.17383 0.609376 0.171877 0.611329 0.169923 0.611329 0.166017 0.615235 0.16211 0.615235 0.160157 0.617188 0.158204 0.617188 0.160157 0.619141 0.160157 0.621094 0.16211 0.621094 0.164064 0.623046 0.169923 0.623046 0.171877 0.624999 0.17383 0.624999 0.17578 0.626952 0.205079 0.626952 0.207032 0.624999 0.208985 0.624999 0.208985 0.611329 0.207032 0.609376
9 0.8125 0.638673 0.8125 0.640626 0.810546 0.642579 0.810546 0.644532 0.808593 0.646485 0.808593 0.65039 0.810546 0.652343 0.810546 0.654296 0.8125 0.656249 0.814453 0.654296 0.851561 0.654296 0.855468 0.65039 0.855468 0.646485 0.851561 0.642579 0.849608 0.642579 0.847655 0.640626 0.845701 0.640626 0.843748 0.638673
9 0.632813 0.652343 0.625 0.660155 0.621093 0.660155 0.621093 0.662108 0.61914 0.664064 0.621093 0.664064 0.623046 0.666017 0.628906 0.666017 0.63086 0.66797 0.632813 0.66797 0.636719 0.671876 0.638673 0.671876 0.640626 0.673829 0.642579 0.673829 0.644532 0.675781 0.662108 0.675781 0.664062 0.673829 0.666015 0.673829 0.667968 0.671876 0.667968 0.669923 0.669921 0.66797 0.669921 0.656249 0.667968 0.654296 0.656249 0.654296 0.654295 0.656249 0.652342 0.654296 0.640626 0.654296 0.638673 0.652343
9 0.35547 0.539061 0.353517 0.541014 0.341797 0.541014 0.341797 0.544924 0.34375 0.546876 0.34375 0.550782 0.369139 0.550782 0.374999 0.544924 0.369139 0.539061
9 0.804686 0.718749 0.80078 0.722658 0.80078 0.724611 0.804686 0.728517 0.804686 0.734375 0.80664 0.736328 0.80664 0.738281 0.8125 0.738281 0.814453 0.736328 0.845701 0.736328 0.847655 0.734375 0.849608 0.734375 0.849608 0.726564 0.847655 0.724611 0.847655 0.722658 0.845701 0.722658 0.843748 0.720702 0.80664 0.720702
9 0.341797 0.708984 0.33789 0.71289 0.335937 0.71289 0.335937 0.724611 0.339844 0.724611 0.341797 0.726564 0.369139 0.726564 0.371093 0.724611 0.373046 0.724611 0.376952 0.720702 0.376952 0.718749 0.374999 0.716796 0.374999 0.714843 0.373046 0.714843 0.369139 0.710937 0.367186 0.710937 0.365236 0.708984
9 0.33789 0.552735 0.33789 0.558594 0.339844 0.560547 0.339844 0.568358 0.369139 0.568358 0.373046 0.564453 0.373046 0.5625 0.371093 0.560547 0.371093 0.558594 0.365236 0.552735
9 0.365236 0.656249 0.363283 0.658202 0.34375 0.658202 0.34375 0.660155 0.345704 0.662108 0.345704 0.66797 0.347657 0.669923 0.347657 0.671876 0.365236 0.671876 0.367186 0.669923 0.369139 0.669923 0.376952 0.662108 0.374999 0.660155 0.373046 0.660155 0.371093 0.658202 0.369139 0.658202 0.367186 0.656249
9 0.341797 0.749999 0.341797 0.765625 0.373046 0.765625 0.373046 0.751955 0.369139 0.751955 0.367186 0.749999
9 0.80664 0.677734 0.80664 0.697267 0.841799 0.697267 0.843748 0.695314 0.845701 0.695314 0.847655 0.693361 0.849608 0.693361 0.851561 0.691405 0.853515 0.691405 0.853515 0.685546 0.845701 0.677734
10 0.142577 0.251955 0.142577 0.259766 0.140624 0.261719 0.140624 0.279295 0.138671 0.281251 0.138671 0.33203 0.140624 0.333983 0.138671 0.335936 0.138671 0.359374 0.140624 0.361327 0.140624 0.36328 0.138671 0.365233 0.138671 0.414062 0.140624 0.416015 0.140624 0.419921 0.138671 0.421874 0.138671 0.427736 0.140624 0.427736 0.142577 0.429689 0.140624 0.431642 0.140624 0.433595 0.138671 0.435548 0.138671 0.447265 0.140624 0.449218 0.140624 0.453124 0.138671 0.455077 0.138671 0.464844 0.140624 0.466797 0.140624 0.46875 0.138671 0.470703 0.138671 0.476562 0.140624 0.478515 0.140624 0.480468 0.138671 0.482421 0.138671 0.492188 0.140624 0.494141 0.140624 0.5 0.138671 0.501953 0.138671 0.542967 0.140624 0.544924 0.138671 0.546876 0.138671 0.550782 0.140624 0.552735 0.142577 0.552735 0.144531 0.554688 0.146484 0.554688 0.148437 0.556641 0.146484 0.558594 0.144531 0.558594 0.140624 0.5625 0.138671 0.5625 0.138671 0.574217 0.140624 0.576173 0.140624 0.578126 0.138671 0.580079 0.138671 0.613282 0.140624 0.615235 0.140624 0.820313 0.142577 0.822266 0.142577 0.824219 0.140624 0.826172 0.140624 0.939453 0.142577 0.937501 0.158204 0.937501 0.158204 0.931642 0.160157 0.929689 0.160157 0.921874 0.16211 0.919921 0.16211 0.882813 0.160157 0.88086 0.160157 0.878907 0.16211 0.876954 0.16211 0.84961 0.160157 0.847657 0.160157 0.83203 0.16211 0.830078 0.16211 0.800781 0.15625 0.794922 0.15625 0.792969 0.158204 0.791016 0.158204 0.789063 0.16211 0.785157 0.16211 0.781252 0.160157 0.779295 0.158204 0.779295 0.154297 0.77539 0.15625 0.773437 0.158204 0.773437 0.16211 0.769531 0.16211 0.732422 0.160157 0.730469 0.160157 0.724611 0.16211 0.722658 0.16211 0.71289 0.15625 0.707031 0.158204 0.705078 0.158204 0.703125 0.160157 0.701173 0.16211 0.701173 0.16211 0.695314 0.160157 0.693361 0.160157 0.685546 0.158204 0.683593 0.158204 0.679687 0.160157 0.677734 0.16211 0.677734 0.16211 0.648437 0.160157 0.646485 0.160157 0.63672 0.16211 0.634767 0.16211 0.623046 0.160157 0.623046 0.158204 0.621094 0.158204 0.619141 0.15625 0.617188 0.158204 0.615235 0.160157 0.615235 0.16211 0.613282 0.16211 0.603514 0.158204 0.599608 0.158204 0.597655 0.160157 0.595702 0.160157 0.593749 0.16211 0.591797 0.164064 0.591797 0.164064 0.585938 0.16211 0.585938 0.160157 0.583985 0.160157 0.580079 0.158204 0.578126 0.15625 0.578126 0.154297 0.576173 0.154297 0.574217 0.158204 0.570311 0.16211 0.570311 0.164064 0.568358 0.164064 0.564453 0.16211 0.5625 0.160157 0.5625 0.158204 0.560547 0.158204 0.556641 0.160157 0.554688 0.160157 0.552735 0.16211 0.550782 0.16211 0.548829 0.164064 0.546876 0.164064 0.539061 0.15625 0.53125 0.164064 0.523438 0.16211 0.521485 0.16211 0.519532 0.160157 0.51758 0.160157 0.515627 0.16211 0.51367 0.16211 0.507812 0.164064 0.505859 0.164064 0.5 0.160157 0.496094 0.160157 0.490236 0.16211 0.488283 0.16211 0.48633 0.164064 0.484374 0.164064 0.474609 0.160157 0.474609 0.15625 0.470703 0.15625 0.46875 0.158204 0.466797 0.164064 0.466797 0.164064 0.460939 0.160157 0.457033 0.160157 0.455077 0.158204 0.453124 0.158204 0.447265 0.164064 0.441406 0.158204 0.435548 0.158204 0.427736 0.160157 0.42578 0.164064 0.42578 0.164064 0.419921 0.158204 0.414062 0.158204 0.412109 0.15625 0.410156 0.15625 0.408204 0.158204 0.406251 0.158204 0.404298 0.160157 0.402345 0.164064 0.402345 0.164064 0.39453 0.160157 0.390624 0.160157 0.384765 0.16211 0.382812 0.164064 0.382812 0.164064 0.378907 0.16211 0.378907 0.160157 0.376954 0.160157 0.375001 0.15625 0.371095 0.15625 0.367186 0.158204 0.365233 0.158204 0.36328 0.160157 0.361327 0.164064 0.361327 0.164064 0.355469 0.16211 0.355469 0.158204 0.351563 0.158204 0.34961 0.15625 0.347657 0.158204 0.345704 0.16211 0.345704 0.164064 0.343751 0.164064 0.339845 0.16211 0.337889 0.16211 0.333983 0.160157 0.33203 0.160157 0.328125 0.16211 0.326172 0.164064 0.326172 0.164064 0.324219 0.158204 0.31836 0.158204 0.316407 0.160157 0.314454 0.160157 0.312501 0.16211 0.310548 0.16211 0.308592 0.164064 0.306639 0.164064 0.251955
9 0.410158 0.630858 0.408205 0.632811 0.404298 0.632811 0.402345 0.634767 0.400391 0.634767 0.400391 0.642579 0.402345 0.644532 0.402345 0.646485 0.404298 0.646485 0.406251 0.648437 0.410158 0.648437 0.412111 0.65039 0.417967 0.65039 0.41992 0.652343 0.433594 0.652343 0.433594 0.65039 0.435547 0.648437 0.435547 0.63672 0.433594 0.634767 0.433594 0.632811 0.414061 0.632811 0.412111 0.630858
9 0.402345 0.492188 0.398438 0.496094 0.398438 0.5 0.400391 0.501953 0.400391 0.503906 0.402345 0.505859 0.433594 0.505859 0.433594 0.5 0.435547 0.498047 0.435547 0.492188
9 0.410158 0.804686 0.408205 0.806639 0.404298 0.806639 0.398438 0.812501 0.398438 0.814454 0.396485 0.816407 0.396485 0.81836 0.398438 0.820313 0.400391 0.820313 0.404298 0.824219 0.4375 0.824219 0.4375 0.820313 0.439453 0.81836 0.439453 0.816407 0.4375 0.816407 0.435547 0.814454 0.435547 0.812501 0.4375 0.810548 0.4375 0.808592 0.439453 0.806639 0.439453 0.804686
0 0.052734 0.185546 0.052734 0.187499 0.050781 0.189452 0.050781 0.193361 0.052734 0.195314 0.072267 0.195314 0.07422 0.197267 0.076174 0.195314 0.076174 0.187499 0.07422 0.185546
9 0.892576 0.912109 0.890627 0.914062 0.878907 0.914062 0.876954 0.916015 0.875 0.916015 0.873047 0.917968 0.871094 0.917968 0.869141 0.919921 0.869141 0.921874 0.867188 0.923827 0.869141 0.92578 0.869141 0.927733 0.871094 0.929689 0.875 0.929689 0.876954 0.931642 0.890627 0.931642 0.892576 0.933595 0.90625 0.933595 0.908203 0.935548 0.910156 0.933595 0.916016 0.933595 0.917969 0.931642 0.925782 0.931642 0.927735 0.929689 0.929689 0.929689 0.931642 0.927733 0.935548 0.927733 0.937502 0.92578 0.939451 0.92578 0.941405 0.923827 0.937502 0.919921 0.933595 0.919921 0.931642 0.917968 0.929689 0.917968 0.927735 0.916015 0.921875 0.916015 0.919922 0.914062 0.910156 0.914062 0.908203 0.912109
9 0.16797 0.566405 0.16211 0.572264 0.158204 0.572264 0.15625 0.574217 0.15625 0.576173 0.158204 0.576173 0.16211 0.580079 0.16211 0.583985 0.201172 0.583985 0.203125 0.582032 0.205079 0.582032 0.205079 0.574217 0.207032 0.572264 0.207032 0.570311 0.205079 0.568358 0.17578 0.568358 0.17383 0.566405
9 0.878907 0.634767 0.871094 0.642579 0.871094 0.644532 0.873047 0.646485 0.873047 0.648437 0.875 0.648437 0.878907 0.652343 0.88086 0.652343 0.882814 0.654296 0.88672 0.654296 0.888674 0.656249 0.892576 0.656249 0.89453 0.654296 0.910156 0.654296 0.910156 0.646485 0.908203 0.646485 0.90625 0.644532 0.90625 0.642579 0.908203 0.640626 0.908203 0.634767
9 0.908203 0.822266 0.90625 0.824219 0.896483 0.824219 0.89453 0.826172 0.888674 0.826172 0.88672 0.828125 0.882814 0.828125 0.88086 0.830078 0.875 0.830078 0.873047 0.83203 0.873047 0.835936 0.876954 0.839845 0.876954 0.841798 0.900389 0.841798 0.902343 0.843751 0.904296 0.841798 0.917969 0.841798 0.919922 0.839845 0.921875 0.839845 0.923829 0.837889 0.925782 0.837889 0.927735 0.835936 0.929689 0.835936 0.929689 0.83203 0.927735 0.83203 0.921875 0.826172 0.917969 0.826172 0.914062 0.822266
9 0.101562 0.687499 0.101562 0.689452 0.099609 0.691405 0.099609 0.693361 0.101562 0.693361 0.103516 0.695314 0.103516 0.701173 0.101562 0.703125 0.101562 0.705078 0.130858 0.705078 0.132811 0.703125 0.134764 0.703125 0.134764 0.701173 0.138671 0.697267 0.138671 0.693361 0.136718 0.691405 0.134764 0.691405 0.132811 0.689452 0.128905 0.689452 0.126951 0.687499
0 0.130858 0.117188 0.126951 0.121093 0.126951 0.126952 0.125002 0.128905 0.125002 0.13672 0.126951 0.138673 0.126951 0.142579 0.128905 0.142579 0.130858 0.144532 0.132811 0.144532 0.134764 0.146484 0.136718 0.146484 0.140624 0.142579 0.140624 0.121093 0.136718 0.117188
0 0.601564 0.099608 0.599611 0.101561 0.599611 0.103517 0.597657 0.10547 0.597657 0.107423 0.595704 0.109376 0.595704 0.111329 0.593751 0.113282 0.593751 0.115235 0.591798 0.117188 0.591798 0.11914 0.589844 0.121093 0.589844 0.123046 0.595704 0.123046 0.597657 0.124999 0.601564 0.124999 0.603517 0.126952 0.605467 0.124999 0.605467 0.123046 0.60742 0.121093 0.60742 0.11914 0.609374 0.117188 0.609374 0.115235 0.611327 0.113282 0.611327 0.111329 0.61328 0.109376 0.61328 0.101561 0.611327 0.101561 0.609374 0.099608
9 0.8125 0.449218 0.8125 0.451171 0.810546 0.453124 0.810546 0.455077 0.808593 0.457033 0.808593 0.458986 0.810546 0.460939 0.810546 0.462892 0.8125 0.464844 0.8125 0.466797 0.814453 0.466797 0.816406 0.46875 0.837892 0.46875 0.839845 0.466797 0.843748 0.466797 0.845701 0.464844 0.847655 0.464844 0.849608 0.462892 0.851561 0.462892 0.853515 0.460939 0.855468 0.460939 0.855468 0.457033 0.853515 0.455077 0.849608 0.455077 0.847655 0.453124 0.845701 0.453124 0.841799 0.449218
9 0.34375 0.306639 0.34375 0.312501 0.341797 0.314454 0.341797 0.31836 0.345704 0.322266 0.347657 0.322266 0.34961 0.320313 0.373046 0.320313 0.373046 0.31836 0.374999 0.316407 0.374999 0.312501 0.373046 0.312501 0.369139 0.308592 0.345704 0.308592
9 0.126951 0.867186 0.125002 0.869142 0.107422 0.869142 0.107422 0.88086 0.125002 0.88086 0.126951 0.878907 0.130858 0.878907 0.132811 0.876954 0.134764 0.876954 0.134764 0.871095 0.132811 0.869142 0.130858 0.869142 0.128905 0.867186
9 0.804686 0.548829 0.804686 0.550782 0.802733 0.552735 0.802733 0.554688 0.804686 0.556641 0.80664 0.556641 0.808593 0.558594 0.808593 0.560547 0.80664 0.5625 0.804686 0.5625 0.802733 0.564453 0.804686 0.566405 0.804686 0.568358 0.80664 0.568358 0.808593 0.570311 0.832032 0.570311 0.833986 0.568358 0.841799 0.568358 0.843748 0.566405 0.849608 0.566405 0.853515 0.5625 0.853515 0.554688 0.851561 0.554688 0.847655 0.550782 0.833986 0.550782 0.832032 0.548829 0.830079 0.548829 0.828126 0.550782 0.814453 0.550782 0.8125 0.548829
9 0.626953 0.736328 0.623046 0.740234 0.621093 0.740234 0.621093 0.742187 0.623046 0.74414 0.623046 0.746093 0.625 0.746093 0.626953 0.748046 0.652342 0.748046 0.654295 0.746093 0.654295 0.742187 0.656249 0.740234 0.656249 0.736328
9 0.804686 0.615235 0.80664 0.617188 0.80664 0.619141 0.808593 0.621094 0.808593 0.623046 0.810546 0.624999 0.810546 0.626952 0.80664 0.630858 0.80664 0.63672 0.808593 0.63672 0.810546 0.634767 0.826172 0.634767 0.828126 0.632811 0.841799 0.632811 0.849608 0.624999 0.849608 0.621094 0.845701 0.617188 0.80664 0.617188
0 0.283202 0.124999 0.283202 0.134767 0.281249 0.13672 0.281249 0.152343 0.283202 0.152343 0.285156 0.154296 0.296875 0.154296 0.296875 0.140626 0.294922 0.138673 0.294922 0.124999
9 0.890627 0.529297 0.888674 0.53125 0.882814 0.53125 0.88086 0.533203 0.878907 0.533203 0.875 0.537109 0.873047 0.537109 0.873047 0.539061 0.875 0.541014 0.875 0.544924 0.876954 0.546876 0.878907 0.546876 0.88086 0.548829 0.882814 0.548829 0.884767 0.550782 0.892576 0.550782 0.89453 0.548829 0.917969 0.548829 0.917969 0.53125 0.892576 0.53125
9 0.101562 0.88086 0.101562 0.890624 0.099609 0.892577 0.099609 0.900392 0.101562 0.898439 0.121095 0.898439 0.123048 0.896483 0.130858 0.896483 0.132811 0.89453 0.134764 0.89453 0.134764 0.888671 0.132811 0.886718 0.130858 0.886718 0.126951 0.882813 0.126951 0.88086 0.125002 0.882813 0.107422 0.882813 0.105469 0.88086
9 0.876954 0.324219 0.873047 0.328125 0.871094 0.328125 0.882814 0.339845 0.900389 0.339845 0.902343 0.341798 0.902343 0.337889 0.904296 0.335936 0.904296 0.324219
0 0.240234 0.189452 0.240234 0.193361 0.238281 0.195314 0.238281 0.201172 0.240234 0.203125 0.240234 0.205078 0.273436 0.205078 0.275389 0.207031 0.277343 0.205078 0.277343 0.203125 0.279296 0.201172 0.279296 0.19922 0.277343 0.197267 0.277343 0.191405 0.275389 0.189452
9 0.16797 0.343751 0.166017 0.345704 0.164064 0.345704 0.16211 0.347657 0.158204 0.347657 0.160157 0.34961 0.160157 0.351563 0.16211 0.353516 0.164064 0.353516 0.166017 0.355469 0.16797 0.355469 0.169923 0.357421 0.17383 0.357421 0.17578 0.355469 0.179686 0.355469 0.181639 0.353516 0.189452 0.353516 0.189452 0.345704 0.187499 0.343751
9 0.572265 0.621094 0.570312 0.623046 0.566405 0.623046 0.564452 0.624999 0.560545 0.624999 0.558592 0.626952 0.554689 0.626952 0.554689 0.628905 0.552736 0.630858 0.552736 0.632811 0.550783 0.634767 0.556639 0.640626 0.558592 0.640626 0.560545 0.642579 0.568358 0.642579 0.570312 0.644532 0.576172 0.644532 0.578125 0.642579 0.597657 0.642579 0.597657 0.621094
9 0.400391 0.912109 0.400391 0.917968 0.398438 0.919921 0.398438 0.937501 0.400391 0.939453 0.44336 0.939453 0.445313 0.937501 0.447267 0.937501 0.44922 0.935548 0.44922 0.933595 0.453126 0.929689 0.45508 0.929689 0.45508 0.923827 0.453126 0.921874 0.44922 0.921874 0.44336 0.916015 0.441407 0.916015 0.439453 0.914062 0.402345 0.914062
9 0.166017 0.501953 0.166017 0.505859 0.164064 0.507812 0.164064 0.51367 0.16211 0.515627 0.16211 0.51758 0.164064 0.519532 0.164064 0.521485 0.189452 0.521485 0.191406 0.523438 0.199219 0.523438 0.201172 0.521485 0.207032 0.521485 0.210938 0.51758 0.212892 0.51758 0.216798 0.51367 0.216798 0.511717 0.214845 0.511717 0.208985 0.505859 0.207032 0.505859 0.205079 0.503906 0.169923 0.503906 0.16797 0.501953
9 0.099609 0.707031 0.097656 0.708984 0.095703 0.708984 0.091796 0.71289 0.091796 0.714843 0.093749 0.716796 0.093749 0.720702 0.095703 0.720702 0.101562 0.726564 0.134764 0.726564 0.134764 0.724611 0.136718 0.722658 0.136718 0.710937 0.134764 0.708984 0.134764 0.707031
9 0.8125 0.53125 0.8125 0.546876 0.814453 0.548829 0.828126 0.548829 0.830079 0.546876 0.835939 0.546876 0.837892 0.544924 0.843748 0.544924 0.845701 0.542967 0.849608 0.542967 0.851561 0.541014 0.855468 0.541014 0.851561 0.537109 0.849608 0.537109 0.845701 0.533203 0.843748 0.533203 0.841799 0.53125
9 0.406251 0.695314 0.402345 0.69922 0.400391 0.69922 0.400391 0.701173 0.398438 0.703125 0.396485 0.703125 0.400391 0.707031 0.402345 0.707031 0.404298 0.708984 0.406251 0.708984 0.408205 0.710937 0.4375 0.710937 0.4375 0.705078 0.435547 0.705078 0.433594 0.703125 0.433594 0.701173 0.435547 0.69922 0.435547 0.695314
9 0.107422 0.777342 0.107422 0.785157 0.105469 0.78711 0.105469 0.792969 0.126951 0.792969 0.128905 0.791016 0.134764 0.791016 0.136718 0.789063 0.136718 0.78711 0.138671 0.785157 0.136718 0.783204 0.134764 0.783204 0.132811 0.781252 0.130858 0.781252 0.128905 0.779295 0.126951 0.779295 0.125002 0.777342
9 0.814453 0.343751 0.8125 0.345704 0.80664 0.345704 0.802733 0.34961 0.802733 0.351563 0.804686 0.353516 0.804686 0.357421 0.80664 0.359374 0.808593 0.359374 0.810546 0.361327 0.826172 0.361327 0.828126 0.36328 0.841799 0.36328 0.843748 0.361327 0.849608 0.361327 0.849608 0.359374 0.851561 0.357421 0.851561 0.351563 0.847655 0.347657 0.845701 0.347657 0.843748 0.345704 0.833986 0.345704 0.832032 0.343751
9 0.636719 0.388671 0.634766 0.390624 0.632813 0.390624 0.63086 0.392577 0.625 0.392577 0.623046 0.39453 0.623046 0.398439 0.625 0.398439 0.626953 0.400392 0.628906 0.400392 0.63086 0.402345 0.640626 0.402345 0.642579 0.404298 0.652342 0.404298 0.654295 0.406251 0.656249 0.404298 0.658202 0.404298 0.660155 0.402345 0.669921 0.402345 0.671875 0.400392 0.675781 0.400392 0.677734 0.398439 0.675781 0.396483 0.675781 0.390624 0.673828 0.388671
9 0.570312 0.755861 0.568358 0.757813 0.564452 0.757813 0.564452 0.765625 0.562499 0.767578 0.562499 0.773437 0.564452 0.771484 0.591798 0.771484 0.595704 0.767578 0.595704 0.765625 0.597657 0.763672 0.597657 0.761719 0.593751 0.757813 0.591798 0.757813 0.589844 0.755861
9 0.628906 0.898439 0.626953 0.900392 0.625 0.900392 0.621093 0.904298 0.621093 0.912109 0.623046 0.914062 0.625 0.914062 0.626953 0.916015 0.658202 0.916015 0.658202 0.914062 0.660155 0.912109 0.660155 0.906251 0.658202 0.904298 0.658202 0.898439
0 0.71289 0.146484 0.710937 0.148437 0.693361 0.148437 0.693361 0.160155 0.695314 0.160155 0.697267 0.158202 0.716796 0.158202 0.716796 0.148437 0.714843 0.148437
9 0.408205 0.826172 0.406251 0.828125 0.400391 0.828125 0.400391 0.830078 0.398438 0.83203 0.398438 0.837889 0.404298 0.843751 0.406251 0.843751 0.408205 0.845704 0.441407 0.845704 0.44336 0.847657 0.445313 0.845704 0.445313 0.837889 0.44336 0.835936 0.44336 0.826172
9 0.638673 0.767578 0.636719 0.769531 0.632813 0.769531 0.625 0.777342 0.623046 0.777342 0.621093 0.779295 0.623046 0.779295 0.625 0.781252 0.626953 0.781252 0.63086 0.785157 0.632813 0.785157 0.634766 0.78711 0.658202 0.78711 0.658202 0.783204 0.660155 0.781252 0.660155 0.779295 0.662108 0.777342 0.664062 0.777342 0.666015 0.779295 0.666015 0.773437 0.662108 0.773437 0.660155 0.771484 0.660155 0.767578
9 0.107422 0.312501 0.107422 0.316407 0.105469 0.31836 0.105469 0.320313 0.107422 0.322266 0.132811 0.322266 0.132811 0.320313 0.134764 0.31836 0.134764 0.316407 0.130858 0.312501
9 0.402345 0.453124 0.400391 0.455077 0.400391 0.462892 0.404298 0.466797 0.406251 0.466797 0.408205 0.46875 0.410158 0.466797 0.435547 0.466797 0.435547 0.453124
9 0.572265 0.476562 0.570312 0.478515 0.562499 0.478515 0.560545 0.480468 0.556639 0.480468 0.554689 0.482421 0.552736 0.482421 0.550783 0.484374 0.548829 0.484374 0.548829 0.488283 0.550783 0.488283 0.552736 0.490236 0.570312 0.490236 0.572265 0.492188 0.574218 0.490236 0.582031 0.490236 0.583985 0.488283 0.593751 0.488283 0.593751 0.480468 0.591798 0.478515 0.591798 0.476562
9 0.634766 0.310548 0.632813 0.312501 0.626953 0.312501 0.625 0.314454 0.61914 0.314454 0.61914 0.31836 0.621093 0.320313 0.621093 0.322266 0.623046 0.324219 0.623046 0.326172 0.626953 0.330077 0.646486 0.330077 0.646486 0.326172 0.648439 0.324219 0.648439 0.31836 0.650392 0.316407 0.650392 0.310548
9 0.570312 0.421874 0.570312 0.429689 0.568358 0.431642 0.568358 0.4375 0.570312 0.435548 0.591798 0.435548 0.593751 0.433595 0.595704 0.433595 0.597657 0.431642 0.597657 0.427736 0.595704 0.42578 0.593751 0.42578 0.591798 0.423827 0.572265 0.423827
0 0.109375 0.115235 0.105469 0.11914 0.105469 0.128905 0.107422 0.130858 0.107422 0.140626 0.109375 0.142579 0.109375 0.144532 0.111329 0.144532 0.113282 0.146484 0.115235 0.144532 0.119142 0.144532 0.121095 0.142579 0.121095 0.132814 0.119142 0.130858 0.119142 0.11914 0.117188 0.117188 0.117188 0.115235
9 0.410158 0.371095 0.408205 0.373048 0.402345 0.373048 0.398438 0.376954 0.396485 0.376954 0.394532 0.378907 0.396485 0.38086 0.396485 0.382812 0.398438 0.384765 0.398438 0.386718 0.402345 0.390624 0.421874 0.390624 0.423827 0.388671 0.42578 0.390624 0.429687 0.390624 0.43164 0.388671 0.4375 0.388671 0.4375 0.371095
0 0.046874 0.113282 0.044921 0.115235 0.042968 0.115235 0.041015 0.117188 0.039061 0.117188 0.039061 0.11914 0.041015 0.121093 0.041015 0.126952 0.042968 0.128905 0.042968 0.134767 0.044921 0.13672 0.044921 0.138673 0.046874 0.140626 0.046874 0.142579 0.048828 0.144532 0.056641 0.144532 0.058594 0.142579 0.058594 0.138673 0.056641 0.13672 0.056641 0.128905 0.054688 0.126952 0.054688 0.121093 0.052734 0.11914 0.052734 0.115235 0.048828 0.115235
0 0.369139 0.121093 0.367186 0.123046 0.365236 0.123046 0.365236 0.15039 0.367186 0.152343 0.367186 0.154296 0.369139 0.154296 0.371093 0.156249 0.376952 0.156249 0.378906 0.154296 0.378906 0.152343 0.380859 0.15039 0.380859 0.124999 0.378906 0.124999 0.376952 0.123046 0.374999 0.123046 0.373046 0.121093
9 0.166017 0.484374 0.164064 0.48633 0.164064 0.488283 0.16211 0.490236 0.16211 0.496094 0.164064 0.498047 0.166017 0.498047 0.169923 0.501953 0.205079 0.501953 0.205079 0.494141 0.207032 0.492188 0.207032 0.484374
0 0.269533 0.123046 0.26758 0.124999 0.259767 0.124999 0.259767 0.13672 0.26172 0.138673 0.26172 0.152343 0.271483 0.152343 0.273436 0.15039 0.275389 0.15039 0.275389 0.140626 0.273436 0.138673 0.273436 0.126952
9 0.103516 0.83203 0.103516 0.833983 0.101562 0.835936 0.099609 0.835936 0.099609 0.837889 0.101562 0.839845 0.101562 0.841798 0.103516 0.843751 0.103516 0.845704 0.105469 0.845704 0.107422 0.847657 0.115235 0.847657 0.117188 0.84961 0.123048 0.84961 0.125002 0.847657 0.128905 0.847657 0.130858 0.845704 0.136718 0.845704 0.136718 0.835936 0.134764 0.833983 0.113282 0.833983 0.111329 0.83203
9 0.798826 0.824219 0.798826 0.843751 0.841799 0.843751 0.843748 0.841798 0.845701 0.841798 0.847655 0.839845 0.849608 0.839845 0.849608 0.837889 0.851561 0.835936 0.851561 0.83203 0.847655 0.828125 0.845701 0.828125 0.841799 0.824219
0 0.402345 0.189452 0.400391 0.191405 0.373046 0.191405 0.373046 0.195314 0.371093 0.197267 0.371093 0.201172 0.373046 0.203125 0.402345 0.203125 0.404298 0.201172 0.404298 0.19922 0.406251 0.197267 0.404298 0.195314 0.404298 0.193361 0.402345 0.191405
9 0.638673 0.632811 0.636719 0.634767 0.632813 0.634767 0.63086 0.63672 0.628906 0.63672 0.625 0.640626 0.625 0.65039 0.638673 0.65039 0.640626 0.652343 0.652342 0.652343 0.654295 0.654296 0.656249 0.652343 0.669921 0.652343 0.669921 0.646485 0.667968 0.646485 0.666015 0.644532 0.666015 0.642579 0.667968 0.640626 0.669921 0.640626 0.669921 0.63672 0.667968 0.634767 0.667968 0.632811
0 0.285156 0.187499 0.283202 0.189452 0.281249 0.189452 0.281249 0.197267 0.283202 0.19922 0.304688 0.19922 0.306642 0.201172 0.306642 0.193361 0.304688 0.191405 0.304688 0.189452 0.302735 0.187499
9 0.634766 0.595702 0.632813 0.597655 0.628906 0.597655 0.625 0.601561 0.623046 0.601561 0.621093 0.603514 0.61914 0.603514 0.61914 0.60547 0.621093 0.607423 0.621093 0.611329 0.623046 0.613282 0.625 0.613282 0.626953 0.615235 0.664062 0.615235 0.664062 0.611329 0.666015 0.609376 0.666015 0.607423 0.664062 0.607423 0.662108 0.60547 0.662108 0.603514 0.664062 0.601561 0.664062 0.597655 0.636719 0.597655
9 0.171877 0.421874 0.169923 0.423827 0.16797 0.423827 0.164064 0.427736 0.160157 0.427736 0.160157 0.435548 0.164064 0.439453 0.205079 0.439453 0.207032 0.4375 0.207032 0.423827 0.17383 0.423827
9 0.109375 0.353516 0.107422 0.355469 0.101562 0.355469 0.101562 0.359374 0.099609 0.361327 0.099609 0.369142 0.101562 0.369142 0.103516 0.371095 0.117188 0.371095 0.119142 0.369142 0.123048 0.369142 0.125002 0.367186 0.130858 0.367186 0.132811 0.365233 0.134764 0.365233 0.136718 0.36328 0.138671 0.36328 0.138671 0.361327 0.136718 0.359374 0.134764 0.359374 0.130858 0.355469 0.128905 0.355469 0.126951 0.353516
0 0.08789 0.185546 0.08789 0.187499 0.085936 0.189452 0.085936 0.191405 0.083983 0.193361 0.083983 0.195314 0.085936 0.195314 0.08789 0.197267 0.105469 0.197267 0.107422 0.19922 0.111329 0.195314 0.111329 0.191405 0.107422 0.187499 0.107422 0.185546
0 0.125002 0.185546 0.123048 0.187499 0.119142 0.187499 0.119142 0.195314 0.123048 0.19922 0.150391 0.19922 0.150391 0.197267 0.152344 0.195314 0.152344 0.191405 0.150391 0.189452 0.150391 0.187499 0.148437 0.185546
9 0.656249 0.464844 0.654295 0.466797 0.623046 0.466797 0.623046 0.474609 0.628906 0.480468 0.632813 0.480468 0.634766 0.482421 0.638673 0.482421 0.640626 0.480468 0.654295 0.480468 0.656249 0.478515 0.656249 0.474609 0.658202 0.472656 0.658202 0.46875 0.656249 0.466797
9 0.570312 0.310548 0.570312 0.316407 0.568358 0.31836 0.568358 0.322266 0.570312 0.324219 0.595704 0.324219 0.597657 0.322266 0.599611 0.322266 0.599611 0.316407 0.597657 0.314454 0.593751 0.314454 0.591798 0.312501 0.572265 0.312501
9 0.566405 0.548829 0.566405 0.550782 0.564452 0.552735 0.564452 0.554688 0.562499 0.556641 0.562499 0.566405 0.566405 0.566405 0.568358 0.564453 0.593751 0.564453 0.595704 0.5625 0.595704 0.556641 0.591798 0.552735 0.587891 0.552735 0.585938 0.550782 0.568358 0.550782
9 0.843748 0.697267 0.841799 0.69922 0.80664 0.69922 0.804686 0.701173 0.804686 0.703125 0.802733 0.705078 0.802733 0.71289 0.80664 0.716796 0.849608 0.716796 0.851561 0.714843 0.853515 0.714843 0.853515 0.707031 0.851561 0.705078 0.851561 0.703125 0.847655 0.69922 0.845701 0.69922
9 0.125002 0.900392 0.123048 0.902345 0.101562 0.902345 0.101562 0.906251 0.099609 0.908204 0.099609 0.912109 0.101562 0.914062 0.101562 0.917968 0.130858 0.917968 0.136718 0.912109 0.136718 0.908204 0.132811 0.904298 0.128905 0.904298
9 0.341797 0.837889 0.339844 0.839845 0.335937 0.839845 0.335937 0.841798 0.333984 0.843751 0.330077 0.843751 0.330077 0.84961 0.333984 0.853516 0.373046 0.853516 0.373046 0.847657 0.371093 0.845704 0.371093 0.843751 0.369139 0.841798 0.35547 0.841798 0.353517 0.839845 0.34375 0.839845
9 0.33789 0.673829 0.33789 0.689452 0.339844 0.687499 0.374999 0.687499 0.374999 0.677734 0.371093 0.673829
0 0.207032 0.11914 0.205079 0.121093 0.199219 0.121093 0.197266 0.123046 0.197266 0.128905 0.199219 0.130858 0.199219 0.152343 0.207032 0.152343 0.208985 0.15039 0.210938 0.15039 0.210938 0.138673 0.212892 0.13672 0.212892 0.126952 0.208985 0.123046 0.208985 0.121093
9 0.890627 0.306639 0.888674 0.308592 0.882814 0.308592 0.88086 0.310548 0.876954 0.310548 0.873047 0.314454 0.873047 0.316407 0.875 0.31836 0.875 0.320313 0.876954 0.322266 0.902343 0.322266 0.902343 0.320313 0.90625 0.316407 0.90625 0.308592 0.892576 0.308592
0 0.582031 0.187499 0.580078 0.189452 0.576172 0.189452 0.576172 0.193361 0.578125 0.195314 0.578125 0.197267 0.580078 0.197267 0.582031 0.19922 0.583985 0.197267 0.601564 0.197267 0.603517 0.195314 0.605467 0.195314 0.60742 0.193361 0.605467 0.191405 0.605467 0.189452 0.603517 0.187499
9 0.171877 0.359374 0.169923 0.361327 0.166017 0.361327 0.164064 0.36328 0.160157 0.36328 0.160157 0.365233 0.158204 0.367186 0.158204 0.371095 0.16211 0.375001 0.16211 0.376954 0.199219 0.376954 0.201172 0.378907 0.203125 0.376954 0.203125 0.361327 0.17383 0.361327
9 0.564452 0.36328 0.564452 0.369142 0.562499 0.371095 0.562499 0.376954 0.564452 0.378907 0.564452 0.38086 0.585938 0.38086 0.587891 0.378907 0.591798 0.378907 0.593751 0.376954 0.595704 0.376954 0.597657 0.375001 0.597657 0.373048 0.599611 0.371095 0.595704 0.371095 0.589844 0.365233 0.566405 0.365233
9 0.875 0.470703 0.873047 0.472656 0.873047 0.474609 0.871094 0.476562 0.873047 0.478515 0.873047 0.480468 0.875 0.482421 0.875 0.484374 0.876954 0.48633 0.898436 0.48633 0.900389 0.484374 0.910156 0.484374 0.910156 0.482421 0.912109 0.480468 0.912109 0.478515 0.910156 0.476562 0.910156 0.474609 0.912109 0.472656 0.912109 0.470703
9 0.652342 0.871095 0.650392 0.873048 0.632813 0.873048 0.63086 0.875001 0.623046 0.875001 0.61914 0.878907 0.61914 0.884766 0.621093 0.884766 0.626953 0.890624 0.632813 0.890624 0.634766 0.892577 0.664062 0.892577 0.664062 0.890624 0.666015 0.888671 0.666015 0.886718 0.662108 0.886718 0.660155 0.884766 0.660155 0.88086 0.662108 0.878907 0.664062 0.878907 0.664062 0.871095
9 0.197266 0.89453 0.195312 0.896483 0.166017 0.896483 0.166017 0.904298 0.164064 0.906251 0.164064 0.914062 0.16797 0.917968 0.169923 0.916015 0.208985 0.916015 0.210938 0.914062 0.210938 0.912109 0.212892 0.910157 0.214845 0.910157 0.216798 0.908204 0.216798 0.906251 0.210938 0.900392 0.210938 0.898439 0.208985 0.898439 0.207032 0.896483 0.199219 0.896483
9 0.339844 0.355469 0.339844 0.365233 0.341797 0.367186 0.345704 0.367186 0.347657 0.369142 0.359376 0.369142 0.36133 0.367186 0.367186 0.367186 0.369139 0.365233 0.371093 0.365233 0.373046 0.36328 0.374999 0.36328 0.371093 0.359374 0.365236 0.359374 0.363283 0.357421 0.36133 0.357421 0.359376 0.355469
9 0.878907 0.490236 0.878907 0.492188 0.876954 0.494141 0.876954 0.496094 0.875 0.498047 0.876954 0.5 0.876954 0.501953 0.878907 0.503906 0.878907 0.505859 0.884767 0.505859 0.88672 0.507812 0.916016 0.507812 0.917969 0.509765 0.917969 0.505859 0.919922 0.503906 0.919922 0.501953 0.917969 0.501953 0.916016 0.5 0.916016 0.496094 0.917969 0.494141 0.919922 0.494141 0.919922 0.490236
0 0.554689 0.10547 0.552736 0.107423 0.546876 0.107423 0.544923 0.109376 0.54297 0.109376 0.54297 0.113282 0.541016 0.115235 0.541016 0.123046 0.539063 0.124999 0.539063 0.130858 0.541016 0.132814 0.541016 0.134767 0.54297 0.13672 0.546876 0.13672 0.548829 0.138673 0.552736 0.138673 0.554689 0.13672 0.554689 0.132814 0.556639 0.130858 0.556639 0.123046 0.558592 0.121093 0.558592 0.109376 0.556639 0.107423 0.556639 0.10547
9 0.562499 0.326172 0.562499 0.343751 0.587891 0.343751 0.589844 0.341798 0.591798 0.341798 0.593751 0.339845 0.595704 0.339845 0.599611 0.335936 0.599611 0.333983 0.595704 0.330077 0.593751 0.330077 0.591798 0.328125 0.587891 0.328125 0.585938 0.326172
0 0.025392 0.185546 0.023439 0.187499 0.023439 0.191405 0.025392 0.193361 0.044921 0.193361 0.046874 0.191405 0.046874 0.187499 0.044921 0.185546
9 0.878907 0.697267 0.876954 0.69922 0.876954 0.703125 0.875 0.705078 0.875 0.707031 0.876954 0.708984 0.876954 0.710937 0.878907 0.710937 0.88086 0.71289 0.882814 0.71289 0.884767 0.714843 0.892576 0.714843 0.89453 0.716796 0.896483 0.714843 0.917969 0.714843 0.917969 0.710937 0.914062 0.707031 0.914062 0.703125 0.916016 0.701173 0.916016 0.697267
9 0.558592 0.792969 0.558592 0.796875 0.560545 0.796875 0.562499 0.798828 0.562499 0.800781 0.560545 0.802734 0.558592 0.802734 0.558592 0.804686 0.556639 0.806639 0.556639 0.810548 0.593751 0.810548 0.595704 0.808592 0.595704 0.806639 0.599611 0.802734 0.599611 0.796875 0.597657 0.796875 0.595704 0.794922 0.593751 0.794922 0.591798 0.792969
9 0.164064 0.525391 0.158204 0.53125 0.166017 0.539061 0.16797 0.539061 0.169923 0.541014 0.171877 0.541014 0.17383 0.542967 0.185546 0.542967 0.187499 0.544924 0.189452 0.542967 0.193359 0.542967 0.193359 0.535156 0.195312 0.533203 0.195312 0.527344 0.169923 0.527344 0.16797 0.525391
9 0.585938 0.566405 0.583985 0.568358 0.552736 0.568358 0.550783 0.570311 0.550783 0.583985 0.580078 0.583985 0.582031 0.582032 0.593751 0.582032 0.595704 0.580079 0.597657 0.580079 0.597657 0.574217 0.595704 0.572264 0.595704 0.570311 0.593751 0.568358 0.589844 0.568358 0.587891 0.566405
9 0.818359 0.429689 0.816406 0.431642 0.810546 0.431642 0.808593 0.433595 0.804686 0.433595 0.804686 0.439453 0.802733 0.441406 0.802733 0.445312 0.8125 0.445312 0.814453 0.447265 0.816406 0.445312 0.832032 0.445312 0.833986 0.443359 0.845701 0.443359 0.847655 0.441406 0.851561 0.441406 0.853515 0.439453 0.851561 0.4375 0.851561 0.435548 0.849608 0.433595 0.849608 0.431642 0.845701 0.431642 0.843748 0.429689 0.828126 0.429689 0.826172 0.431642 0.824219 0.429689
0 0.460939 0.189452 0.460939 0.195314 0.458986 0.197267 0.458986 0.201172 0.486328 0.201172 0.488281 0.19922 0.488281 0.191405 0.486328 0.189452
9 0.421874 0.570311 0.41992 0.572264 0.406251 0.572264 0.404298 0.574217 0.400391 0.574217 0.398438 0.576173 0.392578 0.576173 0.394532 0.578126 0.394532 0.580079 0.396485 0.582032 0.396485 0.583985 0.398438 0.585938 0.406251 0.585938 0.408205 0.587891 0.416014 0.587891 0.417967 0.589844 0.435547 0.589844 0.435547 0.572264 0.423827 0.572264
9 0.562499 0.736328 0.562499 0.753908 0.564452 0.751955 0.595704 0.751955 0.597657 0.749999 0.597657 0.742187 0.595704 0.742187 0.589844 0.736328
9 0.878907 0.845704 0.876954 0.847657 0.873047 0.847657 0.869141 0.851563 0.869141 0.857421 0.871094 0.859374 0.871094 0.861327 0.873047 0.861327 0.875 0.86328 0.88086 0.86328 0.882814 0.865233 0.908203 0.865233 0.910156 0.867186 0.919922 0.867186 0.919922 0.855469 0.917969 0.853516 0.917969 0.847657 0.916016 0.845704
8 0.43164 0.039061 0.423827 0.046876 0.423827 0.048829 0.421874 0.050782 0.421874 0.054688 0.41992 0.056641 0.41992 0.0625 0.421874 0.064453 0.421874 0.07422 0.41992 0.076173 0.41992 0.078126 0.417967 0.080079 0.41992 0.082032 0.41992 0.083985 0.421874 0.085938 0.423827 0.085938 0.42578 0.087891 0.427734 0.087891 0.429687 0.089844 0.43164 0.089844 0.435547 0.093749 0.4375 0.093749 0.439453 0.095702 0.45508 0.095702 0.457033 0.093749 0.464842 0.093749 0.466796 0.091796 0.470702 0.091796 0.478515 0.083985 0.478515 0.082032 0.480469 0.080079 0.480469 0.078126 0.482422 0.076173 0.482422 0.060547 0.480469 0.058594 0.480469 0.054688 0.474609 0.048829 0.474609 0.046876 0.468749 0.041014 0.464842 0.041014 0.462889 0.039061
0 0.570312 0.099608 0.568358 0.101561 0.566405 0.101561 0.562499 0.10547 0.562499 0.111329 0.560545 0.113282 0.560545 0.123046 0.564452 0.126952 0.568358 0.126952 0.570312 0.124999 0.574218 0.124999 0.574218 0.121093 0.576172 0.11914 0.576172 0.113282 0.578125 0.111329 0.578125 0.101561 0.576172 0.101561 0.574218 0.099608
0 0.195312 0.187499 0.191406 0.191405 0.191406 0.195314 0.193359 0.197267 0.193359 0.19922 0.212892 0.19922 0.214845 0.201172 0.216798 0.19922 0.222655 0.19922 0.222655 0.191405 0.220705 0.189452 0.197266 0.189452
9 0.802733 0.802734 0.802733 0.81836 0.804686 0.820313 0.804686 0.822266 0.837892 0.822266 0.839845 0.820313 0.841799 0.820313 0.843748 0.81836 0.845701 0.81836 0.847655 0.816407 0.847655 0.814454 0.849608 0.812501 0.851561 0.812501 0.851561 0.810548 0.849608 0.808592 0.847655 0.808592 0.843748 0.804686 0.839845 0.804686 0.837892 0.802734
0 0.625 0.097655 0.625 0.099608 0.623046 0.101561 0.621093 0.101561 0.621093 0.10547 0.61914 0.107423 0.61914 0.123046 0.621093 0.124999 0.621093 0.126952 0.628906 0.126952 0.63086 0.124999 0.63086 0.099608 0.626953 0.099608
9 0.570312 0.847657 0.568358 0.84961 0.556639 0.84961 0.552736 0.853516 0.552736 0.859374 0.554689 0.861327 0.556639 0.861327 0.558592 0.86328 0.564452 0.86328 0.566405 0.865233 0.591798 0.865233 0.593751 0.86328 0.593751 0.847657
9 0.406251 0.611329 0.404298 0.613282 0.400391 0.613282 0.398438 0.615235 0.398438 0.617188 0.396485 0.619141 0.396485 0.624999 0.398438 0.626952 0.398438 0.628905 0.406251 0.628905 0.408205 0.630858 0.410158 0.628905 0.429687 0.628905 0.43164 0.626952 0.433594 0.626952 0.433594 0.621094 0.435547 0.619141 0.435547 0.615235 0.433594 0.613282 0.43164 0.613282 0.429687 0.611329 0.427734 0.613282 0.416014 0.613282 0.414061 0.611329
9 0.878907 0.890624 0.871094 0.898439 0.871094 0.900392 0.869141 0.902345 0.869141 0.906251 0.871094 0.906251 0.873047 0.908204 0.876954 0.908204 0.878907 0.910157 0.88086 0.910157 0.882814 0.912109 0.890627 0.912109 0.892576 0.910157 0.927735 0.910157 0.927735 0.890624
0 0.302735 0.134767 0.300782 0.13672 0.298829 0.13672 0.298829 0.158202 0.300782 0.160155 0.300782 0.162111 0.304688 0.162111 0.306642 0.160155 0.312501 0.160155 0.312501 0.13672 0.310548 0.134767
8 0.378906 0.042967 0.376952 0.044923 0.371093 0.044923 0.369139 0.046876 0.363283 0.046876 0.359376 0.050782 0.357423 0.050782 0.353517 0.054688 0.353517 0.056641 0.351563 0.058594 0.351563 0.060547 0.34961 0.0625 0.34961 0.068358 0.351563 0.070311 0.351563 0.07422 0.353517 0.076173 0.353517 0.078126 0.35547 0.080079 0.35547 0.082032 0.357423 0.082032 0.359376 0.083985 0.36133 0.083985 0.363283 0.085938 0.365236 0.085938 0.369139 0.089844 0.371093 0.089844 0.373046 0.091796 0.374999 0.091796 0.376952 0.093749 0.380859 0.093749 0.382812 0.095702 0.386719 0.095702 0.388672 0.097655 0.396485 0.097655 0.398438 0.095702 0.400391 0.095702 0.402345 0.093749 0.404298 0.093749 0.412111 0.085938 0.412111 0.083985 0.417967 0.078126 0.417967 0.076173 0.41992 0.07422 0.41992 0.064453 0.417967 0.0625 0.417967 0.058594 0.416014 0.056641 0.416014 0.054688 0.414061 0.052735 0.414061 0.050782 0.412111 0.048829 0.410158 0.048829 0.408205 0.046876 0.406251 0.046876 0.404298 0.044923 0.402345 0.044923 0.400391 0.042967
9 0.564452 0.51367 0.562499 0.515627 0.554689 0.515627 0.554689 0.519532 0.556639 0.521485 0.556639 0.523438 0.554689 0.525391 0.552736 0.525391 0.552736 0.527344 0.554689 0.529297 0.556639 0.529297 0.558592 0.53125 0.587891 0.53125 0.589844 0.529297 0.595704 0.529297 0.599611 0.525391 0.599611 0.523438 0.597657 0.523438 0.591798 0.51758 0.589844 0.51758 0.587891 0.515627 0.576172 0.515627 0.574218 0.51367
0 0.656249 0.16797 0.654295 0.169923 0.654295 0.171876 0.652342 0.173828 0.654295 0.175781 0.654295 0.177734 0.656249 0.179687 0.679688 0.179687 0.679688 0.171876 0.677734 0.169923 0.673828 0.169923 0.671875 0.16797
9 0.556639 0.494141 0.556639 0.496094 0.554689 0.498047 0.554689 0.5 0.556639 0.5 0.558592 0.501953 0.558592 0.503906 0.556639 0.505859 0.554689 0.505859 0.556639 0.507812 0.556639 0.509765 0.589844 0.509765 0.591798 0.507812 0.595704 0.507812 0.599611 0.503906 0.599611 0.501953 0.595704 0.498047 0.593751 0.498047 0.591798 0.496094 0.587891 0.496094 0.585938 0.494141
9 0.824219 0.86328 0.822266 0.865233 0.816406 0.865233 0.814453 0.867186 0.8125 0.867186 0.808593 0.871095 0.808593 0.876954 0.8125 0.876954 0.814453 0.878907 0.814453 0.88086 0.8125 0.882813 0.808593 0.882813 0.808593 0.886718 0.810546 0.888671 0.810546 0.890624 0.818359 0.890624 0.820313 0.888671 0.835939 0.888671 0.837892 0.886718 0.839845 0.886718 0.841799 0.884766 0.843748 0.884766 0.843748 0.882813 0.845701 0.88086 0.845701 0.878907 0.847655 0.876954 0.847655 0.875001 0.849608 0.873048 0.849608 0.871095 0.847655 0.869142 0.847655 0.867186 0.845701 0.865233 0.826172 0.865233
9 0.875 0.42578 0.875 0.445312 0.876954 0.445312 0.878907 0.443359 0.892576 0.443359 0.89453 0.441406 0.908203 0.441406 0.910156 0.439453 0.917969 0.439453 0.923829 0.433595 0.921875 0.431642 0.921875 0.429689 0.919922 0.427736 0.916016 0.427736 0.914062 0.42578
9 0.882814 0.716796 0.88086 0.718749 0.878907 0.718749 0.876954 0.720702 0.873047 0.720702 0.871094 0.722658 0.871094 0.724611 0.873047 0.726564 0.873047 0.728517 0.875 0.730469 0.875 0.732422 0.876954 0.732422 0.878907 0.734375 0.882814 0.734375 0.884767 0.736328 0.916016 0.736328 0.917969 0.734375 0.917969 0.720702 0.916016 0.718749 0.916016 0.716796 0.896483 0.716796 0.89453 0.718749 0.892576 0.716796
9 0.406251 0.736328 0.404298 0.738281 0.402345 0.738281 0.400391 0.740234 0.400391 0.742187 0.398438 0.74414 0.398438 0.746093 0.400391 0.748046 0.400391 0.749999 0.404298 0.753908 0.406251 0.753908 0.408205 0.755861 0.439453 0.755861 0.439453 0.749999 0.435547 0.746093 0.4375 0.74414 0.439453 0.74414 0.439453 0.736328
9 0.638673 0.695314 0.636719 0.697267 0.625 0.697267 0.623046 0.69922 0.621093 0.69922 0.623046 0.701173 0.623046 0.703125 0.626953 0.707031 0.63086 0.707031 0.632813 0.708984 0.642579 0.708984 0.644532 0.710937 0.646486 0.708984 0.652342 0.708984 0.652342 0.705078 0.654295 0.703125 0.654295 0.697267 0.652342 0.695314
9 0.333984 0.855469 0.333984 0.857421 0.332031 0.859374 0.332031 0.867186 0.333984 0.869142 0.333984 0.871095 0.365236 0.871095 0.367186 0.873048 0.369139 0.871095 0.371093 0.871095 0.373046 0.869142 0.374999 0.869142 0.374999 0.86328 0.367186 0.855469
9 0.623046 0.578126 0.621093 0.580079 0.621093 0.582032 0.61914 0.583985 0.621093 0.583985 0.625 0.587891 0.626953 0.587891 0.628906 0.589844 0.636719 0.589844 0.638673 0.591797 0.644532 0.591797 0.646486 0.593749 0.648439 0.591797 0.658202 0.591797 0.658202 0.578126
9 0.888674 0.779295 0.88672 0.781252 0.882814 0.781252 0.88086 0.783204 0.878907 0.783204 0.878907 0.785157 0.875 0.789063 0.871094 0.789063 0.873047 0.791016 0.875 0.791016 0.882814 0.798828 0.88672 0.798828 0.888674 0.800781 0.908203 0.800781 0.910156 0.798828 0.921875 0.798828 0.921875 0.792969 0.919922 0.792969 0.917969 0.791016 0.917969 0.789063 0.919922 0.78711 0.921875 0.78711 0.921875 0.785157 0.919922 0.783204 0.919922 0.779295
9 0.421874 0.351563 0.41992 0.353516 0.400391 0.353516 0.400391 0.359374 0.398438 0.361327 0.398438 0.367186 0.414061 0.367186 0.416014 0.369142 0.423827 0.369142 0.42578 0.367186 0.429687 0.367186 0.43164 0.365233 0.433594 0.365233 0.4375 0.361327 0.4375 0.359374 0.435547 0.357421 0.435547 0.355469 0.433594 0.355469 0.43164 0.353516 0.423827 0.353516
9 0.564452 0.458986 0.564452 0.474609 0.566405 0.472656 0.593751 0.472656 0.597657 0.46875 0.597657 0.464844 0.595704 0.462892 0.595704 0.460939 0.593751 0.458986
9 0.17383 0.763672 0.169923 0.767578 0.16797 0.767578 0.166017 0.769531 0.164064 0.769531 0.158204 0.77539 0.15625 0.77539 0.158204 0.777342 0.160157 0.777342 0.16211 0.779295 0.166017 0.779295 0.16797 0.781252 0.16797 0.783204 0.17383 0.783204 0.17578 0.785157 0.181639 0.785157 0.183593 0.78711 0.185546 0.785157 0.205079 0.785157 0.205079 0.765625 0.17578 0.765625
9 0.882814 0.673829 0.88086 0.675781 0.876954 0.675781 0.876954 0.677734 0.875 0.679687 0.875 0.68164 0.873047 0.683593 0.876954 0.687499 0.876954 0.689452 0.878907 0.691405 0.88086 0.691405 0.884767 0.695314 0.916016 0.695314 0.917969 0.693361 0.919922 0.693361 0.921875 0.691405 0.927735 0.691405 0.927735 0.689452 0.933595 0.683593 0.933595 0.68164 0.929689 0.68164 0.927735 0.679687 0.925782 0.679687 0.923829 0.677734 0.923829 0.675781 0.917969 0.675781 0.916016 0.673829
0 0.160157 0.187499 0.15625 0.191405 0.15625 0.193361 0.158204 0.195314 0.158204 0.197267 0.160157 0.19922 0.181639 0.19922 0.183593 0.197267 0.185546 0.197267 0.185546 0.189452 0.183593 0.187499
9 0.369139 0.785157 0.367186 0.78711 0.328124 0.78711 0.328124 0.794922 0.326171 0.796875 0.326171 0.802734 0.328124 0.800781 0.371093 0.800781 0.373046 0.798828 0.373046 0.791016 0.369139 0.78711
9 0.332031 0.570311 0.332031 0.576173 0.330077 0.578126 0.330077 0.583985 0.333984 0.583985 0.335937 0.585938 0.339844 0.585938 0.341797 0.587891 0.371093 0.587891 0.373046 0.585938 0.374999 0.585938 0.376952 0.583985 0.380859 0.583985 0.380859 0.582032 0.378906 0.580079 0.378906 0.578126 0.376952 0.576173 0.376952 0.574217 0.373046 0.574217 0.371093 0.572264 0.369139 0.572264 0.367186 0.570311
9 0.103516 0.328125 0.103516 0.339845 0.105469 0.341798 0.107422 0.339845 0.134764 0.339845 0.136718 0.337889 0.136718 0.335936 0.138671 0.333983 0.134764 0.330077 0.132811 0.330077 0.130858 0.328125
9 0.126951 0.369142 0.125002 0.371095 0.119142 0.371095 0.117188 0.373048 0.107422 0.373048 0.107422 0.378907 0.109375 0.378907 0.111329 0.38086 0.126951 0.38086 0.128905 0.378907 0.130858 0.378907 0.132811 0.376954 0.134764 0.376954 0.134764 0.375001 0.136718 0.373048 0.134764 0.371095 0.132811 0.371095 0.130858 0.369142
9 0.88086 0.738281 0.878907 0.740234 0.876954 0.740234 0.875 0.742187 0.875 0.74414 0.873047 0.746093 0.873047 0.748046 0.871094 0.749999 0.873047 0.751955 0.873047 0.753908 0.876954 0.757813 0.916016 0.757813 0.916016 0.751955 0.914062 0.751955 0.912109 0.749999 0.912109 0.748046 0.914062 0.746093 0.916016 0.746093 0.917969 0.74414 0.917969 0.742187 0.914062 0.738281
9 0.347657 0.589844 0.345704 0.591797 0.341797 0.591797 0.33789 0.595702 0.339844 0.597655 0.339844 0.599608 0.341797 0.599608 0.345704 0.603514 0.351563 0.603514 0.353517 0.601561 0.373046 0.601561 0.376952 0.597655 0.376952 0.593749 0.373046 0.589844
9 0.365236 0.435548 0.363283 0.4375 0.333984 0.4375 0.333984 0.451171 0.335937 0.453124 0.351563 0.453124 0.353517 0.455077 0.35547 0.453124 0.365236 0.453124 0.367186 0.451171 0.373046 0.451171 0.374999 0.449218 0.376952 0.449218 0.376952 0.445312 0.371093 0.439453 0.369139 0.439453
9 0.095703 0.921874 0.093749 0.923827 0.08789 0.923827 0.085936 0.92578 0.083983 0.92578 0.08203 0.927733 0.080076 0.927733 0.076174 0.931642 0.076174 0.933595 0.078127 0.935548 0.080076 0.935548 0.083983 0.939453 0.085936 0.939453 0.089843 0.943359 0.134764 0.943359 0.134764 0.921874
9 0.433594 0.550782 0.43164 0.552735 0.404298 0.552735 0.402345 0.554688 0.396485 0.554688 0.396485 0.560547 0.398438 0.5625 0.398438 0.566405 0.400391 0.566405 0.402345 0.568358 0.43164 0.568358 0.433594 0.570311 0.435547 0.570311 0.439453 0.566405 0.439453 0.556641 0.4375 0.554688 0.4375 0.552735 0.435547 0.552735
9 0.341797 0.419921 0.341797 0.423827 0.339844 0.42578 0.339844 0.433595 0.341797 0.433595 0.34375 0.435548 0.363283 0.435548 0.365236 0.433595 0.374999 0.433595 0.376952 0.431642 0.373046 0.427736 0.373046 0.42578 0.371093 0.42578 0.367186 0.421874 0.34375 0.421874
9 0.107422 0.583985 0.105469 0.585938 0.105469 0.587891 0.107422 0.589844 0.107422 0.595702 0.136718 0.595702 0.136718 0.583985 0.132811 0.583985 0.130858 0.585938 0.119142 0.585938 0.117188 0.583985
9 0.648439 0.330077 0.646486 0.33203 0.625 0.33203 0.623046 0.333983 0.621093 0.333983 0.621093 0.339845 0.623046 0.341798 0.623046 0.343751 0.625 0.343751 0.626953 0.345704 0.628906 0.345704 0.63086 0.347657 0.658202 0.347657 0.658202 0.330077
9 0.810546 0.470703 0.808593 0.472656 0.804686 0.472656 0.80078 0.476562 0.798826 0.476562 0.798826 0.478515 0.80078 0.480468 0.80078 0.482421 0.80664 0.488283 0.830079 0.488283 0.832032 0.48633 0.837892 0.48633 0.839845 0.484374 0.843748 0.484374 0.847655 0.480468 0.849608 0.480468 0.849608 0.474609 0.847655 0.472656 0.824219 0.472656 0.822266 0.470703
9 0.166017 0.546876 0.164064 0.548829 0.164064 0.550782 0.16211 0.552735 0.16211 0.554688 0.160157 0.556641 0.160157 0.560547 0.16211 0.560547 0.164064 0.5625 0.166017 0.5625 0.16797 0.564453 0.193359 0.564453 0.195312 0.5625 0.197266 0.5625 0.199219 0.560547 0.199219 0.550782 0.197266 0.548829 0.197266 0.546876
9 0.810546 0.740234 0.810546 0.74414 0.808593 0.746093 0.808593 0.755861 0.810546 0.757813 0.824219 0.757813 0.826172 0.759766 0.828126 0.757813 0.845701 0.757813 0.847655 0.755861 0.849608 0.755861 0.849608 0.749999 0.847655 0.748046 0.847655 0.746093 0.845701 0.74414 0.841799 0.74414 0.839845 0.742187 0.835939 0.742187 0.833986 0.740234
9 0.669921 0.808592 0.667968 0.810548 0.63086 0.810548 0.628906 0.812501 0.626953 0.812501 0.625 0.814454 0.623046 0.814454 0.61914 0.81836 0.617187 0.81836 0.617187 0.820313 0.61914 0.820313 0.623046 0.824219 0.626953 0.824219 0.628906 0.826172 0.634766 0.826172 0.636719 0.828125 0.666015 0.828125 0.667968 0.826172 0.669921 0.826172 0.669921 0.820313 0.671875 0.81836 0.671875 0.814454 0.669921 0.812501
9 0.882814 0.867186 0.88086 0.869142 0.878907 0.869142 0.876954 0.871095 0.875 0.871095 0.871094 0.875001 0.871094 0.876954 0.869141 0.878907 0.871094 0.878907 0.876954 0.884766 0.878907 0.884766 0.88086 0.886718 0.916016 0.886718 0.917969 0.884766 0.917969 0.876954 0.916016 0.876954 0.914062 0.875001 0.914062 0.873048 0.916016 0.871095 0.917969 0.871095 0.917969 0.869142 0.910156 0.869142 0.908203 0.867186
9 0.638673 0.447265 0.636719 0.449218 0.625 0.449218 0.623046 0.451171 0.621093 0.451171 0.621093 0.453124 0.61914 0.455077 0.61914 0.457033 0.625 0.462892 0.658202 0.462892 0.658202 0.447265
9 0.335937 0.765625 0.332031 0.769531 0.332031 0.779295 0.333984 0.781252 0.333984 0.783204 0.371093 0.783204 0.371093 0.781252 0.373046 0.779295 0.373046 0.769531 0.371093 0.767578 0.341797 0.767578 0.339844 0.765625
9 0.410158 0.759766 0.408205 0.761719 0.406251 0.761719 0.404298 0.763672 0.402345 0.763672 0.396485 0.769531 0.396485 0.771484 0.398438 0.773437 0.398438 0.777342 0.400391 0.777342 0.402345 0.779295 0.408205 0.779295 0.410158 0.781252 0.412111 0.779295 0.41992 0.779295 0.421874 0.777342 0.43164 0.777342 0.43164 0.761719 0.412111 0.761719
0 0.695314 0.18164 0.693361 0.183593 0.683594 0.183593 0.681641 0.185546 0.671875 0.185546 0.671875 0.189452 0.673828 0.191405 0.673828 0.197267 0.677734 0.197267 0.679688 0.195314 0.697267 0.195314 0.70117 0.191405 0.70117 0.187499 0.69922 0.185546 0.69922 0.183593 0.697267 0.183593
9 0.166017 0.654296 0.166017 0.671876 0.201172 0.671876 0.205079 0.66797 0.205079 0.666017 0.207032 0.664064 0.207032 0.662108 0.205079 0.660155 0.205079 0.658202 0.203125 0.658202 0.201172 0.656249 0.197266 0.656249 0.195312 0.654296
0 0.152344 0.117188 0.150391 0.11914 0.148437 0.11914 0.146484 0.121093 0.146484 0.126952 0.144531 0.128905 0.144531 0.13672 0.146484 0.138673 0.146484 0.140626 0.148437 0.142579 0.148437 0.144532 0.154297 0.15039 0.158204 0.15039 0.160157 0.152343 0.16211 0.15039 0.164064 0.15039 0.164064 0.142579 0.16211 0.140626 0.16211 0.13672 0.160157 0.134767 0.160157 0.124999 0.158204 0.123046 0.158204 0.121093 0.15625 0.11914 0.154297 0.11914
0 0.068361 0.117188 0.068361 0.126952 0.066407 0.128905 0.066407 0.138673 0.068361 0.140626 0.068361 0.144532 0.072267 0.148437 0.080076 0.148437 0.08203 0.146484 0.08203 0.117188
9 0.191406 0.851563 0.189452 0.853516 0.166017 0.853516 0.166017 0.86328 0.164064 0.865233 0.164064 0.873048 0.203125 0.873048 0.205079 0.871095 0.207032 0.871095 0.208985 0.869142 0.210938 0.869142 0.212892 0.867186 0.214845 0.867186 0.220705 0.861327 0.222655 0.861327 0.222655 0.859374 0.220705 0.857421 0.220705 0.855469 0.216798 0.855469 0.214845 0.853516 0.212892 0.853516 0.210938 0.851563
9 0.406251 0.871095 0.402345 0.875001 0.400391 0.875001 0.398438 0.876954 0.396485 0.876954 0.394532 0.878907 0.394532 0.882813 0.398438 0.886718 0.398438 0.888671 0.400391 0.890624 0.404298 0.890624 0.406251 0.892577 0.4375 0.892577 0.4375 0.873048 0.412111 0.873048 0.410158 0.871095
9 0.119142 0.568358 0.117188 0.570311 0.101562 0.570311 0.101562 0.574217 0.099609 0.576173 0.099609 0.578126 0.101562 0.580079 0.101562 0.582032 0.117188 0.582032 0.119142 0.583985 0.130858 0.583985 0.132811 0.582032 0.134764 0.582032 0.138671 0.578126 0.138671 0.576173 0.134764 0.572264 0.132811 0.572264 0.130858 0.570311 0.128905 0.570311 0.126951 0.568358
9 0.212892 0.917968 0.210938 0.919921 0.187499 0.919921 0.185546 0.921874 0.16211 0.921874 0.16211 0.929689 0.160157 0.931642 0.160157 0.947265 0.203125 0.947265 0.205079 0.949218 0.207032 0.947265 0.216798 0.947265 0.218751 0.945312 0.224608 0.945312 0.226561 0.943359 0.230468 0.943359 0.236327 0.937501 0.238281 0.937501 0.240234 0.935548 0.248047 0.935548 0.246094 0.933595 0.246094 0.931642 0.24414 0.929689 0.238281 0.929689 0.236327 0.927733 0.234374 0.927733 0.228514 0.921874 0.222655 0.921874 0.220705 0.919921 0.214845 0.919921
0 0.646486 0.099608 0.644532 0.101561 0.642579 0.101561 0.642579 0.109376 0.640626 0.111329 0.640626 0.124999 0.644532 0.128905 0.646486 0.128905 0.648439 0.130858 0.650392 0.128905 0.652342 0.128905 0.654295 0.126952 0.654295 0.103517 0.652342 0.101561 0.652342 0.099608
9 0.882814 0.552735 0.876954 0.558594 0.875 0.558594 0.873047 0.560547 0.875 0.5625 0.876954 0.5625 0.88086 0.566405 0.882814 0.566405 0.88672 0.570311 0.888674 0.568358 0.916016 0.568358 0.916016 0.552735
9 0.41992 0.53125 0.417967 0.533203 0.410158 0.533203 0.408205 0.535156 0.398438 0.535156 0.392578 0.541014 0.396485 0.544924 0.398438 0.544924 0.400391 0.546876 0.408205 0.546876 0.410158 0.548829 0.435547 0.548829 0.435547 0.542967 0.433594 0.542967 0.43164 0.541014 0.43164 0.539061 0.433594 0.537109 0.433594 0.535156 0.429687 0.53125
9 0.562499 0.587891 0.558592 0.591797 0.556639 0.591797 0.556639 0.593749 0.554689 0.595702 0.554689 0.601561 0.556639 0.601561 0.558592 0.603514 0.562499 0.603514 0.564452 0.60547 0.595704 0.60547 0.597657 0.603514 0.597657 0.601561 0.599611 0.599608 0.599611 0.591797 0.597657 0.589844 0.597657 0.587891
9 0.63086 0.78711 0.625 0.792969 0.623046 0.792969 0.621093 0.794922 0.621093 0.798828 0.623046 0.800781 0.625 0.800781 0.628906 0.804686 0.63086 0.804686 0.632813 0.806639 0.636719 0.806639 0.638673 0.808592 0.640626 0.806639 0.664062 0.806639 0.666015 0.804686 0.667968 0.804686 0.669921 0.802734 0.669921 0.792969 0.666015 0.789063 0.634766 0.789063 0.632813 0.78711
0 0.44336 0.123046 0.439453 0.126952 0.439453 0.134767 0.4375 0.13672 0.4375 0.146484 0.439453 0.148437 0.439453 0.152343 0.441407 0.152343 0.445313 0.156249 0.451173 0.156249 0.453126 0.154296 0.45508 0.154296 0.45508 0.152343 0.457033 0.15039 0.457033 0.146484 0.45508 0.144532 0.45508 0.138673 0.453126 0.13672 0.453126 0.130858 0.451173 0.128905 0.451173 0.124999 0.44922 0.124999 0.447267 0.123046
9 0.347657 0.326172 0.347657 0.328125 0.345704 0.330077 0.345704 0.33203 0.34961 0.335936 0.353517 0.335936 0.35547 0.333983 0.373046 0.333983 0.373046 0.328125 0.371093 0.328125 0.369139 0.326172
9 0.339844 0.337889 0.339844 0.339845 0.33789 0.341798 0.33789 0.345704 0.335937 0.347657 0.335937 0.34961 0.33789 0.351563 0.365236 0.351563 0.367186 0.34961 0.369139 0.34961 0.371093 0.347657 0.373046 0.347657 0.374999 0.345704 0.374999 0.343751 0.373046 0.343751 0.369139 0.339845 0.365236 0.339845 0.363283 0.337889
0 0.091796 0.117188 0.089843 0.11914 0.08789 0.11914 0.08789 0.128905 0.089843 0.130858 0.089843 0.142579 0.093749 0.146484 0.097656 0.146484 0.099609 0.144532 0.101562 0.144532 0.101562 0.132814 0.099609 0.130858 0.099609 0.117188
9 0.589844 0.884766 0.587891 0.886718 0.552736 0.886718 0.552736 0.888671 0.546876 0.89453 0.546876 0.896483 0.548829 0.898439 0.550783 0.898439 0.552736 0.900392 0.552736 0.904298 0.589844 0.904298 0.591798 0.902345 0.595704 0.902345 0.595704 0.900392 0.597657 0.898439 0.597657 0.890624 0.595704 0.888671 0.593751 0.888671
9 0.166017 0.441406 0.160157 0.447265 0.160157 0.453124 0.16211 0.455077 0.16211 0.457033 0.164064 0.458986 0.201172 0.458986 0.203125 0.457033 0.203125 0.441406
9 0.179686 0.398439 0.177733 0.400392 0.171877 0.400392 0.169923 0.402345 0.166017 0.402345 0.164064 0.404298 0.160157 0.404298 0.160157 0.406251 0.158204 0.408204 0.158204 0.410156 0.160157 0.412109 0.160157 0.414062 0.166017 0.419921 0.205079 0.419921 0.205079 0.412109 0.207032 0.410156 0.207032 0.402345 0.199219 0.402345 0.197266 0.400392 0.189452 0.400392 0.187499 0.398439
9 0.126951 0.396483 0.125002 0.398439 0.105469 0.398439 0.105469 0.408204 0.107422 0.410156 0.109375 0.408204 0.134764 0.408204 0.136718 0.406251 0.134764 0.404298 0.134764 0.402345 0.130858 0.398439 0.128905 0.398439
0 0.238281 0.117188 0.238281 0.146484 0.242187 0.15039 0.248047 0.15039 0.25 0.148437 0.25 0.123046 0.248047 0.121093 0.248047 0.11914 0.246094 0.11914 0.24414 0.117188
9 0.365236 0.691405 0.363283 0.693361 0.339844 0.693361 0.339844 0.707031 0.341797 0.705078 0.371093 0.705078 0.371093 0.703125 0.373046 0.701173 0.373046 0.697267 0.371093 0.695314 0.369139 0.695314
9 0.628906 0.749999 0.626953 0.751955 0.623046 0.751955 0.617187 0.757813 0.626953 0.767578 0.628906 0.767578 0.63086 0.769531 0.632813 0.767578 0.636719 0.767578 0.638673 0.765625 0.660155 0.765625 0.662108 0.767578 0.662108 0.749999
9 0.673828 0.71289 0.671875 0.714843 0.628906 0.714843 0.626953 0.716796 0.625 0.716796 0.621093 0.720702 0.61914 0.720702 0.61914 0.722658 0.621093 0.724611 0.621093 0.726564 0.623046 0.726564 0.625 0.728517 0.626953 0.728517 0.628906 0.730469 0.634766 0.730469 0.636719 0.732422 0.673828 0.732422
10 0.857421 0.249998 0.857421 0.36328 0.855468 0.365233 0.855468 0.455077 0.857421 0.457033 0.857421 0.460939 0.855468 0.462892 0.855468 0.539061 0.857421 0.541014 0.855468 0.542967 0.855468 0.589844 0.853515 0.591797 0.853515 0.642579 0.857421 0.646485 0.857421 0.65039 0.853515 0.654296 0.853515 0.683593 0.855468 0.685546 0.855468 0.691405 0.853515 0.693361 0.853515 0.705078 0.855468 0.707031 0.855468 0.714843 0.853515 0.716796 0.853515 0.816407 0.851561 0.81836 0.851561 0.830078 0.853515 0.83203 0.853515 0.835936 0.851561 0.837889 0.851561 0.898439 0.853515 0.900392 0.851561 0.902345 0.851561 0.931642 0.865234 0.931642 0.867188 0.933595 0.867188 0.92578 0.865234 0.923827 0.867188 0.921874 0.867188 0.763672 0.869141 0.761719 0.869141 0.583985 0.867188 0.583985 0.863281 0.580079 0.865234 0.578126 0.869141 0.578126 0.869141 0.421874 0.871094 0.419921 0.871094 0.414062 0.869141 0.412109 0.869141 0.410156 0.871094 0.408204 0.871094 0.355469 0.869141 0.353516 0.869141 0.34961 0.867188 0.347657 0.867188 0.345704 0.869141 0.343751 0.871094 0.343751 0.871094 0.330077 0.869141 0.328125 0.871094 0.326172 0.871094 0.249998
9 0.833986 0.591797 0.832032 0.593749 0.816406 0.593749 0.814453 0.595702 0.8125 0.595702 0.810546 0.597655 0.808593 0.597655 0.80664 0.599608 0.802733 0.599608 0.80078 0.601561 0.798826 0.601561 0.798826 0.609376 0.80078 0.611329 0.802733 0.611329 0.804686 0.613282 0.843748 0.613282 0.845701 0.611329 0.849608 0.611329 0.849608 0.60547 0.851561 0.603514 0.851561 0.599608 0.849608 0.597655 0.849608 0.595702 0.847655 0.593749 0.845701 0.593749 0.843748 0.591797
10 0.380859 0.251955 0.380859 0.367186 0.378906 0.369142 0.378906 0.576173 0.380859 0.578126 0.380859 0.580079 0.382812 0.582032 0.382812 0.583985 0.380859 0.585938 0.378906 0.585938 0.378906 0.597655 0.376952 0.599608 0.376952 0.660155 0.378906 0.662108 0.376952 0.664064 0.376952 0.716796 0.378906 0.718749 0.378906 0.720702 0.376952 0.722658 0.376952 0.828125 0.374999 0.830078 0.374999 0.861327 0.376952 0.86328 0.376952 0.869142 0.374999 0.871095 0.374999 0.88086 0.378906 0.884766 0.378906 0.886718 0.376952 0.888671 0.376952 0.892577 0.374999 0.89453 0.374999 0.943359 0.396485 0.943359 0.396485 0.886718 0.392578 0.882813 0.392578 0.878907 0.396485 0.875001 0.396485 0.861327 0.394532 0.859374 0.396485 0.857421 0.396485 0.820313 0.394532 0.81836 0.394532 0.816407 0.396485 0.814454 0.396485 0.796875 0.394532 0.796875 0.392578 0.794922 0.392578 0.789063 0.394532 0.78711 0.394532 0.785157 0.396485 0.783204 0.396485 0.773437 0.394532 0.771484 0.394532 0.769531 0.398438 0.765625 0.398438 0.748046 0.396485 0.746093 0.396485 0.74414 0.398438 0.742187 0.398438 0.730469 0.394532 0.726564 0.394532 0.720702 0.396485 0.718749 0.398438 0.718749 0.398438 0.707031 0.394532 0.703125 0.396485 0.701173 0.398438 0.701173 0.398438 0.666017 0.394532 0.662108 0.394532 0.658202 0.398438 0.654296 0.398438 0.630858 0.396485 0.628905 0.396485 0.626952 0.394532 0.624999 0.394532 0.619141 0.396485 0.617188 0.396485 0.615235 0.398438 0.613282 0.398438 0.60547 0.396485 0.603514 0.396485 0.599608 0.398438 0.597655 0.398438 0.587891 0.394532 0.583985 0.394532 0.582032 0.392578 0.580079 0.392578 0.578126 0.390625 0.576173 0.392578 0.574217 0.398438 0.574217 0.398438 0.568358 0.396485 0.566405 0.396485 0.5625 0.394532 0.560547 0.394532 0.554688 0.396485 0.552735 0.398438 0.552735 0.398438 0.546876 0.396485 0.546876 0.390625 0.541014 0.398438 0.533203 0.398438 0.523438 0.392578 0.51758 0.396485 0.51367 0.396485 0.511717 0.398438 0.509765 0.398438 0.501953 0.396485 0.5 0.396485 0.496094 0.398438 0.494141 0.398438 0.488283 0.396485 0.48633 0.396485 0.484374 0.394532 0.482421 0.396485 0.480468 0.396485 0.478515 0.398438 0.476562 0.398438 0.445312 0.396485 0.443359 0.396485 0.441406 0.394532 0.439453 0.394532 0.4375 0.398438 0.433595 0.398438 0.42578 0.396485 0.423827 0.396485 0.421874 0.394532 0.419921 0.396485 0.417968 0.396485 0.416015 0.400391 0.412109 0.400391 0.406251 0.396485 0.402345 0.396485 0.400392 0.394532 0.398439 0.396485 0.396483 0.398438 0.396483 0.400391 0.39453 0.400391 0.390624 0.396485 0.386718 0.396485 0.384765 0.394532 0.382812 0.394532 0.38086 0.392578 0.378907 0.396485 0.375001 0.398438 0.375001 0.400391 0.373048 0.400391 0.369142 0.398438 0.369142 0.396485 0.367186 0.396485 0.361327 0.398438 0.359374 0.398438 0.353516 0.400391 0.351563 0.400391 0.34961 0.398438 0.347657 0.398438 0.345704 0.396485 0.343751 0.396485 0.337889 0.398438 0.335936 0.400391 0.335936 0.400391 0.328125 0.398438 0.326172 0.396485 0.326172 0.394532 0.324219 0.392578 0.324219 0.390625 0.322266 0.390625 0.31836 0.398438 0.310548 0.400391 0.310548 0.400391 0.251955
9 0.128905 0.460939 0.126951 0.462892 0.109375 0.462892 0.109375 0.470703 0.130858 0.470703 0.132811 0.472656 0.134764 0.470703 0.136718 0.470703 0.138671 0.46875 0.138671 0.466797 0.136718 0.464844 0.136718 0.462892 0.134764 0.460939
9 0.822266 0.572264 0.820313 0.574217 0.804686 0.574217 0.804686 0.587891 0.810546 0.587891 0.8125 0.589844 0.814453 0.587891 0.826172 0.587891 0.828126 0.585938 0.839845 0.585938 0.841799 0.583985 0.845701 0.583985 0.847655 0.582032 0.851561 0.582032 0.849608 0.582032 0.845701 0.578126 0.843748 0.578126 0.839845 0.574217 0.824219 0.574217
9 0.164064 0.806639 0.164064 0.816407 0.166017 0.81836 0.166017 0.828125 0.195312 0.828125 0.197266 0.830078 0.199219 0.828125 0.207032 0.828125 0.210938 0.824219 0.212892 0.824219 0.214845 0.822266 0.222655 0.822266 0.222655 0.816407 0.220705 0.814454 0.216798 0.814454 0.214845 0.812501 0.212892 0.812501 0.208985 0.808592 0.207032 0.808592 0.205079 0.806639
9 0.17383 0.628905 0.171877 0.630858 0.169923 0.630858 0.16797 0.632811 0.166017 0.632811 0.16211 0.63672 0.16211 0.646485 0.164064 0.646485 0.166017 0.648437 0.171877 0.648437 0.17383 0.65039 0.17578 0.648437 0.210938 0.648437 0.210938 0.634767 0.208985 0.632811 0.208985 0.630858 0.207032 0.630858 0.205079 0.628905
9 0.63086 0.505859 0.628906 0.507812 0.626953 0.507812 0.626953 0.51367 0.628906 0.515627 0.628906 0.51758 0.652342 0.51758 0.654295 0.515627 0.660155 0.515627 0.662108 0.51367 0.664062 0.51367 0.664062 0.511717 0.660155 0.507812 0.660155 0.505859
9 0.34375 0.802734 0.341797 0.804686 0.33789 0.804686 0.335937 0.806639 0.333984 0.806639 0.332031 0.808592 0.330077 0.808592 0.328124 0.810548 0.326171 0.810548 0.326171 0.814454 0.332031 0.820313 0.333984 0.820313 0.335937 0.822266 0.353517 0.822266 0.35547 0.820313 0.369139 0.820313 0.373046 0.816407 0.374999 0.816407 0.374999 0.812501 0.373046 0.810548 0.373046 0.804686 0.371093 0.802734
9 0.34375 0.402345 0.341797 0.404298 0.333984 0.404298 0.330077 0.408204 0.330077 0.412109 0.333984 0.416015 0.345704 0.416015 0.347657 0.417968 0.34961 0.416015 0.371093 0.416015 0.371093 0.412109 0.373046 0.410156 0.373046 0.404298 0.371093 0.404298 0.369139 0.402345
9 0.345704 0.457033 0.34375 0.458986 0.339844 0.458986 0.335937 0.462892 0.333984 0.462892 0.335937 0.464844 0.33789 0.464844 0.34375 0.470703 0.36133 0.470703 0.363283 0.46875 0.371093 0.46875 0.373046 0.466797 0.374999 0.466797 0.374999 0.460939 0.373046 0.458986 0.373046 0.457033
9 0.585938 0.4375 0.583985 0.439453 0.554689 0.439453 0.554689 0.447265 0.552736 0.449218 0.552736 0.455077 0.591798 0.455077 0.595704 0.451171 0.597657 0.451171 0.597657 0.441406 0.593751 0.441406 0.591798 0.439453 0.587891 0.439453
9 0.902343 0.570311 0.900389 0.572264 0.892576 0.572264 0.890627 0.574217 0.884767 0.574217 0.882814 0.576173 0.875 0.576173 0.873047 0.578126 0.871094 0.578126 0.869141 0.580079 0.865234 0.580079 0.867188 0.582032 0.869141 0.582032 0.873047 0.585938 0.88086 0.585938 0.882814 0.587891 0.888674 0.587891 0.890627 0.589844 0.912109 0.589844 0.914062 0.587891 0.919922 0.587891 0.919922 0.582032 0.921875 0.580079 0.921875 0.574217 0.917969 0.574217 0.916016 0.572264 0.904296 0.572264
0 0.386719 0.123046 0.386719 0.124999 0.384765 0.126952 0.384765 0.146484 0.386719 0.148437 0.386719 0.15039 0.388672 0.152343 0.394532 0.152343 0.398438 0.148437 0.398438 0.128905 0.396485 0.126952 0.396485 0.124999 0.394532 0.124999 0.392578 0.123046
9 0.101562 0.763672 0.101562 0.769531 0.099609 0.771484 0.099609 0.77539 0.125002 0.77539 0.126951 0.773437 0.136718 0.773437 0.136718 0.769531 0.130858 0.763672
0 0.402345 0.123046 0.400391 0.124999 0.400391 0.132814 0.402345 0.134767 0.402345 0.144532 0.404298 0.146484 0.404298 0.148437 0.412111 0.148437 0.414061 0.146484 0.414061 0.138673 0.412111 0.13672 0.412111 0.128905 0.410158 0.126952 0.410158 0.124999 0.408205 0.123046
9 0.625 0.917968 0.625 0.921874 0.623046 0.923827 0.623046 0.929689 0.621093 0.931642 0.621093 0.935548 0.623046 0.937501 0.623046 0.941406 0.660155 0.941406 0.662108 0.943359 0.669921 0.943359 0.671875 0.941406 0.673828 0.941406 0.675781 0.939453 0.677734 0.939453 0.681641 0.935548 0.681641 0.933595 0.683594 0.931642 0.681641 0.929689 0.681641 0.927733 0.679688 0.92578 0.679688 0.923827 0.677734 0.921874 0.673828 0.921874 0.671875 0.919921 0.626953 0.919921
9 0.169923 0.38086 0.16797 0.382812 0.166017 0.382812 0.164064 0.384765 0.16211 0.384765 0.16211 0.390624 0.166017 0.39453 0.169923 0.39453 0.171877 0.396483 0.201172 0.396483 0.203125 0.398439 0.207032 0.39453 0.207032 0.384765 0.205079 0.384765 0.203125 0.382812 0.195312 0.382812 0.193359 0.38086
9 0.16797 0.720702 0.164064 0.724611 0.16211 0.724611 0.16211 0.730469 0.164064 0.732422 0.164064 0.738281 0.166017 0.738281 0.16797 0.740234 0.169923 0.740234 0.171877 0.742187 0.193359 0.742187 0.195312 0.740234 0.210938 0.740234 0.212892 0.738281 0.214845 0.738281 0.214845 0.730469 0.212892 0.728517 0.212892 0.726564 0.210938 0.726564 0.208985 0.724611 0.205079 0.724611 0.203125 0.722658 0.199219 0.722658 0.197266 0.720702
0 0.541016 0.187499 0.541016 0.195314 0.544923 0.19922 0.546876 0.19922 0.548829 0.201172 0.558592 0.201172 0.560545 0.19922 0.566405 0.19922 0.568358 0.197267 0.572265 0.197267 0.574218 0.195314 0.574218 0.191405 0.572265 0.189452 0.572265 0.187499
9 0.398438 0.511717 0.398438 0.51367 0.394532 0.51758 0.402345 0.525391 0.408205 0.525391 0.410158 0.527344 0.414061 0.527344 0.416014 0.529297 0.429687 0.529297 0.43164 0.53125 0.4375 0.53125 0.4375 0.529297 0.439453 0.527344 0.439453 0.511717
0 0.615233 0.187499 0.61328 0.189452 0.61328 0.191405 0.611327 0.193361 0.611327 0.197267 0.615233 0.201172 0.646486 0.201172 0.646486 0.197267 0.648439 0.195314 0.648439 0.193361 0.646486 0.191405 0.646486 0.189452 0.644532 0.187499
9 0.169923 0.675781 0.16797 0.677734 0.166017 0.677734 0.164064 0.679687 0.160157 0.679687 0.160157 0.683593 0.16211 0.685546 0.16211 0.693361 0.189452 0.693361 0.191406 0.695314 0.195312 0.695314 0.197266 0.693361 0.199219 0.693361 0.201172 0.691405 0.207032 0.691405 0.208985 0.689452 0.208985 0.687499 0.210938 0.685546 0.210938 0.683593 0.208985 0.683593 0.203125 0.677734 0.201172 0.677734 0.199219 0.675781
9 0.34375 0.521485 0.34375 0.533203 0.345704 0.533203 0.347657 0.535156 0.369139 0.535156 0.373046 0.53125 0.374999 0.53125 0.374999 0.527344 0.373046 0.527344 0.369139 0.523438 0.365236 0.523438 0.363283 0.521485
9 0.875 0.343751 0.873047 0.345704 0.869141 0.345704 0.869141 0.347657 0.871094 0.34961 0.871094 0.353516 0.873047 0.355469 0.873047 0.357421 0.875 0.359374 0.914062 0.359374 0.916016 0.361327 0.916016 0.345704 0.914062 0.343751
9 0.332031 0.875001 0.332031 0.88086 0.330077 0.882813 0.330077 0.892577 0.332031 0.89453 0.332031 0.896483 0.333984 0.89453 0.373046 0.89453 0.374999 0.892577 0.374999 0.888671 0.376952 0.886718 0.376952 0.884766 0.373046 0.88086 0.373046 0.878907 0.371093 0.878907 0.369139 0.876954 0.367186 0.876954 0.365236 0.875001
0 0.347657 0.124999 0.345704 0.126952 0.341797 0.126952 0.341797 0.13672 0.34375 0.138673 0.34375 0.152343 0.345704 0.154296 0.347657 0.154296 0.34961 0.156249 0.353517 0.156249 0.35547 0.154296 0.35547 0.128905 0.353517 0.126952 0.353517 0.124999
9 0.412111 0.408204 0.410158 0.410156 0.406251 0.410156 0.404298 0.412109 0.402345 0.412109 0.398438 0.416015 0.398438 0.417968 0.396485 0.419921 0.398438 0.421874 0.398438 0.423827 0.400391 0.42578 0.402345 0.42578 0.404298 0.427736 0.406251 0.42578 0.435547 0.42578 0.435547 0.419921 0.433594 0.417968 0.433594 0.410156 0.414061 0.410156
9 0.408205 0.310548 0.406251 0.312501 0.398438 0.312501 0.392578 0.31836 0.392578 0.322266 0.394532 0.322266 0.396485 0.324219 0.398438 0.324219 0.400391 0.326172 0.406251 0.326172 0.408205 0.328125 0.41992 0.328125 0.421874 0.330077 0.423827 0.328125 0.433594 0.328125 0.433594 0.322266 0.43164 0.322266 0.429687 0.320313 0.433594 0.316407 0.433594 0.312501 0.410158 0.312501
9 0.632813 0.560547 0.63086 0.5625 0.623046 0.5625 0.623046 0.564453 0.621093 0.566405 0.623046 0.568358 0.623046 0.570311 0.626953 0.574217 0.63086 0.574217 0.632813 0.576173 0.660155 0.576173 0.660155 0.5625 0.644532 0.5625 0.642579 0.560547
9 0.556639 0.402345 0.556639 0.406251 0.554689 0.408204 0.554689 0.410156 0.556639 0.410156 0.558592 0.412109 0.556639 0.414062 0.554689 0.414062 0.554689 0.419921 0.595704 0.419921 0.597657 0.421874 0.597657 0.419921 0.601564 0.416015 0.601564 0.414062 0.599611 0.412109 0.599611 0.410156 0.595704 0.406251 0.595704 0.404298 0.591798 0.404298 0.589844 0.402345
9 0.562499 0.830078 0.562499 0.845704 0.589844 0.845704 0.591798 0.843751 0.597657 0.843751 0.597657 0.841798 0.599611 0.839845 0.599611 0.835936 0.597657 0.833983 0.595704 0.833983 0.593751 0.83203 0.591798 0.83203 0.589844 0.830078
0 0.025392 0.113282 0.025392 0.115235 0.023439 0.117188 0.023439 0.132814 0.025392 0.134767 0.025392 0.138673 0.029299 0.142579 0.035155 0.142579 0.035155 0.140626 0.037108 0.138673 0.037108 0.128905 0.035155 0.126952 0.035155 0.115235 0.031248 0.115235 0.029299 0.113282
9 0.16211 0.78711 0.160157 0.789063 0.160157 0.791016 0.158204 0.792969 0.158204 0.794922 0.164064 0.800781 0.17578 0.800781 0.177733 0.802734 0.197266 0.802734 0.197266 0.796875 0.199219 0.794922 0.199219 0.791016 0.197266 0.789063 0.197266 0.78711 0.185546 0.78711 0.183593 0.789063 0.181639 0.78711
9 0.556639 0.716796 0.556639 0.734375 0.591798 0.734375 0.597657 0.728517 0.597657 0.722658 0.595704 0.722658 0.589844 0.716796
9 0.90625 0.591797 0.904296 0.593749 0.882814 0.593749 0.878907 0.597655 0.876954 0.597655 0.875 0.599608 0.873047 0.599608 0.873047 0.607423 0.875 0.607423 0.88086 0.613282 0.914062 0.613282 0.914062 0.593749 0.912109 0.591797
9 0.166017 0.326172 0.164064 0.328125 0.16211 0.328125 0.16211 0.33203 0.164064 0.333983 0.164064 0.337889 0.166017 0.337889 0.16797 0.339845 0.195312 0.339845 0.195312 0.333983 0.197266 0.33203 0.197266 0.326172
9 0.654295 0.482421 0.652342 0.484374 0.625 0.484374 0.625 0.488283 0.628906 0.488283 0.63086 0.490236 0.63086 0.494141 0.628906 0.496094 0.625 0.496094 0.625 0.498047 0.626953 0.5 0.666015 0.5 0.667968 0.501953 0.669921 0.5 0.671875 0.5 0.673828 0.498047 0.675781 0.498047 0.675781 0.490236 0.673828 0.488283 0.673828 0.48633 0.669921 0.48633 0.667968 0.484374 0.666015 0.484374 0.664062 0.482421
9 0.339844 0.382812 0.335937 0.386718 0.335937 0.400392 0.365236 0.400392 0.367186 0.398439 0.371093 0.398439 0.371093 0.396483 0.373046 0.39453 0.371093 0.392577 0.369139 0.392577 0.365236 0.388671 0.363283 0.388671 0.359376 0.384765 0.341797 0.384765
9 0.400391 0.652343 0.400391 0.654296 0.396485 0.658202 0.396485 0.662108 0.400391 0.666017 0.402345 0.666017 0.404298 0.66797 0.429687 0.66797 0.43164 0.669923 0.435547 0.666017 0.435547 0.656249 0.433594 0.654296 0.41992 0.654296 0.417967 0.652343
9 0.550783 0.923827 0.548829 0.92578 0.546876 0.92578 0.544923 0.927733 0.54297 0.927733 0.53711 0.933595 0.53711 0.935548 0.539063 0.937501 0.541016 0.937501 0.546876 0.943359 0.548829 0.943359 0.550783 0.945312 0.552736 0.943359 0.591798 0.943359 0.593751 0.941406 0.593751 0.939453 0.595704 0.937501 0.595704 0.935548 0.597657 0.933595 0.597657 0.927733 0.593751 0.923827
9 0.562499 0.812501 0.562499 0.814454 0.560545 0.816407 0.562499 0.816407 0.564452 0.81836 0.564452 0.822266 0.562499 0.824219 0.560545 0.824219 0.560545 0.830078 0.562499 0.828125 0.593751 0.828125 0.599611 0.822266 0.601564 0.822266 0.601564 0.820313 0.593751 0.812501
9 0.845701 0.326172 0.843748 0.328125 0.818359 0.328125 0.818359 0.339845 0.820313 0.341798 0.822266 0.339845 0.847655 0.339845 0.849608 0.337889 0.851561 0.337889 0.851561 0.33203 0.849608 0.330077 0.849608 0.328125 0.847655 0.328125
9 0.128905 0.490236 0.126951 0.492188 0.105469 0.492188 0.105469 0.501953 0.109375 0.501953 0.111329 0.503906 0.132811 0.503906 0.136718 0.5 0.138671 0.5 0.138671 0.494141 0.136718 0.492188 0.130858 0.492188
9 0.097656 0.84961 0.097656 0.857421 0.099609 0.859374 0.099609 0.869142 0.101562 0.867186 0.125002 0.867186 0.126951 0.865233 0.128905 0.865233 0.130858 0.86328 0.132811 0.86328 0.136718 0.859374 0.138671 0.859374 0.136718 0.857421 0.136718 0.855469 0.134764 0.855469 0.128905 0.84961 0.125002 0.84961 0.123048 0.851563 0.117188 0.851563 0.115235 0.84961
9 0.562499 0.382812 0.562499 0.384765 0.560545 0.386718 0.560545 0.392577 0.564452 0.396483 0.564452 0.398439 0.593751 0.398439 0.595704 0.396483 0.595704 0.386718 0.593751 0.384765 0.564452 0.384765
9 0.404298 0.431642 0.402345 0.433595 0.400391 0.433595 0.396485 0.4375 0.396485 0.439453 0.398438 0.441406 0.398438 0.443359 0.402345 0.447265 0.404298 0.447265 0.406251 0.449218 0.441407 0.449218 0.445313 0.445312 0.447267 0.445312 0.447267 0.441406 0.445313 0.439453 0.445313 0.435548 0.44336 0.433595 0.44336 0.431642
0 0.673828 0.097655 0.671875 0.099608 0.667968 0.099608 0.667968 0.11914 0.669921 0.121093 0.677734 0.121093 0.677734 0.113282 0.679688 0.111329 0.679688 0.101561 0.677734 0.099608 0.677734 0.097655
0 0 0.183593 0 0.187499 0 0.189452 0 0.193361 0.013672 0.193361 0.015626 0.195314 0.017579 0.193361 0.019532 0.193361 0.019532 0.189452 0.017579 0.187499 0.017579 0.185546 0.015626 0.183593
9 0.183593 0.830078 0.181639 0.83203 0.16211 0.83203 0.16211 0.847657 0.164064 0.84961 0.166017 0.84961 0.16797 0.851563 0.189452 0.851563 0.191406 0.84961 0.207032 0.84961 0.208985 0.847657 0.210938 0.847657 0.212892 0.845704 0.214845 0.845704 0.214845 0.839845 0.212892 0.837889 0.212892 0.835936 0.210938 0.833983 0.207032 0.833983 0.205079 0.83203 0.193359 0.83203 0.191406 0.830078
9 0.820313 0.509765 0.818359 0.511717 0.8125 0.511717 0.810546 0.51367 0.804686 0.51367 0.80078 0.51758 0.80078 0.521485 0.802733 0.521485 0.808593 0.527344 0.820313 0.527344 0.822266 0.529297 0.845701 0.529297 0.847655 0.527344 0.849608 0.527344 0.849608 0.525391 0.851561 0.523438 0.851561 0.515627 0.849608 0.51367 0.847655 0.51367 0.845701 0.511717 0.822266 0.511717
9 0.666015 0.615235 0.664062 0.617188 0.636719 0.617188 0.634766 0.619141 0.632813 0.619141 0.628906 0.623046 0.626953 0.623046 0.625 0.624999 0.625 0.628905 0.628906 0.632811 0.636719 0.632811 0.638673 0.630858 0.667968 0.630858 0.667968 0.623046 0.666015 0.623046 0.664062 0.621094 0.666015 0.619141
9 0.103516 0.632811 0.103516 0.640626 0.101562 0.642579 0.101562 0.65039 0.130858 0.65039 0.132811 0.648437 0.134764 0.648437 0.134764 0.646485 0.136718 0.644532 0.136718 0.638673 0.132811 0.634767 0.128905 0.634767 0.126951 0.632811
9 0.638673 0.406251 0.636719 0.408204 0.623046 0.408204 0.623046 0.410156 0.621093 0.412109 0.621093 0.419921 0.625 0.419921 0.626953 0.421874 0.660155 0.421874 0.662108 0.419921 0.664062 0.419921 0.664062 0.412109 0.660155 0.408204 0.652342 0.408204 0.650392 0.406251
9 0.892576 0.404298 0.890627 0.406251 0.88086 0.406251 0.878907 0.408204 0.876954 0.408204 0.875 0.410156 0.871094 0.410156 0.871094 0.412109 0.873047 0.414062 0.873047 0.417968 0.875 0.417968 0.878907 0.421874 0.88086 0.421874 0.882814 0.423827 0.908203 0.423827 0.908203 0.416015 0.910156 0.414062 0.910156 0.406251 0.89453 0.406251
9 0.115235 0.535156 0.113282 0.537109 0.107422 0.537109 0.107422 0.548829 0.130858 0.548829 0.132811 0.546876 0.134764 0.546876 0.136718 0.544924 0.138671 0.544924 0.136718 0.542967 0.136718 0.541014 0.134764 0.541014 0.130858 0.537109 0.117188 0.537109