0 0.630861 0.11328 0.626952 0.117186 0.628908 0.119141 0.630861 0.119141 0.634767 0.123048 0.638673 0.119141 0.640626 0.119141 0.638673 0.119141 0.634767 0.115235 0.632814 0.115235
0 0.406249 0.970705 0.406249 0.978517 0.404296 0.980468 0.404296 0.98633 0.410158 0.98633 0.410158 0.970705
0 0.466798 0.693359 0.466798 0.699221 0.464842 0.701172 0.464842 0.705078 0.470704 0.705078 0.470704 0.701172 0.472658 0.699221 0.472658 0.695315 0.468751 0.695315
0 0.259767 0.441406 0.259767 0.443362 0.257814 0.445312 0.257814 0.451174 0.255861 0.453125 0.255861 0.455081 0.259767 0.455081 0.261719 0.457031 0.261719 0.455081 0.263673 0.453125 0.263673 0.449219 0.265626 0.447268 0.265626 0.445312 0.263673 0.445312
0 0.921876 0.900388 0.921876 0.904295 0.923828 0.90625 0.923828 0.910156 0.925781 0.908201 0.93164 0.908201 0.93164 0.90625 0.929688 0.904295 0.929688 0.900388
0 0.162109 0.257814 0.160157 0.259765 0.160157 0.261721 0.158203 0.263671 0.160157 0.263671 0.164062 0.267578 0.166016 0.267578 0.167968 0.269533 0.167968 0.267578 0.169922 0.265627 0.169922 0.263671 0.167968 0.261721 0.166016 0.261721
0 0.222656 0.033205 0.220703 0.035156 0.222656 0.035156 0.224609 0.037111 0.228515 0.037111 0.228515 0.033205
0 0.425782 0.027343 0.425782 0.029299 0.423829 0.031249 0.425782 0.033205 0.427735 0.033205 0.431641 0.037111 0.433594 0.035156 0.435547 0.035156 0.433594 0.033205 0.431641 0.033205
0 0.746095 0.707033 0.740236 0.71289 0.742189 0.71289 0.746095 0.716797 0.748048 0.716797 0.750001 0.718752 0.751954 0.716797 0.751954 0.714846 0.753907 0.71289 0.751954 0.71094 0.750001 0.71094
0 0.978516 0.896482 0.978516 0.902344 0.980469 0.900388 0.992187 0.900388 0.990234 0.898438 0.990234 0.896482
0 0.453124 0.759765 0.453124 0.76172 0.451171 0.763671 0.451171 0.767577 0.449218 0.769533 0.449218 0.771484 0.455077 0.771484 0.45703 0.773439 0.45703 0.767577 0.458983 0.765627 0.458983 0.76172 0.455077 0.76172
0 0.769531 0.95508 0.771484 0.957031 0.771484 0.958986 0.777343 0.958986 0.779296 0.957031 0.781249 0.958986 0.779296 0.957031 0.779296 0.95508
0 0.236327 0.009768 0.236327 0.011718 0.234374 0.013674 0.234374 0.015624 0.232421 0.01758 0.234374 0.01758 0.236327 0.019531 0.236327 0.01758 0.23828 0.015624 0.23828 0.013674 0.240233 0.011718 0.23828 0.011718
0 0.794923 0.890625 0.794923 0.892576 0.796876 0.894532 0.796876 0.898438 0.798829 0.900388 0.798829 0.902344 0.800783 0.900388 0.804689 0.900388 0.804689 0.898438 0.802736 0.896482 0.802736 0.894532 0.800783 0.892576 0.800783 0.890625
0 0.148438 0.691409 0.148438 0.695315 0.154298 0.695315 0.154298 0.693359 0.156251 0.691409
0 0.134764 0.675779 0.132811 0.677734 0.124999 0.677734 0.124999 0.679685 0.134764 0.679685
0 0.992187 0.837889 0.988281 0.841795 0.986328 0.841795 0.986328 0.843751 0.988281 0.845701 0.988281 0.847657 0.990234 0.849608 0.990234 0.851563 0.99414 0.847657 0.996093 0.847657 0.996093 0.845701 0.99414 0.843751 0.99414 0.841795 0.992187 0.839845
0 0.068359 0.781251 0.066406 0.783202 0.058594 0.783202 0.058594 0.787108 0.060547 0.789064 0.060547 0.794921 0.068359 0.794921
0 0.308595 0.98633 0.308595 0.992187 0.310548 0.990236 0.320313 0.990236 0.320313 0.98633 0.312501 0.98633 0.310548 0.988281
0 0.667968 0.035156 0.667968 0.037111 0.666015 0.039062 0.666015 0.041017 0.664062 0.042968 0.666015 0.044923 0.667968 0.042968 0.667968 0.041017 0.669921 0.039062 0.667968 0.037111
0 0.63672 0.35547 0.634767 0.35742 0.632814 0.35742 0.630861 0.359376 0.628908 0.359376 0.634767 0.365233 0.638673 0.361327 0.640626 0.361327 0.642579 0.359376 0.640626 0.359376
0 0.310548 0.980468 0.310548 0.98633 0.312501 0.984374 0.320313 0.984374 0.320313 0.980468
0 0.658203 0.365233 0.658203 0.367188 0.65625 0.369139 0.65625 0.371094 0.660156 0.371094 0.662109 0.373045 0.666015 0.373045 0.667968 0.375001 0.667968 0.373045 0.669921 0.371094 0.669921 0.369139 0.666015 0.369139 0.664062 0.367188 0.660156 0.367188
0 0.128905 0.636717 0.126952 0.638672 0.121093 0.638672 0.121093 0.642579 0.128905 0.642579
0 0.550781 0.562499 0.546875 0.566405 0.544922 0.566405 0.546875 0.56836 0.546875 0.570311 0.548828 0.572267 0.550781 0.570311 0.550781 0.56836 0.552734 0.566405 0.550781 0.564454
0 0.230468 0.507812 0.230468 0.509767 0.228515 0.511718 0.228515 0.513674 0.226562 0.515624 0.226562 0.51758 0.224609 0.519531 0.224609 0.521486 0.222656 0.523437 0.222656 0.525392 0.230468 0.525392 0.232421 0.523437 0.232421 0.521486 0.234374 0.519531 0.234374 0.51758 0.236327 0.515624 0.236327 0.513674 0.23828 0.511718 0.236327 0.511718 0.234374 0.509767 0.232421 0.509767
0 0.142579 0.667966 0.142579 0.669922 0.140626 0.671873 0.140626 0.673828 0.138673 0.675779 0.140626 0.675779 0.142579 0.677734 0.144533 0.675779 0.144533 0.673828 0.146485 0.671873
0 0.607422 0.074218 0.607422 0.076173 0.605468 0.078124 0.605468 0.080079 0.609375 0.080079 0.611328 0.08203 0.615233 0.08203 0.617186 0.083986 0.619139 0.08203 0.619139 0.080079 0.621092 0.078124 0.615233 0.078124 0.61328 0.076173 0.609375 0.076173
0 0.738283 0.974611 0.738283 0.984374 0.744142 0.984374 0.744142 0.980468 0.746095 0.978517 0.746095 0.976562 0.740236 0.976562
1 0.544922 0.058593 0.544922 0.064454 0.542969 0.066405 0.542969 0.070311 0.544922 0.070311 0.548828 0.074218 0.550781 0.074218 0.552734 0.076173 0.554687 0.076173 0.558593 0.080079 0.560546 0.080079 0.564452 0.083986 0.566405 0.083986 0.568358 0.085936 0.570311 0.083986 0.570311 0.08203 0.572264 0.080079 0.572264 0.078124 0.574217 0.076173 0.572264 0.076173 0.568358 0.072267 0.566405 0.072267 0.564452 0.070311 0.562499 0.070311 0.558593 0.066405 0.55664 0.066405 0.554687 0.064454 0.552734 0.064454 0.548828 0.060548 0.546875 0.060548
0 0.132811 0.66406 0.130858 0.666016 0.123046 0.666016 0.123046 0.669922 0.132811 0.669922
0 0.447265 0.791014 0.447265 0.79297 0.445312 0.794921 0.445312 0.800782 0.443359 0.802733 0.443359 0.804689 0.451171 0.804689 0.451171 0.798827 0.453124 0.796876 0.453124 0.791014
0 0.998046 0.9375 0.996093 0.939455 0.986328 0.939455 0.986328 0.941406 0.988281 0.943362 0.988281 0.945312 0.998046 0.945312
0 0.005859 0.724609 0.005859 0.732421 0.007812 0.730471 0.013671 0.730471 0.013671 0.724609
0 0.216797 0.037111 0.214844 0.039062 0.207032 0.039062 0.207032 0.044923 0.208985 0.042968 0.210938 0.042968 0.212891 0.041017 0.216797 0.041017
0 0.234374 0.003906 0.226562 0.011718 0.228515 0.011718 0.230468 0.013674 0.23828 0.005861 0.236327 0.005861
0 0.773437 0.417969 0.773437 0.41992 0.771484 0.421875 0.777343 0.421875 0.779296 0.423826 0.779296 0.421875 0.781249 0.41992 0.77539 0.41992
0 0.980469 0.910156 0.980469 0.916013 0.982422 0.914062 0.992187 0.914062 0.990234 0.912107 0.990234 0.910156
0 0.783202 0.054687 0.783202 0.058593 0.792967 0.058593 0.792967 0.054687
0 0.779296 0.962893 0.777343 0.964843 0.771484 0.964843 0.771484 0.966799 0.781249 0.966799 0.779296 0.964843
0 0.220703 0.029299 0.21875 0.031249 0.210938 0.031249 0.210938 0.035156 0.212891 0.033205 0.220703 0.033205
0 0.802736 0.359376 0.800783 0.361327 0.794923 0.361327 0.796876 0.363282 0.796876 0.365233 0.798829 0.367188 0.798829 0.369139 0.804689 0.369139 0.804689 0.365233 0.802736 0.363282
0 0.525392 0.033205 0.525392 0.035156 0.523439 0.037111 0.523439 0.039062 0.533204 0.039062 0.535157 0.041017 0.535157 0.039062 0.53711 0.037111 0.53711 0.035156 0.527345 0.035156
0 0.058594 0.658203 0.058594 0.660154 0.05664 0.662109 0.05664 0.666016 0.054688 0.667966 0.054688 0.669922 0.058594 0.669922 0.060547 0.671873 0.060547 0.669922 0.0625 0.667966 0.0625 0.662109 0.064452 0.660154 0.064452 0.658203
0 0.499999 0.019531 0.499999 0.021486 0.498046 0.023437 0.499999 0.023437 0.501953 0.025392 0.503905 0.025392 0.505858 0.027343 0.505858 0.025392 0.507811 0.023437 0.507811 0.021486 0.501953 0.021486
0 0.730467 0.134766 0.728514 0.136717 0.728514 0.138672 0.726561 0.140623 0.728514 0.140623 0.730467 0.142579 0.732421 0.142579 0.734374 0.144529 0.736327 0.142579 0.736327 0.140623 0.738283 0.138672 0.736327 0.138672 0.734374 0.136717 0.732421 0.136717
0 0.093751 0.648435 0.085939 0.656248 0.087892 0.658203 0.087892 0.660154 0.089845 0.662109 0.093751 0.658203 0.095704 0.658203 0.097657 0.656248 0.095704 0.654297 0.095704 0.652342 0.093751 0.650391
0 0.677733 0.117186 0.677733 0.119141 0.67578 0.121092 0.67578 0.123048 0.679686 0.123048 0.681639 0.124998 0.683592 0.124998 0.685548 0.126954 0.689454 0.123048 0.687501 0.123048 0.685548 0.121092 0.683592 0.121092 0.681639 0.119141 0.679686 0.119141
0 0.796876 0.703127 0.794923 0.705078 0.791014 0.705078 0.791014 0.716797 0.796876 0.716797
0 0.929688 0.554686 0.929688 0.556642 0.927735 0.558593 0.927735 0.560548 0.925781 0.562499 0.929688 0.562499 0.93164 0.564454 0.93164 0.562499 0.933594 0.560548 0.933594 0.558593 0.935547 0.556642 0.93164 0.556642
0 0.933594 0.962893 0.933594 0.966799 0.943359 0.966799 0.943359 0.962893
0 0.142579 0.654297 0.142579 0.658203 0.150392 0.658203 0.150392 0.654297
0 0.671874 0.794921 0.669921 0.796876 0.669921 0.798827 0.666015 0.802733 0.669921 0.802733 0.671874 0.800782 0.671874 0.798827 0.673827 0.796876
0 0.578126 0.552736 0.578126 0.554686 0.576173 0.556642 0.576173 0.558593 0.578126 0.558593 0.580079 0.560548 0.582033 0.560548 0.583986 0.562499 0.583986 0.560548 0.585939 0.558593 0.585939 0.556642 0.583986 0.556642 0.582033 0.554686 0.580079 0.554686
0 0.992187 0.902344 0.990234 0.904295 0.980469 0.904295 0.980469 0.908201 0.992187 0.908201
0 0.144533 0.644529 0.144533 0.646485 0.142579 0.648435 0.150392 0.648435 0.150392 0.644529
0 0.787108 0.208984 0.787108 0.21094 0.785155 0.212891 0.787108 0.214846 0.789061 0.214846 0.792967 0.218752 0.792967 0.216797 0.794923 0.214846 0.794923 0.212891 0.792967 0.212891 0.791014 0.21094 0.789061 0.21094
0 0.357424 0.27539 0.357424 0.277345 0.355467 0.279296 0.355467 0.281252 0.353514 0.283202 0.353514 0.285158 0.359376 0.285158 0.359376 0.283202 0.361329 0.281252 0.361329 0.279296 0.363283 0.277345 0.359376 0.277345
0 0.986328 0.947268 0.986328 0.95508 0.988281 0.953125 0.998046 0.953125 0.998046 0.947268
0 0.027342 0.378907 0.023436 0.382813 0.023436 0.384764 0.025389 0.386719 0.025389 0.390625 0.027342 0.38867 0.029299 0.38867 0.029299 0.384764 0.027342 0.382813
0 0.916016 0.541017 0.912111 0.544923 0.91797 0.55078 0.921876 0.546874 0.923828 0.546874 0.921876 0.544923 0.919922 0.544923
0 0.996093 0.919919 0.99414 0.921875 0.984375 0.921875 0.984375 0.929687 0.986328 0.927737 0.996093 0.927737
0 0.988281 0.984374 0.988281 0.990236 0.990234 0.988281 0.999999 0.988281 0.999999 0.984374
0 0.128905 0.646485 0.126952 0.648435 0.11914 0.648435 0.11914 0.652342 0.128905 0.652342
0 0.160157 0.718752 0.158203 0.720703 0.152344 0.720703 0.152344 0.722658 0.158203 0.722658 0.160157 0.720703
0 0.742189 0.98633 0.740236 0.988281 0.738283 0.988281 0.738283 0.998049 0.742189 0.998049
0 0.769531 0.996093 0.769531 0.998049 0.771484 0.999999 0.777343 0.999999 0.777343 0.996093
0 0.779296 0.154297 0.777343 0.156248 0.777343 0.158203 0.77539 0.160154 0.777343 0.16211 0.779296 0.16211 0.785155 0.167967 0.785155 0.166016 0.787108 0.16406 0.787108 0.16211
0 0.771484 0.982424 0.771484 0.98633 0.777343 0.98633 0.779296 0.988281 0.779296 0.982424
0 0.160157 0.71289 0.158203 0.714846 0.152344 0.714846 0.152344 0.718752 0.154298 0.716797 0.160157 0.716797
0 0.052735 0.587892 0.052735 0.589842 0.050781 0.591798 0.050781 0.593748 0.060547 0.593748 0.0625 0.595704 0.0625 0.587892
0 0.005859 0.464844 0.005859 0.474611 0.009765 0.474611 0.009765 0.464844
0 0.982422 0.757814 0.980469 0.759765 0.978516 0.759765 0.976563 0.76172 0.972657 0.76172 0.972657 0.767577 0.97461 0.765627 0.978516 0.765627 0.980469 0.763671 0.984375 0.763671 0.984375 0.76172 0.982422 0.759765
0 0.365236 0.242189 0.363283 0.24414 0.361329 0.24414 0.361329 0.250002 0.359376 0.251953 0.359376 0.257814 0.361329 0.255859 0.365236 0.255859
0 0.808595 0.056642 0.806642 0.058593 0.796876 0.058593 0.796876 0.062499 0.808595 0.062499
0 0.339843 0.572267 0.339843 0.580079 0.341796 0.578124 0.355467 0.578124 0.353514 0.576173 0.353514 0.574217 0.351561 0.572267
0 0.449218 0.77539 0.449218 0.779296 0.447265 0.781251 0.447265 0.785158 0.449218 0.785158 0.453124 0.789064 0.453124 0.783202 0.455077 0.781251 0.455077 0.77539
0 0.988281 0.886719 0.986328 0.88867 0.976563 0.88867 0.976563 0.890625 0.978516 0.892576 0.978516 0.894532 0.980469 0.892576 0.988281 0.892576
0 0.11914 0.654297 0.121093 0.656248 0.121093 0.658203 0.123046 0.656248 0.128905 0.656248 0.128905 0.654297
3 0.21875 0 0.216797 0 0.216797 0 0.212891 0 0.212891 0 0.208985 0 0.208985 0 0.205079 0 0.205079 0 0.201173 0 0.201173 0 0.197267 0 0.197267 0 0.193361 0 0.193361 0.001955 0.189452 0.005861 0.189452 0.007812 0.185546 0.011718 0.185546 0.013674 0.18164 0.01758 0.18164 0.019531 0.177733 0.023437 0.177733 0.025392 0.173827 0.029299 0.173827 0.031249 0.171874 0.033205 0.173827 0.033205 0.177733 0.037111 0.179687 0.037111 0.183592 0.041017 0.185546 0.041017 0.189452 0.044923 0.191408 0.044923 0.193361 0.046874 0.195314 0.046874 0.19922 0.05078 0.19922 0.04883 0.201173 0.046874 0.205079 0.046874 0.205079 0.039062 0.207032 0.037111 0.214844 0.037111 0.216797 0.035156 0.21875 0.037111 0.21875 0.039062 0.220703 0.037111 0.21875 0.035156 0.212891 0.035156 0.210938 0.037111 0.208985 0.035156 0.208985 0.031249 0.210938 0.029299 0.21875 0.029299 0.220703 0.027343 0.222656 0.029299 0.222656 0.031249 0.224609 0.031249 0.222656 0.029299 0.224609 0.027343 0.222656 0.029299 0.21875 0.025392 0.216797 0.025392 0.214844 0.023437 0.216797 0.021486 0.21875 0.021486 0.222656 0.01758 0.224609 0.01758 0.226562 0.015624 0.228515 0.01758 0.230468 0.01758 0.232421 0.019531 0.230468 0.021486 0.232421 0.021486 0.234374 0.023437 0.234374 0.025392 0.232421 0.027343 0.232421 0.029299 0.230468 0.031249 0.230468 0.037111 0.228515 0.039062 0.224609 0.039062 0.226562 0.041017 0.224609 0.042968 0.224609 0.044923 0.222656 0.046874 0.222656 0.04883 0.21875 0.052736 0.212891 0.046874 0.216797 0.042968 0.212891 0.042968 0.210938 0.044923 0.208985 0.044923 0.208985 0.056642 0.210938 0.058593 0.212891 0.058593 0.214844 0.060548 0.216797 0.060548 0.220703 0.064454 0.222656 0.064454 0.226562 0.068361 0.228515 0.068361 0.232421 0.072267 0.234374 0.072267 0.236327 0.074218 0.23828 0.072267 0.23828 0.070311 0.244139 0.064454 0.244139 0.062499 0.248049 0.058593 0.248049 0.056642 0.251954 0.052736 0.251954 0.05078 0.257814 0.044923 0.257814 0.042968 0.261719 0.039062 0.261719 0.037111 0.263673 0.035156 0.263673 0.033205 0.265626 0.031249 0.265626 0.029299 0.269531 0.025392 0.269531 0.023437 0.277344 0.015624 0.277344 0.013674 0.287108 0.003906 0.285156 0.003906 0.281249 0 0.279296 0 0.277344 0 0.27539 0 0.271485 0 0.269531 0 0.267579 0 0.265626 0 0.261719 0 0.259767 0 0.257814 0 0.255861 0 0.251954 0 0.250001 0 0.248049 0 0.246092 0 0.242186 0 0.240233 0 0.23828 0 0.236327 0 0.232421 0 0.230468 0 0.228515 0 0.226562 0 0.222656 0 0.220703 0
0 0.226562 0.01758 0.224609 0.019531 0.222656 0.019531 0.21875 0.023437 0.216797 0.023437 0.21875 0.023437 0.222656 0.027343 0.230468 0.019531 0.228515 0.019531
0 0.160157 0.722658 0.158203 0.724609 0.152344 0.724609 0.152344 0.728515 0.162109 0.728515 0.162109 0.726564 0.160157 0.724609
0 0.013671 0.707033 0.011718 0.708984 0.007812 0.708984 0.007812 0.718752 0.013671 0.718752
0 0.976563 0.263671 0.976563 0.265627 0.97461 0.267578 0.976563 0.269533 0.978516 0.269533 0.982422 0.273439 0.984375 0.271484
0 0.85547 0.460937 0.85547 0.466799 0.861329 0.466799 0.863282 0.46875 0.867188 0.46875 0.869141 0.470705 0.869141 0.46875 0.867188 0.46875 0.865235 0.466799 0.863282 0.466799 0.859376 0.462893 0.857423 0.462893
0 0.310548 0.992187 0.308595 0.994142 0.308595 0.996093 0.320313 0.996093 0.320313 0.992187
0 0.083986 0.624998 0.083986 0.632811 0.093751 0.632811 0.093751 0.63086 0.095704 0.628904 0.095704 0.626954 0.085939 0.626954
0 0.166016 0.132811 0.166016 0.134766 0.164062 0.136717 0.164062 0.138672 0.162109 0.140623 0.162109 0.142579 0.160157 0.144529 0.162109 0.144529 0.166016 0.148436 0.169922 0.144529 0.169922 0.142579 0.173827 0.138672 0.171874 0.136717 0.169922 0.136717
0 0.240233 0 0.236327 0 0.234374 0 0.232421 0 0.236327 0.003906 0.23828 0.001955 0.23828 0 0.242186 0
0 0.810547 0.04883 0.808595 0.05078 0.800783 0.05078 0.800783 0.054687 0.802736 0.052736 0.8125 0.052736 0.810547 0.05078
0 0.642579 0.11328 0.642579 0.123048 0.652344 0.123048 0.652344 0.117186 0.648438 0.117186 0.646485 0.115235 0.644532 0.115235
0 0.662109 0.789064 0.654297 0.796876 0.65625 0.796876 0.658203 0.798827 0.662109 0.794921 0.662109 0.79297 0.664062 0.791014
0 0.999999 0.976562 0.998046 0.978517 0.988281 0.978517 0.988281 0.982424 0.999999 0.982424
0 0.677733 0.800782 0.67578 0.802733 0.673827 0.802733 0.671874 0.804689 0.669921 0.804689 0.673827 0.808595 0.679686 0.802733
0 0.408201 0.353514 0.408201 0.35742 0.414064 0.35742 0.416017 0.359376 0.416017 0.353514
0 0.693361 0.046874 0.689454 0.05078 0.691408 0.05078 0.693361 0.052736 0.695314 0.052736 0.697267 0.054687 0.701172 0.05078 0.69922 0.05078 0.697267 0.04883 0.695314 0.04883
0 0.300783 0.574217 0.300783 0.58203 0.314454 0.58203 0.314454 0.580079 0.312501 0.578124 0.312501 0.574217
0 0.576173 0.570311 0.572264 0.574217 0.576173 0.578124 0.576173 0.580079 0.580079 0.583985 0.582033 0.58203 0.582033 0.580079 0.583986 0.578124
0 0.906252 0.216797 0.906252 0.218752 0.904298 0.220703 0.906252 0.222658 0.908204 0.222658 0.912111 0.226565 0.912111 0.224609 0.914064 0.222658 0.914064 0.220703 0.912111 0.220703 0.910157 0.218752 0.908204 0.218752
0 0.228515 0.023437 0.226562 0.025392 0.226562 0.027343 0.224609 0.029299 0.226562 0.031249 0.228515 0.031249 0.230468 0.029299 0.230468 0.027343 0.232421 0.025392 0.232421 0.023437
0 0.921876 0.521486 0.916016 0.527343 0.91797 0.529298 0.91797 0.531249 0.919922 0.533205 0.927735 0.525392 0.925781 0.525392
0 0.828125 0.177735 0.824218 0.181641 0.828125 0.185547 0.830078 0.185547 0.835936 0.191404 0.835936 0.187498 0.837889 0.185547 0.837889 0.183592 0.835936 0.183592 0.83203 0.179685 0.830078 0.179685
0 0.109375 0.640623 0.109375 0.646485 0.111328 0.644529 0.11914 0.644529 0.11914 0.640623
0 0.763672 0.92383 0.763672 0.927737 0.765625 0.929687 0.765625 0.933594 0.769531 0.933594 0.769531 0.929687 0.767578 0.927737 0.767578 0.92383
0 0.347655 0.998049 0.345702 0.999999 0.333984 0.999999 0.333984 1 0.345702 1 0.345702 1 0.347655 0.999999
0 0.89453 0.519531 0.892577 0.521486 0.888671 0.521486 0.890624 0.523437 0.890624 0.525392 0.892577 0.527343 0.892577 0.529298 0.89453 0.527343 0.896483 0.527343 0.896483 0.525392 0.89453 0.523437
0 0.806642 0.197266 0.806642 0.203127 0.810547 0.203127 0.8125 0.205078 0.814453 0.203127 0.8125 0.201172 0.810547 0.201172
0 0.582033 0.058593 0.582033 0.060548 0.580079 0.062499 0.580079 0.064454 0.583986 0.064454 0.585939 0.066405 0.587892 0.066405 0.589845 0.068361 0.589845 0.062499 0.587892 0.062499 0.585939 0.060548 0.583986 0.060548
0 0.322266 0.996093 0.320313 0.998049 0.312501 0.998049 0.312501 1 0.322266 1
0 0.771484 0.976562 0.771484 0.980468 0.779296 0.980468 0.779296 0.976562
0 0.496093 0.656248 0.494141 0.658203 0.494141 0.660154 0.492188 0.662109 0.492188 0.66406 0.490234 0.666016 0.492188 0.666016 0.494141 0.667966 0.494141 0.666016 0.496093 0.66406 0.496093 0.662109 0.498046 0.660154 0.496093 0.658203
0 0.142579 0.628904 0.142579 0.634766 0.144533 0.632811 0.150392 0.632811 0.150392 0.628904
0 0.882812 0.253908 0.880859 0.255859 0.882812 0.255859 0.886718 0.259765 0.888671 0.257814 0.890624 0.257814 0.888671 0.257814 0.886718 0.255859 0.884765 0.255859
0 0.996093 0.964843 0.99414 0.966799 0.992187 0.966799 0.990234 0.96875 0.986328 0.96875 0.986328 0.970705 0.988281 0.972656 0.988281 0.976562 0.990234 0.974611 0.999999 0.974611 0.999999 0.972656 0.998046 0.970705 0.998046 0.96875 0.996093 0.966799
0 0.904298 0.529298 0.902342 0.531249 0.900389 0.531249 0.902342 0.533205 0.902342 0.535155 0.904298 0.537111 0.906252 0.535155 0.908204 0.535155 0.906252 0.533205 0.906252 0.531249
0 0.326172 0.999999 0.326172 1 0.324219 1 0.324219 1 0.322266 1 0.326172 1 0.328125 1 0.328125 1 0.330078 1 0.330078 1 0.328125 1
0 0.814453 0.890625 0.8125 0.892576 0.804689 0.892576 0.804689 0.894532 0.806642 0.896482 0.806642 0.898438 0.808595 0.896482 0.816407 0.896482 0.816407 0.894532 0.814453 0.892576
0 0.828125 0.867188 0.826172 0.869139 0.824218 0.869139 0.826172 0.871094 0.826172 0.873045 0.828125 0.875 0.828125 0.876951 0.830078 0.878907 0.830078 0.880857 0.83203 0.878907 0.833983 0.878907 0.83203 0.876951 0.83203 0.875 0.830078 0.873045 0.830078 0.871094 0.828125 0.869139
0 0.472658 0.669922 0.472658 0.673828 0.470704 0.675779 0.470704 0.679685 0.476564 0.679685 0.476564 0.675779 0.478517 0.673828 0.478517 0.671873 0.47461 0.671873
0 0.123046 0.658203 0.123046 0.662109 0.132811 0.662109 0.132811 0.658203
0 0.31836 0.572267 0.31836 0.578124 0.320313 0.580079 0.320313 0.585936 0.322266 0.583985 0.326172 0.583985 0.326172 0.572267
0 0.124999 0.681641 0.124999 0.683596 0.123046 0.685547 0.123046 0.687502 0.132811 0.687502 0.134764 0.689453 0.134764 0.683596 0.126952 0.683596
0 0.933594 0.992187 0.933594 1 0.945311 1 0.945311 0.994142 0.935547 0.994142
0 0.808595 0.191404 0.808595 0.193359 0.806642 0.19531 0.808595 0.197266 0.810547 0.197266 0.8125 0.199216 0.814453 0.199216 0.816407 0.201172 0.816407 0.199216 0.818359 0.197266 0.818359 0.19531 0.814453 0.19531 0.8125 0.193359 0.810547 0.193359
0 0.111328 0.658203 0.111328 0.66406 0.11914 0.66406 0.11914 0.658203
0 0.943359 0.9375 0.941405 0.939455 0.937499 0.939455 0.935547 0.941406 0.93164 0.941406 0.93164 0.949219 0.933594 0.947268 0.937499 0.947268 0.939453 0.945312 0.945311 0.945312 0.945311 0.943362 0.943359 0.941406
0 0.666015 0.791014 0.664062 0.79297 0.664062 0.794921 0.662109 0.796876 0.666015 0.800782 0.667968 0.798827 0.667968 0.796876 0.669921 0.794921
0 0.99414 0.914062 0.992187 0.916013 0.982422 0.916013 0.982422 0.917969 0.984375 0.919919 0.99414 0.919919 0.996093 0.917969 0.99414 0.916013
0 0.193361 0.103517 0.187499 0.109374 0.185546 0.109374 0.183592 0.111329 0.183592 0.11328 0.185546 0.115235 0.185546 0.117186 0.191408 0.111329 0.193361 0.111329 0.195314 0.109374 0.195314 0.107423 0.193361 0.105467
0 0.412111 0.92383 0.412111 0.929687 0.410158 0.931643 0.410158 0.9375 0.416017 0.9375 0.416017 0.92383
0 0.222656 0.037111 0.21875 0.041017 0.21875 0.042968 0.214844 0.046874 0.21875 0.05078 0.220703 0.04883 0.220703 0.046874 0.222656 0.044923 0.222656 0.042968 0.224609 0.041017 0.222656 0.039062
0 0.738283 0.953125 0.738283 0.957031 0.740236 0.958986 0.740236 0.964843 0.746095 0.964843 0.746095 0.953125
0 0.738283 0.404295 0.734374 0.408201 0.736327 0.408201 0.738283 0.410157 0.740236 0.410157 0.742189 0.412107 0.744142 0.412107 0.746095 0.414063 0.746095 0.412107 0.748048 0.410157 0.746095 0.410157 0.742189 0.40625 0.740236 0.40625
0 0.298826 0.576173 0.296874 0.578124 0.287108 0.578124 0.287108 0.583985 0.289061 0.58203 0.298826 0.58203
0 0.236327 0.705078 0.236327 0.707033 0.234374 0.708984 0.236327 0.71094 0.236327 0.71289 0.23828 0.714846 0.23828 0.716797 0.240233 0.714846 0.240233 0.71289 0.242186 0.71094
0 0.972657 0.533205 0.970704 0.535155 0.968751 0.535155 0.966798 0.537111 0.964845 0.537111 0.966798 0.539061 0.966798 0.541017 0.968751 0.542968 0.97461 0.537111 0.972657 0.535155
0 0.681639 0.802733 0.679686 0.804689 0.679686 0.806639 0.67578 0.810546 0.679686 0.814452 0.681639 0.812501 0.681639 0.810546 0.685548 0.806639
0 0.451171 0.564454 0.451171 0.56836 0.453124 0.570311 0.453124 0.576173 0.45703 0.572267 0.458983 0.572267 0.458983 0.570311 0.45703 0.56836 0.45703 0.564454
0 0.244139 0 0.244139 0.001955 0.242186 0.003906 0.242186 0.005861 0.240233 0.007812 0.242186 0.009768 0.242186 0.007812 0.244139 0.005861 0.244139 0.003906 0.246092 0.001955
0 0.642579 0.777345 0.640626 0.779296 0.640626 0.781251 0.638673 0.783202 0.642579 0.787108 0.644532 0.785158 0.644532 0.783202 0.646485 0.781251
0 0.71875 0.19531 0.712891 0.201172 0.716797 0.201172 0.71875 0.203127 0.720703 0.203127 0.722655 0.205078 0.724608 0.203127 0.724608 0.201172 0.726561 0.199216 0.724608 0.199216 0.722655 0.197266 0.720703 0.197266
1 0.697267 0.138672 0.697267 0.140623 0.695314 0.142579 0.695314 0.144529 0.697267 0.144529 0.69922 0.146485 0.701172 0.146485 0.703125 0.148436 0.705078 0.148436 0.707032 0.150391 0.708984 0.150391 0.710938 0.152342 0.712891 0.152342 0.714843 0.154297 0.716797 0.152342 0.716797 0.150391 0.71875 0.148436 0.716797 0.148436 0.714843 0.146485 0.712891 0.146485 0.710938 0.144529 0.707032 0.144529 0.705078 0.142579 0.703125 0.142579 0.701172 0.140623 0.69922 0.140623
0 0.414064 0.560548 0.414064 0.562499 0.412111 0.564454 0.412111 0.566405 0.423829 0.566405 0.423829 0.560548
0 0.880859 0.490236 0.875 0.496093 0.878906 0.499999 0.884765 0.494143
0 0.455077 0.750002 0.455077 0.753908 0.453124 0.755859 0.453124 0.757814 0.458983 0.757814 0.458983 0.750002
0 0.154298 0.673828 0.152344 0.675779 0.146485 0.675779 0.146485 0.679685 0.154298 0.679685
0 0.462889 0.708984 0.462889 0.718752 0.464842 0.718752 0.466798 0.720703 0.466798 0.714846 0.468751 0.71289 0.468751 0.708984
0 0.988281 0.863282 0.988281 0.867188 0.990234 0.869139 0.990234 0.875 0.992187 0.873045 0.996093 0.873045 0.996093 0.863282
0 0.742189 0.939455 0.738283 0.943362 0.740236 0.945312 0.740236 0.947268 0.742189 0.949219 0.742189 0.951174 0.744142 0.949219 0.746095 0.949219 0.746095 0.947268 0.744142 0.945312 0.744142 0.943362 0.742189 0.941406
0 0.769531 0.999999 0.769531 1 0.777343 1 0.777343 1 0.771484 1
0 0.083986 0.634766 0.083986 0.636717 0.085939 0.638672 0.085939 0.640623 0.097657 0.640623 0.097657 0.634766
0 0.148438 0.699221 0.148438 0.707033 0.150392 0.705078 0.156251 0.705078 0.156251 0.701172 0.150392 0.701172
0 0.892577 0.01758 0.890624 0.019531 0.886718 0.019531 0.884765 0.021486 0.878906 0.021486 0.880859 0.023437 0.880859 0.025392 0.882812 0.027343 0.884765 0.025392 0.886718 0.025392 0.888671 0.023437 0.892577 0.023437
0 0.771484 0.96875 0.771484 0.972656 0.779296 0.972656 0.779296 0.96875
0 0.644532 0.56836 0.644532 0.572267 0.646485 0.574217 0.646485 0.580079 0.654297 0.580079 0.654297 0.576173 0.652344 0.574217 0.652344 0.570311 0.646485 0.570311
0 0.99414 0.929687 0.992187 0.931643 0.984375 0.931643 0.984375 0.939455 0.986328 0.9375 0.988281 0.9375 0.990234 0.935549 0.99414 0.935549
0 0.113281 0.693359 0.113281 0.699221 0.123046 0.699221 0.123046 0.693359
0 0.750001 0.056642 0.748048 0.058593 0.740236 0.058593 0.740236 0.062499 0.748048 0.062499 0.750001 0.064454
0 0.886718 0.724609 0.884765 0.726564 0.884765 0.728515 0.882812 0.730471 0.882812 0.732421 0.880859 0.734377 0.882812 0.734377 0.884765 0.736328 0.892577 0.728515 0.890624 0.728515
0 0.460936 0 0.460936 0 0.466798 0.001955 0.466798 0 0.468751 0 0.468751 0 0.466798 0 0.464842 0 0.462889 0
0 0.845702 0.039062 0.843749 0.041017 0.839842 0.041017 0.839842 0.046874 0.841796 0.044923 0.847658 0.044923 0.847658 0.042968 0.845702 0.041017
0 0.888671 0.496093 0.884765 0.499999 0.882812 0.499999 0.880859 0.501955 0.884765 0.505861 0.888671 0.501955 0.890624 0.501955 0.892577 0.499999
0 0.490234 0.566405 0.490234 0.580079 0.494141 0.580079 0.494141 0.574217 0.496093 0.572267 0.496093 0.566405
0 0.943359 0.539061 0.941405 0.541017 0.939453 0.541017 0.939453 0.542968 0.937499 0.544923 0.937499 0.546874 0.941405 0.546874 0.943359 0.54883 0.943359 0.546874 0.945311 0.544923 0.945311 0.542968 0.947264 0.541017 0.945311 0.541017
0 0.146485 0.683596 0.146485 0.689453 0.154298 0.689453 0.154298 0.683596
0 0.943359 0.427732 0.941405 0.429688 0.941405 0.431638 0.939453 0.433594 0.941405 0.433594 0.943359 0.435544 0.945311 0.435544 0.949218 0.439451 0.951171 0.439451 0.953123 0.441406 0.955077 0.441406 0.957033 0.443362 0.957033 0.441406 0.958986 0.439451 0.958986 0.4375 0.957033 0.4375 0.953123 0.433594 0.951171 0.433594 0.947264 0.429688 0.945311 0.429688
0 0.779296 0.945312 0.777343 0.947268 0.767578 0.947268 0.767578 0.949219 0.769531 0.951174 0.769531 0.953125 0.771484 0.951174 0.779296 0.951174
0 0.964845 0.269533 0.964845 0.271484 0.966798 0.273439 0.966798 0.27539 0.976563 0.27539 0.976563 0.273439 0.97461 0.271484 0.97461 0.269533
0 0.458983 0.347657 0.45703 0.349608 0.455077 0.349608 0.453124 0.351563 0.451171 0.351563 0.453124 0.353514 0.453124 0.35547 0.455077 0.35742 0.45703 0.35547 0.458983 0.35547 0.462889 0.351563 0.464842 0.351563 0.462889 0.351563
0 0.574217 0.560548 0.574217 0.562499 0.572264 0.564454 0.572264 0.566405 0.576173 0.566405 0.578126 0.56836 0.580079 0.56836 0.582033 0.570311 0.583986 0.56836 0.583986 0.566405 0.585939 0.564454 0.582033 0.564454 0.580079 0.562499 0.576173 0.562499
0 0.933594 0.531249 0.93164 0.533205 0.923828 0.533205 0.923828 0.539061 0.925781 0.537111 0.933594 0.537111
0 0.742189 0.138672 0.740236 0.140623 0.740236 0.142579 0.738283 0.144529 0.740236 0.144529 0.744142 0.148436 0.748048 0.144529
0 0.937499 0.535155 0.933594 0.539061 0.93164 0.539061 0.929688 0.541017 0.933594 0.544923 0.939453 0.539061 0.941405 0.539061 0.943359 0.537111 0.939453 0.537111
0 0.945311 0.828126 0.943359 0.830077 0.939453 0.830077 0.939453 0.841795 0.941405 0.839845 0.949218 0.839845 0.949218 0.837889 0.947264 0.835938 0.947264 0.832032 0.945311 0.830077
0 0.779296 0.958986 0.777343 0.960937 0.771484 0.960937 0.771484 0.962893 0.777343 0.962893 0.779296 0.960937
0 0.468751 0.683596 0.468751 0.693359 0.47461 0.693359 0.47461 0.683596
1 0.029299 0.359376 0.027342 0.361327 0.025389 0.361327 0.023436 0.363282 0.021483 0.363282 0.021483 0.365233 0.023436 0.367188 0.023436 0.369139 0.025389 0.371094 0.025389 0.375001 0.029299 0.378907 0.029299 0.382813 0.031252 0.380858 0.033204 0.380858 0.035158 0.378907 0.037111 0.378907 0.037111 0.376951 0.035158 0.375001 0.035158 0.373045 0.033204 0.371094 0.033204 0.367188 0.031252 0.365233 0.031252 0.363282 0.029299 0.361327
0 0.142579 0.660154 0.142579 0.66406 0.152344 0.66406 0.152344 0.660154
0 0.171874 0.078124 0.167968 0.08203 0.167968 0.083986 0.164062 0.087892 0.167968 0.091798 0.175781 0.083986 0.173827 0.08203 0.173827 0.080079
0 0.482422 0.707033 0.478517 0.71094 0.476564 0.71094 0.47461 0.71289 0.47461 0.714846 0.476564 0.716797 0.476564 0.718752 0.48047 0.714846 0.482422 0.714846 0.484376 0.71289 0.484376 0.71094 0.482422 0.708984
0 0.408201 0.556642 0.406249 0.558593 0.398436 0.558593 0.398436 0.564454 0.400389 0.562499 0.402342 0.562499 0.404296 0.560548 0.408201 0.560548
0 0.701172 0.169922 0.701172 0.171873 0.69922 0.173828 0.701172 0.173828 0.705078 0.177735 0.705078 0.175779 0.707032 0.173828 0.705078 0.173828
0 0.41797 0.353514 0.41797 0.361327 0.419923 0.359376 0.427735 0.359376 0.427735 0.35742 0.425782 0.35547 0.425782 0.353514
0 0.771484 0.988281 0.771484 0.992187 0.77539 0.992187 0.777343 0.994142 0.777343 0.992187 0.779296 0.990236 0.773437 0.990236
0 0.207032 0.046874 0.205079 0.04883 0.201173 0.04883 0.201173 0.060548 0.207032 0.060548
0 0.923828 0.724609 0.916016 0.732421 0.91797 0.734377 0.919922 0.734377 0.923828 0.738283 0.929688 0.732421 0.925781 0.728515 0.925781 0.726564
0 0.429688 0.611329 0.429688 0.61328 0.427735 0.615235 0.427735 0.617186 0.425782 0.619141 0.425782 0.621092 0.433594 0.621092 0.433594 0.611329
0 0.451171 0.556642 0.451171 0.560548 0.460936 0.560548 0.460936 0.556642
0 0.11914 0.134766 0.111328 0.142579 0.109375 0.142579 0.105469 0.146485 0.111328 0.152342 0.124999 0.138672 0.123046 0.138672
0 0.095704 0.66406 0.093751 0.666016 0.091798 0.666016 0.087892 0.669922 0.085939 0.669922 0.091798 0.675779 0.09961 0.667966
0 0.914064 0.515624 0.912111 0.51758 0.904298 0.51758 0.906252 0.519531 0.906252 0.521486 0.908204 0.523437 0.910157 0.521486 0.916016 0.521486 0.916016 0.519531 0.914064 0.51758
0 0.251954 0.458987 0.251954 0.460937 0.250001 0.462893 0.250001 0.46875 0.248049 0.470705 0.248049 0.472656 0.255861 0.472656 0.257814 0.474611 0.257814 0.46875 0.259767 0.466799 0.259767 0.460937 0.253908 0.460937
0 0.005859 0.666016 0.005859 0.679685 0.007812 0.677734 0.013671 0.677734 0.013671 0.673828 0.011718 0.671873 0.011718 0.666016
0 0.484376 0.560548 0.484376 0.566405 0.482422 0.56836 0.482422 0.574217 0.488282 0.574217 0.488282 0.560548
0 0.373048 0.224609 0.369142 0.228515 0.369142 0.238283 0.371094 0.236328 0.375001 0.236328 0.375001 0.232422 0.373048 0.230471
0 0.990234 0.990236 0.990234 0.992187 0.998046 0.992187 0.998046 0.990236
0 0.960939 0.533205 0.957033 0.537111 0.955077 0.537111 0.953123 0.539061 0.957033 0.542968 0.960939 0.539061 0.962892 0.539061 0.962892 0.535155
0 0.111328 0.726564 0.105469 0.732421 0.107422 0.734377 0.107422 0.736328 0.113281 0.730471 0.111328 0.728515
1 0.109375 0.166016 0.103516 0.171873 0.101563 0.171873 0.089845 0.183592 0.087892 0.183592 0.083986 0.187498 0.085939 0.189453 0.085939 0.191404 0.087892 0.193359 0.087892 0.19531 0.095704 0.187498 0.097657 0.187498 0.109375 0.175779 0.111328 0.175779 0.115234 0.171873
0 0.988281 0.994142 0.988281 0.999999 0.998046 0.999999 0.998046 0.994142
0 0.41797 0.876951 0.41797 0.880857 0.419923 0.882813 0.419923 0.88867 0.423829 0.88867 0.425782 0.890625 0.425782 0.884764 0.427735 0.882813 0.427735 0.876951
0 0.958986 0.984374 0.958986 0.988281 0.964845 0.988281 0.966798 0.990236 0.966798 0.984374
0 0.978516 0.865233 0.976563 0.867188 0.97461 0.867188 0.972657 0.869139 0.970704 0.869139 0.972657 0.871094 0.972657 0.873045 0.97461 0.871094 0.976563 0.871094 0.978516 0.869139 0.982422 0.869139