0 0.292968 0.423829 0.291014 0.425783 0.289061 0.425783 0.287107 0.427738 0.285154 0.427738 0.2832 0.429684 0.281247 0.429684 0.279293 0.431638 0.275386 0.431638 0.273442 0.433593 0.271488 0.433593 0.269535 0.435547 0.267581 0.435547 0.267581 0.437501 0.265628 0.439456 0.265628 0.44922 0.267581 0.451174 0.267581 0.453128 0.271488 0.453128 0.273442 0.451174 0.27734 0.451174 0.279293 0.44922 0.285154 0.44922 0.287107 0.447265 0.291014 0.447265 0.292968 0.445311 0.298828 0.445311 0.302735 0.44141 0.302735 0.431638 0.300781 0.429684 0.300781 0.427738 0.298828 0.425783 0.298828 0.423829
0 0.759765 0.587893 0.753905 0.593748 0.753905 0.597657 0.755858 0.599611 0.755858 0.609375 0.757812 0.611329 0.757812 0.621093 0.759765 0.623048 0.759765 0.626956 0.761719 0.628903 0.761719 0.630857 0.763672 0.632812 0.763672 0.634766 0.765625 0.632812 0.771486 0.632812 0.775393 0.628903 0.777346 0.628903 0.777346 0.611329 0.775393 0.609375 0.775393 0.589847 0.761719 0.589847
10 0.859374 0.917967 0.85742 0.919922 0.853513 0.919922 0.85156 0.921876 0.847653 0.921876 0.8457 0.92383 0.839848 0.92383 0.837894 0.925785 0.833988 0.925785 0.833988 0.927731 0.835941 0.929685 0.835941 0.935549 0.837894 0.937503 0.837894 0.943358 0.839848 0.945312 0.839848 0.951176 0.841793 0.953122 0.841793 0.957031 0.843746 0.958985 0.843746 0.96484 0.8457 0.966795 0.8457 0.972658 0.847653 0.974612 0.847653 0.980467 0.849606 0.982422 0.849606 0.986331 0.85156 0.988285 0.85156 0.99414 0.853513 0.996094 0.853513 1 0.855467 1 0.855467 1 0.85742 1 0.85742 1 0.859374 1 0.859374 1 0.861327 1 0.861327 1 0.863281 1 0.863281 1 0.865234 1 0.865234 1 0.867188 1 0.876955 1 0.878908 1 0.890629 1 0.890629 1 0.888676 1 0.888676 1 0.886722 1 0.886722 1 0.884769 1 0.884769 1 0.882815 1 0.882815 1 0.880862 1 0.880862 0.998049 0.878908 0.996094 0.878908 0.990231 0.876955 0.988285 0.876955 0.982422 0.875001 0.980467 0.875001 0.976559 0.873048 0.974612 0.873048 0.968749 0.871094 0.966795 0.871094 0.96094 0.869141 0.958985 0.869141 0.953122 0.867188 0.951176 0.867188 0.945312 0.865234 0.943358 0.865234 0.937503 0.863281 0.935549 0.863281 0.929685 0.861327 0.927731 0.861327 0.921876 0.859374 0.919922
1 0.832034 0.505857 0.830081 0.507811 0.82422 0.507811 0.820313 0.51172 0.820313 0.572266 0.81836 0.57422 0.81836 0.578129 0.820313 0.580075 0.820313 0.583984 0.830081 0.583984 0.832034 0.585938 0.8457 0.585938 0.8457 0.550784 0.847653 0.548829 0.847653 0.507811 0.843746 0.507811 0.841793 0.505857
0 0.251954 0.431638 0.25 0.433593 0.240233 0.433593 0.238279 0.435547 0.226559 0.435547 0.224605 0.437501 0.214847 0.437501 0.212893 0.439456 0.21094 0.439456 0.21094 0.447265 0.212893 0.44922 0.212893 0.451174 0.214847 0.451174 0.2168 0.453128 0.255861 0.453128 0.257814 0.455075 0.259768 0.453128 0.261721 0.453128 0.261721 0.451174 0.263674 0.44922 0.263674 0.447265 0.261721 0.445311 0.261721 0.443357 0.259768 0.44141 0.259768 0.439456
0 0.033201 0.67383 0.031248 0.675784 0.007816 0.675784 0.005862 0.677738 0.005862 0.687502 0.007816 0.689457 0.007816 0.691403 0.009769 0.693357 0.009769 0.695312 0.011722 0.693357 0.019527 0.693357 0.021481 0.691403 0.027341 0.691403 0.029295 0.689457 0.037108 0.689457 0.039062 0.687502 0.042969 0.687502 0.042969 0.683593 0.041015 0.681639 0.041015 0.675784 0.035155 0.675784
0 0.40625 0.878904 0.40625 0.886721 0.404297 0.888676 0.404297 0.896485 0.449218 0.896485 0.451171 0.898439 0.453125 0.896485 0.453125 0.880858 0.451171 0.880858 0.449218 0.878904
0 0.005862 0.648439 0.003909 0.650393 0.001955 0.650393 0.000002 0.652347 0 0.652347 0 0.671875 0.041015 0.671875 0.042969 0.67383 0.042969 0.652347 0.041015 0.650393 0.007816 0.650393
0 0 0.833985 0 0.837894 0 0.841794 0 0.843749 0 0.847658 0 0.849612 0 0.851566 0.000002 0.849612 0.029295 0.849612 0.031248 0.847658 0.031248 0.845703 0.033201 0.843749 0.033201 0.837894 0.031248 0.835939 0.031248 0.833985
0 0.738277 0.595702 0.738277 0.597657 0.736332 0.599611 0.736332 0.601565 0.734379 0.603512 0.734379 0.625002 0.736332 0.626956 0.749998 0.626956 0.749998 0.623048 0.751951 0.621093 0.751951 0.611329 0.749998 0.609375 0.749998 0.603512 0.746091 0.599611 0.746091 0.597657 0.744137 0.595702
0 0.412111 0.76953 0.410157 0.771485 0.404297 0.771485 0.404297 0.775393 0.40625 0.777348 0.40625 0.783203 0.410157 0.787112 0.414064 0.787112 0.416018 0.789066 0.419925 0.789066 0.421878 0.791012 0.423832 0.791012 0.425785 0.792967 0.429683 0.792967 0.431637 0.794921 0.435544 0.794921 0.437497 0.796876 0.441404 0.792967 0.441404 0.789066 0.443357 0.787112 0.443357 0.783203 0.441404 0.783203 0.439451 0.781249 0.437497 0.781249 0.435544 0.779294 0.43359 0.779294 0.431637 0.777348 0.427739 0.777348 0.425785 0.775393 0.423832 0.775393 0.421878 0.773439 0.419925 0.773439 0.417971 0.771485 0.416018 0.771485 0.414064 0.76953