1 0.769532 0.808595 0.767579 0.810546 0.765625 0.810546 0.761719 0.814452 0.759765 0.814452 0.759765 0.824219 0.757812 0.826171 0.757812 0.833983 0.765625 0.841796 0.794922 0.841796 0.796875 0.843751 0.826171 0.843751 0.828125 0.845702 0.859375 0.845702 0.861328 0.847657 0.890625 0.847657 0.892578 0.849608 0.921876 0.849608 0.923828 0.851563 0.923828 0.835938 0.925781 0.833983 0.925781 0.820313 0.902344 0.820313 0.90039 0.818359 0.875 0.818359 0.873047 0.816407 0.84961 0.816407 0.847656 0.814452 0.824219 0.814452 0.822266 0.812501 0.796875 0.812501 0.794922 0.810546 0.771484 0.810546
1 0.806641 0.216797 0.804687 0.218751 0.800781 0.218751 0.800781 0.228516 0.798828 0.23047 0.798828 0.240234 0.800781 0.242189 0.800781 0.24414 0.802734 0.246095 0.802734 0.248047 0.839844 0.248047 0.841796 0.250001 0.88086 0.250001 0.882812 0.251953 0.919922 0.251953 0.921876 0.253908 0.958984 0.253908 0.960938 0.255859 0.960938 0.220703 0.884765 0.220703 0.882812 0.218751 0.808594 0.218751
1 0.818359 0.013673 0.816406 0.015625 0.816406 0.017579 0.814453 0.019531 0.814453 0.03125 0.812499 0.033204 0.812499 0.042968 0.816406 0.046875 0.816406 0.048829 0.820313 0.052735 0.857422 0.052735 0.859375 0.054687 0.896484 0.054687 0.898437 0.056642 0.933594 0.056642 0.935547 0.058593 0.972656 0.058593 0.97461 0.060548 0.97461 0.03125 0.958984 0.03125 0.957031 0.029298 0.941406 0.029298 0.939453 0.027343 0.923828 0.027343 0.921876 0.025392 0.90625 0.025392 0.904297 0.023437 0.890625 0.023437 0.888672 0.021486 0.873047 0.021486 0.871093 0.019531 0.855468 0.019531 0.853516 0.017579 0.837891 0.017579 0.835938 0.015625 0.820313 0.015625
1 0.816406 0.06836 0.812499 0.072267 0.810547 0.072267 0.810547 0.089843 0.818359 0.097655 0.841796 0.097655 0.84375 0.09961 0.867188 0.09961 0.86914 0.101562 0.892578 0.101562 0.894532 0.103516 0.917969 0.103516 0.919922 0.105468 0.943359 0.105468 0.945313 0.107423 0.96875 0.107423 0.970703 0.109374 0.970703 0.078124 0.941406 0.078124 0.939453 0.076173 0.910156 0.076173 0.908204 0.074218 0.88086 0.074218 0.878907 0.072267 0.84961 0.072267 0.847656 0.070312 0.818359 0.070312
1 0.812499 0.11328 0.806641 0.119141 0.806641 0.13086 0.804687 0.132811 0.804687 0.142578 0.810547 0.148436 0.833984 0.148436 0.835938 0.150391 0.861328 0.150391 0.863281 0.152343 0.886719 0.152343 0.888672 0.154297 0.912109 0.154297 0.914062 0.156249 0.939453 0.156249 0.941406 0.158203 0.964843 0.158203 0.966796 0.160155 0.966796 0.123047 0.937499 0.123047 0.935547 0.121093 0.90625 0.121093 0.904297 0.119141 0.876953 0.119141 0.875 0.117187 0.845703 0.117187 0.84375 0.115235 0.814453 0.115235
1 0.802734 0.26172 0.798828 0.265626 0.798828 0.27539 0.796875 0.277345 0.796875 0.287109 0.798828 0.289064 0.798828 0.291015 0.800781 0.29297 0.800781 0.294921 0.802734 0.296876 0.839844 0.296876 0.841796 0.298828 0.876953 0.298828 0.878907 0.300782 0.916016 0.300782 0.917969 0.302734 0.953125 0.302734 0.955078 0.304688 0.955078 0.289064 0.957031 0.287109 0.957031 0.271484 0.927734 0.271484 0.925781 0.269532 0.896484 0.269532 0.894532 0.267578 0.867188 0.267578 0.865235 0.265626 0.835938 0.265626 0.833984 0.263672 0.804687 0.263672
1 0.335938 0.128905 0.335938 0.16211 0.357422 0.16211 0.359375 0.164061 0.38086 0.164061 0.382812 0.166016 0.404297 0.166016 0.40625 0.167967 0.425781 0.167967 0.427734 0.169922 0.449219 0.169922 0.451171 0.171874 0.472656 0.171874 0.47461 0.173828 0.476563 0.171874 0.484375 0.171874 0.484375 0.160155 0.486328 0.158203 0.486328 0.146485 0.480468 0.140624 0.458984 0.140624 0.457031 0.138672 0.433594 0.138672 0.431641 0.136718 0.410156 0.136718 0.408204 0.134766 0.386719 0.134766 0.384765 0.132811 0.361328 0.132811 0.359375 0.13086 0.337891 0.13086
1 0.324219 0.375 0.324219 0.392577 0.322266 0.394532 0.322266 0.410156 0.34375 0.410156 0.345703 0.412108 0.367188 0.412108 0.36914 0.414063 0.390625 0.414063 0.392578 0.416014 0.412109 0.416014 0.414062 0.417969 0.435547 0.417969 0.437499 0.419921 0.458984 0.419921 0.460938 0.421875 0.46875 0.414063 0.46875 0.402344 0.470703 0.400389 0.470703 0.390625 0.464844 0.384764 0.439453 0.384764 0.437499 0.382813 0.410156 0.382813 0.408204 0.380858 0.382812 0.380858 0.38086 0.378907 0.353516 0.378907 0.351563 0.376952 0.326173 0.376952
1 0.279297 0.96875 0.279297 0.976562 0.277344 0.978517 0.277344 0.994142 0.27539 0.996093 0.27539 1 0.292969 1 0.294922 1 0.310547 1 0.312499 1 0.330078 1 0.332031 1 0.347656 1 0.34961 1 0.367188 1 0.36914 1 0.384765 1 0.386719 1 0.404297 1 0.40625 1 0.421876 1 0.423827 1 0.427734 1 0.429687 1 0.431641 1 0.431641 1 0.433594 1 0.433594 0.994142 0.431641 0.992187 0.431641 0.990236 0.427734 0.986329 0.427734 0.984375 0.425781 0.982423 0.40625 0.982423 0.404297 0.980468 0.386719 0.980468 0.384765 0.978517 0.365235 0.978517 0.363281 0.976562 0.34375 0.976562 0.341796 0.974611 0.322266 0.974611 0.320313 0.972656 0.302734 0.972656 0.300781 0.970705 0.28125 0.970705
1 0.347656 0.033204 0.347656 0.041017 0.345703 0.042968 0.345703 0.056642 0.34375 0.058593 0.34375 0.064454 0.376953 0.064454 0.378907 0.066406 0.412109 0.066406 0.414062 0.06836 0.447266 0.06836 0.449219 0.070312 0.482422 0.070312 0.484375 0.072267 0.486328 0.070312 0.488281 0.070312 0.492188 0.066406 0.49414 0.066406 0.49414 0.056642 0.496093 0.054687 0.496093 0.046875 0.488281 0.039062 0.443359 0.039062 0.441406 0.03711 0.396484 0.03711 0.394532 0.035156 0.34961 0.035156
1 0.291016 0.826171 0.291016 0.841796 0.289062 0.843751 0.289062 0.857421 0.316406 0.857421 0.318359 0.859375 0.345703 0.859375 0.347656 0.861327 0.373047 0.861327 0.375 0.863282 0.402344 0.863282 0.404297 0.865233 0.431641 0.865233 0.433594 0.867188 0.435547 0.865233 0.441406 0.865233 0.441406 0.843751 0.437499 0.839844 0.437499 0.83789 0.433594 0.833983 0.40039 0.833983 0.398437 0.832032 0.363281 0.832032 0.361328 0.830077 0.328125 0.830077 0.326173 0.828126 0.292969 0.828126
1 0.324219 0.330077 0.324219 0.345702 0.322266 0.347657 0.322266 0.363282 0.355468 0.363282 0.357422 0.365233 0.392578 0.365233 0.394532 0.367188 0.427734 0.367188 0.429687 0.36914 0.462891 0.36914 0.464844 0.371094 0.466796 0.36914 0.46875 0.36914 0.470703 0.367188 0.472656 0.367188 0.472656 0.357421 0.47461 0.355469 0.47461 0.345702 0.470703 0.341796 0.470703 0.339844 0.466796 0.335938 0.421876 0.335938 0.419922 0.333984 0.373047 0.333984 0.371093 0.332032 0.326173 0.332032
1 0.822266 0 0.820313 0 0.818359 0 0.818359 0 0.816406 0 0.816406 0 0.818359 0 0.822266 0 0.837891 0 0.839844 0 0.853516 0 0.855468 0 0.871093 0 0.873047 0.001955 0.888672 0.001955 0.890625 0.003906 0.904297 0.003906 0.90625 0.005861 0.921876 0.005861 0.923828 0.007812 0.939453 0.007812 0.941406 0.009767 0.955078 0.009767 0.957031 0.011718 0.972656 0.011718 0.97461 0.013673 0.97461 0 0.976563 0 0.976563 0 0.958984 0 0.957031 0 0.939453 0 0.937499 0 0.919922 0 0.917969 0 0.90039 0 0.898437 0 0.882812 0 0.88086 0 0.863281 0 0.861328 0 0.84375 0 0.841796 0 0.824219 0
1 0.794922 0.371094 0.791016 0.375 0.791016 0.386719 0.789062 0.388671 0.789062 0.400389 0.791016 0.400389 0.794922 0.404296 0.833984 0.404296 0.835938 0.40625 0.873047 0.40625 0.875 0.408202 0.914062 0.408202 0.916016 0.410156 0.953125 0.410156 0.955078 0.412108 0.955078 0.396483 0.953125 0.394532 0.953125 0.376952 0.902344 0.376952 0.90039 0.375 0.84961 0.375 0.847656 0.373046 0.796875 0.373046
1 0.314453 0.480469 0.314453 0.496094 0.312499 0.498048 0.312499 0.511718 0.330078 0.511718 0.332031 0.513673 0.351563 0.513673 0.353516 0.515625 0.371093 0.515625 0.373047 0.517579 0.392578 0.517579 0.394532 0.519531 0.412109 0.519531 0.414062 0.521485 0.433594 0.521485 0.435547 0.523437 0.453125 0.523437 0.455078 0.525392 0.457031 0.523437 0.458984 0.523437 0.460938 0.521485 0.462891 0.521485 0.462891 0.509767 0.464844 0.507812 0.464844 0.496094 0.462891 0.496094 0.458984 0.492187 0.437499 0.492187 0.435547 0.490236 0.412109 0.490236 0.410156 0.488281 0.388672 0.488281 0.386719 0.486329 0.365235 0.486329 0.363281 0.484375 0.339844 0.484375 0.337891 0.482423 0.316406 0.482423
1 0.753907 0.957031 0.751953 0.958986 0.751953 0.960937 0.75 0.962892 0.75 0.972656 0.748047 0.974611 0.748047 0.982423 0.75586 0.990236 0.791016 0.990236 0.792969 0.992187 0.830078 0.992187 0.832031 0.994142 0.867188 0.994142 0.86914 0.996093 0.904297 0.996093 0.90625 0.998048 0.90625 0.966798 0.876953 0.966798 0.875 0.964844 0.847656 0.964844 0.845703 0.962892 0.816406 0.962892 0.814453 0.960937 0.787109 0.960937 0.785156 0.958986 0.75586 0.958986
1 0.34961 0 0.34961 0 0.347656 0 0.347656 0.007812 0.361328 0.007812 0.363281 0.009767 0.376953 0.009767 0.378907 0.011718 0.392578 0.011718 0.394532 0.013673 0.408204 0.013673 0.410156 0.015625 0.423827 0.015625 0.425781 0.017579 0.439453 0.017579 0.441406 0.019531 0.455078 0.019531 0.457031 0.021486 0.470703 0.021486 0.472656 0.023437 0.486328 0.023437 0.488281 0.025392 0.490235 0.023437 0.492188 0.023437 0.496093 0.019531 0.498047 0.019531 0.498047 0 0.490235 0 0.46875 0 0.466796 0 0.445313 0 0.443359 0 0.421876 0 0.419922 0 0.398437 0 0.396484 0 0.375 0 0.373047 0 0.351563 0
1 0.326173 0.427733 0.326173 0.431639 0.324219 0.433594 0.324219 0.443358 0.322266 0.445312 0.322266 0.453125 0.320313 0.45508 0.320313 0.458986 0.332031 0.458986 0.333984 0.460937 0.345703 0.460937 0.347656 0.462892 0.359375 0.462892 0.361328 0.464844 0.373047 0.464844 0.375 0.466798 0.388672 0.466798 0.390625 0.46875 0.402344 0.46875 0.404297 0.470705 0.416016 0.470705 0.417969 0.472656 0.429687 0.472656 0.431641 0.474611 0.443359 0.474611 0.445313 0.476562 0.457031 0.476562 0.458984 0.478517 0.460938 0.476562 0.464844 0.476562 0.466796 0.474611 0.470703 0.474611 0.470703 0.462892 0.472656 0.460937 0.472656 0.449219 0.470703 0.447264 0.46875 0.447264 0.464844 0.443358 0.449219 0.443358 0.447266 0.441406 0.431641 0.441406 0.429687 0.439452 0.414062 0.439452 0.412109 0.4375 0.396484 0.4375 0.394532 0.435545 0.38086 0.435545 0.378907 0.433594 0.363281 0.433594 0.361328 0.431639 0.345703 0.431639 0.34375 0.429688 0.328125 0.429688
1 0.798828 0.314452 0.796875 0.316407 0.794922 0.316407 0.792969 0.318359 0.789062 0.318359 0.789062 0.341796 0.792969 0.345702 0.792969 0.347657 0.794922 0.349608 0.953125 0.349608 0.955078 0.351563 0.955078 0.33789 0.953125 0.335938 0.953125 0.320313 0.904297 0.320313 0.902344 0.318359 0.851563 0.318359 0.84961 0.316407 0.800781 0.316407
1 0.808594 0.166016 0.806641 0.167967 0.804687 0.167967 0.804687 0.179686 0.802734 0.181641 0.802734 0.193359 0.806641 0.197266 0.806641 0.199217 0.808594 0.201172 0.960938 0.201172 0.962891 0.203123 0.962891 0.169922 0.886719 0.169922 0.884765 0.167967 0.810547 0.167967
1 0.300781 0.732422 0.300781 0.748046 0.298827 0.750001 0.298827 0.763672 0.371093 0.763672 0.373047 0.765626 0.443359 0.765626 0.445313 0.767578 0.453125 0.759765 0.453125 0.74414 0.449219 0.740234 0.447266 0.740234 0.441406 0.734376 0.302734 0.734376
1 0.300781 0.67578 0.300781 0.708984 0.326173 0.708984 0.328125 0.710939 0.355468 0.710939 0.357422 0.712891 0.382812 0.712891 0.384765 0.714845 0.412109 0.714845 0.414062 0.716797 0.439453 0.716797 0.441406 0.718751 0.443359 0.716797 0.445313 0.716797 0.447266 0.714845 0.451171 0.714845 0.451171 0.703127 0.453125 0.701172 0.453125 0.691405 0.451171 0.689453 0.449219 0.689453 0.443359 0.683592 0.410156 0.683592 0.408204 0.681641 0.373047 0.681641 0.371093 0.679686 0.337891 0.679686 0.335938 0.677734 0.302734 0.677734
1 0.285156 0.873046 0.285156 0.888671 0.283204 0.890625 0.283204 0.90625 0.302734 0.90625 0.304687 0.908202 0.322266 0.908202 0.324219 0.910156 0.34375 0.910156 0.345703 0.912108 0.365235 0.912108 0.367188 0.914063 0.386719 0.914063 0.388672 0.916014 0.40625 0.916014 0.408204 0.917969 0.427734 0.917969 0.429687 0.91992 0.435547 0.914063 0.435547 0.910156 0.437499 0.908202 0.437499 0.898438 0.439453 0.896483 0.439453 0.892577 0.437499 0.890625 0.435547 0.890625 0.431641 0.886719 0.412109 0.886719 0.410156 0.884764 0.392578 0.884764 0.390625 0.882813 0.371093 0.882813 0.36914 0.880858 0.34961 0.880858 0.347656 0.878906 0.328125 0.878906 0.326173 0.876952 0.308594 0.876952 0.306641 0.875 0.287109 0.875
1 0.283204 0.925781 0.283204 0.960937 0.310547 0.960937 0.312499 0.962892 0.339844 0.962892 0.341796 0.964844 0.367188 0.964844 0.36914 0.966798 0.396484 0.966798 0.398437 0.96875 0.425781 0.96875 0.427734 0.970705 0.435547 0.962892 0.435547 0.943361 0.427734 0.935548 0.40039 0.935548 0.398437 0.933594 0.371093 0.933594 0.36914 0.931639 0.34375 0.931639 0.341796 0.929688 0.314453 0.929688 0.312499 0.927733 0.285156 0.927733
1 0.765625 0.859375 0.763672 0.861327 0.761719 0.861327 0.759765 0.863282 0.757812 0.863282 0.757812 0.875 0.75586 0.876952 0.75586 0.886719 0.757812 0.888671 0.759765 0.888671 0.763672 0.892577 0.810547 0.892577 0.812499 0.894532 0.861328 0.894532 0.863281 0.896483 0.910156 0.896483 0.912109 0.898438 0.912109 0.882813 0.914062 0.880858 0.914062 0.867188 0.878907 0.867188 0.876953 0.865233 0.841796 0.865233 0.839844 0.863282 0.804687 0.863282 0.802734 0.861327 0.767579 0.861327
1 0.332031 0.228516 0.332031 0.24414 0.330078 0.246095 0.330078 0.26172 0.351563 0.26172 0.353516 0.263672 0.375 0.263672 0.376953 0.265626 0.40039 0.265626 0.402344 0.267578 0.423827 0.267578 0.425781 0.269532 0.447266 0.269532 0.449219 0.271484 0.470703 0.271484 0.472656 0.273439 0.47461 0.271484 0.476563 0.271484 0.480468 0.267578 0.482422 0.267578 0.482422 0.250001 0.480468 0.248047 0.480468 0.246095 0.478516 0.24414 0.478516 0.242189 0.476563 0.240234 0.455078 0.240234 0.453125 0.238283 0.429687 0.238283 0.427734 0.236328 0.40625 0.236328 0.404297 0.234376 0.382812 0.234376 0.38086 0.232422 0.357422 0.232422 0.355468 0.23047 0.333984 0.23047
1 0.345703 0.085937 0.345703 0.101562 0.34375 0.103516 0.34375 0.117187 0.378907 0.117187 0.38086 0.119141 0.414062 0.119141 0.416016 0.121093 0.451171 0.121093 0.453125 0.123047 0.486328 0.123047 0.488281 0.124999 0.49414 0.119141 0.49414 0.109374 0.496093 0.107423 0.496093 0.09961 0.49414 0.09961 0.492188 0.097655 0.490235 0.097655 0.488281 0.095704 0.460938 0.095704 0.458984 0.093749 0.433594 0.093749 0.431641 0.091798 0.404297 0.091798 0.402344 0.089843 0.376953 0.089843 0.375 0.087891 0.347656 0.087891
1 0.300781 0.628905 0.300781 0.664061 0.335938 0.664061 0.337891 0.666016 0.371093 0.666016 0.373047 0.667967 0.408204 0.667967 0.410156 0.669922 0.443359 0.669922 0.445313 0.671873 0.447266 0.669922 0.449219 0.669922 0.451171 0.667967 0.453125 0.667967 0.453125 0.642578 0.447266 0.636718 0.412109 0.636718 0.410156 0.634766 0.375 0.634766 0.373047 0.632811 0.339844 0.632811 0.337891 0.63086 0.302734 0.63086
1 0.769532 0.757814 0.763672 0.763672 0.763672 0.785157 0.767579 0.789064 0.767579 0.791015 0.769532 0.79297 0.820313 0.79297 0.822266 0.794921 0.875 0.794921 0.876953 0.796876 0.927734 0.796876 0.929688 0.798827 0.929688 0.763672 0.878907 0.763672 0.876953 0.76172 0.824219 0.76172 0.822266 0.759765 0.771484 0.759765
1 0.771484 0.710939 0.769532 0.712891 0.769532 0.714845 0.767579 0.716797 0.767579 0.726564 0.765625 0.728515 0.765625 0.736328 0.769532 0.740234 0.769532 0.742189 0.771484 0.74414 0.796875 0.74414 0.798828 0.746095 0.822266 0.746095 0.824219 0.748046 0.84961 0.748046 0.851563 0.750001 0.876953 0.750001 0.878907 0.751953 0.902344 0.751953 0.904297 0.753907 0.929688 0.753907 0.931641 0.755859 0.931641 0.718751 0.892578 0.718751 0.890625 0.716797 0.853516 0.716797 0.851563 0.714845 0.812499 0.714845 0.810547 0.712891 0.773437 0.712891
1 0.761719 0.908202 0.757812 0.912108 0.757812 0.914063 0.75586 0.916014 0.75586 0.921875 0.753907 0.923827 0.753907 0.929688 0.751953 0.931639 0.751953 0.933594 0.75586 0.9375 0.75586 0.939455 0.757812 0.941406 0.78125 0.941406 0.783204 0.943361 0.806641 0.943361 0.808594 0.945312 0.833984 0.945312 0.835938 0.947267 0.859375 0.947267 0.861328 0.949219 0.884765 0.949219 0.886719 0.951173 0.910156 0.951173 0.912109 0.953125 0.912109 0.91992 0.888672 0.91992 0.886719 0.917969 0.863281 0.917969 0.861328 0.916014 0.837891 0.916014 0.835938 0.914063 0.814453 0.914063 0.812499 0.912108 0.789062 0.912108 0.787109 0.910156 0.763672 0.910156
1 0.294922 0.77539 0.294922 0.791015 0.292969 0.79297 0.292969 0.80664 0.314453 0.80664 0.316406 0.808595 0.337891 0.808595 0.339844 0.810546 0.361328 0.810546 0.363281 0.812501 0.384765 0.812501 0.386719 0.814452 0.408204 0.814452 0.410156 0.816407 0.431641 0.816407 0.433594 0.818359 0.435547 0.816407 0.437499 0.816407 0.439453 0.814452 0.443359 0.814452 0.445313 0.812501 0.447266 0.812501 0.447266 0.802734 0.449219 0.800782 0.449219 0.79297 0.445313 0.789064 0.443359 0.789064 0.437499 0.783203 0.404297 0.783203 0.402344 0.781251 0.367188 0.781251 0.365235 0.779296 0.332031 0.779296 0.330078 0.777345 0.296876 0.777345