0 0.728516 0.427735 0.72461 0.431642 0.72461 0.445311 0.726563 0.447265 0.726563 0.460937 0.728516 0.462891 0.728516 0.464845 0.738281 0.464845 0.738281 0.462891 0.740234 0.460937 0.740234 0.447265 0.738281 0.445311 0.738281 0.429688 0.736329 0.427735
9 0.117188 0.738281 0.117188 0.742189 0.115236 0.744139 0.115236 0.746093 0.117188 0.748047 0.117188 0.75 0.119141 0.751954 0.119141 0.755858 0.121093 0.757812 0.121093 0.761719 0.123046 0.763673 0.123046 0.769531 0.125001 0.771484 0.125001 0.773438 0.132811 0.781249 0.132811 0.783203 0.146485 0.796875 0.146485 0.798829 0.158203 0.810548 0.160156 0.810548 0.175782 0.826171 0.177734 0.826171 0.185548 0.833985 0.189453 0.830078 0.189453 0.828125 0.199218 0.818359 0.199218 0.816406 0.205079 0.810548 0.197266 0.802733 0.197266 0.800783 0.179687 0.783203 0.179687 0.781249 0.164064 0.765626 0.164064 0.763673 0.156251 0.755858 0.154298 0.755858 0.15039 0.751954 0.148438 0.751954 0.146485 0.75 0.144533 0.75 0.142577 0.748047 0.140625 0.748047 0.138672 0.746093 0.136719 0.746093 0.134767 0.744139 0.132811 0.744139 0.130859 0.742189 0.128906 0.742189 0.126954 0.740235 0.125001 0.740235 0.123046 0.738281
0 0.898437 0.732421 0.894531 0.736328 0.894531 0.738281 0.892579 0.740235 0.892579 0.746093 0.894531 0.748047 0.894531 0.75 0.896484 0.751954 0.896484 0.753908 0.902344 0.759765 0.904297 0.759765 0.91211 0.767577 0.916015 0.767577 0.917968 0.769531 0.921876 0.769531 0.921876 0.767577 0.923828 0.765626 0.923828 0.763673 0.925781 0.761719 0.921876 0.757812 0.921876 0.755858 0.919923 0.753908 0.919923 0.751954 0.916015 0.748047 0.916015 0.746093 0.914063 0.744139 0.914063 0.742189 0.91211 0.740235 0.91211 0.738281 0.90625 0.732421
0 0.806641 0.597656 0.806641 0.599609 0.804688 0.601563 0.804688 0.613282 0.806641 0.615236 0.806641 0.634766 0.808593 0.634766 0.810546 0.63672 0.818359 0.63672 0.820311 0.634766 0.820311 0.601563 0.818359 0.599609 0.816406 0.599609 0.814454 0.597656
0 0.919923 0.716797 0.91211 0.724609 0.91211 0.73047 0.914063 0.732421 0.914063 0.734374 0.919923 0.740235 0.919923 0.742189 0.925781 0.748047 0.925781 0.75 0.931641 0.755858 0.931641 0.757812 0.933594 0.759765 0.937499 0.759765 0.939455 0.761719 0.945312 0.761719 0.947265 0.759765 0.947265 0.757812 0.94922 0.755858 0.94922 0.751954 0.947265 0.75 0.947265 0.748047 0.94336 0.744139 0.94336 0.742189 0.939455 0.738281 0.939455 0.736328 0.935547 0.732421 0.935547 0.73047 0.931641 0.726563 0.931641 0.724609 0.927734 0.720702 0.927734 0.718751 0.925781 0.716797
9 0 0.679687 0 0.681641 0 0.681641 0 0.701171 0 0.703125 0 0.708983 0 0.710937 0 0.71289 0.029297 0.751954 0.03125 0.751954 0.03711 0.757812 0.039063 0.757812 0.044921 0.763673 0.046876 0.763673 0.050781 0.767577 0.052734 0.765626 0.054686 0.765626 0.056642 0.763673 0.058594 0.763673 0.060547 0.761719 0.062499 0.761719 0.06836 0.755858 0.06836 0.75 0.066407 0.748047 0.066407 0.740235 0.042968 0.716797 0.041016 0.716797 0.005858 0.681641 0 0.681641
0 0.757812 0.427735 0.75586 0.429688 0.751952 0.429688 0.748047 0.433593 0.748047 0.462891 0.749999 0.464845 0.749999 0.466795 0.751952 0.468749 0.761717 0.468749 0.763673 0.466795 0.763673 0.464845 0.765626 0.462891 0.765626 0.451172 0.763673 0.449219 0.763673 0.435546 0.761717 0.433593 0.761717 0.431642
9 0 0.705079 0 0.714844 0 0.716797 0 0.728516 0 0.742189 0 0.742189 0 0.773438 0 0.773438 0.005858 0.791014 0.009766 0.791014 0.011719 0.792968 0.015624 0.792968 0.017579 0.794922 0.019532 0.794922 0.021484 0.796875 0.025389 0.796875 0.027345 0.798829 0.029297 0.796875 0.035155 0.796875 0.035155 0.794922 0.03711 0.792968 0.03711 0.791014 0.039063 0.789064 0.039063 0.78711 0.03711 0.785157 0.03711 0.779296 0.035155 0.777345 0.035155 0.773438 0.003906 0.742189 0.001953 0.742189 0 0.720702 0 0.720702 0 0.710937 0 0.710937
9 0.089844 0.775392 0.087891 0.777345 0.085939 0.777345 0.085939 0.781249 0.083983 0.783203 0.083983 0.798829 0.085939 0.800783 0.085939 0.804687 0.087891 0.806641 0.087891 0.808594 0.101562 0.822267 0.103515 0.822267 0.125001 0.843751 0.126954 0.843751 0.136719 0.853516 0.138672 0.853516 0.15039 0.865235 0.152343 0.865235 0.158203 0.871092 0.167969 0.861327 0.167969 0.859374 0.179687 0.847655 0.164064 0.832032 0.162108 0.832032 0.128906 0.798829 0.126954 0.798829 0.109375 0.781249 0.103515 0.781249 0.101562 0.779296 0.095704 0.779296 0.093749 0.777345 0.091796 0.777345
0 0.867187 0.486329 0.865234 0.488282 0.861329 0.488282 0.861329 0.492187 0.859374 0.49414 0.859374 0.525389 0.861329 0.527343 0.861329 0.53125 0.863282 0.53125 0.865234 0.533204 0.867187 0.53125 0.876953 0.53125 0.876953 0.523439 0.875 0.521485 0.875 0.505859 0.873048 0.503905 0.873048 0.49414 0.871095 0.492187 0.871095 0.488282 0.86914 0.488282
0 0.802735 0.498048 0.80078 0.500001 0.798828 0.500001 0.796875 0.501952 0.796875 0.503905 0.794922 0.505859 0.794922 0.513671 0.796875 0.515624 0.796875 0.529297 0.798828 0.53125 0.798828 0.539062 0.80078 0.541015 0.80078 0.542969 0.808593 0.542969 0.810546 0.541015 0.812501 0.541015 0.812501 0.537108 0.814454 0.535158 0.814454 0.527343 0.812501 0.525389 0.812501 0.515624 0.810546 0.513671 0.810546 0.507813 0.808593 0.505859 0.808593 0.500001 0.806641 0.500001 0.804688 0.498048
0 0.339842 0.082032 0.332032 0.089843 0.332032 0.095704 0.333985 0.097658 0.333985 0.099608 0.335937 0.101562 0.33789 0.101562 0.339842 0.103516 0.341798 0.103516 0.34375 0.105469 0.347656 0.105469 0.349608 0.107423 0.351564 0.107423 0.353516 0.109376 0.355469 0.109376 0.357421 0.111327 0.359374 0.111327 0.361329 0.113281 0.365234 0.113281 0.367187 0.115234 0.369139 0.115234 0.371095 0.117188 0.373047 0.117188 0.375 0.119142 0.378905 0.119142 0.382813 0.115234 0.382813 0.107423 0.38086 0.105469 0.38086 0.103516 0.378905 0.103516 0.376952 0.101562 0.375 0.101562 0.371095 0.097658 0.369139 0.097658 0.367187 0.095704 0.365234 0.095704 0.363282 0.09375 0.361329 0.09375 0.357421 0.089843 0.355469 0.089843 0.353516 0.087889 0.351564 0.087889 0.347656 0.083985 0.345703 0.083985 0.34375 0.082032
0 0.835938 0.607421 0.833985 0.609375 0.828124 0.609375 0.828124 0.640624 0.830077 0.642577 0.830077 0.646485 0.832032 0.646485 0.83789 0.652343 0.839843 0.650392 0.841798 0.650392 0.845703 0.646485 0.845703 0.638673 0.843751 0.63672 0.843751 0.617186 0.83789 0.611328 0.83789 0.607421
0 0.855469 0.615236 0.849608 0.621093 0.849608 0.623047 0.847656 0.625001 0.847656 0.652343 0.849608 0.654296 0.849608 0.65625 0.851564 0.65625 0.853516 0.658203 0.863282 0.658203 0.865234 0.65625 0.865234 0.654296 0.867187 0.652343 0.867187 0.625001 0.865234 0.623047 0.865234 0.61914 0.863282 0.617186 0.863282 0.615236
0 0.882813 0.392578 0.878905 0.396486 0.878905 0.408204 0.880861 0.410155 0.880861 0.425781 0.882813 0.427735 0.882813 0.433593 0.884766 0.433593 0.888671 0.4375 0.892579 0.4375 0.894531 0.435546 0.896484 0.435546 0.896484 0.433593 0.898437 0.431642 0.898437 0.414062 0.896484 0.412109 0.896484 0.396486 0.894531 0.394532 0.894531 0.392578
0 0.728516 0.677734 0.728516 0.679687 0.726563 0.681641 0.726563 0.687499 0.728516 0.689453 0.728516 0.691406 0.730468 0.691406 0.732421 0.69336 0.734376 0.69336 0.736329 0.695314 0.740234 0.695314 0.742186 0.697264 0.744142 0.697264 0.746094 0.699218 0.748047 0.699218 0.749999 0.701171 0.757812 0.701171 0.761717 0.697264 0.761717 0.687499 0.759765 0.687499 0.757812 0.685548 0.75586 0.685548 0.753907 0.683595 0.749999 0.683595 0.748047 0.681641 0.746094 0.681641 0.744142 0.679687 0.742186 0.679687 0.740234 0.677734
0 0.734376 0.468749 0.730468 0.472656 0.728516 0.472656 0.728516 0.490233 0.730468 0.492187 0.730468 0.500001 0.732421 0.501952 0.732421 0.505859 0.742186 0.505859 0.744142 0.503905 0.744142 0.488282 0.742186 0.486329 0.742186 0.470703 0.740234 0.468749
0 0.789062 0.587891 0.787109 0.589844 0.783204 0.589844 0.783204 0.593749 0.781249 0.595702 0.781249 0.601563 0.783204 0.603517 0.783204 0.613282 0.785157 0.615236 0.785157 0.61914 0.787109 0.621093 0.787109 0.623047 0.789062 0.625001 0.79297 0.625001 0.794922 0.623047 0.798828 0.623047 0.798828 0.621093 0.80078 0.61914 0.80078 0.593749 0.798828 0.591798 0.798828 0.589844 0.796875 0.587891
0 0.931641 0.556642 0.927734 0.560546 0.925781 0.560546 0.925781 0.576172 0.927734 0.578125 0.927734 0.583983 0.929689 0.585937 0.929689 0.591798 0.931641 0.593749 0.931641 0.599609 0.941407 0.599609 0.94336 0.597656 0.94336 0.595702 0.945312 0.593749 0.945312 0.583983 0.94336 0.58203 0.94336 0.570314 0.941407 0.56836 0.941407 0.564453 0.939455 0.562499 0.939455 0.558595 0.937499 0.556642
0 0.830077 0.71289 0.828124 0.714844 0.824219 0.714844 0.822267 0.716797 0.822267 0.718751 0.820311 0.720702 0.820311 0.722655 0.818359 0.724609 0.818359 0.732421 0.820311 0.732421 0.822267 0.734374 0.824219 0.734374 0.826172 0.736328 0.828124 0.736328 0.830077 0.738281 0.832032 0.738281 0.833985 0.740235 0.835938 0.740235 0.83789 0.742189 0.839843 0.742189 0.841798 0.744139 0.845703 0.744139 0.847656 0.746093 0.849608 0.746093 0.851564 0.748047 0.853516 0.748047 0.855469 0.75 0.857421 0.75 0.859374 0.751954 0.865234 0.751954 0.86914 0.748047 0.86914 0.746093 0.871095 0.744139 0.871095 0.742189 0.873048 0.740235 0.873048 0.738281 0.871095 0.736328 0.871095 0.734374 0.86914 0.734374 0.867187 0.732421 0.865234 0.732421 0.863282 0.73047 0.861329 0.73047 0.859374 0.728516 0.857421 0.728516 0.855469 0.726563 0.853516 0.726563 0.851564 0.724609 0.849608 0.724609 0.847656 0.722655 0.845703 0.722655 0.843751 0.720702 0.841798 0.720702 0.839843 0.718751 0.83789 0.718751 0.833985 0.714844 0.832032 0.714844
0 0.777344 0.339845 0.769531 0.347657 0.769531 0.355468 0.771483 0.357422 0.771483 0.378906 0.773439 0.380859 0.773439 0.392578 0.775391 0.392578 0.779296 0.396486 0.781249 0.396486 0.783204 0.398436 0.785157 0.398436 0.787109 0.396486 0.789062 0.396486 0.789062 0.392578 0.791014 0.390625 0.791014 0.380859 0.789062 0.378906 0.789062 0.36328 0.787109 0.361329 0.787109 0.351561 0.785157 0.34961 0.785157 0.341796 0.783204 0.339845
0 0.443359 0.244141 0.429689 0.257814 0.429689 0.259764 0.427733 0.261718 0.427733 0.263671 0.425781 0.265625 0.425781 0.269532 0.427733 0.271483 0.427733 0.273437 0.429689 0.27539 0.431641 0.27539 0.435546 0.279298 0.443359 0.271483 0.443359 0.269532 0.453125 0.259764 0.453125 0.257814 0.455078 0.25586 0.455078 0.251953 0.44922 0.246095 0.445312 0.246095
9 0.025389 0.853516 0.025389 0.857423 0.027345 0.859374 0.027345 0.878907 0.035155 0.886719 0.035155 0.888672 0.048829 0.902345 0.048829 0.904298 0.058594 0.914063 0.060547 0.914063 0.072265 0.925782 0.074218 0.925782 0.082031 0.933594 0.083983 0.93164 0.085939 0.93164 0.087891 0.929687 0.089844 0.929687 0.091796 0.927736 0.093749 0.927736 0.095704 0.925782 0.095704 0.923829 0.099609 0.919921 0.099609 0.916017 0.101562 0.914063 0.101562 0.91211 0.091796 0.902345 0.091796 0.900391 0.070312 0.878907 0.070312 0.876953 0.060547 0.867188 0.058594 0.867188 0.054686 0.863281 0.052734 0.863281 0.050781 0.861327 0.048829 0.861327 0.046876 0.859374 0.042968 0.859374 0.041016 0.857423 0.039063 0.857423 0.03711 0.855469 0.027345 0.855469
0 0.458986 0.257814 0.445312 0.271483 0.445312 0.273437 0.443359 0.27539 0.443359 0.279298 0.445312 0.281251 0.447265 0.281251 0.451172 0.285155 0.455078 0.285155 0.458986 0.281251 0.460938 0.281251 0.464843 0.277344 0.466796 0.277344 0.470704 0.273437 0.472656 0.273437 0.472656 0.265625 0.470704 0.263671 0.470704 0.261718 0.468751 0.261718 0.464843 0.257814
0 0.708984 0.414062 0.707032 0.416016 0.703124 0.416016 0.703124 0.439454 0.705079 0.441407 0.705079 0.453126 0.716797 0.453126 0.71875 0.451172 0.71875 0.431642 0.716797 0.429688 0.716797 0.41797 0.714845 0.416016 0.714845 0.414062
0 0.781249 0.691406 0.779296 0.69336 0.771483 0.69336 0.765626 0.699218 0.765626 0.707032 0.767578 0.708983 0.769531 0.708983 0.771483 0.710937 0.775391 0.710937 0.777344 0.71289 0.779296 0.71289 0.781249 0.714844 0.785157 0.714844 0.787109 0.716797 0.789062 0.716797 0.791014 0.718751 0.796875 0.718751 0.80078 0.714844 0.802735 0.714844 0.802735 0.71289 0.804688 0.710937 0.804688 0.705079 0.798828 0.699218 0.796875 0.699218 0.794922 0.697264 0.791014 0.697264 0.789062 0.695314 0.787109 0.695314 0.785157 0.69336 0.783204 0.69336
0 0.712889 0.3125 0.708984 0.316408 0.707032 0.316408 0.707032 0.318358 0.705079 0.320312 0.705079 0.359376 0.707032 0.359376 0.708984 0.361329 0.71875 0.361329 0.720702 0.359376 0.720702 0.351561 0.722655 0.34961 0.722655 0.333984 0.72461 0.332031 0.72461 0.322266 0.722655 0.320312 0.722655 0.316408 0.71875 0.3125
0 0.646485 0.281251 0.642577 0.285155 0.642577 0.310547 0.64453 0.3125 0.64453 0.322266 0.646485 0.324219 0.646485 0.326173 0.648438 0.328126 0.652343 0.328126 0.658204 0.322266 0.658204 0.320312 0.660156 0.318358 0.660156 0.310547 0.658204 0.308593 0.658204 0.298828 0.656251 0.296874 0.656251 0.285155 0.654295 0.283202 0.654295 0.281251
0 0.794922 0.451172 0.789062 0.45703 0.789062 0.462891 0.791014 0.464845 0.791014 0.478514 0.79297 0.480468 0.79297 0.490233 0.794922 0.490233 0.798828 0.49414 0.802735 0.49414 0.804688 0.492187 0.806641 0.492187 0.806641 0.490233 0.808593 0.488282 0.808593 0.47461 0.806641 0.472656 0.806641 0.458984 0.804688 0.45703 0.804688 0.453126 0.802735 0.451172
9 0.308593 0.943359 0.308593 0.94922 0.310546 0.95117 0.310546 0.962889 0.312501 0.964843 0.312501 0.970704 0.320311 0.978515 0.320311 0.980469 0.330077 0.990234 0.330077 0.992188 0.335937 0.998046 0.335937 0.999999 0.341798 1 0.341798 1 0.347656 1 0.347656 1 0.353516 1 0.355469 1 0.367187 1 0.369139 1 0.38086 1 0.382813 1 0.388671 1 0.394531 1 0.394531 1 0.404297 1 0.404297 1 0.410157 1 0.404297 1 0.404297 1 0.394531 1 0.394531 1 0.384766 0.996095 0.384766 0.994141 0.376952 0.986327 0.375 0.986327 0.363282 0.974608 0.361329 0.974608 0.349608 0.962889 0.347656 0.962889 0.339842 0.955078 0.335937 0.955078 0.333985 0.953124 0.332032 0.953124 0.330077 0.95117 0.326172 0.95117 0.324219 0.94922 0.320311 0.94922 0.318359 0.947266 0.316406 0.947266 0.314453 0.945313 0.310546 0.945313
0 1 0.648438 1 0.650392 0.998045 0.650392 0.998045 0.658203 1 0.660157 1 0.664061 1 0.667969 1 0.669922 1 0.677734 1 0.679687 1 0.685548 1 0.687499 1 0.691406 1 0.691406 1 0.689453 1 0.689453 1 0.687499 1 0.685548 1 0.683595 1 0.679687 1 0.677734 1 0.67578 1 0.671876 1 0.669922 1 0.666015 1 0.664061 1 0.660157 1 0.658203 1 0.654296 1 0.652343 1 0.650392 1 0.650392 1 0.648438
0 0.716797 0.552734 0.712889 0.556642 0.710937 0.556642 0.710937 0.562499 0.712889 0.564453 0.712889 0.574218 0.714845 0.576172 0.714845 0.587891 0.716797 0.589844 0.716797 0.597656 0.730468 0.597656 0.730468 0.595702 0.732421 0.593749 0.732421 0.585937 0.730468 0.583983 0.730468 0.574218 0.728516 0.572265 0.728516 0.560546 0.726563 0.558595 0.726563 0.552734
0 0.667969 0.29297 0.664061 0.296874 0.662109 0.296874 0.662109 0.298828 0.660156 0.300782 0.660156 0.308593 0.662109 0.310547 0.662109 0.318358 0.660156 0.320312 0.660156 0.328126 0.662109 0.330077 0.662109 0.337892 0.664061 0.337892 0.666016 0.339845 0.675782 0.339845 0.677735 0.337892 0.677735 0.333984 0.679687 0.332031 0.679687 0.318358 0.677735 0.316408 0.677735 0.302735 0.675782 0.300782 0.675782 0.296874 0.673827 0.294921 0.671874 0.294921 0.669922 0.29297
9 0.064452 0.808594 0.058594 0.814452 0.056642 0.814452 0.052734 0.818359 0.052734 0.820313 0.050781 0.822267 0.050781 0.830078 0.060547 0.839843 0.060547 0.841797 0.080078 0.861327 0.080078 0.863281 0.099609 0.882811 0.099609 0.884765 0.109375 0.89453 0.117188 0.89453 0.119141 0.896484 0.123046 0.892579 0.125001 0.892579 0.126954 0.890626 0.126954 0.888672 0.128906 0.886719 0.128906 0.884765 0.132811 0.880861 0.132811 0.878907 0.134767 0.876953 0.125001 0.867188 0.125001 0.865235 0.103515 0.843751 0.103515 0.841797 0.082031 0.820313 0.082031 0.818359 0.072265 0.808594
9 0.38086 0.902345 0.367187 0.916017 0.365234 0.916017 0.353516 0.927736 0.365234 0.939452 0.367187 0.939452 0.398436 0.970704 0.398436 0.972657 0.41211 0.986327 0.416015 0.986327 0.417968 0.98828 0.419923 0.98828 0.421876 0.990234 0.425781 0.990234 0.427733 0.992188 0.429689 0.992188 0.431641 0.994141 0.445312 0.994141 0.445312 0.992188 0.447265 0.990234 0.447265 0.98828 0.44922 0.986327 0.44922 0.980469 0.447265 0.978515 0.447265 0.970704 0.435546 0.958985 0.435546 0.957031
0 0.738281 0.566407 0.738281 0.56836 0.736329 0.570314 0.736329 0.574218 0.734376 0.576172 0.734376 0.589844 0.736329 0.591798 0.736329 0.605467 0.740234 0.609375 0.748047 0.609375 0.749999 0.607421 0.751952 0.607421 0.751952 0.605467 0.753907 0.603517 0.753907 0.599609 0.751952 0.597656 0.751952 0.58203 0.753907 0.580079 0.753907 0.572265 0.751952 0.570314 0.749999 0.570314 0.746094 0.566407
0 0.49414 0.294921 0.474609 0.314454 0.474609 0.316408 0.470704 0.320312 0.470704 0.324219 0.474609 0.328126 0.476561 0.328126 0.478517 0.330077 0.482422 0.330077 0.490235 0.322266 0.490235 0.320312 0.503906 0.306639 0.503906 0.298828 0.500001 0.294921
0 0.947265 0.685548 0.947265 0.687499 0.945312 0.689453 0.945312 0.699218 0.947265 0.701171 0.947265 0.703125 0.951173 0.707032 0.951173 0.708983 0.955078 0.71289 0.955078 0.714844 0.958986 0.718751 0.958986 0.720702 0.968752 0.73047 0.972656 0.73047 0.974609 0.728516 0.976562 0.728516 0.978514 0.726563 0.98047 0.726563 0.98047 0.724609 0.982422 0.722655 0.982422 0.716797 0.98047 0.714844 0.98047 0.71289 0.976562 0.708983 0.976562 0.707032 0.970704 0.701171 0.970704 0.699218 0.966796 0.695314 0.966796 0.69336 0.962891 0.689453 0.962891 0.687499 0.960938 0.685548
0 0.849608 0.503905 0.847656 0.505859 0.841798 0.505859 0.83789 0.509766 0.83789 0.523439 0.839843 0.525389 0.839843 0.539062 0.841798 0.541015 0.841798 0.548827 0.845703 0.552734 0.849608 0.552734 0.851564 0.550781 0.855469 0.550781 0.855469 0.537108 0.853516 0.535158 0.853516 0.509766 0.851564 0.507813 0.851564 0.503905
10 0.310546 0.96875 0.294922 0.984376 0.296875 0.984376 0.298827 0.986327 0.30078 0.986327 0.302735 0.98828 0.304688 0.98828 0.320311 1 0.322267 1 0.353516 1 0.355469 1 0.373047 1 0.373047 1 0.376952 1 0.376952 1 0.378905 1 0.378905 1 0.376952 1 0.376952 1 0.375 1 0.375 1 0.371095 1 0.367187 1 0.365234 1 0.363282 1 0.361329 1 0.355469 1 0.351564 1 0.349608 1 0.341798 1 0.339842 1 0.332032 1 0.330077 1 0.324219 1 0.322267 1 0.314453 1 0.312501 1 0.29297 1 0.29297 1 0.277344 1 0.277344 1 0.275391 1 0.275391 1 0.261717 1 0.265625 1 0.267578 1 0.275391 1 0.277344 1 0.285157 1 0.287109 1 0.294922 1 0.296875 1 0.30664 1 0.308593 1 0.320311 1 0.322267 1 0.332032 1 0.333985 1 0.339842 1 0.339842 1 0.341798 1 0.341798 1 0.34375 1 0.34375 1 0.345703 1 0.345703 1 0.34375 1 0.34375 1 0.341798 1 0.341798 1 0.339842 1 0.330077 1 0.328124 1 0.326172 1 0.324219 1 0.322267 1 0.320311 1 0.318359 1 0.314453 1 0.312501 1 0.310546 1 0.308593 1 0.30664 1 0.304688 1 0.273438 1 0.271483 1 0.240234 1 0.244141 1 0.244141 1 0.249999 1 0.242189 1 0.242189 1 0.222658 1 0.22461 1 0.226563 1 0.230468 1 0.232423 1 0.238281 1 0.240234 1 0.246094 1 0.249999 1 0.251955 1 0.25586 1 0.257812 1 0.314453 1 0.302735 1 0.302735 1 0.291014 1 0.287109 1 0.285157 1 0.279296 1 0.277344 1 0.271483 1 0.26953 1 0.263673 1 0.261717 1 0.214845 1 0.214845 1 0.212892 1 0.212892 1 0.210937 1 0.197266 1 0.197266 1 0.191405 1 0.193361 1 0.195313 1 0.199218 1 0.201171 1 0.207031 1 0.216797 1 0.21875 1 0.275391 1 0.275391 1 0.273438 1 0.273438 1 0.26953 1 0.267578 1 0.261717 1 0.259765 1 0.25586 1 0.253907 1 0.249999 1 0.248047 1 0.244141 1 0.222658 1 0.220702 1 0.197266 1 0.197266 1 0.189453 1 0.189453 1 0.185548 1 0.185548 1 0.183595 1 0.183595 1 0.18164 1 0.18164 1 0.179687 1 0.179687 1 0.158203 1 0.160156 1 0.164064 1 0.166016 1 0.169921 1 0.171874 1 0.175782 1 0.197266 1 0.197266 1 0.230468 1 0.232423 1 0.244141 1 0.21875 1 0.203126 1 0.201171 1 0.152343 1 0.152343 1 0.142577 1 0.142577 1 0.140625 1 0.123046 1 0.125001 1 0.134767 1 0.138672 1 0.140625 1 0.148438 1 0.15039 1 0.158203 1 0.160156 1 0.167969 1 0.167969 1 0.173829 1 0.173829 1 0.18164 1 0.18164 1 0.189453 1 0.189453 1 0.195313 1 0.195313 1 0.199218 1 0.1875 1 0.1875 1 0.175782 1 0.134767 1 0.134767 1 0.115236 1 0.115236 1 0.109375 1 0.109375 1 0.10547 1 0.10547 1 0.097657 1 0.10547 1 0.107422 1 0.128906 1 0.128906 1 0.142577 1 0.142577 1 0.152343 1 0.152343 1 0.156251 1 0.156251 1 0.158203 1 0.158203 1 0.162108 1 0.162108 1 0.164064 1 0.164064 1 0.166016 1 0.166016 1 0.164064 1 0.156251 1 0.154298 1 0.140625 1 0.101562 1 0.099609 1 0.070312 1 0.06836 1 0.060547 1 0.060547 1 0.058594 1 0.058594 1 0.060547 1 0.062499 1 0.066407 1 0.06836 1 0.072265 1 0.074218 1 0.078126 1 0.089844 1 0.089844 1 0.107422 1 0.107422 1 0.126954 1 0.126954 1 0.136719 1 0.136719 1 0.138672 1 0.138672 1 0.126954 1 0.121093 1 0.119141 1 0.117188 1 0.11328 1 0.111328 1 0.107422 1 0.044921 1 0.044921 1 0 1 0 1 0.007814 1 0.009766 1 0.021484 1 0.023437 1 0.035155 1 0.03711 1 0.044921 1 0.044921 1 0.048829 1 0.048829 1 0.052734 1 0.052734 1 0.056642 1 0.056642 1 0.060547 1 0.060547 1 0.064452 1 0.064452 1 0.066407 1 0.066407 1 0.06836 1 0.06836 1 0.070312 1 0.070312 1 0.072265 1 0.072265 1 0.070312 1 0.070312 1 0.06836 1 0.06836 1 0.064452 1 0.050781 1 0.048829 1 0.046876 1 0.044921 1 0.041016 1 0.03125 1 0.029297 1 0 1 0 1 0 1 0 1 0 1 0 1 0 1 0 1 0 1 0 1 0 1 0 1 0 1 0 1 0 1 0 1 0 1 0 1 0 1 0 1 0 1 0 1 0.005858 1 0.007814 1 0.021484 1 0.021484 1 0.033203 1 0.033203 1 0.039063 1 0.039063 1 0.041016 1 0.041016 1 0.029297 1 0.029297 1 0.017579 1 0.011719 1 0.009766 1 0 1 0 1 0 1 0 1 0 1 0 1 0 1 0 1 0 1 0 1 0 1 0 1 0 1 0 1 0 1 0 1 0 1 0 1 0 1 0 1 0 1 0 1 0 1 0 1 0 1 0 1 0 1 0 1 0 1 0 1 0 1 0 1 0 1 0 1 0 1 0 1 0 1 0 1 0 1 0 1 0 1 0 1 0 1 0 1 0 1 0.001953 1 0 1 0 1 0 1 0 1 0 1 0 1 0 1 0 1 0 1 0 1 0 1 0 1 0 1 0 1 0 1 0 1 0 1 0 1 0 1 0 1 0 1 0 1 0 1 0 1 0 1 0 1 0 1 0 1 0 1 0 1 0 1 0 1 0 1 0 1 0 1 0 1 0 1 0 1 0 1 0 1 0 1 0 1 0 1 0 1 0 1 0 1 0 1 0 1 0 1 0 1 0 1 0 1 0 1 0 1 0 1 0 1 0 1 0 1 0 1 0 1 0 1 0 1 0 1 0 1 0 1 0 1 0 1 0 1 0 1 0 1 0 1 0 1 0 1 0 1 0 1 0 1 0 1 0 1 0 1 0 1 0 1 0.003906 1 0.005858 1 0.011719 1 0.017579 1 0.015624 1 0.011719 1 0.009766 1 0 1 0 1 0 1 0 1 0 1 0 1 0 1 0 1 0 1 0 1 0 1 0 1 0.003906 1 0.003906 1 0.029297 1 0.029297 1 0.042968 1 0.054686 1 0.052734 1 0.041016 1 0.039063 1 0.027345 1 0.025389 1 0.013671 1 0.011719 1 0 1 0 1 0 1 0 1 0 1 0 1 0 1 0 1 0 1 0 1 0 1 0 1 0 1 0 1 0 1 0 1 0 1 0 1 0 1 0 1 0 1 0 1 0 1 0 1 0 1 0 1 0.005858 1 0.017579 1 0.019532 1 0.042968 1 0.042968 1 0.070312 1 0.070312 1 0.078126 1 0.085939 1 0.085939 1 0.091796 1 0.085939 1 0.078126 1 0.076173 1 0.064452 1 0.062499 1 0.042968 1 0.042968 1 0.017579 1 0.017579 1 0.003906 1 0.027345 1 0.046876 1 0.048829 1 0.072265 1 0.072265 1 0.082031 1 0.082031 1 0.091796 1 0.091796 1 0.097657 1 0.097657 1 0.099609 1 0.099609 1 0.101562 1 0.101562 1 0.103515 1 0.103515 1 0.121093 1 0.121093 1 0.109375 1 0.107422 1 0.083983 1 0.082031 1 0.064452 1 0.064452 1 0.058594 1 0.058594 1 0.050781 1 0.050781 1 0.046876 1 0.046876 1 0.044921 1 0.044921 1 0.052734 1 0.074218 1 0.076173 1 0.082031 1 0.148438 1 0.15039 1 0.183595 1 0.183595 1 0.189453 1 0.185548 1 0.183595 1 0.175782 1 0.173829 1 0.166016 1 0.164064 1 0.146485 1 0.144533 1 0.128906 1 0.128906 1 0.126954 1 0.126954 1 0.123046 1 0.123046 1 0.121093 1 0.121093 1 0.119141 1 0.119141 1 0.117188 1 0.117188 1 0.115236 1 0.115236 1 0.11328 1 0.11328 1 0.111328 1 0.111328 1 0.109375 1 0.109375 1 0.111328 1 0.11328 1 0.117188 1 0.119141 1 0.123046 1 0.125001 1 0.126954 1 0.128906 1 0.132811 1 0.134767 1 0.138672 1 0.140625 1 0.144533 1 0.158203 1 0.158203 1 0.179687 1 0.179687 1 0.201171 1 0.201171 1 0.212892 1 0.207031 1 0.22461 1 0.220702 1 0.21875 1 0.212892 1 0.210937 1 0.205079 1 0.203126 1 0.197266 1 0.195313 1 0.140625 1 0.142577 1 0.142577 1 0.148438 1 0.148438 1 0.152343 1 0.152343 1 0.158203 1 0.158203 1 0.162108 1 0.166016 1 0.167969 1 0.171874 1 0.173829 1 0.177734 1 0.179687 1 0.185548 1 0.1875 1 0.191405 1 0.193361 1 0.197266 1 0.199218 1 0.203126 1 0.205079 1 0.212892 1 0.212892 1 0.220702 1 0.220702 1 0.230468 1 0.230468 1 0.248047 1 0.249999 1 0.259765 1 0.259765 1 0.257812 1 0.251955 1 0.249999 1 0.246094 1 0.244141 1 0.234376 1 0.232423 1 0.220702 1 0.21875 1 0.210937 1 0.210937 1 0.207031 1 0.207031 1 0.203126 1 0.203126 1 0.199218 1 0.199218 1 0.197266 1 0.197266 1 0.195313 1 0.195313 1 0.193361 1 0.193361 1 0.191405 1 0.191405 1 0.189453 1 0.189453 1 0.1875 1 0.1875 1 0.185548 1 0.185548 1 0.183595 1 0.183595 1 0.185548 1 0.1875 1 0.189453 1 0.191405 1 0.193361 1 0.195313 1 0.197266 1 0.199218 1 0.201171 1 0.203126 1 0.207031 1 0.208984 1 0.210937 1 0.212892 1 0.214845 1 0.216797 1 0.21875 1 0.222658 1 0.22461 1 0.228515 1 0.230468 1 0.234376 1 0.236328 1 0.240234 1 0.242189 1 0.251955 1 0.251955 1 0.265625 1 0.265625 1 0.279296 1 0.279296 1 0.281249 1 0.328124 1 0.326172 1 0.320311 1 0.318359 1 0.308593 1 0.30664 1 0.296875 1 0.294922 1 0.285157 1 0.285157 1 0.275391 1 0.275391 1 0.265625 1 0.265625 1 0.25586 1 0.25586 1 0.249999 1 0.25586 1 0.25586 1 0.267578 1 0.267578 1 0.275391 1 0.322267 1 0.322267 1 0.332032 1 0.332032 1 0.341798 1 0.341798 1 0.347656 1 0.347656 1 0.349608 1 0.349608 1 0.357421 1 0.357421 1 0.355469 1 0.353516 1 0.34375 1 0.34375 1 0.326172 1 0.326172 1 0.308593 1 0.308593 1 0.291014 1 0.291014 1 0.281249 1 0.294922 1 0.294922 1 0.308593 1 0.318359 1 0.318359 1 0.333985 1 0.333985 1 0.351564 1 0.351564 1 0.361329 1 0.361329 1 0.365234 1 0.365234 1 0.371095 1 0.371095 1 0.375 1 0.375 1 0.376952 1 0.376952 1 0.378905 1 0.378905 1 0.390626 1 0.390626 1 0.388671 1 0.386718 1 0.382813 1 0.38086 1 0.339842 1 0.339842 1 0.332032 1 0.332032 1 0.324219 1 0.324219 1 0.320311 1 0.320311 1 0.318359 1 0.318359 1 0.316406 1 0.316406 1 0.314453 1 0.314453 1 0.312501 1 0.312501 1 0.314453 1 0.316406 1 0.320311 1 0.322267 1 0.324219 1 0.326172 1 0.330077 1 0.332032 1 0.333985 1 0.335937 1 0.339842 1 0.341798 1 0.34375 1 0.345703 1 0.349608 1 0.351564 1 0.353516 1 0.357421 1 0.359374 1 0.363282 1 0.365234 1 0.369139 1 0.371095 1 0.375 1 0.376952 1 0.400392 1 0.402344 1 0.419923 1 0.421876 1 0.427733 1 0.427733 1 0.431641 1 0.431641 1 0.427733 1 0.425781 1 0.423828 1 0.421876 1 0.417968 1 0.416015 1 0.414062 1 0.410157 1 0.408202 1 0.402344 1 0.400392 1 0.396484 1 0.394531 1 0.388671 1 0.386718 1 0.378905 1 0.378905 1 0.373047 1 0.373047 1 0.365234 1 0.365234 1 0.361329 1 0.361329 1 0.359374 1 0.359374 1 0.357421 1 0.357421 1 0.355469 1 0.355469 1 0.353516 1 0.353516 1 0.351564 1 0.351564 1 0.349608 1 0.349608 1 0.351564 1 0.353516 1 0.355469 1 0.357421 1 0.359374 1 0.361329 1 0.365234 1 0.367187 1 0.369139 1 0.371095 1 0.373047 1 0.375 1 0.376952 1 0.378905 1 0.382813 1 0.384766 1 0.386718 1 0.388671 1 0.390626 1 0.392579 1 0.394531 1 0.398436 1 0.400392 1 0.402344 1 0.404297 1 0.408202 1 0.410157 1 0.41211 1 0.414062 1 0.417968 1 0.419923 1 0.427733 1 0.429689 1 0.453125 1 0.464843 1 0.462891 1 0.458986 1 0.45703 1 0.453125 1 0.451172 1 0.447265 1 0.445312 1 0.441407 1 0.439454 1 0.396484 1 0.396484 1 0.390626 1 0.390626 1 0.386718 1 0.386718 1 0.384766 1 0.384766 1 0.382813 1 0.382813 1 0.384766 1 0.41211 1 0.421876 1 0.423828 1 0.443359 1 0.445312 1 0.462891 1 0.464843 1 0.484374 1 0.486327 1 0.488283 1 0.490235 1 0.498048 1 0.498048 1 0.496093 1 0.474609 1 0.474609 1 0.437499 1 0.437499 1 0.417968 1 0.421876 1 0.419923 1 0.429689 1 0.429689 1 0.447265 1 0.447265 1 0.462891 1 0.462891 1 0.464843 1 0.466796 1 0.466796 1 0.476561 1 0.462891 0.98828 0.400392 1 0.396484 1 0.394531 1 0.388671 1 0.382813 1 0.38086 1 0.369139 1 0.367187 1 0.355469 1 0.353516 1 0.345703 1 0.345703 1 0.339842 1 0.339842 1 0.333985 0.999999 0.333985 0.998046 0.328124 0.992188 0.328124 0.990234 0.318359 0.980469 0.318359 0.978515 0.310546 0.970704
9 0.285157 0.984376 0.283204 0.986327 0.273438 0.986327 0.273438 0.998046 0.275391 0.999999 0.275391 1 0.277344 1 0.277344 1 0.279296 1 0.279296 1 0.294922 1 0.294922 1 0.312501 1 0.314453 1 0.322267 1 0.324219 1 0.330077 1 0.332032 1 0.339842 1 0.341798 1 0.349608 1 0.351564 1 0.355469 1 0.361329 1 0.363282 1 0.365234 1 0.367187 1 0.371095 1 0.373047 1 0.373047 1 0.375 1 0.375 1 0.376952 1 0.376952 1 0.375 1 0.375 1 0.371095 1 0.371095 1 0.355469 1 0.353516 1 0.322267 1 0.320311 1 0.304688 0.990234 0.302735 0.990234 0.30078 0.98828 0.298827 0.98828 0.296875 0.986327 0.287109 0.986327
0 0.683592 0.65625 0.679687 0.660157 0.679687 0.662111 0.677735 0.664061 0.677735 0.67383 0.68164 0.67383 0.683592 0.67578 0.685548 0.67578 0.6875 0.677734 0.691406 0.677734 0.693358 0.679687 0.697266 0.679687 0.699219 0.681641 0.701171 0.681641 0.703124 0.683595 0.707032 0.683595 0.708984 0.685548 0.712889 0.681641 0.714845 0.681641 0.714845 0.679687 0.716797 0.677734 0.716797 0.67383 0.714845 0.671876 0.714845 0.667969 0.710937 0.664061 0.707032 0.664061 0.705079 0.662111 0.701171 0.662111 0.699219 0.660157 0.695313 0.660157 0.693358 0.658203 0.689453 0.658203 0.6875 0.65625
0 0.439454 0.224611 0.435546 0.228515 0.433594 0.228515 0.429689 0.232422 0.427733 0.232422 0.423828 0.236327 0.421876 0.236327 0.414062 0.244141 0.414062 0.246095 0.406249 0.253906 0.406249 0.25586 0.404297 0.257814 0.408202 0.261718 0.408202 0.263671 0.410157 0.265625 0.417968 0.265625 0.44922 0.234376
9 0 0.93164 0 0.937501 0 0.939452 0 0.947266 0 0.94922 0 0.95117 0 0.953124 0 0.955078 0 0.958985 0 0.960939 0 0.964843 0 0.966797 0 0.96875 0 0.970704 0.001953 0.996095 0.009766 0.996095 0.011719 0.998046 0.017579 0.998046 0.019532 0.999999 0.021484 0.998046 0.025389 0.998046 0.027345 0.996095 0.03125 0.996095 0.03125 0.994141 0.033203 0.992188 0.033203 0.986327 0.035155 0.984376 0.035155 0.980469 0.033203 0.978515 0.033203 0.976562 0.029297 0.972657 0.029297 0.970704 0.023437 0.964843 0.021484 0.964843 0.013671 0.957031 0.011719 0.957031 0.005858 0.95117 0.003906 0.95117 0.001953 0.94922 0 0.94922 0 0.947266 0 0.947266 0 0.945313 0 0.945313 0 0.943359 0 0.943359 0 0.941405 0 0.941405 0 0.939452 0 0.939452 0 0.937501 0 0.937501 0 0.935547 0 0.935547 0 0.933594 0 0.933594
0 0.841798 0.367187 0.839843 0.369141 0.835938 0.369141 0.835938 0.371094 0.833985 0.373048 0.833985 0.404297 0.835938 0.406251 0.835938 0.41797 0.83789 0.419923 0.83789 0.421874 0.839843 0.421874 0.841798 0.423827 0.845703 0.423827 0.849608 0.419923 0.851564 0.419923 0.851564 0.41797 0.853516 0.416016 0.853516 0.394532 0.851564 0.392578 0.851564 0.374999 0.849608 0.373048 0.849608 0.369141 0.847656 0.367187
0 0.707032 0.45508 0.705079 0.45703 0.703124 0.45703 0.703124 0.468749 0.705079 0.470703 0.705079 0.482421 0.707032 0.484375 0.707032 0.492187 0.708984 0.49414 0.708984 0.496094 0.710937 0.498048 0.714845 0.498048 0.716797 0.496094 0.71875 0.496094 0.71875 0.49414 0.720702 0.492187 0.720702 0.490233 0.722655 0.488282 0.722655 0.478514 0.720702 0.476564 0.720702 0.462891 0.71875 0.460937 0.71875 0.45703 0.716797 0.45508
0 0.933594 0.703125 0.933594 0.707032 0.931641 0.708983 0.929689 0.708983 0.929689 0.710937 0.927734 0.71289 0.927734 0.714844 0.929689 0.716797 0.929689 0.718751 0.931641 0.720702 0.931641 0.722655 0.937499 0.728516 0.937499 0.73047 0.941407 0.734374 0.941407 0.736328 0.947265 0.742189 0.947265 0.744139 0.94922 0.746093 0.951173 0.746093 0.953125 0.748047 0.962891 0.748047 0.962891 0.744139 0.964843 0.742189 0.964843 0.736328 0.962891 0.734374 0.962891 0.732421 0.958986 0.728516 0.958986 0.726563 0.955078 0.722655 0.955078 0.720702 0.953125 0.718751 0.953125 0.716797 0.94922 0.71289 0.94922 0.710937 0.941407 0.703125
9 0 0.884765 0 0.886719 0 0.888672 0 0.892579 0 0.89453 0 0.898437 0 0.900391 0 0.904298 0 0.906249 0 0.908203 0 0.91211 0 0.914063 0.007814 0.921875 0.007814 0.923829 0.015624 0.93164 0.015624 0.933594 0.025389 0.943359 0.027345 0.943359 0.042968 0.958985 0.044921 0.958985 0.054686 0.96875 0.058594 0.964843 0.058594 0.962889 0.06836 0.953124 0.06836 0.95117 0.072265 0.947266 0.048829 0.923829 0.048829 0.921875 0.039063 0.91211 0.039063 0.910156 0.03125 0.902345 0.03125 0.900391 0.027345 0.896484 0.023437 0.896484 0.021484 0.89453 0.015624 0.89453 0.013671 0.892579 0.009766 0.892579 0.007814 0.890626 0.003906 0.890626 0.001953 0.888672 0 0.888672 0 0.886719 0 0.886719
10 0 0.697264 0 0.707032 0 0.708983 0 0.708983 0 0.718751 0 0.718751 0.001953 0.740235 0.003906 0.740235 0.03711 0.773438 0.03711 0.777345 0.039063 0.779296 0.039063 0.785157 0.041016 0.78711 0.041016 0.789064 0.039063 0.791014 0.039063 0.792968 0.03711 0.794922 0.03711 0.796875 0.035155 0.798829 0.029297 0.798829 0.027345 0.800783 0.025389 0.800783 0.025389 0.802733 0.017579 0.810548 0.017579 0.812502 0.007814 0.822267 0.007814 0.824217 0 0.832032 0 0.833985 0 0.83789 0 0.835936 0 0.835936 0 0.828125 0 0.828125 0 0.824217 0 0.824217 0 0.822267 0 0.822267 0 0.818359 0 0.818359 0 0.814452 0 0.814452 0 0.810548 0 0.810548 0 0.800783 0 0.798829 0 0.783203 0 0.783203 0 0.775392 0 0.775392 0 0.767577 0 0.767577 0 0.763673 0 0.767577 0 0.767577 0 0.769531 0 0.777345 0 0.779296 0 0.794922 0 0.796875 0 0.812502 0 0.814452 0 0.830078 0 0.832032 0 0.847655 0 0.849609 0 0.857423 0 0.900391 0 0.898437 0 0.898437 0 0.896484 0 0.896484 0 0.89453 0 0.89453 0 0.892579 0 0.892579 0 0.886719 0 0.886719 0 0.876953 0 0.876953 0 0.861327 0 0.859374 0 0.847655 0 0.845704 0 0.841797 0 0.841797 0 0.835936 0 0.835936 0 0.832032 0 0.843751 0 0.847655 0 0.847655 0 0.849609 0 0.849609 0 0.853516 0 0.853516 0 0.857423 0 0.857423 0 0.861327 0 0.861327 0 0.876953 0 0.876953 0 0.89453 0 0.896484 0 0.898437 0 0.900391 0 0.904298 0 0.906249 0 0.914063 0 0.916017 0 0.917968 0 0.919921 0 0.923829 0 0.939452 0 0.941405 0 0.947266 0 0.94922 0 0.955078 0 0.957031 0 0.962889 0 0.964843 0 0.970704 0 0.972657 0 0.976562 0 0.96875 0 0.96875 0 0.953124 0 0.953124 0 0.937501 0 0.937501 0 0.921875 0 0.921875 0 0.906249 0 0.906249 0 0.896484 0 0.917968 0 0.919921 0 0.962889 0 0.964843 0 1 0 1 0 1 0 1 0 1 0 1 0 1 0 1 0 1 0 1 0 1 0 1 0 1 0 1 0 1 0 1 0 1 0 1 0 1 0 1 0 1 0 1 0 1 0 1 0 1 0 1 0 1 0 0.994141 0 0.986327 0 0.984376 0 0.966797 0 0.964843 0 0.947266 0 0.945313 0 0.937501 0 0.94922 0 0.94922 0 0.958985 0 0.958985 0 1 0 1 0.007814 1 0.007814 1 0.009766 1 0.009766 1 0.011719 1 0.011719 1 0.013671 1 0.013671 1 0.015624 0.999999 0.011719 0.999999 0.009766 0.998046 0.001953 0.998046 0 0.970704 0 0.96875 0 0.966797 0 0.964843 0 0.960939 0 0.958985 0 0.955078 0 0.953124 0 0.943359 0 0.943359 0 0.929687 0 0.900391 0 0.900391 0 0.875 0.001953 0.880861 0.003906 0.880861 0.015624 0.892579 0.021484 0.892579 0.023437 0.89453 0.027345 0.89453 0.033203 0.900391 0.033203 0.902345 0.041016 0.910156 0.041016 0.91211 0.050781 0.921875 0.050781 0.923829 0.052734 0.923829 0.06836 0.939452 0.070312 0.939452 0.078126 0.947266 0.082031 0.943359 0.076173 0.937501 0.076173 0.935547 0.066407 0.925782 0.066407 0.923829 0.046876 0.904298 0.046876 0.902345 0.033203 0.888672 0.033203 0.886719 0.025389 0.878907 0.025389 0.876953 0.023437 0.875 0.023437 0.873046 0.013671 0.863281 0.013671 0.861327 0.007814 0.855469 0.015624 0.847655 0.015624 0.845704 0.03125 0.830078 0.03125 0.828125 0.046876 0.812502 0.046876 0.810548 0.054686 0.802733 0.060547 0.808594 0.062499 0.808594 0.064452 0.806641 0.072265 0.806641 0.083983 0.818359 0.083983 0.820313 0.10547 0.841797 0.10547 0.843751 0.126954 0.865235 0.126954 0.867188 0.132811 0.873046 0.134767 0.871092 0.136719 0.871092 0.140625 0.867188 0.142577 0.867188 0.144533 0.865235 0.146485 0.865235 0.146485 0.863281 0.138672 0.855469 0.136719 0.855469 0.126954 0.845704 0.125001 0.845704 0.103515 0.824217 0.101562 0.824217 0.085939 0.808594 0.085939 0.806641 0.083983 0.804687 0.083983 0.800783 0.082031 0.798829 0.082031 0.791014 0.070312 0.779296 0.085939 0.763673 0.087891 0.763673 0.103515 0.748047 0.10547 0.748047 0.119141 0.734374 0.121093 0.734374 0.126954 0.728516 0.125001 0.726563 0.125001 0.724609 0.119141 0.718751 0.119141 0.716797 0.117188 0.714844 0.111328 0.720702 0.109375 0.720702 0.097657 0.732421 0.095704 0.732421 0.085939 0.742189 0.083983 0.742189 0.074218 0.751954 0.072265 0.751954 0.070312 0.753908 0.070312 0.755858 0.062499 0.763673 0.060547 0.763673 0.058594 0.765626 0.056642 0.765626 0.054686 0.767577 0.052734 0.767577 0.050781 0.769531 0.046876 0.765626 0.044921 0.765626 0.039063 0.759765 0.03711 0.759765 0.03125 0.753908 0.029297 0.753908 0 0.71289 0 0.710937 0 0.708983 0 0.707032 0 0.705079 0 0.705079
0 0.998045 0.669922 0.996093 0.671876 0.992188 0.671876 0.990235 0.67383 0.990235 0.67578 0.98828 0.677734 0.98828 0.681641 0.986327 0.683595 0.986327 0.685548 0.98828 0.687499 0.98828 0.689453 0.992188 0.69336 0.992188 0.695314 0.996093 0.699218 0.996093 0.701171 0.998045 0.703125 0.998045 0.705079 1 0.708983 1 0.710937 1 0.71289 1 0.71289 1 0.710937 1 0.710937 1 0.707032 1 0.707032 1 0.701171 1 0.699218 1 0.697264 1 0.695314 1 0.69336 1 0.689453 1 0.687499 1 0.683595 1 0.681641 1 0.679687 1 0.677734
0 0.775391 0.490233 0.775391 0.49414 0.773439 0.496094 0.773439 0.513671 0.775391 0.515624 0.775391 0.525389 0.777344 0.525389 0.779296 0.527343 0.787109 0.527343 0.787109 0.523439 0.789062 0.521485 0.789062 0.509766 0.787109 0.507813 0.787109 0.492187 0.785157 0.492187 0.783204 0.490233