0 0.802733 0.748046 0.79883 0.751954 0.79883 0.753906 0.800782 0.755859 0.800782 0.759765 0.802733 0.761719 0.802733 0.763671 0.804685 0.761719 0.830078 0.761719 0.83203 0.759765 0.835939 0.759765 0.835939 0.755859 0.833982 0.753906 0.833982 0.751954 0.83203 0.75 0.83203 0.748046
6 0.763673 0.398437 0.759764 0.402343 0.757813 0.402343 0.753904 0.406251 0.751952 0.406251 0.748049 0.410156 0.746092 0.410156 0.74414 0.41211 0.740237 0.41211 0.736328 0.416016 0.734377 0.416016 0.730468 0.419922 0.728516 0.419922 0.726565 0.421876 0.726565 0.423827 0.722656 0.427735 0.722656 0.429687 0.720704 0.431641 0.720704 0.433595 0.716795 0.437501 0.714844 0.437501 0.708983 0.44336 0.707032 0.44336 0.70508 0.445312 0.70508 0.447266 0.707032 0.447266 0.708983 0.44922 0.708983 0.447266 0.712892 0.44336 0.714844 0.44336 0.718753 0.439452 0.720704 0.439452 0.722656 0.437501 0.724608 0.437501 0.726565 0.435547 0.730468 0.435547 0.73242 0.433595 0.734377 0.433595 0.73828 0.429687 0.740237 0.429687 0.740237 0.427735 0.742189 0.425781 0.742189 0.423827 0.751952 0.414062 0.753904 0.414062 0.757813 0.410156 0.759764 0.410156 0.763673 0.406251 0.765625 0.406251 0.767577 0.404297 0.765625 0.402343 0.765625 0.400391
0 0.708983 0.619141 0.708983 0.621093 0.707032 0.623047 0.707032 0.628907 0.710935 0.628907 0.712892 0.630858 0.714844 0.628907 0.73242 0.628907 0.734377 0.626953 0.734377 0.623047 0.73242 0.621093 0.73242 0.619141
0 0.810546 0.677735 0.808594 0.679687 0.804685 0.679687 0.804685 0.6875 0.810546 0.6875 0.812503 0.689452 0.833982 0.689452 0.835939 0.6875 0.83789 0.6875 0.83789 0.681641 0.835939 0.679687 0.835939 0.677735
7 0.560549 0.732421 0.558592 0.734375 0.544919 0.734375 0.544919 0.748046 0.542968 0.75 0.542968 0.761719 0.541016 0.763671 0.529295 0.763671 0.527344 0.761719 0.527344 0.753906 0.51758 0.753906 0.51758 0.77539 0.527344 0.77539 0.527344 0.771484 0.529295 0.76953 0.539064 0.76953 0.541016 0.771484 0.541016 0.787109 0.539064 0.789063 0.539064 0.804688 0.554689 0.804688 0.554689 0.789063 0.55664 0.787109 0.55664 0.773438 0.558592 0.771484 0.564452 0.771484 0.566404 0.773438 0.566404 0.771484 0.568361 0.76953 0.568361 0.767579 0.560549 0.767579 0.558592 0.765625 0.558592 0.75 0.560549 0.748046
7 0.685547 0.716796 0.685547 0.722656 0.683596 0.72461 0.683596 0.734375 0.681638 0.736329 0.681638 0.746094 0.679687 0.748046 0.679687 0.75 0.677735 0.751954 0.667966 0.751954 0.667966 0.755859 0.675784 0.755859 0.677735 0.757813 0.677735 0.777344 0.675784 0.779298 0.675784 0.796875 0.687499 0.796875 0.687499 0.791015 0.689451 0.789063 0.689451 0.779298 0.691408 0.777344 0.691408 0.767579 0.693359 0.765625 0.693359 0.761719 0.695311 0.759765 0.707032 0.759765 0.708983 0.761719 0.708983 0.765625 0.710935 0.767579 0.710935 0.773438 0.716795 0.773438 0.718753 0.77539 0.718753 0.761719 0.720704 0.759765 0.720704 0.746094 0.712892 0.746094 0.712892 0.75 0.710935 0.751954 0.710935 0.753906 0.708983 0.755859 0.695311 0.755859 0.693359 0.753906 0.693359 0.736329 0.695311 0.734375 0.695311 0.716796
0 0.69922 0.666016 0.69922 0.669922 0.697268 0.671876 0.697268 0.675781 0.69922 0.677735 0.69922 0.679687 0.701171 0.679687 0.703123 0.681641 0.70508 0.679687 0.73242 0.679687 0.73242 0.677735 0.734377 0.675781 0.734377 0.667968 0.730468 0.667968 0.728516 0.666016
6 0.816406 0.312499 0.816406 0.318359 0.818358 0.318359 0.820315 0.320313 0.824218 0.320313 0.82617 0.322265 0.828127 0.322265 0.830078 0.324219 0.833982 0.324219 0.835939 0.326173 0.83789 0.326173 0.839842 0.328124 0.839842 0.333984 0.853515 0.333984 0.855466 0.335938 0.857423 0.335938 0.859375 0.337889 0.861327 0.337889 0.863284 0.339843 0.867187 0.339843 0.869139 0.341797 0.871096 0.341797 0.873047 0.343749 0.874999 0.343749 0.876951 0.345703 0.878908 0.345703 0.880859 0.347657 0.880859 0.345703 0.882811 0.343749 0.882811 0.341797 0.880859 0.341797 0.878908 0.339843 0.876951 0.339843 0.874999 0.337889 0.873047 0.337889 0.871096 0.335938 0.867187 0.335938 0.865235 0.333984 0.863284 0.333984 0.861327 0.332032 0.859375 0.332032 0.857423 0.330078 0.855466 0.330078 0.853515 0.328124 0.851563 0.328124 0.849611 0.326173 0.847654 0.326173 0.845703 0.324219 0.843751 0.324219 0.841799 0.322265 0.83789 0.322265 0.835939 0.320313 0.833982 0.320313 0.83203 0.318359 0.830078 0.318359 0.828127 0.316407 0.82617 0.316407 0.824218 0.314453 0.818358 0.314453
0 0.695311 0.689452 0.695311 0.691406 0.693359 0.69336 0.693359 0.701171 0.695311 0.701171 0.69922 0.705077 0.730468 0.705077 0.734377 0.701171 0.734377 0.697266 0.73242 0.695312 0.73242 0.691406 0.730468 0.691406 0.728516 0.689452
7 0.289062 0.585938 0.289062 0.589843 0.287111 0.591797 0.287111 0.601563 0.285154 0.603517 0.285154 0.607422 0.283202 0.609374 0.28125 0.609374 0.28125 0.613282 0.283202 0.615234 0.283202 0.619141 0.285154 0.621093 0.283202 0.623047 0.267578 0.623047 0.265626 0.621093 0.265626 0.615234 0.263675 0.613282 0.263675 0.603517 0.261717 0.605468 0.255857 0.605468 0.255857 0.623047 0.251954 0.626953 0.251954 0.628907 0.253905 0.630858 0.253905 0.636718 0.255857 0.638672 0.255857 0.646486 0.261717 0.646486 0.261717 0.638672 0.263675 0.636718 0.263675 0.632812 0.265626 0.630858 0.283202 0.630858 0.285154 0.632812 0.283202 0.634766 0.283202 0.636718 0.28125 0.638672 0.28125 0.640626 0.279299 0.642578 0.283202 0.642578 0.285154 0.644532 0.285154 0.656251 0.287111 0.658202 0.287111 0.669922 0.289062 0.667968 0.300783 0.667968 0.300783 0.640626 0.304686 0.636718 0.304686 0.634766 0.306638 0.632812 0.310547 0.632812 0.312499 0.634766 0.314456 0.632812 0.326171 0.632812 0.326171 0.625001 0.314456 0.625001 0.312499 0.623047 0.304686 0.623047 0.302735 0.621093 0.302735 0.605468 0.300783 0.603517 0.300783 0.585938
7 0.523435 0.91211 0.521483 0.914062 0.513671 0.914062 0.513671 0.921876 0.51172 0.923827 0.51172 0.939452 0.509768 0.941406 0.509768 0.947266 0.507811 0.94922 0.494138 0.94922 0.492187 0.947266 0.492187 0.945312 0.490235 0.94336 0.490235 0.939452 0.478514 0.939452 0.478514 0.964845 0.488283 0.964845 0.488283 0.960937 0.490235 0.958985 0.490235 0.957031 0.492187 0.955079 0.505859 0.955079 0.507811 0.957031 0.507811 0.962891 0.509768 0.964845 0.509768 0.982421 0.51172 0.984375 0.51172 0.992189 0.521483 0.992189 0.521483 0.97461 0.523435 0.972656 0.523435 0.958985 0.525392 0.957031 0.535156 0.957031 0.537107 0.955079 0.537107 0.951171 0.527344 0.951171 0.525392 0.94922 0.525392 0.931641 0.523435 0.929687
0 0.796873 0.777344 0.796873 0.779298 0.794921 0.78125 0.794921 0.785155 0.79297 0.787109 0.79297 0.789063 0.79883 0.789063 0.800782 0.791015 0.828127 0.791015 0.828127 0.789063 0.830078 0.787109 0.830078 0.78125 0.828127 0.779298 0.828127 0.777344
0 0.808594 0.626953 0.804685 0.630858 0.804685 0.634766 0.808594 0.638672 0.83789 0.638672 0.83789 0.636718 0.839842 0.634766 0.839842 0.632812 0.83789 0.630858 0.83789 0.628907 0.810546 0.628907
7 0.51758 0.830078 0.51758 0.863282 0.515623 0.865233 0.498047 0.865233 0.496095 0.863282 0.496095 0.861328 0.494138 0.859374 0.494138 0.855468 0.486326 0.855468 0.486326 0.880858 0.494138 0.880858 0.494138 0.876953 0.496095 0.875001 0.496095 0.873047 0.498047 0.871093 0.513671 0.871093 0.515623 0.873047 0.515623 0.888672 0.51758 0.890626 0.51758 0.910156 0.527344 0.910156 0.527344 0.892578 0.529295 0.890626 0.529295 0.875001 0.531252 0.873047 0.541016 0.873047 0.541016 0.867188 0.539064 0.865233 0.533204 0.865233 0.531252 0.863282 0.531252 0.830078
7 0.214845 0.794923 0.214845 0.800782 0.212888 0.802734 0.212888 0.816407 0.210936 0.818359 0.210936 0.824219 0.208985 0.826172 0.199221 0.826172 0.199221 0.828124 0.197264 0.830078 0.197264 0.832032 0.199221 0.832032 0.201173 0.833984 0.208985 0.833984 0.210936 0.835938 0.210936 0.865233 0.222657 0.865233 0.222657 0.851563 0.224609 0.849609 0.224609 0.837892 0.22656 0.835938 0.23633 0.835938 0.238281 0.837892 0.238281 0.839843 0.240233 0.841797 0.240233 0.845703 0.246093 0.845703 0.246093 0.818359 0.240233 0.818359 0.238281 0.816407 0.238281 0.826172 0.23633 0.828124 0.234373 0.828124 0.232421 0.826172 0.228518 0.826172 0.22656 0.824219 0.22656 0.796875 0.216797 0.796875
0 0.808594 0.703125 0.804685 0.707031 0.804685 0.708985 0.806642 0.710937 0.806642 0.714845 0.822266 0.714845 0.824218 0.716796 0.82617 0.714845 0.83203 0.714845 0.833982 0.712891 0.833982 0.707031 0.83203 0.707031 0.830078 0.705077 0.810546 0.705077
0 0.449218 0.632812 0.447266 0.634766 0.427733 0.634766 0.421873 0.640626 0.421873 0.646486 0.425781 0.646486 0.427733 0.648437 0.449218 0.648437 0.451169 0.650391 0.455078 0.646486 0.45703 0.646486 0.45703 0.644532 0.455078 0.642578 0.455078 0.638672
7 0.218748 0.695312 0.218748 0.726561 0.216797 0.728515 0.208985 0.728515 0.208985 0.734375 0.218748 0.734375 0.220706 0.736329 0.220706 0.771484 0.234373 0.771484 0.234373 0.736329 0.23633 0.734375 0.246093 0.734375 0.248045 0.736329 0.248045 0.738281 0.250002 0.740235 0.250002 0.74414 0.251954 0.742189 0.257814 0.742189 0.257814 0.732421 0.255857 0.730469 0.255857 0.71875 0.248045 0.71875 0.248045 0.726561 0.246093 0.728515 0.23633 0.728515 0.234373 0.726561 0.234373 0.712891 0.232421 0.710937 0.232421 0.697266 0.220706 0.697266
0 0.359376 0.869141 0.349607 0.878907 0.347655 0.878907 0.339843 0.886718 0.339843 0.890626 0.341795 0.892578 0.343752 0.892578 0.347655 0.896485 0.349607 0.894532 0.353516 0.894532 0.359376 0.888672 0.359376 0.886718 0.367188 0.878907 0.367188 0.876953 0.365237 0.875001 0.365237 0.871093 0.361328 0.871093
0 0.791018 0.822265 0.791018 0.824219 0.789061 0.826172 0.789061 0.833984 0.79297 0.833984 0.794921 0.835938 0.824218 0.835938 0.824218 0.833984 0.82617 0.832032 0.82617 0.830078 0.828127 0.828124 0.82617 0.826172 0.82617 0.824219 0.824218 0.822265
0 0.79883 0.585938 0.79883 0.589843 0.800782 0.591797 0.800782 0.593749 0.802733 0.595703 0.83203 0.595703 0.83203 0.591797 0.833982 0.589843 0.833982 0.585938
0 0.697268 0.638672 0.697268 0.642578 0.695311 0.644532 0.695311 0.648437 0.697268 0.650391 0.697268 0.654297 0.70508 0.654297 0.707032 0.656251 0.708983 0.654297 0.718753 0.654297 0.720704 0.652343 0.730468 0.652343 0.730468 0.648437 0.73242 0.646486 0.73242 0.644532 0.730468 0.642578 0.730468 0.640626 0.728516 0.638672
7 0.681638 0.802734 0.681638 0.808594 0.679687 0.810548 0.679687 0.824219 0.677735 0.826172 0.677735 0.830078 0.675784 0.832032 0.666014 0.832032 0.666014 0.833984 0.664063 0.835938 0.664063 0.841797 0.675784 0.841797 0.677735 0.843749 0.677735 0.859374 0.675784 0.861328 0.675784 0.875001 0.689451 0.875001 0.689451 0.845703 0.691408 0.843749 0.707032 0.843749 0.708983 0.845703 0.708983 0.857422 0.714844 0.857422 0.714844 0.841797 0.716795 0.839843 0.716795 0.826172 0.710935 0.826172 0.710935 0.832032 0.708983 0.833984 0.708983 0.837892 0.707032 0.839843 0.703123 0.839843 0.701171 0.837892 0.695311 0.837892 0.693359 0.835938 0.693359 0.828124 0.695311 0.826172 0.695311 0.812499 0.697268 0.810548 0.697268 0.802734
7 0.322268 0.515625 0.322268 0.523438 0.320311 0.52539 0.320311 0.542969 0.318359 0.544923 0.318359 0.55078 0.316407 0.552734 0.300783 0.552734 0.298826 0.55078 0.298826 0.539063 0.289062 0.539063 0.289062 0.552734 0.287111 0.554688 0.287111 0.566407 0.294923 0.566407 0.294923 0.562499 0.298826 0.558594 0.314456 0.558594 0.316407 0.560548 0.316407 0.568359 0.318359 0.570313 0.318359 0.583984 0.320311 0.585938 0.320311 0.593749 0.332031 0.593749 0.332031 0.562499 0.333983 0.560548 0.343752 0.560548 0.343752 0.558594 0.341795 0.55664 0.341795 0.552734 0.33594 0.552734 0.333983 0.55078 0.333983 0.535155 0.33594 0.533204 0.33594 0.517579 0.324219 0.517579
7 0.396485 0.914062 0.394533 0.916016 0.390625 0.916016 0.388673 0.917968 0.384764 0.917968 0.384764 0.9375 0.382812 0.939452 0.380861 0.939452 0.378904 0.941406 0.376952 0.941406 0.376952 0.947266 0.384764 0.947266 0.386721 0.94922 0.386721 0.951171 0.384764 0.953125 0.373049 0.953125 0.373049 0.958985 0.382812 0.958985 0.384764 0.960937 0.384764 0.964845 0.382812 0.966796 0.376952 0.966796 0.376952 0.970704 0.384764 0.970704 0.386721 0.972656 0.386721 0.980469 0.388673 0.982421 0.388673 0.99414 0.402345 0.99414 0.402345 0.978515 0.400388 0.976561 0.400388 0.958985 0.402345 0.957031 0.419921 0.957031 0.421873 0.958985 0.421873 0.960937 0.42383 0.962891 0.42383 0.966796 0.433594 0.966796 0.433594 0.955079 0.431642 0.953125 0.431642 0.939452 0.421873 0.939452 0.421873 0.947266 0.419921 0.94922 0.402345 0.94922 0.400388 0.947266 0.400388 0.935546 0.398437 0.933595 0.398437 0.917968 0.396485 0.916016
7 0.218748 0.882812 0.216797 0.884766 0.214845 0.884766 0.210936 0.888672 0.208985 0.888672 0.210936 0.890626 0.210936 0.892578 0.212888 0.894532 0.212888 0.896485 0.214845 0.898437 0.214845 0.900391 0.216797 0.902343 0.216797 0.904297 0.218748 0.906251 0.218748 0.908202 0.220706 0.910156 0.220706 0.91211 0.222657 0.914062 0.222657 0.916016 0.224609 0.917968 0.224609 0.919922 0.222657 0.921876 0.220706 0.921876 0.218748 0.923827 0.216797 0.923827 0.216797 0.931641 0.218748 0.929687 0.222657 0.929687 0.224609 0.927735 0.228518 0.927735 0.230469 0.929687 0.230469 0.931641 0.234373 0.935546 0.234373 0.9375 0.238281 0.941406 0.238281 0.94336 0.24219 0.947266 0.24219 0.94922 0.246093 0.953125 0.246093 0.955079 0.248045 0.957031 0.250002 0.955079 0.251954 0.955079 0.253905 0.953125 0.255857 0.953125 0.255857 0.951171 0.253905 0.94922 0.253905 0.947266 0.251954 0.945312 0.251954 0.94336 0.250002 0.941406 0.250002 0.939452 0.248045 0.9375 0.248045 0.933595 0.246093 0.931641 0.246093 0.929687 0.244142 0.927735 0.244142 0.925781 0.24219 0.923827 0.24219 0.921876 0.240233 0.919922 0.240233 0.917968 0.24219 0.916016 0.244142 0.916016 0.248045 0.91211 0.250002 0.91211 0.253905 0.908202 0.257814 0.91211 0.257814 0.916016 0.259766 0.917968 0.259766 0.919922 0.261717 0.917968 0.267578 0.917968 0.267578 0.916016 0.265626 0.914062 0.265626 0.908202 0.263675 0.906251 0.263675 0.902343 0.261717 0.904297 0.259766 0.904297 0.257814 0.902343 0.257814 0.898437 0.255857 0.896485 0.255857 0.890626 0.250002 0.890626 0.250002 0.906251 0.248045 0.908202 0.244142 0.908202 0.24219 0.910156 0.238281 0.910156 0.23633 0.908202 0.23633 0.906251 0.230469 0.900391 0.230469 0.898437 0.22656 0.894532 0.22656 0.892578 0.220706 0.886718 0.220706 0.884766
0 0.802733 0.800782 0.800782 0.802734 0.79883 0.802734 0.79883 0.804688 0.796873 0.80664 0.796873 0.808594 0.79883 0.810548 0.79883 0.814453 0.820315 0.814453 0.822266 0.816407 0.824218 0.814453 0.82617 0.814453 0.828127 0.812499 0.830078 0.812499 0.830078 0.804688 0.828127 0.802734 0.828127 0.800782
0 0.835939 0.72461 0.833982 0.726561 0.804685 0.726561 0.800782 0.730469 0.800782 0.734375 0.802733 0.736329 0.802733 0.738281 0.804685 0.740235 0.833982 0.740235 0.835939 0.738281 0.83789 0.738281 0.83789 0.736329 0.839842 0.734375 0.839842 0.728515
0 0.822266 0.843749 0.820315 0.845703 0.785158 0.845703 0.785158 0.849609 0.783201 0.851563 0.783201 0.865233 0.791018 0.865233 0.79297 0.863282 0.824218 0.863282 0.824218 0.861328 0.82617 0.859374 0.82617 0.857422 0.828127 0.855468 0.828127 0.849609 0.82617 0.847657 0.82617 0.845703 0.824218 0.845703
0 0.800782 0.609374 0.800782 0.611328 0.79883 0.613282 0.79883 0.615234 0.800782 0.617188 0.800782 0.619141 0.804685 0.619141 0.806642 0.621093 0.83789 0.621093 0.83789 0.619141 0.839842 0.617188 0.839842 0.615234 0.83789 0.613282 0.83789 0.609374
1 0.822266 0.906251 0.820315 0.908202 0.806642 0.908202 0.806642 0.982421 0.808594 0.984375 0.808594 0.986329 0.828127 0.986329 0.828127 0.94922 0.82617 0.947266 0.82617 0.910156
0 0.835939 0.648437 0.833982 0.650391 0.804685 0.650391 0.802733 0.652343 0.802733 0.658202 0.808594 0.658202 0.810546 0.660156 0.83789 0.660156 0.83789 0.658202 0.839842 0.656251 0.839842 0.652343