8 0.605469 0.460936 0.603517 0.462889 0.599608 0.462889 0.597656 0.464842 0.597656 0.470701 0.599608 0.472654 0.599608 0.474608 0.60156 0.47656 0.603517 0.47656 0.605469 0.478518 0.607422 0.47656 0.609374 0.47656 0.611327 0.474608 0.613279 0.474608 0.613279 0.472654 0.615236 0.470701 0.615236 0.468748 0.613279 0.466795 0.613279 0.464842 0.609374 0.460936
9 0.292969 0.646485 0.291017 0.648438 0.289064 0.648438 0.287107 0.650391 0.285155 0.650391 0.283203 0.652344 0.28125 0.652344 0.271484 0.662109 0.271484 0.664062 0.253908 0.681639 0.253908 0.683592 0.234375 0.703126 0.234375 0.70508 0.224609 0.714845 0.226561 0.716798 0.226561 0.718751 0.228513 0.720704 0.228513 0.722657 0.230471 0.72461 0.230471 0.726563 0.232423 0.728516 0.240232 0.728516 0.271484 0.697267 0.271484 0.695314 0.304688 0.662109 0.304688 0.660156 0.302735 0.658203 0.302735 0.648438 0.294921 0.648438
8 0.597656 0.449218 0.597656 0.451171 0.595703 0.453124 0.595703 0.455077 0.597656 0.45703 0.597656 0.458983 0.60156 0.458983 0.603517 0.460936 0.607422 0.45703 0.607422 0.455077 0.605469 0.453124 0.605469 0.449218
9 0.425779 0.359376 0.423827 0.361329 0.41797 0.361329 0.416018 0.363281 0.410156 0.363281 0.398438 0.375 0.396485 0.375 0.378904 0.392577 0.376952 0.392577 0.359377 0.410158 0.357424 0.410158 0.341796 0.425782 0.339844 0.425782 0.322263 0.443359 0.320311 0.443359 0.294921 0.468748 0.292969 0.468748 0.277346 0.484377 0.277346 0.48633 0.273436 0.490236 0.273436 0.492189 0.271484 0.494142 0.271484 0.496095 0.267579 0.500001 0.267579 0.501954 0.265627 0.503907 0.265627 0.507813 0.263669 0.509766 0.263669 0.515625 0.261717 0.517578 0.261717 0.523437 0.259765 0.52539 0.259765 0.527343 0.263669 0.527343 0.265627 0.529296 0.267579 0.529296 0.269531 0.531249 0.310544 0.531249 0.320311 0.521484 0.322263 0.521484 0.337892 0.50586 0.339844 0.50586 0.384766 0.460936 0.384766 0.458983 0.392581 0.451171 0.392581 0.449218 0.40039 0.441406 0.40039 0.439453 0.408204 0.431641 0.408204 0.429688 0.416018 0.421876 0.416018 0.419923 0.423827 0.412111 0.423827 0.410158 0.427737 0.406252 0.427737 0.402342 0.429689 0.400389 0.429689 0.392577 0.431641 0.390624 0.431641 0.382812 0.433594 0.380859 0.433594 0.373047 0.435546 0.371094 0.435546 0.367188 0.433594 0.365235 0.431641 0.365235
9 0.765627 0.007813 0.76367 0.009766 0.759765 0.009766 0.757813 0.011719 0.753908 0.011719 0.751951 0.013672 0.749999 0.013672 0.748047 0.015625 0.744142 0.015625 0.74219 0.017578 0.73828 0.017578 0.730471 0.02539 0.728513 0.02539 0.712891 0.041014 0.712891 0.042967 0.687501 0.06836 0.687501 0.070313 0.662111 0.095702 0.662111 0.097655 0.640626 0.119143 0.640626 0.121096 0.624997 0.13672 0.624997 0.138673 0.607422 0.15625 0.607422 0.158203 0.595703 0.169921 0.595703 0.171874 0.587889 0.179686 0.587889 0.181639 0.578123 0.191408 0.578123 0.193361 0.574218 0.197267 0.574218 0.19922 0.572266 0.201173 0.572266 0.203126 0.570313 0.205079 0.570313 0.207032 0.568361 0.208985 0.568361 0.210938 0.566404 0.212891 0.566404 0.214844 0.564452 0.216797 0.564452 0.21875 0.5625 0.220703 0.5625 0.222656 0.560547 0.224609 0.560547 0.226562 0.558595 0.228515 0.558595 0.230469 0.556643 0.232421 0.558595 0.232421 0.5625 0.236328 0.564452 0.236328 0.568361 0.240234 0.570313 0.238281 0.589841 0.238281 0.591799 0.236328 0.593751 0.236328 0.595703 0.234375 0.597656 0.234375 0.599608 0.232421 0.60156 0.232421 0.603517 0.230469 0.605469 0.230469 0.607422 0.228515 0.609374 0.228515 0.611327 0.226562 0.613279 0.226562 0.615236 0.224609 0.617188 0.224609 0.619141 0.222656 0.621093 0.222656 0.623045 0.220703 0.624997 0.220703 0.632812 0.212891 0.632812 0.210938 0.650392 0.193361 0.650392 0.191408 0.671877 0.169921 0.671877 0.167968 0.699219 0.140626 0.699219 0.138673 0.728513 0.109373 0.728513 0.10742 0.755861 0.080078 0.755861 0.078125 0.769532 0.064454 0.769532 0.062501 0.771484 0.060548 0.771484 0.056642 0.773436 0.054689 0.773436 0.050783 0.775388 0.04883 0.775388 0.044924 0.777346 0.042967 0.777346 0.041014 0.779298 0.039061 0.779298 0.035155 0.78125 0.033202 0.78125 0.029296 0.783203 0.027343 0.783203 0.02539
8 0.613279 0.443359 0.611327 0.445312 0.609374 0.445312 0.609374 0.451171 0.607422 0.453124 0.609374 0.455077 0.609374 0.45703 0.611327 0.458983 0.611327 0.460936 0.613279 0.462889 0.623045 0.462889 0.626955 0.458983 0.628907 0.458983 0.628907 0.45703 0.63086 0.455077 0.63086 0.451171 0.628907 0.449218 0.628907 0.445312 0.626955 0.445312 0.624997 0.443359
9 0.267579 0.617186 0.267579 0.619139 0.265627 0.621092 0.265627 0.623049 0.263669 0.625002 0.263669 0.628908 0.265627 0.630861 0.265627 0.634767 0.267579 0.63672 0.269531 0.63672 0.275388 0.642579 0.28125 0.642579 0.283203 0.640626 0.285155 0.640626 0.285155 0.63672 0.287107 0.634767 0.287107 0.632814 0.271484 0.617186
9 0.154297 0.207032 0.154297 0.216797 0.158201 0.220703 0.160158 0.220703 0.16992 0.230469 0.171877 0.230469 0.183596 0.242187 0.185548 0.242187 0.191405 0.248046 0.201171 0.238281 0.197267 0.234375 0.195315 0.234375 0.185548 0.224609 0.183596 0.224609 0.171877 0.212891 0.16992 0.212891 0.164063 0.207032
8 0.624997 0.423829 0.623045 0.425782 0.621093 0.425782 0.619141 0.427735 0.617188 0.427735 0.615236 0.429688 0.613279 0.429688 0.613279 0.435547 0.615236 0.4375 0.615236 0.439453 0.619141 0.439453 0.621093 0.441406 0.624997 0.441406 0.626955 0.443359 0.632812 0.4375 0.63086 0.435547 0.63086 0.433594 0.628907 0.431641 0.628907 0.429688 0.626955 0.427735 0.628907 0.425782 0.626955 0.425782
0 0.759765 0.48633 0.757813 0.488283 0.757813 0.490236 0.753908 0.494142 0.753908 0.496095 0.751951 0.498048 0.753908 0.498048 0.755861 0.500001 0.757813 0.500001 0.759765 0.501954 0.761718 0.501954 0.76367 0.503907 0.76367 0.501954 0.765627 0.500001 0.765627 0.496095 0.76758 0.494142 0.76758 0.492189 0.765627 0.490236 0.76367 0.490236
9 0.261717 0.351563 0.251951 0.361329 0.249999 0.361329 0.230471 0.380859 0.228513 0.380859 0.218752 0.390624 0.218752 0.392577 0.216795 0.39453 0.216795 0.396483 0.214842 0.398436 0.214842 0.400389 0.21289 0.402342 0.21289 0.408205 0.210938 0.410158 0.210938 0.414064 0.21289 0.416017 0.21289 0.41797 0.214842 0.419923 0.214842 0.421876 0.216795 0.423829 0.228513 0.423829 0.230471 0.421876 0.234375 0.421876 0.236328 0.419923 0.242189 0.419923 0.246094 0.416017 0.246094 0.414064 0.25586 0.404295 0.25586 0.402342 0.265627 0.392577 0.265627 0.390624 0.275388 0.380859 0.275388 0.378906 0.28125 0.373047 0.28125 0.361329 0.279298 0.359376 0.277346 0.359376 0.273436 0.355469 0.269531 0.355469 0.267579 0.353517 0.263669 0.353517
9 0.261717 0.214844 0.253908 0.222656 0.253908 0.224609 0.249999 0.228515 0.249999 0.230469 0.246094 0.234375 0.246094 0.236328 0.242189 0.240234 0.242189 0.242187 0.23828 0.246093 0.23828 0.248046 0.234375 0.251952 0.234375 0.253905 0.232423 0.255858 0.232423 0.257811 0.234375 0.259764 0.234375 0.261721 0.240232 0.26758 0.242189 0.265627 0.248046 0.265627 0.249999 0.263674 0.249999 0.261721 0.251951 0.259764 0.251951 0.257811 0.25586 0.253905 0.25586 0.251952 0.257813 0.249999 0.257813 0.248046 0.259765 0.246093 0.259765 0.24414 0.263669 0.240234 0.263669 0.238281 0.265627 0.236328 0.265627 0.234375 0.269531 0.230469 0.269531 0.228515 0.271484 0.226562 0.271484 0.224609 0.273436 0.222656 0.269531 0.21875 0.269531 0.216797 0.267579 0.214844
9 0.550781 0.171874 0.544924 0.177733 0.542967 0.177733 0.539062 0.181639 0.546876 0.189455 0.550781 0.185545 0.550781 0.183592 0.556643 0.177733 0.556643 0.173827 0.552733 0.173827
8 0.58008 0.431641 0.57617 0.435547 0.57617 0.441406 0.585937 0.441406 0.587889 0.439453 0.589841 0.439453 0.589841 0.4375 0.587889 0.435547 0.587889 0.433594 0.582032 0.433594
9 0.613279 0.109373 0.611327 0.111326 0.609374 0.111326 0.605469 0.115232 0.605469 0.11719 0.599608 0.123049 0.603517 0.126955 0.613279 0.11719
9 0.476564 0.650391 0.472654 0.654297 0.478516 0.660156 0.478516 0.662109 0.482421 0.666015 0.488283 0.660156 0.484373 0.65625 0.482421 0.65625
9 0.214842 0.554689 0.210938 0.558595 0.208986 0.558595 0.205076 0.562501 0.205076 0.564454 0.203124 0.566407 0.203124 0.56836 0.201171 0.570313 0.201171 0.572266 0.199219 0.574219 0.199219 0.576172 0.197267 0.578125 0.197267 0.605468 0.199219 0.607421 0.199219 0.609374 0.201171 0.611327 0.201171 0.61328 0.203124 0.615233 0.203124 0.619139 0.205076 0.621092 0.205076 0.623049 0.207033 0.625002 0.207033 0.628908 0.208986 0.630861 0.208986 0.632814 0.210938 0.634767 0.210938 0.63672 0.21289 0.638673 0.21289 0.642579 0.214842 0.644532 0.214842 0.646485 0.216795 0.648438 0.216795 0.652344 0.218752 0.654297 0.218752 0.65625 0.220704 0.658203 0.220704 0.660156 0.222657 0.662109 0.222657 0.664062 0.224609 0.662109 0.228513 0.662109 0.230471 0.660156 0.234375 0.660156 0.236328 0.658203 0.240232 0.658203 0.242189 0.65625 0.246094 0.65625 0.248046 0.654297 0.253908 0.654297 0.25586 0.652344 0.259765 0.652344 0.261717 0.650391 0.265627 0.650391 0.267579 0.648438 0.271484 0.648438 0.271484 0.646485 0.269531 0.644532 0.269531 0.640626 0.263669 0.634767 0.263669 0.630861 0.261717 0.628908 0.261717 0.621092 0.259765 0.619139 0.259765 0.615233 0.257813 0.61328 0.257813 0.609374 0.25586 0.607421 0.25586 0.603515 0.253908 0.601562 0.253908 0.599609 0.251951 0.597656 0.251951 0.59375 0.249999 0.591796 0.249999 0.587891 0.248046 0.585937 0.248046 0.583984 0.246094 0.582031 0.246094 0.578125 0.244142 0.576172 0.244142 0.574219 0.242189 0.572266 0.242189 0.570313 0.240232 0.56836 0.240232 0.566407 0.23828 0.564454 0.23828 0.562501 0.236328 0.560548 0.234375 0.560548 0.230471 0.556642 0.228513 0.556642 0.226561 0.554689
8 0.593751 0.45703 0.591799 0.458983 0.587889 0.458983 0.585937 0.460936 0.585937 0.466795 0.587889 0.466795 0.589841 0.468748 0.593751 0.468748 0.595703 0.466795 0.595703 0.464842 0.597656 0.462889 0.597656 0.460936
8 0.837892 0.67578 0.83594 0.677733 0.83203 0.677733 0.830077 0.679686 0.826173 0.679686 0.816407 0.689451 0.816407 0.691404 0.810545 0.697267 0.810545 0.712892 0.812502 0.714845 0.812502 0.716798 0.814454 0.718751 0.814454 0.722657 0.816407 0.72461 0.816407 0.730469 0.818359 0.732422 0.818359 0.736328 0.822263 0.736328 0.824221 0.738281 0.828125 0.738281 0.830077 0.740234 0.83203 0.738281 0.849611 0.738281 0.85742 0.730469 0.85742 0.728516 0.859377 0.726563 0.859377 0.72461 0.861329 0.722657 0.861329 0.720704 0.863281 0.718751 0.863281 0.703126 0.861329 0.701173 0.861329 0.695314 0.859377 0.693361 0.859377 0.689451 0.855467 0.685545 0.853515 0.685545 0.847658 0.679686 0.843749 0.679686 0.841796 0.677733 0.839844 0.677733
9 0.480468 0.642579 0.476564 0.646485 0.488283 0.658203 0.492187 0.654297
8 0.585937 0.470701 0.585937 0.472654 0.583985 0.474608 0.583985 0.482424 0.589841 0.488283 0.595703 0.488283 0.597656 0.48633 0.599608 0.48633 0.599608 0.484377 0.60156 0.482424 0.60156 0.480471 0.599608 0.478518 0.599608 0.47656 0.597656 0.474608 0.597656 0.472654 0.593751 0.472654 0.591799 0.470701
0 0.896485 0.142579 0.896485 0.144532 0.894533 0.146485 0.894533 0.150391 0.892576 0.152344 0.892576 0.15625 0.894533 0.158203 0.894533 0.162109 0.898438 0.166015 0.90039 0.164062 0.908204 0.164062 0.908204 0.146485 0.904294 0.146485 0.902342 0.144532 0.898438 0.144532
8 0.595703 0.410158 0.585937 0.419923 0.587889 0.421876 0.587889 0.423829 0.591799 0.427735 0.591799 0.429688 0.593751 0.427735 0.597656 0.427735 0.599608 0.425782 0.603517 0.425782 0.603517 0.416017 0.60156 0.414064 0.60156 0.412111 0.597656 0.412111
8 0.599608 0.427735 0.597656 0.429688 0.593751 0.429688 0.593751 0.431641 0.591799 0.433594 0.591799 0.439453 0.593751 0.441406 0.593751 0.443359 0.595703 0.445312 0.595703 0.447265 0.607422 0.447265 0.607422 0.445312 0.609374 0.443359 0.611327 0.443359 0.613279 0.441406 0.613279 0.4375 0.611327 0.435547 0.611327 0.429688 0.609374 0.427735
8 0.624997 0.404295 0.623045 0.406252 0.623045 0.408205 0.621093 0.410158 0.621093 0.419923 0.623045 0.421876 0.623045 0.423829 0.624997 0.421876 0.632812 0.421876 0.636716 0.41797 0.636716 0.416017 0.638674 0.414064 0.638674 0.412111 0.636716 0.410158 0.636716 0.408205 0.634764 0.408205 0.63086 0.404295
9 0.300783 0.195314 0.296874 0.19922 0.294921 0.19922 0.292969 0.201173 0.292969 0.203126 0.287107 0.208985 0.287107 0.210938 0.28125 0.216797 0.28125 0.21875 0.275388 0.224609 0.275388 0.226562 0.271484 0.230469 0.271484 0.232421 0.267579 0.236328 0.267579 0.238281 0.261717 0.24414 0.261717 0.246093 0.259765 0.248046 0.259765 0.249999 0.257813 0.251952 0.257813 0.253905 0.253908 0.257811 0.253908 0.259764 0.251951 0.261721 0.251951 0.263674 0.248046 0.26758 0.246094 0.26758 0.244142 0.269533 0.244142 0.271486 0.242189 0.273439 0.242189 0.275392 0.240232 0.277345 0.240232 0.281251 0.23828 0.283204 0.23828 0.28711 0.236328 0.289063 0.236328 0.292969 0.234375 0.294922 0.234375 0.298828 0.232423 0.300781 0.232423 0.302734 0.234375 0.302734 0.236328 0.304687 0.23828 0.304687 0.240232 0.30664 0.242189 0.30664 0.244142 0.308593 0.253908 0.298828 0.25586 0.298828 0.265627 0.289063 0.265627 0.28711 0.273436 0.279298 0.273436 0.277345 0.28125 0.269533 0.28125 0.26758 0.287107 0.261721 0.287107 0.259764 0.291017 0.255858 0.291017 0.253905 0.292969 0.251952 0.292969 0.249999 0.296874 0.246093 0.296874 0.24414 0.300783 0.240234 0.300783 0.238281 0.302735 0.236328 0.302735 0.234375 0.304688 0.232421 0.304688 0.228515 0.30664 0.226562 0.30664 0.222656 0.308592 0.220703 0.308592 0.21875 0.310544 0.216797 0.310544 0.212891 0.312502 0.210938 0.312502 0.207032 0.314454 0.205079 0.314454 0.203126 0.312502 0.203126 0.310544 0.201173 0.308592 0.201173 0.304688 0.197267 0.302735 0.197267
9 0.126955 0.232421 0.126955 0.240234 0.128907 0.242187 0.128907 0.246093 0.134764 0.251952 0.136721 0.251952 0.152344 0.26758 0.154297 0.26758 0.164063 0.277345 0.167968 0.273439 0.16992 0.273439 0.175782 0.26758 0.177734 0.26758 0.179686 0.265627 0.17383 0.259764 0.171877 0.259764 0.160158 0.248046 0.158201 0.248046 0.146482 0.236328 0.14453 0.236328 0.140625 0.232421
8 0.587889 0.441406 0.585937 0.443359 0.58008 0.443359 0.58008 0.445312 0.578123 0.447265 0.578123 0.451171 0.58008 0.453124 0.58008 0.45703 0.582032 0.45703 0.583985 0.458983 0.585937 0.458983 0.587889 0.45703 0.591799 0.45703 0.593751 0.455077 0.593751 0.453124 0.595703 0.451171 0.595703 0.449218 0.593751 0.447265 0.593751 0.445312 0.591799 0.445312
9 0.470702 0.65625 0.464845 0.662109 0.46875 0.666015 0.470702 0.666015 0.476564 0.671874 0.480468 0.667968 0.474612 0.662109 0.474612 0.660156
9 0.595703 0.123049 0.591799 0.126955 0.589841 0.126955 0.582032 0.134767 0.58008 0.134767 0.574218 0.140626 0.574218 0.142579 0.568361 0.148438 0.568361 0.150391 0.564452 0.154297 0.566404 0.154297 0.568361 0.15625 0.570313 0.15625 0.574218 0.160156 0.57617 0.160156 0.578123 0.162109 0.587889 0.152344 0.589841 0.152344 0.595703 0.146485 0.595703 0.13672 0.597656 0.134767 0.597656 0.126955 0.595703 0.125002
8 0.64453 0.41797 0.642578 0.419923 0.636716 0.419923 0.628907 0.427735 0.63086 0.429688 0.63086 0.431641 0.632812 0.433594 0.632812 0.435547 0.636716 0.435547 0.638674 0.4375 0.640626 0.4375 0.642578 0.439453 0.64453 0.4375 0.646483 0.4375 0.650392 0.433594 0.650392 0.429688 0.652344 0.427735 0.652344 0.425782 0.650392 0.423829 0.650392 0.421876 0.648435 0.421876
9 0.257813 0.927735 0.257813 0.943359 0.259765 0.945312 0.259765 0.947266 0.261717 0.949219 0.261717 0.947266 0.263669 0.945312 0.263669 0.943359 0.265627 0.941406 0.265627 0.939453 0.263669 0.9375 0.263669 0.933594 0.261717 0.931641 0.261717 0.929688 0.259765 0.929688
0 0.80664 0.369141 0.80664 0.376953 0.804688 0.378906 0.804688 0.386718 0.816407 0.386718 0.816407 0.378906 0.818359 0.376953 0.818359 0.371094 0.808593 0.371094
9 0.140625 0.216797 0.140625 0.21875 0.138673 0.220703 0.138673 0.224609 0.140625 0.226562 0.140625 0.230469 0.14453 0.234375 0.146482 0.234375 0.158201 0.246093 0.160158 0.246093 0.171877 0.257811 0.17383 0.257811 0.179686 0.263674 0.185548 0.257811 0.185548 0.255858 0.191405 0.249999 0.1875 0.246093 0.185548 0.246093 0.175782 0.236328 0.17383 0.236328 0.162111 0.224609 0.160158 0.224609 0.154297 0.21875 0.142578 0.21875
9 0.181639 0.777345 0.181639 0.804687 0.183596 0.80664 0.183596 0.833983 0.185548 0.833983 0.1875 0.835936 0.189453 0.835936 0.193357 0.839846 0.195315 0.839846 0.197267 0.841799 0.199219 0.841799 0.201171 0.843752 0.201171 0.853517 0.203124 0.85547 0.203124 0.876953 0.205076 0.878906 0.205076 0.898436 0.207033 0.900389 0.207033 0.921876 0.208986 0.923829 0.208986 0.945312 0.210938 0.947266 0.210938 0.966796 0.21289 0.968749 0.21289 0.990236 0.214842 0.992189 0.214842 1 0.216795 1 0.216795 1 0.218752 1 0.218752 1 0.220704 1 0.220704 1 0.222657 1 0.222657 1 0.224609 1 0.224609 1 0.226561 1 0.226561 1 0.228513 1 0.228513 1 0.230471 1 0.230471 1 0.232423 1 0.234375 1 0.251951 1 0.253908 1 0.253908 1 0.25586 1 0.25586 1 0.257813 1 0.257813 1 0.259765 1 0.259765 1 0.261717 1 0.261717 1 0.263669 1 0.263669 1 0.265627 1 0.265627 1 0.263669 1 0.263669 1 0.261717 1 0.259765 1 0.259765 1 0.261717 1 0.261717 0.998048 0.259765 0.996095 0.259765 0.972655 0.257813 0.970702 0.257813 0.945312 0.25586 0.943359 0.25586 0.91797 0.253908 0.916017 0.253908 0.890624 0.251951 0.888671 0.251951 0.871094 0.249999 0.869141 0.249999 0.857423 0.248046 0.85547 0.248046 0.845705 0.246094 0.843752 0.246094 0.83203 0.244142 0.830076 0.244142 0.822264 0.242189 0.820311 0.242189 0.814452 0.240232 0.812499 0.240232 0.80664 0.23828 0.804687 0.23828 0.800781 0.236328 0.798828 0.236328 0.792969 0.234375 0.791016 0.234375 0.785157 0.232423 0.783204 0.232423 0.781251 0.199219 0.781251 0.197267 0.779298 0.183596 0.779298
8 0.609374 0.412111 0.607422 0.414064 0.607422 0.416017 0.605469 0.41797 0.605469 0.421876 0.609374 0.425782 0.613279 0.425782 0.615236 0.427735 0.617188 0.425782 0.619141 0.425782 0.621093 0.423829 0.621093 0.421876 0.619141 0.419923 0.619141 0.414064 0.617188 0.412111
0 0.80664 0.466795 0.80664 0.470701 0.804688 0.472654 0.804688 0.478518 0.802736 0.480471 0.802736 0.482424 0.810545 0.482424 0.810545 0.480471 0.812502 0.478518 0.812502 0.472654 0.814454 0.470701 0.814454 0.468748 0.808593 0.468748
9 0.48633 0.634767 0.48633 0.63672 0.484373 0.638673 0.484373 0.640626 0.48633 0.642579 0.488283 0.642579 0.494139 0.648438 0.496092 0.646485 0.498049 0.646485 0.500001 0.644532 0.501954 0.644532 0.500001 0.644532 0.496092 0.640626 0.494139 0.640626 0.490235 0.63672 0.488283 0.63672
9 0.560547 0.160156 0.552733 0.167968 0.554685 0.169921 0.556643 0.169921 0.560547 0.173827 0.568361 0.166015 0.568361 0.164062 0.566404 0.162109 0.566404 0.160156
9 0.285155 0.990236 0.285155 1 0.287107 1 0.287107 1 0.291017 1 0.292969 1 0.292969 1 0.291017 1 0.291017 1 0.289064 0.998048 0.289064 0.996095 0.287107 0.994142 0.287107 0.992189
9 0.375 0.203126 0.369143 0.208985 0.367186 0.208985 0.359377 0.216797 0.357424 0.216797 0.345701 0.228515 0.345701 0.230469 0.328125 0.248046 0.328125 0.249999 0.300783 0.277345 0.300783 0.289063 0.30664 0.289063 0.308592 0.291016 0.320311 0.291016 0.351562 0.259764 0.351562 0.257811 0.365233 0.24414 0.365233 0.242187 0.373048 0.234375 0.373048 0.232421 0.375 0.230469 0.375 0.228515 0.376952 0.226562 0.376952 0.222656 0.378904 0.220703 0.378904 0.21875 0.380862 0.216797 0.380862 0.214844 0.382814 0.212891 0.382814 0.210938