0 0.408206 0.488287 0.40625 0.49023 0.396484 0.49023 0.394528 0.492185 0.382818 0.492185 0.382818 0.501949 0.384762 0.503904 0.384762 0.505859 0.386717 0.503904 0.410161 0.503904 0.410161 0.492185 0.408206 0.49023
0 0.095703 0.318353 0.093748 0.320308 0.083981 0.320308 0.082025 0.322264 0.070315 0.322264 0.070315 0.324219 0.06836 0.326174 0.06836 0.332027 0.070315 0.333983 0.099614 0.333983 0.099614 0.324219 0.097659 0.322264 0.097659 0.320308
0 0.166012 0.25977 0.166012 0.261713 0.164068 0.263668 0.164068 0.273432 0.1875 0.273432 0.189456 0.275387 0.189456 0.273432 0.191412 0.271489 0.191412 0.263668 0.189456 0.261713 0.189456 0.25977
0 0.359374 0.722657 0.359374 0.724613 0.357418 0.726567 0.357418 0.730465 0.359374 0.732421 0.359374 0.736331 0.384762 0.736331 0.386717 0.738286 0.386717 0.736331 0.388673 0.734376 0.388673 0.724613 0.361329 0.724613
0 0.281254 0.60742 0.281254 0.609376 0.279298 0.611331 0.279298 0.613287 0.281254 0.61523 0.281254 0.61914 0.306642 0.61914 0.306642 0.617184 0.308598 0.61523 0.308598 0.611331 0.306642 0.609376 0.306642 0.60742
0 0.251955 0.527342 0.251955 0.541017 0.281254 0.541017 0.281254 0.527342
0 0.382818 0.775386 0.380862 0.777342 0.355474 0.777342 0.355474 0.781253 0.353518 0.783208 0.353518 0.789061 0.355474 0.791017 0.382818 0.791017
0 0.146479 0.779297 0.144535 0.781253 0.115236 0.781253 0.115236 0.789061 0.113281 0.791017 0.113281 0.792972 0.115236 0.794927 0.115236 0.79687 0.117192 0.794927 0.128902 0.794927 0.130857 0.792972 0.144535 0.792972 0.144535 0.789061 0.146479 0.787106
0 0.26562 0.457027 0.26562 0.458983 0.263677 0.460938 0.263677 0.470702 0.29102 0.470702 0.292964 0.472657 0.292964 0.470702 0.29492 0.468747 0.29492 0.462893 0.292964 0.460938 0.292964 0.457027
0 0.283197 0.623051 0.281254 0.625006 0.281254 0.632814 0.283197 0.63477 0.283197 0.636725 0.306642 0.636725 0.308598 0.638668 0.308598 0.636725 0.310541 0.63477 0.310541 0.625006 0.308598 0.623051
0 0.183589 0.375006 0.183589 0.376948 0.181646 0.378904 0.181646 0.382815 0.183589 0.38477 0.183589 0.388668 0.185545 0.386713 0.210933 0.386713 0.210933 0.375006
0 0.324219 0.47851 0.322263 0.480466 0.312497 0.480466 0.310541 0.482421 0.298831 0.482421 0.298831 0.484376 0.296875 0.486331 0.296875 0.488287 0.29492 0.49023 0.29492 0.496095 0.296875 0.494141 0.322263 0.494141 0.322263 0.492185 0.324219 0.49023 0.324219 0.488287 0.326175 0.486331 0.326175 0.484376 0.324219 0.482421
0 0.279298 0.658208 0.279298 0.660151 0.277343 0.662106 0.277343 0.666016 0.279298 0.667972 0.279298 0.669927 0.306642 0.669927 0.308598 0.667972 0.310541 0.667972 0.310541 0.662106 0.308598 0.660151 0.281254 0.660151
0 0.064448 0.337894 0.064448 0.339849 0.062505 0.341791 0.062505 0.345702 0.064448 0.347658 0.064448 0.351567 0.066404 0.349613 0.097659 0.349613 0.097659 0.343747 0.095703 0.341791 0.095703 0.337894
0 0.021483 0.726567 0.019527 0.72851 0 0.72851 0 0.730465 0 0.732421 0 0.740229 0 0.740229 0 0.738286 0.021483 0.738286 0.021483 0.736331 0.023439 0.734376 0.023439 0.730465 0.021483 0.72851
0 0.246099 0.6875 0.246099 0.689455 0.244144 0.69141 0.244144 0.693365 0.242188 0.695308 0.242188 0.701173 0.244144 0.703129 0.244144 0.705072 0.246099 0.703129 0.271487 0.703129 0.271487 0.701173 0.273443 0.699219 0.273443 0.693365 0.271487 0.69141 0.271487 0.6875
0 0.033205 0.039062 0.031249 0.041017 0.029294 0.041017 0.027338 0.042973 0.023439 0.042973 0.023439 0.056647 0.025394 0.058589 0.025394 0.074219 0.027338 0.074219 0.029294 0.076174 0.033205 0.076174 0.035161 0.074219 0.03906 0.074219 0.03906 0.058589 0.041016 0.056647 0.041016 0.042973 0.03906 0.042973 0.037104 0.041017 0.035161 0.041017
0 0.232421 0.79687 0.22851 0.80078 0.22851 0.810544 0.26562 0.810544 0.26562 0.79687 0.238276 0.79687 0.236333 0.798825 0.234377 0.79687
0 0.169923 0.246096 0.166012 0.250006 0.166012 0.257814 0.195311 0.257814 0.195311 0.255859 0.197267 0.253905 0.197267 0.246096
0 0.003906 0.888668 0.00195 0.890623 0 0.890623 0 0.892578 0 0.894533 0 0.902342 0 0.900386 0.003906 0.900386 0.005861 0.898431 0.005861 0.896488 0.007817 0.894533 0.005861 0.892578 0.005861 0.890623
0 0.173823 0.169928 0.173823 0.17187 0.171879 0.173825 0.171879 0.183589 0.173823 0.181647 0.205078 0.181647 0.205078 0.179691 0.207034 0.177736 0.207034 0.175781 0.205078 0.173825 0.205078 0.17187 0.175778 0.17187
0 0.126958 0.886724 0.125002 0.888668 0.099614 0.888668 0.099614 0.892578 0.097659 0.894533 0.097659 0.900386 0.125002 0.900386 0.126958 0.898431 0.126958 0.896488 0.128902 0.894533 0.128902 0.888668
0 0.249999 0.564455 0.249999 0.568365 0.248043 0.570308 0.248043 0.57813 0.273443 0.57813 0.275387 0.580072 0.277343 0.57813 0.277343 0.574219 0.279298 0.572263 0.279298 0.566411 0.251955 0.566411
0 0.441404 0.201175 0.439449 0.20313 0.416017 0.20313 0.416017 0.216792 0.417972 0.214849 0.44336 0.214849 0.44336 0.212893 0.445316 0.210938 0.445316 0.205073 0.44336 0.20313 0.44336 0.201175
0 0.445316 0.183589 0.44336 0.185544 0.419916 0.185544 0.419916 0.1875 0.417972 0.189456 0.417972 0.193354 0.419916 0.195308 0.419916 0.197264 0.421872 0.195308 0.447259 0.195308 0.447259 0.183589
0 0.029294 0.660151 0.029294 0.67187 0.031249 0.673825 0.031249 0.675781 0.06836 0.675781 0.06836 0.666016 0.066404 0.664062 0.066404 0.660151
0 0.154302 0.35351 0.148435 0.359376 0.148435 0.367185 0.175778 0.367185 0.175778 0.36523 0.177734 0.363286 0.177734 0.361332 0.175778 0.359376 0.175778 0.357421 0.173823 0.355466 0.156245 0.355466
0 0.158201 0.605465 0.158201 0.609376 0.156245 0.611331 0.156245 0.61914 0.183589 0.61914 0.1875 0.61523 0.1875 0.613287 0.189456 0.611331 0.189456 0.605465
0 0.439449 0.160151 0.437505 0.162107 0.429682 0.162107 0.427739 0.164062 0.421872 0.164062 0.419916 0.166017 0.412105 0.166017 0.412105 0.173825 0.416017 0.177736 0.417972 0.177736 0.419916 0.175781 0.425783 0.175781 0.427739 0.173825 0.435549 0.173825 0.437505 0.17187 0.44336 0.17187 0.44336 0.160151
0 0.220699 0.92578 0.220699 0.935544 0.218756 0.937499 0.244144 0.937499 0.246099 0.935544 0.246099 0.933589 0.248043 0.931645 0.248043 0.927736 0.246099 0.92578
0 0.267576 0.820308 0.267576 0.822264 0.26562 0.824218 0.26562 0.835938 0.267576 0.833983 0.289065 0.833983 0.289065 0.828129 0.29102 0.826174 0.29102 0.824218 0.289065 0.822264 0.289065 0.820308
0 0.201166 0.445309 0.199223 0.447264 0.177734 0.447264 0.177734 0.449219 0.175778 0.451174 0.175778 0.457027 0.177734 0.458983 0.177734 0.460938 0.17969 0.458983 0.201166 0.458983 0.201166 0.457027 0.203122 0.455072 0.203122 0.447264
0 0 0.871095 0 0.87305 0 0.875006 0 0.876948 0 0.878904 0 0.880859 0 0.882814 0 0.884769 0.005861 0.884769 0.005861 0.882814 0.007817 0.880859 0.007817 0.875006 0.005861 0.87305 0.005861 0.871095
0 0.384762 0.740229 0.382818 0.742185 0.357418 0.742185 0.357418 0.753903 0.380862 0.753903 0.382818 0.755859 0.384762 0.753903 0.384762 0.751948 0.386717 0.750005 0.386717 0.742185
0 0.085937 0.441411 0.083981 0.443366 0.070315 0.443366 0.06836 0.445309 0.054682 0.445309 0.054682 0.447264 0.052738 0.449219 0.052738 0.453129 0.050782 0.455072 0.050782 0.458983 0.085937 0.458983 0.085937 0.457027 0.087893 0.455072 0.087893 0.453129 0.089848 0.451174 0.089848 0.449219 0.087893 0.447264 0.087893 0.445309 0.085937 0.443366
0 0.326175 0.994139 0.326175 1 0.355474 1 0.355474 1 0.353518 0.99805 0.353518 0.994139
0 0.371096 0.613287 0.36914 0.61523 0.36914 0.617184 0.367184 0.61914 0.367184 0.628904 0.36914 0.626949 0.398439 0.626949 0.398439 0.623051 0.400395 0.621095 0.400395 0.617184 0.398439 0.61523 0.398439 0.613287
0 0.396484 0.082028 0.388673 0.089849 0.388673 0.091792 0.378906 0.101568 0.380862 0.103511 0.380862 0.105466 0.382818 0.107421 0.382818 0.109377 0.388673 0.109377 0.390629 0.111332 0.392572 0.111332 0.410161 0.093747 0.408206 0.091792 0.408206 0.089849 0.40625 0.087893 0.40625 0.085938 0.404294 0.083983 0.400395 0.083983 0.398439 0.082028
0 0.287109 0.535151 0.287109 0.537106 0.285153 0.539062 0.285153 0.542972 0.287109 0.544927 0.287109 0.55078 0.312497 0.55078 0.312497 0.535151
0 0.277343 0.714848 0.277343 0.716791 0.275387 0.718746 0.275387 0.726567 0.302731 0.726567 0.302731 0.724613 0.304686 0.722657 0.304686 0.716791 0.302731 0.714848
0 0.210933 0.390623 0.208989 0.392579 0.197267 0.392579 0.195311 0.394534 0.181646 0.394534 0.181646 0.396489 0.17969 0.398432 0.17969 0.406253 0.181646 0.404298 0.210933 0.404298 0.214844 0.400387 0.214844 0.398432 0.212888 0.396489 0.212888 0.392579
0 0.121091 0.667972 0.119136 0.669927 0.119136 0.67187 0.117192 0.673825 0.117192 0.681646 0.134769 0.681646 0.136725 0.683589 0.15039 0.683589 0.152346 0.685544 0.152346 0.683589 0.154302 0.681646 0.154302 0.677735 0.156245 0.675781 0.156245 0.673825 0.154302 0.67187 0.154302 0.669927 0.123047 0.669927
0 0.117192 0.724613 0.117192 0.726567 0.115236 0.72851 0.115236 0.732421 0.117192 0.734376 0.117192 0.738286 0.144535 0.738286 0.144535 0.736331 0.146479 0.734376 0.146479 0.72851 0.144535 0.726567 0.119136 0.726567
0 0.101558 0.86914 0.101558 0.871095 0.099614 0.87305 0.099614 0.882814 0.101558 0.880859 0.126958 0.880859 0.130857 0.876948 0.130857 0.871095 0.128902 0.86914
0 0.318364 0.515623 0.316408 0.517579 0.292964 0.517579 0.292964 0.521489 0.29102 0.523431 0.29102 0.531253 0.318364 0.531253 0.320308 0.529298 0.320308 0.527342 0.322263 0.525387 0.322263 0.521489 0.320308 0.519533 0.320308 0.517579
0 0.36914 0.867185 0.367184 0.86914 0.355474 0.86914 0.353518 0.871095 0.341796 0.871095 0.339841 0.87305 0.339841 0.875006 0.337885 0.876948 0.337885 0.878904 0.339841 0.880859 0.339841 0.884769 0.341796 0.882814 0.36914 0.882814
0 0.40625 0.257814 0.40625 0.267578 0.408206 0.269534 0.408206 0.271489 0.431638 0.271489 0.433594 0.273432 0.433594 0.271489 0.435549 0.269534 0.435549 0.265624 0.433594 0.263668 0.433594 0.257814
0 0.371096 0.632814 0.371096 0.636725 0.36914 0.638668 0.36914 0.650387 0.396484 0.650387 0.398439 0.652342 0.398439 0.650387 0.400395 0.648432 0.400395 0.646489 0.402339 0.644533 0.402339 0.63477 0.373051 0.63477
0 0.130857 0.851567 0.128902 0.85351 0.103514 0.85351 0.103514 0.855465 0.101558 0.857421 0.101558 0.859375 0.103514 0.861331 0.103514 0.865229 0.126958 0.865229 0.130857 0.861331 0.132813 0.861331 0.132813 0.85351
0 0.367184 0.6875 0.363285 0.69141 0.363285 0.699219 0.365229 0.701173 0.365229 0.703129 0.367184 0.701173 0.390629 0.701173 0.390629 0.697264 0.392572 0.695308 0.392572 0.689455 0.390629 0.6875
0 0.082025 0.392579 0.080082 0.394534 0.072271 0.394534 0.070315 0.396489 0.064448 0.396489 0.062505 0.398432 0.054682 0.398432 0.054682 0.406253 0.056637 0.408208 0.056637 0.410151 0.058593 0.408208 0.070315 0.408208 0.072271 0.406253 0.083981 0.406253 0.083981 0.398432 0.082025 0.396489
0 0.279298 0.892578 0.277343 0.894533 0.257809 0.894533 0.257809 0.906252 0.279298 0.906252 0.281254 0.904297 0.281254 0.898431 0.279298 0.896488
0 0.330074 0.185544 0.32813 0.1875 0.304686 0.1875 0.300787 0.191411 0.300787 0.193354 0.302731 0.195308 0.302731 0.197264 0.330074 0.197264 0.330074 0.193354 0.33203 0.191411 0.33203 0.1875
0 0.056637 0.371096 0.054682 0.373051 0.033205 0.373051 0.031249 0.375006 0.031249 0.376948 0.029294 0.378904 0.029294 0.380859 0.031249 0.382815 0.031249 0.388668 0.033205 0.386713 0.042972 0.386713 0.044927 0.38477 0.056637 0.38477
0 0.132813 0.49023 0.132813 0.496095 0.130857 0.498051 0.130857 0.503904 0.132813 0.505859 0.132813 0.509769 0.162112 0.509769 0.162112 0.507814 0.164068 0.505859 0.164068 0.498051 0.162112 0.496095 0.154302 0.496095 0.152346 0.494141 0.144535 0.494141 0.14258 0.492185 0.134769 0.492185
0 0.248043 0.908207 0.246099 0.91015 0.220699 0.91015 0.220699 0.914061 0.218756 0.916017 0.218756 0.921869 0.248043 0.921869 0.248043 0.919927 0.249999 0.917972 0.249999 0.908207
0 0 0.798825 0 0.80078 0 0.802735 0 0.804691 0 0.810544 0.015628 0.810544 0.015628 0.808589 0.017584 0.806646 0.017584 0.804691 0.015628 0.802735 0.015628 0.798825
0 0.275387 0.349613 0.275387 0.351567 0.273443 0.35351 0.273443 0.359376 0.275387 0.361332 0.275387 0.363286 0.277343 0.363286 0.279298 0.361332 0.306642 0.361332 0.306642 0.351567 0.304686 0.349613
0 0.287109 0.857421 0.285153 0.859375 0.263677 0.859375 0.263677 0.861331 0.261721 0.863286 0.261721 0.871095 0.263677 0.86914 0.287109 0.86914
0 0.148435 0.785151 0.148435 0.789061 0.146479 0.791017 0.146479 0.79687 0.144535 0.798825 0.144535 0.80078 0.171879 0.80078 0.171879 0.798825 0.173823 0.79687 0.173823 0.787106 0.15039 0.787106
0 0.302731 0.38477 0.300787 0.386713 0.273443 0.386713 0.273443 0.398432 0.300787 0.398432 0.300787 0.388668 0.302731 0.386713
0 0.058593 0.35351 0.056637 0.355466 0.033205 0.355466 0.033205 0.367185 0.035161 0.36523 0.056637 0.36523 0.056637 0.361332 0.058593 0.359376
0 0.287109 0.673825 0.283197 0.677735 0.281254 0.677735 0.281254 0.689455 0.310541 0.689455 0.310541 0.675781 0.289065 0.675781
0 0.29102 0.222657 0.289065 0.224613 0.289065 0.226568 0.287109 0.228511 0.287109 0.236332 0.320308 0.236332 0.322263 0.234376 0.322263 0.222657
0 0.119136 0.994139 0.117192 0.996095 0.093748 0.996095 0.091792 0.99805 0.089848 0.99805 0.089848 1 0.091792 1 0.093748 1 0.117192 1 0.117192 1 0.119136 1
0 0.052738 0.482421 0.052738 0.484376 0.050782 0.486331 0.050782 0.496095 0.078126 0.496095 0.082025 0.492185 0.082025 0.484376 0.080082 0.482421
0 0.193356 0.302736 0.193356 0.304691 0.191412 0.306646 0.191412 0.3125 0.193356 0.314455 0.193356 0.31641 0.226567 0.31641 0.22851 0.318353 0.22851 0.306646 0.226567 0.304691 0.226567 0.302736
0 0.042972 0.60742 0.042972 0.613287 0.044927 0.61523 0.044927 0.617184 0.046871 0.61914 0.06836 0.61914 0.06836 0.617184 0.070315 0.61523 0.070315 0.611331 0.06836 0.609376 0.044927 0.609376
0 0.214844 0.994139 0.212888 0.996095 0.212888 0.99805 0.208989 1 0.208989 1 0.236333 1 0.236333 1 0.238276 1 0.238276 0.99805 0.236333 0.996095 0.2168 0.996095
0 0.162112 0.642578 0.162112 0.654297 0.191412 0.654297 0.191412 0.642578
0 0.378906 0.070309 0.376951 0.072264 0.376951 0.074219 0.374995 0.076174 0.374995 0.07813 0.373051 0.080072 0.373051 0.082028 0.36914 0.085938 0.36914 0.087893 0.367184 0.089849 0.367184 0.091792 0.365229 0.093747 0.365229 0.095702 0.363285 0.097658 0.365229 0.097658 0.36914 0.101568 0.371096 0.101568 0.373051 0.103511 0.376951 0.099613 0.376951 0.097658 0.386717 0.087893 0.386717 0.085938 0.390629 0.082028 0.390629 0.080072 0.388673 0.07813 0.388673 0.074219 0.386717 0.074219 0.382818 0.070309
0 0 0.966791 0 0.968746 0 0.970701 0 0.97851 0.025394 0.97851 0.025394 0.976567 0.027338 0.974612 0.027338 0.966791
0 0.367184 0.667972 0.363285 0.67187 0.363285 0.683589 0.392572 0.683589 0.392572 0.679691 0.394528 0.677735 0.394528 0.673825 0.392572 0.67187 0.392572 0.669927 0.390629 0.667972
0 0.148435 0.38477 0.148435 0.386713 0.146479 0.388668 0.146479 0.398432 0.169923 0.398432 0.169923 0.390623 0.167968 0.388668 0.167968 0.386713 0.15039 0.386713
0 0.072271 0.585938 0.070315 0.587893 0.044927 0.587893 0.044927 0.601568 0.046871 0.599612 0.072271 0.599612 0.072271 0.597657 0.074215 0.595702 0.074215 0.589849 0.072271 0.587893
0 0.275387 0.72851 0.275387 0.730465 0.273443 0.732421 0.273443 0.734376 0.271487 0.736331 0.271487 0.74414 0.298831 0.74414 0.298831 0.742185 0.300787 0.740229 0.300787 0.732421 0.298831 0.730465 0.298831 0.72851
0 0.222655 0.943365 0.222655 0.945308 0.220699 0.947263 0.220699 0.949218 0.218756 0.951174 0.218756 0.955084 0.220699 0.957026 0.242188 0.957026 0.246099 0.953129 0.246099 0.951174 0.244144 0.949218 0.244144 0.943365
0 0.046871 0.207027 0.046871 0.208983 0.044927 0.210938 0.044927 0.218747 0.046871 0.220702 0.046871 0.222657 0.074215 0.222657 0.074215 0.220702 0.07617 0.218747 0.07617 0.216792 0.078126 0.214849 0.078126 0.212893 0.07617 0.210938 0.07617 0.207027
0 0.33203 0.210938 0.33203 0.212893 0.330074 0.214849 0.330074 0.224613 0.355474 0.224613 0.355474 0.222657 0.357418 0.220702 0.357418 0.210938
0 0.074215 0.500006 0.072271 0.501949 0.064448 0.501949 0.062505 0.503904 0.052738 0.503904 0.052738 0.509769 0.054682 0.511713 0.054682 0.515623 0.056637 0.513668 0.064448 0.513668 0.066404 0.511713 0.07617 0.511713 0.07617 0.500006
0 0.367184 0.650387 0.367184 0.652342 0.365229 0.654297 0.365229 0.656252 0.363285 0.658208 0.363285 0.660151 0.365229 0.662106 0.365229 0.667972 0.367184 0.666016 0.392572 0.666016 0.394528 0.664062 0.394528 0.662106 0.396484 0.660151 0.396484 0.652342 0.36914 0.652342
0 0.138669 0.857421 0.138669 0.859375 0.136725 0.861331 0.136725 0.863286 0.134769 0.865229 0.136725 0.867185 0.136725 0.86914 0.138669 0.871095 0.158201 0.871095 0.160157 0.87305 0.162112 0.871095 0.162112 0.86914 0.164068 0.867185 0.164068 0.865229 0.162112 0.863286 0.162112 0.859375 0.140624 0.859375
0 0.242188 0.726567 0.242188 0.734376 0.244144 0.736331 0.244144 0.738286 0.267576 0.738286 0.269532 0.740229 0.269532 0.736331 0.271487 0.734376 0.271487 0.726567
0 0.175778 0.464849 0.175778 0.472657 0.177734 0.474612 0.197267 0.474612 0.199223 0.476568 0.199223 0.470702 0.201166 0.468747 0.199223 0.466791 0.199223 0.464849
0 0.292964 0.798825 0.29102 0.80078 0.271487 0.80078 0.271487 0.804691 0.269532 0.806646 0.269532 0.814455 0.29492 0.814455 0.292964 0.812499
0 0.296875 0.20313 0.29492 0.205073 0.29492 0.216792 0.324219 0.216792 0.326175 0.218747 0.326175 0.205073 0.298831 0.205073
0 0.427739 0.310545 0.425783 0.3125 0.396484 0.3125 0.398439 0.314455 0.398439 0.318353 0.400395 0.320308 0.400395 0.324219 0.402339 0.322264 0.425783 0.322264 0.425783 0.318353 0.427739 0.31641
0 0.181646 0.710938 0.17969 0.712893 0.156245 0.712893 0.152346 0.716791 0.152346 0.726567 0.156245 0.726567 0.158201 0.724613 0.181646 0.724613 0.181646 0.722657 0.183589 0.720702 0.183589 0.716791 0.181646 0.714848
0 0.207034 0.408208 0.205078 0.410151 0.195311 0.410151 0.193356 0.412106 0.183589 0.412106 0.183589 0.414061 0.181646 0.416017 0.181646 0.419928 0.185545 0.423825 0.1875 0.42187 0.197267 0.42187 0.199223 0.419928 0.210933 0.419928 0.210933 0.412106 0.208989 0.410151 0.208989 0.408208
0 0.312497 0.277343 0.310541 0.279297 0.283197 0.279297 0.283197 0.281253 0.281254 0.283208 0.281254 0.289062 0.308598 0.289062 0.310541 0.291017 0.310541 0.289062 0.312497 0.287107
0 0.113281 0.742185 0.111325 0.74414 0.109381 0.74414 0.109381 0.753903 0.117192 0.753903 0.119136 0.755859 0.128902 0.755859 0.130857 0.757814 0.138669 0.757814 0.140624 0.75977 0.14258 0.757814 0.144535 0.757814 0.146479 0.755859 0.146479 0.750005 0.144535 0.748051 0.144535 0.746095 0.14258 0.74414 0.115236 0.74414
0 0.03906 0.281253 0.037104 0.283208 0.037104 0.285151 0.035161 0.287107 0.035161 0.291017 0.037104 0.292972 0.037104 0.294928 0.06836 0.294928 0.06836 0.283208 0.041016 0.283208
0 0.14258 0.460938 0.138669 0.464849 0.138669 0.472657 0.169923 0.472657 0.169923 0.468747 0.171879 0.466791 0.171879 0.462893 0.169923 0.460938
0 0.130857 0.947263 0.130857 0.949218 0.128902 0.951174 0.128902 0.958982 0.14258 0.958982 0.144535 0.960938 0.156245 0.960938 0.158201 0.962893 0.158201 0.960938 0.160157 0.958982 0.160157 0.955084 0.158201 0.953129 0.158201 0.949218 0.132813 0.949218
0 0.224611 0.849612 0.224611 0.861331 0.236333 0.861331 0.238276 0.863286 0.249999 0.863286 0.251955 0.865229 0.251955 0.851567 0.226567 0.851567
0 0.199223 0.548825 0.197267 0.55078 0.183589 0.55078 0.181646 0.552736 0.166012 0.552736 0.166012 0.556646 0.164068 0.558589 0.164068 0.564455 0.166012 0.564455 0.167968 0.5625 0.195311 0.5625 0.197267 0.560544 0.201166 0.560544 0.201166 0.55078
0 0 0.779297 0 0.781253 0 0.783208 0 0.792972 0.013672 0.792972 0.013672 0.791017 0.015628 0.789061 0.015628 0.787106 0.013672 0.785151 0.013672 0.781253 0.011716 0.779297
0 0.267576 0.779297 0.26562 0.781253 0.236333 0.781253 0.236333 0.79687 0.238276 0.794927 0.267576 0.794927
0 0.269532 0.439455 0.269532 0.441411 0.267576 0.443366 0.267576 0.447264 0.26562 0.449219 0.26562 0.453129 0.296875 0.453129 0.296875 0.441411 0.271487 0.441411
0 0.136725 0.890623 0.136725 0.894533 0.134769 0.896488 0.134769 0.906252 0.140624 0.906252 0.14258 0.904297 0.164068 0.904297 0.164068 0.902342 0.166012 0.900386 0.166012 0.892578 0.138669 0.892578
0 0.031249 0.91015 0.029294 0.912106 0.009761 0.912106 0.007817 0.914061 0.007817 0.916017 0.005861 0.917972 0.005861 0.919927 0.007817 0.921869 0.007817 0.92578 0.009761 0.923825 0.035161 0.923825 0.035161 0.916017 0.033205 0.914061 0.033205 0.912106
0 0.249999 0.54687 0.248043 0.548825 0.248043 0.560544 0.277343 0.560544 0.279298 0.5625 0.279298 0.552736 0.277343 0.55078 0.277343 0.54687
0 0.058593 0.42578 0.058593 0.427736 0.056637 0.429691 0.056637 0.433589 0.054682 0.435545 0.054682 0.4375 0.082025 0.4375 0.083981 0.439455 0.083981 0.42578
0 0.021483 0.74414 0.019527 0.746095 0 0.746095 0 0.755859 0.019527 0.755859 0.021483 0.757814 0.021483 0.755859 0.023439 0.753903 0.023439 0.748051 0.021483 0.746095
0 0.412105 0.218747 0.412105 0.220702 0.410161 0.222657 0.410161 0.230465 0.416017 0.230465 0.417972 0.232421 0.423827 0.232421 0.425783 0.234376 0.431638 0.234376 0.433594 0.236332 0.435549 0.234376 0.435549 0.230465 0.437505 0.228511 0.437505 0.222657 0.425783 0.222657 0.423827 0.220702 0.414061 0.220702
0 0.199223 0.496095 0.197267 0.498051 0.167968 0.498051 0.167968 0.513668 0.171879 0.513668 0.173823 0.511713 0.185545 0.511713 0.1875 0.509769 0.199223 0.509769 0.199223 0.505859 0.201166 0.503904 0.201166 0.498051
0 0.195311 0.281253 0.195311 0.29687 0.232421 0.29687 0.232421 0.292972 0.234377 0.291017 0.234377 0.287107 0.232421 0.285151 0.232421 0.283208 0.230466 0.281253
0 0.148435 0.765623 0.148435 0.779297 0.171879 0.779297 0.173823 0.781253 0.173823 0.779297 0.175778 0.777342 0.175778 0.775386 0.177734 0.773432 0.177734 0.767578 0.15039 0.767578
0 0.173823 0.189456 0.171879 0.191411 0.171879 0.193354 0.169923 0.195308 0.169923 0.197264 0.171879 0.199219 0.171879 0.20313 0.199223 0.20313 0.201166 0.205073 0.201166 0.201175 0.203122 0.199219 0.203122 0.191411 0.175778 0.191411
0 0.146479 0.822264 0.146479 0.826174 0.144535 0.828129 0.144535 0.835938 0.167968 0.835938 0.169923 0.837893 0.169923 0.824218 0.167968 0.822264
0 0.154302 0.333983 0.154302 0.337894 0.152346 0.339849 0.152346 0.347658 0.181646 0.347658 0.185545 0.343747 0.185545 0.341791 0.183589 0.339849 0.183589 0.333983
0 0.101558 0.904297 0.099614 0.906252 0.099614 0.908207 0.097659 0.91015 0.097659 0.916017 0.099614 0.917972 0.123047 0.917972 0.123047 0.916017 0.125002 0.914061 0.125002 0.912106 0.126958 0.91015 0.126958 0.906252 0.103514 0.906252
0 0.064448 0.263668 0.062505 0.265624 0.03906 0.265624 0.03906 0.267578 0.037104 0.269534 0.037104 0.273432 0.03906 0.275387 0.03906 0.279297 0.041016 0.277343 0.06836 0.277343 0.06836 0.267578
0 0.384762 0.470702 0.382818 0.472657 0.378906 0.472657 0.378906 0.486331 0.380862 0.486331 0.382818 0.484376 0.412105 0.484376 0.412105 0.472657 0.386717 0.472657
0 0.082025 0.251949 0.082025 0.265624 0.083981 0.263668 0.103514 0.263668 0.103514 0.25977 0.101558 0.257814 0.101558 0.255859 0.099614 0.253905 0.099614 0.251949
0 0 0.949218 0 0.951174 0 0.953129 0 0.960938 0.023439 0.960938 0.025394 0.958982 0.027338 0.958982 0.027338 0.957026 0.025394 0.955084 0.025394 0.953129 0.023439 0.951174 0.023439 0.949218
0 0.152346 0.36914 0.15039 0.371096 0.15039 0.373051 0.148435 0.375006 0.148435 0.380859 0.15039 0.382815 0.171879 0.382815 0.173823 0.38477 0.177734 0.380859 0.17969 0.380859 0.17969 0.376948 0.177734 0.375006 0.177734 0.373051 0.166012 0.373051 0.164068 0.371096 0.154302 0.371096
0 0.14258 0.839848 0.14258 0.841791 0.140624 0.843746 0.140624 0.845702 0.138669 0.847656 0.138669 0.85351 0.162112 0.85351 0.164068 0.851567 0.166012 0.851567 0.166012 0.839848
0 0.130857 0.548825 0.130857 0.558589 0.132813 0.560544 0.132813 0.5625 0.134769 0.5625 0.136725 0.560544 0.148435 0.560544 0.15039 0.558589 0.162112 0.558589 0.162112 0.548825
0 0.025394 0.80078 0.025394 0.802735 0.023439 0.804691 0.023439 0.806646 0.021483 0.808589 0.023439 0.810544 0.023439 0.812499 0.025394 0.814455 0.044927 0.814455 0.046871 0.81641 0.046871 0.804691 0.037104 0.804691 0.035161 0.802735 0.027338 0.802735
0 0.013672 0.87305 0.011716 0.875006 0.011716 0.876948 0.009761 0.878904 0.009761 0.886724 0.011716 0.888668 0.03906 0.888668 0.03906 0.886724 0.041016 0.884769 0.041016 0.875006 0.015628 0.875006
0 0.359374 0.056647 0.357418 0.058589 0.357418 0.060545 0.355474 0.0625 0.355474 0.064455 0.353518 0.066411 0.353518 0.068354 0.351563 0.070309 0.351563 0.072264 0.349607 0.074219 0.349607 0.07813 0.347651 0.080072 0.347651 0.082028 0.343752 0.085938 0.349607 0.091792 0.359374 0.091792 0.361329 0.089849 0.361329 0.087893 0.363285 0.085938 0.363285 0.083983 0.367184 0.080072 0.367184 0.07813 0.36914 0.076174 0.36914 0.074219 0.373051 0.070309 0.373051 0.068354 0.374995 0.066411 0.374995 0.064455 0.376951 0.0625 0.374995 0.060545 0.373051 0.060545 0.371096 0.058589 0.36914 0.058589 0.367184 0.056647
0 0.324219 0.443366 0.322263 0.445309 0.302731 0.445309 0.300787 0.447264 0.300787 0.451174 0.298831 0.453129 0.298831 0.455072 0.300787 0.457027 0.300787 0.458983 0.302731 0.457027 0.326175 0.457027 0.326175 0.455072 0.32813 0.453129 0.32813 0.451174 0.326175 0.449219 0.326175 0.445309
0 0.021483 0.822264 0.019527 0.824218 0.019527 0.832027 0.044927 0.832027 0.046871 0.833983 0.046871 0.832027 0.048827 0.830084 0.048827 0.822264
0 0.255854 0.507814 0.255854 0.517579 0.25391 0.519533 0.25391 0.521489 0.277343 0.521489 0.279298 0.523431 0.283197 0.523431 0.283197 0.521489 0.285153 0.519533 0.285153 0.515623 0.283197 0.513668 0.275387 0.513668 0.273443 0.511713 0.267576 0.511713 0.26562 0.509769 0.257809 0.509769
0 0.410161 0.402342 0.408206 0.404298 0.40625 0.404298 0.404294 0.406253 0.402339 0.406253 0.400395 0.408208 0.400395 0.414061 0.402339 0.412106 0.421872 0.412106 0.423827 0.410151 0.423827 0.406253 0.421872 0.404298 0.421872 0.402342
0 0.162112 0.677735 0.160157 0.679691 0.160157 0.681646 0.158201 0.683589 0.158201 0.689455 0.160157 0.69141 0.185545 0.69141 0.185545 0.689455 0.1875 0.6875 0.1875 0.683589 0.185545 0.681646 0.185545 0.677735
0 0.33203 0.957026 0.33203 0.970701 0.357418 0.970701 0.359374 0.972657 0.359374 0.962893 0.361329 0.960938 0.347651 0.960938 0.345708 0.958982 0.333986 0.958982
0 0.201166 0.531253 0.199223 0.533208 0.185545 0.533208 0.183589 0.535151 0.169923 0.535151 0.169923 0.539062 0.167968 0.541017 0.167968 0.544927 0.169923 0.54687 0.169923 0.548825 0.171879 0.54687 0.205078 0.54687 0.205078 0.535151
0 0.416017 0.435545 0.414061 0.4375 0.402339 0.4375 0.400395 0.439455 0.388673 0.439455 0.388673 0.451174 0.390629 0.453129 0.392572 0.451174 0.404294 0.451174 0.40625 0.449219 0.419916 0.449219 0.419916 0.439455
0 0.425783 0.111332 0.419916 0.117186 0.417972 0.117186 0.410161 0.124994 0.408206 0.124994 0.404294 0.128904 0.40625 0.130859 0.40625 0.132815 0.410161 0.136713 0.410161 0.140624 0.412105 0.138668 0.414061 0.138668 0.417972 0.13477 0.419916 0.13477 0.421872 0.132815 0.423827 0.132815 0.425783 0.130859 0.427739 0.130859 0.431638 0.126949 0.433594 0.126949 0.433594 0.11914
0 0.396484 0.416017 0.392572 0.419928 0.392572 0.427736 0.394528 0.429691 0.416017 0.429691 0.416017 0.42187 0.414061 0.419928 0.40625 0.419928 0.404294 0.417972 0.398439 0.417972
0 0.050782 0.388668 0.048827 0.390623 0.023439 0.390623 0.021483 0.392579 0.021483 0.394534 0.019527 0.396489 0.019527 0.398432 0.021483 0.400387 0.021483 0.404298 0.023439 0.402342 0.035161 0.402342 0.037104 0.400387 0.050782 0.400387
0 0.912114 0.123051 0.910158 0.124994 0.908203 0.124994 0.906247 0.126949 0.902348 0.126949 0.898436 0.130859 0.898436 0.132815 0.900392 0.13477 0.900392 0.136713 0.902348 0.138668 0.902348 0.142579 0.904291 0.144534 0.904291 0.14649 0.906247 0.148432 0.906247 0.152343 0.908203 0.154298 0.908203 0.156253 0.910158 0.158208 0.910158 0.160151 0.914058 0.160151 0.916013 0.158208 0.919925 0.158208 0.921881 0.156253 0.923824 0.156253 0.923824 0.152343 0.921881 0.150387 0.921881 0.148432 0.919925 0.14649 0.919925 0.142579 0.917969 0.140624 0.917969 0.136713 0.916013 0.13477 0.916013 0.132815 0.914058 0.130859 0.914058 0.126949 0.912114 0.124994
0 0.349607 0.810544 0.349607 0.812499 0.347651 0.814455 0.347651 0.820308 0.349607 0.822264 0.349607 0.826174 0.374995 0.826174 0.374995 0.814455 0.373051 0.812499 0.373051 0.810544
0 0.138669 0.476568 0.136725 0.47851 0.136725 0.488287 0.162112 0.488287 0.164068 0.49023 0.167968 0.486331 0.167968 0.47851 0.140624 0.47851
0 0.257809 0.875006 0.257809 0.876948 0.255854 0.878904 0.255854 0.880859 0.25391 0.882814 0.25391 0.884769 0.255854 0.886724 0.255854 0.888668 0.283197 0.888668 0.283197 0.876948 0.259765 0.876948
0 0.117192 0.976567 0.115236 0.97851 0.093748 0.97851 0.091792 0.980465 0.091792 0.986331 0.093748 0.988286 0.117192 0.988286 0.119136 0.986331 0.121091 0.986331 0.121091 0.980465
0 0.140624 0.708982 0.138669 0.710938 0.115236 0.710938 0.115236 0.712893 0.113281 0.714848 0.113281 0.716791 0.115236 0.718746 0.115236 0.720702 0.117192 0.722657 0.138669 0.722657 0.138669 0.720702 0.140624 0.718746
0 0.046871 0.42187 0.044927 0.423825 0.015628 0.423825 0.015628 0.435545 0.017584 0.433589 0.046871 0.433589 0.046871 0.429691 0.048827 0.427736 0.048827 0.42578 0.046871 0.423825
0 0.128902 0.583982 0.128902 0.587893 0.126958 0.589849 0.126958 0.593746 0.128902 0.595702 0.156245 0.595702 0.156245 0.583982
0 0.005861 0.927736 0.005861 0.943365 0.007817 0.94141 0.031249 0.94141 0.033205 0.939455 0.033205 0.931645 0.031249 0.929691 0.007817 0.929691
0 0.281254 0.640624 0.279298 0.642578 0.277343 0.642578 0.277343 0.652342 0.281254 0.656252 0.308598 0.656252 0.310541 0.658208 0.310541 0.654297 0.312497 0.652342 0.312497 0.644533 0.310541 0.642578 0.283197 0.642578
0 0.031249 0.335938 0.031249 0.339849 0.029294 0.341791 0.029294 0.345702 0.031249 0.347658 0.031249 0.349613 0.058593 0.349613 0.058593 0.345702 0.060549 0.343747 0.060549 0.341791 0.058593 0.339849 0.058593 0.337894 0.056637 0.335938
0 0.152346 0.597657 0.15039 0.599612 0.140624 0.599612 0.138669 0.601568 0.126958 0.601568 0.126958 0.603511 0.125002 0.605465 0.125002 0.61523 0.154302 0.61523 0.154302 0.611331 0.156245 0.609376 0.156245 0.601568
0 0.261721 0.492185 0.261721 0.494141 0.263677 0.496095 0.263677 0.503904 0.292964 0.503904 0.292964 0.492185 0.26562 0.492185 0.263677 0.494141
0 0.322263 0.04687 0.322263 0.048826 0.320308 0.050781 0.320308 0.052736 0.318364 0.054692 0.318364 0.058589 0.316408 0.060545 0.316408 0.064455 0.314453 0.066411 0.314453 0.074219 0.318364 0.074219 0.320308 0.076174 0.326175 0.076174 0.32813 0.07813 0.32813 0.076174 0.330074 0.074219 0.330074 0.070309 0.33203 0.068354 0.33203 0.0625 0.333986 0.060545 0.333986 0.056647 0.335941 0.054692 0.335941 0.050781 0.333986 0.050781 0.330074 0.04687
0 0.380862 0.507814 0.380862 0.521489 0.382818 0.519533 0.412105 0.519533 0.412105 0.509769 0.414061 0.507814
0 0.312497 0.35351 0.312497 0.355466 0.310541 0.357421 0.310541 0.363286 0.308598 0.36523 0.308598 0.367185 0.310541 0.36914 0.337885 0.36914 0.339841 0.371096 0.341796 0.36914 0.341796 0.36523 0.339841 0.363286 0.339841 0.355466 0.337885 0.35351
0 0.365229 0.886724 0.363285 0.888668 0.353518 0.888668 0.351563 0.890623 0.339841 0.890623 0.339841 0.902342 0.365229 0.902342 0.365229 0.900386 0.367184 0.898431 0.367184 0.896488 0.36914 0.894533 0.367184 0.892578 0.367184 0.890623 0.365229 0.888668
0 0.275387 0.601568 0.273443 0.603511 0.246099 0.603511 0.246099 0.613287 0.248043 0.611331 0.273443 0.611331 0.275387 0.613287
0 0.941401 0.232421 0.939458 0.234376 0.937502 0.234376 0.933591 0.238287 0.931635 0.238287 0.931635 0.24023 0.933591 0.242186 0.933591 0.24414 0.935546 0.246096 0.935546 0.248051 0.937502 0.250006 0.937502 0.251949 0.939458 0.253905 0.939458 0.255859 0.941401 0.257814 0.941401 0.25977 0.943357 0.261713 0.943357 0.263668 0.945313 0.265624 0.945313 0.267578 0.951168 0.267578 0.953124 0.265624 0.955079 0.265624 0.955079 0.261713 0.957035 0.25977 0.957035 0.253905 0.955079 0.251949 0.955079 0.250006 0.953124 0.248051 0.953124 0.246096 0.951168 0.24414 0.951168 0.24023 0.949224 0.238287 0.949224 0.236332 0.947269 0.234376 0.947269 0.232421
0 0.281254 0.589849 0.281254 0.591792 0.283197 0.593746 0.283197 0.605465 0.306642 0.605465 0.306642 0.589849
0 0.324219 0.248051 0.324219 0.255859 0.326175 0.257814 0.326175 0.261713 0.349607 0.261713 0.349607 0.257814 0.351563 0.255859 0.351563 0.253905 0.349607 0.251949 0.349607 0.250006 0.347651 0.248051
0 0.052738 0.044928 0.044927 0.052736 0.044927 0.076174 0.060549 0.076174 0.060549 0.060545 0.062505 0.058589 0.062505 0.044928
0 0.287109 0.552736 0.287109 0.566411 0.289065 0.564455 0.314453 0.564455 0.314453 0.554691 0.312497 0.552736
0 0.218756 0.976567 0.218756 0.97851 0.2168 0.980465 0.2168 0.988286 0.238276 0.988286 0.240232 0.99023 0.240232 0.97851 0.220699 0.97851
0 0.132813 0.044928 0.132813 0.060545 0.130857 0.0625 0.130857 0.076174 0.144535 0.076174 0.144535 0.060545 0.146479 0.058589 0.146479 0.044928
0 0.044927 0.570308 0.044927 0.57813 0.046871 0.580072 0.046871 0.582027 0.048827 0.580072 0.074215 0.580072 0.074215 0.572263 0.072271 0.570308
0 0.249999 0.61914 0.249999 0.628904 0.251955 0.630859 0.251955 0.632814 0.275387 0.632814 0.275387 0.61914
0 0.414061 0.097658 0.408206 0.103511 0.40625 0.103511 0.398439 0.111332 0.396484 0.111332 0.392572 0.11523 0.392572 0.117186 0.394528 0.11914 0.394528 0.123051 0.396484 0.124994 0.400395 0.124994 0.402339 0.123051 0.404294 0.123051 0.408206 0.11914 0.410161 0.11914 0.414061 0.11523 0.416017 0.11523 0.419916 0.111332 0.421872 0.111332 0.421872 0.109377 0.419916 0.107421 0.419916 0.105466 0.417972 0.103511 0.417972 0.101568 0.416017 0.099613 0.416017 0.097658
0 0.308598 0.042973 0.306642 0.044928 0.304686 0.044928 0.302731 0.04687 0.300787 0.04687 0.300787 0.052736 0.298831 0.054692 0.298831 0.064455 0.296875 0.066411 0.296875 0.072264 0.312497 0.072264 0.312497 0.066411 0.314453 0.064455 0.314453 0.054692 0.316408 0.052736 0.316408 0.04687 0.314453 0.044928 0.310541 0.044928
0 0.173823 0.482421 0.173823 0.484376 0.171879 0.486331 0.171879 0.496095 0.173823 0.494141 0.199223 0.494141 0.201166 0.492185 0.203122 0.492185 0.203122 0.482421
0 0.273443 0.3125 0.273443 0.314455 0.271487 0.31641 0.271487 0.318353 0.269532 0.320308 0.269532 0.322264 0.271487 0.324219 0.271487 0.328129 0.306642 0.328129 0.306642 0.326174 0.308598 0.324219 0.308598 0.314455 0.275387 0.314455
0 0.326175 0.228511 0.326175 0.230465 0.324219 0.232421 0.324219 0.24023 0.353518 0.24023 0.355474 0.242186 0.355474 0.24023 0.353518 0.238287 0.353518 0.232421 0.351563 0.230465 0.351563 0.228511
0 0.132813 0.933589 0.128902 0.937499 0.128902 0.943365 0.156245 0.943365 0.158201 0.94141 0.158201 0.933589
0 0.248043 0.669927 0.248043 0.67187 0.246099 0.673825 0.246099 0.685544 0.273443 0.685544 0.273443 0.683589 0.275387 0.681646 0.275387 0.67187 0.249999 0.67187
0 0.083981 0.152343 0.082025 0.154298 0.070315 0.154298 0.06836 0.156253 0.054682 0.156253 0.054682 0.166017 0.083981 0.166017 0.083981 0.164062 0.085937 0.162107 0.085937 0.158208 0.083981 0.156253
0 0 0.904297 0 0.906252 0 0.908207 0 0.912106 0 0.914061 0 0.916017 0 0.919927 0.003906 0.919927 0.003906 0.917972 0.005861 0.916017 0.005861 0.914061 0.007817 0.912106 0.007817 0.91015 0.005861 0.908207 0.005861 0.906252 0 0.906252
0 0.32813 0.974612 0.32813 0.986331 0.330074 0.988286 0.355474 0.988286 0.357418 0.99023 0.357418 0.988286 0.359374 0.986331 0.359374 0.976567 0.330074 0.976567
0 0.099614 0.300781 0.097659 0.302736 0.072271 0.302736 0.070315 0.304691 0.06836 0.304691 0.06836 0.314455 0.097659 0.314455 0.103514 0.308589 0.103514 0.306646 0.101558 0.304691 0.101558 0.302736
0 0.236333 0.761724 0.236333 0.769534 0.238276 0.771489 0.238276 0.777342 0.240232 0.775386 0.267576 0.775386 0.267576 0.771489 0.269532 0.769534 0.269532 0.763667 0.267576 0.761724
0 0.435549 0.275387 0.433594 0.277343 0.40625 0.277343 0.40625 0.281253 0.408206 0.283208 0.408206 0.287107 0.410161 0.287107 0.412105 0.285151 0.437505 0.285151 0.437505 0.283208 0.435549 0.281253
0 0.140624 0.875006 0.138669 0.876948 0.138669 0.878904 0.136725 0.880859 0.136725 0.882814 0.134769 0.884769 0.134769 0.888668 0.166012 0.888668 0.166012 0.876948 0.14258 0.876948
0 0.009761 0.509769 0.009761 0.513668 0.011716 0.515623 0.011716 0.521489 0.017584 0.521489 0.019527 0.523431 0.025394 0.523431 0.027338 0.525387 0.031249 0.525387 0.033205 0.527342 0.03906 0.527342 0.041016 0.529298 0.041016 0.519533 0.037104 0.519533 0.035161 0.517579 0.031249 0.517579 0.029294 0.515623 0.023439 0.515623 0.021483 0.513668 0.017584 0.513668 0.015628 0.511713 0.011716 0.511713
0 0.259765 0.837893 0.259765 0.839848 0.257809 0.841791 0.257809 0.849612 0.259765 0.851567 0.285153 0.851567 0.285153 0.843746 0.283197 0.841791 0.283197 0.837893
0 0.40625 0.291017 0.40625 0.292972 0.404294 0.294928 0.404294 0.302736 0.431638 0.302736 0.433594 0.304691 0.433594 0.302736 0.435549 0.300781 0.435549 0.291017
0 0.17969 0.732421 0.177734 0.734376 0.15039 0.734376 0.15039 0.748051 0.152346 0.746095 0.181646 0.746095 0.181646 0.734376
0 0.222655 0.320308 0.220699 0.322264 0.208989 0.322264 0.207034 0.324219 0.193356 0.324219 0.193356 0.335938 0.195311 0.335938 0.197267 0.333983 0.224611 0.333983 0.224611 0.332027 0.226567 0.330072 0.226567 0.328129 0.224611 0.326174 0.224611 0.320308
0 0.101558 0.283208 0.099614 0.285151 0.07617 0.285151 0.07617 0.287107 0.074215 0.289062 0.074215 0.291017 0.07617 0.292972 0.07617 0.29687 0.103514 0.29687 0.103514 0.287107 0.101558 0.285151
0 0.347651 0.847656 0.347651 0.849612 0.345708 0.851567 0.345708 0.85351 0.343752 0.855465 0.343752 0.863286 0.367184 0.863286 0.36914 0.865229 0.373051 0.861331 0.373051 0.859375 0.374995 0.857421 0.374995 0.85351 0.373051 0.851567 0.373051 0.847656
0 0.435549 0.140624 0.433594 0.142579 0.429682 0.142579 0.427739 0.144534 0.423827 0.144534 0.421872 0.14649 0.417972 0.14649 0.416017 0.148432 0.412105 0.148432 0.412105 0.150387 0.410161 0.152343 0.412105 0.154298 0.412105 0.158208 0.414061 0.156253 0.421872 0.156253 0.423827 0.154298 0.429682 0.154298 0.431638 0.152343 0.439449 0.152343 0.439449 0.150387 0.441404 0.148432 0.441404 0.14649 0.439449 0.144534 0.439449 0.142579 0.437505 0.142579
0 0.218756 0.886724 0.214844 0.890623 0.214844 0.896488 0.2168 0.898431 0.2168 0.900386 0.246099 0.900386 0.246099 0.898431 0.248043 0.896488 0.248043 0.886724
0 0.218756 0.867185 0.2168 0.86914 0.2168 0.871095 0.214844 0.87305 0.214844 0.875006 0.212888 0.876948 0.212888 0.880859 0.22851 0.880859 0.230466 0.882814 0.242188 0.882814 0.244144 0.884769 0.244144 0.882814 0.246099 0.880859 0.246099 0.876948 0.248043 0.875006 0.248043 0.871095 0.234377 0.871095 0.232421 0.86914 0.220699 0.86914
0 0.087893 0.408208 0.085937 0.410151 0.072271 0.410151 0.070315 0.412106 0.056637 0.412106 0.056637 0.416017 0.054682 0.417972 0.054682 0.419928 0.056637 0.42187 0.056637 0.423825 0.058593 0.423825 0.060549 0.42187 0.089848 0.42187 0.093748 0.417972 0.091792 0.416017 0.091792 0.414061 0.089848 0.412106 0.089848 0.410151
0 0.046871 0.402342 0.044927 0.404298 0.029294 0.404298 0.027338 0.406253 0.009761 0.406253 0.009761 0.42187 0.011716 0.419928 0.021483 0.419928 0.023439 0.417972 0.035161 0.417972 0.037104 0.416017 0.046871 0.416017 0.046871 0.412106 0.048827 0.410151 0.048827 0.406253 0.046871 0.404298
0 0.113281 0.195308 0.111325 0.197264 0.085937 0.197264 0.085937 0.208983 0.113281 0.208983 0.113281 0.207027 0.115236 0.205073 0.115236 0.201175 0.113281 0.199219
0 0.031249 0.318353 0.029294 0.320308 0.029294 0.330072 0.062505 0.330072 0.062505 0.318353
0 0.158201 0.298826 0.154302 0.302736 0.154302 0.308589 0.156245 0.310545 0.156245 0.3125 0.183589 0.3125 0.183589 0.302736 0.181646 0.300781 0.160157 0.300781
0 0.279298 0.332027 0.279298 0.335938 0.277343 0.337894 0.277343 0.341791 0.279298 0.343747 0.279298 0.347658 0.281254 0.345702 0.308598 0.345702 0.308598 0.339849 0.310541 0.337894 0.310541 0.332027
0 0.115236 0.140624 0.113281 0.142579 0.089848 0.142579 0.089848 0.150387 0.091792 0.152343 0.091792 0.154298 0.115236 0.154298
0 0.248043 0.656252 0.248043 0.666016 0.246099 0.667972 0.248043 0.667972 0.249999 0.666016 0.275387 0.666016 0.275387 0.656252
0 0.148435 0.404298 0.146479 0.406253 0.146479 0.408208 0.144535 0.410151 0.144535 0.417972 0.175778 0.417972 0.17969 0.414061 0.17969 0.408208 0.166012 0.408208 0.164068 0.406253 0.15039 0.406253
0 0.074215 0.224613 0.072271 0.226568 0.046871 0.226568 0.046871 0.228511 0.044927 0.230465 0.044927 0.242186 0.046871 0.24023 0.060549 0.24023 0.062505 0.238287 0.07617 0.238287 0.07617 0.234376 0.078126 0.232421 0.078126 0.228511 0.07617 0.226568 0.07617 0.224613
0 0.374995 0.580072 0.374995 0.593746 0.400395 0.593746 0.400395 0.580072
0 0.093748 0.962893 0.093748 0.974612 0.117192 0.974612 0.117192 0.970701 0.119136 0.968746 0.119136 0.962893
0 0.111325 0.814455 0.111325 0.818366 0.109381 0.820308 0.109381 0.828129 0.138669 0.828129 0.138669 0.824218 0.140624 0.822264 0.140624 0.81641 0.113281 0.81641
0 0.144535 0.419928 0.14258 0.42187 0.14258 0.423825 0.138669 0.427736 0.138669 0.435545 0.169923 0.435545 0.171879 0.4375 0.173823 0.435545 0.173823 0.42187 0.146479 0.42187
0 0.2168 0.339849 0.214844 0.341791 0.203122 0.341791 0.201166 0.343747 0.1875 0.343747 0.1875 0.355466 0.2168 0.355466 0.2168 0.351567 0.218756 0.349613 0.218756 0.343747 0.2168 0.341791
0 0.03906 0.300781 0.03906 0.302736 0.037104 0.304691 0.037104 0.314455 0.064448 0.314455 0.064448 0.310545 0.066404 0.308589 0.066404 0.304691 0.064448 0.302736 0.064448 0.300781
0 0.402339 0.525387 0.400395 0.527342 0.378906 0.527342 0.378906 0.539062 0.40625 0.539062 0.40625 0.531253 0.404294 0.529298 0.404294 0.527342
0 0.433594 0.238287 0.431638 0.24023 0.408206 0.24023 0.408206 0.242186 0.40625 0.24414 0.40625 0.246096 0.404294 0.248051 0.404294 0.250006 0.40625 0.251949 0.40625 0.253905 0.408206 0.251949 0.433594 0.251949 0.433594 0.250006 0.435549 0.248051 0.435549 0.24023
0 0.085937 0.462893 0.083981 0.464849 0.06836 0.464849 0.066404 0.466791 0.050782 0.466791 0.050782 0.476568 0.087893 0.476568 0.087893 0.466791 0.085937 0.464849
0 0.287109 0.25977 0.287109 0.261713 0.285153 0.263668 0.285153 0.275387 0.312497 0.275387 0.314453 0.277343 0.314453 0.273432 0.316408 0.271489 0.316408 0.265624 0.314453 0.263668 0.314453 0.261713 0.289065 0.261713
0 0.242188 0.173825 0.240232 0.175781 0.208989 0.175781 0.208989 0.177736 0.207034 0.179691 0.207034 0.183589 0.208989 0.185544 0.208989 0.189456 0.244144 0.189456 0.244144 0.175781
0 0.378906 0.558589 0.374995 0.5625 0.374995 0.564455 0.376951 0.566411 0.376951 0.572263 0.402339 0.572263 0.404294 0.574219 0.404294 0.572263 0.40625 0.570308 0.40625 0.560544 0.380862 0.560544
0 0.156245 0.31641 0.156245 0.318353 0.154302 0.320308 0.154302 0.330072 0.185545 0.330072 0.185545 0.318353 0.158201 0.318353
0 0.117192 0.158208 0.115236 0.160151 0.087893 0.160151 0.087893 0.162107 0.085937 0.164062 0.085937 0.17187 0.113281 0.17187 0.115236 0.169928 0.115236 0.167972 0.117192 0.166017
0 0.339841 0.904297 0.337885 0.906252 0.337885 0.917972 0.363285 0.917972 0.363285 0.916017 0.365229 0.914061 0.365229 0.906252 0.341796 0.906252
0 0.007817 0.042973 0.007817 0.056647 0.005861 0.058589 0.005861 0.070309 0.011716 0.070309 0.015628 0.074219 0.021483 0.074219 0.021483 0.044928 0.013672 0.044928 0.011716 0.042973
0 0.123047 0.654297 0.123047 0.658208 0.121091 0.660151 0.121091 0.662106 0.123047 0.664062 0.123047 0.666016 0.146479 0.666016 0.148435 0.667972 0.148435 0.664062 0.152346 0.660151 0.148435 0.656252 0.125002 0.656252
0 0.146479 0.441411 0.14258 0.445309 0.14258 0.451174 0.144535 0.453129 0.144535 0.455072 0.146479 0.453129 0.167968 0.453129 0.169923 0.451174 0.169923 0.441411
0 0.035161 0.892578 0.033205 0.894533 0.011716 0.894533 0.011716 0.896488 0.009761 0.898431 0.009761 0.904297 0.033205 0.904297 0.035161 0.902342 0.03906 0.902342 0.03906 0.900386 0.037104 0.898431 0.037104 0.896488 0.035161 0.894533
0 0.335941 0.921869 0.335941 0.92578 0.333986 0.927736 0.333986 0.929691 0.335941 0.931645 0.335941 0.933589 0.337885 0.935544 0.36914 0.935544 0.36914 0.931645 0.367184 0.929691 0.367184 0.921869
0 0.322263 0.460938 0.320308 0.462893 0.300787 0.462893 0.300787 0.472657 0.302731 0.474612 0.304686 0.472657 0.326175 0.472657 0.326175 0.470702 0.324219 0.468747 0.324219 0.466791 0.322263 0.464849
0 0.115236 0.80078 0.115236 0.802735 0.113281 0.804691 0.113281 0.812499 0.144535 0.812499 0.144535 0.808589 0.146479 0.806646 0.146479 0.802735 0.144535 0.802735 0.14258 0.80078
0 0.160157 0.513668 0.158201 0.515623 0.132813 0.515623 0.132813 0.519533 0.130857 0.521489 0.130857 0.529298 0.158201 0.529298 0.158201 0.527342 0.160157 0.525387 0.160157 0.521489 0.162112 0.519533 0.162112 0.517579 0.160157 0.515623
0 0.36914 0.595702 0.36914 0.597657 0.367184 0.599612 0.367184 0.601568 0.365229 0.603511 0.365229 0.611331 0.398439 0.611331 0.398439 0.597657 0.371096 0.597657
0 0.197267 0.566411 0.195311 0.568365 0.166012 0.568365 0.166012 0.572263 0.164068 0.574219 0.164068 0.583982 0.197267 0.583982 0.197267 0.580072 0.199223 0.57813 0.199223 0.572263 0.197267 0.570308
0 0.019527 0.441411 0.019527 0.443366 0.017584 0.445309 0.017584 0.447264 0.015628 0.449219 0.015628 0.457027 0.046871 0.457027 0.046871 0.453129 0.048827 0.451174 0.048827 0.441411
0 0.337885 0.943365 0.335941 0.945308 0.335941 0.947263 0.33203 0.951174 0.33203 0.955084 0.359374 0.955084 0.361329 0.957026 0.363285 0.955084 0.363285 0.945308 0.339841 0.945308
0 0.249999 0.63477 0.249999 0.648432 0.271487 0.648432 0.275387 0.652342 0.275387 0.638668 0.263677 0.638668 0.261721 0.636725 0.251955 0.636725
0 0.083981 0.177736 0.083981 0.193354 0.085937 0.191411 0.113281 0.191411 0.113281 0.181647 0.111325 0.179691 0.111325 0.177736
0 0.222655 0.830084 0.222655 0.835938 0.220699 0.837893 0.220699 0.845702 0.25391 0.845702 0.255854 0.847656 0.255854 0.841791 0.257809 0.839848 0.257809 0.835938 0.255854 0.833983 0.255854 0.832027 0.224611 0.832027
0 0.304686 0.427736 0.304686 0.439455 0.306642 0.441411 0.330074 0.441411 0.330074 0.439455 0.32813 0.4375 0.32813 0.427736
0 0.306642 0.693365 0.304686 0.695308 0.279298 0.695308 0.279298 0.697264 0.277343 0.699219 0.277343 0.703129 0.279298 0.705072 0.279298 0.710938 0.281254 0.708982 0.292964 0.708982 0.29492 0.707027 0.308598 0.707027 0.308598 0.693365
0 0.029294 0.712893 0.029294 0.726567 0.031249 0.72851 0.031249 0.730465 0.056637 0.730465 0.056637 0.726567 0.058593 0.724613 0.058593 0.722657 0.056637 0.720702 0.056637 0.718746 0.054682 0.716791 0.054682 0.712893
0 0.166012 0.279297 0.162112 0.283208 0.162112 0.289062 0.164068 0.291017 0.164068 0.292972 0.189456 0.292972 0.189456 0.291017 0.191412 0.289062 0.191412 0.281253 0.189456 0.279297
0 0.103514 0.833983 0.103514 0.847656 0.132813 0.847656 0.134769 0.849612 0.134769 0.841791 0.136725 0.839848 0.136725 0.835938 0.105469 0.835938
0 0.042972 0.248051 0.042972 0.250006 0.041016 0.251949 0.041016 0.25977 0.070315 0.25977 0.070315 0.257814 0.072271 0.255859 0.072271 0.251949 0.074215 0.250006 0.072271 0.248051
0 0.123047 0.636725 0.123047 0.650387 0.125002 0.652342 0.15039 0.652342 0.15039 0.650387 0.152346 0.648432 0.152346 0.638668 0.125002 0.638668
0 0.060549 0.355466 0.060549 0.359376 0.058593 0.361332 0.058593 0.36914 0.060549 0.371096 0.062505 0.36914 0.093748 0.36914 0.093748 0.367185 0.091792 0.36523 0.091792 0.359376 0.089848 0.357421 0.089848 0.355466
0 0.080082 0.269534 0.078126 0.271489 0.078126 0.281253 0.080082 0.279297 0.103514 0.279297 0.103514 0.277343 0.105469 0.275387 0.105469 0.269534
0 0.240232 0.74414 0.238276 0.746095 0.238276 0.748051 0.236333 0.750005 0.236333 0.753903 0.234377 0.755859 0.234377 0.757814 0.263677 0.757814 0.26562 0.755859 0.26562 0.753903 0.267576 0.751948 0.267576 0.746095 0.242188 0.746095
0 0.158201 0.625006 0.158201 0.636725 0.160157 0.63477 0.1875 0.63477 0.1875 0.626949 0.160157 0.626949
0 0.021483 0.839848 0.019527 0.841791 0.019527 0.843746 0.017584 0.845702 0.017584 0.847656 0.019527 0.849612 0.019527 0.85351 0.037104 0.85351 0.03906 0.855465 0.042972 0.851567 0.042972 0.845702 0.041016 0.843746 0.041016 0.841791 0.023439 0.841791
0 0.027338 0.748051 0.027338 0.750005 0.025394 0.751948 0.025394 0.755859 0.023439 0.757814 0.023439 0.763667 0.025394 0.765623 0.025394 0.767578 0.052738 0.767578 0.052738 0.765623 0.054682 0.763667 0.054682 0.751948 0.042972 0.751948 0.041016 0.750005 0.029294 0.750005
0 0.322263 0.500006 0.320308 0.501949 0.296875 0.501949 0.296875 0.503904 0.29492 0.505859 0.29492 0.507814 0.292964 0.509769 0.292964 0.513668 0.318364 0.513668 0.320308 0.515623 0.320308 0.513668 0.322263 0.511713 0.322263 0.509769 0.324219 0.507814 0.324219 0.503904 0.322263 0.501949
0 0.222655 0.958982 0.222655 0.960938 0.220699 0.962893 0.220699 0.974612 0.244144 0.974612 0.244144 0.972657 0.246099 0.970701 0.246099 0.960938 0.244144 0.958982
0 0.099614 0.94141 0.099614 0.943365 0.097659 0.945308 0.097659 0.953129 0.103514 0.953129 0.105469 0.955084 0.111325 0.955084 0.113281 0.957026 0.119136 0.957026 0.121091 0.958982 0.121091 0.957026 0.123047 0.955084 0.123047 0.953129 0.125002 0.951174 0.125002 0.947263 0.119136 0.947263 0.117192 0.945308 0.111325 0.945308 0.109381 0.943365 0.101558 0.943365
0 0.208989 0.427736 0.207034 0.429691 0.17969 0.429691 0.17969 0.443366 0.181646 0.441411 0.207034 0.441411 0.208989 0.439455 0.212888 0.439455 0.212888 0.431647 0.210933 0.429691 0.210933 0.427736
0 0.103514 0.230465 0.101558 0.232421 0.082025 0.232421 0.082025 0.24414 0.083981 0.246096 0.085937 0.24414 0.107425 0.24414 0.107425 0.242186 0.105469 0.24023 0.105469 0.230465
1 0.041016 0.531253 0.041016 0.539062 0.03906 0.541017 0.03906 0.548825 0.050782 0.548825 0.052738 0.55078 0.064448 0.55078 0.066404 0.552736 0.078126 0.552736 0.080082 0.554691 0.080082 0.552736 0.082025 0.55078 0.082025 0.544927 0.083981 0.542972 0.083981 0.537106 0.082025 0.535151 0.082025 0.533208 0.042972 0.533208
0 0.269532 0.748051 0.269532 0.761724 0.296875 0.761724 0.296875 0.748051
0 0.292964 0.474612 0.29102 0.476568 0.267576 0.476568 0.26562 0.47851 0.26562 0.480466 0.263677 0.482421 0.263677 0.492185 0.26562 0.49023 0.279298 0.49023 0.281254 0.488287 0.29492 0.488287 0.29492 0.47851 0.292964 0.476568
0 0.169923 0.208983 0.167968 0.210938 0.167968 0.212893 0.166012 0.214849 0.166012 0.220702 0.193356 0.220702 0.195311 0.218747 0.195311 0.208983
0 0.390629 0.705072 0.388673 0.707027 0.363285 0.707027 0.363285 0.708982 0.361329 0.710938 0.361329 0.716791 0.388673 0.716791 0.388673 0.714848 0.390629 0.712893
0 0.304686 0.408208 0.304686 0.42187 0.330074 0.42187 0.330074 0.417972 0.33203 0.416017 0.33203 0.408208
0 0 0.98242 0 0.986331 0 0.988286 0 0.992184 0 0.994139 0 0.99805 0 0.996095 0.027338 0.996095 0.027338 0.98242
0 0.22851 0.814455 0.22851 0.818366 0.226567 0.820308 0.226567 0.822264 0.22851 0.824218 0.22851 0.826174 0.230466 0.828129 0.232421 0.826174 0.259765 0.826174 0.259765 0.81641 0.261721 0.814455
0 0.273443 0.367185 0.271487 0.36914 0.271487 0.371096 0.269532 0.373051 0.269532 0.375006 0.271487 0.376948 0.271487 0.382815 0.273443 0.380859 0.298831 0.380859 0.302731 0.376948 0.302731 0.371096 0.300787 0.36914 0.275387 0.36914
0 0.316408 0.281253 0.316408 0.287107 0.314453 0.289062 0.314453 0.292972 0.316408 0.294928 0.316408 0.29687 0.339841 0.29687 0.341796 0.298826 0.341796 0.294928 0.343752 0.292972 0.343752 0.285151 0.341796 0.283208 0.318364 0.283208
0 0.021483 0.705072 0.019527 0.707027 0.005861 0.707027 0.003906 0.708982 0 0.708982 0 0.710938 0 0.712893 0 0.714848 0 0.716791 0 0.720702 0 0.722657 0 0.724613 0 0.722657 0.003906 0.722657 0.005861 0.720702 0.021483 0.720702 0.021483 0.716791 0.023439 0.714848 0.023439 0.707027
0 0.300787 0.167972 0.300787 0.169928 0.298831 0.17187 0.298831 0.181647 0.32813 0.181647 0.330074 0.183589 0.330074 0.169928 0.302731 0.169928
0 0.296875 0.763667 0.29492 0.765623 0.273443 0.765623 0.273443 0.769534 0.271487 0.771489 0.271487 0.777342 0.296875 0.777342 0.296875 0.775386 0.298831 0.773432 0.298831 0.765623
0 0.341796 0.050781 0.341796 0.052736 0.339841 0.054692 0.339841 0.060545 0.337885 0.0625 0.337885 0.066411 0.335941 0.068354 0.335941 0.074219 0.333986 0.076174 0.333986 0.07813 0.335941 0.080072 0.339841 0.080072 0.341796 0.082028 0.345708 0.082028 0.345708 0.080072 0.347651 0.07813 0.347651 0.074219 0.349607 0.072264 0.349607 0.068354 0.351563 0.066411 0.351563 0.064455 0.353518 0.0625 0.353518 0.058589 0.355474 0.056647 0.355474 0.054692 0.351563 0.050781
0 0.339841 0.333983 0.337885 0.335938 0.314453 0.335938 0.314453 0.341791 0.312497 0.343747 0.312497 0.345702 0.314453 0.347658 0.314453 0.349613 0.339841 0.349613
0 0.050782 0.17187 0.050782 0.173825 0.048827 0.175781 0.048827 0.1875 0.078126 0.1875 0.078126 0.185544 0.080082 0.183589 0.080082 0.181647 0.082025 0.179691 0.082025 0.173825 0.080082 0.17187
0 0.136725 0.533208 0.136725 0.537106 0.134769 0.539062 0.134769 0.541017 0.136725 0.542972 0.136725 0.54687 0.164068 0.54687 0.164068 0.533208
0 0.335941 0.300781 0.333986 0.302736 0.316408 0.302736 0.316408 0.304691 0.314453 0.306646 0.314453 0.3125 0.316408 0.314455 0.339841 0.314455 0.339841 0.306646 0.337885 0.304691 0.337885 0.302736
0 0.101558 0.921869 0.101558 0.923825 0.099614 0.92578 0.099614 0.927736 0.097659 0.929691 0.097659 0.931645 0.099614 0.933589 0.099614 0.937499 0.125002 0.937499 0.125002 0.923825 0.103514 0.923825
0 0.224611 0.230465 0.222655 0.232421 0.2168 0.232421 0.214844 0.234376 0.207034 0.234376 0.205078 0.236332 0.199223 0.236332 0.199223 0.238287 0.197267 0.24023 0.197267 0.242186 0.199223 0.24414 0.199223 0.246096 0.201166 0.248051 0.203122 0.246096 0.208989 0.246096 0.210933 0.24414 0.2168 0.24414 0.218756 0.242186 0.224611 0.242186 0.224611 0.24023 0.226567 0.238287 0.226567 0.232421
0 0.849604 0.058589 0.843749 0.064455 0.843749 0.066411 0.841794 0.068354 0.841794 0.070309 0.839849 0.072264 0.843749 0.076174 0.845705 0.076174 0.855471 0.085938 0.857427 0.085938 0.863282 0.091792 0.867193 0.091792 0.871093 0.087893 0.873048 0.087893 0.873048 0.085938 0.875004 0.083983 0.875004 0.082028 0.85156 0.058589
0 0.244144 0.582027 0.244144 0.583982 0.246099 0.585938 0.246099 0.593746 0.275387 0.593746 0.275387 0.591792 0.273443 0.589849 0.273443 0.585938 0.271487 0.583982 0.271487 0.582027
0 0.189456 0.656252 0.1875 0.658208 0.162112 0.658208 0.162112 0.662106 0.164068 0.664062 0.164068 0.669927 0.166012 0.67187 0.166012 0.673825 0.167968 0.67187 0.1875 0.67187 0.189456 0.669927 0.191412 0.669927 0.191412 0.658208
0 0.042972 0.623051 0.042972 0.638668 0.072271 0.638668 0.072271 0.632814 0.074215 0.630859 0.074215 0.625006 0.072271 0.623051
0 0.173823 0.154298 0.173823 0.164062 0.175778 0.166017 0.175778 0.167972 0.199223 0.167972 0.201166 0.166017 0.201166 0.164062 0.203122 0.162107 0.203122 0.154298
0 0.269532 0.419928 0.267576 0.42187 0.267576 0.423825 0.263677 0.427736 0.263677 0.429691 0.26562 0.431647 0.26562 0.435545 0.298831 0.435545 0.298831 0.427736 0.300787 0.42578 0.300787 0.423825 0.298831 0.42187 0.271487 0.42187
0 0.273443 0.705072 0.271487 0.707027 0.25391 0.707027 0.251955 0.708982 0.244144 0.708982 0.244144 0.712893 0.242188 0.714848 0.242188 0.718746 0.244144 0.720702 0.244144 0.722657 0.271487 0.722657 0.271487 0.720702 0.273443 0.718746 0.273443 0.714848 0.275387 0.712893 0.275387 0.708982 0.273443 0.707027
0 0.119136 0.763667 0.119136 0.775386 0.14258 0.775386 0.14258 0.763667
0 0.085937 0.212893 0.085937 0.224613 0.087893 0.224613 0.089848 0.226568 0.091792 0.224613 0.109381 0.224613 0.115236 0.218747 0.113281 0.216792 0.113281 0.214849 0.111325 0.212893
0 0.230466 0.158208 0.22851 0.160151 0.208989 0.160151 0.208989 0.17187 0.210933 0.169928 0.232421 0.169928 0.232421 0.164062 0.230466 0.162107
0 0.355474 0.755859 0.353518 0.757814 0.353518 0.75977 0.351563 0.761724 0.351563 0.763667 0.353518 0.765623 0.353518 0.769534 0.355474 0.771489 0.355474 0.773432 0.357418 0.771489 0.382818 0.771489 0.382818 0.757814 0.357418 0.757814
0 0.271487 0.783208 0.271487 0.79687 0.273443 0.794927 0.296875 0.794927 0.296875 0.785151 0.298831 0.783208
0 0.130857 0.91015 0.130857 0.923825 0.132813 0.92578 0.132813 0.927736 0.160157 0.927736 0.164068 0.923825 0.164068 0.916017 0.162112 0.914061 0.162112 0.912106 0.132813 0.912106
0 0.167968 0.224613 0.166012 0.226568 0.166012 0.228511 0.164068 0.230465 0.164068 0.236332 0.166012 0.238287 0.166012 0.24023 0.167968 0.238287 0.193356 0.238287 0.195311 0.236332 0.197267 0.236332 0.197267 0.228511 0.195311 0.226568 0.195311 0.224613
0 0.050782 0.189456 0.050782 0.193354 0.048827 0.195308 0.048827 0.20313 0.062505 0.20313 0.064448 0.205073 0.07617 0.205073 0.078126 0.207027 0.078126 0.20313 0.080082 0.201175 0.080082 0.193354 0.066404 0.193354 0.064448 0.191411 0.052738 0.191411
0 0.355474 0.794927 0.353518 0.79687 0.353518 0.798825 0.351563 0.80078 0.351563 0.802735 0.353518 0.804691 0.353518 0.806646 0.378906 0.806646 0.378906 0.802735 0.380862 0.80078 0.380862 0.794927
0 0.128902 0.564455 0.128902 0.580072 0.156245 0.580072 0.156245 0.57813 0.158201 0.576174 0.158201 0.566411 0.130857 0.566411
0 0.373051 0.542972 0.36914 0.54687 0.36914 0.554691 0.371096 0.556646 0.371096 0.558589 0.373051 0.558589 0.374995 0.556646 0.40625 0.556646 0.40625 0.552736 0.408206 0.55078 0.408206 0.542972
0 0 0.818366 0 0.820308 0 0.828129 0 0.830084 0 0.832027 0 0.833983 0.013672 0.833983 0.013672 0.830084 0.015628 0.828129 0.015628 0.824218 0.013672 0.822264 0.013672 0.818366
0 0.306642 0.390623 0.306642 0.392579 0.304686 0.394534 0.304686 0.404298 0.335941 0.404298 0.335941 0.402342 0.337885 0.400387 0.337885 0.396489 0.339841 0.394534 0.339841 0.392579 0.337885 0.390623
0 0 0.849612 0 0.851567 0 0.85351 0 0.855465 0 0.859375 0 0.861331 0 0.865229 0 0.867185 0.005861 0.867185 0.011716 0.861331 0.013672 0.861331 0.015628 0.859375 0.015628 0.857421 0.013672 0.855465 0.013672 0.85351 0.011716 0.851567 0.009761 0.851567 0.007817 0.849612
0 0.121091 0.689455 0.121091 0.69141 0.119136 0.693365 0.119136 0.695308 0.117192 0.697264 0.117192 0.699219 0.115236 0.701173 0.117192 0.703129 0.117192 0.705072 0.146479 0.705072 0.146479 0.701173 0.148435 0.699219 0.148435 0.695308 0.146479 0.693365 0.146479 0.69141 0.123047 0.69141
0 0.082025 0.042973 0.082025 0.058589 0.080082 0.060545 0.080082 0.076174 0.082025 0.07813 0.083981 0.076174 0.093748 0.076174 0.093748 0.060545 0.095703 0.058589 0.095703 0.044928 0.091792 0.044928 0.089848 0.042973
0 0.29492 0.24023 0.29492 0.242186 0.292964 0.24414 0.292964 0.250006 0.29492 0.251949 0.29492 0.253905 0.318364 0.253905 0.318364 0.250006 0.320308 0.248051 0.320308 0.24023
0 0.091792 0.373051 0.089848 0.375006 0.064448 0.375006 0.060549 0.378904 0.060549 0.388668 0.091792 0.388668
0 0.072271 0.554691 0.070315 0.556646 0.058593 0.556646 0.056637 0.558589 0.044927 0.558589 0.044927 0.568365 0.046871 0.566411 0.058593 0.566411 0.060549 0.564455 0.072271 0.564455 0.074215 0.5625 0.074215 0.554691
0 0.308598 0.572263 0.306642 0.574219 0.285153 0.574219 0.285153 0.583982 0.308598 0.583982 0.310541 0.582027 0.310541 0.580072 0.312497 0.57813 0.310541 0.576174 0.310541 0.574219
0 0.126958 0.966791 0.126958 0.968746 0.125002 0.970701 0.125002 0.974612 0.126958 0.976567 0.126958 0.97851 0.148435 0.97851 0.148435 0.968746 0.128902 0.968746
0 0.066404 0.041017 0.064448 0.042973 0.064448 0.058589 0.062505 0.060545 0.062505 0.074219 0.064448 0.074219 0.066404 0.076174 0.07617 0.076174 0.07617 0.042973 0.06836 0.042973
0 0.128902 0.984376 0.125002 0.988286 0.125002 0.996095 0.148435 0.996095 0.148435 0.994139 0.15039 0.992184 0.15039 0.986331 0.130857 0.986331
0 0.296875 0.292972 0.29492 0.294928 0.267576 0.294928 0.267576 0.29687 0.26562 0.298826 0.26562 0.302736 0.267576 0.304691 0.267576 0.306646 0.269532 0.306646 0.271487 0.304691 0.298831 0.304691 0.298831 0.294928
0 0.097659 0.042973 0.097659 0.074219 0.109381 0.074219 0.109381 0.042973
0 0.222655 0.265624 0.220699 0.267578 0.195311 0.267578 0.195311 0.269534 0.193356 0.271489 0.193356 0.279297 0.195311 0.277343 0.224611 0.277343 0.224611 0.275387 0.226567 0.273432 0.226567 0.271489 0.222655 0.267578