0 0.626957 0.07617 0.625005 0.078119 0.625005 0.080081 0.630862 0.08594 0.632814 0.08594 0.636718 0.089839 0.638669 0.08789 0.638669 0.083979 0.640622 0.08203 0.638669 0.08203 0.634766 0.078119 0.632814 0.078119 0.630862 0.07617
1 0.326175 0.410153 0.318356 0.417974 0.318356 0.419924 0.310548 0.427733 0.310548 0.429682 0.3125 0.431644 0.3125 0.433593 0.314452 0.435542 0.316404 0.433593 0.318356 0.433593 0.333984 0.417974
0 0.611331 0.089839 0.611331 0.095699 0.615234 0.09961 0.617186 0.09961 0.62109 0.10352 0.623042 0.10352 0.625005 0.10547 0.626957 0.10352 0.626957 0.101559 0.62891 0.09961 0.62891 0.097661 0.626957 0.097661 0.623042 0.09375 0.62109 0.09375 0.617186 0.089839
0 0.656249 0.173828 0.656249 0.179688 0.654297 0.181637 0.654297 0.187498 0.656249 0.187498 0.658201 0.189459 0.662105 0.189459 0.662105 0.173828
0 0.544927 0.136719 0.542964 0.138669 0.53906 0.138669 0.53906 0.144528 0.537108 0.14649 0.537108 0.150388 0.53906 0.152349 0.541012 0.152349 0.542964 0.154299 0.544927 0.152349 0.544927 0.150388 0.546879 0.148439 0.546879 0.136719
0 0.572267 0.142579 0.570314 0.144528 0.568363 0.144528 0.568363 0.150388 0.566411 0.152349 0.566411 0.158197 0.568363 0.160159 0.572267 0.160159 0.574219 0.158197 0.574219 0.142579
0 0.660153 0.06445 0.656249 0.06836 0.656249 0.07031 0.658201 0.07031 0.667973 0.080081 0.669925 0.080081 0.671877 0.078119 0.673829 0.078119 0.673829 0.07422 0.669925 0.07031 0.667973 0.07031 0.662105 0.06445
0 0.150391 0.419924 0.146487 0.423822 0.146487 0.431644 0.144535 0.433593 0.144535 0.441402 0.152343 0.441402 0.152343 0.439453 0.154295 0.437504 0.154295 0.425784 0.152343 0.423822 0.152343 0.421873
1 0.453125 0.445313 0.449221 0.449224 0.449221 0.451173 0.443354 0.457033 0.443354 0.458982 0.435545 0.466792 0.435545 0.468753 0.431642 0.472651 0.431642 0.480473 0.435545 0.484371 0.439449 0.484371 0.441402 0.482422 0.441402 0.480473 0.447269 0.474613 0.447269 0.472651 0.453125 0.466792 0.453125 0.464842 0.458982 0.458982 0.458982 0.457033 0.462885 0.453122 0.462885 0.451173 0.460934 0.451173 0.457029 0.447262 0.455077 0.447262
0 0.550783 0.14063 0.550783 0.142579 0.548831 0.144528 0.548831 0.148439 0.546879 0.150388 0.546879 0.152349 0.548831 0.154299 0.548831 0.156249 0.550783 0.156249 0.552735 0.154299 0.554688 0.154299 0.554688 0.14649 0.556639 0.144528 0.556639 0.14063
0 0.705073 0.0918 0.703121 0.09375 0.703121 0.09961 0.705073 0.101559 0.707036 0.101559 0.712892 0.107419 0.714844 0.107419 0.716796 0.10547 0.716796 0.10352 0.718748 0.101559 0.718748 0.09961 0.716796 0.097661 0.714844 0.097661 0.71094 0.09375 0.708988 0.09375 0.707036 0.0918
0 0.640622 0.166019 0.638669 0.167968 0.638669 0.171879 0.636718 0.173828 0.636718 0.179688 0.634766 0.181637 0.634766 0.183599 0.636718 0.185548 0.640622 0.185548 0.640622 0.183599 0.642573 0.181637 0.642573 0.179688 0.644526 0.177739 0.644526 0.173828 0.646489 0.171879 0.646489 0.166019
0 0.169923 0.423822 0.167971 0.425784 0.167971 0.427733 0.171875 0.431644 0.173827 0.431644 0.177731 0.435542 0.179683 0.435542 0.181646 0.437504 0.185551 0.433593 0.185551 0.431644 0.183599 0.431644 0.179683 0.427733 0.177731 0.427733 0.173827 0.423822
0 0.722652 0.07031 0.7207 0.072271 0.722652 0.07422 0.722652 0.07617 0.724604 0.078119 0.724604 0.080081 0.726568 0.08203 0.734375 0.08203 0.734375 0.07617 0.732424 0.07422 0.730472 0.07422 0.726568 0.07031
1 0.548831 0.55859 0.546879 0.560552 0.542964 0.560552 0.541012 0.5625 0.537108 0.5625 0.533203 0.566411 0.533203 0.56836 0.525395 0.57617 0.525395 0.578119 0.52148 0.58203 0.527348 0.58789 0.527348 0.589839 0.531251 0.59375 0.535156 0.589839 0.537108 0.589839 0.546879 0.580081 0.546879 0.578119 0.556639 0.56836 0.556639 0.566411 0.554688 0.56445 0.554688 0.5625 0.552735 0.5625
1 0.599607 0.000002 0.587894 0.011722 0.587894 0.013671 0.578123 0.023442 0.578123 0.025391 0.583979 0.031251 0.597654 0.017582 0.599607 0.017582 0.607426 0.009761 0.607426 0.001951 0.605474 0.001951 0.60351 0.000002
0 0.62891 0.164057 0.626957 0.166019 0.626957 0.181637 0.632814 0.181637 0.632814 0.175777 0.634766 0.173828 0.634766 0.166019 0.632814 0.166019 0.630862 0.164057
0 0.71094 0.083979 0.708988 0.08594 0.708988 0.0918 0.71094 0.0918 0.714844 0.095699 0.716796 0.095699 0.718748 0.097661 0.722652 0.097661 0.722652 0.095699 0.724604 0.09375 0.714844 0.083979
1 0.576171 0.507812 0.558591 0.525392 0.560543 0.527341 0.560543 0.529302 0.562495 0.531251 0.568363 0.531251 0.570314 0.533201 0.576171 0.533201 0.578123 0.531251 0.578123 0.529302 0.583979 0.523442 0.583979 0.521481 0.585942 0.519531 0.585942 0.511722 0.583979 0.509761 0.583979 0.507812
0 0.160151 0.427733 0.160151 0.429682 0.158199 0.431644 0.158199 0.433593 0.164066 0.439453 0.166019 0.439453 0.171875 0.445313 0.173827 0.445313 0.177731 0.441402 0.177731 0.437504 0.175778 0.435542 0.173827 0.435542 0.167971 0.429682 0.166019 0.429682 0.164066 0.427733
0 0.535156 0.10547 0.533203 0.107419 0.533203 0.113279 0.535156 0.113279 0.53906 0.11719 0.541012 0.11719 0.542964 0.119139 0.544927 0.11719 0.546879 0.11719 0.546879 0.11133 0.544927 0.109381 0.542964 0.109381 0.53906 0.10547
0 0.755859 0.279296 0.753907 0.281245 0.748051 0.281245 0.748051 0.283207 0.746099 0.285156 0.746099 0.287105 0.744136 0.289067 0.744136 0.291016 0.742184 0.292965 0.742184 0.294927 0.744136 0.296876 0.744136 0.298825 0.746099 0.298825 0.748051 0.296876 0.751955 0.296876 0.753907 0.294927 0.753907 0.292965 0.755859 0.291016 0.755859 0.289067 0.757812 0.287105 0.757812 0.285156 0.755859 0.283207
0 0.601558 0.10547 0.601558 0.11133 0.605474 0.115228 0.607426 0.115228 0.613282 0.121089 0.619138 0.121089 0.619138 0.11719 0.615234 0.113279 0.613282 0.113279 0.607426 0.107419 0.605474 0.107419 0.60351 0.10547
0 0.654297 0.07031 0.652345 0.072271 0.652345 0.078119 0.658201 0.083979 0.660153 0.083979 0.662105 0.08594 0.66602 0.08594 0.66602 0.083979 0.667973 0.08203 0.658201 0.072271 0.656249 0.072271
0 0.646489 0.05273 0.642573 0.05664 0.642573 0.05859 0.644526 0.05859 0.648441 0.0625 0.652345 0.0625 0.654297 0.06445 0.654297 0.066411 0.656249 0.066411 0.658201 0.06445 0.658201 0.0625 0.648441 0.05273
0 0.990239 0.201167 0.990239 0.203128 0.988286 0.205078 0.99219 0.208988 0.99219 0.210938 0.999999 0.210938 1 0.208988 1 0.208988 1 0.201167
0 0.640622 0.08594 0.640622 0.08789 0.638669 0.089839 0.638669 0.0918 0.648441 0.101559 0.650393 0.09961 0.652345 0.09961 0.654297 0.097661 0.654297 0.09375 0.652345 0.0918 0.650393 0.0918 0.644526 0.08594
0 0.582027 0.05273 0.580075 0.054691 0.576171 0.054691 0.576171 0.05664 0.585942 0.066411 0.589846 0.066411 0.591799 0.06445 0.591799 0.05859 0.589846 0.05859 0.585942 0.054691 0.583979 0.054691
0 0.806646 0.138669 0.804682 0.14063 0.802731 0.14063 0.800778 0.142579 0.802731 0.144528 0.802731 0.14649 0.818358 0.14649 0.818358 0.144528 0.816406 0.142579 0.816406 0.14063 0.81055 0.14063 0.808598 0.138669
0 0.796875 0.164057 0.796875 0.166019 0.794923 0.167968 0.794923 0.169918 0.79297 0.171879 0.79297 0.173828 0.804682 0.173828 0.806646 0.175777 0.812502 0.175777 0.812502 0.166019 0.798827 0.166019
0 0.599607 0.11133 0.597654 0.113279 0.595703 0.113279 0.595703 0.115228 0.59375 0.11719 0.595703 0.119139 0.595703 0.121089 0.597654 0.121089 0.599607 0.12305 0.601558 0.12305 0.60351 0.124999 0.605474 0.124999 0.607426 0.126948 0.609378 0.124999 0.611331 0.124999 0.611331 0.121089 0.607426 0.11719 0.605474 0.11719
0 0.166019 0.527341 0.166019 0.529302 0.164066 0.531251 0.164066 0.533201 0.162115 0.535162 0.162115 0.537111 0.164066 0.537111 0.166019 0.539061 0.173827 0.531251 0.171875 0.529302 0.171875 0.527341
0 0.722652 0.183599 0.722652 0.191408 0.7207 0.193357 0.7207 0.207027 0.72852 0.207027 0.72852 0.197268 0.730472 0.195307 0.730472 0.187498 0.72852 0.185548 0.72852 0.183599
0 0.748051 0.14063 0.748051 0.142579 0.746099 0.144528 0.748051 0.14649 0.748051 0.148439 0.750003 0.150388 0.751955 0.150388 0.757812 0.156249 0.761715 0.156249 0.761715 0.154299 0.763668 0.152349 0.763668 0.148439 0.761715 0.14649 0.759764 0.14649 0.753907 0.14063
0 0.634766 0.10352 0.632814 0.10547 0.630862 0.10547 0.630862 0.109381 0.632814 0.11133 0.632814 0.113279 0.634766 0.113279 0.638669 0.11719 0.640622 0.11719 0.642573 0.119139 0.646489 0.119139 0.648441 0.11719 0.648441 0.115228 0.644526 0.11133 0.642573 0.11133
0 0.371095 0.292965 0.369143 0.294927 0.36719 0.294927 0.36719 0.296876 0.369143 0.298825 0.369143 0.300787 0.376951 0.308596 0.378903 0.306634 0.382807 0.306634 0.382807 0.304685 0.380855 0.302736 0.380855 0.300787 0.376951 0.296876 0.376951 0.294927 0.374999 0.292965
0 0.576171 0.05859 0.574219 0.060551 0.572267 0.060551 0.572267 0.0625 0.570314 0.06445 0.570314 0.066411 0.572267 0.06836 0.574219 0.06836 0.578123 0.072271 0.582027 0.072271 0.583979 0.07031 0.583979 0.066411
0 0.066409 0.650389 0.066409 0.652338 0.064456 0.654299 0.064456 0.656249 0.062505 0.658198 0.064456 0.660159 0.06836 0.660159 0.06836 0.658198 0.070313 0.656249 0.070313 0.654299 0.072265 0.652338 0.072265 0.650389
1 0.285161 0.023442 0.277341 0.031251 0.283208 0.037111 0.285161 0.037111 0.296873 0.048831 0.298824 0.048831 0.306644 0.05664 0.310548 0.05664 0.3125 0.054691 0.3125 0.05273 0.316404 0.048831 0.304692 0.037111 0.30274 0.037111 0.289064 0.023442
0 0.259761 0.410153 0.25781 0.412115 0.255857 0.412115 0.255857 0.417974 0.25781 0.417974 0.261714 0.421873 0.263677 0.421873 0.265629 0.423822 0.269533 0.423822 0.269533 0.421873 0.271484 0.419924 0.271484 0.417974 0.269533 0.417974 0.265629 0.414064 0.263677 0.414064
0 0.60351 0.339845 0.60351 0.341794 0.601558 0.343756 0.601558 0.345705 0.599607 0.347655 0.599607 0.349604 0.60351 0.353515 0.605474 0.353515 0.607426 0.351565 0.607426 0.349604 0.611331 0.345705 0.611331 0.341794 0.609378 0.341794 0.607426 0.339845
1 0.679685 0.337896 0.677732 0.339845 0.677732 0.341794 0.671877 0.347655 0.671877 0.349604 0.66602 0.355464 0.66602 0.357425 0.662105 0.361324 0.662105 0.363286 0.66602 0.363286 0.667973 0.365234 0.669925 0.365234 0.671877 0.367184 0.675781 0.363286 0.675781 0.361324 0.681637 0.355464 0.681637 0.353515 0.687505 0.347655 0.687505 0.345705 0.689456 0.343756 0.689456 0.341794 0.685553 0.341794 0.683589 0.339845 0.681637 0.339845
0 0.380855 0.267576 0.378903 0.269526 0.376951 0.269526 0.376951 0.271487 0.378903 0.273436 0.378903 0.275385 0.38477 0.275385 0.386722 0.277347 0.392579 0.277347 0.39453 0.279296 0.39453 0.277347 0.396482 0.275385 0.39453 0.273436 0.39453 0.267576
1 0.453125 0.515621 0.453125 0.517582 0.451173 0.519531 0.451173 0.521481 0.449221 0.523442 0.449221 0.525392 0.447269 0.527341 0.449221 0.529302 0.451173 0.529302 0.458982 0.537111 0.460934 0.537111 0.466801 0.542972 0.468753 0.542972 0.476561 0.550781 0.478513 0.550781 0.482417 0.554692 0.484381 0.554692 0.492188 0.54687 0.490236 0.544921 0.490236 0.542972 0.488285 0.54101 0.486332 0.54101 0.480465 0.535162 0.478513 0.535162 0.474608 0.531251 0.472657 0.531251 0.466801 0.525392 0.464849 0.525392 0.458982 0.519531 0.457029 0.519531
0 0.562495 0.138669 0.560543 0.14063 0.558591 0.14063 0.558591 0.144528 0.556639 0.14649 0.556639 0.150388 0.558591 0.152349 0.560543 0.152349 0.562495 0.154299 0.566411 0.150388 0.566411 0.144528 0.568363 0.142579 0.566411 0.14063 0.566411 0.138669
0 0.761715 0.023442 0.761715 0.029302 0.763668 0.031251 0.765619 0.031251 0.769535 0.035162 0.771487 0.033201 0.773438 0.033201 0.773438 0.029302 0.767583 0.023442
0 0.609378 0.017582 0.609378 0.019531 0.607426 0.021481 0.609378 0.023442 0.611331 0.023442 0.617186 0.029302 0.62109 0.029302 0.62109 0.027341 0.623042 0.025391 0.623042 0.021481 0.619138 0.021481 0.617186 0.019531 0.615234 0.019531 0.613282 0.017582
0 0.685553 0.000002 0.685553 0.001951 0.683589 0.003901 0.681637 0.003901 0.681637 0.007811 0.683589 0.007811 0.687505 0.011722 0.689456 0.011722 0.69336 0.015621 0.697264 0.015621 0.699216 0.013671 0.699216 0.009761 0.691409 0.001951 0.687505 0.001951
0 0.205082 0.388674 0.20313 0.390624 0.20313 0.392573 0.201167 0.394535 0.201167 0.396484 0.210938 0.406254 0.216794 0.406254 0.216794 0.404293 0.218746 0.402344 0.218746 0.400394 0.208986 0.390624 0.207034 0.390624
0 0.718748 0.10352 0.718748 0.10547 0.716796 0.107419 0.724604 0.115228 0.726568 0.115228 0.730472 0.119139 0.734375 0.119139 0.734375 0.115228 0.732424 0.113279 0.732424 0.11133 0.730472 0.11133 0.726568 0.107419 0.724604 0.107419 0.722652 0.10547 0.7207 0.10547
0 0.833986 0 0.832033 0 0.832033 0.000002 0.839842 0.007811 0.843746 0.007811 0.845697 0.009761 0.847661 0.007811 0.847661 0.003901 0.839842 0 0.835938 0
0 0.552735 0.08203 0.552735 0.083979 0.550783 0.08594 0.550783 0.089839 0.552735 0.0918 0.554688 0.0918 0.558591 0.095699 0.560543 0.095699 0.562495 0.097661 0.564459 0.095699 0.564459 0.089839 0.562495 0.08789 0.560543 0.08789 0.556639 0.083979 0.554688 0.083979
0 0.625005 0.259767 0.625005 0.263678 0.623042 0.265626 0.623042 0.273436 0.626957 0.273436 0.62891 0.271487 0.62891 0.269526 0.630862 0.267576 0.630862 0.265626 0.632814 0.263678 0.632814 0.261716 0.630862 0.259767
0 0.648441 0.169918 0.648441 0.175777 0.646489 0.177739 0.646489 0.183599 0.648441 0.185548 0.652345 0.185548 0.652345 0.181637 0.654297 0.179688 0.654297 0.169918
0 0.949224 0.171879 0.947271 0.173828 0.945308 0.173828 0.945308 0.177739 0.947271 0.179688 0.947271 0.181637 0.957031 0.181637 0.958983 0.179688 0.960936 0.179688 0.960936 0.177739 0.958983 0.175777 0.958983 0.173828 0.951175 0.173828
0 0.830081 0.011722 0.826166 0.015621 0.826166 0.019531 0.828129 0.021481 0.830081 0.021481 0.835938 0.027341 0.83789 0.027341 0.839842 0.029302 0.839842 0.027341 0.841794 0.025391 0.841794 0.021481 0.832033 0.011722
1 0.59375 0 0.585942 0 0.585942 0 0.580075 0 0.580075 0 0.574219 0 0.574219 0.000002 0.568363 0.005862 0.568363 0.007811 0.566411 0.009761 0.566411 0.011722 0.568363 0.011722 0.572267 0.015621 0.574219 0.015621 0.576171 0.017582 0.582027 0.011722 0.582027 0.009761 0.587894 0.003901 0.587894 0.001951 0.59375 0 0.59375 0 0.599607 0 0.599607 0 0.60351 0 0.60351 0 0.601558 0 0.599607 0 0.595703 0
0 0.59375 0.142579 0.591799 0.144528 0.587894 0.144528 0.587894 0.150388 0.585942 0.152349 0.585942 0.160159 0.59375 0.160159 0.59375 0.158197 0.595703 0.156249 0.595703 0.150388 0.597654 0.148439 0.597654 0.14649 0.595703 0.144528 0.595703 0.142579
0 0.625005 0 0.623042 0.000002 0.62109 0.000002 0.62109 0.003901 0.62891 0.011722 0.630862 0.009761 0.634766 0.009761 0.634766 0.003901 0.62891 0
1 0.833986 0.244136 0.833986 0.246098 0.832033 0.248046 0.832033 0.253907 0.83789 0.259767 0.839842 0.259767 0.847661 0.267576 0.849613 0.267576 0.851565 0.269526 0.855469 0.269526 0.857421 0.271487 0.859373 0.271487 0.861325 0.273436 0.863277 0.273436 0.865229 0.275385 0.871097 0.275385 0.873049 0.277347 0.878905 0.277347 0.880857 0.279296 0.884761 0.279296 0.886724 0.281245 0.890629 0.281245 0.892581 0.283207 0.896484 0.283207 0.898437 0.285156 0.904293 0.285156 0.904293 0.279296 0.906245 0.277347 0.906245 0.271487 0.892581 0.271487 0.890629 0.269526 0.878905 0.269526 0.876953 0.267576 0.875001 0.267576 0.873049 0.265626 0.871097 0.265626 0.869144 0.263678 0.867193 0.263678 0.865229 0.261716 0.863277 0.261716 0.859373 0.257817 0.857421 0.257817 0.853518 0.253907 0.851565 0.253907 0.843746 0.246098 0.841794 0.246098 0.839842 0.244136
0 0.679685 0.04492 0.679685 0.04687 0.677732 0.048831 0.679685 0.05078 0.679685 0.05273 0.681637 0.05273 0.685553 0.05664 0.687505 0.05664 0.691409 0.060551 0.691409 0.05859 0.69336 0.05664 0.69336 0.054691 0.683589 0.04492
0 0.519528 0.156249 0.517576 0.158197 0.513672 0.158197 0.513672 0.177739 0.52148 0.177739 0.52148 0.175777 0.523432 0.173828 0.523432 0.158197 0.52148 0.158197
0 0.767583 0.04101 0.765619 0.042971 0.765619 0.04492 0.767583 0.04687 0.767583 0.048831 0.773438 0.054691 0.777343 0.054691 0.779295 0.05664 0.781247 0.054691 0.781247 0.048831 0.773438 0.04101
0 0.730472 0.083979 0.726568 0.08789 0.73828 0.09961 0.740232 0.09961 0.742184 0.101559 0.744136 0.09961 0.746099 0.09961 0.746099 0.097661 0.744136 0.095699 0.744136 0.09375 0.734375 0.083979
0 0.625005 0.11133 0.62109 0.115228 0.62109 0.119139 0.623042 0.119139 0.626957 0.12305 0.62891 0.12305 0.632814 0.126948 0.634766 0.124999 0.638669 0.124999 0.638669 0.121089 0.634766 0.11719 0.632814 0.11719 0.626957 0.11133
0 0.72852 0.0918 0.724604 0.095699 0.724604 0.097661 0.722652 0.09961 0.722652 0.101559 0.724604 0.10352 0.726568 0.10352 0.730472 0.107419 0.732424 0.107419 0.736327 0.11133 0.73828 0.109381 0.73828 0.107419 0.740232 0.10547 0.73828 0.10352 0.73828 0.101559
0 0.677732 0.124999 0.677732 0.12891 0.687505 0.138669 0.691409 0.138669 0.69336 0.136719 0.69336 0.132808 0.689456 0.12891 0.687505 0.12891 0.683589 0.124999
0 0.687505 0.035162 0.685553 0.037111 0.685553 0.039061 0.683589 0.04101 0.683589 0.042971 0.685553 0.04492 0.687505 0.04492 0.69336 0.05078 0.695312 0.048831 0.697264 0.048831 0.699216 0.04687
0 0.689456 0.107419 0.687505 0.109381 0.687505 0.113279 0.691409 0.11719 0.69336 0.11719 0.695312 0.119139 0.697264 0.119139 0.699216 0.121089 0.701169 0.121089 0.701169 0.119139 0.703121 0.11719 0.705073 0.11719 0.703121 0.115228 0.703121 0.113279 0.701169 0.113279 0.699216 0.11133 0.697264 0.11133 0.69336 0.107419
0 0.056637 0.662108 0.054686 0.664058 0.054686 0.666019 0.052733 0.667969 0.052733 0.669918 0.050781 0.671879 0.050781 0.673829 0.052733 0.673829 0.054686 0.675777 0.056637 0.673829 0.058589 0.673829 0.058589 0.671879 0.060541 0.669918 0.060541 0.667969 0.062505 0.666019 0.060541 0.664058 0.058589 0.664058
0 0.048829 0.673829 0.046877 0.675777 0.044925 0.675777 0.042973 0.677739 0.042973 0.679688 0.041021 0.681638 0.041021 0.683599 0.039058 0.685548 0.041021 0.687498 0.041021 0.689459 0.042973 0.689459 0.044925 0.687498 0.048829 0.687498 0.048829 0.685548 0.050781 0.683599 0.050781 0.681638 0.052733 0.679688 0.050781 0.677739 0.050781 0.675777
1 0.542964 0.279296 0.541012 0.281245 0.541012 0.283207 0.53906 0.285156 0.53906 0.287105 0.537108 0.289067 0.537108 0.291016 0.535156 0.292965 0.535156 0.294927 0.533203 0.296876 0.535156 0.298825 0.535156 0.300787 0.537108 0.300787 0.53906 0.302736 0.541012 0.302736 0.542964 0.304685 0.544927 0.302736 0.544927 0.300787 0.546879 0.298825 0.546879 0.296876 0.550783 0.292965 0.550783 0.291016 0.552735 0.289067 0.552735 0.287105 0.554688 0.285156 0.552735 0.283207 0.548831 0.283207 0.546879 0.281245 0.544927 0.281245
0 0.667973 0.019531 0.66602 0.021481 0.66602 0.025391 0.664058 0.027341 0.667973 0.031251 0.669925 0.031251 0.675781 0.037111 0.679685 0.037111 0.679685 0.035162 0.681637 0.033201 0.681637 0.031251 0.671877 0.021481 0.669925 0.021481
0 0.537108 0.158197 0.535156 0.160159 0.529299 0.160159 0.529299 0.173828 0.531251 0.175777 0.533203 0.175777 0.535156 0.177739 0.537108 0.175777 0.537108 0.173828 0.53906 0.171879 0.53906 0.166019 0.541012 0.164057 0.541012 0.162108
0 0.529299 0.11719 0.529299 0.119139 0.527348 0.121089 0.527348 0.12305 0.529299 0.12305 0.533203 0.126948 0.535156 0.126948 0.537108 0.12891 0.53906 0.12891 0.542964 0.124999 0.542964 0.121089 0.53906 0.121089 0.537108 0.119139 0.535156 0.119139 0.533203 0.11719
0 0.761715 0.048831 0.757812 0.05273 0.759764 0.054691 0.759764 0.05664 0.767583 0.06445 0.769535 0.0625 0.773438 0.0625 0.775391 0.060551 0.775391 0.05664 0.773438 0.05664 0.769535 0.05273 0.767583 0.05273 0.765619 0.05078 0.763668 0.05078
0 0.667973 0.171879 0.664058 0.175777 0.664058 0.187498 0.66602 0.189459 0.66602 0.191408 0.667973 0.191408 0.669925 0.193357 0.669925 0.191408 0.671877 0.189459 0.671877 0.183599 0.673829 0.181637 0.673829 0.177739 0.671877 0.175777 0.671877 0.173828 0.669925 0.173828
0 0.609378 0.380866 0.607426 0.382814 0.605474 0.382814 0.599607 0.388674 0.599607 0.390624 0.59375 0.396484 0.59375 0.400394 0.595703 0.400394 0.597654 0.402344 0.601558 0.402344 0.60351 0.400394 0.60351 0.398433 0.607426 0.394535 0.607426 0.392573 0.609378 0.390624 0.609378 0.388674 0.611331 0.386713 0.611331 0.384764 0.609378 0.382814
0 0.574219 0.166019 0.574219 0.171879 0.572267 0.173828 0.572267 0.183599 0.576171 0.183599 0.578123 0.185548 0.580075 0.183599 0.582027 0.183599 0.582027 0.167968 0.580075 0.166019
0 0.582027 0.04687 0.580075 0.048831 0.580075 0.05078 0.582027 0.05078 0.583979 0.05273 0.585942 0.05273 0.589846 0.05664 0.591799 0.05664 0.59375 0.05859 0.595703 0.05859 0.597654 0.05664 0.597654 0.05273 0.595703 0.05273 0.59375 0.05078 0.591799 0.05078 0.589846 0.048831 0.587894 0.048831 0.585942 0.04687
0 0.601558 0.148439 0.599607 0.150388 0.597654 0.150388 0.597654 0.164057 0.599607 0.166019 0.601558 0.166019 0.601558 0.164057 0.60351 0.162108 0.60351 0.158197 0.605474 0.156249 0.605474 0.148439
0 0.62109 0.08203 0.62109 0.083979 0.619138 0.08594 0.619138 0.08789 0.623042 0.0918 0.625005 0.0918 0.626957 0.09375 0.62891 0.09375 0.630862 0.095699 0.634766 0.095699 0.634766 0.089839 0.632814 0.08789 0.630862 0.08789 0.625005 0.08203
0 0.689456 0.175777 0.687505 0.177739 0.685553 0.177739 0.685553 0.183599 0.683589 0.185548 0.683589 0.189459 0.685553 0.191408 0.685553 0.193357 0.687505 0.193357 0.689456 0.191408 0.69336 0.191408 0.69336 0.179688
0 0.216794 0.369145 0.214842 0.371094 0.21289 0.371094 0.210938 0.373044 0.208986 0.373044 0.208986 0.376954 0.216794 0.384764 0.222662 0.384764 0.222662 0.380866 0.224614 0.378904 0.220698 0.375005 0.220698 0.373044
0 0.751955 0.189459 0.750003 0.191408 0.748051 0.191408 0.748051 0.193357 0.746099 0.195307 0.746099 0.201167 0.744136 0.203128 0.744136 0.205078 0.746099 0.207027 0.746099 0.208988 0.748051 0.210938 0.750003 0.208988 0.751955 0.208988 0.751955 0.203128 0.753907 0.201167 0.753907 0.195307 0.755859 0.193357
0 0.681637 0.115228 0.681637 0.12305 0.683589 0.12305 0.687505 0.126948 0.689456 0.126948 0.691409 0.12891 0.697264 0.12891 0.699216 0.126948 0.687505 0.115228
0 0.751955 0.05664 0.751955 0.05859 0.750003 0.060551 0.750003 0.06445 0.751955 0.06445 0.753907 0.066411 0.757812 0.066411 0.759764 0.06836 0.761715 0.06836 0.765619 0.072271 0.767583 0.07031 0.767583 0.066411 0.757812 0.05664
0 0.697264 0.09961 0.695312 0.101559 0.695312 0.10547 0.697264 0.107419 0.697264 0.109381 0.701169 0.109381 0.703121 0.11133 0.705073 0.11133 0.707036 0.113279 0.708988 0.113279 0.71094 0.11133 0.71094 0.109381 0.708988 0.107419 0.708988 0.10547 0.707036 0.10352 0.705073 0.10352 0.701169 0.09961
0 0.544927 0.158197 0.542964 0.160159 0.541012 0.160159 0.542964 0.162108 0.542964 0.164057 0.541012 0.166019 0.541012 0.175777 0.542964 0.177739 0.546879 0.177739 0.548831 0.175777 0.550783 0.175777 0.550783 0.160159 0.548831 0.158197
1 0.023441 0.10547 0.019526 0.109381 0.019526 0.11133 0.01367 0.11719 0.01367 0.119139 0.007814 0.124999 0.007814 0.126948 0.00391 0.130859 0.00391 0.132808 0.001958 0.134769 0.00391 0.136719 0.005862 0.136719 0.011718 0.142579 0.01367 0.142579 0.017574 0.138669 0.017574 0.136719 0.023441 0.130859 0.023441 0.12891 0.031249 0.121089 0.031249 0.119139 0.035154 0.115228 0.035154 0.109381 0.033202 0.109381 0.031249 0.107419 0.031249 0.10547
0 0.66602 0.05664 0.66602 0.05859 0.664058 0.060551 0.664058 0.06445 0.667973 0.06836 0.669925 0.06836 0.673829 0.072271 0.675781 0.07031 0.679685 0.07031 0.677732 0.06836 0.677732 0.066411 0.667973 0.05664
0 0.558591 0.07617 0.556639 0.078119 0.556639 0.08203 0.560543 0.08594 0.562495 0.08594 0.564459 0.08789 0.566411 0.08789 0.568363 0.089839 0.570314 0.08789 0.572267 0.08789 0.572267 0.08203 0.570314 0.08203 0.566411 0.078119 0.564459 0.078119 0.562495 0.07617
1 0.324224 0.05273 0.32226 0.054691 0.320308 0.054691 0.314452 0.060551 0.320308 0.066411 0.32226 0.066411 0.333984 0.078119 0.335936 0.078119 0.343755 0.08594 0.347659 0.08594 0.349611 0.083979 0.349611 0.08203 0.351563 0.080081 0.351563 0.078119 0.339839 0.066411 0.337888 0.066411
0 0.583979 0.166019 0.583979 0.185548 0.585942 0.187498 0.591799 0.187498 0.591799 0.169918 0.589846 0.167968 0.589846 0.166019
0 0.705073 0.009761 0.705073 0.015621 0.707036 0.017582 0.708988 0.017582 0.714844 0.023442 0.718748 0.023442 0.7207 0.021481 0.722652 0.021481 0.722652 0.017582 0.7207 0.015621 0.718748 0.015621 0.712892 0.009761
0 0.695312 0.023442 0.695312 0.027341 0.705073 0.037111 0.707036 0.035162 0.707036 0.033201 0.708988 0.031251 0.708988 0.029302 0.707036 0.027341 0.705073 0.027341 0.701169 0.023442
1 0.417966 0.273436 0.414062 0.277347 0.414062 0.279296 0.404302 0.289067 0.404302 0.291016 0.398434 0.296876 0.398434 0.298825 0.400386 0.298825 0.404302 0.302736 0.406254 0.302736 0.410158 0.306634 0.41211 0.306634 0.414062 0.304685 0.414062 0.302736 0.419918 0.296876 0.419918 0.294927 0.425786 0.289067 0.425786 0.287105 0.42969 0.283207 0.42969 0.279296 0.427738 0.277347 0.427738 0.275385 0.425786 0.275385 0.423833 0.273436
0 0.613282 0.158197 0.611331 0.160159 0.609378 0.160159 0.609378 0.162108 0.607426 0.164057 0.607426 0.166019 0.605474 0.167968 0.605474 0.169918 0.607426 0.171879 0.607426 0.173828 0.609378 0.175777 0.613282 0.175777 0.615234 0.173828 0.615234 0.171879 0.617186 0.169918 0.617186 0.164057 0.619138 0.162108 0.619138 0.160159 0.617186 0.160159 0.615234 0.158197
1 0.38477 0.437504 0.382807 0.439453 0.382807 0.441402 0.380855 0.443364 0.380855 0.445313 0.378903 0.447262 0.388675 0.457033 0.390626 0.457033 0.404302 0.470702 0.406254 0.470702 0.410158 0.466792 0.410158 0.464842 0.414062 0.460932 0.414062 0.457033 0.41211 0.455083 0.410158 0.455083 0.404302 0.449224 0.402339 0.449224 0.39453 0.441402 0.392579 0.441402 0.388675 0.437504
0 0.623042 0.162108 0.62109 0.164057 0.619138 0.164057 0.619138 0.169918 0.617186 0.171879 0.617186 0.179688 0.619138 0.179688 0.62109 0.181637 0.623042 0.179688 0.623042 0.175777 0.625005 0.173828 0.625005 0.166019 0.626957 0.164057 0.626957 0.162108
0 0.271484 0.394535 0.269533 0.396484 0.267581 0.396484 0.267581 0.398433 0.265629 0.400394 0.267581 0.402344 0.267581 0.404293 0.271484 0.404293 0.273437 0.406254 0.275389 0.406254 0.277341 0.408204 0.281245 0.408204 0.281245 0.400394 0.279293 0.400394 0.275389 0.396484 0.273437 0.396484
0 0.556639 0.158197 0.552735 0.162108 0.552735 0.175777 0.550783 0.177739 0.552735 0.177739 0.554688 0.179688 0.556639 0.177739 0.558591 0.177739 0.558591 0.171879 0.560543 0.169918 0.560543 0.160159 0.558591 0.160159
0 0.548831 0.0918 0.544927 0.095699 0.546879 0.097661 0.546879 0.09961 0.548831 0.101559 0.550783 0.101559 0.554688 0.10547 0.560543 0.10547 0.562495 0.10352 0.562495 0.09961 0.560543 0.09961 0.556639 0.095699 0.554688 0.095699 0.550783 0.0918
0 0.81055 0.119139 0.81055 0.121089 0.808598 0.12305 0.808598 0.126948 0.81055 0.126948 0.812502 0.12891 0.822262 0.12891 0.824214 0.130859 0.824214 0.124999 0.82031 0.121089 0.812502 0.121089
0 0.597654 0.033201 0.595703 0.035162 0.59375 0.035162 0.59375 0.04101 0.595703 0.042971 0.597654 0.042971 0.601558 0.04687 0.60351 0.04492 0.605474 0.04492 0.605474 0.042971 0.607426 0.04101 0.607426 0.039061 0.605474 0.037111 0.60351 0.037111 0.599607 0.033201
0 0.712892 0.11133 0.712892 0.113279 0.71094 0.115228 0.71094 0.11719 0.714844 0.121089 0.716796 0.121089 0.7207 0.124999 0.724604 0.124999 0.726568 0.12305 0.726568 0.121089 0.72852 0.119139 0.726568 0.11719 0.724604 0.11719 0.718748 0.11133
0 0.830081 0.027341 0.830081 0.039061 0.835938 0.039061 0.83789 0.037111 0.839842 0.037111 0.839842 0.035162 0.83789 0.033201 0.835938 0.033201
0 0.503912 0.167968 0.501948 0.169918 0.498044 0.169918 0.498044 0.175777 0.496092 0.177739 0.496092 0.187498 0.498044 0.187498 0.499997 0.189459 0.503912 0.189459 0.503912 0.187498 0.505864 0.185548 0.505864 0.177739 0.507816 0.175777 0.507816 0.169918 0.505864 0.167968
1 0.371095 0.414064 0.369143 0.416013 0.365239 0.416013 0.365239 0.423822 0.36719 0.423822 0.371095 0.427733 0.373047 0.427733 0.374999 0.429682 0.376951 0.429682 0.380855 0.433593 0.382807 0.433593 0.38477 0.435542 0.388675 0.435542 0.392579 0.431644 0.392579 0.429682 0.39453 0.427733 0.39453 0.423822 0.392579 0.423822 0.390626 0.421873 0.386722 0.421873 0.38477 0.419924 0.382807 0.419924 0.380855 0.417974 0.376951 0.417974 0.374999 0.416013 0.373047 0.416013
0 0.582027 0.14063 0.580075 0.142579 0.578123 0.142579 0.578123 0.160159 0.582027 0.160159 0.583979 0.158197 0.583979 0.152349 0.585942 0.150388 0.585942 0.14063
0 0.677732 0.175777 0.677732 0.177739 0.675781 0.179688 0.675781 0.185548 0.673829 0.187498 0.673829 0.193357 0.675781 0.193357 0.677732 0.195307 0.679685 0.193357 0.681637 0.193357 0.681637 0.185548 0.683589 0.183599 0.683589 0.179688 0.681637 0.177739 0.681637 0.175777
0 0.808598 0.130859 0.808598 0.132808 0.806646 0.134769 0.806646 0.136719 0.808598 0.136719 0.81055 0.138669 0.818358 0.138669 0.82031 0.136719 0.82031 0.130859
0 0.761715 0.191408 0.759764 0.193357 0.757812 0.193357 0.757812 0.201167 0.755859 0.203128 0.755859 0.208988 0.757812 0.208988 0.759764 0.210938 0.763668 0.210938 0.763668 0.208988 0.765619 0.207027 0.765619 0.195307 0.763668 0.193357 0.763668 0.191408
0 0.566411 0.162108 0.564459 0.164057 0.562495 0.164057 0.562495 0.169918 0.560543 0.171879 0.560543 0.179688 0.562495 0.181637 0.566411 0.181637 0.568363 0.179688 0.570314 0.179688 0.570314 0.173828 0.572267 0.171879 0.572267 0.166019 0.570314 0.164057 0.570314 0.162108
0 0.724604 0.060551 0.722652 0.0625 0.722652 0.066411 0.724604 0.066411 0.72852 0.07031 0.730472 0.07031 0.734375 0.07422 0.740232 0.07422 0.740232 0.07031 0.73828 0.06836 0.73828 0.066411 0.736327 0.06445 0.734375 0.06445 0.730472 0.060551
1 0.250001 0.435542 0.246097 0.439453 0.246097 0.441402 0.24023 0.447262 0.24023 0.449224 0.232421 0.457033 0.232421 0.458982 0.228518 0.462893 0.228518 0.466792 0.23047 0.466792 0.232421 0.468753 0.234373 0.468753 0.236326 0.470702 0.238278 0.470702 0.24023 0.472651 0.244145 0.472651 0.250001 0.466792 0.250001 0.464842 0.259761 0.455083 0.259761 0.453122 0.265629 0.447262 0.265629 0.443364 0.263677 0.441402 0.261714 0.441402 0.25781 0.437504 0.251953 0.437504
0 0.439449 0.000002 0.437498 0.001951 0.433594 0.001951 0.423833 0.011722 0.425786 0.013671 0.425786 0.015621 0.42969 0.019531 0.431642 0.017582 0.433594 0.017582 0.435545 0.015621 0.435545 0.013671 0.439449 0.009761 0.439449 0.007811 0.441402 0.005862 0.441402 0.001951
1 0.589846 0.296876 0.587894 0.298825 0.585942 0.298825 0.583979 0.300787 0.580075 0.300787 0.578123 0.302736 0.578123 0.304685 0.574219 0.308596 0.574219 0.310545 0.572267 0.312495 0.572267 0.314456 0.568363 0.318355 0.568363 0.320316 0.566411 0.322265 0.566411 0.326176 0.568363 0.326176 0.572267 0.330075 0.574219 0.330075 0.576171 0.332036 0.578123 0.330075 0.580075 0.330075 0.582027 0.328125 0.582027 0.326176 0.583979 0.324214 0.583979 0.322265 0.585942 0.320316 0.585942 0.318355 0.589846 0.314456 0.589846 0.312495 0.591799 0.310545 0.591799 0.308596 0.59375 0.306634 0.59375 0.304685 0.595703 0.302736 0.595703 0.300787 0.59375 0.298825 0.59375 0.296876
1 0.595703 0.408204 0.591799 0.412115 0.591799 0.414064 0.585942 0.419924 0.585942 0.421873 0.580075 0.427733 0.580075 0.429682 0.574219 0.435542 0.574219 0.437504 0.570314 0.441402 0.570314 0.445313 0.574219 0.445313 0.576171 0.447262 0.578123 0.447262 0.580075 0.449224 0.582027 0.449224 0.583979 0.447262 0.583979 0.445313 0.589846 0.439453 0.589846 0.437504 0.59375 0.433593 0.59375 0.431644 0.599607 0.425784 0.599607 0.423822 0.605474 0.417974 0.605474 0.416013 0.607426 0.414064 0.605474 0.412115 0.605474 0.410153 0.60351 0.410153 0.601558 0.408204
0 0.648441 0.04492 0.646489 0.04687 0.646489 0.05078 0.648441 0.05078 0.658201 0.060551 0.660153 0.05859 0.662105 0.05859 0.662105 0.054691 0.664058 0.05273 0.662105 0.05078 0.660153 0.05078 0.654297 0.04492
0 0.607426 0.097661 0.605474 0.09961 0.605474 0.101559 0.607426 0.10352 0.607426 0.10547 0.609378 0.10547 0.611331 0.107419 0.613282 0.107419 0.617186 0.11133 0.619138 0.11133 0.62109 0.113279 0.623042 0.11133 0.623042 0.10547 0.62109 0.10547 0.617186 0.101559 0.615234 0.101559 0.611331 0.097661
0 0.748051 0.066411 0.746099 0.06836 0.746099 0.072271 0.748051 0.072271 0.751955 0.07617 0.753907 0.07617 0.757812 0.080081 0.759764 0.078119 0.761715 0.078119 0.761715 0.072271 0.759764 0.072271 0.755859 0.06836 0.753907 0.06836 0.751955 0.066411
0 0.748051 0.150388 0.746099 0.152349 0.742184 0.152349 0.742184 0.154299 0.744136 0.156249 0.744136 0.158197 0.746099 0.160159 0.748051 0.160159 0.751955 0.164057 0.755859 0.164057 0.755859 0.162108 0.757812 0.160159 0.755859 0.158197 0.755859 0.156249 0.753907 0.154299 0.751955 0.154299
0 0.652345 0.080081 0.650393 0.08203 0.646489 0.08203 0.646489 0.08594 0.650393 0.089839 0.652345 0.089839 0.654297 0.0918 0.656249 0.0918 0.658201 0.09375 0.662105 0.09375 0.662105 0.08789 0.660153 0.08594 0.658201 0.08594
0 0.36719 0.300787 0.365239 0.302736 0.363286 0.302736 0.361323 0.304685 0.361323 0.308596 0.36719 0.314456 0.373047 0.314456 0.374999 0.312495 0.374999 0.308596
0 0.222662 0.351565 0.220698 0.353515 0.220698 0.355464 0.218746 0.357425 0.218746 0.361324 0.220698 0.361324 0.224614 0.365234 0.226566 0.365234 0.228518 0.367184 0.23047 0.367184 0.23047 0.365234 0.232421 0.363286 0.232421 0.357425 0.23047 0.357425 0.226566 0.353515 0.224614 0.353515
0 0.634766 0.066411 0.632814 0.06836 0.630862 0.06836 0.630862 0.07422 0.632814 0.07617 0.634766 0.07617 0.638669 0.080081 0.640622 0.080081 0.642573 0.08203 0.644526 0.08203 0.646489 0.080081 0.646489 0.078119 0.648441 0.07617 0.648441 0.07422 0.646489 0.07422 0.644526 0.072271 0.642573 0.072271 0.640622 0.07031 0.638669 0.07031
0 0.703121 0.119139 0.703121 0.121089 0.701169 0.12305 0.703121 0.124999 0.703121 0.126948 0.705073 0.126948 0.708988 0.130859 0.71094 0.130859 0.712892 0.132808 0.714844 0.130859 0.718748 0.130859 0.718748 0.124999 0.716796 0.124999 0.712892 0.121089 0.71094 0.121089 0.708988 0.119139
0 0.773438 0.017582 0.771487 0.019531 0.771487 0.023442 0.773438 0.025391 0.773438 0.027341 0.775391 0.029302 0.775391 0.031251 0.781247 0.031251 0.781247 0.027341 0.779295 0.025391 0.779295 0.023442 0.777343 0.021481 0.777343 0.019531 0.775391 0.017582
0 0.638669 0.060551 0.636718 0.0625 0.636718 0.066411 0.638669 0.066411 0.640622 0.06836 0.642573 0.06836 0.644526 0.07031 0.646489 0.07031 0.648441 0.072271 0.650393 0.072271 0.652345 0.07031 0.652345 0.06445 0.648441 0.06445 0.646489 0.0625 0.644526 0.0625 0.642573 0.060551
0 0.417966 0.021481 0.416014 0.023442 0.416014 0.025391 0.41211 0.029302 0.41211 0.031251 0.410158 0.033201 0.41211 0.035162 0.41211 0.037111 0.417966 0.037111 0.42187 0.033201 0.42187 0.031251 0.425786 0.027341 0.425786 0.025391 0.423833 0.025391 0.42187 0.023442 0.419918 0.023442
0 0.689456 0.027341 0.687505 0.029302 0.689456 0.031251 0.689456 0.033201 0.697264 0.04101 0.699216 0.039061 0.701169 0.039061 0.701169 0.035162 0.69336 0.027341
0 0.736327 0.187498 0.736327 0.195307 0.734375 0.197268 0.734375 0.203128 0.73828 0.207027 0.744136 0.207027 0.742184 0.205078 0.742184 0.203128 0.744136 0.201167 0.744136 0.195307 0.746099 0.193357 0.746099 0.191408 0.748051 0.189459 0.746099 0.187498
1 0.554688 0.287105 0.554688 0.289067 0.552735 0.291016 0.552735 0.292965 0.548831 0.296876 0.548831 0.298825 0.546879 0.300787 0.546879 0.302736 0.542964 0.306634 0.541012 0.306634 0.542964 0.308596 0.544927 0.308596 0.548831 0.312495 0.556639 0.304685 0.556639 0.302736 0.564459 0.294927 0.564459 0.292965 0.562495 0.292965 0.558591 0.289067 0.556639 0.289067