0 0.287109 0.539063 0.281248 0.544921 0.281248 0.554688 0.283206 0.556642 0.283206 0.558592 0.287109 0.5625 0.287109 0.564454 0.28906 0.566404 0.28906 0.568359 0.29297 0.572267 0.294921 0.572267 0.296873 0.574217 0.300782 0.574217 0.310547 0.564454 0.310547 0.558592 0.308595 0.556642 0.308595 0.554688 0.302734 0.54883 0.302734 0.546875 0.298831 0.542967 0.298831 0.541017 0.296873 0.539063
0 0.634765 0.076173 0.630861 0.080077 0.630861 0.111327 0.632813 0.113281 0.642577 0.113281 0.644529 0.111327 0.646487 0.111327 0.646487 0.109373 0.648438 0.107423 0.648438 0.078123 0.646487 0.076173
0 0.697265 0.28711 0.697265 0.289064 0.693362 0.292968 0.693362 0.324218 0.695314 0.326172 0.710939 0.326172 0.710939 0.324218 0.71289 0.322264 0.71289 0.291014 0.708987 0.28711
0 0.328123 0.462893 0.326172 0.464842 0.326172 0.466796 0.32422 0.468751 0.32422 0.470705 0.322268 0.472655 0.322268 0.474609 0.320311 0.476563 0.320311 0.500001 0.318359 0.501955 0.318359 0.503905 0.320311 0.505859 0.337893 0.505859 0.339845 0.503905 0.339845 0.484375 0.341797 0.482422 0.341797 0.464842 0.339845 0.462893
0 0.263671 0.539063 0.259768 0.542967 0.25781 0.542967 0.25781 0.55078 0.259768 0.552733 0.259768 0.554688 0.263671 0.558592 0.263671 0.560546 0.26758 0.564454 0.26758 0.566404 0.271484 0.570313 0.271484 0.572267 0.273435 0.574217 0.277345 0.574217 0.281248 0.570313 0.283206 0.570313 0.287109 0.566404 0.283206 0.5625 0.283206 0.560546 0.281248 0.558592 0.281248 0.556642 0.279296 0.554688 0.279296 0.552733 0.277345 0.55078 0.277345 0.54883 0.275393 0.546875 0.275393 0.544921 0.273435 0.542967 0.273435 0.541017 0.271484 0.539063
0 0.5625 0.566404 0.560548 0.568359 0.558591 0.568359 0.556639 0.570313 0.554688 0.570313 0.552736 0.572267 0.550778 0.572267 0.548827 0.574217 0.546875 0.574217 0.542972 0.578125 0.541014 0.578125 0.541014 0.582029 0.542972 0.583983 0.542972 0.585938 0.546875 0.589842 0.548827 0.587892 0.552736 0.587892 0.554688 0.585938 0.556639 0.585938 0.558591 0.583983 0.560548 0.583983 0.5625 0.582029 0.564452 0.582029 0.566404 0.580079 0.568361 0.580079 0.570313 0.578125 0.574216 0.578125 0.574216 0.572267 0.572264 0.570313 0.572264 0.568359 0.570313 0.566404
0 0.638674 0 0.636716 0 0.636716 0.017578 0.652341 0.017578 0.652341 0
0 0.792968 0.048828 0.792968 0.050782 0.791016 0.052736 0.791016 0.064452 0.824218 0.064452 0.828127 0.060549 0.828127 0.050782 0.826169 0.048828
0 0.957031 0.843749 0.951171 0.849612 0.951171 0.857424 0.957031 0.863282 0.957031 0.865236 0.966796 0.874999 0.966796 0.876953 0.970705 0.880861 0.974608 0.880861 0.980469 0.874999 0.980469 0.867186 0.974608 0.861328 0.974608 0.859374 0.964844 0.849612 0.964844 0.847657 0.960935 0.843749
1 0.779294 0.068361 0.779294 0.08789 0.826169 0.08789 0.826169 0.070311 0.781252 0.070311
11 0.978517 0.074219 0.97656 0.076173 0.972657 0.076173 0.966796 0.082031 0.966796 0.083986 0.964844 0.085936 0.964844 0.08789 0.962892 0.089844 0.962892 0.091798 0.960935 0.093748 0.960935 0.095702 0.958983 0.097656 0.958983 0.103515 0.957031 0.105469 0.957031 0.111327 0.95508 0.113281 0.95508 0.138673 0.957031 0.140623 0.957031 0.144531 0.958983 0.146486 0.958983 0.148435 0.960935 0.15039 0.960935 0.152344 0.982421 0.152344 0.988282 0.146486 0.988282 0.144531 0.990233 0.142577 0.990233 0.140623 0.992185 0.138673 0.992185 0.134765 0.994142 0.13281 0.994142 0.091798 0.992185 0.089844 0.992185 0.08789 0.990233 0.085936 0.990233 0.083986 0.988282 0.082031 0.988282 0.080077 0.98633 0.078123 0.98633 0.076173 0.980469 0.076173
0 0.585938 0.078123 0.582029 0.082031 0.582029 0.093748 0.583986 0.095702 0.585938 0.093748 0.607424 0.093748 0.609375 0.091798 0.609375 0.080077 0.607424 0.080077 0.605466 0.078123
0 0.707029 0.167969 0.705078 0.169923 0.705078 0.173827 0.703126 0.175781 0.703126 0.208985 0.705078 0.210939 0.707029 0.208985 0.718751 0.208985 0.718751 0.207031 0.720703 0.205077 0.720703 0.169923 0.718751 0.167969