0 0.74414 0.7832 0.742189 0.785159 0.738279 0.785159 0.738279 0.787109 0.736328 0.78906 0.736328 0.792969 0.734376 0.79492 0.734376 0.798829 0.732425 0.800779 0.732425 0.802738 0.730467 0.804689 0.730467 0.808589 0.728515 0.810548 0.728515 0.812499 0.730467 0.814449 0.730467 0.816408 0.732425 0.818359 0.734376 0.818359 0.736328 0.820309 0.738279 0.820309 0.740237 0.822268 0.746092 0.822268 0.746092 0.820309 0.74805 0.818359 0.74805 0.816408 0.750001 0.814449 0.750001 0.810548 0.751953 0.808589 0.751953 0.804689 0.753904 0.802738 0.753904 0.800779 0.755862 0.798829 0.755862 0.791019 0.753904 0.78906 0.753904 0.787109 0.751953 0.785159 0.751953 0.7832
0 0.742189 0.974605 0.740237 0.976564 0.740237 0.978515 0.736328 0.982424 0.736328 0.986325 0.738279 0.988284 0.738279 0.996094 0.740237 0.998044 0.740237 1 0.742189 1 0.742189 1 0.74805 1 0.750001 1 0.751953 1 0.753904 1 0.755862 1 0.755862 0.994143 0.753904 0.992185 0.753904 0.978515 0.750001 0.974605
0 0.687501 0.787109 0.683591 0.791019 0.683591 0.796879 0.68164 0.798829 0.68164 0.806639 0.679688 0.808589 0.679688 0.814449 0.677737 0.816408 0.677737 0.820309 0.68164 0.824218 0.685549 0.824218 0.687501 0.826169 0.691403 0.822268 0.693362 0.822268 0.693362 0.818359 0.695313 0.816408 0.695313 0.810548 0.697265 0.808589 0.697265 0.802738 0.699216 0.800779 0.699216 0.796879 0.697265 0.79492 0.697265 0.792969 0.695313 0.791019 0.695313 0.78906 0.693362 0.787109
0 0.843753 0.76758 0.841794 0.76953 0.83594 0.76953 0.83203 0.77344 0.830079 0.77344 0.830079 0.77734 0.83203 0.779299 0.83203 0.787109 0.833982 0.78906 0.833982 0.798829 0.83594 0.800779 0.83594 0.804689 0.837892 0.804689 0.839843 0.806639 0.841794 0.804689 0.843753 0.804689 0.849607 0.798829 0.849607 0.787109 0.847655 0.785159 0.847655 0.77344 0.845704 0.771481 0.845704 0.76953
0 0.796877 0.914065 0.794919 0.916016 0.792967 0.916016 0.791016 0.917966 0.789064 0.917966 0.787106 0.919925 0.783204 0.919925 0.781251 0.921875 0.779294 0.921875 0.777342 0.923826 0.775391 0.923826 0.773439 0.925785 0.773439 0.927735 0.769529 0.931636 0.769529 0.933595 0.767578 0.935545 0.767578 0.939455 0.769529 0.941406 0.769529 0.947266 0.775391 0.953125 0.781251 0.953125 0.785155 0.949216 0.787106 0.949216 0.794919 0.941406 0.796877 0.941406 0.804689 0.933595 0.806641 0.933595 0.808593 0.931636 0.808593 0.919925 0.806641 0.917966 0.806641 0.916016 0.798828 0.916016
0 0.781251 0.048829 0.779294 0.05078 0.773439 0.05078 0.765627 0.05859 0.765627 0.060549 0.767578 0.062499 0.767578 0.068359 0.769529 0.070309 0.769529 0.074219 0.771481 0.076169 0.771481 0.082029 0.773439 0.083988 0.773439 0.085938 0.777342 0.089848 0.783204 0.089848 0.787106 0.085938 0.789064 0.085938 0.789064 0.078128 0.787106 0.076169 0.787106 0.062499 0.785155 0.060549 0.785155 0.05273
0 0.705078 0.792969 0.705078 0.79492 0.703125 0.796879 0.703125 0.800779 0.701174 0.802738 0.701174 0.806639 0.699216 0.808589 0.699216 0.812499 0.697265 0.814449 0.697265 0.818359 0.699216 0.820309 0.699216 0.822268 0.703125 0.826169 0.707029 0.826169 0.707029 0.824218 0.708987 0.822268 0.708987 0.818359 0.710938 0.816408 0.710938 0.812499 0.71289 0.810548 0.71289 0.808589 0.714841 0.806639 0.714841 0.802738 0.7168 0.800779 0.7168 0.796879 0.714841 0.79492 0.714841 0.792969
0 0.871093 0.130857 0.86719 0.134767 0.865232 0.134767 0.865232 0.140627 0.875003 0.150387 0.875003 0.152346 0.882815 0.160156 0.88867 0.160156 0.89258 0.156247 0.894531 0.156247 0.894531 0.154296 0.896482 0.152346 0.896482 0.150387 0.898441 0.148437 0.898441 0.146486 0.896482 0.146486 0.89258 0.142577 0.890628 0.142577 0.886719 0.138668 0.884767 0.138668 0.880857 0.134767 0.878906 0.134767 0.875003 0.130857
0 0.851565 0.76367 0.849607 0.765621 0.849607 0.76758 0.847655 0.76953 0.847655 0.771481 0.849607 0.77344 0.849607 0.77734 0.851565 0.779299 0.851565 0.7832 0.853517 0.785159 0.853517 0.791019 0.855468 0.792969 0.855468 0.796879 0.857419 0.798829 0.857419 0.800779 0.865232 0.800779 0.865232 0.798829 0.86719 0.796879 0.86719 0.791019 0.865232 0.78906 0.865232 0.77539 0.863281 0.77344 0.863281 0.76758 0.859377 0.76367
0 0.771481 0.779299 0.769529 0.78125 0.765627 0.78125 0.765627 0.7832 0.763675 0.785159 0.763675 0.787109 0.761717 0.78906 0.761717 0.792969 0.759766 0.79492 0.759766 0.796879 0.757814 0.798829 0.757814 0.802738 0.755862 0.804689 0.755862 0.806639 0.753904 0.808589 0.753904 0.816408 0.755862 0.816408 0.759766 0.820309 0.761717 0.818359 0.765627 0.818359 0.765627 0.816408 0.767578 0.814449 0.767578 0.812499 0.769529 0.810548 0.769529 0.808589 0.771481 0.806639 0.771481 0.802738 0.773439 0.800779 0.773439 0.798829 0.775391 0.796879 0.775391 0.79492 0.777342 0.792969 0.777342 0.7832 0.775391 0.7832
0 0.988282 0.339842 0.986331 0.341801 0.982421 0.341801 0.97656 0.347652 0.97656 0.349611 0.978518 0.351562 0.978518 0.355471 0.98047 0.357421 0.98047 0.363281 0.982421 0.365232 0.982421 0.369141 0.984373 0.371091 0.984373 0.375001 0.986331 0.376951 0.986331 0.37891 0.992185 0.37891 0.994143 0.376951 0.998046 0.376951 1 0.37305 1 0.36719 0.999998 0.365232 0.999998 0.351562 0.998046 0.349611 0.998046 0.341801 0.996095 0.339842