0 0.830076 0.30078 0.826174 0.304686 0.826174 0.308596 0.828127 0.310547 0.828127 0.312502 0.845703 0.312502 0.847657 0.310547 0.847657 0.306641 0.845703 0.304686 0.845703 0.302735 0.832029 0.302735
0 0.855471 0.882813 0.853517 0.884764 0.84961 0.884764 0.84961 0.900393 0.853517 0.904299 0.857424 0.904299 0.857424 0.902344 0.859373 0.900393 0.859373 0.884764 0.857424 0.882813
0 0.242188 0.148439 0.242188 0.152346 0.244142 0.154297 0.244142 0.156252 0.246095 0.158203 0.259765 0.158203 0.259765 0.156252 0.261719 0.154297 0.261719 0.152346 0.263672 0.150391 0.261719 0.148439
0 0.246095 0.16797 0.244142 0.169921 0.244142 0.175782 0.248049 0.179688 0.250002 0.177733 0.259765 0.177733 0.259765 0.169921 0.257812 0.16797
0 0.884768 0.535155 0.884768 0.546877 0.886717 0.548828 0.886717 0.554689 0.88867 0.55664 0.890624 0.55664 0.894531 0.552734 0.894531 0.53711 0.892577 0.53711 0.890624 0.535155
0 0.515625 0.173827 0.515625 0.179688 0.517579 0.179688 0.519532 0.181639 0.521486 0.179688 0.529295 0.179688 0.529295 0.173827
0 0.982422 0.738281 0.980469 0.740232 0.978515 0.740232 0.978515 0.753906 0.980469 0.753906 0.982422 0.755861 0.986329 0.755861 0.986329 0.740232 0.984375 0.738281
0 0.61328 0.289061 0.61328 0.292967 0.611326 0.294922 0.611326 0.296874 0.61328 0.296874 0.615233 0.298828 0.625 0.298828 0.626954 0.30078 0.628907 0.298828 0.630861 0.298828 0.630861 0.294922 0.628907 0.292967 0.625 0.292967 0.623047 0.291016 0.621094 0.291016 0.61914 0.289061
0 0.199217 0.119142 0.197264 0.121093 0.197264 0.123048 0.20117 0.126954 0.20117 0.128905 0.203124 0.126954 0.216798 0.126954 0.218752 0.124999 0.220705 0.124999 0.220705 0.121093 0.218752 0.119142
0 0.703125 0.839843 0.703125 0.841798 0.701171 0.843749 0.701171 0.847655 0.703125 0.84961 0.705078 0.847655 0.720701 0.847655 0.720701 0.841798 0.718752 0.839843
0 0.912112 0.445312 0.910158 0.447266 0.894531 0.447266 0.894531 0.449218 0.892577 0.451173 0.892577 0.453124 0.894531 0.455079 0.910158 0.455079 0.912112 0.45703 0.916014 0.453124 0.916014 0.449218
0 0.59961 0.515624 0.597656 0.517579 0.59375 0.517579 0.59375 0.523437 0.597656 0.523437 0.59961 0.525391 0.601563 0.525391 0.603517 0.527343 0.607424 0.527343 0.609373 0.529298 0.609373 0.527343 0.611326 0.525391 0.609373 0.523437 0.609373 0.521485 0.607424 0.521485 0.603517 0.517579 0.601563 0.517579
0 0.20117 0.10742 0.199217 0.109375 0.197264 0.109375 0.197264 0.11133 0.199217 0.113281 0.199217 0.117187 0.212891 0.117187 0.216798 0.113281 0.216798 0.11133 0.214845 0.109375 0.214845 0.10742
0 0.835936 0.679687 0.835936 0.681642 0.833983 0.683593 0.833983 0.689454 0.832029 0.691405 0.832029 0.697266 0.833983 0.699217 0.833983 0.701172 0.835936 0.701172 0.837889 0.703127 0.839843 0.701172 0.839843 0.69336 0.841796 0.691405 0.841796 0.681642 0.837889 0.681642
0 0.878908 0.626953 0.876954 0.628908 0.873047 0.628908 0.873047 0.640626 0.875001 0.642577 0.875001 0.644532 0.876954 0.644532 0.878908 0.642577 0.880861 0.642577 0.880861 0.63672 0.882815 0.634765 0.882815 0.628908 0.880861 0.626953
0 0.20117 0.189455 0.199217 0.191406 0.199217 0.193361 0.197264 0.195312 0.197264 0.197267 0.199217 0.199218 0.199217 0.201173 0.212891 0.201173 0.214845 0.199218 0.216798 0.199218 0.216798 0.193361 0.212891 0.189455
0 0.634768 0.873046 0.630861 0.876952 0.630861 0.884764 0.650391 0.884764 0.650391 0.876952 0.648437 0.875001 0.636721 0.875001
0 0.919921 0.236328 0.917967 0.238283 0.91406 0.238283 0.91406 0.242189 0.916014 0.24414 0.916014 0.246095 0.929688 0.246095 0.931641 0.24414 0.931641 0.240234 0.929688 0.238283 0.929688 0.236328
0 0.20117 0.072265 0.20117 0.07422 0.199217 0.076172 0.199217 0.078126 0.20117 0.080078 0.20117 0.082032 0.214845 0.082032 0.216798 0.080078 0.218752 0.080078 0.218752 0.07422 0.216798 0.07422 0.214845 0.072265
0 0.81836 0.44336 0.816406 0.445312 0.814453 0.445312 0.814453 0.449218 0.816406 0.449218 0.81836 0.451173 0.830076 0.451173 0.832029 0.453124 0.833983 0.451173 0.833983 0.447266 0.832029 0.445312 0.820313 0.445312
0 0.621094 0.242189 0.61914 0.24414 0.617187 0.24414 0.617187 0.251952 0.623047 0.251952 0.625 0.253907 0.628907 0.253907 0.630861 0.255858 0.632814 0.253907 0.634768 0.253907 0.634768 0.250001 0.632814 0.248046 0.632814 0.246095 0.628907 0.246095 0.626954 0.24414 0.623047 0.24414
0 0.900391 0.357423 0.896484 0.361329 0.896484 0.367186 0.898438 0.369141 0.898438 0.371092 0.91406 0.371092 0.91406 0.369141 0.916014 0.367186 0.916014 0.36328 0.91406 0.361329 0.91406 0.359374 0.902344 0.359374
0 0.919921 0.189455 0.917967 0.191406 0.91406 0.191406 0.91406 0.197267 0.917967 0.201173 0.931641 0.201173 0.933595 0.203124 0.933595 0.201173 0.935548 0.199218 0.935548 0.193361 0.933595 0.191406 0.933595 0.189455
0 0.312499 0.029299 0.308592 0.033205 0.308592 0.048829 0.310545 0.048829 0.312499 0.05078 0.316406 0.05078 0.316406 0.03125 0.314452 0.03125
0 0.896484 0.53711 0.896484 0.552734 0.898438 0.554689 0.900391 0.554689 0.902344 0.552734 0.902344 0.546877 0.904298 0.544922 0.904298 0.541016 0.902344 0.539061 0.902344 0.53711
0 0.91406 0.128905 0.910158 0.132811 0.910158 0.136717 0.912112 0.138672 0.912112 0.140623 0.91406 0.142578 0.927734 0.142578 0.929688 0.140623 0.931641 0.140623 0.931641 0.134766 0.927734 0.13086 0.916014 0.13086
0 0.466799 0.089845 0.464845 0.091796 0.462892 0.091796 0.460938 0.093751 0.460938 0.113281 0.462892 0.113281 0.464845 0.115236 0.472654 0.115236 0.472654 0.105469 0.474608 0.103514 0.474608 0.095702 0.470705 0.091796 0.468752 0.091796
0 0.937502 0.718751 0.931641 0.724608 0.931641 0.730469 0.933595 0.730469 0.935548 0.73242 0.958985 0.73242 0.960939 0.730469 0.962892 0.730469 0.962892 0.722657 0.960939 0.722657 0.958985 0.720702 0.939455 0.720702
0 0.660158 0.990236 0.658204 0.992187 0.658204 0.998048 0.660158 0.998048 0.662111 0.999999 0.681641 0.999999 0.681641 0.998048 0.679688 0.996093 0.679688 0.992187 0.677734 0.990236
0 0.988282 0.734375 0.988282 0.755861 0.990236 0.755861 0.992189 0.753906 0.996092 0.753906 0.996092 0.738281 0.994143 0.736326 0.994143 0.734375
0 0.796876 0.16797 0.794923 0.169921 0.791016 0.169921 0.791016 0.177733 0.789062 0.179688 0.789062 0.185545 0.791016 0.183594 0.792969 0.183594 0.794923 0.181639 0.796876 0.181639 0.79883 0.179688 0.800783 0.179688 0.802732 0.177733 0.804686 0.177733 0.804686 0.173827 0.802732 0.171876 0.802732 0.169921 0.79883 0.169921
0 0.757812 0.884764 0.757812 0.886719 0.755858 0.88867 0.755858 0.900393 0.757812 0.902344 0.761719 0.902344 0.763672 0.900393 0.763672 0.886719 0.761719 0.886719 0.759765 0.884764
0 0.468752 0.83008 0.468752 0.833986 0.470705 0.835937 0.470705 0.837892 0.482421 0.837892 0.484375 0.835937 0.484375 0.832031 0.482421 0.832031 0.480468 0.83008
0 0.673827 0.824219 0.673827 0.826174 0.671874 0.828125 0.671874 0.832031 0.673827 0.833986 0.691409 0.833986 0.693357 0.832031 0.693357 0.828125 0.689455 0.824219
0 0.900391 0.435548 0.898438 0.437499 0.896484 0.437499 0.896484 0.441405 0.898438 0.44336 0.898438 0.445312 0.910158 0.445312 0.91406 0.441405 0.91406 0.437499 0.912112 0.437499 0.910158 0.435548
0 0.433594 0.796876 0.431641 0.798827 0.427734 0.798827 0.427734 0.800782 0.425781 0.802733 0.427734 0.804688 0.439455 0.804688 0.439455 0.802733 0.441408 0.800782 0.441408 0.798827 0.435548 0.798827
0 0.742189 0.822268 0.742189 0.826174 0.744142 0.828125 0.748045 0.828125 0.749998 0.83008 0.751951 0.828125 0.757812 0.828125 0.759765 0.826174 0.759765 0.824219 0.757812 0.824219 0.755858 0.822268
1 0.61914 0.835937 0.617187 0.837892 0.615233 0.837892 0.61328 0.839843 0.61328 0.845704 0.615233 0.845704 0.617187 0.847655 0.64453 0.847655 0.64453 0.837892 0.642577 0.835937
0 0.583982 0.326171 0.583982 0.328126 0.582029 0.330077 0.582029 0.335938 0.58008 0.337889 0.58008 0.34375 0.583982 0.34375 0.583982 0.341795 0.585936 0.339844 0.585936 0.337889 0.587889 0.335938 0.587889 0.333983 0.589843 0.332032 0.589843 0.328126 0.587889 0.326171
0 0.933595 0.121093 0.933595 0.123048 0.931641 0.124999 0.929688 0.124999 0.931641 0.126954 0.931641 0.128905 0.935548 0.132811 0.935548 0.134766 0.937502 0.136717 0.939455 0.136717 0.941404 0.134766 0.943357 0.134766 0.945311 0.132811 0.947264 0.132811 0.937502 0.123048 0.935548 0.123048
0 0.615233 0.320314 0.61328 0.322265 0.611326 0.322265 0.611326 0.328126 0.61328 0.326171 0.615233 0.328126 0.626954 0.328126 0.626954 0.322265 0.617187 0.322265
0 0.242188 0.138672 0.240235 0.140623 0.246095 0.146484 0.259765 0.146484 0.261719 0.144529 0.265625 0.144529 0.263672 0.142578 0.263672 0.140623 0.261719 0.138672 0.248049 0.138672 0.246095 0.140623 0.244142 0.138672
0 0.830076 0.28711 0.826174 0.291016 0.826174 0.294922 0.830076 0.298828 0.84375 0.298828 0.845703 0.296874 0.847657 0.296874 0.847657 0.292967 0.84375 0.289061 0.832029 0.289061
0 0.964846 0.529298 0.964846 0.539061 0.980469 0.539061 0.982422 0.53711 0.982422 0.533204 0.980469 0.531249 0.980469 0.529298
0 0.916014 0.248046 0.912112 0.251952 0.912112 0.255858 0.91406 0.255858 0.916014 0.257813 0.927734 0.257813 0.927734 0.255858 0.929688 0.253907 0.927734 0.251952 0.927734 0.250001 0.917967 0.250001
0 0.837889 0.654295 0.833983 0.658201 0.833983 0.664062 0.832029 0.666017 0.832029 0.669923 0.833983 0.671875 0.833983 0.67383 0.839843 0.67383 0.84375 0.669923 0.84375 0.664062 0.845703 0.662107 0.845703 0.65625 0.84375 0.654295
0 0.61328 0.328126 0.61328 0.330077 0.611326 0.332032 0.611326 0.333983 0.61328 0.335938 0.625 0.335938 0.626954 0.333983 0.626954 0.332032 0.625 0.330077 0.615233 0.330077
0 0.828127 0.357423 0.826174 0.359374 0.82422 0.359374 0.82422 0.361329 0.826174 0.36328 0.826174 0.367186 0.839843 0.367186 0.841796 0.365235 0.841796 0.361329 0.839843 0.359374 0.839843 0.357423
0 1 0.734375 0.998045 0.738281 0.998045 0.75 0.999998 0.751955 1 0.751955 1 0.75 1 0.748049 1 0.736326 1 0.736326 1 0.734375
0 0.792969 0.029299 0.791016 0.03125 0.787109 0.03125 0.787109 0.041017 0.789062 0.042968 0.791016 0.042968 0.792969 0.044923 0.794923 0.042968 0.794923 0.037111 0.796876 0.035156 0.796876 0.03125 0.794923 0.029299
0 0.916014 0.773436 0.91406 0.775391 0.908205 0.775391 0.906251 0.777342 0.902344 0.777342 0.902344 0.781252 0.906251 0.781252 0.908205 0.783203 0.910158 0.781252 0.91406 0.781252 0.916014 0.779297 0.919921 0.779297 0.919921 0.775391 0.917967 0.775391
0 0.839843 0.601562 0.837889 0.603517 0.835936 0.603517 0.835936 0.609374 0.833983 0.611329 0.833983 0.617186 0.835936 0.617186 0.837889 0.619141 0.839843 0.619141 0.841796 0.617186 0.841796 0.611329 0.84375 0.609374 0.84375 0.603517 0.841796 0.601562
0 0.830076 0.333983 0.828127 0.335938 0.826174 0.335938 0.826174 0.339844 0.828127 0.341795 0.828127 0.34375 0.845703 0.34375 0.847657 0.341795 0.847657 0.339844 0.845703 0.337889 0.845703 0.333983
0 0.919921 0.294922 0.916014 0.298828 0.916014 0.304686 0.91406 0.306641 0.91406 0.310547 0.916014 0.310547 0.917967 0.312502 0.927734 0.312502 0.927734 0.30078 0.925781 0.298828 0.925781 0.296874 0.921874 0.296874
0 0.912112 0.259764 0.910158 0.261719 0.908205 0.261719 0.908205 0.26758 0.910158 0.269531 0.925781 0.269531 0.927734 0.26758 0.927734 0.265625 0.929688 0.26367 0.927734 0.261719 0.927734 0.259764
0 0.839843 0.228516 0.837889 0.23047 0.835936 0.23047 0.835936 0.236328 0.837889 0.238283 0.837889 0.240234 0.851564 0.240234 0.851564 0.238283 0.853517 0.236328 0.853517 0.232422 0.84961 0.228516
0 0.828127 0.275392 0.828127 0.279298 0.826174 0.281249 0.826174 0.285155 0.841796 0.285155 0.84375 0.28711 0.845703 0.285155 0.847657 0.285155 0.847657 0.279298 0.845703 0.279298 0.84375 0.277343 0.830076 0.277343
0 0.546876 0.203124 0.544923 0.205079 0.544923 0.20703 0.541016 0.210936 0.541016 0.212891 0.539062 0.214842 0.539062 0.218748 0.541016 0.220703 0.542969 0.220703 0.54883 0.214842 0.54883 0.212891 0.554685 0.20703 0.552737 0.205079 0.552737 0.203124
0 0.650391 0.103514 0.648437 0.105469 0.646484 0.105469 0.646484 0.10742 0.650391 0.11133 0.660158 0.11133 0.662111 0.113281 0.664065 0.11133 0.664065 0.10742 0.662111 0.105469 0.662111 0.103514
0 0.875001 0.580076 0.875001 0.59375 0.876954 0.595704 0.876954 0.597656 0.880861 0.597656 0.880861 0.595704 0.882815 0.59375 0.882815 0.583986 0.880861 0.582031 0.880861 0.580076
0 0.875001 0.720702 0.871094 0.724608 0.871094 0.728514 0.86914 0.730469 0.86914 0.734375 0.871094 0.736326 0.871094 0.738281 0.873047 0.740232 0.875001 0.740232 0.876954 0.738281 0.878908 0.738281 0.878908 0.724608
0 0.695311 0.884764 0.695311 0.894531 0.697264 0.896483 0.697264 0.898438 0.699218 0.898438 0.701171 0.896483 0.701171 0.892577 0.703125 0.890625 0.703125 0.886719 0.701171 0.884764
0 0.865233 0.091796 0.86328 0.093751 0.861326 0.093751 0.861326 0.11133 0.86328 0.113281 0.86328 0.115236 0.865233 0.113281 0.86914 0.113281 0.871094 0.11133 0.873047 0.11133 0.873047 0.093751 0.871094 0.093751 0.86914 0.091796
0 0.833983 0.460936 0.832029 0.462891 0.830076 0.462891 0.828127 0.464846 0.828127 0.466797 0.826174 0.468752 0.826174 0.476564 0.828127 0.476564 0.830076 0.478515 0.832029 0.478515 0.833983 0.48047 0.835936 0.478515 0.835936 0.470703 0.837889 0.468752 0.837889 0.462891 0.835936 0.462891
0 0.82422 0.367186 0.822267 0.369141 0.820313 0.369141 0.820313 0.374999 0.822267 0.376953 0.822267 0.378905 0.84375 0.378905 0.84375 0.369141 0.826174 0.369141
0 0.796876 0.142578 0.794923 0.144529 0.791016 0.144529 0.789062 0.146484 0.783202 0.146484 0.779295 0.150391 0.777342 0.150391 0.777342 0.152346 0.779295 0.154297 0.779295 0.156252 0.781249 0.156252 0.783202 0.158203 0.785156 0.156252 0.791016 0.156252 0.792969 0.154297 0.800783 0.154297 0.800783 0.152346 0.802732 0.150391 0.802732 0.148439 0.800783 0.146484 0.800783 0.144529 0.79883 0.144529
0 0.626954 0.962889 0.625 0.964844 0.621094 0.964844 0.621094 0.96875 0.623047 0.970702 0.623047 0.972657 0.626954 0.972657 0.628907 0.974608 0.632814 0.974608 0.634768 0.976563 0.636721 0.974608 0.63867 0.974608 0.63867 0.972657 0.640623 0.970702 0.640623 0.966796 0.634768 0.966796 0.632814 0.964844 0.628907 0.964844
0 0.250002 0.10742 0.246095 0.11133 0.246095 0.113281 0.244142 0.115236 0.246095 0.117187 0.261719 0.117187 0.265625 0.113281 0.267579 0.113281 0.267579 0.11133 0.263672 0.10742
0 0.625 0.23047 0.623047 0.232422 0.61914 0.232422 0.61914 0.236328 0.621094 0.238283 0.621094 0.240234 0.626954 0.240234 0.628907 0.242189 0.632814 0.242189 0.634768 0.24414 0.634768 0.242189 0.636721 0.240234 0.636721 0.238283 0.634768 0.236328 0.632814 0.236328 0.628907 0.232422 0.626954 0.232422
0 0.837889 0.626953 0.835936 0.628908 0.833983 0.628908 0.833983 0.646483 0.835936 0.646483 0.837889 0.648438 0.841796 0.648438 0.841796 0.638671 0.84375 0.63672 0.84375 0.628908 0.841796 0.628908 0.839843 0.626953
0 0.246095 0.119142 0.244142 0.121093 0.242188 0.121093 0.242188 0.123048 0.244142 0.124999 0.244142 0.126954 0.261719 0.126954 0.265625 0.123048 0.267579 0.123048 0.267579 0.121093 0.265625 0.119142
0 0.197264 0.175782 0.19531 0.177733 0.193362 0.177733 0.193362 0.179688 0.191408 0.181639 0.191408 0.185545 0.193362 0.1875 0.208984 0.1875 0.208984 0.185545 0.210938 0.183594 0.210938 0.177733 0.208984 0.177733 0.207031 0.175782
0 0.875001 0.599611 0.875001 0.611329 0.873047 0.61328 0.873047 0.623047 0.875001 0.625002 0.875001 0.626953 0.876954 0.626953 0.878908 0.625002 0.880861 0.625002 0.882815 0.623047 0.882815 0.611329 0.884768 0.609374 0.884768 0.599611
0 0.646484 0.093751 0.646484 0.099608 0.648437 0.101563 0.662111 0.101563 0.664065 0.103514 0.664065 0.097657 0.662111 0.095702 0.662111 0.093751
0 0.835936 0.708984 0.833983 0.710939 0.832029 0.710939 0.830076 0.71289 0.830076 0.728514 0.832029 0.730469 0.833983 0.730469 0.835936 0.728514 0.839843 0.728514 0.839843 0.71289
0 0.91406 0.279298 0.91406 0.281249 0.912112 0.283204 0.912112 0.285155 0.910158 0.28711 0.910158 0.289061 0.912112 0.291016 0.912112 0.292967 0.925781 0.292967 0.925781 0.291016 0.927734 0.289061 0.927734 0.28711 0.929688 0.285155 0.925781 0.281249 0.916014 0.281249
0 0.617187 0.265625 0.61328 0.269531 0.61328 0.273437 0.617187 0.277343 0.61914 0.275392 0.621094 0.277343 0.632814 0.277343 0.632814 0.271486 0.630861 0.269531 0.630861 0.26758 0.61914 0.26758
0 0.927734 0.787109 0.927734 0.79297 0.929688 0.794921 0.941404 0.794921 0.943357 0.79297 0.943357 0.791015 0.941404 0.789064 0.929688 0.789064
0 0.82422 0.105469 0.822267 0.10742 0.820313 0.10742 0.820313 0.123048 0.82422 0.123048 0.826174 0.121093 0.830076 0.121093 0.830076 0.10742 0.828127 0.105469
0 0.908205 0.535155 0.904298 0.539061 0.906251 0.541016 0.906251 0.544922 0.904298 0.546877 0.904298 0.552734 0.906251 0.554689 0.906251 0.55664 0.908205 0.55664 0.910158 0.558595 0.912112 0.55664 0.916014 0.55664 0.916014 0.548828 0.91406 0.546877 0.91406 0.53711 0.912112 0.535155
0 0.923828 0.005859 0.923828 0.007814 0.921874 0.009765 0.921874 0.013671 0.923828 0.015626 0.925781 0.013671 0.939455 0.013671 0.939455 0.009765 0.937502 0.007814 0.925781 0.007814
0 0.744142 0.88867 0.744142 0.900393 0.748045 0.900393 0.749998 0.898438 0.749998 0.890625 0.748045 0.88867
0 0.726561 0.998048 0.724608 0.999999 0.724608 1 0.722655 1 0.722655 1 0.724608 1 0.726561 1 0.730468 1 0.732422 1 0.732422 0.999999 0.730468 0.998048
0 0.718752 0.984375 0.716799 0.98633 0.712892 0.98633 0.712892 1 0.714845 1 0.716799 1 0.720701 1 0.720701 1 0.722655 1 0.722655 0.988281
0 0.91406 0.783203 0.91406 0.785158 0.912112 0.787109 0.912112 0.791015 0.91406 0.79297 0.925781 0.79297 0.925781 0.783203
0 0.894531 0.320314 0.892577 0.322265 0.892577 0.32422 0.890624 0.326171 0.890624 0.333983 0.894531 0.337889 0.896484 0.337889 0.898438 0.335938 0.900391 0.335938 0.900391 0.32422 0.898438 0.322265 0.898438 0.320314
0 0.832029 0.24414 0.828127 0.248046 0.826174 0.248046 0.826174 0.250001 0.828127 0.251952 0.828127 0.253907 0.839843 0.253907 0.841796 0.255858 0.84375 0.253907 0.845703 0.253907 0.845703 0.248046 0.84375 0.246095 0.833983 0.246095
0 0.908205 0.408202 0.904298 0.412108 0.904298 0.416014 0.906251 0.417969 0.906251 0.41992 0.919921 0.41992 0.921874 0.417969 0.921874 0.414063 0.919921 0.412108 0.919921 0.410157 0.910158 0.410157
0 0.617187 0.30078 0.615233 0.302735 0.61328 0.302735 0.61328 0.310547 0.623047 0.310547 0.625 0.312502 0.626954 0.310547 0.626954 0.308596 0.628907 0.306641 0.626954 0.304686 0.626954 0.302735 0.61914 0.302735
0 0.992189 0.857422 0.990236 0.859373 0.988282 0.859373 0.988282 0.865234 0.990236 0.867189 0.990236 0.875001 0.994143 0.875001 0.996092 0.876952 0.999998 0.873046 0.999998 0.86914 0.998045 0.867189 0.998045 0.861328 0.994143 0.857422
0 0.250002 0.03125 0.248049 0.033205 0.246095 0.033205 0.246095 0.039062 0.244142 0.041017 0.244142 0.044923 0.246095 0.046874 0.246095 0.048829 0.253905 0.048829 0.253905 0.044923 0.255858 0.042968 0.255858 0.033205 0.253905 0.033205 0.251951 0.03125
0 0.61328 0.253907 0.61328 0.259764 0.615233 0.261719 0.615233 0.26367 0.621094 0.26367 0.623047 0.265625 0.630861 0.265625 0.632814 0.26367 0.632814 0.257813 0.630861 0.257813 0.628907 0.255858 0.625 0.255858 0.623047 0.253907
0 0.826174 0.345701 0.826174 0.347656 0.82422 0.349611 0.82422 0.353517 0.826174 0.355468 0.841796 0.355468 0.841796 0.349611 0.839843 0.347656 0.828127 0.347656
0 0.86914 0.320314 0.865233 0.32422 0.86328 0.32422 0.86328 0.335938 0.867187 0.339844 0.86914 0.339844 0.873047 0.335938 0.873047 0.330077 0.875001 0.328126 0.875001 0.322265 0.873047 0.322265 0.871094 0.320314
0 0.947264 0.527343 0.945311 0.529298 0.945311 0.533204 0.949218 0.53711 0.962892 0.53711 0.962892 0.529298 0.960939 0.527343
0 0.767579 0.000001 0.763672 0.003908 0.761719 0.003908 0.761719 0.007814 0.765626 0.007814 0.767579 0.009765 0.781249 0.009765 0.781249 0.003908 0.779295 0.001953 0.769533 0.001953
0 0.953125 0.734375 0.953125 0.736326 0.951171 0.738281 0.951171 0.751955 0.953125 0.753906 0.953125 0.755861 0.955078 0.755861 0.957032 0.753906 0.960939 0.753906 0.960939 0.746094 0.958985 0.744142 0.958985 0.736326 0.957032 0.734375
0 0.736329 0.884764 0.734375 0.886719 0.732422 0.886719 0.732422 0.898438 0.734375 0.898438 0.736329 0.900393 0.738282 0.900393 0.740236 0.898438 0.740236 0.886719 0.738282 0.884764
0 0.61914 0.015626 0.617187 0.017577 0.61328 0.017577 0.61328 0.019532 0.611326 0.021483 0.611326 0.023438 0.609373 0.025389 0.609373 0.029299 0.615233 0.029299 0.617187 0.027344 0.617187 0.025389 0.61914 0.023438 0.61914 0.021483 0.621094 0.019532 0.621094 0.015626
0 0.468752 0.169921 0.464845 0.173827 0.464845 0.177733 0.466799 0.179688 0.486328 0.179688 0.486328 0.177733 0.488282 0.175782 0.488282 0.171876 0.486328 0.169921
0 0.228514 0.027344 0.224607 0.03125 0.224607 0.042968 0.226561 0.044923 0.230468 0.044923 0.230468 0.042968 0.232421 0.041017 0.232421 0.029299 0.230468 0.029299
0 0.494142 0.003908 0.490235 0.007814 0.488282 0.007814 0.488282 0.009765 0.486328 0.01172 0.486328 0.013671 0.484375 0.015626 0.484375 0.017577 0.482421 0.019532 0.482421 0.023438 0.484375 0.025389 0.484375 0.027344 0.488282 0.027344 0.490235 0.029299 0.492189 0.027344 0.492189 0.025389 0.494142 0.023438 0.494142 0.019532 0.496096 0.017577 0.496096 0.013671 0.498049 0.01172 0.498049 0.005859 0.496096 0.005859
0 0.996092 0.101563 0.990236 0.10742 0.990236 0.11133 0.992189 0.11133 0.994143 0.113281 1 0.113281 1 0.11133 1 0.109375 1 0.10742 1 0.105469 1 0.103514 0.998045 0.103514
0 0.916014 0.070314 0.91406 0.072265 0.91406 0.07422 0.912112 0.076172 0.916014 0.080078 0.916014 0.082032 0.931641 0.082032 0.933595 0.080078 0.933595 0.07422 0.929688 0.070314
0 0.968748 0.730469 0.966799 0.73242 0.966799 0.734375 0.964846 0.736326 0.964846 0.748049 0.966799 0.75 0.966799 0.751955 0.968748 0.751955 0.970701 0.75 0.972655 0.75 0.972655 0.748049 0.974608 0.746094 0.974608 0.73242 0.972655 0.730469
1 0.675781 0.333983 0.673827 0.335938 0.666013 0.335938 0.664065 0.337889 0.664065 0.349611 0.666013 0.351562 0.666013 0.36328 0.667967 0.36328 0.66992 0.365235 0.673827 0.365235 0.675781 0.36328 0.677734 0.36328 0.677734 0.335938
0 0.828127 0.261719 0.828127 0.26367 0.826174 0.265625 0.826174 0.271486 0.828127 0.271486 0.830076 0.273437 0.84375 0.273437 0.845703 0.275392 0.845703 0.273437 0.847657 0.271486 0.847657 0.26758 0.84375 0.26367 0.830076 0.26367
0 0.830076 0.314453 0.828127 0.316408 0.826174 0.316408 0.826174 0.318359 0.828127 0.320314 0.828127 0.322265 0.84375 0.322265 0.845703 0.320314 0.845703 0.318359 0.84375 0.316408 0.84375 0.314453
0 0.611326 0.345701 0.609373 0.347656 0.609373 0.349611 0.611326 0.351562 0.611326 0.353517 0.61328 0.353517 0.617187 0.357423 0.61914 0.357423 0.621094 0.359374 0.623047 0.359374 0.623047 0.357423 0.625 0.355468 0.625 0.353517 0.623047 0.353517 0.61914 0.349611 0.617187 0.349611 0.61328 0.345701
0 0.820313 0.396484 0.820313 0.404296 0.822267 0.406251 0.835936 0.406251 0.835936 0.40039 0.833983 0.398439 0.833983 0.396484
0 0.900391 0.373047 0.900391 0.374999 0.896484 0.378905 0.896484 0.382811 0.900391 0.386721 0.917967 0.386721 0.917967 0.378905 0.916014 0.376953 0.916014 0.374999 0.902344 0.374999
0 0.199217 0.060547 0.199217 0.062498 0.197264 0.064453 0.197264 0.068359 0.199217 0.068359 0.20117 0.070314 0.218752 0.070314 0.218752 0.062498 0.216798 0.062498 0.214845 0.060547
0 0.916014 0.039062 0.91406 0.041017 0.912112 0.041017 0.910158 0.042968 0.910158 0.048829 0.912112 0.048829 0.91406 0.05078 0.937502 0.05078 0.939455 0.048829 0.939455 0.042968 0.937502 0.042968 0.935548 0.041017 0.917967 0.041017
0 0.753905 0.982424 0.753905 0.996093 0.755858 0.996093 0.757812 0.998048 0.761719 0.998048 0.763672 0.996093 0.763672 0.984375 0.761719 0.982424
0 0 0.980469 0 0.984375 0 0.984375 0 0.98633 0 0.988281 0 0.990236 0 0.992187 0 0.992187 0 0.990236 0 0.990236 0 0.988281 0.001951 0.988281 0.001951 0.982424 0.000002 0.980469
0 0.61914 0.277343 0.617187 0.279298 0.615233 0.279298 0.61328 0.281249 0.61328 0.285155 0.617187 0.285155 0.61914 0.28711 0.621094 0.28711 0.623047 0.289061 0.626954 0.289061 0.628907 0.291016 0.628907 0.289061 0.630861 0.28711 0.630861 0.279298 0.621094 0.279298
0 0.609373 0.335938 0.609373 0.337889 0.607424 0.339844 0.607424 0.341795 0.609373 0.34375 0.609373 0.345701 0.611326 0.34375 0.61328 0.34375 0.615233 0.345701 0.617187 0.345701 0.61914 0.347656 0.625 0.347656 0.626954 0.349611 0.626954 0.347656 0.628907 0.345701 0.628907 0.34375 0.626954 0.341795 0.626954 0.339844 0.621094 0.339844 0.61914 0.337889 0.61328 0.337889 0.611326 0.335938
0 0.691409 0.019532 0.689455 0.021483 0.687502 0.021483 0.687502 0.023438 0.685548 0.025389 0.685548 0.03125 0.683595 0.033205 0.683595 0.035156 0.685548 0.037111 0.689455 0.037111 0.693357 0.033205 0.693357 0.03125 0.697264 0.027344 0.697264 0.025389 0.695311 0.023438 0.695311 0.021483 0.693357 0.021483
0 0.871094 0.697266 0.871094 0.699217 0.86914 0.701172 0.86914 0.716796 0.871094 0.716796 0.873047 0.718751 0.875001 0.718751 0.876954 0.716796 0.878908 0.716796 0.878908 0.699217 0.876954 0.699217 0.875001 0.697266
0 0.498049 0.195312 0.496096 0.197267 0.496096 0.208985 0.501951 0.208985 0.503905 0.20703 0.503905 0.205079 0.505858 0.203124 0.505858 0.197267 0.503905 0.195312
0 0.876954 0.67383 0.875001 0.675781 0.871094 0.675781 0.871094 0.689454 0.875001 0.69336 0.878908 0.69336 0.880861 0.691405 0.880861 0.685548 0.882815 0.683593 0.882815 0.677736 0.878908 0.67383
0 0.816406 0.41992 0.816406 0.425781 0.820313 0.429687 0.835936 0.429687 0.837889 0.427736 0.837889 0.421875 0.835936 0.41992
0 0.673827 0.171876 0.66992 0.175782 0.66992 0.179688 0.671874 0.181639 0.685548 0.181639 0.685548 0.179688 0.687502 0.177733 0.685548 0.175782 0.681641 0.175782 0.679688 0.173827 0.675781 0.173827
0 0.927734 0 0.923828 0.001953 0.923828 0.003908 0.925781 0.005859 0.941404 0.005859 0.941404 0
0 0.509765 0.019532 0.509765 0.023438 0.507812 0.025389 0.507812 0.03125 0.509765 0.03125 0.511719 0.033205 0.513672 0.033205 0.513672 0.03125 0.515625 0.029299 0.515625 0.027344 0.517579 0.025389 0.517579 0.021483 0.515625 0.019532
0 0.59375 0.01172 0.589843 0.015626 0.589843 0.017577 0.587889 0.019532 0.587889 0.023438 0.589843 0.025389 0.59375 0.025389 0.59375 0.023438 0.595703 0.021483 0.595703 0.019532 0.597656 0.017577 0.597656 0.013671 0.595703 0.013671
0 0.240235 0.029299 0.238281 0.03125 0.234375 0.03125 0.234375 0.044923 0.238281 0.044923 0.240235 0.042968 0.242188 0.042968 0.242188 0.037111 0.244142 0.035156 0.244142 0.03125 0.242188 0.029299
0 0.820313 0.380859 0.820313 0.390627 0.835936 0.390627 0.837889 0.388672 0.837889 0.384766 0.835936 0.382811 0.822267 0.382811
0 0.000002 0.994142 0 0.996093 0 0.996093 0 0.998048 0 0.998048 0 0.999999 0 1 0 1 0 1 0 1 0 1 0.003904 1 0.003904 0.998048 0.005858 0.996093 0.001951 0.996093
0 0.822267 0.431642 0.820313 0.433593 0.820313 0.435548 0.81836 0.437499 0.833983 0.437499 0.833983 0.433593 0.832029 0.431642
0 0.681641 0.150391 0.679688 0.152346 0.679688 0.160158 0.677734 0.162109 0.677734 0.16797 0.681641 0.171876 0.685548 0.171876 0.687502 0.169921 0.687502 0.162109 0.689455 0.160158 0.689455 0.152346 0.687502 0.150391
0 0.82422 0.32422 0.82422 0.330077 0.826174 0.332032 0.826174 0.333983 0.828127 0.332032 0.839843 0.332032 0.841796 0.330077 0.84375 0.330077 0.84375 0.328126 0.841796 0.326171 0.841796 0.32422
0 0.650391 0.962889 0.648437 0.964844 0.648437 0.966796 0.646484 0.96875 0.646484 0.980469 0.648437 0.980469 0.652344 0.984375 0.654297 0.982424 0.656251 0.982424 0.656251 0.966796 0.652344 0.962889
0 0.451171 0.08789 0.451171 0.089845 0.449217 0.091796 0.449217 0.105469 0.451171 0.10742 0.458985 0.10742 0.458985 0.099608 0.457031 0.097657 0.457031 0.089845 0.455078 0.08789
0 0.291015 0.029299 0.287108 0.033205 0.287108 0.046874 0.289062 0.048829 0.289062 0.05078 0.291015 0.052735 0.294922 0.052735 0.296876 0.05078 0.296876 0.041017 0.298829 0.039062 0.298829 0.033205 0.296876 0.033205 0.292969 0.029299
0 0.498049 0.171876 0.496096 0.173827 0.496096 0.177733 0.507812 0.177733 0.509765 0.175782 0.509765 0.173827 0.507812 0.173827 0.505858 0.171876
0 0.978515 0.857422 0.978515 0.859373 0.976562 0.861328 0.976562 0.873046 0.980469 0.876952 0.986329 0.876952 0.986329 0.875001 0.988282 0.873046 0.988282 0.867189 0.986329 0.865234 0.986329 0.859373 0.984375 0.859373 0.982422 0.857422
0 0.429688 0 0.429688 0 0.427734 0 0.427734 0.003908 0.425781 0.005859 0.425781 0.009765 0.429688 0.013671 0.431641 0.01172 0.433594 0.01172 0.435548 0.009765 0.435548 0.001953 0.437501 0.000001 0.437501 0 0.433594 0
0 0.451171 0.826174 0.449217 0.828125 0.449217 0.832031 0.458985 0.832031 0.460938 0.83008 0.460938 0.828125 0.458985 0.826174
0 0.61328 0.312502 0.611326 0.314453 0.611326 0.320314 0.61328 0.320314 0.615233 0.318359 0.617187 0.320314 0.628907 0.320314 0.628907 0.316408 0.626954 0.314453 0.615233 0.314453
0 0.837889 0.580076 0.837889 0.582031 0.835936 0.583986 0.835936 0.597656 0.837889 0.599611 0.841796 0.599611 0.84375 0.597656 0.84375 0.589843 0.845703 0.587892 0.845703 0.582031 0.84375 0.580076
0 0.917967 0.210936 0.91406 0.214842 0.91406 0.220703 0.916014 0.222654 0.916014 0.224609 0.925781 0.224609 0.929688 0.220703 0.929688 0.214842 0.925781 0.210936
0 0.943357 0.119142 0.943357 0.124999 0.951171 0.132811 0.953125 0.13086 0.957032 0.13086 0.957032 0.126954 0.953125 0.123048 0.953125 0.121093 0.951171 0.119142
0 0.876954 0.650389 0.875001 0.652344 0.871094 0.652344 0.871094 0.664062 0.873047 0.664062 0.875001 0.666017 0.878908 0.666017 0.878908 0.660156 0.880861 0.658201 0.880861 0.652344 0.878908 0.650389
0 0.679688 0.017577 0.677734 0.019532 0.677734 0.021483 0.675781 0.023438 0.675781 0.025389 0.673827 0.027344 0.673827 0.029299 0.671874 0.03125 0.671874 0.035156 0.673827 0.037111 0.675781 0.037111 0.677734 0.035156 0.679688 0.035156 0.681641 0.033205 0.681641 0.03125 0.683595 0.029299 0.683595 0.025389 0.685548 0.023438 0.685548 0.017577
0 0.822267 0.875001 0.81836 0.878907 0.81836 0.902344 0.822267 0.90625 0.826174 0.90625 0.828127 0.904299 0.832029 0.904299 0.832029 0.892577 0.830076 0.890625 0.830076 0.878907 0.826174 0.875001
0 0.923828 0.154297 0.921874 0.156252 0.910158 0.156252 0.908205 0.158203 0.906251 0.158203 0.906251 0.162109 0.910158 0.162109 0.912112 0.164064 0.923828 0.164064 0.925781 0.162109 0.927734 0.162109 0.927734 0.158203
0 0.906251 0.326171 0.904298 0.328126 0.904298 0.330077 0.908205 0.333983 0.919921 0.333983 0.921874 0.335938 0.921874 0.330077 0.919921 0.328126 0.919921 0.326171
0 0.246095 0.128905 0.244142 0.13086 0.242188 0.13086 0.242188 0.134766 0.246095 0.138672 0.248049 0.136717 0.261719 0.136717 0.263672 0.134766 0.263672 0.13086 0.261719 0.13086 0.259765 0.128905
0 0.429688 0.824219 0.429688 0.83008 0.441408 0.83008 0.443362 0.828125 0.443362 0.826174 0.441408 0.824219
0 0.242188 0.201173 0.242188 0.203124 0.240235 0.205079 0.240235 0.208985 0.242188 0.210936 0.259765 0.210936 0.259765 0.205079 0.255858 0.201173
0 0.833983 0.029299 0.833983 0.039062 0.835936 0.041017 0.841796 0.041017 0.841796 0.029299