8 0.296875 0.796876 0.294922 0.798829 0.287108 0.798829 0.275389 0.810547 0.275389 0.8125 0.271485 0.816406 0.271485 0.818359 0.269533 0.820312 0.269533 0.837889 0.271485 0.839842 0.271485 0.845701 0.279299 0.853517 0.279299 0.85547 0.285156 0.861329 0.287108 0.861329 0.291018 0.865235 0.296875 0.865235 0.298827 0.867188 0.304688 0.867188 0.306641 0.869142 0.308593 0.867188 0.316407 0.867188 0.31836 0.865235 0.320312 0.865235 0.322264 0.863282 0.324216 0.863282 0.326174 0.861329 0.328126 0.861329 0.337893 0.851564 0.337893 0.849611 0.339845 0.847658 0.339845 0.845701 0.341797 0.843748 0.341797 0.822265 0.339845 0.820312 0.339845 0.818359 0.335935 0.814453 0.335935 0.8125 0.333983 0.810547 0.333983 0.808594 0.332031 0.806641 0.330078 0.806641 0.328126 0.804688 0.326174 0.804688 0.322264 0.800782 0.320312 0.800782 0.31836 0.798829 0.316407 0.798829 0.314455 0.796876
8 0 0.916014 0 0.917967 0 0.917967 0 0.925783 0 0.927736 0 0.929689 0 0.931642 0 0.933595 0 0.937501 0 0.939454 0 0.945313 0 0.947266 0 0.953125 0 0.955078 0 0.96289 0 0.964843 0 0.968749 0 0.974608 0 0.976561 0 0.980467 0 0.980467 0 0.98242 0 0.98242 0 0.980467 0 0.980467 0 0.978514 0 0.978514 0.003907 0.972655 0.005859 0.972655 0.011721 0.966796 0.011721 0.964843 0.015625 0.960937 0.015625 0.939454 0.013673 0.937501 0.013673 0.931642 0.009763 0.927736 0.009763 0.925783 0.007811 0.92383 0.005859 0.92383 0.001954 0.919924 0.000002 0.919924 0 0.917967 0 0.917967 0 0.916014
8 0.080076 0.220704 0.078124 0.222657 0.076171 0.222657 0.074219 0.22461 0.070314 0.22461 0.068357 0.226563 0.066405 0.226563 0.066405 0.228516 0.064453 0.230469 0.064453 0.232422 0.0625 0.234375 0.0625 0.236328 0.060548 0.238281 0.060548 0.261717 0.0625 0.26367 0.0625 0.265623 0.064453 0.267576 0.064453 0.269529 0.066405 0.271487 0.066405 0.273439 0.068357 0.275392 0.068357 0.277345 0.070314 0.279298 0.070314 0.281251 0.072267 0.281251 0.074219 0.283205 0.078124 0.283205 0.080076 0.285157 0.082033 0.285157 0.083985 0.28711 0.085938 0.285157 0.103513 0.285157 0.10547 0.283205 0.107423 0.283205 0.109375 0.281251 0.111327 0.281251 0.11328 0.279298 0.115232 0.279298 0.121094 0.273439 0.121094 0.271487 0.126956 0.265623 0.126956 0.259764 0.128908 0.257811 0.128908 0.249999 0.126956 0.248046 0.126956 0.242187 0.124998 0.240234 0.124998 0.238281 0.119142 0.232422 0.119142 0.230469 0.115232 0.226563 0.11328 0.226563 0.111327 0.22461 0.107423 0.22461 0.10547 0.222657 0.103513 0.222657 0.101561 0.220704
8 0.021482 0.771482 0.021482 0.785158 0.01953 0.787111 0.01953 0.789064 0.017578 0.791017 0.017578 0.79297 0.015625 0.794923 0.015625 0.806641 0.017578 0.808594 0.01953 0.808594 0.023439 0.8125 0.027344 0.8125 0.029296 0.814453 0.031249 0.814453 0.033201 0.816406 0.042967 0.816406 0.044919 0.814453 0.050781 0.814453 0.050781 0.789064 0.048829 0.787111 0.048829 0.785158 0.046877 0.783205 0.046877 0.781252 0.044919 0.779299 0.044919 0.777346 0.042967 0.777346 0.041015 0.775393 0.03711 0.775393 0.035158 0.773436 0.033201 0.773436 0.031249 0.771482
0 0.066405 0.371094 0.064453 0.373047 0.054686 0.373047 0.056638 0.375 0.056638 0.376953 0.058596 0.378906 0.060548 0.376953 0.064453 0.376953 0.066405 0.375 0.068357 0.375 0.066405 0.373047
0 0.437499 0.242187 0.435547 0.24414 0.433594 0.24414 0.42969 0.248046 0.427732 0.248046 0.42578 0.249999 0.423828 0.249999 0.42578 0.251952 0.42578 0.253905 0.427732 0.251952 0.433594 0.251952 0.435547 0.249999 0.441409 0.249999 0.441409 0.24414 0.439452 0.24414
0 0.230467 0.304688 0.228514 0.306641 0.226562 0.306641 0.22461 0.308594 0.220706 0.308594 0.222658 0.308594 0.226562 0.3125 0.232424 0.3125 0.232424 0.310547 0.234376 0.308594 0.234376 0.306641 0.232424 0.306641
0 0.699221 0.228516 0.697263 0.230469 0.687501 0.230469 0.687501 0.236328 0.699221 0.236328 0.699221 0.234375 0.703125 0.230469 0.701173 0.230469
0 0.275389 0.283205 0.273437 0.285157 0.271485 0.285157 0.26758 0.289063 0.265623 0.289063 0.26758 0.291016 0.26758 0.292969 0.269533 0.291016 0.273437 0.291016 0.273437 0.289063 0.275389 0.28711
0 0.009763 0.386718 0.007811 0.388671 0.005859 0.388671 0.003907 0.390624 0.000002 0.390624 0 0.392577 0.001954 0.396483 0.005859 0.392577 0.007811 0.392577 0.009763 0.390624
0 0.52344 0.216798 0.52344 0.222657 0.531249 0.222657 0.533201 0.22461 0.535158 0.222657 0.53711 0.222657 0.53711 0.218751 0.525392 0.218751
0 0.044919 0.382812 0.042967 0.384765 0.035158 0.384765 0.035158 0.386718 0.033201 0.388671 0.033201 0.390624 0.035158 0.388671 0.039063 0.388671 0.041015 0.386718 0.042967 0.386718 0.042967 0.384765
0 0.316407 0.267576 0.314455 0.269529 0.312498 0.269529 0.310545 0.271487 0.308593 0.271487 0.306641 0.273439 0.304688 0.273439 0.306641 0.275392 0.306641 0.277345 0.308593 0.279298 0.310545 0.277345 0.312498 0.277345 0.314455 0.275392 0.316407 0.275392 0.31836 0.273439 0.320312 0.273439 0.320312 0.269529 0.31836 0.269529
8 0.117189 0.945313 0.115232 0.947266 0.11328 0.947266 0.111327 0.949219 0.109375 0.949219 0.10547 0.953125 0.103513 0.953125 0.101561 0.955078 0.101561 0.957031 0.099608 0.958984 0.099608 0.960937 0.097656 0.96289 0.097656 0.964843 0.095704 0.966796 0.095704 0.984373 0.097656 0.986326 0.097656 0.994142 0.103513 1 0.103513 1 0.107423 1 0.111327 1 0.11328 1 0.115232 1 0.117189 1 0.121094 1 0.123046 1 0.124998 1 0.126956 1 0.128908 1 0.144531 1 0.146483 1 0.148436 1 0.152345 1 0.154297 1 0.154297 1 0.15625 1 0.15625 0.998048 0.158202 0.996095 0.158202 0.968749 0.15625 0.966796 0.15625 0.96289 0.154297 0.960937 0.154297 0.958984 0.150393 0.955078 0.150393 0.953125 0.148436 0.951172 0.146483 0.951172 0.142579 0.947266 0.140626 0.947266 0.138674 0.945313
0 0.054686 0.365235 0.050781 0.369141 0.048829 0.369141 0.046877 0.371094 0.046877 0.375 0.048829 0.373047 0.050781 0.373047 0.052734 0.371094 0.056638 0.371094 0.056638 0.367188
8 0.091794 0.453125 0.08789 0.457031 0.085938 0.457031 0.082033 0.460937 0.080076 0.460937 0.074219 0.466796 0.074219 0.468749 0.066405 0.476561 0.066405 0.480467 0.064453 0.48242 0.064453 0.492189 0.0625 0.494142 0.0625 0.500001 0.064453 0.501954 0.064453 0.507813 0.066405 0.509766 0.066405 0.511719 0.068357 0.513672 0.068357 0.515625 0.070314 0.517578 0.070314 0.519531 0.072267 0.521484 0.107423 0.521484 0.109375 0.519531 0.111327 0.519531 0.11328 0.517578 0.117189 0.517578 0.123046 0.511719 0.124998 0.511719 0.128908 0.507813 0.128908 0.501954 0.13086 0.500001 0.13086 0.478514 0.128908 0.476561 0.128908 0.474608 0.126956 0.472655 0.126956 0.470702 0.115232 0.458984 0.109375 0.458984 0.107423 0.457031 0.101561 0.457031 0.099608 0.455078 0.097656 0.455078 0.095704 0.453125
8 0.212891 0.634768 0.210939 0.63672 0.203125 0.63672 0.201172 0.638674 0.195311 0.638674 0.193358 0.640626 0.193358 0.642579 0.191406 0.644532 0.191406 0.646486 0.189454 0.648438 0.189454 0.652344 0.187501 0.654298 0.187501 0.673828 0.189454 0.675781 0.189454 0.68164 0.191406 0.683593 0.193358 0.683593 0.19922 0.689452 0.203125 0.689452 0.205077 0.691405 0.207029 0.691405 0.208987 0.693358 0.22461 0.693358 0.226562 0.691405 0.228514 0.691405 0.232424 0.687499 0.234376 0.687499 0.244143 0.677734 0.244143 0.675781 0.246095 0.673828 0.246095 0.669922 0.248047 0.667969 0.248047 0.66211 0.25 0.660157 0.25 0.654298 0.248047 0.652344 0.248047 0.648438 0.246095 0.646486 0.244143 0.646486 0.240233 0.642579 0.238281 0.642579 0.236329 0.640626 0.232424 0.640626 0.230467 0.638674 0.228514 0.638674 0.226562 0.63672 0.214844 0.63672
8 0.060548 0.603515 0.046877 0.617186 0.044919 0.617186 0.03711 0.624998 0.03711 0.646486 0.039063 0.648438 0.039063 0.650392 0.042967 0.654298 0.042967 0.65625 0.048829 0.66211 0.048829 0.664062 0.052734 0.667969 0.076171 0.667969 0.078124 0.666016 0.080076 0.666016 0.082033 0.664062 0.083985 0.664062 0.085938 0.66211 0.08789 0.66211 0.089842 0.660157 0.089842 0.658204 0.093752 0.654298 0.093752 0.652344 0.095704 0.650392 0.095704 0.648438 0.097656 0.646486 0.097656 0.644532 0.099608 0.642579 0.099608 0.63672 0.097656 0.634768 0.097656 0.626951 0.095704 0.624998 0.095704 0.623045 0.093752 0.621092 0.093752 0.619139 0.089842 0.615233 0.08789 0.615233 0.082033 0.609374 0.080076 0.609374 0.076171 0.605468 0.0625 0.605468
0 0.25 0.292969 0.248047 0.294923 0.246095 0.294923 0.244143 0.296875 0.242186 0.296875 0.242186 0.300781 0.244143 0.302734 0.248047 0.298829 0.25 0.298829 0.251952 0.296875 0.25 0.294923
8 0.158202 0.789064 0.15625 0.791017 0.140626 0.791017 0.136717 0.794923 0.134765 0.794923 0.13086 0.798829 0.13086 0.800782 0.128908 0.802735 0.128908 0.804688 0.126956 0.806641 0.126956 0.824218 0.128908 0.826171 0.128908 0.833983 0.136717 0.841795 0.136717 0.843748 0.144531 0.851564 0.152345 0.851564 0.154297 0.853517 0.160154 0.853517 0.162112 0.85547 0.167969 0.85547 0.169921 0.853517 0.171873 0.853517 0.173831 0.851564 0.175783 0.851564 0.177735 0.849611 0.179687 0.849611 0.18164 0.847658 0.183592 0.847658 0.187501 0.843748 0.187501 0.841795 0.193358 0.835936 0.193358 0.806641 0.191406 0.804688 0.191406 0.802735 0.189454 0.800782 0.189454 0.798829 0.185549 0.798829 0.183592 0.796876 0.179687 0.796876 0.177735 0.794923 0.175783 0.794923 0.173831 0.79297 0.169921 0.79297 0.167969 0.791017 0.160154 0.791017
8 0.191406 0.457031 0.18164 0.466796 0.18164 0.468749 0.179687 0.470702 0.179687 0.472655 0.177735 0.474608 0.177735 0.480467 0.179687 0.48242 0.179687 0.490236 0.18164 0.492189 0.183592 0.492189 0.189454 0.498048 0.193358 0.498048 0.195311 0.500001 0.19922 0.500001 0.201172 0.501954 0.203125 0.500001 0.212891 0.500001 0.216796 0.496095 0.218748 0.496095 0.220706 0.494142 0.220706 0.492189 0.222658 0.490236 0.222658 0.488283 0.22461 0.48633 0.22461 0.468749 0.220706 0.464843 0.220706 0.46289 0.218748 0.460937 0.216796 0.460937 0.214844 0.458984 0.212891 0.458984 0.210939 0.457031
0 0.232424 0.292969 0.230467 0.294923 0.228514 0.294923 0.226562 0.296875 0.222658 0.296875 0.22461 0.298829 0.22461 0.300781 0.226562 0.302734 0.228514 0.300781 0.230467 0.300781 0.232424 0.298829 0.234376 0.298829 0.234376 0.296875 0.236329 0.294923 0.234376 0.294923
8 0.191406 0.515625 0.189454 0.517578 0.189454 0.519531 0.185549 0.523438 0.185549 0.52539 0.179687 0.53125 0.179687 0.533202 0.177735 0.535156 0.177735 0.548826 0.18164 0.552733 0.18164 0.554686 0.183592 0.556639 0.185549 0.556639 0.189454 0.560549 0.191406 0.560549 0.193358 0.562502 0.208987 0.562502 0.210939 0.560549 0.212891 0.560549 0.214844 0.558596 0.216796 0.558596 0.220706 0.554686 0.222658 0.554686 0.222658 0.552733 0.22461 0.55078 0.22461 0.537108 0.222658 0.535156 0.222658 0.533202 0.218748 0.529297 0.218748 0.527343 0.216796 0.52539 0.216796 0.523438 0.212891 0.519531 0.210939 0.519531 0.207029 0.515625
0 0.035158 0.371094 0.029296 0.376953 0.027344 0.376953 0.025392 0.378906 0.027344 0.380859 0.027344 0.382812 0.029296 0.380859 0.031249 0.380859 0.033201 0.378906 0.035158 0.378906 0.03711 0.376953 0.03711 0.375 0.035158 0.373047
8 0.269533 0.994142 0.26758 0.996095 0.265623 0.996095 0.263671 0.998048 0.261718 0.998048 0.259766 1 0.257814 1 0.253904 1 0.253904 1 0.248047 1 0.248047 1 0.246095 1 0.246095 1 0.244143 1 0.244143 1 0.246095 1 0.246095 1 0.248047 1 0.248047 1 0.25 1 0.253904 1 0.255861 1 0.259766 1 0.277341 1 0.279299 1 0.289061 1 0.291018 1 0.29297 1 0.296875 1 0.298827 1 0.300779 1 0.302736 1 0.302736 1 0.304688 1 0.304688 1 0.302736 1 0.302736 1 0.300779 1 0.300779 1 0.298827 1 0.298827 1 0.294922 1 0.29297 1 0.287108 0.994142
0 0.503907 0.226563 0.501955 0.228516 0.498045 0.228516 0.496093 0.230469 0.490236 0.230469 0.490236 0.234375 0.505859 0.234375 0.507811 0.232422 0.505859 0.230469 0.505859 0.228516
8 0 0.228516 0 0.234375 0 0.234375 0 0.236328 0 0.238281 0 0.240234 0 0.242187 0 0.24414 0 0.246093 0 0.248046 0 0.265623 0 0.267576 0 0.271487 0 0.285157 0 0.285157 0 0.283205 0 0.283205 0 0.279298 0 0.279298 0.001954 0.275392 0.001954 0.273439 0.003907 0.271487 0.003907 0.269529 0.005859 0.267576 0.005859 0.251952 0.003907 0.249999 0.003907 0.24414 0.001954 0.242187 0.001954 0.240234 0.000002 0.238281 0.000002 0.236328 0 0.236328 0 0.234375 0 0.234375 0 0.232422 0 0.232422 0 0.230469 0 0.230469
0 0.54492 0.208986 0.541015 0.212892 0.542968 0.212892 0.54492 0.214845 0.560548 0.214845 0.564453 0.210939 0.5625 0.208986
0 0.263671 0.277345 0.261718 0.279298 0.257814 0.279298 0.255861 0.281251 0.251952 0.281251 0.251952 0.283205 0.253904 0.285157 0.253904 0.28711 0.255861 0.285157 0.257814 0.285157 0.259766 0.283205 0.265623 0.283205 0.265623 0.281251 0.263671 0.279298
0 0.177735 0.316406 0.175783 0.318359 0.173831 0.318359 0.171873 0.320312 0.167969 0.320312 0.169921 0.320312 0.171873 0.322265 0.177735 0.322265 0.177735 0.320312 0.179687 0.318359
0 0.212891 0.3125 0.210939 0.314453 0.201172 0.314453 0.19922 0.316406 0.201172 0.318359 0.201172 0.320312 0.203125 0.322265 0.205077 0.320312 0.207029 0.320312 0.210939 0.316406 0.212891 0.316406
0 0.210939 0.300781 0.208987 0.302734 0.207029 0.302734 0.203125 0.306641 0.201172 0.306641 0.203125 0.308594 0.205077 0.306641 0.207029 0.306641 0.210939 0.302734 0.212891 0.302734
0 0.642579 0.22461 0.640627 0.226563 0.628908 0.226563 0.63086 0.228516 0.63086 0.230469 0.634765 0.230469 0.636717 0.232422 0.638669 0.232422 0.640627 0.234375 0.642579 0.232422 0.642579 0.230469 0.644532 0.228516 0.642579 0.226563