0 0.455079 0.654297 0.431639 0.677732 0.431639 0.679685 0.408206 0.70312 0.408206 0.705082 0.410156 0.707034 0.410156 0.710938 0.412112 0.712891 0.412112 0.716795 0.414062 0.718748 0.414062 0.7207 0.419919 0.7207 0.421876 0.722652 0.423826 0.722652 0.429689 0.728518 0.441409 0.716795 0.441409 0.714843 0.464842 0.691408 0.464842 0.689456 0.476562 0.677732 0.476562 0.67578 0.474612 0.673828 0.474612 0.669924 0.472655 0.667972 0.472655 0.666019 0.470705 0.664058 0.470705 0.662106 0.468749 0.660154 0.468749 0.658201 0.466799 0.656249 0.462892 0.656249 0.460935 0.654297
0 0.183592 0.427731 0.162108 0.449214 0.162108 0.451176 0.140625 0.472659 0.140625 0.476563 0.142576 0.478516 0.142576 0.484372 0.144532 0.486324 0.144532 0.488277 0.146482 0.488277 0.148438 0.490238 0.152345 0.490238 0.154295 0.492191 0.158202 0.492191 0.203125 0.447262 0.203125 0.443358 0.201174 0.441406 0.201174 0.439454 0.189455 0.427731
0 0.609374 0.193356 0.595704 0.20703 0.595704 0.208982 0.568357 0.236332 0.568357 0.238284 0.554687 0.25195 0.554687 0.259768 0.556637 0.26172 0.556637 0.263672 0.558594 0.265624 0.558594 0.267577 0.5625 0.271481 0.566407 0.271481 0.568357 0.273433 0.570314 0.273433 0.572264 0.275394 0.576171 0.275394 0.603517 0.248045 0.603517 0.246093 0.632813 0.216801
0 0.052736 0.429683 0.03711 0.44531 0.03711 0.447262 0.019533 0.464841 0.019533 0.468746 0.021483 0.470707 0.021483 0.474611 0.02344 0.476563 0.02344 0.478516 0.02539 0.480468 0.02539 0.48242 0.035153 0.48242 0.03711 0.484372 0.03906 0.484372 0.041017 0.486324 0.046873 0.480468 0.046873 0.478516 0.056643 0.468746 0.056643 0.466794 0.066406 0.457032 0.066406 0.45508 0.072263 0.449214 0.070313 0.447262 0.070313 0.44531 0.068356 0.443358 0.068356 0.441406 0.066406 0.439454 0.066406 0.437501 0.064456 0.437501 0.060549 0.433597 0.056643 0.433597
0 0.302734 0.279299 0.300784 0.281251 0.300784 0.283203 0.29492 0.28906 0.29492 0.291012 0.289064 0.296878 0.289064 0.29883 0.285157 0.302734 0.285157 0.304687 0.279294 0.310543 0.279294 0.312495 0.273437 0.318362 0.273437 0.320314 0.271487 0.322266 0.273437 0.324218 0.273437 0.32617 0.275394 0.328123 0.275394 0.330075 0.28125 0.33594 0.285157 0.33594 0.287107 0.337893 0.29297 0.337893 0.296877 0.333988 0.296877 0.332027 0.302734 0.32617 0.302734 0.324218 0.308597 0.318362 0.308597 0.316409 0.314453 0.310543 0.314453 0.308591 0.32031 0.302734 0.32031 0.300782 0.324217 0.296878 0.322267 0.294926 0.322267 0.292964 0.31836 0.28906 0.31836 0.287107 0.316404 0.285155 0.314453 0.285155 0.312497 0.283203 0.308597 0.283203 0.30664 0.281251 0.30469 0.281251
0 0.154295 0.519531 0.150388 0.523435 0.150388 0.525387 0.140625 0.535157 0.140625 0.537109 0.132812 0.544919 0.132812 0.546871 0.123049 0.556641 0.123049 0.558593 0.119142 0.562498 0.119142 0.576172 0.123049 0.580076 0.123049 0.582028 0.124999 0.583981 0.132812 0.583981 0.134769 0.585933 0.134769 0.583981 0.140625 0.578124 0.140625 0.576172 0.154295 0.562498 0.154295 0.560545 0.167972 0.546871 0.167972 0.544919 0.175778 0.537109 0.175778 0.533205 0.173828 0.531253 0.173828 0.529301 0.171878 0.527339 0.171878 0.525387 0.169922 0.523435 0.167972 0.523435 0.166015 0.521483 0.164065 0.521483 0.162108 0.519531
0 0.439452 0.265624 0.425782 0.279299 0.425782 0.281251 0.398436 0.308591 0.398436 0.310543 0.384766 0.324218 0.386716 0.32617 0.386716 0.328123 0.390623 0.332027 0.390623 0.333988 0.392579 0.33594 0.392579 0.337893 0.394529 0.339845 0.396486 0.339845 0.398436 0.341797 0.400392 0.341797 0.402342 0.34375 0.406249 0.34375 0.416012 0.333988 0.416012 0.332027 0.433595 0.314457 0.433595 0.312495 0.453122 0.292964 0.453122 0.291012 0.462892 0.281251 0.460935 0.281251 0.457029 0.277347 0.455079 0.277347 0.451172 0.273433 0.449222 0.273433 0.445315 0.269529 0.443359 0.269529
0 0.351563 0.218753 0.349607 0.220706 0.349607 0.222658 0.34375 0.228514 0.34375 0.230466 0.339843 0.234371 0.339843 0.236332 0.335937 0.240236 0.335937 0.242188 0.33008 0.248045 0.33008 0.249998 0.326173 0.253902 0.326173 0.255863 0.322267 0.259768 0.322267 0.26172 0.316404 0.267577 0.316404 0.269529 0.314453 0.271481 0.316404 0.273433 0.316404 0.275394 0.31836 0.277347 0.32031 0.277347 0.324217 0.281251 0.326173 0.281251 0.33008 0.285155 0.333987 0.285155 0.34375 0.275394 0.34375 0.273433 0.365233 0.25195 0.365233 0.249998 0.376953 0.238284 0.376953 0.236332 0.375003 0.234371 0.375003 0.232419 0.373046 0.230466 0.373046 0.228514 0.371096 0.228514 0.367189 0.22461 0.365233 0.22461 0.363283 0.222658 0.361326 0.222658 0.359376 0.220706 0.357419 0.220706 0.355469 0.218753
0 0.248047 0.488277 0.201174 0.535157 0.201174 0.537109 0.203125 0.539062 0.203125 0.542966 0.205081 0.544919 0.205081 0.546871 0.212888 0.554688 0.214844 0.554688 0.216794 0.556641 0.222658 0.556641 0.269531 0.509769 0.269531 0.499999 0.265624 0.496095 0.263674 0.496095 0.257811 0.490238 0.251954 0.490238 0.249997 0.488277
0 0.316404 0.542966 0.30469 0.554688 0.30469 0.556641 0.283201 0.578124 0.283201 0.580076 0.271487 0.591799 0.271487 0.593751 0.273437 0.595703 0.273437 0.597655 0.275394 0.599607 0.275394 0.60156 0.28125 0.607426 0.283201 0.607426 0.285157 0.609378 0.29492 0.609378 0.30469 0.599607 0.30469 0.597655 0.326173 0.576172 0.326173 0.57422 0.337893 0.562498 0.328123 0.552736 0.328123 0.550784 0.324217 0.546871 0.322267 0.546871 0.32031 0.544919 0.31836 0.544919
0 0.416012 0.626957 0.414062 0.628909 0.412112 0.628909 0.410156 0.630861 0.408206 0.630861 0.404299 0.634766 0.404299 0.636718 0.398436 0.642575 0.398436 0.644527 0.390623 0.652345 0.390623 0.654297 0.382809 0.662106 0.382809 0.664058 0.376953 0.669924 0.376953 0.671876 0.373046 0.67578 0.373046 0.681637 0.375003 0.683589 0.375003 0.68555 0.378909 0.689456 0.382809 0.689456 0.384766 0.691408 0.388673 0.691408 0.390623 0.69336 0.394529 0.69336 0.396486 0.695312 0.402342 0.689456 0.402342 0.687502 0.416012 0.673828 0.416012 0.671876 0.429689 0.658201 0.429689 0.656249 0.435545 0.650393 0.435545 0.642575 0.433595 0.640623 0.433595 0.636718 0.425782 0.628909 0.417969 0.628909
0 0.197268 0.544919 0.148438 0.593751 0.150388 0.595703 0.150388 0.597655 0.154295 0.60156 0.154295 0.603512 0.156252 0.605464 0.156252 0.607426 0.160158 0.61133 0.166015 0.61133 0.167972 0.613283 0.207031 0.57422 0.207031 0.570315 0.208981 0.568363 0.208981 0.554688 0.207031 0.552736 0.207031 0.550784 0.205081 0.548832 0.203125 0.548832 0.201174 0.546871 0.199218 0.546871
0 0.642576 0.249998 0.640626 0.25195 0.63672 0.25195 0.634763 0.253902 0.630857 0.253902 0.630857 0.265624 0.628907 0.267577 0.628907 0.281251 0.62695 0.283203 0.62695 0.296878 0.625 0.29883 0.625 0.312495 0.62305 0.314457 0.62305 0.320314 0.62695 0.320314 0.628907 0.322266 0.630857 0.322266 0.632813 0.324218 0.646483 0.324218 0.646483 0.320314 0.64844 0.318362 0.64844 0.312495 0.65039 0.310543 0.65039 0.304687 0.652346 0.302734 0.652346 0.296878 0.654296 0.294926 0.654296 0.28906 0.656253 0.287107 0.656253 0.281251 0.658203 0.279299 0.658203 0.273433 0.660153 0.271481 0.660153 0.265624 0.66211 0.263672 0.66211 0.259768 0.660153 0.257815 0.660153 0.255863 0.658203 0.255863 0.654296 0.25195 0.652346 0.25195 0.65039 0.249998
0 0.427732 0.414065 0.421876 0.419922 0.421876 0.421875 0.412112 0.431644 0.412112 0.433597 0.400392 0.44531 0.400392 0.447262 0.394529 0.453128 0.394529 0.45508 0.396486 0.457032 0.396486 0.458984 0.398436 0.460937 0.398436 0.462889 0.400392 0.464841 0.404299 0.464841 0.408206 0.468746 0.412112 0.468746 0.417969 0.462889 0.417969 0.460937 0.429689 0.449214 0.429689 0.447262 0.441409 0.435549 0.441409 0.433597 0.447265 0.427731 0.447265 0.423827 0.445315 0.421875 0.445315 0.419922 0.439452 0.414065
0 0.476562 0.429683 0.472655 0.433597 0.470705 0.433597 0.460935 0.443358 0.460935 0.44531 0.441409 0.464841 0.441409 0.466794 0.431639 0.476563 0.431639 0.480468 0.433595 0.48242 0.433595 0.488277 0.441409 0.496095 0.451172 0.496095 0.457029 0.490238 0.457029 0.488277 0.466799 0.478516 0.466799 0.476563 0.478518 0.464841 0.478518 0.462889 0.488281 0.453128 0.488281 0.451176 0.494138 0.44531 0.488281 0.439454 0.486325 0.439454
0 0.535154 0.357424 0.529298 0.36328 0.529298 0.365233 0.515628 0.378907 0.515628 0.380859 0.503908 0.392582 0.503908 0.394535 0.490232 0.408199 0.490232 0.410151 0.484375 0.416018 0.484375 0.41797 0.486325 0.419922 0.486325 0.423827 0.488281 0.423827 0.490232 0.425779 0.490232 0.427731 0.492188 0.429683 0.492188 0.433597 0.494138 0.433597 0.496095 0.435549 0.501951 0.435549 0.503908 0.437501 0.505858 0.435549 0.509765 0.435549 0.513671 0.431644 0.513671 0.429683 0.523434 0.419922 0.523434 0.41797 0.533204 0.408199 0.533204 0.406247 0.542968 0.396486 0.542968 0.394535 0.552737 0.384764 0.552737 0.382812 0.556637 0.378907
0 0.384766 0.593751 0.376953 0.60156 0.376953 0.603512 0.363283 0.617187 0.363283 0.619139 0.349607 0.632813 0.349607 0.634766 0.3418 0.642575 0.3418 0.652345 0.34375 0.654297 0.34375 0.658201 0.349607 0.664058 0.351563 0.664058 0.355469 0.667972 0.357419 0.667972 0.361326 0.664058 0.363283 0.664058 0.371096 0.656249 0.371096 0.654297 0.384766 0.640623 0.384766 0.63867 0.400392 0.623044 0.400392 0.621091 0.408206 0.613283 0.404299 0.609378 0.404299 0.607426 0.396486 0.599607 0.396486 0.597655 0.392579 0.593751
0 0.267581 0.253902 0.261717 0.259768 0.261717 0.26172 0.248047 0.275394 0.248047 0.277347 0.234378 0.291012 0.234378 0.292964 0.228514 0.29883 0.228514 0.302734 0.230471 0.304687 0.230471 0.306639 0.234378 0.310543 0.236328 0.310543 0.242184 0.316409 0.242184 0.318362 0.244141 0.320314 0.248047 0.320314 0.249997 0.322266 0.251954 0.320314 0.251954 0.318362 0.257811 0.312495 0.257811 0.310543 0.263674 0.304687 0.263674 0.302734 0.269531 0.296878 0.269531 0.294926 0.275394 0.28906 0.275394 0.287107 0.28125 0.281251 0.28125 0.279299 0.285157 0.275394 0.285157 0.263672 0.277344 0.255863 0.273437 0.255863 0.271487 0.253902
0 0.390623 0.718748 0.388673 0.7207 0.388673 0.722652 0.382809 0.728518 0.382809 0.73047 0.376953 0.736327 0.376953 0.738279 0.371096 0.744144 0.371096 0.746097 0.365233 0.751953 0.365233 0.753905 0.359376 0.759762 0.359376 0.761714 0.353513 0.76758 0.353513 0.769532 0.349607 0.773437 0.349607 0.775389 0.351563 0.777341 0.351563 0.779293 0.355469 0.783206 0.357419 0.783206 0.361326 0.787112 0.363283 0.787112 0.365233 0.789064 0.367189 0.787112 0.373046 0.787112 0.376953 0.783206 0.376953 0.781245 0.386716 0.771484 0.386716 0.769532 0.394529 0.761714 0.394529 0.759762 0.404299 0.750001 0.404299 0.748049 0.408206 0.744144 0.408206 0.740231 0.410156 0.738279 0.410156 0.73047 0.402342 0.722652 0.400392 0.722652 0.396486 0.718748
0 0.537111 0.486324 0.533204 0.490238 0.533204 0.492191 0.525391 0.499999 0.525391 0.501951 0.515628 0.511722 0.515628 0.513674 0.507815 0.521483 0.507815 0.523435 0.500001 0.531253 0.500001 0.533205 0.490232 0.542966 0.490232 0.544919 0.486325 0.548832 0.486325 0.550784 0.488281 0.552736 0.488281 0.556641 0.492188 0.560545 0.496095 0.560545 0.498045 0.562498 0.500001 0.562498 0.503908 0.566402 0.511721 0.566402 0.513671 0.568363 0.519534 0.562498 0.519534 0.560545 0.531248 0.548832 0.531248 0.546871 0.544924 0.533205 0.544924 0.531253 0.556637 0.519531 0.556637 0.517579 0.5625 0.511722 0.5625 0.503903 0.552737 0.494143 0.550781 0.494143 0.546874 0.490238 0.544924 0.490238 0.541018 0.486324
0 0.460935 0.072264 0.458985 0.074216 0.451172 0.074216 0.447265 0.078121 0.447265 0.082034 0.445315 0.083986 0.445315 0.089843 0.443359 0.091795 0.443359 0.097652 0.441409 0.099613 0.441409 0.10547 0.439452 0.107422 0.439452 0.113278 0.437502 0.115231 0.437502 0.121097 0.435545 0.123049 0.435545 0.128906 0.433595 0.130858 0.433595 0.136714 0.431639 0.138676 0.431639 0.144533 0.429689 0.146485 0.429689 0.148437 0.445315 0.148437 0.447265 0.150389 0.457029 0.150389 0.458985 0.152341 0.458985 0.150389 0.460935 0.148437 0.460935 0.144533 0.462892 0.14258 0.462892 0.136714 0.464842 0.134762 0.464842 0.130858 0.466799 0.128906 0.466799 0.125001 0.468749 0.123049 0.468749 0.117183 0.470705 0.115231 0.470705 0.111326 0.472655 0.109374 0.472655 0.10547 0.474612 0.103518 0.474612 0.099613 0.476562 0.097652 0.476562 0.091795 0.478518 0.089843 0.478518 0.085938 0.480468 0.083986 0.480468 0.082034 0.472655 0.074216 0.468749 0.074216 0.466799 0.072264
0 0.091796 0.462889 0.089846 0.464841 0.087889 0.464841 0.085939 0.466794 0.083983 0.466794 0.076169 0.474611 0.076169 0.476563 0.058593 0.494143 0.058593 0.496095 0.05078 0.503903 0.05078 0.505856 0.052736 0.507808 0.052736 0.511722 0.058593 0.517579 0.058593 0.519531 0.060549 0.521483 0.066406 0.521483 0.070313 0.525387 0.078126 0.517579 0.078126 0.515626 0.095702 0.498047 0.095702 0.496095 0.105466 0.486324 0.105466 0.476563 0.103516 0.474611 0.103516 0.472659 0.099609 0.468746 0.097659 0.468746
0 0.087889 0.742183 0.068356 0.761714 0.068356 0.763676 0.046873 0.785159 0.058593 0.796872 0.060549 0.796872 0.0625 0.798824 0.064456 0.798824 0.066406 0.800776 0.072263 0.800776 0.080076 0.792968 0.080076 0.791016 0.097659 0.773437 0.097659 0.771484 0.107422 0.761714 0.107422 0.75781 0.105466 0.755857 0.105466 0.753905 0.103516 0.751953 0.103516 0.750001 0.099609 0.746097 0.097659 0.746097 0.093753 0.742183
0 0.222658 0.578124 0.216794 0.583981 0.216794 0.585933 0.205081 0.597655 0.205081 0.599607 0.191405 0.613283 0.191405 0.615235 0.181642 0.624996 0.179685 0.624996 0.177735 0.626957 0.179685 0.628909 0.179685 0.630861 0.181642 0.632813 0.181642 0.634766 0.183592 0.636718 0.183592 0.63867 0.185548 0.640623 0.187498 0.640623 0.189455 0.642575 0.191405 0.642575 0.193362 0.644527 0.199218 0.644527 0.220701 0.623044 0.222658 0.623044 0.242184 0.603512 0.242184 0.597655 0.240234 0.595703 0.240234 0.587894 0.238284 0.585933 0.238284 0.583981 0.236328 0.582028 0.232421 0.582028 0.230471 0.580076 0.228514 0.580076 0.226564 0.578124
0 0.351563 0.103518 0.349607 0.10547 0.349607 0.107422 0.347656 0.109374 0.347656 0.111326 0.345706 0.113278 0.345706 0.115231 0.34375 0.117183 0.34375 0.119144 0.3418 0.121097 0.3418 0.123049 0.339843 0.125001 0.339843 0.126954 0.337893 0.128906 0.339843 0.128906 0.3418 0.130858 0.34375 0.130858 0.345706 0.13281 0.347656 0.13281 0.349607 0.134762 0.351563 0.134762 0.353513 0.136714 0.355469 0.136714 0.357419 0.138676 0.359376 0.138676 0.361326 0.140628 0.363283 0.140628 0.365233 0.14258 0.367189 0.14258 0.369139 0.144533 0.371096 0.144533 0.373046 0.146485 0.375003 0.146485 0.376953 0.148437 0.378909 0.148437 0.380859 0.150389 0.382809 0.150389 0.384766 0.152341 0.386716 0.152341 0.388673 0.154294 0.390623 0.154294 0.392579 0.156246 0.394529 0.156246 0.396486 0.158207 0.398436 0.158207 0.400392 0.160159 0.404299 0.156246 0.406249 0.156246 0.406249 0.154294 0.408206 0.152341 0.408206 0.150389 0.410156 0.148437 0.410156 0.138676 0.412112 0.136714 0.412112 0.134762 0.408206 0.134762 0.406249 0.13281 0.404299 0.13281 0.402342 0.130858 0.400392 0.130858 0.398436 0.128906 0.396486 0.128906 0.392579 0.125001 0.390623 0.125001 0.388673 0.123049 0.386716 0.123049 0.384766 0.121097 0.382809 0.121097 0.380859 0.119144 0.378909 0.119144 0.376953 0.117183 0.375003 0.117183 0.373046 0.115231 0.371096 0.115231 0.369139 0.113278 0.367189 0.113278 0.363283 0.109374 0.361326 0.109374 0.359376 0.107422 0.357419 0.107422 0.355469 0.10547 0.353513 0.10547
0 0.29297 0.636718 0.289064 0.640623 0.289064 0.642575 0.283201 0.64844 0.283201 0.650393 0.275394 0.658201 0.275394 0.660154 0.269531 0.666019 0.269531 0.667972 0.261717 0.67578 0.261717 0.677732 0.255861 0.683589 0.255861 0.68555 0.251954 0.689456 0.251954 0.695312 0.257811 0.701168 0.261717 0.701168 0.263674 0.70312 0.265624 0.70312 0.267581 0.705082 0.271487 0.705082 0.275394 0.701168 0.275394 0.699216 0.285157 0.689456 0.285157 0.687502 0.29297 0.679685 0.29297 0.677732 0.302734 0.667972 0.302734 0.666019 0.312497 0.656249 0.312497 0.654297 0.316404 0.650393 0.310547 0.644527 0.310547 0.642575 0.30469 0.636718
0 0.148438 0.402343 0.101566 0.449214 0.105466 0.453128 0.105466 0.45508 0.109372 0.458984 0.109372 0.460937 0.111329 0.460937 0.115236 0.464841 0.119142 0.464841 0.121092 0.466794 0.123049 0.466794 0.144532 0.44531 0.144532 0.443358 0.167972 0.419922 0.167972 0.410151 0.166015 0.408199 0.166015 0.406247 0.164065 0.404295 0.162108 0.404295 0.160158 0.402343
0 0.121092 0.490238 0.115236 0.496095 0.115236 0.498047 0.105466 0.507808 0.105466 0.509769 0.095702 0.519531 0.095702 0.521483 0.085939 0.531253 0.085939 0.533205 0.080076 0.539062 0.080076 0.541014 0.078126 0.542966 0.078126 0.544919 0.080076 0.544919 0.082033 0.546871 0.082033 0.548832 0.083983 0.550784 0.083983 0.552736 0.087889 0.552736 0.089846 0.554688 0.097659 0.554688 0.099609 0.552736 0.103516 0.552736 0.107422 0.548832 0.107422 0.546871 0.117186 0.537109 0.117186 0.535157 0.126956 0.525387 0.126956 0.523435 0.136719 0.513674 0.136719 0.511722 0.140625 0.507808 0.140625 0.499999 0.136719 0.496095 0.134769 0.496095 0.128905 0.490238
0 0.738279 0.320314 0.736329 0.322266 0.736329 0.324218 0.734372 0.32617 0.734372 0.328123 0.730465 0.332027 0.730465 0.333988 0.728515 0.33594 0.728515 0.337893 0.724609 0.341797 0.724609 0.34375 0.722659 0.345702 0.722659 0.347654 0.720702 0.349606 0.720702 0.351558 0.716795 0.355472 0.716795 0.357424 0.714845 0.359376 0.714845 0.361328 0.710939 0.365233 0.710939 0.367185 0.708982 0.369137 0.708982 0.371089 0.707033 0.373051 0.707033 0.376955 0.708982 0.378907 0.708982 0.380859 0.710939 0.382812 0.710939 0.384764 0.728515 0.384764 0.730465 0.382812 0.730465 0.380859 0.732422 0.378907 0.732422 0.376955 0.736329 0.373051 0.736329 0.371089 0.738279 0.369137 0.738279 0.367185 0.742186 0.36328 0.742186 0.361328 0.744142 0.359376 0.744142 0.357424 0.748048 0.353519 0.748048 0.351558 0.749999 0.349606 0.749999 0.347654 0.753905 0.34375 0.753905 0.341797 0.755862 0.339845 0.755862 0.337893 0.757812 0.33594 0.755862 0.333988 0.755862 0.332027 0.753905 0.330075 0.753905 0.328123 0.749999 0.324218 0.746092 0.324218 0.744142 0.322266 0.740236 0.322266
0 0.265624 0.833983 0.253904 0.845705 0.253904 0.847657 0.236328 0.865236 0.236328 0.867188 0.218751 0.884768 0.218751 0.88672 0.210938 0.894529 0.222658 0.906251 0.222658 0.908204 0.234378 0.919926 0.283201 0.871093 0.285157 0.871093 0.287107 0.869141 0.287107 0.867188 0.289064 0.865236 0.289064 0.863284 0.291014 0.861332 0.291014 0.859371 0.29297 0.857419 0.289064 0.853514 0.289064 0.851562 0.28125 0.843753 0.28125 0.841801 0.277344 0.837887 0.275394 0.837887 0.271487 0.833983
0 0.218751 0.447262 0.212888 0.453128 0.212888 0.45508 0.201174 0.466794 0.201174 0.468746 0.191405 0.478516 0.191405 0.480468 0.179685 0.492191 0.179685 0.494143 0.173828 0.499999 0.173828 0.509769 0.175778 0.511722 0.175778 0.513674 0.177735 0.515626 0.177735 0.517579 0.183592 0.523435 0.185548 0.521483 0.197268 0.521483 0.199218 0.519531 0.199218 0.517579 0.205081 0.511722 0.205081 0.509769 0.210938 0.503903 0.210938 0.501951 0.216794 0.496095 0.216794 0.494143 0.222658 0.488277 0.222658 0.486324 0.228514 0.480468 0.228514 0.478516 0.234378 0.472659 0.234378 0.470707 0.236328 0.468746 0.236328 0.466794 0.234378 0.464841 0.234378 0.460937 0.232421 0.458984 0.232421 0.457032 0.230471 0.45508 0.230471 0.453128 0.228514 0.453128 0.226564 0.451176 0.224608 0.451176 0.222658 0.449214 0.220701 0.449214
0 0.339843 0 0.337893 0 0.337893 0 0.333987 0 0.333987 0 0.33203 0 0.33203 0 0.328123 0 0.328123 0 0.324217 0.001957 0.324217 0.003909 0.32031 0.007813 0.32031 0.009766 0.31836 0.011718 0.31836 0.01367 0.314453 0.017574 0.314453 0.019527 0.312497 0.021488 0.312497 0.023441 0.314453 0.025393 0.314453 0.029297 0.32031 0.029297 0.322267 0.03125 0.328123 0.03125 0.33008 0.033202 0.33203 0.033202 0.333987 0.03125 0.333987 0.029297 0.335937 0.027345 0.335937 0.025393 0.339843 0.021488 0.339843 0.019527 0.3418 0.017574 0.3418 0.015622 0.345706 0.011718 0.345706 0.009766 0.347656 0.007813 0.347656 0.005861 0.351563 0.001957 0.351563 0 0.353513 0 0.353513 0 0.355469 0 0.357419 0 0.357419 0 0.355469 0 0.355469 0 0.351563 0
1 1 0.320314 1 0.322266 1 0.322266 1 0.324218 1 0.32617 1 0.328123 1 0.330075 1 0.333988 1 0.33594 1 0.339845 1 0.341797 1 0.34375 1 0.345702 1 0.349606 1 0.351558 1 0.355472 1 0.357424 1 0.359376 1 0.361328 1 0.365233 1 0.367185 1 0.371089 1 0.373051 1 0.375003 1 0.376955 1 0.380859 1 0.382812 1 0.384764 1 0.386716 1 0.388669 1 0.390621 1 0.392582 1 0.394535 1 0.398438 1 0.400391 1 0.402343 1 0.404295 1 0.406247 1 0.408199 1 0.412113 1 0.414065 1 0.416018 1 0.41797 1 0.419922 1 0.421875 1 0.423827 1 0.425779 1 0.429683 1 0.431644 1 0.433597 1 0.435549 1 0.437501 1 0.439454 1 0.441406 1 0.443358 1 0.447262 1 0.449214 1 0.451176 1 0.453128 1 0.45508 1 0.457032 1 0.460937 1 0.462889 1 0.464841 1 0.466794 1 0.468746 1 0.470707 1 0.472659 1 0.474611 1 0.478516 1 0.480468 1 0.48242 1 0.484372 1 0.486324 1 0.488277 1 0.492191 1 0.494143 1 0.496095 1 0.498047 1 0.499999 1 0.501951 1 0.503903 1 0.505856 1 0.509769 1 0.511722 1 0.513674 1 0.515626 1 0.517579 1 0.519531 1 0.521483 1 0.523435 1 0.527339 1 0.529301 1 0.531253 1 0.533205 1 0.535157 1 0.537109 1 0.541014 1 0.542966 1 0.544919 0.998046 0.546871 0.998046 0.548832 0.996096 0.550784 0.996096 0.552736 0.994139 0.554688 0.994139 0.556641 0.998046 0.556641 1 0.558593 1 0.558593 1 0.560545 1 0.560545 1 0.562498 1 0.562498 1 0.56445 1 0.56445 1 0.566402 1 0.566402 1 0.568363 1 0.568363 1 0.570315 1 0.568363 1 0.566402 1 0.56445 1 0.562498 1 0.560545 1 0.558593 1 0.554688 1 0.552736 1 0.550784 1 0.548832 1 0.544919 1 0.542966 1 0.541014 1 0.539062 1 0.537109 1 0.535157 1 0.531253 1 0.529301 1 0.527339 1 0.525387 1 0.521483 1 0.519531 1 0.517579 1 0.515626 1 0.513674 1 0.511722 1 0.507808 1 0.505856 1 0.503903 1 0.501951 1 0.499999 1 0.498047 1 0.494143 1 0.492191 1 0.490238 1 0.488277 1 0.484372 1 0.48242 1 0.480468 1 0.478516 1 0.476563 1 0.474611 1 0.470707 1 0.468746 1 0.466794 1 0.464841 1 0.462889 1 0.460937 1 0.457032 1 0.45508 1 0.453128 1 0.451176 1 0.447262 1 0.44531 1 0.443358 1 0.441406 1 0.439454 1 0.437501 1 0.433597 1 0.431644 1 0.429683 1 0.427731 1 0.423827 1 0.421875 1 0.419922 1 0.41797 1 0.416018 1 0.414065 1 0.412113 1 0.410151 1 0.410151 1 0.408199 1 0.406247 1 0.404295 1 0.402343 1 0.400391 1 0.398438 1 0.394535 1 0.392582 1 0.390621 1 0.388669 1 0.384764 1 0.382812 1 0.380859 1 0.378907 1 0.376955 1 0.375003 1 0.371089 1 0.369137 1 0.367185 1 0.365233 1 0.361328 1 0.359376 1 0.357424 1 0.355472 1 0.353519 1 0.351558 1 0.332027 1 0.330075 1 0.328123 1 0.324218 1 0.324218 1 0.322266 1 0.322266 1 0.320314
0 0.501951 0.121097 0.501951 0.123049 0.500001 0.125001 0.500001 0.128906 0.498045 0.130858 0.498045 0.13281 0.496095 0.134762 0.496095 0.138676 0.494138 0.140628 0.494138 0.144533 0.492188 0.146485 0.492188 0.150389 0.490232 0.152341 0.490232 0.154294 0.488281 0.156246 0.488281 0.160159 0.486325 0.162111 0.486325 0.166016 0.484375 0.167968 0.484375 0.16992 0.482425 0.171873 0.482425 0.175777 0.480468 0.177738 0.480468 0.181643 0.484375 0.185547 0.488281 0.185547 0.490232 0.187499 0.492188 0.187499 0.494138 0.189451 0.498045 0.189451 0.500001 0.191404 0.503908 0.191404 0.505858 0.193356 0.505858 0.191404 0.507815 0.189451 0.507815 0.187499 0.509765 0.185547 0.509765 0.181643 0.511721 0.17969 0.511721 0.177738 0.513671 0.175777 0.513671 0.173825 0.515628 0.171873 0.515628 0.167968 0.517578 0.166016 0.517578 0.164063 0.519534 0.162111 0.519534 0.158207 0.521484 0.156246 0.521484 0.154294 0.523434 0.152341 0.523434 0.150389 0.525391 0.148437 0.525391 0.144533 0.527341 0.14258 0.527341 0.140628 0.529298 0.138676 0.529298 0.136714 0.527341 0.134762 0.527341 0.13281 0.521484 0.126954 0.519534 0.126954 0.515628 0.123049 0.509765 0.123049 0.507815 0.121097
0 0.046873 0.70312 0.03906 0.710938 0.03906 0.712891 0.021483 0.73047 0.021483 0.732422 0.01367 0.740231 0.01367 0.744144 0.01172 0.746097 0.01172 0.753905 0.01367 0.753905 0.015627 0.755857 0.019533 0.755857 0.021483 0.75781 0.02344 0.75781 0.027347 0.761714 0.03711 0.751953 0.03711 0.750001 0.056643 0.73047 0.056643 0.728518 0.066406 0.718748 0.066406 0.712891 0.064456 0.710938 0.064456 0.708986 0.0625 0.707034 0.0625 0.705082 0.060549 0.705082 0.058593 0.70312
0 0.199218 0.810547 0.177735 0.83203 0.177735 0.833983 0.156252 0.855466 0.156252 0.863284 0.158202 0.865236 0.158202 0.867188 0.160158 0.867188 0.162108 0.869141 0.164065 0.869141 0.166015 0.871093 0.167972 0.871093 0.169922 0.873045 0.175778 0.873045 0.197268 0.851562 0.199218 0.851562 0.220701 0.830078 0.220701 0.824222 0.218751 0.822269 0.218751 0.820308 0.212888 0.814452 0.210938 0.814452 0.207031 0.810547
0 0.117186 0.373051 0.111329 0.378907 0.111329 0.380859 0.097659 0.394535 0.097659 0.396486 0.083983 0.410151 0.083983 0.412113 0.076169 0.419922 0.078126 0.421875 0.078126 0.423827 0.080076 0.425779 0.080076 0.427731 0.082033 0.429683 0.082033 0.431644 0.083983 0.433597 0.099609 0.433597 0.105466 0.427731 0.105466 0.425779 0.117186 0.414065 0.117186 0.412113 0.130862 0.398438 0.130862 0.396486 0.136719 0.390621 0.136719 0.382812 0.132812 0.378907 0.132812 0.376955 0.128905 0.373051
0 0.259768 0.599607 0.255861 0.603512 0.255861 0.605464 0.249997 0.61133 0.249997 0.613283 0.242184 0.621091 0.242184 0.623044 0.234378 0.630861 0.234378 0.632813 0.228514 0.63867 0.228514 0.640623 0.224608 0.644527 0.224608 0.646488 0.226564 0.64844 0.226564 0.650393 0.228514 0.652345 0.228514 0.654297 0.230471 0.656249 0.230471 0.658201 0.232421 0.660154 0.234378 0.660154 0.236328 0.662106 0.238284 0.662106 0.240234 0.664058 0.248047 0.664058 0.253904 0.658201 0.253904 0.656249 0.265624 0.644527 0.265624 0.642575 0.277344 0.630861 0.277344 0.628909 0.283201 0.623044 0.283201 0.621091 0.28125 0.619139 0.28125 0.617187 0.279294 0.615235 0.279294 0.613283 0.277344 0.613283 0.273437 0.609378 0.271487 0.609378 0.263674 0.60156 0.261717 0.60156
0 0.505858 0.458984 0.501951 0.462889 0.501951 0.464841 0.496095 0.470707 0.496095 0.472659 0.488281 0.480468 0.488281 0.48242 0.482425 0.488277 0.482425 0.490238 0.474612 0.498047 0.474612 0.499999 0.468749 0.505856 0.468749 0.507808 0.464842 0.511722 0.472655 0.519531 0.474612 0.519531 0.484375 0.529301 0.488281 0.525387 0.488281 0.523435 0.498045 0.513674 0.498045 0.511722 0.507815 0.501951 0.507815 0.499999 0.517578 0.490238 0.517578 0.488277 0.523434 0.48242 0.523434 0.480468 0.525391 0.478516 0.525391 0.470707 0.523434 0.468746 0.523434 0.466794 0.515628 0.458984
0 0.363283 0.689456 0.361326 0.691408 0.359376 0.691408 0.355469 0.695312 0.355469 0.697264 0.347656 0.705082 0.347656 0.707034 0.339843 0.714843 0.339843 0.716795 0.33203 0.724613 0.33203 0.726565 0.324217 0.734374 0.324217 0.736327 0.32031 0.740231 0.32031 0.742183 0.322267 0.744144 0.322267 0.748049 0.324217 0.750001 0.324217 0.751953 0.33008 0.75781 0.339843 0.75781 0.3418 0.759762 0.347656 0.753905 0.347656 0.751953 0.357419 0.742183 0.357419 0.740231 0.369139 0.728518 0.369139 0.726565 0.378909 0.716795 0.378909 0.714843 0.384766 0.708986 0.382809 0.707034 0.382809 0.705082 0.380859 0.70312 0.380859 0.701168 0.378909 0.699216 0.378909 0.697264 0.376953 0.695312 0.376953 0.69336 0.375003 0.691408 0.367189 0.691408 0.365233 0.689456
0 0.460935 0.316409 0.441409 0.33594 0.441409 0.337893 0.419919 0.359376 0.419919 0.361328 0.421876 0.36328 0.421876 0.365233 0.423826 0.365233 0.429689 0.371089 0.433595 0.371089 0.439452 0.376955 0.449222 0.367185 0.449222 0.365233 0.466799 0.347654 0.466799 0.345702 0.476562 0.33594 0.476562 0.328123 0.474612 0.32617 0.474612 0.324218 0.472655 0.324218 0.468749 0.320314 0.466799 0.320314 0.462892 0.316409
0 0.03711 0 0.03711 0 0.033203 0 0.033203 0 0.027347 0 0.027347 0 0.021483 0 0.021483 0 0.01367 0 0.01367 0 0.007813 0.003909 0.007813 0.005861 0.003907 0.009766 0.003907 0.01367 0.005857 0.015622 0.005857 0.019527 0.007813 0.019527 0.01367 0.025393 0.015627 0.025393 0.017577 0.027345 0.02539 0.027345 0.027347 0.025393 0.027347 0.023441 0.033203 0.017574 0.033203 0.015622 0.03906 0.009766 0.03906 0.007813 0.044923 0.001957 0.044923 0 0.05078 0 0.05078 0 0.056643 0 0.056643 0 0.058593 0 0.058593 0 0.056643 0 0.056643 0 0.052736 0 0.052736 0 0.046873 0 0.044923 0
0 0.091796 0.669924 0.089846 0.671876 0.089846 0.673828 0.085939 0.677732 0.085939 0.679685 0.082033 0.683589 0.082033 0.68555 0.078126 0.689456 0.078126 0.691408 0.076169 0.69336 0.101566 0.718748 0.103516 0.718748 0.132812 0.748049 0.144532 0.748049 0.146482 0.746097 0.148438 0.746097 0.152345 0.742183 0.152345 0.740231 0.156252 0.736327 0.156252 0.726565 0.150388 0.7207 0.148438 0.7207 0.134769 0.707034 0.132812 0.707034 0.117186 0.691408 0.115236 0.691408 0.101566 0.677732 0.099609 0.677732
0 0.689456 0.28906 0.689456 0.291012 0.687499 0.292964 0.687499 0.294926 0.685549 0.296878 0.685549 0.300782 0.683593 0.302734 0.683593 0.306639 0.681643 0.308591 0.681643 0.310543 0.679686 0.312495 0.679686 0.316409 0.677736 0.318362 0.677736 0.322266 0.675779 0.324218 0.675779 0.32617 0.673829 0.328123 0.673829 0.332027 0.671873 0.333988 0.671873 0.337893 0.669923 0.339845 0.669923 0.341797 0.667966 0.34375 0.667966 0.349606 0.675779 0.357424 0.675779 0.359376 0.677736 0.361328 0.687499 0.361328 0.689456 0.36328 0.691406 0.361328 0.693363 0.361328 0.693363 0.359376 0.695312 0.357424 0.695312 0.355472 0.697263 0.353519 0.697263 0.349606 0.699219 0.347654 0.699219 0.345702 0.701169 0.34375 0.701169 0.341797 0.703126 0.339845 0.703126 0.33594 0.705076 0.333988 0.705076 0.332027 0.707033 0.330075 0.707033 0.32617 0.708982 0.324218 0.708982 0.322266 0.710939 0.320314 0.710939 0.318362 0.712889 0.316409 0.712889 0.312495 0.714845 0.310543 0.714845 0.308591 0.716795 0.306639 0.716795 0.304687 0.714845 0.304687 0.712889 0.302734 0.710939 0.302734 0.707033 0.29883 0.705076 0.29883 0.703126 0.296878 0.701169 0.296878 0.699219 0.294926 0.697263 0.294926 0.693363 0.291012 0.691406 0.291012
0 0 0.632813 0 0.654297 0 0.656249 0 0.679685 0 0.681637 0 0.683589 0 0.68555 0 0.687502 0 0.689456 0 0.691408 0 0.695312 0 0.695312 0 0.697264 0 0.697264 0 0.699216 0 0.699216 0 0.695312 0 0.695312 0 0.68555 0 0.683589 0 0.666019 0 0.664058 0.009763 0.654297 0.009763 0.646488 0.007813 0.644527 0.007813 0.642575 0.005857 0.640623 0.005857 0.63867 0.003907 0.636718 0 0.636718 0 0.634766 0 0.634766 0 0.632813
0 0.119142 0.771484 0.117186 0.773437 0.117186 0.775389 0.111329 0.781245 0.111329 0.783206 0.107422 0.787112 0.107422 0.789064 0.101566 0.79492 0.101566 0.796872 0.097659 0.800776 0.097659 0.802738 0.091796 0.808595 0.091796 0.810547 0.087889 0.814452 0.087889 0.816404 0.082033 0.822269 0.082033 0.824222 0.080076 0.826174 0.080076 0.828126 0.082033 0.830078 0.082033 0.83203 0.083983 0.83203 0.089846 0.837887 0.089846 0.839839 0.095702 0.839839 0.097659 0.841801 0.099609 0.841801 0.101566 0.843753 0.105466 0.839839 0.105466 0.837887 0.111329 0.83203 0.111329 0.830078 0.119142 0.822269 0.119142 0.820308 0.124999 0.814452 0.124999 0.8125 0.132812 0.80469 0.132812 0.802738 0.138669 0.796872 0.138669 0.79492 0.142576 0.791016 0.138669 0.787112 0.136719 0.787112 0.126956 0.777341 0.124999 0.777341
1 0.93164 0.636718 0.92969 0.63867 0.927733 0.63867 0.925783 0.640623 0.923827 0.640623 0.923827 0.642575 0.921877 0.644527 0.921877 0.650393 0.91992 0.652345 0.91992 0.656249 0.91797 0.658201 0.91797 0.662106 0.916013 0.664058 0.916013 0.667972 0.914063 0.669924 0.914063 0.673828 0.912107 0.67578 0.912107 0.681637 0.910157 0.683589 0.910157 0.687502 0.908201 0.689456 0.908201 0.69336 0.90625 0.695312 0.90625 0.699216 0.904294 0.701168 0.904294 0.722652 0.90625 0.724613 0.90625 0.732422 0.904294 0.734374 0.904294 0.744144 0.902344 0.746097 0.902344 0.75781 0.900394 0.759762 0.900394 0.769532 0.898437 0.771484 0.898437 0.783206 0.896487 0.785159 0.896487 0.79492 0.89453 0.796872 0.89453 0.808595 0.892581 0.810547 0.892581 0.820308 0.890624 0.822269 0.890624 0.833983 0.888674 0.835935 0.888674 0.845705 0.886717 0.847657 0.886717 0.859371 0.884767 0.861332 0.884767 0.871093 0.88281 0.873045 0.88281 0.884768 0.88086 0.88672 0.88086 0.896481 0.878904 0.898433 0.878904 0.904299 0.888674 0.904299 0.890624 0.906251 0.902344 0.906251 0.904294 0.908204 0.914063 0.908204 0.916013 0.910156 0.916013 0.900394 0.91797 0.898433 0.91797 0.878901 0.91992 0.876949 0.91992 0.855466 0.921877 0.853514 0.921877 0.833983 0.923827 0.83203 0.923827 0.8125 0.925783 0.810547 0.925783 0.791016 0.927733 0.789064 0.927733 0.76758 0.92969 0.765628 0.92969 0.746097 0.93164 0.744144 0.93164 0.734374 0.933597 0.732422 0.935547 0.732422 0.939453 0.728518 0.941403 0.728518 0.949217 0.7207 0.951173 0.7207 0.953123 0.718748 0.953123 0.714843 0.95508 0.712891 0.95508 0.70312 0.95703 0.701168 0.95703 0.691408 0.958986 0.689456 0.958986 0.681637 0.960936 0.679685 0.960936 0.669924 0.962893 0.667972 0.962893 0.658201 0.964843 0.656249 0.964843 0.650393 0.960936 0.646488 0.960936 0.644527 0.95703 0.640623 0.95508 0.640623 0.951173 0.636718
0 0.400392 0.01367 0.398436 0.015622 0.398436 0.017574 0.396486 0.019527 0.396486 0.021488 0.392579 0.025393 0.392579 0.027345 0.390623 0.029297 0.390623 0.03125 0.386716 0.035154 0.386716 0.037106 0.384766 0.039058 0.384766 0.041019 0.380859 0.044924 0.380859 0.046876 0.378909 0.048829 0.378909 0.050781 0.376953 0.052733 0.376953 0.054685 0.373046 0.058589 0.373046 0.060551 0.371096 0.062503 0.371096 0.064455 0.367189 0.068359 0.367189 0.070312 0.365233 0.072264 0.365233 0.074216 0.361326 0.078121 0.361326 0.080082 0.359376 0.082034 0.359376 0.083986 0.357419 0.085938 0.361326 0.089843 0.361326 0.091795 0.363283 0.093748 0.367189 0.093748 0.371096 0.097652 0.376953 0.097652 0.378909 0.099613 0.386716 0.099613 0.388673 0.097652 0.388673 0.0957 0.390623 0.093748 0.390623 0.091795 0.392579 0.089843 0.392579 0.087891 0.394529 0.085938 0.394529 0.083986 0.398436 0.080082 0.398436 0.078121 0.400392 0.076169 0.400392 0.074216 0.402342 0.072264 0.402342 0.070312 0.404299 0.068359 0.404299 0.066407 0.408206 0.062503 0.408206 0.060551 0.410156 0.058589 0.410156 0.056637 0.412112 0.054685 0.412112 0.052733 0.414062 0.050781 0.414062 0.048829 0.417969 0.044924 0.417969 0.042972 0.419919 0.041019 0.419919 0.039058 0.421876 0.037106 0.421876 0.035154 0.423826 0.033202 0.423826 0.03125 0.425782 0.029297 0.421876 0.025393 0.419919 0.025393 0.417969 0.023441 0.416012 0.023441 0.408206 0.015622 0.402342 0.015622
0 0.154295 0.792968 0.148438 0.798824 0.148438 0.800776 0.136719 0.8125 0.136719 0.814452 0.123049 0.828126 0.123049 0.830078 0.117186 0.835935 0.117186 0.837887 0.119142 0.839839 0.119142 0.843753 0.121092 0.845705 0.121092 0.847657 0.123049 0.849609 0.124999 0.849609 0.128905 0.853514 0.130862 0.853514 0.134769 0.857419 0.136719 0.857419 0.138669 0.859371 0.142576 0.855466 0.142576 0.853514 0.152345 0.843753 0.152345 0.841801 0.162108 0.83203 0.162108 0.830078 0.171878 0.820308 0.171878 0.818356 0.175778 0.814452 0.175778 0.806643 0.173828 0.80469 0.173828 0.802738 0.171878 0.802738 0.167972 0.798824 0.166015 0.798824 0.164065 0.796872 0.162108 0.796872 0.160158 0.79492 0.156252 0.79492