0 0.66992 0.871095 0.667973 0.873051 0.666013 0.873051 0.664066 0.874997 0.662106 0.874997 0.660159 0.876953 0.658199 0.876953 0.656251 0.87891 0.654292 0.87891 0.652344 0.880856 0.650385 0.880856 0.648437 0.882812 0.646489 0.882812 0.64453 0.884768 0.642582 0.884768 0.640623 0.886715 0.638675 0.886715 0.638675 0.898442 0.640623 0.900388 0.640623 0.902344 0.64453 0.902344 0.646489 0.900388 0.648437 0.900388 0.650385 0.898442 0.652344 0.898442 0.654292 0.896486 0.656251 0.896486 0.658199 0.89453 0.662106 0.89453 0.664066 0.892573 0.666013 0.892573 0.667973 0.890627 0.66992 0.890627 0.67188 0.888671 0.673827 0.888671 0.673827 0.886715 0.675787 0.884768 0.675787 0.880856 0.673827 0.87891 0.673827 0.876953 0.67188 0.874997 0.67188 0.873051
0 0.712887 0.621096 0.712887 0.626955 0.710939 0.628911 0.710939 0.632813 0.712887 0.63477 0.712887 0.638672 0.718753 0.638672 0.720701 0.640628 0.726568 0.640628 0.728515 0.642575 0.73437 0.642575 0.736329 0.644531 0.742184 0.644531 0.744143 0.646487 0.744143 0.644531 0.746091 0.642575 0.746091 0.640628 0.748051 0.638672 0.748051 0.632813 0.742184 0.626955 0.73437 0.626955 0.732423 0.624999 0.724608 0.624999 0.722661 0.623042 0.714846 0.623042
0 0.914062 0.179686 0.912114 0.181643 0.912114 0.183599 0.910155 0.185545 0.910155 0.187501 0.908207 0.189457 0.908207 0.191404 0.910155 0.19336 0.910155 0.195316 0.925783 0.195316 0.927731 0.197263 0.941411 0.197263 0.943359 0.199219 0.945307 0.199219 0.945307 0.197263 0.947266 0.195316 0.947266 0.19336 0.949214 0.191404 0.949214 0.185545 0.943359 0.185545 0.941411 0.183599 0.92969 0.183599 0.927731 0.181643 0.916021 0.181643
0 0.806645 0.87891 0.806645 0.880856 0.804686 0.882812 0.804686 0.892573 0.806645 0.89453 0.806645 0.896486 0.837891 0.896486 0.839838 0.898442 0.839838 0.892573 0.841798 0.890627 0.841798 0.87891
0 0.935545 0.968747 0.933597 0.970703 0.931638 0.970703 0.931638 0.972659 0.92969 0.974605 0.92969 0.978518 0.933597 0.98242 0.933597 0.984376 0.947266 0.984376 0.949214 0.986332 0.960935 0.986332 0.962894 0.988279 0.964842 0.986332 0.964842 0.984376 0.966802 0.98242 0.966802 0.976561 0.968749 0.974605 0.966802 0.972659 0.957028 0.972659 0.95508 0.970703 0.945307 0.970703 0.943359 0.968747
0 0.865229 0.638672 0.865229 0.640628 0.863281 0.642575 0.863281 0.644531 0.861333 0.646487 0.861333 0.652346 0.863281 0.654292 0.898433 0.654292 0.898433 0.65039 0.900393 0.648433 0.900393 0.640628 0.898433 0.638672
0 0.75976 0.423826 0.757813 0.425782 0.757813 0.427738 0.755865 0.429685 0.755865 0.441402 0.765627 0.441402 0.767575 0.443358 0.777348 0.443358 0.779296 0.445315 0.789058 0.445315 0.791017 0.447261 0.792965 0.445315 0.792965 0.443358 0.794924 0.441402 0.794924 0.433597 0.792965 0.431641 0.792965 0.427738 0.779296 0.427738 0.777348 0.425782 0.763668 0.425782 0.76172 0.423826
0 0.984378 0.730465 0.984378 0.742183 0.986326 0.744139 0.986326 0.746095 0.988285 0.748051 1 0.748051 1 0.746095 1 0.744139 1 0.734378 1 0.732422 0.986326 0.732422
0 0.367184 0.546879 0.365237 0.548825 0.36133 0.548825 0.36133 0.589846 0.363277 0.589846 0.365237 0.591793 0.369144 0.591793 0.373051 0.58789 0.374999 0.58789 0.376958 0.585934 0.378906 0.585934 0.380865 0.583988 0.382813 0.583988 0.382813 0.576173 0.380865 0.574216 0.380865 0.558596 0.378906 0.55664 0.378906 0.548825 0.371091 0.548825 0.369144 0.546879
0 0.830076 0.779301 0.830076 0.781248 0.828129 0.783204 0.828129 0.78516 0.826169 0.787107 0.828129 0.789062 0.828129 0.791019 0.843745 0.791019 0.845705 0.792965 0.861333 0.792965 0.863281 0.794921 0.865229 0.792965 0.865229 0.781248 0.832036 0.781248
0 0.646489 0.773433 0.64453 0.775389 0.638675 0.775389 0.636716 0.777345 0.630861 0.777345 0.628902 0.779301 0.623047 0.779301 0.621099 0.781248 0.615232 0.781248 0.613285 0.783204 0.607419 0.783204 0.607419 0.789062 0.609378 0.791019 0.609378 0.792965 0.611326 0.794921 0.611326 0.798824 0.613285 0.796878 0.61914 0.796878 0.621099 0.794921 0.624995 0.794921 0.626954 0.792965 0.632809 0.792965 0.634768 0.791019 0.638675 0.791019 0.640623 0.789062 0.646489 0.789062 0.646489 0.78516 0.648437 0.783204 0.648437 0.779301 0.646489 0.777345
0 0.89063 0.976561 0.89063 0.980464 0.888671 0.98242 0.888671 0.990235 0.894526 0.996094 0.917969 0.996094 0.919917 0.99805 0.919917 0.994138 0.921876 0.992191 0.921876 0.984376 0.919917 0.98242 0.919917 0.980464 0.906247 0.980464 0.9043 0.978518 0.892578 0.978518
0 0.677735 0.890627 0.675787 0.892573 0.673827 0.892573 0.67188 0.89453 0.66992 0.89453 0.667973 0.896486 0.664066 0.896486 0.662106 0.898442 0.660159 0.898442 0.658199 0.900388 0.656251 0.900388 0.654292 0.902344 0.652344 0.902344 0.650385 0.904301 0.646489 0.904301 0.64453 0.906247 0.642582 0.906247 0.640623 0.908203 0.638675 0.908203 0.638675 0.910159 0.640623 0.912106 0.640623 0.914062 0.642582 0.916018 0.642582 0.919921 0.64453 0.921877 0.64453 0.923833 0.646489 0.923833 0.648437 0.921877 0.650385 0.921877 0.652344 0.919921 0.654292 0.919921 0.656251 0.917964 0.658199 0.917964 0.660159 0.916018 0.662106 0.916018 0.664066 0.914062 0.666013 0.914062 0.667973 0.912106 0.66992 0.912106 0.67188 0.910159 0.673827 0.910159 0.675787 0.908203 0.677735 0.908203 0.679682 0.906247 0.681642 0.906247 0.681642 0.900388 0.679682 0.898442 0.679682 0.892573
0 0.845705 0.722661 0.841798 0.726563 0.841798 0.732422 0.843745 0.734378 0.843745 0.738281 0.873043 0.738281 0.875002 0.740237 0.87695 0.738281 0.878909 0.738281 0.878909 0.724607 0.847653 0.724607
0 0.718753 0.605466 0.718753 0.607422 0.716794 0.609379 0.716794 0.615237 0.714846 0.617184 0.714846 0.61914 0.720701 0.61914 0.722661 0.621096 0.726568 0.621096 0.728515 0.623042 0.73437 0.623042 0.736329 0.624999 0.742184 0.624999 0.744143 0.626955 0.748051 0.626955 0.749998 0.628911 0.751958 0.628911 0.751958 0.626955 0.753906 0.624999 0.753906 0.617184 0.749998 0.613281 0.744143 0.613281 0.742184 0.611325 0.736329 0.611325 0.73437 0.609379 0.728515 0.609379 0.726568 0.607422 0.720701 0.607422
0 0.767575 0.845704 0.767575 0.84766 0.765627 0.849606 0.765627 0.851562 0.763668 0.853518 0.763668 0.855465 0.765627 0.857421 0.765627 0.861324 0.775389 0.861324 0.777348 0.86328 0.789058 0.86328 0.791017 0.865236 0.800779 0.865236 0.802738 0.867192 0.806645 0.86328 0.806645 0.851562 0.794924 0.851562 0.792965 0.849606 0.783203 0.849606 0.781255 0.84766 0.769534 0.84766
0 0.984378 0.748051 0.982419 0.749998 0.982419 0.751954 0.978511 0.755857 0.980471 0.757813 0.980471 0.759769 0.982419 0.761715 0.982419 0.763671 1 0.763671 1 0.765628 1 0.763671 1 0.761715 1 0.759769 1 0.75391 1 0.75391 1 0.751954 0.999994 0.751954 0.998047 0.749998 0.986326 0.749998
0 0.73437 0.999996 0.730463 1 0.728515 1 0.724608 1 0.722661 1 0.718753 1 0.716794 1 0.712887 1 0.710939 1 0.707032 1 0.705073 1 0.705073 1 0.707032 1 0.707032 1 0.70898 1 0.70898 1 0.710939 1 0.712887 1 0.714846 1 0.716794 1 0.720701 1 0.722661 1 0.726568 1 0.728515 1 0.730463 1 0.732423 1 0.736329 1 0.738277 1 0.742184 1 0.744143 1 0.744143 1 0.742184 1 0.742184 1 0.740237 1 0.740237 1 0.738277 1
0 0.85156 0.699216 0.847653 0.703128 0.847653 0.710933 0.85156 0.714845 0.859374 0.714845 0.861333 0.716802 0.867188 0.716802 0.869136 0.718748 0.87695 0.718748 0.878909 0.720704 0.882817 0.716802 0.884764 0.716802 0.884764 0.714845 0.886723 0.712889 0.886723 0.708987 0.888671 0.707031 0.888671 0.705074 0.886723 0.703128 0.871095 0.703128 0.869136 0.701172 0.853519 0.701172
0 1 0.458988 1 0.460935 0.999994 0.460935 0.999994 0.462891 0.998047 0.464847 0.998047 0.474608 1 0.474608 1 0.476564 1 0.476564 1 0.478511 1 0.478511 1 0.480467 1 0.474608 1 0.472652 1 0.46875 1 0.466793 1 0.464847 1 0.464847 1 0.462891 1 0.462891 1 0.460935 1 0.460935
0 0.421872 0.546879 0.421872 0.58789 0.425779 0.58789 0.427739 0.585934 0.435541 0.585934 0.4375 0.583988 0.441408 0.583988 0.441408 0.580075 0.439448 0.578129 0.439448 0.568358 0.4375 0.566401 0.4375 0.55664 0.435541 0.554684 0.435541 0.550781 0.433594 0.548825 0.433594 0.546879
0 0.695311 0.929692 0.693363 0.931638 0.691404 0.931638 0.689456 0.933594 0.685549 0.933594 0.683589 0.93555 0.681642 0.93555 0.679682 0.937497 0.675787 0.937497 0.673827 0.939453 0.67188 0.939453 0.66992 0.941409 0.666013 0.941409 0.666013 0.945312 0.664066 0.947268 0.664066 0.955083 0.66992 0.960941 0.67188 0.958985 0.673827 0.958985 0.677735 0.955083 0.679682 0.955083 0.683589 0.95117 0.685549 0.95117 0.687496 0.949214 0.689456 0.949214 0.693363 0.945312 0.695311 0.945312 0.699218 0.941409 0.701177 0.941409 0.701177 0.939453 0.699218 0.937497 0.699218 0.93555 0.69727 0.933594 0.69727 0.931638
0 0.792965 0.765628 0.791017 0.767574 0.791017 0.76953 0.78711 0.773433 0.78711 0.775389 0.785151 0.777345 0.785151 0.783204 0.798831 0.783204 0.800779 0.78516 0.814448 0.78516 0.816407 0.787107 0.818355 0.787107 0.820315 0.78516 0.820315 0.783204 0.822262 0.781248 0.822262 0.779301 0.824222 0.777345 0.824222 0.773433 0.822262 0.771487 0.822262 0.76953 0.808593 0.76953 0.806645 0.767574 0.794924 0.767574
0 0.181638 0.501956 0.181638 0.523434 0.183597 0.525391 0.183597 0.548825 0.187505 0.548825 0.189452 0.550781 0.191411 0.550781 0.193359 0.552738 0.195307 0.550781 0.199214 0.550781 0.201173 0.548825 0.201173 0.546879 0.203121 0.544923 0.203121 0.539064 0.201173 0.537108 0.201173 0.525391 0.199214 0.523434 0.199214 0.511717 0.197266 0.509771 0.197266 0.501956
0 0.125003 0.759769 0.123043 0.761715 0.121095 0.761715 0.119136 0.763671 0.117188 0.763671 0.115229 0.765628 0.113281 0.765628 0.113281 0.767574 0.111334 0.76953 0.111334 0.771487 0.113281 0.773433 0.113281 0.775389 0.115229 0.777345 0.115229 0.779301 0.117188 0.781248 0.117188 0.78516 0.119136 0.787107 0.119136 0.789062 0.121095 0.791019 0.121095 0.792965 0.123043 0.794921 0.123043 0.796878 0.125003 0.798824 0.125003 0.802736 0.12695 0.804682 0.12695 0.806639 0.12891 0.808595 0.12891 0.810551 0.130857 0.812498 0.130857 0.814454 0.132817 0.812498 0.14062 0.812498 0.144526 0.808595 0.144526 0.806639 0.148433 0.802736 0.148433 0.80078 0.146486 0.798824 0.146486 0.794921 0.144526 0.792965 0.144526 0.791019 0.142579 0.789062 0.142579 0.78516 0.14062 0.783204 0.14062 0.779301 0.138671 0.777345 0.138671 0.773433 0.136724 0.771487 0.136724 0.76953 0.134765 0.767574 0.134765 0.763671 0.132817 0.761715 0.132817 0.759769
0 0.957028 0.888671 0.953121 0.892573 0.951173 0.892573 0.949214 0.89453 0.949214 0.900388 0.951173 0.902344 0.951173 0.904301 0.953121 0.906247 0.953121 0.908203 0.980471 0.908203 0.982419 0.906247 0.982419 0.904301 0.984378 0.902344 0.984378 0.89453 0.982419 0.89453 0.980471 0.892573 0.970709 0.892573 0.968749 0.890627 0.958987 0.890627
0 0.837891 0.740237 0.835943 0.742183 0.833983 0.742183 0.833983 0.757813 0.869136 0.757813 0.871095 0.759769 0.871095 0.755857 0.873043 0.75391 0.873043 0.744139 0.855467 0.744139 0.853519 0.742183 0.839838 0.742183
0 0.875002 0.496097 0.873043 0.498043 0.869136 0.498043 0.869136 0.5 0.867188 0.501956 0.867188 0.507814 0.865229 0.509771 0.865229 0.515629 0.863281 0.517576 0.863281 0.523434 0.861333 0.525391 0.861333 0.531249 0.859374 0.533205 0.859374 0.535152 0.861333 0.535152 0.865229 0.539064 0.871095 0.539064 0.873043 0.537108 0.87695 0.537108 0.87695 0.533205 0.878909 0.531249 0.878909 0.525391 0.880857 0.523434 0.880857 0.517576 0.882817 0.515629 0.882817 0.509771 0.884764 0.507814 0.884764 0.501956 0.882817 0.501956 0.878909 0.498043 0.87695 0.498043
0 0.628902 0.318359 0.626954 0.320315 0.624995 0.320315 0.624995 0.322262 0.623047 0.324218 0.623047 0.332033 0.628902 0.332033 0.630861 0.333989 0.638675 0.333989 0.640623 0.335935 0.646489 0.335935 0.648437 0.337891 0.654292 0.337891 0.656251 0.339848 0.660159 0.339848 0.662106 0.337891 0.662106 0.335935 0.664066 0.333989 0.664066 0.324218 0.654292 0.324218 0.652344 0.322262 0.64453 0.322262 0.642582 0.320315 0.632809 0.320315 0.630861 0.318359
0 0.90234 0.279294 0.898433 0.283207 0.896485 0.283207 0.894526 0.285153 0.894526 0.294924 0.900393 0.294924 0.90234 0.296871 0.910155 0.296871 0.912114 0.298827 0.917969 0.298827 0.919917 0.300783 0.925783 0.300783 0.927731 0.302739 0.927731 0.300783 0.92969 0.298827 0.92969 0.296871 0.931638 0.294924 0.931638 0.292968 0.933597 0.291012 0.933597 0.285153 0.92969 0.281251 0.9043 0.281251
0 0.892578 0.298827 0.888671 0.302739 0.888671 0.304686 0.886723 0.306642 0.886723 0.314457 0.896485 0.314457 0.898433 0.316403 0.9043 0.316403 0.906247 0.318359 0.912114 0.318359 0.914062 0.320315 0.917969 0.320315 0.919917 0.322262 0.925783 0.322262 0.927731 0.324218 0.933597 0.324218 0.935545 0.326174 0.939452 0.322262 0.939452 0.308598 0.933597 0.308598 0.931638 0.306642 0.925783 0.306642 0.923824 0.304686 0.919917 0.304686 0.917969 0.302739 0.912114 0.302739 0.910155 0.300783 0.9043 0.300783 0.90234 0.298827
0 0.847653 0.494141 0.845705 0.496097 0.841798 0.496097 0.841798 0.5 0.839838 0.501956 0.839838 0.507814 0.837891 0.509771 0.837891 0.517576 0.835943 0.519532 0.835943 0.525391 0.833983 0.527347 0.833983 0.531249 0.837891 0.531249 0.839838 0.533205 0.841798 0.533205 0.843745 0.535152 0.849612 0.535152 0.849612 0.531249 0.85156 0.529293 0.85156 0.523434 0.853519 0.521488 0.853519 0.513673 0.855467 0.511717 0.855467 0.505858 0.857426 0.503902 0.857426 0.5 0.85156 0.494141
0 0.976564 0.111328 0.976564 0.113284 0.974604 0.11523 0.974604 0.126958 0.982419 0.126958 0.984378 0.128904 0.994139 0.128904 0.996099 0.13086 1 0.13086 1 0.132817 1 0.128904 1 0.125001 1 0.123045 1 0.117187 1 0.117187 0.999994 0.11523 0.990232 0.11523 0.988285 0.113284 0.978511 0.113284
0 0.968749 0.150393 0.966802 0.152339 0.960935 0.152339 0.960935 0.166013 0.978511 0.166013 0.980471 0.167969 0.996099 0.167969 0.998047 0.169925 0.998047 0.16211 0.999994 0.160154 0.999994 0.152339 0.970709 0.152339
0 0.939452 0.394532 0.939452 0.400391 0.937504 0.402347 0.937504 0.412108 0.935545 0.414065 0.935545 0.423826 0.933597 0.425782 0.933597 0.429685 0.935545 0.429685 0.939452 0.433597 0.951173 0.433597 0.951173 0.425782 0.953121 0.423826 0.953121 0.408206 0.95508 0.40625 0.95508 0.396488 0.953121 0.394532
0 0.646489 0.791019 0.64453 0.792965 0.642582 0.792965 0.640623 0.794921 0.636716 0.794921 0.634768 0.796878 0.632809 0.796878 0.630861 0.798824 0.628902 0.798824 0.626954 0.80078 0.624995 0.80078 0.623047 0.802736 0.61914 0.802736 0.617192 0.804682 0.615232 0.804682 0.615232 0.808595 0.617192 0.810551 0.617192 0.818356 0.61914 0.820312 0.61914 0.824215 0.623047 0.820312 0.624995 0.820312 0.626954 0.818356 0.630861 0.818356 0.632809 0.81641 0.634768 0.81641 0.638675 0.812498 0.640623 0.812498 0.642582 0.810551 0.64453 0.810551 0.646489 0.808595 0.648437 0.808595 0.650385 0.806639 0.652344 0.806639 0.652344 0.80078 0.650385 0.798824 0.650385 0.792965 0.648437 0.792965
0 0.720701 0.394532 0.720701 0.396488 0.718753 0.398435 0.718753 0.410152 0.728515 0.410152 0.730463 0.412108 0.742184 0.412108 0.744143 0.414065 0.753906 0.414065 0.755865 0.416011 0.757813 0.414065 0.75976 0.414065 0.75976 0.408206 0.757813 0.40625 0.757813 0.402347 0.753906 0.398435 0.740237 0.398435 0.738277 0.396488 0.724608 0.396488 0.722661 0.394532
0 0.203121 0.279294 0.201173 0.281251 0.199214 0.281251 0.197266 0.283207 0.195307 0.283207 0.195307 0.289066 0.197266 0.291012 0.197266 0.302739 0.199214 0.304686 0.199214 0.316403 0.201173 0.318359 0.201173 0.324218 0.207028 0.324218 0.210935 0.320315 0.212895 0.320315 0.212895 0.302739 0.210935 0.300783 0.210935 0.283207 0.208988 0.281251 0.205081 0.281251
0 0.994139 0.519532 0.992192 0.521488 0.992192 0.525391 0.990232 0.527347 0.990232 0.535152 0.992192 0.537108 1 0.537108 1 0.539064 1 0.537108 1 0.535152 1 0.531249 1 0.529293 1 0.527347 1 0.525391 1 0.523434 1 0.521488 0.996099 0.521488
0 0.810553 0.644531 0.810553 0.654292 0.808593 0.656248 0.808593 0.658205 0.814448 0.664063 0.843745 0.664063 0.845705 0.666019 0.845705 0.664063 0.847653 0.662107 0.847653 0.658205 0.849612 0.656248 0.849612 0.65039 0.847653 0.648433 0.847653 0.646487 0.8125 0.646487
0 0.966802 0.640628 0.962894 0.644531 0.962894 0.662107 0.998047 0.662107 0.999994 0.664063 0.999994 0.660161 1 0.658205 1 0.654292 1 0.652346 1 0.644531 0.986326 0.644531 0.984378 0.642575 0.968749 0.642575
0 0.802738 0.730465 0.800779 0.732422 0.796872 0.732422 0.796872 0.746095 0.802738 0.746095 0.804686 0.748051 0.830076 0.748051 0.832036 0.749998 0.832036 0.736324 0.830076 0.734378 0.818355 0.734378 0.816407 0.732422 0.804686 0.732422
0 0.837891 0.066404 0.837891 0.074219 0.835943 0.076175 0.835943 0.085937 0.855467 0.085937 0.857426 0.087893 0.871095 0.087893 0.873043 0.089839 0.873043 0.078122 0.875002 0.076175 0.875002 0.070317 0.863281 0.070317 0.861333 0.068361 0.85156 0.068361 0.849612 0.066404
0 0.910155 0.87891 0.910155 0.896486 0.943359 0.896486 0.943359 0.892573 0.945307 0.890627 0.945307 0.886715 0.947266 0.884768 0.945307 0.882812 0.945307 0.880856 0.943359 0.87891
0 0.623047 0.669922 0.621099 0.671878 0.615232 0.671878 0.613285 0.673825 0.609378 0.673825 0.607419 0.675781 0.601564 0.675781 0.599604 0.677737 0.595709 0.677737 0.59375 0.679683 0.587895 0.679683 0.587895 0.687498 0.589842 0.689454 0.589842 0.691411 0.591802 0.693357 0.591802 0.695313 0.59375 0.693357 0.597657 0.693357 0.599604 0.691411 0.603512 0.691411 0.605471 0.689454 0.609378 0.689454 0.611326 0.687498 0.617192 0.687498 0.61914 0.685542 0.623047 0.685542 0.624995 0.683596 0.628902 0.683596 0.628902 0.671878 0.624995 0.671878
0 0.986326 0.039067 0.986326 0.044926 0.984378 0.046872 0.984378 0.060546 0.982419 0.062502 0.982419 0.076175 0.980471 0.078122 0.980471 0.083981 0.982419 0.083981 0.984378 0.085937 0.992192 0.085937 0.994139 0.083981 0.998047 0.083981 0.998047 0.074219 0.999994 0.072263 0.999994 0.054687 1 0.052731 1 0.042969 0.999994 0.041013 0.999994 0.039067
0 0.912114 0.861324 0.912114 0.869138 0.910155 0.871095 0.910155 0.873051 0.912114 0.874997 0.912114 0.876953 0.947266 0.876953 0.947266 0.874997 0.949214 0.873051 0.949214 0.865236 0.931638 0.865236 0.92969 0.86328 0.914062 0.86328
0 0.947266 0.720704 0.943359 0.724607 0.943359 0.728519 0.945307 0.730465 0.945307 0.732422 0.949214 0.736324 0.949214 0.738281 0.951173 0.736324 0.978511 0.736324 0.978511 0.734378 0.980471 0.732422 0.980471 0.722661 0.978511 0.722661 0.976564 0.720704
0 0.699218 0.037111 0.695311 0.041013 0.695311 0.054687 0.70898 0.054687 0.710939 0.056643 0.722661 0.056643 0.724608 0.058589 0.726568 0.058589 0.728515 0.056643 0.728515 0.054687 0.730463 0.052731 0.730463 0.042969 0.722661 0.042969 0.720701 0.041013 0.710939 0.041013 0.70898 0.039067 0.701177 0.039067
0 0.896485 0.505858 0.894526 0.507814 0.888671 0.507814 0.888671 0.511717 0.886723 0.513673 0.886723 0.519532 0.884764 0.521488 0.884764 0.527347 0.882817 0.529293 0.882817 0.535152 0.880857 0.537108 0.880857 0.539064 0.884764 0.542967 0.89063 0.542967 0.892578 0.544923 0.894526 0.542967 0.898433 0.542967 0.898433 0.54102 0.900393 0.539064 0.900393 0.533205 0.90234 0.531249 0.90234 0.525391 0.9043 0.523434 0.9043 0.517576 0.906247 0.515629 0.906247 0.511717 0.9043 0.509771 0.9043 0.507814 0.90234 0.505858
0 0.751958 0.443358 0.751958 0.449217 0.749998 0.451173 0.749998 0.457032 0.748051 0.458988 0.748051 0.460935 0.755865 0.460935 0.757813 0.462891 0.765627 0.462891 0.767575 0.464847 0.775389 0.464847 0.777348 0.466793 0.785151 0.466793 0.78711 0.46875 0.78711 0.45313 0.781255 0.45313 0.779296 0.451173 0.775389 0.451173 0.773441 0.449217 0.767575 0.449217 0.765627 0.447261 0.76172 0.447261 0.75976 0.445315 0.753906 0.445315
0 0.968749 0.13086 0.968749 0.14648 0.976564 0.14648 0.978511 0.148437 0.988285 0.148437 0.990232 0.150393 1 0.150393 1 0.14648 1 0.144534 1 0.136719 1 0.134763 0.988285 0.134763 0.986326 0.132817 0.970709 0.132817
0 0.986326 0.539064 0.986326 0.554684 1 0.554684 1 0.55664 1 0.55664 1 0.552738 1 0.550781 1 0.546879 1 0.544923 1 0.54102 1 0.539064
0 0.978511 0.76953 0.974604 0.773433 0.974604 0.777345 0.972656 0.779301 0.972656 0.781248 0.974604 0.783204 0.974604 0.78516 0.978511 0.78516 0.980471 0.787107 1 0.787107 1 0.777345 1 0.775389 1 0.773433 1 0.771487 0.980471 0.771487
0 0.710939 0.964844 0.70898 0.9668 0.707032 0.9668 0.703125 0.970703 0.701177 0.970703 0.69727 0.974605 0.695311 0.974605 0.691404 0.978518 0.689456 0.978518 0.685549 0.98242 0.683589 0.98242 0.683589 0.984376 0.685549 0.986332 0.685549 0.990235 0.687496 0.992191 0.687496 0.994138 0.689456 0.996094 0.693363 0.996094 0.695311 0.994138 0.69727 0.994138 0.701177 0.990235 0.703125 0.990235 0.705073 0.988279 0.707032 0.988279 0.710939 0.984376 0.712887 0.984376 0.714846 0.98242 0.716794 0.98242 0.720701 0.978518 0.722661 0.978518 0.722661 0.970703 0.720701 0.968747 0.720701 0.9668 0.716794 0.9668 0.714846 0.964844
0 0.765627 0.867192 0.765627 0.873051 0.763668 0.874997 0.763668 0.87891 0.765627 0.880856 0.765627 0.882812 0.767575 0.884768 0.783203 0.884768 0.785151 0.886715 0.800779 0.886715 0.802738 0.888671 0.802738 0.882812 0.804686 0.880856 0.804686 0.874997 0.802738 0.873051 0.802738 0.869138 0.767575 0.869138
0 0.265623 0.736324 0.263675 0.738281 0.257809 0.738281 0.255861 0.740237 0.248047 0.740237 0.248047 0.744139 0.249995 0.746095 0.249995 0.751954 0.251954 0.75391 0.251954 0.761715 0.253902 0.763671 0.253902 0.76953 0.255861 0.771487 0.255861 0.775389 0.26953 0.775389 0.275385 0.76953 0.275385 0.767574 0.273437 0.765628 0.273437 0.759769 0.27149 0.757813 0.27149 0.75391 0.26953 0.751954 0.26953 0.748051 0.267582 0.746095 0.267582 0.740237 0.265623 0.738281
0 0.92969 0.330077 0.923824 0.335935 0.923824 0.341794 0.925783 0.34375 0.925783 0.347653 0.941411 0.347653 0.943359 0.349609 0.958987 0.349609 0.960935 0.351565 0.962894 0.351565 0.966802 0.347653 0.966802 0.339848 0.964842 0.337891 0.964842 0.335935 0.95508 0.335935 0.953121 0.333989 0.943359 0.333989 0.941411 0.332033 0.931638 0.332033
0 0.990232 0.191404 0.988285 0.19336 0.953121 0.19336 0.953121 0.199219 0.951173 0.201175 0.951173 0.205077 0.953121 0.207034 0.968749 0.207034 0.970709 0.20898 0.984378 0.20898 0.986326 0.210936 0.988285 0.20898 0.988285 0.207034 0.990232 0.205077 0.990232 0.199219 0.992192 0.197263 0.992192 0.19336
0 0.636716 0.736324 0.634768 0.738281 0.624995 0.738281 0.623047 0.740237 0.611326 0.740237 0.609378 0.742183 0.599604 0.742183 0.599604 0.746095 0.597657 0.748051 0.597657 0.751954 0.599604 0.751954 0.603512 0.755857 0.605471 0.75391 0.611326 0.75391 0.613285 0.751954 0.621099 0.751954 0.623047 0.749998 0.628902 0.749998 0.630861 0.748051 0.638675 0.748051 0.638675 0.746095 0.640623 0.744139 0.640623 0.740237 0.638675 0.738281 0.638675 0.736324
0 0.738277 0.523434 0.736329 0.525391 0.736329 0.539064 0.740237 0.539064 0.742184 0.54102 0.748051 0.54102 0.749998 0.542967 0.753906 0.542967 0.755865 0.544923 0.76172 0.544923 0.763668 0.546879 0.767575 0.546879 0.769534 0.548825 0.769534 0.546879 0.771482 0.544923 0.771482 0.533205 0.767575 0.533205 0.765627 0.531249 0.75976 0.531249 0.757813 0.529293 0.753906 0.529293 0.751958 0.527347 0.746091 0.527347 0.744143 0.525391 0.740237 0.525391
0 0.828129 0.607422 0.824222 0.611325 0.822262 0.611325 0.822262 0.623042 0.830076 0.623042 0.832036 0.624999 0.839838 0.624999 0.841798 0.626955 0.849612 0.626955 0.85156 0.628911 0.857426 0.628911 0.857426 0.624999 0.859374 0.623042 0.859374 0.611325 0.845705 0.611325 0.843745 0.609379 0.830076 0.609379
0 0.898433 0.251957 0.896485 0.253903 0.896485 0.25586 0.894526 0.257816 0.894526 0.269533 0.900393 0.269533 0.90234 0.27148 0.910155 0.27148 0.912114 0.273436 0.917969 0.273436 0.919917 0.275392 0.925783 0.275392 0.927731 0.277348 0.92969 0.275392 0.931638 0.275392 0.933597 0.273436 0.935545 0.273436 0.935545 0.27148 0.937504 0.269533 0.937504 0.261718 0.931638 0.261718 0.92969 0.259762 0.923824 0.259762 0.921876 0.257816 0.916021 0.257816 0.914062 0.25586 0.908207 0.25586 0.906247 0.253903 0.900393 0.253903
0 0.933597 0.81641 0.931638 0.818356 0.925783 0.818356 0.925783 0.820312 0.923824 0.822268 0.923824 0.83203 0.931638 0.83203 0.933597 0.833986 0.941411 0.833986 0.943359 0.835942 0.951173 0.835942 0.953121 0.837888 0.957028 0.833986 0.958987 0.833986 0.958987 0.822268 0.953121 0.822268 0.951173 0.820312 0.943359 0.820312 0.941411 0.818356 0.935545 0.818356
0 0.978511 0.560543 0.978511 0.562499 0.976564 0.564455 0.976564 0.574216 0.978511 0.576173 0.978511 0.578129 1 0.578129 1 0.580075 1 0.583988 1 0.582031 1 0.580075 1 0.57227 1 0.570314 1 0.564455 0.999994 0.564455 0.998047 0.562499 0.980471 0.562499
0 0.777348 0.826171 0.777348 0.828127 0.775389 0.830074 0.775389 0.83203 0.773441 0.833986 0.773441 0.841801 0.779296 0.841801 0.781255 0.843747 0.789058 0.843747 0.791017 0.845704 0.796872 0.845704 0.798831 0.84766 0.804686 0.84766 0.806645 0.849606 0.808593 0.84766 0.808593 0.845704 0.810553 0.843747 0.810553 0.833986 0.808593 0.83203 0.808593 0.830074 0.806645 0.828127 0.783203 0.828127 0.781255 0.826171
0 0.949214 0.908203 0.947266 0.910159 0.947266 0.912106 0.945307 0.914062 0.945307 0.919921 0.947266 0.921877 0.947266 0.923833 0.949214 0.925779 0.976564 0.925779 0.978511 0.927736 0.980471 0.925779 0.982419 0.925779 0.982419 0.910159 0.951173 0.910159
0 0.957028 0.662107 0.957028 0.677737 0.966802 0.677737 0.968749 0.679683 0.978511 0.679683 0.980471 0.681639 0.990232 0.681639 0.992192 0.683596 0.992192 0.664063 0.958987 0.664063
0 0.722661 0.98242 0.720701 0.984376 0.718753 0.984376 0.714846 0.988279 0.712887 0.988279 0.710939 0.990235 0.70898 0.990235 0.705073 0.994138 0.703125 0.994138 0.701177 0.996094 0.699218 0.996094 0.695311 0.999996 0.693363 0.999996 0.693363 1 0.695311 1 0.69727 1 0.701177 1 0.703125 1 0.707032 1 0.70898 1 0.712887 1 0.714846 1 0.718753 1 0.720701 1 0.724608 0.99805 0.726568 0.99805 0.730463 0.994138 0.732423 0.994138 0.730463 0.992191 0.730463 0.988279 0.728515 0.986332 0.728515 0.98242
0 0.687496 0.910159 0.685549 0.912106 0.683589 0.912106 0.681642 0.914062 0.679682 0.914062 0.677735 0.916018 0.675787 0.916018 0.673827 0.917964 0.67188 0.917964 0.66992 0.919921 0.666013 0.919921 0.664066 0.921877 0.662106 0.921877 0.660159 0.923833 0.658199 0.923833 0.656251 0.925779 0.654292 0.925779 0.654292 0.927736 0.656251 0.929692 0.656251 0.933594 0.658199 0.93555 0.658199 0.937497 0.660159 0.937497 0.662106 0.939453 0.66992 0.939453 0.673827 0.93555 0.675787 0.93555 0.677735 0.933594 0.679682 0.933594 0.681642 0.931638 0.683589 0.931638 0.687496 0.927736 0.689456 0.927736 0.691404 0.925779 0.693363 0.925779 0.693363 0.921877 0.691404 0.919921 0.691404 0.914062
0 0.8125 0.851562 0.810553 0.853518 0.810553 0.855465 0.808593 0.857421 0.808593 0.86328 0.806645 0.865236 0.806645 0.869138 0.810553 0.869138 0.8125 0.871095 0.816407 0.871095 0.818355 0.873051 0.824222 0.873051 0.826169 0.874997 0.830076 0.874997 0.832036 0.876953 0.839838 0.876953 0.841798 0.874997 0.841798 0.873051 0.843745 0.871095 0.843745 0.869138 0.845705 0.867192 0.845705 0.865236 0.843745 0.86328 0.843745 0.861324 0.839838 0.861324 0.837891 0.859377 0.833983 0.859377 0.832036 0.857421 0.826169 0.857421 0.824222 0.855465 0.820315 0.855465 0.818355 0.853518 0.814448 0.853518
0 0.777348 0.361326 0.777348 0.363282 0.771482 0.369141 0.771482 0.371097 0.769534 0.373044 0.769534 0.375 0.773441 0.378902 0.773441 0.380859 0.775389 0.382815 0.783203 0.382815 0.785151 0.384761 0.792965 0.384761 0.794924 0.386717 0.802738 0.386717 0.804686 0.388674 0.804686 0.384761 0.806645 0.382815 0.806645 0.376956 0.808593 0.375 0.808593 0.371097 0.806645 0.369141 0.806645 0.367185 0.798831 0.367185 0.796872 0.365239 0.791017 0.365239 0.789058 0.363282 0.781255 0.363282 0.779296 0.361326
0 0.023441 0.470706 0.021482 0.472652 0.015627 0.472652 0.015627 0.480467 0.017575 0.482423 0.017575 0.496097 0.019534 0.498043 0.019534 0.505858 0.023441 0.505858 0.025389 0.507814 0.029296 0.507814 0.031256 0.509771 0.035151 0.505858 0.035151 0.488282 0.033203 0.486326 0.033203 0.470706
0 0.958987 0.369141 0.957028 0.371097 0.92969 0.371097 0.925783 0.375 0.923824 0.375 0.923824 0.380859 0.925783 0.382815 0.925783 0.384761 0.958987 0.384761 0.960935 0.386717 0.960935 0.384761 0.962894 0.382815 0.962894 0.378902 0.960935 0.376956 0.960935 0.371097
0 0.160155 0.857421 0.158207 0.859377 0.156248 0.859377 0.152341 0.86328 0.152341 0.865236 0.1543 0.867192 0.1543 0.873051 0.156248 0.874997 0.156248 0.87891 0.158207 0.880856 0.158207 0.886715 0.160155 0.888671 0.160155 0.890627 0.162114 0.888671 0.169917 0.888671 0.171876 0.886715 0.173824 0.886715 0.175783 0.884768 0.177731 0.884768 0.177731 0.882812 0.175783 0.880856 0.175783 0.876953 0.173824 0.874997 0.173824 0.873051 0.171876 0.871095 0.171876 0.867192 0.169917 0.865236 0.169917 0.861324 0.167969 0.859377 0.167969 0.857421
0 0.775389 0.806639 0.775389 0.810551 0.777348 0.812498 0.777348 0.818356 0.779296 0.820312 0.779296 0.824215 0.78711 0.824215 0.789058 0.826171 0.806645 0.826171 0.810553 0.830074 0.810553 0.828127 0.814448 0.824215 0.814448 0.822268 0.816407 0.820312 0.816407 0.81641 0.814448 0.814454 0.814448 0.812498 0.810553 0.808595 0.777348 0.808595
0 0.927731 0.349609 0.927731 0.365239 0.931638 0.369141 0.957028 0.369141 0.958987 0.367185 0.962894 0.371097 0.964842 0.369141 0.964842 0.367185 0.966802 0.365239 0.966802 0.357424 0.964842 0.355468 0.95508 0.355468 0.953121 0.353511 0.943359 0.353511 0.941411 0.351565 0.931638 0.351565 0.92969 0.349609
0 0.845705 0.679683 0.845705 0.689454 0.847653 0.691411 0.847653 0.693357 0.849612 0.695313 0.849612 0.697269 0.882817 0.697269 0.882817 0.695313 0.884764 0.693357 0.884764 0.689454 0.882817 0.687498 0.882817 0.681639 0.85156 0.681639 0.849612 0.679683
0 0.470705 0.624999 0.466798 0.628911 0.466798 0.632813 0.468746 0.63477 0.468746 0.644531 0.470705 0.646487 0.470705 0.656248 0.472653 0.658205 0.472653 0.662107 0.47656 0.666019 0.478519 0.664063 0.482426 0.664063 0.486333 0.660161 0.488281 0.660161 0.488281 0.654292 0.486333 0.652346 0.486333 0.642575 0.484374 0.640628 0.484374 0.630857 0.482426 0.628911 0.482426 0.624999
0 0.767575 0.404294 0.767575 0.40625 0.765627 0.408206 0.765627 0.410152 0.763668 0.412108 0.763668 0.419924 0.775389 0.419924 0.777348 0.42188 0.78711 0.42188 0.789058 0.423826 0.800779 0.423826 0.802738 0.425782 0.802738 0.419924 0.804686 0.417967 0.804686 0.416011 0.802738 0.414065 0.802738 0.412108 0.800779 0.410152 0.792965 0.410152 0.791017 0.408206 0.783203 0.408206 0.781255 0.40625 0.773441 0.40625 0.771482 0.404294
0 0.441408 0.535152 0.441408 0.542967 0.443355 0.544923 0.443355 0.558596 0.445315 0.560543 0.445315 0.568358 0.447263 0.570314 0.460943 0.570314 0.460943 0.562499 0.458984 0.560543 0.458984 0.546879 0.457036 0.544923 0.457036 0.535152
0 0.947266 0.097654 0.945307 0.09961 0.931638 0.09961 0.931638 0.101567 0.92969 0.103513 0.92969 0.113284 0.931638 0.113284 0.933597 0.11523 0.947266 0.11523 0.949214 0.117187 0.962894 0.117187 0.964842 0.119143 0.970709 0.113284 0.970709 0.107425 0.968749 0.105469 0.968749 0.103513 0.962894 0.103513 0.960935 0.101567 0.957028 0.101567 0.95508 0.09961 0.949214 0.09961
0 0.966802 0.828127 0.964842 0.830074 0.964842 0.837888 0.966802 0.839845 0.966802 0.841801 0.968749 0.843747 0.978511 0.843747 0.980471 0.845704 0.988285 0.845704 0.990232 0.84766 0.999994 0.84766 1 0.849606 1 0.84766 1 0.845704 1 0.833986 0.992192 0.833986 0.990232 0.83203 0.980471 0.83203 0.978511 0.830074 0.968749 0.830074
0 0.996099 0.689454 0.996099 0.691411 0.994139 0.693357 0.994139 0.697269 0.992192 0.699216 0.992192 0.705074 0.996099 0.705074 0.998047 0.707031 1 0.707031 1 0.705074 1 0.703128 1 0.701172 1 0.699216 1 0.691411 0.998047 0.691411
0 0.832036 0.568358 0.828129 0.57227 0.828129 0.576173 0.826169 0.578129 0.826169 0.585934 0.865229 0.585934 0.865229 0.582031 0.867188 0.580075 0.867188 0.578129 0.865229 0.576173 0.865229 0.568358
0 0.878909 0.57227 0.878909 0.576173 0.87695 0.578129 0.87695 0.58789 0.878909 0.589846 0.878909 0.591793 0.89063 0.591793 0.892578 0.593749 0.910155 0.593749 0.910155 0.589846 0.912114 0.58789 0.912114 0.580075 0.914062 0.578129 0.914062 0.574216 0.880857 0.574216
0 0.999994 0.441402 0.999994 0.443358 0.998047 0.445315 0.998047 0.458988 1 0.458988 1 0.457032 1 0.458988 1 0.458988 1 0.460935 1 0.460935 1 0.462891 1 0.458988 1 0.455076 1 0.45313 1 0.447261 1 0.445315 1 0.445315 1 0.443358 1 0.443358
0 0.796872 0.667966 0.796872 0.675781 0.794924 0.677737 0.794924 0.679683 0.798831 0.683596 0.800779 0.683596 0.802738 0.685542 0.818355 0.685542 0.820315 0.687498 0.832036 0.687498 0.833983 0.689454 0.835943 0.689454 0.839838 0.685542 0.839838 0.681639 0.837891 0.679683 0.837891 0.673825 0.835943 0.671878 0.835943 0.669922 0.798831 0.669922
0 0.925783 0.837888 0.921876 0.841801 0.919917 0.841801 0.919917 0.845704 0.917969 0.84766 0.917969 0.849606 0.919917 0.851562 0.919917 0.855465 0.949214 0.855465 0.951173 0.857421 0.953121 0.855465 0.953121 0.853518 0.95508 0.851562 0.95508 0.841801 0.941411 0.841801 0.939452 0.839845 0.927731 0.839845
0 0.818355 0.818356 0.818355 0.820312 0.816407 0.822268 0.816407 0.830074 0.818355 0.83203 0.818355 0.833986 0.832036 0.833986 0.833983 0.835942 0.847653 0.835942 0.85156 0.839845 0.853519 0.837888 0.853519 0.835942 0.855467 0.833986 0.855467 0.828127 0.853519 0.826171 0.853519 0.822268 0.837891 0.822268 0.835943 0.820312 0.820315 0.820312
0 0.656251 0.808595 0.654292 0.810551 0.652344 0.810551 0.650385 0.812498 0.646489 0.812498 0.64453 0.814454 0.642582 0.814454 0.640623 0.81641 0.636716 0.81641 0.634768 0.818356 0.632809 0.818356 0.630861 0.820312 0.626954 0.820312 0.624995 0.822268 0.623047 0.822268 0.623047 0.830074 0.624995 0.83203 0.624995 0.835942 0.626954 0.837888 0.626954 0.839845 0.628902 0.837888 0.630861 0.837888 0.632809 0.835942 0.634768 0.835942 0.636716 0.833986 0.640623 0.833986 0.642582 0.83203 0.64453 0.83203 0.646489 0.830074 0.648437 0.830074 0.650385 0.828127 0.652344 0.828127 0.654292 0.826171 0.658199 0.826171 0.660159 0.824215 0.662106 0.824215 0.662106 0.820312 0.660159 0.818356 0.660159 0.812498 0.658199 0.810551 0.658199 0.808595
0 0.275385 0 0.275385 0 0.273437 0 0.273437 0.001949 0.275385 0.001949 0.279292 0.005861 0.281252 0.005861 0.283199 0.007817 0.285159 0.007817 0.287107 0.009763 0.289066 0.009763 0.292973 0.013676 0.29492 0.013676 0.29688 0.015622 0.298828 0.015622 0.302735 0.019535 0.304682 0.019535 0.306642 0.021481 0.308589 0.021481 0.312497 0.017578 0.314456 0.017578 0.314456 0.015622 0.316404 0.013676 0.316404 0.005861 0.314456 0.005861 0.312497 0.003905 0.310549 0.003905 0.308589 0.001949 0.306642 0.001949 0.304682 0.000002 0.302735 0.000002 0.298828 0 0.29688 0 0.29492 0 0.292973 0 0.291014 0 0.289066 0 0.287107 0 0.285159 0 0.283199 0
0 0.947266 0.927736 0.941411 0.933594 0.943359 0.93555 0.943359 0.937497 0.945307 0.939453 0.945307 0.941409 0.951173 0.941409 0.953121 0.943356 0.960935 0.943356 0.962894 0.945312 0.968749 0.945312 0.970709 0.947268 0.976564 0.947268 0.978511 0.949214 0.982419 0.945312 0.982419 0.939453 0.980471 0.937497 0.980471 0.93555 0.978511 0.933594 0.976564 0.933594 0.974604 0.931638 0.968749 0.931638 0.966802 0.929692 0.958987 0.929692 0.957028 0.927736
0 0.757813 0.482423 0.755865 0.48438 0.746091 0.48438 0.746091 0.498043 0.755865 0.498043 0.757813 0.5 0.767575 0.5 0.769534 0.501956 0.777348 0.501956 0.779296 0.503902 0.779296 0.501956 0.781255 0.5 0.781255 0.494141 0.783203 0.492184 0.783203 0.488282 0.781255 0.486326 0.771482 0.486326 0.769534 0.48438 0.75976 0.48438
0 0.999994 0.667966 0.998047 0.669922 0.998047 0.671878 0.994139 0.675781 0.994139 0.683596 0.996099 0.685542 0.996099 0.687498 1 0.687498 1 0.689454 1 0.687498 1 0.685542 1 0.683596 1 0.681639 1 0.669922 1 0.667966
0 0.992192 0.789062 0.990232 0.791019 0.978511 0.791019 0.976564 0.792965 0.976564 0.798824 0.978511 0.80078 0.978511 0.802736 0.980471 0.804682 0.980471 0.806639 1 0.806639 1 0.80078 1 0.798824 1 0.789062
0 0.943359 0.947268 0.937504 0.953127 0.937504 0.955083 0.935545 0.957029 0.935545 0.958985 0.937504 0.960941 0.945307 0.960941 0.947266 0.962888 0.953121 0.962888 0.95508 0.964844 0.962894 0.964844 0.964842 0.9668 0.970709 0.9668 0.972656 0.968747 0.974604 0.9668 0.974604 0.964844 0.976564 0.962888 0.976564 0.957029 0.974604 0.955083 0.974604 0.953127 0.966802 0.953127 0.964842 0.95117 0.95508 0.95117 0.953121 0.949214 0.945307 0.949214
0 0.781255 0.789062 0.779296 0.791019 0.779296 0.792965 0.777348 0.794921 0.777348 0.796878 0.779296 0.798824 0.779296 0.802736 0.789058 0.802736 0.791017 0.804682 0.798831 0.804682 0.800779 0.806639 0.810553 0.806639 0.8125 0.808595 0.814448 0.808595 0.816407 0.806639 0.816407 0.804682 0.818355 0.802736 0.818355 0.796878 0.816407 0.796878 0.8125 0.792965 0.798831 0.792965 0.796872 0.791019 0.783203 0.791019
0 0.732423 0.562499 0.730463 0.564455 0.730463 0.566401 0.728515 0.568358 0.728515 0.570314 0.726568 0.57227 0.726568 0.574216 0.724608 0.576173 0.728515 0.576173 0.730463 0.578129 0.732423 0.578129 0.73437 0.580075 0.738277 0.580075 0.740237 0.582031 0.744143 0.582031 0.746091 0.583988 0.748051 0.583988 0.749998 0.585934 0.753906 0.585934 0.755865 0.58789 0.757813 0.58789 0.757813 0.585934 0.75976 0.583988 0.75976 0.574216 0.757813 0.574216 0.755865 0.57227 0.751958 0.57227 0.749998 0.570314 0.748051 0.570314 0.746091 0.568358 0.744143 0.568358 0.742184 0.566401 0.738277 0.566401 0.736329 0.564455 0.73437 0.564455
0 0.900393 0.384761 0.898433 0.386717 0.892578 0.386717 0.892578 0.394532 0.89063 0.396488 0.89063 0.412108 0.888671 0.414065 0.888671 0.42188 0.89063 0.42188 0.892578 0.423826 0.9043 0.423826 0.9043 0.40625 0.906247 0.404294 0.906247 0.388674 0.9043 0.386717 0.90234 0.386717
0 0.994139 0.708987 0.994139 0.710933 0.992192 0.712889 0.992192 0.714845 0.990232 0.716802 0.990232 0.724607 0.998047 0.724607 0.999994 0.726563 1 0.726563 1 0.728519 1 0.728519 1 0.730465 1 0.730465 1 0.732422 1 0.732422 1 0.730465 1 0.728519 1 0.726563 1 0.724607 1 0.714845 1 0.714845 1 0.712889 1 0.712889 1 0.710933 0.996099 0.710933
0 0.1543 0.154295 0.152341 0.156251 0.146486 0.156251 0.146486 0.173827 0.148433 0.175784 0.148433 0.19336 0.1543 0.19336 0.156248 0.191404 0.166021 0.191404 0.166021 0.183599 0.164062 0.181643 0.164062 0.166013 0.162114 0.164066 0.162114 0.156251 0.160155 0.154295
0 0.939452 0.761715 0.939452 0.763671 0.937504 0.765628 0.937504 0.775389 0.941411 0.775389 0.943359 0.777345 0.947266 0.777345 0.949214 0.779301 0.953121 0.779301 0.95508 0.781248 0.960935 0.781248 0.962894 0.783204 0.964842 0.781248 0.968749 0.781248 0.970709 0.779301 0.970709 0.777345 0.972656 0.775389 0.972656 0.767574 0.962894 0.767574 0.960935 0.765628 0.953121 0.765628 0.951173 0.763671 0.941411 0.763671
0 0.820315 0.794921 0.820315 0.814454 0.828129 0.814454 0.830076 0.81641 0.837891 0.81641 0.839838 0.818356 0.847653 0.818356 0.849612 0.820312 0.857426 0.820312 0.859374 0.822268 0.859374 0.820312 0.861333 0.818356 0.861333 0.812498 0.863281 0.810551 0.863281 0.806639 0.861333 0.804682 0.861333 0.802736 0.853519 0.802736 0.85156 0.80078 0.841798 0.80078 0.839838 0.798824 0.832036 0.798824 0.830076 0.796878 0.822262 0.796878
0 0.212895 0.585934 0.212895 0.589846 0.214843 0.591793 0.214843 0.601564 0.216802 0.60352 0.216802 0.613281 0.21875 0.615237 0.21875 0.624999 0.220697 0.626955 0.220697 0.632813 0.236326 0.632813 0.238285 0.630857 0.240233 0.630857 0.240233 0.626955 0.238285 0.624999 0.238285 0.61914 0.236326 0.617184 0.236326 0.609379 0.234378 0.607422 0.234378 0.599608 0.232419 0.597661 0.232419 0.591793 0.230471 0.589846 0.230471 0.585934
0 0.324218 0.865236 0.32227 0.867192 0.320311 0.867192 0.318363 0.869138 0.312497 0.869138 0.308589 0.873051 0.306642 0.873051 0.306642 0.874997 0.308589 0.876953 0.308589 0.882812 0.310549 0.884768 0.310549 0.888671 0.312497 0.890627 0.312497 0.89453 0.314456 0.896486 0.314456 0.902344 0.316404 0.904301 0.316404 0.906247 0.320311 0.906247 0.32227 0.904301 0.332032 0.904301 0.33398 0.902344 0.335939 0.902344 0.335939 0.900388 0.33398 0.898442 0.33398 0.89453 0.332032 0.892573 0.332032 0.888671 0.330073 0.886715 0.330073 0.880856 0.328125 0.87891 0.328125 0.874997 0.326177 0.873051 0.326177 0.869138 0.324218 0.867192
0 0.12891 0.001949 0.12891 0.041013 0.130857 0.041013 0.134765 0.044926 0.146486 0.044926 0.150393 0.041013 0.150393 0.033198 0.148433 0.031252 0.148433 0.013676 0.146486 0.01172 0.146486 0.001949
0 0.621099 0.63477 0.61914 0.636716 0.603512 0.636716 0.601564 0.638672 0.585935 0.638672 0.585935 0.644531 0.587895 0.646487 0.587895 0.652346 0.589842 0.65039 0.603512 0.65039 0.605471 0.648433 0.621099 0.648433 0.621099 0.646487 0.623047 0.644531 0.623047 0.642575 0.624995 0.640628 0.623047 0.638672 0.623047 0.636716
0 0.906247 0.898442 0.9043 0.900388 0.9043 0.902344 0.90234 0.904301 0.90234 0.910159 0.9043 0.912106 0.9043 0.917964 0.919917 0.917964 0.921876 0.919921 0.937504 0.919921 0.939452 0.921877 0.939452 0.917964 0.941411 0.916018 0.941411 0.904301 0.931638 0.904301 0.92969 0.902344 0.919917 0.902344 0.917969 0.900388 0.908207 0.900388
0 0.972656 0.597661 0.970709 0.599608 0.970709 0.601564 0.968749 0.60352 0.968749 0.615237 0.970709 0.617184 0.996099 0.617184 0.998047 0.61914 1 0.615237 1 0.615237 1 0.613281 1 0.611325 1 0.609379 1 0.605466 1 0.60352 1 0.601564 0.990232 0.601564 0.988285 0.599608 0.974604 0.599608
0 0.710939 0.582031 0.710939 0.58789 0.70898 0.589846 0.70898 0.595705 0.712887 0.595705 0.714846 0.597661 0.718753 0.597661 0.720701 0.599608 0.724608 0.599608 0.726568 0.601564 0.730463 0.601564 0.732423 0.60352 0.736329 0.60352 0.738277 0.605466 0.742184 0.605466 0.744143 0.607422 0.748051 0.607422 0.749998 0.609379 0.753906 0.609379 0.755865 0.611325 0.757813 0.609379 0.757813 0.599608 0.755865 0.597661 0.755865 0.593749 0.749998 0.593749 0.748051 0.591793 0.742184 0.591793 0.740237 0.589846 0.73437 0.589846 0.732423 0.58789 0.728515 0.58789 0.726568 0.585934 0.720701 0.585934 0.718753 0.583988 0.712887 0.583988
0 0.802738 0.710933 0.798831 0.714845 0.798831 0.726563 0.806645 0.726563 0.808593 0.728519 0.818355 0.728519 0.820315 0.730465 0.828129 0.730465 0.830076 0.732422 0.833983 0.728519 0.833983 0.726563 0.835943 0.724607 0.835943 0.720704 0.837891 0.718748 0.835943 0.716802 0.835943 0.714845 0.820315 0.714845 0.818355 0.712889 0.804686 0.712889
0 0.751958 0.462891 0.751958 0.466793 0.749998 0.46875 0.749998 0.470706 0.748051 0.472652 0.748051 0.474608 0.753906 0.474608 0.755865 0.476564 0.75976 0.476564 0.76172 0.478511 0.767575 0.478511 0.769534 0.480467 0.773441 0.480467 0.775389 0.482423 0.781255 0.482423 0.783203 0.48438 0.783203 0.482423 0.785151 0.480467 0.78711 0.480467 0.78711 0.474608 0.785151 0.472652 0.785151 0.46875 0.775389 0.46875 0.773441 0.466793 0.765627 0.466793 0.763668 0.464847 0.753906 0.464847
0 0.826169 0.591793 0.826169 0.593749 0.824222 0.595705 0.824222 0.605466 0.839838 0.605466 0.841798 0.607422 0.855467 0.607422 0.857426 0.609379 0.857426 0.607422 0.859374 0.605466 0.859374 0.60352 0.861333 0.601564 0.861333 0.599608 0.863281 0.597661 0.863281 0.591793
0 0.900393 0.919921 0.898433 0.921877 0.898433 0.923833 0.896485 0.925779 0.896485 0.927736 0.894526 0.929692 0.894526 0.93555 0.898433 0.939453 0.933597 0.939453 0.933597 0.927736 0.931638 0.925779 0.931638 0.923833 0.917969 0.923833 0.916021 0.921877 0.90234 0.921877
0 0.658199 0.830074 0.656251 0.83203 0.654292 0.83203 0.652344 0.833986 0.650385 0.833986 0.648437 0.835942 0.64453 0.835942 0.642582 0.837888 0.640623 0.837888 0.638675 0.839845 0.636716 0.839845 0.634768 0.841801 0.632809 0.841801 0.630861 0.843747 0.626954 0.843747 0.624995 0.845704 0.623047 0.845704 0.623047 0.851562 0.624995 0.853518 0.624995 0.855465 0.626954 0.857421 0.626954 0.859377 0.628902 0.861324 0.630861 0.859377 0.634768 0.859377 0.636716 0.857421 0.638675 0.857421 0.640623 0.855465 0.64453 0.855465 0.646489 0.853518 0.648437 0.853518 0.650385 0.851562 0.654292 0.851562 0.656251 0.849606 0.658199 0.849606 0.660159 0.84766 0.664066 0.84766 0.664066 0.837888 0.662106 0.835942 0.662106 0.833986
0 0.949214 0.679683 0.949214 0.691411 0.947266 0.693357 0.947266 0.695313 0.949214 0.697269 0.949214 0.699216 0.980471 0.699216 0.982419 0.701172 0.990232 0.693357 0.990232 0.691411 0.988285 0.689454 0.988285 0.685542 0.976564 0.685542 0.974604 0.683596 0.964842 0.683596 0.962894 0.681639 0.951173 0.681639
0 0.822262 0.632813 0.820315 0.63477 0.818355 0.63477 0.818355 0.636716 0.816407 0.638672 0.816407 0.644531 0.847653 0.644531 0.849612 0.646487 0.849612 0.648433 0.853519 0.648433 0.853519 0.646487 0.855467 0.644531 0.855467 0.640628 0.857426 0.638672 0.857426 0.636716 0.855467 0.63477 0.824222 0.63477
0 0.945307 0.033198 0.945307 0.039067 0.943359 0.041013 0.943359 0.052731 0.941411 0.054687 0.941411 0.066404 0.939452 0.068361 0.939452 0.076175 0.941411 0.076175 0.945307 0.080078 0.947266 0.078122 0.95508 0.078122 0.95508 0.072263 0.957028 0.070317 0.957028 0.058589 0.958987 0.056643 0.958987 0.044926 0.960935 0.042969 0.960935 0.035155 0.958987 0.035155 0.957028 0.033198
0 0.197266 0.167969 0.195307 0.169925 0.193359 0.169925 0.193359 0.179686 0.195307 0.181643 0.195307 0.203121 0.197266 0.205077 0.197266 0.214849 0.207028 0.214849 0.208988 0.212892 0.212895 0.212892 0.212895 0.19336 0.210935 0.191404 0.210935 0.171871 0.207028 0.167969
0 0.712887 0.45313 0.710939 0.455076 0.703125 0.455076 0.703125 0.457032 0.701177 0.458988 0.701177 0.466793 0.707032 0.466793 0.70898 0.46875 0.714846 0.46875 0.716794 0.470706 0.722661 0.470706 0.724608 0.472652 0.730463 0.472652 0.732423 0.474608 0.738277 0.474608 0.740237 0.476564 0.746091 0.470706 0.746091 0.46875 0.744143 0.466793 0.744143 0.464847 0.740237 0.464847 0.738277 0.462891 0.736329 0.462891 0.73437 0.460935 0.730463 0.460935 0.728515 0.458988 0.724608 0.458988 0.722661 0.457032 0.720701 0.457032 0.718753 0.455076 0.714846 0.455076
0 0.673827 0.849606 0.67188 0.851562 0.667973 0.851562 0.666013 0.853518 0.664066 0.853518 0.662106 0.855465 0.658199 0.855465 0.656251 0.857421 0.654292 0.857421 0.652344 0.859377 0.648437 0.859377 0.646489 0.861324 0.642582 0.861324 0.640623 0.86328 0.638675 0.86328 0.636716 0.865236 0.632809 0.865236 0.632809 0.876953 0.634768 0.87891 0.634768 0.880856 0.638675 0.880856 0.640623 0.87891 0.64453 0.87891 0.646489 0.876953 0.652344 0.876953 0.654292 0.874997 0.658199 0.874997 0.660159 0.873051 0.664066 0.873051 0.666013 0.871095 0.667973 0.871095 0.66992 0.869138 0.67188 0.871095 0.673827 0.869138 0.677735 0.869138 0.677735 0.865236 0.679682 0.86328 0.679682 0.859377 0.677735 0.857421 0.677735 0.855465 0.675787 0.853518 0.675787 0.851562
0 0.232419 0.974605 0.230471 0.976561 0.222657 0.976561 0.21875 0.980464 0.21875 0.98242 0.220697 0.984376 0.220697 0.986332 0.222657 0.988279 0.222657 0.990235 0.224605 0.992191 0.224605 0.994138 0.226564 0.996094 0.226564 0.99805 0.228512 0.999996 0.228512 1 0.230471 1 0.230471 1 0.232419 1 0.232419 1 0.234378 1 0.24414 1 0.246099 1 0.246099 1 0.248047 1 0.246099 0.999996 0.246099 0.99805 0.24414 0.996094 0.24414 0.994138 0.242192 0.992191 0.242192 0.990235 0.238285 0.986332 0.238285 0.984376 0.236326 0.98242 0.236326 0.980464 0.234378 0.978518 0.234378 0.976561
0 0.705073 0.646487 0.703125 0.648433 0.703125 0.65039 0.701177 0.652346 0.701177 0.656248 0.699218 0.658205 0.699218 0.660161 0.710939 0.660161 0.712887 0.662107 0.722661 0.662107 0.724608 0.664063 0.736329 0.664063 0.738277 0.666019 0.740237 0.664063 0.740237 0.654292 0.738277 0.652346 0.728515 0.652346 0.726568 0.65039 0.718753 0.65039 0.716794 0.648433 0.707032 0.648433
0 0.937504 0.285153 0.937504 0.289066 0.935545 0.291012 0.935545 0.304686 0.951173 0.304686 0.953121 0.306642 0.966802 0.306642 0.968749 0.308598 0.970709 0.306642 0.972656 0.306642 0.972656 0.294924 0.970709 0.294924 0.968749 0.292968 0.962894 0.292968 0.960935 0.291012 0.95508 0.291012 0.953121 0.289066 0.947266 0.289066 0.945307 0.287109 0.939452 0.287109
0 0.699218 0.666019 0.69727 0.667966 0.69727 0.669922 0.695311 0.671878 0.695311 0.681639 0.714846 0.681639 0.716794 0.683596 0.73437 0.683596 0.736329 0.685542 0.736329 0.669922 0.718753 0.669922 0.716794 0.667966 0.701177 0.667966
0 0.931638 0.781248 0.927731 0.78516 0.927731 0.791019 0.925783 0.792965 0.927731 0.794921 0.927731 0.796878 0.939452 0.796878 0.941411 0.798824 0.953121 0.798824 0.95508 0.80078 0.966802 0.80078 0.968749 0.802736 0.970709 0.80078 0.970709 0.789062 0.968749 0.787107 0.968749 0.78516 0.951173 0.78516 0.949214 0.783204 0.933597 0.783204
0 0.855467 0.660161 0.855467 0.662107 0.853519 0.664063 0.853519 0.667966 0.85156 0.669922 0.85156 0.671878 0.853519 0.673825 0.878909 0.673825 0.880857 0.675781 0.884764 0.675781 0.884764 0.673825 0.886723 0.671878 0.886723 0.669922 0.884764 0.667966 0.884764 0.666019 0.882817 0.664063 0.882817 0.662107 0.857426 0.662107
0 0.630861 0.689454 0.628902 0.691411 0.623047 0.691411 0.621099 0.693357 0.613285 0.693357 0.611326 0.695313 0.605471 0.695313 0.603512 0.697269 0.595709 0.697269 0.595709 0.707031 0.597657 0.708987 0.597657 0.712889 0.603512 0.712889 0.605471 0.714845 0.607419 0.712889 0.613285 0.712889 0.615232 0.710933 0.61914 0.710933 0.621099 0.708987 0.626954 0.708987 0.628902 0.707031 0.634768 0.707031 0.634768 0.705074 0.636716 0.703128 0.636716 0.701172 0.634768 0.699216 0.634768 0.697269 0.632809 0.695313 0.632809 0.691411
0 0.798831 0.062502 0.798831 0.066404 0.796872 0.068361 0.796872 0.078122 0.810553 0.078122 0.8125 0.080078 0.826169 0.080078 0.828129 0.082034 0.833983 0.076175 0.833983 0.070317 0.832036 0.068361 0.832036 0.066404 0.816407 0.066404 0.814448 0.064448 0.800779 0.064448
0 0.886723 0.999996 0.886723 1 0.884764 1 0.884764 1 0.888671 1 0.89063 1 0.916021 1 0.917969 1 0.919917 1 0.919917 1 0.921876 1 0.921876 1 0.919917 1 0.919917 1 0.917969 1 0.9043 1 0.90234 1 0.888671 1
0 0.935545 0.80078 0.933597 0.802736 0.931638 0.802736 0.931638 0.814454 0.939452 0.814454 0.941411 0.81641 0.951173 0.81641 0.953121 0.818356 0.960935 0.818356 0.962894 0.820312 0.962894 0.818356 0.964842 0.81641 0.964842 0.812498 0.966802 0.810551 0.966802 0.808595 0.964842 0.806639 0.964842 0.804682 0.951173 0.804682 0.949214 0.802736 0.937504 0.802736
0 0.898433 0.955083 0.898433 0.957029 0.896485 0.958985 0.896485 0.962888 0.894526 0.964844 0.894526 0.970703 0.908207 0.970703 0.910155 0.972659 0.923824 0.972659 0.925783 0.974605 0.927731 0.972659 0.927731 0.970703 0.92969 0.968747 0.92969 0.960941 0.927731 0.958985 0.914062 0.958985 0.912114 0.957029 0.900393 0.957029
0 0.816407 0.833986 0.816407 0.835942 0.814448 0.837888 0.814448 0.841801 0.8125 0.843747 0.8125 0.845704 0.814448 0.84766 0.814448 0.851562 0.824222 0.851562 0.826169 0.853518 0.833983 0.853518 0.835943 0.855465 0.845705 0.855465 0.847653 0.857421 0.847653 0.855465 0.849612 0.853518 0.849612 0.849606 0.847653 0.84766 0.847653 0.837888 0.833983 0.837888 0.832036 0.835942 0.818355 0.835942
0 0.587895 0.613281 0.587895 0.623042 0.589842 0.624999 0.589842 0.626955 0.591802 0.626955 0.59375 0.624999 0.61914 0.624999 0.61914 0.61914 0.617192 0.617184 0.617192 0.613281
0 0.919917 0.511717 0.917969 0.513673 0.908207 0.513673 0.908207 0.515629 0.906247 0.517576 0.906247 0.523434 0.9043 0.525391 0.9043 0.537108 0.90234 0.539064 0.90234 0.548825 0.9043 0.550781 0.912114 0.550781 0.914062 0.552738 0.916021 0.550781 0.916021 0.546879 0.917969 0.544923 0.917969 0.539064 0.919917 0.537108 0.919917 0.531249 0.921876 0.529293 0.921876 0.523434 0.923824 0.521488 0.923824 0.517576 0.921876 0.515629 0.921876 0.513673
0 0.900393 0.941409 0.896485 0.945312 0.896485 0.95117 0.900393 0.95117 0.90234 0.953127 0.914062 0.953127 0.916021 0.955083 0.927731 0.955083 0.92969 0.957029 0.931638 0.955083 0.933597 0.955083 0.933597 0.945312 0.931638 0.943356 0.931638 0.941409
0 0.996099 0.5 0.996099 0.503902 0.994139 0.505858 0.994139 0.513673 0.996099 0.515629 1 0.515629 1 0.517576 1 0.515629 1 0.501956 0.998047 0.501956
0 0.69727 0.515629 0.69727 0.517576 0.695311 0.519532 0.695311 0.521488 0.693363 0.523434 0.693363 0.533205 0.701177 0.533205 0.703125 0.535152 0.70898 0.535152 0.710939 0.537108 0.718753 0.537108 0.720701 0.539064 0.726568 0.539064 0.728515 0.54102 0.730463 0.539064 0.730463 0.535152 0.732423 0.533205 0.732423 0.523434 0.724608 0.523434 0.722661 0.521488 0.714846 0.521488 0.712887 0.519532 0.707032 0.519532 0.705073 0.517576 0.699218 0.517576
0 0.89063 0.318359 0.89063 0.320315 0.888671 0.322262 0.888671 0.324218 0.886723 0.326174 0.886723 0.333989 0.896485 0.333989 0.898433 0.335935 0.910155 0.335935 0.912114 0.337891 0.921876 0.337891 0.921876 0.335935 0.925783 0.332033 0.925783 0.326174 0.917969 0.326174 0.916021 0.324218 0.910155 0.324218 0.908207 0.322262 0.900393 0.322262 0.898433 0.320315 0.892578 0.320315
0 0.95508 0.214849 0.95508 0.218751 0.953121 0.220707 0.953121 0.230469 0.968749 0.230469 0.970709 0.232425 0.984378 0.232425 0.986326 0.234371 0.990232 0.234371 0.990232 0.232425 0.992192 0.230469 0.992192 0.216795 0.957028 0.216795
0 0.972656 0.578129 0.972656 0.593749 0.990232 0.593749 0.992192 0.595705 1 0.595705 1 0.597661 1 0.595705 1 0.593749 1 0.591793 1 0.580075 0.976564 0.580075 0.974604 0.578129
0 0.87695 0.378902 0.875002 0.380859 0.871095 0.380859 0.871095 0.384761 0.869136 0.386717 0.869136 0.396488 0.867188 0.398435 0.867188 0.408206 0.865229 0.410152 0.865229 0.414065 0.869136 0.417967 0.873043 0.417967 0.875002 0.416011 0.880857 0.416011 0.880857 0.408206 0.882817 0.40625 0.882817 0.392576 0.884764 0.39063 0.884764 0.384761 0.882817 0.382815 0.882817 0.380859 0.880857 0.378902
0 0.832036 0.759769 0.828129 0.763671 0.826169 0.763671 0.826169 0.771487 0.828129 0.773433 0.828129 0.777345 0.859374 0.777345 0.859374 0.775389 0.861333 0.773433 0.861333 0.76953 0.863281 0.767574 0.861333 0.765628 0.861333 0.763671 0.847653 0.763671 0.845705 0.761715 0.833983 0.761715
0 0.638675 0.712889 0.636716 0.714845 0.624995 0.714845 0.623047 0.716802 0.611326 0.716802 0.609378 0.718748 0.597657 0.718748 0.597657 0.734378 0.599604 0.736324 0.601564 0.734378 0.609378 0.734378 0.611326 0.732422 0.617192 0.732422 0.61914 0.730465 0.626954 0.730465 0.628902 0.728519 0.636716 0.728519 0.636716 0.726563 0.638675 0.724607
0 0.941411 0.738281 0.939452 0.740237 0.937504 0.740237 0.933597 0.744139 0.933597 0.746095 0.935545 0.748051 0.935545 0.751954 0.941411 0.751954 0.943359 0.75391 0.947266 0.75391 0.949214 0.755857 0.95508 0.755857 0.957028 0.757813 0.962894 0.757813 0.964842 0.759769 0.970709 0.759769 0.972656 0.761715 0.976564 0.761715 0.978511 0.759769 0.978511 0.757813 0.976564 0.755857 0.980471 0.751954 0.980471 0.748051 0.974604 0.748051 0.972656 0.746095 0.966802 0.746095 0.964842 0.744139 0.958987 0.744139 0.957028 0.742183 0.951173 0.742183 0.949214 0.740237 0.943359 0.740237
0 0.64453 0.25586 0.64453 0.259762 0.642582 0.261718 0.642582 0.267577 0.640623 0.269533 0.642582 0.27148 0.642582 0.273436 0.662106 0.273436 0.664066 0.275392 0.681642 0.275392 0.683589 0.277348 0.683589 0.27148 0.685549 0.269533 0.685549 0.261718 0.683589 0.259762 0.666013 0.259762 0.664066 0.257816 0.646489 0.257816
0 0.871095 0.591793 0.871095 0.593749 0.869136 0.595705 0.869136 0.611325 0.9043 0.611325 0.9043 0.609379 0.906247 0.607422 0.906247 0.60352 0.908207 0.601564 0.908207 0.595705 0.89063 0.595705 0.888671 0.593749 0.873043 0.593749
0 0.951173 0.261718 0.949214 0.263674 0.947266 0.263674 0.943359 0.267577 0.941411 0.267577 0.941411 0.275392 0.939452 0.277348 0.939452 0.279294 0.941411 0.279294 0.943359 0.281251 0.978511 0.281251 0.980471 0.283207 0.980471 0.281251 0.982419 0.279294 0.982419 0.269533 0.980471 0.267577 0.980471 0.265621 0.978511 0.263674 0.953121 0.263674
0 0.92969 0.986332 0.92969 0.988279 0.927731 0.990235 0.927731 0.992191 0.925783 0.994138 0.925783 1 0.957028 1 0.958987 1 0.960935 1 0.960935 1 0.962894 1 0.962894 0.992191 0.958987 0.988279 0.931638 0.988279
0 0.638675 0.291012 0.636716 0.292968 0.634768 0.292968 0.630861 0.296871 0.630861 0.308598 0.636716 0.308598 0.638675 0.310544 0.64453 0.310544 0.646489 0.3125 0.652344 0.3125 0.654292 0.314457 0.660159 0.314457 0.662106 0.316403 0.667973 0.316403 0.66992 0.318359 0.675787 0.318359 0.679682 0.314457 0.679682 0.3125 0.681642 0.310544 0.681642 0.308598 0.679682 0.306642 0.679682 0.304686 0.677735 0.302739 0.677735 0.300783 0.67188 0.300783 0.66992 0.298827 0.664066 0.298827 0.662106 0.296871 0.656251 0.296871 0.654292 0.294924 0.648437 0.294924 0.646489 0.292968 0.640623 0.292968
0 0.976564 0.808595 0.974604 0.810551 0.968749 0.810551 0.968749 0.812498 0.966802 0.814454 0.966802 0.818356 0.968749 0.820312 0.968749 0.824215 0.976564 0.824215 0.978511 0.826171 0.986326 0.826171 0.988285 0.828127 0.996099 0.828127 0.998047 0.830074 1 0.824215 1 0.822268 1 0.820312 1 0.818356 1 0.81641 1 0.814454 0.996099 0.814454 0.994139 0.812498 0.988285 0.812498 0.986326 0.810551 0.978511 0.810551
0 0.623047 0.652346 0.621099 0.654292 0.611326 0.654292 0.609378 0.656248 0.599604 0.656248 0.597657 0.658205 0.587895 0.658205 0.583987 0.662107 0.583987 0.664063 0.585935 0.666019 0.585935 0.667966 0.587895 0.669922 0.587895 0.671878 0.591802 0.671878 0.59375 0.669922 0.603512 0.669922 0.605471 0.667966 0.613285 0.667966 0.615232 0.666019 0.624995 0.666019 0.624995 0.656248 0.623047 0.654292
0 0.865229 0.615237 0.865229 0.617184 0.863281 0.61914 0.863281 0.621096 0.861333 0.623042 0.861333 0.632813 0.873043 0.632813 0.875002 0.63477 0.886723 0.63477 0.888671 0.636716 0.900393 0.636716 0.90234 0.638672 0.90234 0.63477 0.9043 0.632813 0.9043 0.621096 0.892578 0.621096 0.89063 0.61914 0.880857 0.61914 0.878909 0.617184 0.867188 0.617184
0 0.707032 0.943356 0.705073 0.945312 0.703125 0.945312 0.699218 0.949214 0.69727 0.949214 0.695311 0.95117 0.693363 0.95117 0.689456 0.955083 0.687496 0.955083 0.685549 0.957029 0.683589 0.957029 0.681642 0.958985 0.679682 0.958985 0.675787 0.962888 0.673827 0.962888 0.673827 0.964844 0.675787 0.9668 0.675787 0.970703 0.677735 0.970703 0.679682 0.972659 0.681642 0.972659 0.683589 0.974605 0.685549 0.972659 0.687496 0.972659 0.689456 0.970703 0.691404 0.970703 0.695311 0.9668 0.69727 0.9668 0.699218 0.964844 0.701177 0.964844 0.703125 0.962888 0.705073 0.962888 0.70898 0.958985 0.710939 0.958985 0.712887 0.957029 0.714846 0.957029 0.714846 0.95117
0 0.912114 0.388674 0.912114 0.394532 0.910155 0.396488 0.910155 0.40625 0.908207 0.408206 0.908207 0.417967 0.906247 0.419924 0.906247 0.423826 0.908207 0.425782 0.916021 0.425782 0.917969 0.427738 0.923824 0.427738 0.923824 0.423826 0.925783 0.42188 0.925783 0.414065 0.927731 0.412108 0.927731 0.404294 0.92969 0.402347 0.92969 0.394532 0.927731 0.392576 0.925783 0.392576 0.921876 0.388674
0 0.958987 0.867192 0.957028 0.869138 0.95508 0.869138 0.95508 0.871095 0.953121 0.873051 0.953121 0.87891 0.957028 0.882812 0.984378 0.882812 0.986326 0.884768 0.988285 0.882812 0.988285 0.873051 0.986326 0.871095 0.986326 0.867192
0 0.962894 0.61914 0.962894 0.626955 0.960935 0.628911 0.960935 0.636716 0.974604 0.636716 0.976564 0.638672 0.990232 0.638672 0.992192 0.640628 0.999994 0.640628 0.999994 0.638672 1 0.636716 1 0.624999 0.999994 0.623042 0.982419 0.623042 0.980471 0.621096 0.964842 0.621096
0 1 0.478511 0.998047 0.482423 0.998047 0.48438 0.996099 0.486326 0.996099 0.488282 0.994139 0.490238 0.996099 0.492184 0.996099 0.494141 1 0.494141 1 0.496097 1 0.496097 1 0.498043 1 0.498043 1 0.5 1 0.5 1 0.498043 1 0.496097 1 0.494141 1 0.492184 1 0.486326 1 0.486326 1 0.48438 1 0.48438 1 0.482423 1 0.482423 1 0.480467 1 0.480467
0 0.640623 0.749998 0.638675 0.751954 0.632809 0.751954 0.630861 0.75391 0.624995 0.75391 0.623047 0.755857 0.617192 0.755857 0.615232 0.757813 0.609378 0.757813 0.607419 0.759769 0.601564 0.759769 0.601564 0.767574 0.599604 0.76953 0.599604 0.777345 0.601564 0.777345 0.603512 0.775389 0.609378 0.775389 0.611326 0.773433 0.617192 0.773433 0.61914 0.771487 0.626954 0.771487 0.628902 0.76953 0.634768 0.76953 0.636716 0.767574 0.642582 0.767574 0.642582 0.763671 0.64453 0.761715 0.64453 0.755857 0.642582 0.75391 0.642582 0.751954
0 0.802738 0.689454 0.802738 0.691411 0.800779 0.693357 0.800779 0.703128 0.802738 0.705074 0.835943 0.705074 0.837891 0.707031 0.839838 0.705074 0.841798 0.705074 0.841798 0.697269 0.839838 0.695313 0.839838 0.693357 0.822262 0.693357 0.820315 0.691411 0.804686 0.691411
0 0.029296 0.871095 0.027349 0.873051 0.017575 0.873051 0.017575 0.87891 0.019534 0.880856 0.019534 0.890627 0.021482 0.892573 0.021482 0.902344 0.023441 0.904301 0.023441 0.908203 0.025389 0.906247 0.035151 0.906247 0.035151 0.904301 0.037111 0.902344 0.037111 0.900388 0.035151 0.898442 0.035151 0.892573 0.033203 0.890627 0.033203 0.884768 0.031256 0.882812 0.031256 0.876953 0.029296 0.874997
0 0.792965 0.749998 0.78711 0.755857 0.78711 0.759769 0.789058 0.761715 0.789058 0.763671 0.804686 0.763671 0.806645 0.765628 0.820315 0.765628 0.822262 0.767574 0.822262 0.763671 0.824222 0.761715 0.824222 0.757813 0.826169 0.755857 0.824222 0.75391 0.824222 0.751954 0.794924 0.751954
0 0.808593 0.248045 0.806645 0.250001 0.800779 0.250001 0.800779 0.251957 0.798831 0.253903 0.798831 0.25586 0.796872 0.257816 0.796872 0.265621 0.832036 0.265621 0.833983 0.267577 0.835943 0.265621 0.835943 0.263674 0.837891 0.261718 0.837891 0.257816 0.839838 0.25586 0.839838 0.251957 0.826169 0.251957 0.824222 0.250001 0.810553 0.250001
0 0.960935 0.84766 0.95508 0.853518 0.95508 0.86328 0.974604 0.86328 0.976564 0.865236 0.994139 0.865236 0.996099 0.867192 0.996099 0.86328 0.998047 0.861324 0.998047 0.855465 0.994139 0.851562 0.978511 0.851562 0.976564 0.849606 0.962894 0.849606
0 0.73437 0.542967 0.732423 0.544923 0.732423 0.546879 0.730463 0.548825 0.730463 0.550781 0.728515 0.552738 0.728515 0.554684 0.730463 0.55664 0.730463 0.560543 0.744143 0.560543 0.746091 0.562499 0.757813 0.562499 0.75976 0.564455 0.76172 0.562499 0.763668 0.562499 0.765627 0.560543 0.765627 0.558596 0.767575 0.55664 0.767575 0.554684 0.75976 0.546879 0.749998 0.546879 0.748051 0.544923 0.740237 0.544923 0.738277 0.542967