1 0.789062 0.271485 0.787107 0.273438 0.785157 0.273438 0.785157 0.27539 0.783203 0.277343 0.783203 0.289063 0.804688 0.310546 0.810547 0.304688 0.812501 0.304688 0.816406 0.300782 0.812501 0.296873 0.812501 0.294921 0.806643 0.289063 0.806643 0.28711 0.800779 0.281249 0.800779 0.279296 0.792971 0.271485
0 0.394531 0.89258 0.392576 0.894532 0.380859 0.894532 0.376955 0.898438 0.375 0.898438 0.371096 0.902343 0.369141 0.902343 0.369141 0.904296 0.367187 0.906249 0.367187 0.910157 0.365232 0.91211 0.367187 0.914063 0.369141 0.91211 0.376955 0.91211 0.378904 0.910157 0.384768 0.910157 0.386717 0.908204 0.390626 0.908204 0.392576 0.906249 0.396485 0.906249 0.39844 0.904296 0.400389 0.904296 0.400389 0.902343 0.402344 0.90039 0.400389 0.898438 0.400389 0.896485 0.39844 0.896485
9 0.70508 0.859374 0.701172 0.863282 0.699217 0.863282 0.695313 0.867188 0.695313 0.876955 0.697267 0.878907 0.697267 0.882813 0.699217 0.884765 0.699217 0.888671 0.701172 0.890624 0.701172 0.894532 0.703126 0.896485 0.703126 0.90039 0.70508 0.902343 0.70508 0.904296 0.708985 0.908204 0.718752 0.908204 0.720702 0.910157 0.720702 0.902343 0.722657 0.90039 0.722657 0.890624 0.720702 0.888671 0.720702 0.882813 0.718752 0.88086 0.718752 0.871093 0.716798 0.869141 0.716798 0.865235 0.712889 0.86133 0.70703 0.86133
9 0.562498 0.919921 0.562498 0.925782 0.560548 0.927735 0.560548 0.933593 0.562498 0.935546 0.562498 0.939454 0.564452 0.941407 0.564452 0.947265 0.566407 0.949218 0.566407 0.951171 0.57422 0.958985 0.57422 0.957032 0.57617 0.955079 0.57617 0.953126 0.578124 0.951171 0.578124 0.949218 0.580079 0.947265 0.580079 0.93164 0.578124 0.929688 0.578124 0.927735 0.57617 0.925782 0.57617 0.923829 0.57422 0.921873 0.57422 0.919921
9 0.437501 0.902343 0.435546 0.904296 0.433592 0.904296 0.429688 0.908204 0.429688 0.919921 0.431642 0.921873 0.431642 0.93164 0.433592 0.933593 0.433592 0.939454 0.435546 0.941407 0.435546 0.947265 0.437501 0.949218 0.437501 0.951171 0.443359 0.951171 0.445314 0.953126 0.447264 0.951171 0.449218 0.951171 0.449218 0.949218 0.451173 0.947265 0.451173 0.94336 0.453127 0.941407 0.453127 0.929688 0.451173 0.927735 0.451173 0.917968 0.449218 0.916015 0.449218 0.914063 0.447264 0.91211 0.447264 0.910157 0.445314 0.908204 0.445314 0.906249 0.443359 0.906249 0.441405 0.904296 0.439455 0.904296
9 0.86328 0.908204 0.86133 0.910157 0.859376 0.910157 0.859376 0.919921 0.86133 0.921873 0.86133 0.929688 0.86328 0.93164 0.86328 0.933593 0.865234 0.935546 0.865234 0.937502 0.867189 0.939454 0.867189 0.94336 0.869139 0.945312 0.869139 0.947265 0.871093 0.949218 0.871093 0.951171 0.873048 0.953126 0.873048 0.955079 0.871093 0.957032 0.869139 0.957032 0.871093 0.958985 0.875002 0.955079 0.876952 0.955079 0.880861 0.951171 0.882811 0.951171 0.88672 0.947265 0.888674 0.947265 0.888674 0.937502 0.88672 0.935546 0.88672 0.933593 0.884765 0.93164 0.884765 0.929688 0.880861 0.925782 0.880861 0.923829 0.869139 0.91211 0.867189 0.91211
9 0.519532 0.941407 0.517578 0.94336 0.511719 0.94336 0.509765 0.945312 0.50586 0.945312 0.503906 0.947265 0.498047 0.947265 0.498047 0.951171 0.500002 0.953126 0.500002 0.958985 0.501951 0.960937 0.501951 0.96289 0.503906 0.964843 0.503906 0.966796 0.50586 0.968751 0.50586 0.972657 0.50781 0.97461 0.50781 0.976562 0.509765 0.978515 0.509765 0.980468 0.511719 0.98242 0.511719 0.984376 0.513674 0.986329 0.515623 0.986329 0.521482 0.992187 0.527346 0.986329 0.527346 0.98242 0.529295 0.980468 0.529295 0.968751 0.527346 0.966796 0.527346 0.958985 0.525391 0.957032 0.525391 0.955079 0.523437 0.953126 0.523437 0.951171 0.521482 0.949218 0.521482 0.947265 0.519532 0.945312
0 0.742187 0.427734 0.738283 0.43164 0.738283 0.433592 0.736328 0.435548 0.736328 0.437501 0.734374 0.439454 0.734374 0.443359 0.73242 0.445312 0.73242 0.447265 0.73047 0.449217 0.73047 0.451173 0.728515 0.453126 0.728515 0.455079 0.73047 0.457031 0.73047 0.458984 0.740233 0.458984 0.742187 0.457031 0.742187 0.455079 0.744142 0.453126 0.744142 0.449217 0.746092 0.447265 0.746092 0.445312 0.748046 0.443359 0.748046 0.439454 0.75 0.437501 0.75 0.435548 0.748046 0.433592 0.748046 0.43164 0.746092 0.43164
0 0.003908 0.71875 0.003908 0.722655 0.001954 0.724611 0.001954 0.728516 0.003908 0.730469 0.003908 0.734374 0.005858 0.736327 0.005858 0.73828 0.007813 0.740236 0.009767 0.740236 0.015626 0.746094 0.01953 0.746094 0.021485 0.748047 0.029298 0.748047 0.033202 0.744141 0.035157 0.744141 0.035157 0.73828 0.033202 0.736327 0.033202 0.734374 0.031252 0.732422 0.029298 0.732422 0.025389 0.728516 0.023439 0.728516 0.013672 0.71875
9 0.933594 0.878907 0.933594 0.89258 0.935549 0.894532 0.935549 0.90039 0.937498 0.902343 0.937498 0.906249 0.939453 0.908204 0.939453 0.91211 0.941407 0.914063 0.941407 0.916015 0.943362 0.917968 0.943362 0.919921 0.945312 0.921873 0.947266 0.919921 0.95117 0.919921 0.953125 0.917968 0.957029 0.917968 0.958983 0.916015 0.962892 0.916015 0.962892 0.914063 0.960938 0.91211 0.960938 0.910157 0.958983 0.908204 0.958983 0.904296 0.957029 0.902343 0.957029 0.90039 0.955079 0.898438 0.955079 0.896485 0.95117 0.89258 0.95117 0.890624 0.943362 0.882813 0.939453 0.882813 0.937498 0.88086 0.935549 0.88086
9 0.478517 0.953126 0.476562 0.955079 0.470703 0.955079 0.468749 0.957032 0.460936 0.957032 0.460936 0.960937 0.46289 0.96289 0.46289 0.970704 0.464845 0.972657 0.464845 0.980468 0.466799 0.98242 0.466799 0.988282 0.468749 0.990234 0.468749 0.99414 0.472658 0.998045 0.472658 1 0.476562 1 0.480471 1 0.482421 1 0.484375 1 0.484375 1 0.48633 0.998045 0.48633 0.99414 0.48828 0.992187 0.48828 0.986329 0.48633 0.984376 0.48633 0.972657 0.484375 0.970704 0.484375 0.964843 0.482421 0.96289 0.482421 0.960937 0.480471 0.958985 0.480471 0.957032 0.478517 0.955079
9 0.492188 0.951171 0.490234 0.953126 0.48633 0.953126 0.48633 0.958985 0.48828 0.960937 0.48828 0.970704 0.490234 0.972657 0.490234 0.980468 0.492188 0.98242 0.492188 0.984376 0.494138 0.986329 0.494138 0.988282 0.500002 0.988282 0.50781 0.980468 0.50781 0.978515 0.50586 0.976562 0.50586 0.97461 0.503906 0.972657 0.503906 0.968751 0.501951 0.966796 0.501951 0.964843 0.500002 0.96289 0.500002 0.960937 0.498047 0.958985 0.498047 0.953126 0.496093 0.951171
9 0.921877 0.798827 0.919922 0.800783 0.908205 0.800783 0.908205 0.808594 0.910154 0.810546 0.910154 0.814452 0.912109 0.816408 0.912109 0.820313 0.914063 0.822266 0.914063 0.826171 0.916018 0.828124 0.916018 0.830077 0.917968 0.832033 0.917968 0.833985 0.919922 0.833985 0.921877 0.835938 0.927735 0.835938 0.927735 0.833985 0.92969 0.832033 0.92969 0.824219 0.927735 0.822266 0.927735 0.810546 0.925781 0.808594 0.925781 0.806641 0.923826 0.804688 0.923826 0.802735 0.921877 0.800783
0 0.990236 0.060547 0.986327 0.064452 0.984373 0.064452 0.978514 0.070314 0.976564 0.070314 0.972655 0.074219 0.972655 0.076172 0.970701 0.078125 0.972655 0.080077 0.972655 0.08203 0.97461 0.083986 0.980469 0.083986 0.982423 0.085939 0.984373 0.085939 0.988282 0.08203 0.990236 0.08203 0.998045 0.074219 0.999999 0.074219 1 0.068358 1 0.064452 1 0.060547
9 0.865234 0.763672 0.86328 0.765624 0.86133 0.765624 0.86133 0.767577 0.859376 0.76953 0.859376 0.773438 0.86133 0.775391 0.86133 0.777344 0.86328 0.779296 0.86328 0.781249 0.865234 0.783202 0.865234 0.787111 0.867189 0.789063 0.867189 0.791016 0.869139 0.792969 0.869139 0.796874 0.871093 0.798827 0.871093 0.800783 0.875002 0.800783 0.876952 0.802735 0.878906 0.800783 0.880861 0.800783 0.880861 0.798827 0.882811 0.796874 0.882811 0.785158 0.880861 0.783202 0.880861 0.781249 0.878906 0.779296 0.878906 0.777344 0.876952 0.775391 0.876952 0.773438 0.875002 0.771486 0.875002 0.76953 0.869139 0.763672
9 0.599609 0.90039 0.599609 0.914063 0.601564 0.916015 0.601564 0.917968 0.603514 0.919921 0.603514 0.923829 0.605468 0.925782 0.605468 0.927735 0.607423 0.929688 0.607423 0.93164 0.609377 0.933593 0.609377 0.935546 0.611327 0.937502 0.611327 0.939454 0.61914 0.939454 0.621094 0.941407 0.621094 0.919921 0.61914 0.917968 0.61914 0.916015 0.617186 0.914063 0.617186 0.91211 0.615236 0.910157 0.615236 0.904296 0.613281 0.902343 0.613281 0.90039
9 0.634766 0.89258 0.632812 0.894532 0.628908 0.894532 0.626953 0.896485 0.621094 0.896485 0.61914 0.898438 0.615236 0.898438 0.615236 0.902343 0.617186 0.904296 0.617186 0.910157 0.61914 0.91211 0.61914 0.914063 0.621094 0.916015 0.621094 0.917968 0.623049 0.919921 0.623049 0.921873 0.624999 0.923829 0.624999 0.925782 0.626953 0.927735 0.626953 0.929688 0.630857 0.933593 0.632812 0.933593 0.638671 0.939454 0.640625 0.939454 0.64258 0.941407 0.64258 0.921873 0.640625 0.919921 0.640625 0.910157 0.638671 0.908204 0.638671 0.902343 0.636721 0.90039 0.636721 0.896485 0.634766 0.894532
9 0.679686 0.873046 0.679686 0.874999 0.677737 0.876955 0.677737 0.888671 0.679686 0.890624 0.679686 0.896485 0.681641 0.898438 0.681641 0.90039 0.683595 0.902343 0.683595 0.904296 0.685545 0.906249 0.685545 0.908204 0.6875 0.910157 0.6875 0.91211 0.689454 0.914063 0.691408 0.914063 0.693358 0.916015 0.695313 0.916015 0.697267 0.917968 0.697267 0.916015 0.699217 0.914063 0.699217 0.91211 0.701172 0.910157 0.701172 0.90039 0.699217 0.898438 0.699217 0.890624 0.697267 0.888671 0.697267 0.884765 0.695313 0.882813 0.695313 0.878907 0.693358 0.876955 0.693358 0.874999 0.691408 0.873046
9 0.808592 0.925782 0.806643 0.927735 0.806643 0.929688 0.804688 0.93164 0.804688 0.949218 0.806643 0.951171 0.806643 0.953126 0.808592 0.955079 0.808592 0.96289 0.810547 0.964843 0.810547 0.97461 0.812501 0.972657 0.81836 0.972657 0.820314 0.970704 0.826173 0.970704 0.828123 0.968751 0.833986 0.968751 0.833986 0.966796 0.832032 0.964843 0.832032 0.96289 0.830077 0.960937 0.830077 0.958985 0.828123 0.957032 0.828123 0.955079 0.826173 0.953126 0.826173 0.951171 0.824219 0.949218 0.824219 0.947265 0.822264 0.945312 0.822264 0.94336 0.820314 0.941407 0.820314 0.939454 0.81836 0.937502 0.81836 0.935546 0.814451 0.93164 0.814451 0.929688 0.812501 0.927735 0.810547 0.927735
10 0.927735 0.945312 0.925781 0.947265 0.925781 0.949218 0.923826 0.951171 0.923826 0.953126 0.921877 0.955079 0.921877 0.957032 0.919922 0.958985 0.919922 0.960937 0.921877 0.96289 0.921877 0.964843 0.923826 0.966796 0.923826 0.968751 0.925781 0.970704 0.925781 0.972657 0.927735 0.97461 0.927735 0.976562 0.92969 0.978515 0.92969 0.980468 0.93164 0.98242 0.93164 0.984376 0.933594 0.986329 0.933594 0.988282 0.935549 0.990234 0.935549 0.99414 0.937498 0.996093 0.937498 0.998045 0.939453 1 0.939453 1 0.941407 1 0.941407 1 0.943362 1 0.943362 1 0.945312 1 0.945312 1 0.947266 1 0.947266 1 0.94922 1 0.94922 1 0.95117 1 0.95117 1 0.953125 1 0.953125 1 0.955079 1 0.955079 1 0.957029 1 0.957029 1 0.958983 1 0.958983 1 0.960938 1 0.960938 1 0.962892 1 0.962892 1 0.964842 1 0.964842 1 0.966797 1 0.966797 1 0.968751 1 0.968751 1 0.970701 1 0.970701 1 0.972655 1 0.972655 1 0.97461 1 0.97461 1 0.976564 1 0.976564 1 0.978514 1 0.978514 1 0.980469 1 0.980469 1 0.982423 1 0.982423 1 0.984373 1 0.984373 1 0.986327 1 0.986327 1 0.988282 1 0.988282 1 0.990236 1 0.990236 1 0.992186 1 0.992186 1 0.994141 1 0.994141 1 0.996095 1 0.996095 1 0.998045 1 0.998045 1 0.999999 1 0.999999 1 1 1 1 1 1 1 1 1 1 1 1 1 1 1 1 1 1 1 1 1 1 1 1 1 1 1 1 1 1 1 1 1 1 1 1 1 1 1 1 1 1 1 1 1 1 1 1 1 1 1 1 1 1 1 1 1 1 1 1 1 1 1 1 1 1 1 1 1 1 1 1 1 1 1 1 1 1 1 1 1 1 1 1 1 1 1 1 1 1 1 1 1 1 1 1 1 1 1 1 1 1 1 1 1 1 1 1 1 1 1 1 1 1 1 1 1 1 1 1 1 1 1 1 1 1 1 1 1 1 1 1 1 1 1 1 1 1 1 1 1 1 1 1 1 1 1 1 1 1 1 1 1 1 1 1 1 1 1 1 1 1 1 1 1 1 1 1 1 1 1 1 1 1 1 1 1 1 1 1 1 1 1 1 1 1 1 1 1 1 1 1 1 1 1 1 1 1 1 1 1 1 1 1 1 1 1 1 1 1 1 1 1 1 1 1 1 1 1 1 1 1 1 1 1 1 1 1 1 1 1 1 1 1 1 1 1 1 1 1 1 1 1 1 1 1 1 1 1 1 1 1 1 1 1 1 1 1 1 1 1 1 1 1 1 1 1 1 1 1 1 1 1 1 1 1 1 1 1 1 1 1 1 1 1 1 1 1 1 1 1 1 1 1 1 1 1 1 1 1 1 1 1 1 1 1 1 1 1 1 1 1 1 1 1 1 1 1 1 1 1 1 1 1 1 1 1 1 1 1 1 1 1 1 1 1 1 1 1 1 1 1 1 1 1 1 1 1 1 1 1 1 1 1 1 1 1 1 1 1 1 1 1 1 1 1 1 1 1 1 1 1 1 1 1 1 1 1 1 1 1 1 1 1 1 1 1 1 1 1 1 1 1 1 1 1 1 1 1 1 1 1 1 1 1 1 1 1 1 1 1 1 1 1 1 1 1 1 1 1 1 1 1 1 1 1 1 1 1 1 1 1 1 1 1 1 1 1 1 1 1 1 1 1 1 1 1 1 1 1 1 1 1 1 1 1 1 1 1 1 1 1 1 1 1 1 1 1 1 1 1 1 1 1 1 1 1 1 1 1 1 1 1 1 1 1 1 1 1 1 1 1 1 1 1 1 1 1 1 1 1 1 1 1 1 1 1 1 1 1 1 1 1 1 1 1 1 1 1 1 1 1 1 1 1 1 1 1 1 1 1 1 1 1 1 1 1 1 1 1 1 1 1 1 1 1 1 1 1 1 1 1 1 1 1 1 1 1 1 1 1 1 1 1 1 1 1 1 1 1 1 1 1 1 1 1 1 1 1 1 1 1 1 1 1 1 1 1 1 1 1 1 1 1 1 1 1 1 1 1 1 1 1 1 1 1 1 1 1 1 1 1 1 1 1 1 1 1 1 1 1 1 1 1 1 1 1 1 1 1 1 1 1 1 1 1 1 1 1 1 1 1 1 1 1 1 1 1 1 1 1 1 1 1 1 1 1 1 1 1 1 1 1 1 1 1 1 1 1 1 1 1 1 1 1 1 1 1 1 1 1 1 1 1 1 1 1 1 1 1 1 1 1 1 1 1 1 1 1 1 1 1 1 1 1 1 1 1 1 1 1 1 1 1 1 1 1 1 1 1 1 1 1 1 1 1 1 1 1 1 1 1 1 1 1 1 1 1 1 1 1 1 1 1 1 1 1 1 1 1 1 0.999999 1 0.999999 1 0.998045 1 0.998045 1 0.996095 1 0.996095 1 0.994141 1 0.994141 1 0.992186 1 0.992186 1 0.990236 1 0.990236 1 0.988282 1 0.988282 1 0.986327 1 0.986327 1 0.984373 1 0.984373 1 0.982423 1 0.982423 1 0.980469 1 0.980469 1 0.978514 1 0.978514 1 0.976564 1 0.976564 1 0.97461 1 0.97461 1 0.972655 1 0.972655 1 0.970701 1 0.970701 1 0.968751 0.998045 0.968751 0.996093 0.966797 0.99414 0.966797 0.992187 0.964842 0.990234 0.964842 0.988282 0.962892 0.986329 0.962892 0.98242 0.960938 0.980468 0.960938 0.978515 0.958983 0.976562 0.958983 0.97461 0.957029 0.972657 0.957029 0.970704 0.955079 0.968751 0.955079 0.966796 0.953125 0.964843 0.953125 0.96289 0.95117 0.960937 0.95117 0.958985 0.94922 0.957032 0.94922 0.955079 0.941407 0.947265 0.92969 0.947265
9 0.630857 0.154296 0.626953 0.158202 0.624999 0.158202 0.624999 0.164063 0.632812 0.171874 0.632812 0.173827 0.640625 0.181641 0.640625 0.183594 0.64258 0.185546 0.64258 0.187499 0.644529 0.189452 0.650393 0.189452 0.652343 0.191408 0.656252 0.191408 0.656252 0.189452 0.658201 0.187499 0.658201 0.185546 0.660156 0.183594 0.660156 0.177735 0.638671 0.156249 0.636721 0.156249 0.634766 0.154296
9 0.978514 0.853516 0.976564 0.855468 0.972655 0.855468 0.972655 0.867188 0.97461 0.869141 0.97461 0.874999 0.976564 0.876955 0.976564 0.882813 0.978514 0.884765 0.978514 0.886718 0.980469 0.888671 0.980469 0.890624 0.984373 0.894532 0.984373 0.896485 0.986327 0.898438 0.986327 0.90039 0.988282 0.902343 0.990236 0.90039 0.994141 0.90039 0.996095 0.898438 0.999999 0.898438 1 0.896485 1 0.896485 1 0.894532 1 0.89258 1 0.890624 1 0.888671 1 0.884765 0.999999 0.882813 0.999999 0.88086 0.998045 0.878907 0.998045 0.876955 0.996095 0.874999 0.996095 0.873046 0.994141 0.871093 0.994141 0.869141 0.990236 0.865235 0.990236 0.863282 0.982423 0.855468 0.980469 0.855468
9 0.468749 0.894532 0.468749 0.902343 0.466799 0.904296 0.466799 0.916015 0.468749 0.917968 0.468749 0.927735 0.470703 0.929688 0.470703 0.93164 0.472658 0.933593 0.472658 0.935546 0.474608 0.933593 0.484375 0.933593 0.490234 0.927735 0.490234 0.925782 0.492188 0.923829 0.492188 0.921873 0.490234 0.919921 0.490234 0.917968 0.48828 0.916015 0.48828 0.914063 0.48633 0.91211 0.48633 0.910157 0.484375 0.908204 0.484375 0.906249 0.482421 0.904296 0.482421 0.902343 0.480471 0.90039 0.480471 0.898438 0.476562 0.898438 0.474608 0.896485 0.470703 0.896485
0 0.562498 0.453126 0.558594 0.457031 0.558594 0.458984 0.552735 0.464842 0.552735 0.466798 0.546876 0.472656 0.546876 0.474609 0.542967 0.478514 0.546876 0.482423 0.546876 0.484376 0.55078 0.488281 0.55078 0.490234 0.554689 0.490234 0.558594 0.494139 0.562498 0.490234 0.562498 0.488281 0.568361 0.482423 0.568361 0.48047 0.57422 0.474609 0.57422 0.472656 0.578124 0.468751
9 0.824219 0.927735 0.824219 0.935546 0.822264 0.937502 0.822264 0.941407 0.824219 0.94336 0.824219 0.945312 0.826173 0.947265 0.826173 0.949218 0.828123 0.951171 0.828123 0.953126 0.830077 0.955079 0.830077 0.957032 0.832032 0.958985 0.832032 0.960937 0.833986 0.96289 0.833986 0.964843 0.835936 0.966796 0.839845 0.966796 0.841795 0.964843 0.845704 0.964843 0.847658 0.96289 0.851562 0.96289 0.851562 0.960937 0.849608 0.958985 0.849608 0.955079 0.847658 0.953126 0.847658 0.951171 0.845704 0.949218 0.845704 0.945312 0.843749 0.94336 0.843749 0.941407 0.841795 0.939454 0.841795 0.937502 0.837891 0.933593 0.837891 0.93164 0.835936 0.929688 0.832032 0.929688 0.830077 0.927735
0 0.875002 0.6875 0.871093 0.691405 0.869139 0.691405 0.865234 0.695314 0.86328 0.695314 0.857421 0.701172 0.857421 0.703125 0.855467 0.705077 0.855467 0.70703 0.857421 0.708986 0.857421 0.712891 0.865234 0.712891 0.867189 0.710939 0.871093 0.710939 0.873048 0.708986 0.875002 0.708986 0.878906 0.705077 0.880861 0.705077 0.882811 0.703125 0.88672 0.703125 0.890624 0.699219 0.890624 0.691405 0.888674 0.689452 0.888674 0.6875
1 0.6875 0.720702 0.685545 0.722655 0.681641 0.722655 0.679686 0.724611 0.675782 0.724611 0.673828 0.726564 0.669923 0.726564 0.667969 0.728516 0.664065 0.728516 0.66211 0.730469 0.658201 0.730469 0.656252 0.732422 0.652343 0.732422 0.650393 0.734374 0.646484 0.734374 0.644529 0.736327 0.640625 0.736327 0.640625 0.742189 0.64258 0.744141 0.64258 0.751952 0.644529 0.749999 0.648438 0.749999 0.650393 0.748047 0.654297 0.748047 0.656252 0.746094 0.66211 0.746094 0.664065 0.744141 0.667969 0.744141 0.669923 0.742189 0.673828 0.742189 0.675782 0.740236 0.679686 0.740236 0.681641 0.73828 0.6875 0.73828 0.689454 0.736327 0.693358 0.736327 0.695313 0.734374 0.697267 0.734374 0.697267 0.732422 0.699217 0.730469 0.699217 0.728516 0.697267 0.726564 0.697267 0.724611 0.695313 0.722655 0.695313 0.720702
0 1 0.089844 1 0.091797 1 0.091797 1 0.097655 1 0.099611 0.996095 0.107422 0.996095 0.115236 0.998045 0.117188 1 0.117188 1 0.11328 1 0.11328 1 0.109374 1 0.109374 1 0.105469 1 0.105469 1 0.09375 1 0.091797 1 0.089844
9 0.283201 0.394532 0.283201 0.396484 0.281251 0.398437 0.281251 0.40039 0.279297 0.402342 0.279297 0.410157 0.281251 0.412109 0.281251 0.417967 0.283201 0.419923 0.283201 0.421876 0.285155 0.423829 0.285155 0.425781 0.28711 0.427734 0.28711 0.429687 0.289064 0.43164 0.289064 0.433592 0.291014 0.435548 0.291014 0.437501 0.292969 0.439454 0.292969 0.441406 0.294923 0.443359 0.294923 0.445312 0.296873 0.447265 0.296873 0.449217 0.298827 0.451173 0.298827 0.453126 0.300782 0.455079 0.300782 0.457031 0.302736 0.458984 0.302736 0.460937 0.304686 0.462889 0.304686 0.464842 0.30664 0.466798 0.314454 0.466798 0.316408 0.468751 0.320312 0.468751 0.326171 0.462889 0.326171 0.460937 0.328126 0.458984 0.328126 0.457031 0.33008 0.455079 0.328126 0.453126 0.328126 0.451173 0.326171 0.449217 0.326171 0.447265 0.324217 0.445312 0.324217 0.443359 0.322267 0.441406 0.322267 0.439454 0.320312 0.437501 0.320312 0.435548 0.318358 0.433592 0.318358 0.43164 0.316408 0.429687 0.316408 0.427734 0.314454 0.425781 0.314454 0.423829 0.312499 0.421876 0.312499 0.419923 0.310545 0.417967 0.310545 0.416015 0.308595 0.414062 0.308595 0.412109 0.30664 0.410157 0.30664 0.408204 0.304686 0.406251 0.304686 0.404298 0.298827 0.398437 0.298827 0.396484 0.296873 0.394532
9 0.880861 0.757813 0.878906 0.759766 0.875002 0.759766 0.875002 0.761719 0.873048 0.763672 0.873048 0.765624 0.876952 0.76953 0.876952 0.771486 0.878906 0.773438 0.878906 0.775391 0.880861 0.777344 0.880861 0.779296 0.882811 0.781249 0.882811 0.783202 0.884765 0.785158 0.884765 0.789063 0.88672 0.791016 0.88672 0.792969 0.888674 0.794921 0.894533 0.794921 0.896483 0.792969 0.896483 0.787111 0.894533 0.785158 0.894533 0.773438 0.892578 0.771486 0.892578 0.765624 0.884765 0.757813
9 0.441405 0.970704 0.439455 0.972657 0.437501 0.972657 0.435546 0.97461 0.433592 0.97461 0.431642 0.976562 0.427733 0.976562 0.425783 0.978515 0.423829 0.978515 0.423829 0.980468 0.425783 0.98242 0.425783 0.988282 0.427733 0.990234 0.427733 0.996093 0.429688 0.998045 0.429688 1 0.431642 1 0.431642 1 0.437501 1 0.437501 1 0.443359 1 0.449218 1 0.449218 1 0.447264 1 0.447264 1 0.445314 1 0.445314 0.978515 0.443359 0.976562 0.443359 0.97461 0.441405 0.972657
9 0.404298 0.97461 0.404298 0.998045 0.406248 1 0.406248 1 0.408203 1 0.408203 1 0.410157 1 0.410157 1 0.412111 1 0.412111 1 0.414061 1 0.414061 1 0.416016 1 0.421875 1 0.423829 1 0.427733 1 0.429688 1 0.435546 1 0.435546 1 0.433592 1 0.433592 1 0.431642 1 0.431642 1 0.429688 1 0.429688 1 0.427733 1 0.427733 0.998045 0.425783 0.996093 0.425783 0.992187 0.423829 0.990234 0.423829 0.988282 0.421875 0.986329 0.421875 0.984376 0.414061 0.976562 0.414061 0.97461
0 0.068359 0.957032 0.066405 0.958985 0.064455 0.958985 0.0625 0.960937 0.060546 0.960937 0.058591 0.96289 0.056642 0.96289 0.054687 0.964843 0.052733 0.964843 0.050783 0.966796 0.048828 0.966796 0.04492 0.970704 0.04492 0.976562 0.046874 0.978515 0.046874 0.980468 0.048828 0.980468 0.050783 0.98242 0.052733 0.980468 0.056642 0.980468 0.058591 0.978515 0.060546 0.978515 0.0625 0.976562 0.066405 0.976562 0.068359 0.97461 0.070314 0.97461 0.072263 0.972657 0.074218 0.972657 0.076172 0.970704 0.076172 0.964843 0.074218 0.96289 0.074218 0.957032
0 1 0.607422 1 0.609375 1 0.609375 1 0.611328 1 0.611328 0.998045 0.615233 0.996095 0.615233 0.992186 0.619142 0.990236 0.619142 0.988282 0.621095 0.988282 0.626953 0.990236 0.628905 0.990236 0.630858 0.992186 0.632814 0.994141 0.632814 0.996095 0.634767 0.999999 0.634767 1 0.632814 1 0.632814 1 0.630858 1 0.630858 1 0.625 1 0.625 1 0.617186 1 0.609375 1 0.609375 1 0.607422
9 0.554689 0.859374 0.552735 0.86133 0.546876 0.86133 0.544922 0.863282 0.539063 0.863282 0.539063 0.865235 0.541017 0.867188 0.541017 0.873046 0.542967 0.874999 0.542967 0.878907 0.544922 0.88086 0.544922 0.882813 0.546876 0.884765 0.546876 0.886718 0.55078 0.890624 0.55078 0.89258 0.554689 0.896485 0.556639 0.896485 0.558594 0.898438 0.562498 0.898438 0.562498 0.894532 0.564452 0.89258 0.564452 0.878907 0.562498 0.876955 0.562498 0.873046 0.560548 0.871093 0.560548 0.869141 0.558594 0.867188 0.558594 0.865235 0.556639 0.863282 0.556639 0.86133
0 1 0.634767 0.999999 0.64453 0.998045 0.64453 0.996095 0.646483 0.996095 0.648439 0.994141 0.650392 0.994141 0.65625 0.996095 0.658203 1 0.658203 1 0.65625 1 0.65625 1 0.654297 1 0.654297 1 0.652344 1 0.652344 1 0.650392 1 0.650392 1 0.648439 1 0.648439 1 0.646483 1 0.64453 1 0.64453 1 0.642578 1 0.640625 1 0.638672 1 0.634767
9 0.664065 0.874999 0.66211 0.876955 0.66211 0.878907 0.660156 0.88086 0.660156 0.894532 0.66211 0.896485 0.66211 0.904296 0.664065 0.906249 0.664065 0.908204 0.666015 0.910157 0.666015 0.91211 0.667969 0.914063 0.667969 0.916015 0.677737 0.925782 0.677737 0.923829 0.679686 0.921873 0.679686 0.916015 0.681641 0.914063 0.681641 0.902343 0.679686 0.90039 0.679686 0.898438 0.677737 0.896485 0.677737 0.890624 0.675782 0.888671 0.675782 0.876955 0.666015 0.876955
0 0.003908 0.98242 0.001954 0.984376 0 0.984376 0 0.988282 0 0.988282 0 0.990234 0 0.990234 0 0.992187 0 0.992187 0 0.99414 0 0.99414 0 0.996093 0 0.998045 0 1 0 1 0 1 0 1 0 1 0 1 0 1 0 1 0 1 0 1 0 1 0.003908 1 0.007813 0.998045 0.009767 0.998045 0.009767 0.996093 0.011717 0.99414 0.011717 0.990234 0.009767 0.988282 0.009767 0.984376 0.005858 0.984376
9 0.800779 0.781249 0.800779 0.794921 0.802734 0.796874 0.802734 0.806641 0.804688 0.808594 0.804688 0.814452 0.806643 0.816408 0.806643 0.820313 0.808592 0.822266 0.808592 0.824219 0.810547 0.826171 0.814451 0.826171 0.816406 0.824219 0.820314 0.824219 0.820314 0.81836 0.81836 0.816408 0.81836 0.812499 0.816406 0.810546 0.816406 0.808594 0.814451 0.806641 0.814451 0.802735 0.812501 0.800783 0.812501 0.796874 0.810547 0.794921 0.810547 0.792969 0.804688 0.787111 0.804688 0.785158
0 0.679686 0.390626 0.677737 0.392579 0.673828 0.392579 0.671873 0.394532 0.671873 0.396484 0.669923 0.398437 0.669923 0.402342 0.671873 0.404298 0.671873 0.406251 0.673828 0.406251 0.675782 0.408204 0.679686 0.408204 0.681641 0.410157 0.683595 0.410157 0.685545 0.412109 0.6875 0.412109 0.689454 0.414062 0.695313 0.414062 0.699217 0.410157 0.699217 0.404298 0.697267 0.402342 0.695313 0.402342 0.691408 0.398437 0.689454 0.398437 0.685545 0.394532 0.683595 0.394532
9 0.722657 0.855468 0.722657 0.859374 0.720702 0.86133 0.716798 0.86133 0.716798 0.863282 0.718752 0.865235 0.718752 0.869141 0.720702 0.871093 0.720702 0.876955 0.722657 0.878907 0.722657 0.88086 0.724611 0.882813 0.724611 0.884765 0.726561 0.886718 0.726561 0.888671 0.728515 0.890624 0.728515 0.89258 0.734374 0.898438 0.738283 0.898438 0.738283 0.878907 0.736328 0.876955 0.736328 0.857421 0.734374 0.859374 0.728515 0.859374 0.726561 0.857421 0.726561 0.855468
1 0.710939 0.496095 0.708985 0.498048 0.70508 0.498048 0.703126 0.500001 0.699217 0.500001 0.697267 0.501953 0.693358 0.501953 0.691408 0.503906 0.689454 0.503906 0.6875 0.505859 0.683595 0.505859 0.681641 0.507811 0.677737 0.507811 0.675782 0.509764 0.671873 0.509764 0.669923 0.51172 0.666015 0.51172 0.666015 0.513673 0.667969 0.515626 0.667969 0.519531 0.669923 0.521484 0.669923 0.527345 0.671873 0.529298 0.671873 0.53125 0.673828 0.529298 0.677737 0.529298 0.679686 0.527345 0.685545 0.527345 0.6875 0.525389 0.691408 0.525389 0.693358 0.523436 0.697267 0.523436 0.699217 0.521484 0.703126 0.521484 0.70508 0.519531 0.710939 0.519531 0.712889 0.517578 0.716798 0.517578 0.718752 0.515626 0.720702 0.515626 0.722657 0.513673 0.724611 0.513673 0.724611 0.51172 0.726561 0.509764 0.726561 0.507811 0.724611 0.505859 0.724611 0.503906 0.720702 0.500001 0.720702 0.498048 0.718752 0.496095
0 0.765627 0.412109 0.761718 0.416015 0.761718 0.417967 0.759763 0.419923 0.759763 0.421876 0.757814 0.423829 0.757814 0.427734 0.755859 0.429687 0.755859 0.433592 0.753905 0.435548 0.753905 0.437501 0.751955 0.439454 0.751955 0.443359 0.753905 0.445312 0.753905 0.447265 0.757814 0.447265 0.759763 0.449217 0.761718 0.447265 0.765627 0.447265 0.767577 0.445312 0.767577 0.443359 0.769531 0.441406 0.769531 0.437501 0.771485 0.435548 0.771485 0.433592 0.773435 0.43164 0.773435 0.427734 0.77539 0.425781 0.77539 0.416015 0.773435 0.416015 0.769531 0.412109
9 0.388672 0.988282 0.384768 0.992187 0.384768 0.99414 0.382813 0.996093 0.382813 1 0.384768 1 0.384768 1 0.386717 1 0.386717 1 0.388672 1 0.388672 1 0.392576 1 0.392576 1 0.396485 1 0.396485 1 0.39844 1 0.39844 1 0.400389 1 0.406248 1 0.408203 1 0.410157 1 0.410157 1 0.408203 1 0.408203 1 0.406248 1 0.406248 1 0.404298 1 0.404298 1 0.402344 0.998045 0.402344 0.988282
0 0.73242 0.749999 0.73047 0.751952 0.728515 0.751952 0.726561 0.753905 0.724611 0.753905 0.722657 0.755861 0.720702 0.755861 0.718752 0.757813 0.716798 0.757813 0.712889 0.761719 0.710939 0.761719 0.710939 0.763672 0.708985 0.765624 0.708985 0.773438 0.710939 0.773438 0.712889 0.775391 0.714843 0.773438 0.716798 0.773438 0.718752 0.771486 0.720702 0.771486 0.722657 0.76953 0.724611 0.76953 0.726561 0.767577 0.728515 0.767577 0.73047 0.765624 0.73242 0.765624 0.734374 0.763672 0.738283 0.763672 0.740233 0.761719 0.746092 0.761719 0.746092 0.759766 0.748046 0.757813 0.744142 0.753905 0.744142 0.751952 0.740233 0.751952 0.738283 0.749999
0 0.810547 0.404298 0.808592 0.406251 0.806643 0.406251 0.806643 0.408204 0.804688 0.410157 0.804688 0.412109 0.802734 0.414062 0.802734 0.417967 0.800779 0.419923 0.800779 0.423829 0.798829 0.425781 0.798829 0.427734 0.796875 0.429687 0.796875 0.43164 0.798829 0.433592 0.798829 0.435548 0.800779 0.435548 0.802734 0.437501 0.806643 0.437501 0.808592 0.435548 0.810547 0.435548 0.812501 0.433592 0.812501 0.43164 0.814451 0.429687 0.814451 0.423829 0.816406 0.421876 0.816406 0.416015 0.81836 0.414062 0.81836 0.410157 0.820314 0.408204 0.81836 0.406251 0.81836 0.404298
9 0.386717 0.927735 0.384768 0.929688 0.384768 0.93164 0.382813 0.933593 0.382813 0.935546 0.380859 0.937502 0.371096 0.937502 0.369141 0.935546 0.369141 0.939454 0.371096 0.941407 0.371096 0.951171 0.373046 0.953126 0.373046 0.957032 0.375 0.958985 0.375 0.960937 0.376955 0.96289 0.376955 0.964843 0.378904 0.966796 0.378904 0.972657 0.380859 0.97461 0.380859 0.978515 0.384768 0.978515 0.394531 0.968751 0.394531 0.945312 0.392576 0.94336 0.392576 0.941407 0.390626 0.939454 0.390626 0.935546 0.388672 0.933593 0.388672 0.93164 0.386717 0.929688
0 0.671873 0.445312 0.669923 0.447265 0.669923 0.449217 0.667969 0.451173 0.667969 0.455079 0.666015 0.457031 0.666015 0.458984 0.664065 0.460937 0.664065 0.464842 0.66211 0.466798 0.66211 0.470703 0.660156 0.472656 0.660156 0.474609 0.658201 0.476562 0.658201 0.486328 0.660156 0.486328 0.664065 0.490234 0.667969 0.490234 0.669923 0.488281 0.671873 0.488281 0.671873 0.48047 0.673828 0.478514 0.673828 0.472656 0.675782 0.470703 0.675782 0.464842 0.677737 0.462889 0.677737 0.457031 0.679686 0.455079 0.679686 0.447265 0.677737 0.447265 0.675782 0.445312
0 0.611327 0.798827 0.607423 0.802735 0.603514 0.802735 0.601564 0.804688 0.597655 0.804688 0.597655 0.806641 0.595705 0.808594 0.595705 0.810546 0.593751 0.812499 0.593751 0.816408 0.591796 0.81836 0.593751 0.820313 0.593751 0.822266 0.599609 0.822266 0.601564 0.820313 0.603514 0.820313 0.605468 0.81836 0.607423 0.81836 0.609377 0.816408 0.611327 0.816408 0.613281 0.814452 0.615236 0.814452 0.61914 0.810546 0.621094 0.810546 0.623049 0.808594 0.624999 0.808594 0.624999 0.806641 0.626953 0.804688 0.626953 0.802735 0.624999 0.802735 0.621094 0.798827
0 0.148436 0.970704 0.144532 0.97461 0.140623 0.97461 0.138673 0.976562 0.136719 0.976562 0.132814 0.980468 0.13086 0.980468 0.13086 0.986329 0.132814 0.988282 0.132814 0.992187 0.134764 0.99414 0.134764 0.996093 0.144532 0.996093 0.146486 0.99414 0.152345 0.99414 0.154295 0.992187 0.156249 0.992187 0.158204 0.990234 0.160158 0.990234 0.162108 0.988282 0.162108 0.986329 0.164062 0.984376 0.164062 0.98242 0.166017 0.980468 0.166017 0.978515 0.167967 0.976562 0.166017 0.97461 0.166017 0.972657 0.164062 0.970704
9 0.880861 0.902343 0.880861 0.904296 0.878906 0.906249 0.878906 0.914063 0.880861 0.916015 0.880861 0.921873 0.882811 0.923829 0.882811 0.925782 0.88672 0.929688 0.88672 0.93164 0.888674 0.933593 0.888674 0.935546 0.890624 0.937502 0.890624 0.947265 0.894533 0.94336 0.896483 0.94336 0.904296 0.935546 0.90625 0.935546 0.908205 0.933593 0.908205 0.93164 0.90625 0.929688 0.90625 0.927735 0.904296 0.925782 0.904296 0.923829 0.902346 0.921873 0.902346 0.919921 0.900391 0.917968 0.900391 0.916015 0.898437 0.914063 0.898437 0.91211 0.896483 0.910157 0.896483 0.908204 0.894533 0.908204 0.890624 0.904296 0.88672 0.904296 0.884765 0.902343
0 0.064455 0.253907 0.0625 0.25586 0.052733 0.25586 0.052733 0.271485 0.064455 0.271485
0 0.503906 0.841796 0.501951 0.843749 0.500002 0.843749 0.498047 0.845702 0.496093 0.845702 0.494138 0.847658 0.492188 0.847658 0.490234 0.84961 0.48633 0.84961 0.484375 0.851563 0.482421 0.851563 0.480471 0.853516 0.478517 0.853516 0.476562 0.855468 0.472658 0.855468 0.470703 0.857421 0.470703 0.865235 0.472658 0.867188 0.472658 0.869141 0.482421 0.869141 0.484375 0.867188 0.48633 0.867188 0.48828 0.865235 0.490234 0.865235 0.492188 0.863282 0.494138 0.863282 0.498047 0.859374 0.500002 0.859374 0.501951 0.857421 0.503906 0.857421 0.50586 0.855468 0.509765 0.855468 0.509765 0.853516 0.511719 0.851563 0.509765 0.84961 0.509765 0.845702 0.50781 0.845702
0 0.511719 0.451173 0.509765 0.453126 0.509765 0.455079 0.50781 0.457031 0.50781 0.458984 0.509765 0.460937 0.509765 0.464842 0.511719 0.466798 0.511719 0.468751 0.513674 0.470703 0.513674 0.474609 0.515623 0.476562 0.515623 0.478514 0.517578 0.478514 0.519532 0.48047 0.521482 0.478514 0.523437 0.478514 0.525391 0.476562 0.525391 0.470703 0.523437 0.468751 0.523437 0.462889 0.521482 0.460937 0.521482 0.457031 0.519532 0.455079 0.519532 0.453126 0.517578 0.451173
9 0.73047 0.966796 0.73047 0.98242 0.734374 0.986329 0.734374 0.988282 0.736328 0.990234 0.736328 0.992187 0.738283 0.99414 0.738283 0.996093 0.740233 0.998045 0.740233 1 0.742187 1 0.748046 1 0.75 1 0.757814 1 0.757814 1 0.755859 0.998045 0.755859 0.99414 0.753905 0.992187 0.753905 0.988282 0.751955 0.986329 0.751955 0.98242 0.75 0.980468 0.75 0.978515 0.748046 0.976562 0.748046 0.97461 0.740233 0.966796
0 0.527346 0.833985 0.521482 0.839843 0.519532 0.839843 0.515623 0.843749 0.515623 0.845702 0.513674 0.847658 0.513674 0.853516 0.515623 0.855468 0.515623 0.857421 0.519532 0.857421 0.523437 0.853516 0.525391 0.853516 0.527346 0.851563 0.53125 0.851563 0.533204 0.84961 0.535154 0.84961 0.539063 0.845702 0.541017 0.845702 0.541017 0.841796 0.539063 0.839843 0.539063 0.835938 0.535154 0.835938 0.533204 0.833985
9 0.999999 0.851563 0.999999 0.853516 0.998045 0.855468 0.998045 0.871093 0.999999 0.873046 0.999999 0.876955 1 0.878907 1 0.882813 1 0.884765 1 0.886718 1 0.888671 1 0.89258 1 0.894532 1 0.896485 1 0.894532 1 0.894532 1 0.89258 1 0.89258 1 0.890624 1 0.890624 1 0.888671 1 0.888671 1 0.884765 1 0.882813 1 0.876955 1 0.874999 1 0.873046 1 0.871093 1 0.869141 1 0.867188 1 0.865235 1 0.86133 1 0.859374 1 0.857421 1 0.857421 1 0.853516 1 0.853516
9 0.726561 0.794921 0.722657 0.798827 0.720702 0.798827 0.720702 0.800783 0.718752 0.802735 0.718752 0.804688 0.716798 0.806641 0.716798 0.808594 0.714843 0.810546 0.714843 0.833985 0.716798 0.835938 0.716798 0.847658 0.738283 0.847658 0.738283 0.835938 0.740233 0.833985 0.740233 0.81836 0.738283 0.816408 0.738283 0.808594 0.736328 0.806641 0.736328 0.804688 0.734374 0.802735 0.734374 0.800783 0.73242 0.798827 0.73047 0.798827
9 0.767577 0.832033 0.763672 0.835938 0.763672 0.837891 0.755859 0.845702 0.753905 0.845702 0.751955 0.847658 0.751955 0.84961 0.753905 0.851563 0.753905 0.853516 0.755859 0.855468 0.755859 0.857421 0.757814 0.859374 0.757814 0.86133 0.759763 0.863282 0.759763 0.865235 0.761718 0.867188 0.761718 0.869141 0.763672 0.871093 0.763672 0.873046 0.765627 0.874999 0.765627 0.876955 0.767577 0.878907 0.767577 0.88086 0.77539 0.888671 0.779299 0.888671 0.783203 0.884765 0.783203 0.876955 0.781248 0.874999 0.781248 0.86133 0.779299 0.859374 0.779299 0.853516 0.777344 0.851563 0.777344 0.847658 0.77539 0.845702 0.77539 0.843749 0.773435 0.841796 0.773435 0.839843 0.771485 0.837891 0.771485 0.835938
0 0.056642 0.205077 0.056642 0.216796 0.054687 0.218749 0.054687 0.228516 0.068359 0.228516 0.068359 0.205077
0 0.77539 0.732422 0.773435 0.734374 0.771485 0.734374 0.765627 0.740236 0.763672 0.740236 0.759763 0.744141 0.755859 0.744141 0.753905 0.746094 0.753905 0.748047 0.751955 0.749999 0.751955 0.755861 0.755859 0.759766 0.761718 0.759766 0.765627 0.755861 0.767577 0.755861 0.769531 0.753905 0.771485 0.753905 0.773435 0.751952 0.77539 0.751952 0.777344 0.749999 0.779299 0.749999 0.781248 0.748047 0.783203 0.748047 0.783203 0.746094 0.785157 0.744141 0.783203 0.742189 0.781248 0.742189 0.779299 0.740236 0.779299 0.734374 0.777344 0.734374
1 0.759763 0.30664 0.748046 0.31836 0.75 0.320312 0.75 0.322265 0.751955 0.324218 0.751955 0.326171 0.755859 0.330079 0.755859 0.332032 0.757814 0.333985 0.757814 0.335937 0.761718 0.339843 0.761718 0.341796 0.763672 0.343751 0.763672 0.345704 0.765627 0.347657 0.769531 0.347657 0.771485 0.34961 0.773435 0.34961 0.77539 0.351562 0.779299 0.351562 0.785157 0.345704 0.785157 0.335937 0.779299 0.330079 0.779299 0.328127 0.765627 0.314454 0.765627 0.312502
0 0.716798 0.429687 0.714843 0.43164 0.712889 0.43164 0.712889 0.433592 0.710939 0.435548 0.710939 0.439454 0.708985 0.441406 0.708985 0.447265 0.70703 0.449217 0.70703 0.455079 0.70508 0.457031 0.70508 0.462889 0.703126 0.464842 0.703126 0.466798 0.70703 0.470703 0.708985 0.470703 0.710939 0.472656 0.712889 0.470703 0.716798 0.470703 0.718752 0.468751 0.718752 0.464842 0.720702 0.462889 0.720702 0.457031 0.722657 0.455079 0.722657 0.451173 0.724611 0.449217 0.724611 0.443359 0.726561 0.441406 0.726561 0.433592 0.724611 0.43164 0.722657 0.43164 0.720702 0.429687
0 0.927735 0.667969 0.925781 0.669922 0.923826 0.669922 0.921877 0.671875 0.919922 0.671875 0.917968 0.673827 0.916018 0.673827 0.914063 0.67578 0.912109 0.67578 0.908205 0.679689 0.908205 0.681642 0.90625 0.683594 0.90625 0.685547 0.904296 0.6875 0.904296 0.693358 0.90625 0.695314 0.910154 0.695314 0.912109 0.693358 0.914063 0.693358 0.916018 0.691405 0.921877 0.691405 0.925781 0.6875 0.927735 0.6875 0.92969 0.685547 0.93164 0.685547 0.933594 0.683594 0.935549 0.683594 0.935549 0.681642 0.937498 0.679689 0.937498 0.671875 0.935549 0.669922 0.935549 0.667969
9 0.55078 0.917968 0.548826 0.919921 0.544922 0.919921 0.542967 0.921873 0.537109 0.921873 0.537109 0.925782 0.539063 0.927735 0.539063 0.933593 0.541017 0.935546 0.541017 0.941407 0.542967 0.94336 0.542967 0.947265 0.544922 0.949218 0.544922 0.951171 0.548826 0.955079 0.548826 0.957032 0.552735 0.960937 0.552735 0.96289 0.556639 0.966796 0.556639 0.968751 0.558594 0.970704 0.562498 0.970704 0.564452 0.972657 0.564452 0.968751 0.566407 0.966796 0.566407 0.953126 0.564452 0.951171 0.564452 0.949218 0.562498 0.947265 0.562498 0.941407 0.560548 0.939454 0.560548 0.935546 0.558594 0.933593 0.558594 0.927735 0.560548 0.925782 0.560548 0.919921 0.552735 0.919921
0 0.693358 0.765624 0.689454 0.76953 0.6875 0.76953 0.685545 0.771486 0.683595 0.771486 0.681641 0.773438 0.679686 0.773438 0.677737 0.775391 0.675782 0.775391 0.671873 0.779296 0.669923 0.779296 0.669923 0.781249 0.667969 0.783202 0.671873 0.787111 0.677737 0.787111 0.679686 0.785158 0.683595 0.785158 0.685545 0.783202 0.693358 0.783202 0.695313 0.781249 0.699217 0.781249 0.701172 0.779296 0.703126 0.779296 0.703126 0.773438 0.697267 0.767577 0.695313 0.767577
9 0.914063 0.886718 0.914063 0.888671 0.912109 0.890624 0.912109 0.90039 0.914063 0.902343 0.914063 0.914063 0.916018 0.916015 0.916018 0.917968 0.917968 0.919921 0.917968 0.923829 0.919922 0.925782 0.919922 0.927735 0.923826 0.93164 0.925781 0.929688 0.927735 0.929688 0.92969 0.927735 0.93164 0.927735 0.935549 0.923829 0.937498 0.923829 0.939453 0.921873 0.941407 0.921873 0.941407 0.919921 0.939453 0.917968 0.939453 0.914063 0.937498 0.91211 0.937498 0.908204 0.935549 0.906249 0.935549 0.904296 0.933594 0.902343 0.933594 0.90039 0.93164 0.898438 0.93164 0.896485 0.925781 0.890624 0.923826 0.890624 0.921877 0.888671 0.919922 0.888671 0.917968 0.886718
9 0.873048 0.99414 0.871093 0.996093 0.871093 1 0.873048 1 0.873048 1 0.875002 1 0.875002 1 0.876952 1 0.876952 1 0.878906 1 0.880861 1 0.884765 1 0.88672 1 0.892578 1 0.890624 1 0.890624 1 0.892578 1 0.894533 1 0.896483 1 0.898437 1 0.900391 1 0.904296 1 0.902346 1 0.902346 1 0.900391 1 0.900391 1 0.898437 1 0.898437 1 0.896483 1 0.896483 1 0.892578 1 0.892578 1 0.890624 1 0.890624 1 0.878906 0.998045 0.876952 0.998045
0 0.568361 0.820313 0.566407 0.822266 0.564452 0.822266 0.562498 0.824219 0.558594 0.824219 0.556639 0.826171 0.554689 0.826171 0.55078 0.830077 0.548826 0.830077 0.546876 0.832033 0.542967 0.832033 0.541017 0.833985 0.541017 0.839843 0.542967 0.841796 0.542967 0.843749 0.552735 0.843749 0.558594 0.837891 0.564452 0.837891 0.566407 0.835938 0.570311 0.835938 0.57422 0.832033 0.57422 0.830077 0.57617 0.828124 0.57617 0.824219 0.57422 0.824219 0.572266 0.822266 0.570311 0.822266
0 0.832032 0.429687 0.832032 0.43164 0.830077 0.433592 0.830077 0.437501 0.835936 0.443359 0.837891 0.443359 0.839845 0.445312 0.841795 0.445312 0.845704 0.449217 0.847658 0.449217 0.849608 0.451173 0.853517 0.451173 0.855467 0.449217 0.857421 0.449217 0.857421 0.447265 0.859376 0.445312 0.859376 0.441406 0.857421 0.441406 0.853517 0.437501 0.851562 0.437501 0.847658 0.433592 0.845704 0.433592 0.843749 0.43164 0.837891 0.43164 0.835936 0.429687
0 0.695313 0.439454 0.693358 0.441406 0.691408 0.441406 0.691408 0.443359 0.689454 0.445312 0.689454 0.447265 0.6875 0.449217 0.6875 0.453126 0.685545 0.455079 0.685545 0.460937 0.683595 0.462889 0.683595 0.466798 0.681641 0.468751 0.681641 0.472656 0.679686 0.474609 0.679686 0.482423 0.685545 0.482423 0.6875 0.484376 0.689454 0.484376 0.693358 0.48047 0.693358 0.478514 0.695313 0.476562 0.695313 0.470703 0.697267 0.468751 0.697267 0.464842 0.699217 0.462889 0.699217 0.458984 0.701172 0.457031 0.701172 0.451173 0.703126 0.449217 0.703126 0.443359 0.699217 0.439454
0 0.841795 0.392579 0.839845 0.394532 0.835936 0.394532 0.832032 0.398437 0.832032 0.40039 0.826173 0.406251 0.826173 0.408204 0.822264 0.412109 0.822264 0.417967 0.824219 0.419923 0.824219 0.421876 0.826173 0.423829 0.837891 0.423829 0.837891 0.421876 0.839845 0.419923 0.839845 0.417967 0.841795 0.416015 0.841795 0.414062 0.845704 0.410157 0.845704 0.408204 0.847658 0.406251 0.847658 0.404298 0.849608 0.402342 0.849608 0.396484 0.845704 0.392579
0 0.699217 0.167969 0.697267 0.169921 0.695313 0.169921 0.693358 0.171874 0.693358 0.173827 0.691408 0.175783 0.714843 0.199219 0.720702 0.199219 0.722657 0.197266 0.726561 0.197266 0.726561 0.187499 0.716798 0.177735 0.714843 0.177735 0.70508 0.167969
0 0.273438 0.925782 0.271483 0.927735 0.269529 0.927735 0.267579 0.929688 0.26367 0.929688 0.26172 0.93164 0.259766 0.93164 0.255862 0.935546 0.253907 0.935546 0.251953 0.937502 0.251953 0.941407 0.249998 0.94336 0.249998 0.945312 0.253907 0.949218 0.267579 0.949218 0.269529 0.951171 0.271483 0.949218 0.277342 0.949218 0.279297 0.947265 0.283201 0.947265 0.285155 0.945312 0.285155 0.94336 0.28711 0.941407 0.28711 0.939454 0.289064 0.937502 0.28711 0.935546 0.28711 0.933593 0.285155 0.93164 0.285155 0.929688 0.281251 0.929688 0.279297 0.927735 0.275392 0.927735
9 0.652343 0.986329 0.652343 0.990234 0.650393 0.992187 0.650393 1 0.656252 1 0.656252 1 0.658201 1 0.658201 1 0.660156 1 0.660156 1 0.66211 1 0.66211 1 0.667969 1 0.669923 1 0.671873 1 0.673828 1 0.677737 1 0.677737 1 0.675782 1 0.675782 1 0.673828 1 0.673828 1 0.671873 1 0.671873 1 0.664065 0.99414 0.66211 0.99414 0.656252 0.988282 0.654297 0.988282
9 0.593751 0.898438 0.591796 0.90039 0.587892 0.90039 0.585937 0.902343 0.583983 0.902343 0.582033 0.904296 0.578124 0.904296 0.57617 0.906249 0.572266 0.906249 0.572266 0.908204 0.57422 0.910157 0.57422 0.914063 0.57617 0.916015 0.57617 0.921873 0.578124 0.923829 0.578124 0.925782 0.580079 0.927735 0.580079 0.929688 0.582033 0.93164 0.582033 0.933593 0.585937 0.937502 0.585937 0.939454 0.589842 0.94336 0.589842 0.945312 0.591796 0.947265 0.591796 0.949218 0.595705 0.953126 0.595705 0.955079 0.597655 0.957032 0.597655 0.958985 0.597655 0.957032 0.599609 0.955079 0.599609 0.949218 0.601564 0.947265 0.601564 0.94336 0.603514 0.941407 0.603514 0.933593 0.605468 0.93164 0.605468 0.929688 0.603514 0.927735 0.603514 0.925782 0.601564 0.923829 0.601564 0.919921 0.599609 0.917968 0.599609 0.916015 0.597655 0.914063 0.597655 0.904296 0.593751 0.90039
0 0.650393 0.783202 0.648438 0.785158 0.646484 0.785158 0.644529 0.787111 0.640625 0.787111 0.626953 0.800783 0.632812 0.806641 0.634766 0.804688 0.640625 0.804688 0.64258 0.802735 0.644529 0.802735 0.646484 0.800783 0.650393 0.800783 0.652343 0.798827 0.654297 0.798827 0.656252 0.796874 0.66211 0.796874 0.66211 0.794921 0.664065 0.792969 0.664065 0.787111 0.66211 0.785158 0.660156 0.785158 0.658201 0.783202
0 0.056642 0.699219 0.054687 0.701172 0.050783 0.701172 0.048828 0.703125 0.046874 0.703125 0.046874 0.710939 0.048828 0.712891 0.048828 0.714844 0.050783 0.716797 0.050783 0.71875 0.052733 0.720702 0.052733 0.724611 0.054687 0.726564 0.054687 0.728516 0.060546 0.734374 0.064455 0.734374 0.066405 0.736327 0.068359 0.734374 0.072263 0.734374 0.076172 0.730469 0.076172 0.728516 0.078127 0.726564 0.078127 0.722655 0.076172 0.720702 0.076172 0.716797 0.074218 0.714844 0.074218 0.712891 0.072263 0.710939 0.072263 0.708986 0.070314 0.70703 0.068359 0.70703 0.066405 0.705077 0.064455 0.705077 0.0625 0.703125 0.060546 0.703125
0 0.667969 0.124999 0.666015 0.126952 0.66211 0.126952 0.66211 0.132813 0.660156 0.134766 0.66211 0.136719 0.66211 0.138672 0.666015 0.142577 0.666015 0.14453 0.669923 0.148438 0.669923 0.150391 0.675782 0.156249 0.675782 0.158202 0.679686 0.162111 0.679686 0.164063 0.681641 0.166016 0.689454 0.166016 0.691408 0.164063 0.693358 0.164063 0.697267 0.160158 0.697267 0.154296 0.693358 0.150391 0.693358 0.148438 0.6875 0.142577 0.6875 0.140624 0.681641 0.134766 0.681641 0.132813 0.673828 0.124999
0 0.033202 0.972657 0.031252 0.97461 0.027343 0.97461 0.025389 0.976562 0.021485 0.976562 0.01758 0.980468 0.015626 0.980468 0.015626 0.992187 0.01758 0.990234 0.027343 0.990234 0.029298 0.988282 0.033202 0.988282 0.037111 0.984376 0.039061 0.984376 0.039061 0.98242 0.041015 0.980468 0.041015 0.972657
9 0.988282 0.779296 0.986327 0.781249 0.982423 0.781249 0.980469 0.783202 0.97461 0.783202 0.97461 0.787111 0.972655 0.789063 0.972655 0.791016 0.97461 0.792969 0.97461 0.798827 0.976564 0.800783 0.976564 0.804688 0.978514 0.806641 0.978514 0.808594 0.980469 0.810546 0.980469 0.812499 0.982423 0.814452 0.982423 0.816408 0.984373 0.81836 0.984373 0.820313 0.986327 0.822266 0.988282 0.820313 0.994141 0.820313 0.994141 0.798827 0.992186 0.796874 0.992186 0.791016 0.990236 0.789063 0.990236 0.783202 0.988282 0.781249
9 1 0.949218 0.999999 0.951171 0.994141 0.951171 0.994141 0.960937 0.996095 0.96289 0.996095 0.966796 0.998045 0.968751 0.998045 0.97461 0.999999 0.976562 0.999999 0.978515 1 0.980468 1 0.98242 1 0.984376 1 0.986329 1 0.988282 1 0.990234 1 0.984376 1 0.986329 1 0.984376 1 0.984376 1 0.98242 1 0.980468 1 0.978515 1 0.976562 1 0.97461 1 0.972657 1 0.970704 1 0.968751 1 0.966796 1 0.964843 1 0.96289 1 0.958985 1 0.957032
9 0.160158 0.251955 0.158204 0.253907 0.152345 0.253907 0.140623 0.265624 0.140623 0.26758 0.138673 0.269532 0.138673 0.271485 0.134764 0.27539 0.134764 0.277343 0.132814 0.279296 0.132814 0.281249 0.13086 0.283204 0.13086 0.285157 0.126951 0.289063 0.126951 0.291015 0.125001 0.292968 0.125001 0.294921 0.121092 0.298829 0.121092 0.300782 0.119143 0.302735 0.119143 0.304688 0.115234 0.308593 0.115234 0.310546 0.113279 0.312502 0.113279 0.314454 0.109375 0.31836 0.109375 0.320312 0.10742 0.322265 0.10742 0.324218 0.105471 0.326171 0.105471 0.328127 0.101562 0.332032 0.101562 0.333985 0.099607 0.335937 0.099607 0.33789 0.095703 0.341796 0.095703 0.343751 0.093749 0.345704 0.093749 0.347657 0.091799 0.34961 0.091799 0.351562 0.08789 0.355468 0.08789 0.35742 0.085935 0.359376 0.085935 0.361329 0.083985 0.363282 0.083985 0.365234 0.080077 0.36914 0.080077 0.371093 0.078127 0.373045 0.078127 0.375001 0.076172 0.376954 0.076172 0.378907 0.074218 0.380859 0.074218 0.384765 0.072263 0.386718 0.072263 0.394532 0.074218 0.396484 0.074218 0.40039 0.076172 0.402342 0.076172 0.404298 0.078127 0.406251 0.085935 0.406251 0.08789 0.408204 0.099607 0.408204 0.101562 0.406251 0.103516 0.406251 0.105471 0.404298 0.10742 0.404298 0.115234 0.396484 0.115234 0.394532 0.119143 0.390626 0.119143 0.38867 0.121092 0.386718 0.121092 0.384765 0.123047 0.382812 0.123047 0.380859 0.125001 0.378907 0.125001 0.376954 0.128906 0.373045 0.128906 0.371093 0.134764 0.365234 0.134764 0.363282 0.138673 0.359376 0.138673 0.35742 0.142578 0.353515 0.142578 0.351562 0.146486 0.347657 0.146486 0.345704 0.152345 0.339843 0.152345 0.33789 0.156249 0.333985 0.156249 0.332032 0.160158 0.328127 0.160158 0.326171 0.166017 0.320312 0.166017 0.31836 0.169921 0.314454 0.169921 0.312502 0.17383 0.308593 0.17383 0.30664 0.177734 0.302735 0.177734 0.300782 0.183593 0.294921 0.183593 0.292968 0.187502 0.289063 0.187502 0.28711 0.189452 0.285157 0.189452 0.283204 0.191406 0.281249 0.191406 0.279296 0.193361 0.277343 0.193361 0.27539 0.191406 0.273438 0.191406 0.271485 0.189452 0.269532 0.189452 0.26758 0.187502 0.265624 0.187502 0.263671 0.185548 0.261718 0.183593 0.261718 0.179689 0.257813 0.177734 0.257813 0.171876 0.251955
9 0.830077 0.771486 0.830077 0.789063 0.832032 0.791016 0.832032 0.794921 0.833986 0.796874 0.833986 0.800783 0.835936 0.802735 0.835936 0.804688 0.837891 0.806641 0.837891 0.808594 0.839845 0.808594 0.843749 0.812499 0.845704 0.812499 0.847658 0.814452 0.847658 0.812499 0.849608 0.810546 0.849608 0.800783 0.847658 0.798827 0.847658 0.792969 0.845704 0.791016 0.845704 0.789063 0.843749 0.787111 0.843749 0.785158 0.841795 0.783202 0.841795 0.779296 0.839845 0.777344 0.839845 0.773438 0.832032 0.773438
9 0.945312 0.791016 0.943362 0.792969 0.935549 0.792969 0.933594 0.794921 0.925781 0.794921 0.925781 0.800783 0.927735 0.802735 0.927735 0.808594 0.92969 0.810546 0.92969 0.814452 0.93164 0.816408 0.93164 0.81836 0.933594 0.820313 0.933594 0.822266 0.935549 0.824219 0.935549 0.826171 0.937498 0.828124 0.937498 0.830077 0.939453 0.832033 0.939453 0.833985 0.941407 0.835938 0.941407 0.837891 0.947266 0.837891 0.947266 0.835938 0.94922 0.833985 0.94922 0.832033 0.95117 0.830077 0.95117 0.812499 0.94922 0.810546 0.94922 0.804688 0.947266 0.802735 0.947266 0.796874 0.945312 0.794921
9 0.421875 0.914063 0.41992 0.916015 0.408203 0.916015 0.408203 0.917968 0.410157 0.919921 0.410157 0.925782 0.412111 0.927735 0.412111 0.93164 0.414061 0.933593 0.414061 0.939454 0.416016 0.941407 0.416016 0.947265 0.41797 0.949218 0.41797 0.951171 0.41992 0.949218 0.429688 0.949218 0.429688 0.94336 0.427733 0.941407 0.427733 0.925782 0.425783 0.923829 0.425783 0.921873 0.423829 0.919921 0.423829 0.917968 0.421875 0.916015
9 0.767577 0.94336 0.767577 0.96289 0.769531 0.964843 0.769531 0.966796 0.771485 0.968751 0.771485 0.972657 0.773435 0.97461 0.773435 0.980468 0.77539 0.98242 0.77539 0.984376 0.777344 0.98242 0.777344 0.980468 0.779299 0.978515 0.792971 0.978515 0.791016 0.976562 0.791016 0.97461 0.789062 0.972657 0.789062 0.970704 0.787107 0.968751 0.787107 0.966796 0.785157 0.964843 0.785157 0.96289 0.781248 0.958985 0.781248 0.957032 0.779299 0.955079 0.779299 0.953126 0.773435 0.947265 0.771485 0.947265
9 0.839845 0.914063 0.839845 0.921873 0.841795 0.923829 0.841795 0.935546 0.843749 0.937502 0.843749 0.939454 0.845704 0.941407 0.845704 0.94336 0.847658 0.945312 0.847658 0.949218 0.849608 0.951171 0.849608 0.953126 0.851562 0.955079 0.851562 0.958985 0.853517 0.960937 0.855467 0.958985 0.865234 0.958985 0.869139 0.955079 0.871093 0.955079 0.871093 0.953126 0.869139 0.951171 0.869139 0.949218 0.867189 0.947265 0.867189 0.945312 0.865234 0.94336 0.865234 0.939454 0.86328 0.937502 0.86328 0.935546 0.86133 0.933593 0.86133 0.93164 0.859376 0.929688 0.859376 0.925782 0.857421 0.923829 0.857421 0.921873 0.853517 0.917968 0.851562 0.917968 0.849608 0.916015 0.847658 0.916015 0.845704 0.914063
0 0.431642 0.874999 0.429688 0.876955 0.423829 0.876955 0.416016 0.884765 0.410157 0.884765 0.402344 0.89258 0.402344 0.898438 0.404298 0.90039 0.404298 0.902343 0.406248 0.902343 0.408203 0.904296 0.410157 0.904296 0.412111 0.902343 0.414061 0.902343 0.416016 0.90039 0.41992 0.90039 0.423829 0.896485 0.425783 0.896485 0.427733 0.894532 0.429688 0.894532 0.433592 0.890624 0.435546 0.890624 0.437501 0.888671 0.439455 0.888671 0.441405 0.886718 0.443359 0.886718 0.443359 0.88086 0.441405 0.878907 0.441405 0.876955 0.437501 0.876955 0.435546 0.874999
9 0.671873 0.98242 0.669923 0.984376 0.669923 0.988282 0.671873 0.990234 0.671873 1 0.673828 1 0.673828 1 0.675782 1 0.675782 1 0.677737 1 0.677737 1 0.679686 1 0.679686 1 0.681641 1 0.685545 1 0.6875 1 0.689454 1 0.691408 1 0.693358 1 0.695313 1 0.697267 1 0.699217 1 0.699217 1 0.697267 1 0.697267 1 0.695313 1 0.695313 1 0.693358 1 0.693358 0.996093 0.691408 0.99414 0.691408 0.992187 0.689454 0.990234 0.689454 0.988282 0.6875 0.988282 0.685545 0.986329 0.683595 0.986329 0.681641 0.984376 0.679686 0.984376 0.677737 0.98242
9 0.537109 0.93164 0.535154 0.933593 0.529295 0.933593 0.527346 0.935546 0.521482 0.935546 0.521482 0.945312 0.523437 0.947265 0.523437 0.949218 0.525391 0.951171 0.525391 0.953126 0.527346 0.955079 0.527346 0.957032 0.529295 0.958985 0.529295 0.960937 0.53125 0.96289 0.53125 0.964843 0.533204 0.966796 0.533204 0.968751 0.535154 0.970704 0.535154 0.972657 0.537109 0.972657 0.541017 0.976562 0.542967 0.976562 0.544922 0.978515 0.544922 0.976562 0.546876 0.97461 0.546876 0.968751 0.548826 0.966796 0.548826 0.958985 0.546876 0.957032 0.546876 0.955079 0.542967 0.951171 0.542967 0.949218 0.541017 0.947265 0.541017 0.94336 0.539063 0.941407 0.539063 0.935546 0.537109 0.933593
0 0.0625 0.359376 0.048828 0.373045 0.050783 0.373045 0.052733 0.375001 0.054687 0.375001 0.058591 0.378907 0.060546 0.378907 0.0625 0.380859 0.064455 0.378907 0.064455 0.376954 0.066405 0.375001 0.066405 0.373045 0.068359 0.371093 0.068359 0.36914 0.070314 0.367187 0.070314 0.365234 0.072263 0.363282 0.068359 0.363282 0.066405 0.361329 0.064455 0.361329
9 0.892578 0.748047 0.888674 0.751952 0.888674 0.753905 0.88672 0.755861 0.88672 0.757813 0.894533 0.765624 0.894533 0.771486 0.896483 0.773438 0.896483 0.785158 0.898437 0.787111 0.898437 0.789063 0.900391 0.787111 0.90625 0.787111 0.908205 0.785158 0.908205 0.783202 0.910154 0.781249 0.910154 0.777344 0.908205 0.775391 0.908205 0.767577 0.90625 0.765624 0.90625 0.759766 0.904296 0.757813 0.904296 0.753905 0.900391 0.749999 0.898437 0.749999 0.896483 0.748047
9 0.800779 0.843749 0.798829 0.845702 0.79492 0.845702 0.792971 0.847658 0.791016 0.847658 0.789062 0.84961 0.785157 0.84961 0.785157 0.851563 0.787107 0.853516 0.787107 0.855468 0.789062 0.857421 0.789062 0.859374 0.791016 0.86133 0.791016 0.863282 0.79492 0.867188 0.79492 0.869141 0.796875 0.871093 0.798829 0.871093 0.800779 0.873046 0.802734 0.873046 0.804688 0.874999 0.806643 0.873046 0.806643 0.871093 0.808592 0.869141 0.808592 0.865235 0.806643 0.863282 0.806643 0.857421 0.804688 0.855468 0.804688 0.851563 0.802734 0.84961 0.802734 0.847658 0.800779 0.845702
9 0.753905 0.857421 0.751955 0.859374 0.738283 0.859374 0.738283 0.86133 0.740233 0.863282 0.740233 0.869141 0.742187 0.871093 0.742187 0.878907 0.744142 0.88086 0.744142 0.882813 0.746092 0.884765 0.746092 0.886718 0.75 0.890624 0.751955 0.890624 0.759763 0.898438 0.759763 0.894532 0.761718 0.89258 0.761718 0.886718 0.763672 0.884765 0.763672 0.88086 0.761718 0.878907 0.761718 0.876955 0.759763 0.874999 0.759763 0.871093 0.757814 0.869141 0.757814 0.867188 0.755859 0.865235 0.755859 0.86133 0.753905 0.859374
0 0.593751 0.503906 0.591796 0.505859 0.591796 0.507811 0.589842 0.509764 0.589842 0.51172 0.585937 0.515626 0.585937 0.517578 0.583983 0.519531 0.583983 0.521484 0.582033 0.523436 0.582033 0.525389 0.580079 0.527345 0.580079 0.529298 0.582033 0.53125 0.582033 0.533203 0.583983 0.533203 0.585937 0.535156 0.589842 0.535156 0.591796 0.533203 0.593751 0.533203 0.595705 0.53125 0.595705 0.529298 0.597655 0.527345 0.597655 0.525389 0.599609 0.523436 0.599609 0.521484 0.601564 0.519531 0.599609 0.517578 0.599609 0.515626 0.597655 0.513673 0.597655 0.51172 0.595705 0.509764 0.595705 0.507811 0.593751 0.505859
0 0.779299 0.291015 0.777344 0.292968 0.773435 0.292968 0.771485 0.294921 0.771485 0.296873 0.769531 0.298829 0.769531 0.302735 0.781248 0.314454 0.781248 0.316407 0.789062 0.324218 0.791016 0.322265 0.792971 0.322265 0.798829 0.316407 0.798829 0.312502 0.791016 0.304688 0.791016 0.302735
9 0.458986 0.972657 0.457031 0.97461 0.453127 0.97461 0.451173 0.976562 0.447264 0.976562 0.447264 1 0.449218 1 0.449218 1 0.453127 1 0.453127 1 0.455077 1 0.460936 1 0.46289 1 0.466799 1 0.466799 1 0.468749 1 0.468749 0.996093 0.466799 0.99414 0.466799 0.990234 0.464845 0.988282 0.464845 0.984376 0.46289 0.98242 0.46289 0.980468 0.460936 0.978515 0.460936 0.976562 0.458986 0.97461
9 0.849608 0.773438 0.849608 0.775391 0.847658 0.777344 0.847658 0.779296 0.849608 0.781249 0.849608 0.787111 0.851562 0.789063 0.851562 0.794921 0.853517 0.796874 0.853517 0.798827 0.855467 0.800783 0.855467 0.802735 0.857421 0.804688 0.859376 0.804688 0.86133 0.806641 0.865234 0.806641 0.867189 0.804688 0.865234 0.802735 0.865234 0.798827 0.86328 0.796874 0.86328 0.792969 0.86133 0.791016 0.86133 0.789063 0.859376 0.787111 0.859376 0.785158 0.857421 0.783202 0.857421 0.779296 0.855467 0.777344 0.855467 0.773438
9 0.468749 0.320312 0.466799 0.322265 0.466799 0.324218 0.46289 0.328127 0.46289 0.330079 0.460936 0.332032 0.460936 0.333985 0.457031 0.33789 0.457031 0.339843 0.453127 0.343751 0.453127 0.345704 0.451173 0.347657 0.451173 0.34961 0.449218 0.351562 0.449218 0.353515 0.447264 0.355468 0.447264 0.35742 0.445314 0.359376 0.445314 0.361329 0.443359 0.363282 0.443359 0.371093 0.445314 0.373045 0.447264 0.373045 0.451173 0.376954 0.453127 0.376954 0.455077 0.378907 0.457031 0.376954 0.46289 0.376954 0.464845 0.375001 0.466799 0.375001 0.468749 0.373045 0.470703 0.373045 0.472658 0.371093 0.474608 0.371093 0.474608 0.36914 0.476562 0.367187 0.476562 0.365234 0.478517 0.363282 0.478517 0.361329 0.480471 0.359376 0.480471 0.35742 0.482421 0.355468 0.482421 0.353515 0.484375 0.351562 0.484375 0.341796 0.48633 0.339843 0.48633 0.332032 0.484375 0.332032 0.480471 0.328127 0.478517 0.328127 0.474608 0.324218 0.472658 0.324218
0 0.718752 0.36914 0.716798 0.371093 0.714843 0.371093 0.710939 0.375001 0.710939 0.380859 0.712889 0.382812 0.716798 0.382812 0.718752 0.384765 0.722657 0.384765 0.724611 0.386718 0.728515 0.386718 0.73047 0.38867 0.734374 0.38867 0.736328 0.390626 0.738283 0.38867 0.740233 0.38867 0.740233 0.386718 0.742187 0.384765 0.740233 0.382812 0.740233 0.380859 0.736328 0.380859 0.73242 0.376954 0.73047 0.376954 0.728515 0.375001 0.726561 0.375001 0.722657 0.371093 0.720702 0.371093
0 0.099607 0.941407 0.097657 0.94336 0.093749 0.94336 0.091799 0.945312 0.089844 0.945312 0.08789 0.947265 0.085935 0.947265 0.082031 0.951171 0.080077 0.951171 0.076172 0.955079 0.076172 0.96289 0.078127 0.964843 0.078127 0.966796 0.083985 0.966796 0.085935 0.968751 0.08789 0.968751 0.091799 0.964843 0.093749 0.964843 0.095703 0.96289 0.101562 0.96289 0.103516 0.960937 0.10742 0.960937 0.111329 0.957032 0.111329 0.955079 0.113279 0.953126 0.113279 0.949218 0.111329 0.947265 0.111329 0.945312 0.109375 0.94336 0.10742 0.94336 0.105471 0.941407
9 0.814451 0.773438 0.814451 0.789063 0.816406 0.791016 0.816406 0.796874 0.81836 0.798827 0.81836 0.802735 0.820314 0.804688 0.820314 0.810546 0.822264 0.812499 0.822264 0.814452 0.824219 0.814452 0.828123 0.81836 0.832032 0.81836 0.835936 0.814452 0.835936 0.812499 0.833986 0.810546 0.833986 0.804688 0.832032 0.802735 0.832032 0.796874 0.830077 0.794921 0.830077 0.792969 0.828123 0.791016 0.828123 0.789063 0.826173 0.787111 0.826173 0.785158 0.824219 0.783202 0.824219 0.781249 0.822264 0.779296 0.822264 0.777344 0.820314 0.775391 0.820314 0.773438
0 0.617186 0.523436 0.617186 0.525389 0.615236 0.527345 0.615236 0.535156 0.621094 0.541014 0.623049 0.541014 0.624999 0.54297 0.628908 0.54297 0.630857 0.544923 0.632812 0.544923 0.634766 0.546875 0.636721 0.544923 0.640625 0.544923 0.644529 0.541014 0.644529 0.533203 0.64258 0.533203 0.640625 0.53125 0.636721 0.53125 0.634766 0.529298 0.632812 0.529298 0.626953 0.523436
0 0.013672 0.447265 0.011717 0.449217 0.009767 0.449217 0.009767 0.451173 0.007813 0.453126 0.007813 0.457031 0.009767 0.458984 0.009767 0.460937 0.015626 0.466798 0.015626 0.468751 0.01758 0.470703 0.01758 0.472656 0.01953 0.474609 0.01953 0.476562 0.021485 0.478514 0.021485 0.48047 0.025389 0.48047 0.027343 0.482423 0.033202 0.482423 0.039061 0.476562 0.039061 0.468751 0.037111 0.466798 0.037111 0.464842 0.031252 0.458984 0.031252 0.457031 0.029298 0.455079 0.027343 0.455079 0.01953 0.447265
0 0.128906 0.851563 0.126951 0.853516 0.125001 0.853516 0.123047 0.855468 0.119143 0.855468 0.117188 0.857421 0.111329 0.857421 0.113279 0.859374 0.113279 0.86133 0.115234 0.863282 0.115234 0.869141 0.117188 0.871093 0.117188 0.874999 0.119143 0.876955 0.119143 0.878907 0.121092 0.88086 0.121092 0.882813 0.125001 0.886718 0.125001 0.888671 0.13086 0.894532 0.136719 0.894532 0.138673 0.89258 0.140623 0.89258 0.142578 0.890624 0.142578 0.888671 0.144532 0.886718 0.144532 0.88086 0.142578 0.878907 0.142578 0.873046 0.140623 0.871093 0.140623 0.869141 0.138673 0.867188 0.138673 0.865235 0.136719 0.863282 0.136719 0.86133 0.134764 0.859374 0.134764 0.857421
0 0.054687 0.230468 0.054687 0.249999 0.066405 0.249999 0.066405 0.242188 0.064455 0.240235 0.064455 0.230468
0 0.138673 0.925782 0.136719 0.927735 0.134764 0.927735 0.132814 0.929688 0.126951 0.929688 0.117188 0.939454 0.115234 0.939454 0.113279 0.941407 0.111329 0.941407 0.111329 0.94336 0.113279 0.945312 0.113279 0.947265 0.115234 0.949218 0.115234 0.951171 0.117188 0.953126 0.123047 0.953126 0.126951 0.949218 0.128906 0.949218 0.132814 0.945312 0.134764 0.945312 0.136719 0.94336 0.140623 0.94336 0.140623 0.941407 0.142578 0.939454 0.142578 0.929688
0 0.6875 0.380859 0.683595 0.384765 0.683595 0.38867 0.6875 0.392579 0.689454 0.392579 0.691408 0.394532 0.693358 0.394532 0.695313 0.396484 0.699217 0.396484 0.701172 0.398437 0.703126 0.398437 0.70508 0.40039 0.70703 0.40039 0.708985 0.402342 0.712889 0.402342 0.714843 0.40039 0.714843 0.392579 0.710939 0.38867 0.708985 0.38867 0.70703 0.386718 0.703126 0.386718 0.701172 0.384765 0.699217 0.384765 0.697267 0.382812 0.695313 0.382812 0.693358 0.380859
9 0.757814 0.947265 0.755859 0.949218 0.755859 0.951171 0.751955 0.955079 0.742187 0.955079 0.742187 0.957032 0.744142 0.958985 0.744142 0.96289 0.746092 0.964843 0.746092 0.966796 0.748046 0.968751 0.748046 0.972657 0.75 0.97461 0.75 0.976562 0.755859 0.98242 0.755859 0.984376 0.761718 0.990234 0.765627 0.990234 0.767577 0.992187 0.767577 0.990234 0.769531 0.988282 0.769531 0.970704 0.767577 0.968751 0.767577 0.966796 0.765627 0.964843 0.765627 0.960937 0.763672 0.958985 0.763672 0.957032 0.761718 0.955079 0.761718 0.953126 0.759763 0.951171 0.759763 0.949218
0 0.560548 0.001953 0.57422 0.015625 0.57422 0.017578 0.587892 0.03125 0.605468 0.03125 0.607423 0.029297 0.607423 0.027344 0.609377 0.025392 0.609377 0.023439 0.611327 0.021483 0.611327 0.015625 0.597655 0.001953
9 0.511719 0.874999 0.509765 0.876955 0.50586 0.876955 0.503906 0.878907 0.503906 0.88086 0.501951 0.882813 0.501951 0.894532 0.503906 0.896485 0.503906 0.898438 0.50586 0.90039 0.50586 0.902343 0.50781 0.904296 0.50781 0.906249 0.511719 0.910157 0.513674 0.910157 0.517578 0.914063 0.523437 0.914063 0.525391 0.916015 0.527346 0.914063 0.529295 0.914063 0.529295 0.910157 0.527346 0.908204 0.527346 0.896485 0.525391 0.894532 0.525391 0.886718 0.515623 0.876955 0.513674 0.876955
0 0.81836 0.669922 0.814451 0.673827 0.812501 0.673827 0.808592 0.677733 0.806643 0.677733 0.802734 0.681642 0.800779 0.681642 0.798829 0.683594 0.798829 0.685547 0.796875 0.6875 0.796875 0.695314 0.798829 0.695314 0.800779 0.697266 0.802734 0.697266 0.804688 0.699219 0.806643 0.699219 0.808592 0.697266 0.812501 0.697266 0.816406 0.693358 0.81836 0.693358 0.822264 0.689452 0.824219 0.689452 0.826173 0.6875 0.826173 0.685547 0.828123 0.683594 0.828123 0.677733 0.826173 0.67578 0.826173 0.673827 0.824219 0.673827 0.822264 0.671875 0.820314 0.671875
0 0.650393 0.404298 0.650393 0.406251 0.648438 0.408204 0.648438 0.410157 0.646484 0.412109 0.648438 0.414062 0.648438 0.416015 0.650393 0.417967 0.652343 0.417967 0.658201 0.423829 0.660156 0.423829 0.666015 0.429687 0.669923 0.425781 0.671873 0.425781 0.673828 0.423829 0.673828 0.421876 0.671873 0.419923 0.671873 0.417967 0.667969 0.414062 0.666015 0.414062 0.658201 0.406251 0.654297 0.406251 0.652343 0.404298
9 0.785157 0.93164 0.783203 0.933593 0.779299 0.933593 0.779299 0.935546 0.777344 0.937502 0.777344 0.939454 0.779299 0.941407 0.779299 0.94336 0.781248 0.945312 0.781248 0.947265 0.783203 0.949218 0.783203 0.951171 0.785157 0.953126 0.785157 0.955079 0.783203 0.957032 0.783203 0.958985 0.787107 0.96289 0.787107 0.964843 0.789062 0.966796 0.789062 0.968751 0.791016 0.970704 0.791016 0.972657 0.792971 0.97461 0.792971 0.976562 0.79492 0.978515 0.79492 0.980468 0.796875 0.978515 0.798829 0.978515 0.802734 0.97461 0.804688 0.97461 0.806643 0.972657 0.808592 0.972657 0.808592 0.964843 0.806643 0.96289 0.806643 0.955079 0.804688 0.953126 0.804688 0.951171 0.802734 0.949218 0.802734 0.947265 0.800779 0.945312 0.800779 0.94336 0.798829 0.941407 0.798829 0.939454 0.796875 0.937502 0.796875 0.935546 0.79492 0.933593 0.787107 0.933593
0 0.810547 0.716797 0.806643 0.720702 0.804688 0.720702 0.802734 0.722655 0.798829 0.722655 0.796875 0.724611 0.792971 0.724611 0.791016 0.726564 0.789062 0.726564 0.787107 0.728516 0.785157 0.728516 0.783203 0.730469 0.783203 0.732422 0.781248 0.734374 0.781248 0.740236 0.783203 0.740236 0.789062 0.746094 0.791016 0.744141 0.79492 0.744141 0.798829 0.740236 0.800779 0.740236 0.802734 0.73828 0.804688 0.73828 0.806643 0.736327 0.810547 0.736327 0.812501 0.734374 0.814451 0.734374 0.816406 0.732422 0.81836 0.732422 0.820314 0.730469 0.822264 0.730469 0.822264 0.726564 0.820314 0.724611 0.820314 0.722655 0.81836 0.720702 0.81836 0.71875 0.816406 0.716797
0 0.640625 0.470703 0.636721 0.474609 0.636721 0.484376 0.634766 0.486328 0.634766 0.500001 0.636721 0.501953 0.644529 0.501953 0.644529 0.500001 0.646484 0.498048 0.646484 0.492187 0.648438 0.490234 0.648438 0.48047 0.650393 0.478514 0.650393 0.472656 0.648438 0.472656 0.646484 0.470703
0 0.839845 0.70703 0.837891 0.708986 0.835936 0.708986 0.832032 0.712891 0.830077 0.712891 0.828123 0.714844 0.826173 0.714844 0.826173 0.716797 0.824219 0.71875 0.824219 0.724611 0.826173 0.726564 0.826173 0.730469 0.830077 0.730469 0.832032 0.728516 0.835936 0.728516 0.837891 0.726564 0.839845 0.726564 0.843749 0.722655 0.845704 0.722655 0.847658 0.720702 0.849608 0.720702 0.851562 0.71875 0.855467 0.71875 0.855467 0.716797 0.857421 0.714844 0.855467 0.712891 0.855467 0.708986 0.851562 0.708986 0.849608 0.70703
9 0.912109 0.744141 0.910154 0.746094 0.900391 0.746094 0.900391 0.748047 0.90625 0.753905 0.90625 0.757813 0.908205 0.759766 0.908205 0.765624 0.910154 0.767577 0.910154 0.775391 0.912109 0.777344 0.912109 0.779296 0.914063 0.779296 0.916018 0.781249 0.923826 0.781249 0.923826 0.76953 0.921877 0.767577 0.921877 0.761719 0.919922 0.759766 0.919922 0.757813 0.917968 0.755861 0.917968 0.753905 0.916018 0.751952 0.916018 0.749999 0.914063 0.748047 0.914063 0.746094
9 0.710939 0.970704 0.710939 0.978515 0.708985 0.980468 0.710939 0.98242 0.710939 0.986329 0.712889 0.988282 0.712889 0.990234 0.714843 0.992187 0.714843 0.99414 0.716798 0.996093 0.716798 1 0.718752 1 0.718752 1 0.720702 1 0.722657 1 0.726561 1 0.728515 1 0.734374 1 0.736328 1 0.740233 1 0.740233 1 0.738283 1 0.738283 0.998045 0.736328 0.996093 0.736328 0.99414 0.734374 0.992187 0.734374 0.990234 0.73242 0.988282 0.73242 0.986329 0.722657 0.976562 0.722657 0.97461 0.718752 0.970704
9 0.964842 0.783202 0.962892 0.785158 0.958983 0.785158 0.957029 0.787111 0.953125 0.787111 0.95117 0.789063 0.947266 0.789063 0.94922 0.791016 0.94922 0.792969 0.95117 0.794921 0.95117 0.798827 0.953125 0.800783 0.953125 0.802735 0.955079 0.804688 0.955079 0.806641 0.957029 0.808594 0.957029 0.810546 0.958983 0.812499 0.958983 0.814452 0.960938 0.816408 0.960938 0.81836 0.962892 0.820313 0.962892 0.822266 0.964842 0.824219 0.964842 0.826171 0.972655 0.826171 0.972655 0.822266 0.97461 0.820313 0.97461 0.800783 0.972655 0.798827 0.972655 0.792969 0.968751 0.789063 0.968751 0.787111
9 0.75 0.791016 0.748046 0.792969 0.744142 0.792969 0.742187 0.794921 0.736328 0.794921 0.736328 0.798827 0.738283 0.800783 0.738283 0.806641 0.740233 0.808594 0.740233 0.814452 0.742187 0.816408 0.742187 0.820313 0.744142 0.822266 0.744142 0.828124 0.746092 0.830077 0.746092 0.833985 0.748046 0.835938 0.748046 0.837891 0.75 0.835938 0.751955 0.835938 0.753905 0.833985 0.755859 0.833985 0.755859 0.830077 0.757814 0.828124 0.757814 0.822266 0.759763 0.820313 0.759763 0.806641 0.757814 0.804688 0.757814 0.802735 0.755859 0.800783 0.755859 0.798827 0.751955 0.794921 0.751955 0.792969
0 0.103516 0.6875 0.101562 0.689452 0.099607 0.689452 0.093749 0.695314 0.093749 0.697266 0.095703 0.699219 0.095703 0.703125 0.103516 0.710939 0.103516 0.712891 0.105471 0.714844 0.105471 0.716797 0.111329 0.722655 0.115234 0.722655 0.119143 0.71875 0.121092 0.71875 0.123047 0.716797 0.125001 0.716797 0.125001 0.712891 0.123047 0.710939 0.123047 0.70703 0.121092 0.705077 0.121092 0.703125 0.115234 0.697266 0.115234 0.695314 0.113279 0.693358 0.111329 0.693358 0.10742 0.689452 0.105471 0.689452
0 0.957029 0.013672 0.955079 0.015625 0.945312 0.015625 0.941407 0.01953 0.939453 0.01953 0.935549 0.023439 0.933594 0.023439 0.93164 0.025392 0.93164 0.029297 0.935549 0.033203 0.937498 0.033203 0.939453 0.035155 0.943362 0.035155 0.945312 0.033203 0.947266 0.033203 0.94922 0.03125 0.95117 0.03125 0.955079 0.027344 0.957029 0.027344 0.958983 0.025392 0.960938 0.025392 0.960938 0.023439 0.962892 0.021483 0.962892 0.017578 0.960938 0.015625 0.960938 0.013672
9 0.634766 0.998045 0.634766 1 0.632812 1 0.632812 1 0.634766 1 0.634766 1 0.636721 1 0.636721 1 0.638671 1 0.638671 1 0.640625 1 0.640625 1 0.64258 1 0.64258 1 0.644529 1 0.644529 1 0.646484 1 0.648438 1 0.650393 1 0.652343 1 0.654297 1 0.656252 1 0.658201 1 0.660156 1 0.66211 1 0.66211 1 0.660156 1 0.660156 1 0.658201 1 0.658201 1 0.656252 1 0.656252 1 0.654297 1 0.654297 1 0.638671 0.998045
0 0.980469 0.648439 0.978514 0.650392 0.972655 0.650392 0.970701 0.652344 0.968751 0.652344 0.966797 0.654297 0.962892 0.654297 0.958983 0.658203 0.957029 0.658203 0.955079 0.660155 0.955079 0.662108 0.95117 0.666017 0.953125 0.667969 0.953125 0.671875 0.955079 0.673827 0.955079 0.67578 0.960938 0.67578 0.962892 0.673827 0.968751 0.673827 0.972655 0.669922 0.97461 0.669922 0.976564 0.667969 0.980469 0.667969 0.988282 0.660155 0.990236 0.660155 0.990236 0.654297 0.988282 0.654297 0.982423 0.648439
9 0.699217 0.972657 0.695313 0.976562 0.693358 0.976562 0.693358 0.978515 0.691408 0.980468 0.691408 0.990234 0.693358 0.992187 0.693358 0.99414 0.695313 0.996093 0.695313 1 0.697267 1 0.697267 1 0.699217 1 0.699217 1 0.701172 1 0.701172 1 0.703126 1 0.70508 1 0.708985 1 0.710939 1 0.714843 1 0.716798 1 0.716798 1 0.714843 1 0.714843 0.996093 0.712889 0.99414 0.712889 0.992187 0.710939 0.990234 0.710939 0.988282 0.708985 0.986329 0.708985 0.98242 0.70703 0.980468 0.70703 0.976562 0.703126 0.972657