0 0.5 0.019535 0.498047 0.02148 0.496095 0.02148 0.494142 0.023435 0.490232 0.023435 0.488279 0.025391 0.486327 0.025391 0.486327 0.031246 0.488279 0.031246 0.490232 0.029301 0.496095 0.029301 0.498047 0.027345 0.503905 0.027345 0.505857 0.025391
0 0.009766 0.246098 0.009766 0.253909 0.025392 0.253909 0.025392 0.251954 0.023439 0.249999 0.023439 0.248044 0.01367 0.248044 0.011718 0.246098
0 0.44336 0.382813 0.441407 0.384768 0.439455 0.384768 0.439455 0.390624 0.441407 0.392579 0.441407 0.394534 0.44336 0.396489 0.44336 0.398434 0.445312 0.40039 0.45117 0.40039 0.453123 0.398434 0.453123 0.396489 0.45117 0.394534 0.45117 0.392579 0.449218 0.390624 0.449218 0.386723 0.447265 0.384768 0.447265 0.382813
0 0.261719 0.841796 0.259767 0.843751 0.255862 0.843751 0.253904 0.845706 0.251951 0.845706 0.249999 0.847661 0.246094 0.847661 0.246094 0.853517 0.249999 0.853517 0.251951 0.851562 0.253904 0.851562 0.255862 0.849607 0.259767 0.849607 0.259767 0.847661 0.261719 0.845706
0 0.460938 0.244143 0.458986 0.246098 0.455081 0.246098 0.453123 0.248044 0.447265 0.248044 0.445312 0.249999 0.445312 0.251954 0.447265 0.253909 0.447265 0.25781 0.449218 0.25781 0.45117 0.255855 0.455081 0.255855 0.457033 0.253909 0.458986 0.253909 0.460938 0.251954 0.464843 0.251954 0.464843 0.248044 0.462891 0.246098 0.462891 0.244143
0 0.628906 0.328127 0.626953 0.330082 0.626953 0.333983 0.628906 0.335938 0.628906 0.337893 0.630858 0.339848 0.630858 0.341794 0.632811 0.343749 0.632811 0.345704 0.636721 0.345704 0.638674 0.343749 0.640626 0.343749 0.640626 0.341794 0.638674 0.339848 0.638674 0.337893 0.634763 0.333983 0.634763 0.332028 0.632811 0.330082 0.632811 0.328127
0 0.822267 0.443364 0.816404 0.44922 0.814451 0.44922 0.810546 0.45312 0.814451 0.457031 0.818362 0.45312 0.820314 0.45312 0.824219 0.44922 0.826172 0.44922 0.826172 0.447264 0.824219 0.445309 0.824219 0.443364
0 0.76758 0.511716 0.765627 0.513671 0.763674 0.513671 0.761716 0.515626 0.757811 0.515626 0.755859 0.517582 0.755859 0.521482 0.757811 0.523437 0.757811 0.525393 0.759764 0.525393 0.761716 0.523437 0.765627 0.523437 0.76758 0.521482 0.771484 0.521482 0.773437 0.519527 0.773437 0.513671 0.769532 0.513671
0 0.074221 0.234377 0.070311 0.238278 0.068358 0.238278 0.066406 0.240233 0.064453 0.240233 0.0625 0.242188 0.0625 0.246098 0.064453 0.248044 0.068358 0.248044 0.070311 0.246098 0.072263 0.246098 0.074221 0.244143 0.076174 0.244143 0.078126 0.242188 0.080079 0.242188 0.080079 0.236332 0.076174 0.236332
1 0.785158 0.83594 0.781252 0.83984 0.779294 0.83984 0.77539 0.843751 0.773437 0.843751 0.76758 0.849607 0.765627 0.849607 0.761716 0.853517 0.759764 0.853517 0.755859 0.857418 0.753906 0.857418 0.751954 0.859372 0.755859 0.863283 0.755859 0.865238 0.757811 0.867183 0.761716 0.863283 0.763674 0.863283 0.76758 0.859372 0.769532 0.859372 0.773437 0.855472 0.77539 0.855472 0.779294 0.851562 0.781252 0.851562 0.785158 0.847661 0.78711 0.847661 0.791015 0.843751 0.792968 0.843751
0 0.750001 0.664062 0.748049 0.666017 0.746096 0.666017 0.744138 0.667972 0.740233 0.667972 0.740233 0.671873 0.742185 0.673828 0.742185 0.675783 0.746096 0.675783 0.748049 0.673828 0.750001 0.673828 0.751954 0.671873 0.755859 0.671873 0.755859 0.667972 0.753906 0.666017 0.753906 0.664062
0 0.671872 0.582033 0.671872 0.583988 0.669919 0.585934 0.669919 0.589844 0.671872 0.591799 0.687498 0.591799 0.68945 0.589844 0.68945 0.583988 0.687498 0.582033
1 0.904295 0.810543 0.898438 0.816408 0.896485 0.816408 0.888669 0.824219 0.886717 0.824219 0.878907 0.83203 0.876954 0.83203 0.869139 0.83984 0.867186 0.83984 0.865233 0.841796 0.867186 0.843751 0.867186 0.845706 0.869139 0.847661 0.869139 0.849607 0.873049 0.845706 0.875002 0.845706 0.878907 0.841796 0.880859 0.841796 0.886717 0.83594 0.888669 0.83594 0.89258 0.83203 0.894533 0.83203 0.90039 0.826174 0.902342 0.826174 0.906248 0.822263 0.908206 0.822263 0.910159 0.820308 0.908206 0.818363 0.908206 0.816408 0.906248 0.814453 0.906248 0.812498
0 0.576171 0.789065 0.574218 0.79102 0.566408 0.79102 0.564456 0.792966 0.562497 0.792966 0.562497 0.794921 0.560545 0.796876 0.560545 0.798831 0.562497 0.800776 0.564456 0.798831 0.576171 0.798831 0.578123 0.796876 0.580076 0.796876 0.578123 0.794921 0.578123 0.792966 0.576171 0.79102
0 0.667967 0.564456 0.666015 0.566402 0.664062 0.566402 0.660157 0.570312 0.658205 0.570312 0.656252 0.572268 0.654299 0.572268 0.654299 0.576168 0.656252 0.578123 0.656252 0.580078 0.658205 0.580078 0.660157 0.578123 0.66211 0.578123 0.664062 0.576168 0.667967 0.576168 0.669919 0.574222 0.671872 0.574222 0.671872 0.572268 0.67383 0.570312 0.671872 0.568357 0.671872 0.566402 0.669919 0.564456
0 0.124998 0.25781 0.123045 0.259765 0.119141 0.259765 0.117188 0.26172 0.113283 0.26172 0.113283 0.269531 0.117188 0.269531 0.119141 0.267576 0.123045 0.267576 0.124998 0.265621 0.126951 0.265621 0.128909 0.263675 0.132814 0.263675 0.132814 0.26172 0.128909 0.25781
0 0.763674 0.44922 0.757811 0.455076 0.755859 0.455076 0.751954 0.458986 0.753906 0.460941 0.753906 0.462886 0.755859 0.464841 0.757811 0.464841 0.76758 0.455076 0.76758 0.45312 0.765627 0.451175 0.765627 0.44922
0 0.01367 0.281252 0.011718 0.283207 0.009766 0.283207 0.007813 0.285153 0.003908 0.285153 0.003908 0.291018 0.005861 0.292973 0.007813 0.292973 0.009766 0.291018 0.011718 0.291018 0.01367 0.289063 0.017576 0.289063 0.019534 0.287108 0.021486 0.287108 0.021486 0.285153 0.019534 0.283207 0.019534 0.281252
0 0.130861 0.158204 0.128909 0.160159 0.128909 0.175781 0.132814 0.179691 0.134766 0.177736 0.136719 0.177736 0.136719 0.16406 0.134766 0.162105 0.134766 0.158204
0 0.189454 0.273441 0.187501 0.275387 0.185549 0.275387 0.183596 0.277342 0.181638 0.277342 0.179686 0.279297 0.177733 0.279297 0.177733 0.285153 0.179686 0.287108 0.181638 0.287108 0.183596 0.285153 0.185549 0.285153 0.187501 0.283207 0.191406 0.283207 0.193358 0.281252 0.195311 0.281252 0.195311 0.279297 0.197264 0.277342 0.195311 0.275387 0.195311 0.273441
0 0.703124 0.556636 0.701171 0.558591 0.699219 0.558591 0.697266 0.560546 0.693361 0.560546 0.693361 0.562501 0.695314 0.564456 0.695314 0.566402 0.697266 0.566402 0.699219 0.564456 0.701171 0.564456 0.703124 0.562501 0.707029 0.562501 0.707029 0.558591 0.705076 0.558591
0 0.765627 0.683594 0.761716 0.687504 0.759764 0.687504 0.755859 0.691405 0.753906 0.691405 0.751954 0.69336 0.751954 0.695315 0.753906 0.69727 0.753906 0.699216 0.757811 0.699216 0.759764 0.69727 0.761716 0.69727 0.763674 0.695315 0.765627 0.695315 0.76758 0.69336 0.769532 0.69336 0.771484 0.691405 0.773437 0.691405 0.773437 0.68945 0.771484 0.687504 0.771484 0.685549 0.76758 0.685549
0 0.251951 0.2168 0.249999 0.218746 0.248046 0.218746 0.246094 0.220701 0.244141 0.220701 0.242188 0.222656 0.240236 0.222656 0.238284 0.224611 0.236326 0.224611 0.236326 0.228512 0.238284 0.230467 0.238284 0.232422 0.240236 0.234377 0.242188 0.232422 0.244141 0.232422 0.246094 0.230467 0.248046 0.230467 0.249999 0.228512 0.251951 0.228512 0.253904 0.226566 0.255862 0.226566 0.255862 0.224611 0.257814 0.222656 0.255862 0.220701 0.255862 0.218746 0.253904 0.218746
0 0.544919 0.761722 0.542966 0.763668 0.533204 0.763668 0.533204 0.767578 0.531251 0.769533 0.531251 0.771488 0.533204 0.771488 0.535157 0.773433 0.537109 0.771488 0.546877 0.771488 0.546877 0.763668
0 0.185549 0.906247 0.179686 0.912113 0.177733 0.912113 0.173828 0.916013 0.17578 0.917969 0.17578 0.919924 0.177733 0.921879 0.179686 0.919924 0.181638 0.919924 0.185549 0.916013 0.187501 0.916013 0.189454 0.914058 0.191406 0.914058 0.187501 0.910158 0.187501 0.908202
0 0.687498 0.476562 0.685545 0.478518 0.683593 0.478518 0.681641 0.480473 0.679688 0.480473 0.677735 0.482418 0.675783 0.482418 0.67383 0.484373 0.671872 0.484373 0.671872 0.492184 0.67383 0.492184 0.675783 0.490239 0.677735 0.490239 0.679688 0.488283 0.681641 0.488283 0.683593 0.486329 0.685545 0.486329 0.687498 0.484373 0.68945 0.484373 0.68945 0.480473 0.687498 0.478518
0 0.009766 0.259765 0.007813 0.26172 0 0.26172 0 0.267576 0 0.269531 0.001956 0.267576 0.007813 0.267576 0.009766 0.265621 0.011718 0.265621 0.011718 0.26172
0 0.587891 0.531248 0.585939 0.533203 0.583986 0.533203 0.580076 0.537113 0.578123 0.537113 0.580076 0.539059 0.580076 0.541014 0.582034 0.542969 0.583986 0.541014 0.585939 0.541014 0.587891 0.539059 0.589844 0.539059 0.591796 0.537113 0.591796 0.535159
0 0.533204 0.320316 0.531251 0.322262 0.521483 0.322262 0.521483 0.330082 0.523436 0.330082 0.525388 0.332028 0.527346 0.330082 0.529299 0.330082 0.531251 0.328127 0.535157 0.328127 0.537109 0.326172 0.539062 0.326172 0.539062 0.324217 0.537109 0.322262 0.537109 0.320316
0 0.781252 0.539059 0.779294 0.541014 0.77539 0.541014 0.773437 0.542969 0.769532 0.542969 0.769532 0.544924 0.771484 0.54688 0.771484 0.548825 0.773437 0.55078 0.77539 0.548825 0.777342 0.548825 0.781252 0.544924 0.783205 0.544924 0.783205 0.539059
0 0.648437 0.654296 0.644531 0.658206 0.642579 0.658206 0.638674 0.662107 0.636721 0.662107 0.636721 0.664062 0.634763 0.666017 0.640626 0.671873 0.644531 0.667972 0.646484 0.667972 0.650389 0.664062 0.652341 0.664062 0.654299 0.662107 0.654299 0.660152 0.652341 0.658206 0.652341 0.656251 0.650389 0.654296
0 0.181638 0.232422 0.179686 0.234377 0.171875 0.234377 0.171875 0.240233 0.173828 0.242188 0.17578 0.240233 0.179686 0.240233 0.181638 0.238278 0.187501 0.238278 0.187501 0.236332 0.185549 0.234377 0.185549 0.232422
0 0.597654 0.54688 0.595702 0.548825 0.593749 0.548825 0.591796 0.55078 0.589844 0.55078 0.587891 0.552735 0.585939 0.552735 0.583986 0.55469 0.585939 0.556636 0.585939 0.558591 0.587891 0.556636 0.589844 0.556636 0.591796 0.55469 0.595702 0.55469 0.597654 0.552735 0.599612 0.552735 0.601564 0.55078 0.599612 0.548825 0.599612 0.54688
0 0.800783 0.628908 0.798826 0.630863 0.796873 0.630863 0.792968 0.634764 0.791015 0.634764 0.791015 0.636719 0.789063 0.638674 0.789063 0.640629 0.791015 0.642575 0.791015 0.646485 0.792968 0.646485 0.796873 0.642575 0.798826 0.642575 0.802736 0.638674 0.804688 0.638674 0.806641 0.636719 0.806641 0.634764
0 0.029296 0.312495 0.027344 0.314451 0.023439 0.314451 0.021486 0.316406 0.017576 0.316406 0.017576 0.318361 0.019534 0.320316 0.019534 0.322262 0.021486 0.324217 0.023439 0.322262 0.025392 0.322262 0.027344 0.320316 0.031249 0.320316 0.033201 0.318361 0.035154 0.318361 0.035154 0.314451 0.033201 0.312495
0 0.763674 0.50195 0.761716 0.503906 0.757811 0.503906 0.755859 0.50586 0.751954 0.50586 0.751954 0.511716 0.753906 0.513671 0.753906 0.515626 0.755859 0.515626 0.757811 0.513671 0.761716 0.513671 0.763674 0.511716 0.765627 0.511716 0.769532 0.507816 0.769532 0.503906 0.765627 0.503906
0 0.771484 0.572268 0.769532 0.574222 0.76758 0.574222 0.763674 0.578123 0.761716 0.578123 0.761716 0.580078 0.763674 0.582033 0.763674 0.583988 0.765627 0.585934 0.76758 0.585934 0.771484 0.582033 0.773437 0.582033 0.777342 0.578123 0.779294 0.578123 0.779294 0.574222 0.777342 0.572268
0 0.625 0.900392 0.619143 0.906247 0.617185 0.906247 0.61328 0.910158 0.61328 0.912113 0.619143 0.917969 0.625 0.912113 0.626953 0.912113 0.630858 0.908202 0.630858 0.904292 0.628906 0.902347 0.628906 0.900392
0 0.626953 0.533203 0.625 0.535159 0.623048 0.535159 0.621095 0.537113 0.617185 0.537113 0.617185 0.541014 0.619143 0.542969 0.619143 0.544924 0.621095 0.544924 0.623048 0.542969 0.625 0.542969 0.626953 0.541014 0.628906 0.541014 0.630858 0.539059 0.632811 0.539059 0.632811 0.537113 0.628906 0.533203
0 0.019534 0.298829 0.017576 0.300784 0.015623 0.300784 0.015623 0.304685 0.017576 0.30664 0.019534 0.304685 0.031249 0.304685 0.031249 0.298829
1 0.210937 0.917969 0.208984 0.919924 0.207032 0.919924 0.203127 0.923824 0.201174 0.923824 0.197264 0.927735 0.195311 0.927735 0.193358 0.92969 0.191406 0.92969 0.187501 0.93359 0.185549 0.93359 0.185549 0.941411 0.187501 0.943356 0.187501 0.945311 0.191406 0.945311 0.193358 0.947267 0.197264 0.943356 0.199216 0.943356 0.20508 0.9375 0.207032 0.9375 0.212889 0.931645 0.214842 0.931645 0.216794 0.92969 0.216794 0.927735 0.218753 0.925779 0.216794 0.923824 0.216794 0.921879 0.214842 0.919924 0.214842 0.917969
0 0.095705 0.882815 0.087889 0.890625 0.087889 0.894536 0.089841 0.894536 0.091799 0.896482 0.093752 0.896482 0.101562 0.888671 0.101562 0.88477 0.09961 0.882815
0 0.677735 0.275387 0.675783 0.277342 0.66211 0.277342 0.66211 0.283207 0.664062 0.285153 0.666015 0.283207 0.679688 0.283207 0.679688 0.277342
0 0.589844 0.308595 0.587891 0.31055 0.583986 0.31055 0.582034 0.312495 0.578123 0.312495 0.578123 0.318361 0.580076 0.320316 0.580076 0.322262 0.583986 0.322262 0.585939 0.320316 0.587891 0.320316 0.589844 0.318361 0.593749 0.318361 0.595702 0.316406 0.597654 0.316406 0.597654 0.314451 0.593749 0.31055 0.591796 0.31055
0 0.361326 0.134762 0.361326 0.136717 0.359374 0.138672 0.359374 0.144528 0.361326 0.146483 0.361326 0.152348 0.365237 0.152348 0.367189 0.150393 0.369142 0.150393 0.371094 0.148438 0.371094 0.146483 0.369142 0.144528 0.369142 0.142582 0.367189 0.140627 0.367189 0.138672 0.365237 0.136717 0.365237 0.134762
0 0.769532 0.457031 0.765627 0.460941 0.763674 0.460941 0.757811 0.466796 0.757811 0.468752 0.759764 0.470707 0.759764 0.472652 0.763674 0.472652 0.76758 0.468752 0.769532 0.468752 0.773437 0.464841 0.77539 0.464841 0.773437 0.462886 0.773437 0.457031
0 0.628906 0.615232 0.626953 0.617187 0.625 0.617187 0.623048 0.619142 0.619143 0.619142 0.619143 0.624998 0.621095 0.626953 0.621095 0.628908 0.623048 0.626953 0.625 0.626953 0.628906 0.623043 0.630858 0.623043 0.632811 0.621098 0.634763 0.621098 0.634763 0.619142 0.632811 0.617187 0.632811 0.615232
0 0.572266 0.50195 0.570313 0.503906 0.56836 0.503906 0.566408 0.50586 0.564456 0.50586 0.564456 0.507816 0.566408 0.509761 0.566408 0.513671 0.56836 0.511716 0.570313 0.511716 0.572266 0.509761 0.574218 0.509761 0.574218 0.507816 0.576171 0.50586 0.576171 0.503906 0.574218 0.503906
1 0.939452 0.861328 0.935547 0.865238 0.933594 0.865238 0.929689 0.869138 0.927737 0.869138 0.923826 0.873049 0.921873 0.873049 0.916016 0.878905 0.914063 0.878905 0.910159 0.882815 0.908206 0.882815 0.904295 0.886715 0.902342 0.886715 0.90039 0.888671 0.90039 0.890625 0.902342 0.892581 0.902342 0.894536 0.904295 0.896482 0.904295 0.898436 0.908206 0.894536 0.910159 0.894536 0.914063 0.890625 0.916016 0.890625 0.919921 0.886715 0.921873 0.886715 0.925779 0.882815 0.927737 0.882815 0.931642 0.878905 0.933594 0.878905 0.937499 0.875004 0.939452 0.875004 0.943357 0.871094 0.945315 0.871094 0.947268 0.869138
0 0.669919 0.611331 0.667967 0.613277 0.658205 0.613277 0.658205 0.615232 0.656252 0.617187 0.658205 0.619142 0.658205 0.621098 0.660157 0.623043 0.66211 0.621098 0.666015 0.621098 0.667967 0.619142 0.67383 0.619142 0.67383 0.615232 0.671872 0.613277 0.671872 0.611331
0 0.384768 0.205079 0.371094 0.218746 0.371094 0.220701 0.373046 0.222656 0.373046 0.224611 0.376952 0.224611 0.388672 0.21289 0.388672 0.20898 0.38672 0.207034 0.38672 0.205079
0 0.617185 0.4043 0.61328 0.408201 0.61328 0.412111 0.615232 0.414066 0.615232 0.416011 0.617185 0.417967 0.617185 0.419921 0.619143 0.421877 0.619143 0.423832 0.621095 0.425777 0.623048 0.423832 0.628906 0.423832 0.628906 0.417967 0.626953 0.416011 0.626953 0.414066 0.625 0.412111 0.625 0.410156 0.623048 0.408201 0.623048 0.406245 0.619143 0.406245
0 0.134766 0.251954 0.134766 0.25781 0.136719 0.259765 0.146487 0.259765 0.148439 0.25781 0.148439 0.251954
1 0.445312 0.841796 0.44336 0.843751 0.439455 0.843751 0.437502 0.845706 0.433592 0.845706 0.431639 0.847661 0.425782 0.847661 0.423829 0.849607 0.419924 0.849607 0.417972 0.851562 0.414061 0.851562 0.414061 0.855472 0.412108 0.857418 0.412108 0.859372 0.414061 0.861328 0.414061 0.863283 0.417972 0.863283 0.419924 0.861328 0.427734 0.861328 0.429687 0.859372 0.435544 0.859372 0.437502 0.857418 0.445312 0.857418 0.447265 0.855472 0.455081 0.855472 0.455081 0.853517 0.457033 0.851562 0.457033 0.849607 0.455081 0.847661 0.455081 0.845706 0.453123 0.843751 0.45117 0.843751 0.449218 0.841796
0 0.576171 0.509761 0.574218 0.511716 0.572266 0.511716 0.570313 0.513671 0.56836 0.513671 0.56836 0.515626 0.570313 0.517582 0.570313 0.521482 0.572266 0.519527 0.574218 0.519527 0.578123 0.515626 0.580076 0.515626 0.580076 0.513671 0.578123 0.511716 0.578123 0.509761
0 0.486327 0.001958 0.484374 0.003903 0.476564 0.003903 0.476564 0.009768 0.488279 0.009768 0.490232 0.007814 0.490232 0.005858 0.488279 0.003903 0.488279 0.001958
0 0.207032 0.25781 0.20508 0.259765 0.203127 0.259765 0.201174 0.26172 0.199216 0.26172 0.197264 0.263675 0.195311 0.263675 0.195311 0.265621 0.197264 0.267576 0.197264 0.269531 0.199216 0.269531 0.201174 0.267576 0.203127 0.267576 0.20508 0.265621 0.207032 0.265621 0.208984 0.263675 0.210937 0.263675 0.210937 0.259765 0.208984 0.25781
0 0.17578 0.197268 0.169923 0.203124 0.16797 0.203124 0.164065 0.207034 0.16797 0.210935 0.16797 0.21289 0.169923 0.21289 0.17578 0.207034 0.177733 0.207034 0.181638 0.203124 0.181638 0.201169 0.179686 0.201169
0 0.636721 0.628908 0.634763 0.630863 0.632811 0.630863 0.628906 0.634764 0.626953 0.634764 0.626953 0.642575 0.628906 0.642575 0.630858 0.640629 0.632811 0.640629 0.634763 0.638674 0.638674 0.638674 0.640626 0.636719 0.642579 0.636719 0.642579 0.634764 0.644531 0.632809 0.640626 0.628908
0 0.181638 0.240233 0.179686 0.242188 0.177733 0.242188 0.17578 0.244143 0.173828 0.244143 0.173828 0.249999 0.17578 0.249999 0.177733 0.251954 0.179686 0.249999 0.181638 0.249999 0.185549 0.246098 0.187501 0.246098 0.187501 0.244143 0.185549 0.242188 0.185549 0.240233
0 0.580076 0.517582 0.578123 0.519527 0.576171 0.519527 0.574218 0.521482 0.572266 0.521482 0.574218 0.523437 0.574218 0.525393 0.576171 0.527348 0.578123 0.527348 0.582034 0.523437 0.583986 0.523437 0.583986 0.519527 0.582034 0.517582
0 0.046875 0.320316 0.044922 0.322262 0.04297 0.322262 0.039064 0.326172 0.037112 0.326172 0.037112 0.330082 0.039064 0.332028 0.041018 0.332028 0.04297 0.330082 0.046875 0.330082 0.048827 0.328127 0.05078 0.328127 0.052732 0.326172 0.054685 0.326172 0.054685 0.324217 0.052732 0.322262 0.052732 0.320316
1 0.365237 0.876949 0.363278 0.878905 0.359374 0.878905 0.357421 0.88086 0.355468 0.88086 0.353516 0.882815 0.349611 0.882815 0.347658 0.88477 0.343748 0.88477 0.341795 0.886715 0.33789 0.886715 0.335938 0.888671 0.333985 0.888671 0.332033 0.890625 0.328127 0.890625 0.328127 0.896482 0.332033 0.900392 0.333985 0.898436 0.33789 0.898436 0.339843 0.896482 0.343748 0.896482 0.345706 0.894536 0.349611 0.894536 0.351563 0.892581 0.353516 0.892581 0.355468 0.890625 0.359374 0.890625 0.361326 0.888671 0.365237 0.888671 0.367189 0.886715 0.371094 0.886715 0.371094 0.88477 0.369142 0.882815 0.369142 0.878905 0.367189 0.878905
0 0.476564 0.291018 0.474611 0.292973 0.472659 0.292973 0.470701 0.294919 0.466796 0.294919 0.464843 0.296874 0.466796 0.298829 0.466796 0.300784 0.468749 0.302739 0.470701 0.300784 0.474611 0.300784 0.476564 0.298829 0.478517 0.298829 0.480469 0.296874 0.482422 0.296874 0.480469 0.294919 0.480469 0.292973 0.478517 0.292973
0 0.558592 0 0.55664 0 0.552735 0 0.550782 0 0.54883 0 0.546877 0 0.542966 0 0.544919 0 0.544919 0 0.546877 0 0.54883 0.000003 0.550782 0 0.552735 0 0.55664 0 0.558592 0 0.560545 0 0.562497 0 0.562497 0 0.560545 0
0 0.238284 0.193358 0.234373 0.197268 0.23242 0.197268 0.230468 0.199223 0.230468 0.203124 0.23242 0.205079 0.234373 0.205079 0.236326 0.203124 0.238284 0.203124 0.240236 0.201169 0.244141 0.201169 0.244141 0.199223 0.242188 0.197268 0.242188 0.195313 0.240236 0.193358
0 0.55664 0.363281 0.554688 0.365236 0.552735 0.365236 0.552735 0.367191 0.550782 0.369137 0.554688 0.373047 0.554688 0.375002 0.558592 0.378903 0.564456 0.378903 0.564456 0.376957 0.566408 0.375002 0.564456 0.373047 0.564456 0.371092 0.560545 0.367191 0.560545 0.365236 0.558592 0.363281
1 0.964846 0.779299 0.964846 0.800776 0.962893 0.802732 0.962893 0.822263 0.972656 0.822263 0.972656 0.800776 0.974608 0.798831 0.974608 0.779299
0 0.070311 0.919924 0.068358 0.921879 0.066406 0.921879 0.066406 0.923824 0.064453 0.925779 0.064453 0.92969 0.0625 0.931645 0.0625 0.939456 0.070311 0.939456 0.070311 0.935545 0.072263 0.93359 0.072263 0.927735 0.074221 0.925779 0.074221 0.921879 0.072263 0.921879
0 0.384768 0.033201 0.382815 0.035156 0.373046 0.035156 0.371094 0.037112 0.373046 0.039067 0.373046 0.041012 0.375 0.042967 0.376952 0.041012 0.380857 0.041012 0.382815 0.039067 0.38672 0.039067 0.38672 0.033201
0 0.667967 0.587889 0.666015 0.589844 0.654299 0.589844 0.654299 0.597655 0.656252 0.597655 0.658205 0.5957 0.669919 0.5957 0.671872 0.593755 0.667967 0.589844
0 0.681641 0.632809 0.679688 0.634764 0.675783 0.634764 0.67383 0.636719 0.669919 0.636719 0.669919 0.638674 0.667967 0.640629 0.669919 0.642575 0.669919 0.64453 0.671872 0.64453 0.67383 0.642575 0.679688 0.642575 0.681641 0.640629 0.687498 0.640629 0.687498 0.638674 0.685545 0.636719 0.685545 0.634764 0.683593 0.632809
0 0.49219 0.312495 0.490232 0.314451 0.478517 0.314451 0.478517 0.316406 0.476564 0.318361 0.480469 0.322262 0.482422 0.322262 0.484374 0.320316 0.494142 0.320316 0.494142 0.314451
0 0.693361 0.388668 0.691409 0.390624 0.685545 0.390624 0.683593 0.392579 0.677735 0.392579 0.675783 0.394534 0.677735 0.396489 0.677735 0.398434 0.679688 0.398434 0.681641 0.396489 0.695314 0.396489 0.695314 0.390624
0 0.628906 0.494139 0.626953 0.496095 0.625 0.496095 0.621095 0.500005 0.619143 0.500005 0.619143 0.50586 0.621095 0.50586 0.623048 0.507816 0.625 0.50586 0.626953 0.50586 0.628906 0.503906 0.630858 0.503906 0.632811 0.50195 0.634763 0.50195 0.634763 0.498049 0.630858 0.494139
0 0.369142 0.154294 0.365237 0.158204 0.365237 0.160159 0.367189 0.162105 0.367189 0.16406 0.369142 0.166015 0.369142 0.169925 0.371094 0.171871 0.371094 0.173826 0.375 0.173826 0.376952 0.171871 0.378904 0.171871 0.378904 0.16797 0.376952 0.166015 0.376952 0.16406 0.375 0.162105 0.375 0.160159 0.373046 0.158204 0.373046 0.156249 0.371094 0.156249
0 0.128909 0.220701 0.126951 0.222656 0.124998 0.222656 0.121093 0.226566 0.117188 0.226566 0.119141 0.228512 0.119141 0.230467 0.123045 0.234377 0.124998 0.232422 0.126951 0.232422 0.128909 0.230467 0.130861 0.230467 0.132814 0.228512 0.134766 0.228512 0.134766 0.224611 0.130861 0.220701
0 0.203127 0.248044 0.201174 0.249999 0.199216 0.249999 0.195311 0.253909 0.193358 0.253909 0.191406 0.255855 0.191406 0.25781 0.193358 0.259765 0.193358 0.26172 0.197264 0.26172 0.201174 0.25781 0.203127 0.25781 0.207032 0.253909 0.208984 0.253909 0.207032 0.251954 0.207032 0.249999 0.20508 0.248044
1 0.830077 0.902347 0.826172 0.906247 0.824219 0.906247 0.820314 0.910158 0.818362 0.910158 0.814451 0.914058 0.812499 0.914058 0.808594 0.917969 0.806641 0.917969 0.802736 0.921879 0.800783 0.921879 0.796873 0.925779 0.79492 0.925779 0.796873 0.927735 0.796873 0.92969 0.798826 0.931645 0.798826 0.93359 0.802736 0.93359 0.806641 0.92969 0.808594 0.92969 0.812499 0.925779 0.814451 0.925779 0.818362 0.921879 0.820314 0.921879 0.826172 0.916013 0.828125 0.916013 0.832029 0.912113 0.833982 0.912113 0.83594 0.910158 0.832029 0.906247 0.832029 0.904292
0 0.578123 0.349614 0.576171 0.35156 0.574218 0.35156 0.574218 0.357425 0.576171 0.35937 0.576171 0.361326 0.578123 0.363281 0.578123 0.365236 0.580076 0.365236 0.582034 0.367191 0.585939 0.367191 0.585939 0.361326 0.583986 0.35937 0.583986 0.357425 0.582034 0.35547 0.582034 0.353515
0 0.113283 0.999997 0.11133 1 0.11133 1 0.113283 1 0.113283 1 0.119141 1 0.119141 1 0.117188 1 0.115235 1
0 0.697266 0.2168 0.695314 0.218746 0.691409 0.218746 0.68945 0.220701 0.685545 0.220701 0.683593 0.222656 0.683593 0.224611 0.681641 0.226566 0.681641 0.228512 0.685545 0.228512 0.687498 0.226566 0.693361 0.226566 0.695314 0.224611 0.701171 0.224611 0.701171 0.218746 0.699219 0.218746
0 0.660157 0.466796 0.656252 0.470707 0.654299 0.470707 0.650389 0.474607 0.648437 0.474607 0.648437 0.480473 0.650389 0.480473 0.654299 0.484373 0.658205 0.480473 0.660157 0.480473 0.664062 0.476562 0.666015 0.476562 0.664062 0.474607 0.664062 0.472652 0.66211 0.470707 0.66211 0.466796
0 0.640626 0.517582 0.638674 0.519527 0.636721 0.519527 0.634763 0.521482 0.632811 0.521482 0.630858 0.523437 0.628906 0.523437 0.626953 0.525393 0.628906 0.527348 0.628906 0.529293 0.630858 0.529293 0.632811 0.527348 0.634763 0.527348 0.636721 0.525393 0.640626 0.525393 0.642579 0.523437 0.644531 0.523437 0.644531 0.521482
0 0.566408 0.484373 0.564456 0.486329 0.562497 0.486329 0.560545 0.488283 0.55664 0.488283 0.55664 0.490239 0.558592 0.492184 0.558592 0.494139 0.562497 0.490239 0.566408 0.490239
0 0.552735 0.001958 0.550782 0.003903 0.54883 0.003903 0.546877 0.005858 0.544919 0.005858 0.542966 0.007814 0.541014 0.007814 0.539062 0.009768 0.537109 0.009768 0.537109 0.013669 0.539062 0.015625 0.539062 0.01758 0.541014 0.019535 0.542966 0.01758 0.544919 0.01758 0.546877 0.015625 0.54883 0.015625 0.550782 0.013669 0.552735 0.013669 0.554688 0.011714 0.55664 0.011714 0.55664 0.003903 0.554688 0.003903
0 0.617185 0.517582 0.615232 0.519527 0.617185 0.521482 0.617185 0.525393 0.625 0.525393 0.628906 0.521482 0.630858 0.521482 0.632811 0.519527 0.632811 0.517582
0 0.626953 0.484373 0.625 0.486329 0.623048 0.486329 0.619143 0.490239 0.617185 0.490239 0.617185 0.492184 0.619143 0.494139 0.619143 0.496095 0.621095 0.496095 0.623048 0.494139 0.625 0.494139 0.626953 0.492184 0.630858 0.492184 0.630858 0.490239 0.632811 0.488283 0.628906 0.484373
0 0.025392 0.259765 0.023439 0.26172 0.015623 0.26172 0.01367 0.263675 0.01367 0.267576 0.015623 0.269531 0.027344 0.269531 0.031249 0.265621 0.029296 0.263675 0.029296 0.26172 0.027344 0.259765
0 0.189454 0.875004 0.187501 0.876949 0.185549 0.876949 0.183596 0.878905 0.181638 0.878905 0.179686 0.88086 0.177733 0.88086 0.17578 0.882815 0.173828 0.882815 0.173828 0.88477 0.17578 0.886715 0.17578 0.888671 0.177733 0.886715 0.179686 0.886715 0.181638 0.88477 0.183596 0.88477 0.185549 0.882815 0.187501 0.882815 0.189454 0.88086 0.191406 0.88086 0.191406 0.878905 0.189454 0.876949
0 0.683593 0.5957 0.681641 0.597655 0.677735 0.597655 0.675783 0.59961 0.671872 0.59961 0.671872 0.601565 0.669919 0.603511 0.671872 0.605466 0.671872 0.607421 0.67383 0.607421 0.675783 0.605466 0.679688 0.605466 0.681641 0.603511 0.687498 0.603511 0.68945 0.601565 0.68945 0.597655 0.687498 0.597655 0.685545 0.5957
1 0.921873 0.833985 0.917968 0.837895 0.916016 0.837895 0.912111 0.841796 0.910159 0.841796 0.904295 0.847661 0.902342 0.847661 0.898438 0.851562 0.896485 0.851562 0.89258 0.855472 0.890627 0.855472 0.888669 0.857418 0.888669 0.859372 0.890627 0.861328 0.890627 0.863283 0.89258 0.865238 0.89258 0.867183 0.896485 0.863283 0.898438 0.863283 0.902342 0.859372 0.904295 0.859372 0.908206 0.855472 0.910159 0.855472 0.914063 0.851562 0.916016 0.851562 0.919921 0.847661 0.921873 0.847661 0.925779 0.843751 0.927737 0.843751 0.925779 0.841796 0.925779 0.83984 0.923826 0.837895 0.923826 0.83594
0 0.636721 0.542969 0.632811 0.54688 0.630858 0.54688 0.628906 0.548825 0.628906 0.55078 0.626953 0.552735 0.628906 0.55469 0.628906 0.556636 0.630858 0.558591 0.632811 0.556636 0.634763 0.556636 0.638674 0.552735 0.640626 0.552735 0.642579 0.55078 0.642579 0.548825 0.640626 0.54688 0.640626 0.544924 0.638674 0.544924
0 0.074221 0.273441 0.072263 0.275387 0.058596 0.275387 0.058596 0.283207 0.060548 0.283207 0.0625 0.281252 0.076174 0.281252 0.078126 0.279297 0.076174 0.277342 0.076174 0.273441
0 0 0.154294 0 0.156249 0 0.156249 0 0.162105 0 0.162105 0 0.16406 0 0.162105 0.015623 0.162105 0.015623 0.160159 0.01367 0.158204 0.01367 0.156249 0.009766 0.156249 0.007813 0.154294
1 0.77539 0.820308 0.771484 0.824219 0.769532 0.824219 0.765627 0.828129 0.763674 0.828129 0.757811 0.833985 0.755859 0.833985 0.751954 0.837895 0.750001 0.837895 0.746096 0.841796 0.744138 0.841796 0.742185 0.843751 0.744138 0.845706 0.744138 0.847661 0.746096 0.849607 0.746096 0.851562 0.748049 0.853517 0.748049 0.855472 0.751954 0.851562 0.753906 0.851562 0.757811 0.847661 0.759764 0.847661 0.765627 0.841796 0.76758 0.841796 0.773437 0.83594 0.77539 0.83594 0.779294 0.83203 0.781252 0.83203 0.783205 0.830075 0.779294 0.826174 0.779294 0.824219
1 0.951172 0.777344 0.951172 0.798831 0.94922 0.800776 0.94922 0.820308 0.95703 0.820308 0.958983 0.822263 0.958983 0.800776 0.960935 0.798831 0.960935 0.779299 0.953125 0.779299
0 0.636721 0.324217 0.634763 0.326172 0.634763 0.330082 0.636721 0.332028 0.636721 0.333983 0.640626 0.337893 0.640626 0.339848 0.642579 0.341794 0.646484 0.341794 0.648437 0.339848 0.648437 0.335938 0.646484 0.333983 0.646484 0.332028 0.642579 0.328127 0.642579 0.326172 0.640626 0.324217
0 0.691409 0.529293 0.687498 0.533203 0.685545 0.533203 0.681641 0.537113 0.679688 0.537113 0.679688 0.539059 0.681641 0.541014 0.681641 0.542969 0.683593 0.542969 0.685545 0.541014 0.687498 0.541014 0.68945 0.539059 0.691409 0.539059 0.693361 0.537113 0.695314 0.537113 0.695314 0.529293
0 0.074221 0.251954 0.072263 0.253909 0.070311 0.253909 0.066406 0.25781 0.064453 0.25781 0.0625 0.259765 0.060548 0.259765 0.060548 0.26172 0.058596 0.263675 0.0625 0.267576 0.064453 0.267576 0.066406 0.265621 0.068358 0.265621 0.070311 0.263675 0.072263 0.263675 0.076174 0.259765 0.078126 0.259765 0.080079 0.25781 0.082031 0.25781 0.082031 0.253909 0.080079 0.251954
0 0.71875 0.669918 0.716797 0.671873 0.714845 0.671873 0.710939 0.675783 0.707029 0.675783 0.707029 0.679684 0.710939 0.683594 0.712892 0.681639 0.716797 0.681639 0.71875 0.679684 0.722654 0.679684 0.722654 0.675783 0.720702 0.673828 0.720702 0.671873
0 0.45117 0.408201 0.449218 0.410156 0.449218 0.412111 0.447265 0.414066 0.449218 0.416011 0.449218 0.417967 0.45117 0.419921 0.45117 0.421877 0.453123 0.423832 0.453123 0.425777 0.455081 0.427732 0.457033 0.427732 0.458986 0.429688 0.464843 0.423832 0.462891 0.421877 0.462891 0.419921 0.458986 0.416011 0.458986 0.414066 0.457033 0.412111 0.457033 0.410156 0.455081 0.408201
0 0.505857 0.349614 0.503905 0.35156 0.501953 0.35156 0.5 0.353515 0.496095 0.353515 0.496095 0.361326 0.498047 0.361326 0.5 0.35937 0.503905 0.35937 0.505857 0.357425 0.509768 0.357425 0.509768 0.353515
0 0.171875 0.914058 0.166018 0.919924 0.164065 0.919924 0.160154 0.923824 0.162107 0.923824 0.166018 0.927735 0.169923 0.923824 0.169923 0.921879 0.173828 0.917969 0.171875 0.916013
0 0.039064 0.343749 0.037112 0.345704 0.035154 0.345704 0.033201 0.347659 0.031249 0.347659 0.029296 0.349614 0.027344 0.349614 0.025392 0.35156 0.027344 0.353515 0.027344 0.35547 0.029296 0.35547 0.031249 0.353515 0.033201 0.353515 0.035154 0.35156 0.039064 0.35156 0.041018 0.349614 0.04297 0.349614 0.04297 0.343749
0 0.132814 0.234377 0.128909 0.238278 0.126951 0.238278 0.124998 0.240233 0.123045 0.240233 0.123045 0.246098 0.124998 0.248044 0.130861 0.248044 0.132814 0.246098 0.134766 0.246098 0.138671 0.242188 0.140624 0.242188 0.138671 0.240233 0.138671 0.236332 0.136719 0.234377
0 0.812499 0.492184 0.810546 0.494139 0.808594 0.494139 0.804688 0.498049 0.800783 0.498049 0.800783 0.50195 0.804688 0.50586 0.806641 0.50586 0.812499 0.500005 0.814451 0.500005 0.816404 0.498049 0.816404 0.494139 0.814451 0.494139
0 0.769532 0.562501 0.76758 0.564456 0.765627 0.564456 0.763674 0.566402 0.761716 0.566402 0.757811 0.570312 0.755859 0.570312 0.755859 0.572268 0.757811 0.574222 0.757811 0.576168 0.761716 0.576168 0.763674 0.574222 0.765627 0.574222 0.76758 0.572268 0.769532 0.572268 0.771484 0.570312 0.773437 0.570312 0.773437 0.566402
0 0.421876 0.02148 0.419924 0.023435 0.417972 0.023435 0.416014 0.025391 0.412108 0.025391 0.412108 0.027345 0.414061 0.029301 0.416014 0.029301 0.417972 0.027345 0.423829 0.027345 0.425782 0.025391 0.425782 0.023435 0.423829 0.023435
0 0.058596 0.335938 0.056643 0.337893 0.046875 0.337893 0.044922 0.339848 0.044922 0.345704 0.046875 0.345704 0.048827 0.343749 0.058596 0.343749 0.060548 0.341794 0.060548 0.337893
0 0.01367 0.273441 0.011718 0.275387 0.007813 0.275387 0.005861 0.277342 0 0.277342 0 0.279297 0.001956 0.281252 0.001956 0.285153 0.003908 0.283207 0.007813 0.283207 0.009766 0.281252 0.011718 0.281252 0.01367 0.279297 0.019534 0.279297 0.019534 0.277342 0.015623 0.273441
1 0.150392 0.968754 0.150392 0.97461 0.148439 0.976564 0.148439 0.990231 0.146487 0.992186 0.146487 0.998051 0.148439 0.998051 0.150392 0.999997 0.152345 0.999997 0.154297 1 0.154297 0.996097 0.15625 0.994141 0.15625 0.984375 0.158202 0.98242 0.158202 0.970699 0.15625 0.970699 0.154297 0.968754
0 0.552735 0.794921 0.550782 0.796876 0.546877 0.796876 0.544919 0.798831 0.539062 0.798831 0.539062 0.804687 0.541014 0.806642 0.542966 0.804687 0.546877 0.804687 0.54883 0.802732 0.55664 0.802732 0.55664 0.796876 0.554688 0.796876
0 0.498047 0.333983 0.496095 0.335938 0.494142 0.335938 0.49219 0.337893 0.488279 0.337893 0.488279 0.343749 0.490232 0.345704 0.49219 0.343749 0.496095 0.343749 0.498047 0.341794 0.5 0.341794 0.503905 0.337893 0.501953 0.335938 0.501953 0.333983
0 0.048827 0.990231 0.048827 0.992186 0.046875 0.994141 0.046875 1 0.044922 1 0.044922 1 0.048827 1 0.052732 1 0.054685 1 0.054685 0.994141 0.052732 0.992186 0.052732 0.990231
0 0.628906 0.976564 0.625 0.980465 0.623048 0.980465 0.619143 0.984375 0.617185 0.984375 0.617185 0.988286 0.619143 0.990231 0.621095 0.990231 0.623048 0.988286 0.625 0.988286 0.628906 0.984375 0.630858 0.984375 0.632811 0.98242 0.634763 0.98242 0.634763 0.980465 0.630858 0.976564
0 0.619143 0.593755 0.617185 0.5957 0.615232 0.5957 0.61328 0.597655 0.611327 0.597655 0.609375 0.59961 0.607422 0.59961 0.607422 0.603511 0.609375 0.605466 0.609375 0.607421 0.611327 0.605466 0.61328 0.605466 0.617185 0.601565 0.619143 0.601565 0.621095 0.59961 0.623048 0.601565 0.625 0.601565 0.625 0.597655 0.621095 0.593755
0 0.476564 0.283207 0.474611 0.285153 0.468749 0.285153 0.466796 0.287108 0.460938 0.287108 0.460938 0.289063 0.462891 0.291018 0.462891 0.294919 0.464843 0.292973 0.470701 0.292973 0.472659 0.291018 0.474611 0.291018 0.476564 0.289063 0.478517 0.291018 0.480469 0.289063 0.478517 0.287108 0.478517 0.285153
1 0.960935 0.927735 0.945315 0.943356 0.943357 0.943356 0.931642 0.955077 0.933594 0.957033 0.933594 0.958987 0.935547 0.960933 0.935547 0.962888 0.937499 0.964844 0.966798 0.935545 0.962893 0.931645 0.962893 0.92969
0 0.791015 0.662107 0.78711 0.666017 0.785158 0.666017 0.781252 0.669918 0.779294 0.669918 0.779294 0.671873 0.777342 0.673828 0.779294 0.675783 0.779294 0.677738 0.781252 0.679684 0.783205 0.679684 0.785158 0.681639 0.789063 0.677738 0.791015 0.677738 0.796873 0.671873 0.798826 0.671873 0.800783 0.669918 0.800783 0.667972 0.798826 0.666017 0.798826 0.664062 0.796873 0.662107
0 0.572266 0.775389 0.570313 0.777344 0.564456 0.777344 0.562497 0.779299 0.554688 0.779299 0.552735 0.781254 0.552735 0.7832 0.554688 0.785155 0.554688 0.789065 0.55664 0.79102 0.558592 0.789065 0.574218 0.789065 0.576171 0.78711 0.576171 0.785155 0.574218 0.7832 0.574218 0.779299 0.572266 0.777344
0 0.810546 0.419921 0.808594 0.421877 0.806641 0.421877 0.804688 0.423832 0.802736 0.423832 0.800783 0.425777 0.798826 0.425777 0.796873 0.427732 0.79492 0.427732 0.79492 0.429688 0.796873 0.431643 0.796873 0.433598 0.798826 0.435543 0.802736 0.431643 0.804688 0.431643 0.806641 0.429688 0.810546 0.429688 0.812499 0.427732 0.814451 0.427732 0.814451 0.421877 0.812499 0.419921
0 0.687498 0.519527 0.685545 0.521482 0.683593 0.521482 0.679688 0.525393 0.677735 0.525393 0.675783 0.527348 0.67383 0.527348 0.67383 0.535159 0.675783 0.535159 0.677735 0.533203 0.679688 0.533203 0.681641 0.531248 0.683593 0.531248 0.685545 0.529293 0.687498 0.529293 0.68945 0.527348 0.691409 0.527348 0.691409 0.525393 0.68945 0.523437 0.68945 0.521482
0 0.470701 0.267576 0.468749 0.269531 0.462891 0.269531 0.460938 0.271486 0.455081 0.271486 0.455081 0.279297 0.457033 0.277342 0.462891 0.277342 0.464843 0.275387 0.468749 0.275387 0.470701 0.273441 0.474611 0.273441 0.472659 0.271486 0.472659 0.269531
0 0.187501 0.25781 0.185549 0.259765 0.17578 0.259765 0.17578 0.263675 0.177733 0.265621 0.177733 0.267576 0.179686 0.267576 0.181638 0.265621 0.191406 0.265621 0.191406 0.26172 0.189454 0.259765 0.189454 0.25781
0 0.726565 0.40039 0.722654 0.4043 0.720702 0.4043 0.714845 0.410156 0.712892 0.410156 0.710939 0.412111 0.710939 0.416011 0.714845 0.419921 0.71875 0.419921 0.722654 0.416011 0.724607 0.416011 0.728518 0.412111 0.730471 0.412111 0.732423 0.410156 0.732423 0.408201 0.734375 0.406245 0.732423 0.4043 0.732423 0.402345 0.730471 0.40039
0 0.105467 0.2168 0.101562 0.220701 0.09961 0.220701 0.097657 0.222656 0.097657 0.228512 0.09961 0.230467 0.103515 0.230467 0.105467 0.228512 0.107419 0.228512 0.11133 0.224611 0.113283 0.224611 0.115235 0.222656 0.113283 0.220701 0.113283 0.218746 0.11133 0.2168
0 0.22461 0.210935 0.222658 0.21289 0.212889 0.21289 0.210937 0.214845 0.210937 0.218746 0.214842 0.222656 0.216794 0.220701 0.220706 0.220701 0.222658 0.218746 0.228515 0.218746 0.228515 0.214845 0.226563 0.21289 0.226563 0.210935
1 0.777342 0.773433 0.77539 0.775389 0.753906 0.775389 0.751954 0.777344 0.730471 0.777344 0.730471 0.781254 0.732423 0.7832 0.732423 0.78711 0.734375 0.785155 0.777342 0.785155
0 0.054685 0.328127 0.052732 0.330082 0.048827 0.330082 0.046875 0.332028 0.04297 0.332028 0.041018 0.333983 0.041018 0.335938 0.04297 0.337893 0.044922 0.335938 0.056643 0.335938 0.056643 0.333983 0.058596 0.332028 0.058596 0.330082 0.056643 0.330082
0 0.601564 0.552735 0.599612 0.55469 0.597654 0.55469 0.595702 0.556636 0.591796 0.556636 0.589844 0.558591 0.587891 0.558591 0.585939 0.560546 0.585939 0.562501 0.587891 0.564456 0.587891 0.568357 0.589844 0.568357 0.591796 0.566402 0.593749 0.566402 0.595702 0.564456 0.597654 0.564456 0.599612 0.562501 0.601564 0.562501 0.603517 0.560546 0.60547 0.560546 0.60547 0.556636 0.603517 0.55469 0.603517 0.552735
0 0.179686 0.224611 0.177733 0.226566 0.16797 0.226566 0.16797 0.232422 0.169923 0.234377 0.171875 0.232422 0.179686 0.232422 0.181638 0.230467 0.185549 0.230467 0.183596 0.228512 0.183596 0.226566 0.181638 0.224611
0 0 0.242188 0 0.244143 0 0.244143 0 0.246098 0 0.246098 0 0.248044 0 0.248044 0 0.249999 0 0.251954 0 0.253909 0 0.255855 0 0.255855 0 0.253909 0 0.253909 0 0.251954 0 0.251954 0.001956 0.249999 0.005861 0.249999 0.005861 0.246098 0.003908 0.244143 0.003908 0.242188
0 0.607422 0.951167 0.60547 0.953122 0.603517 0.953122 0.601564 0.955077 0.599612 0.955077 0.597654 0.957033 0.595702 0.957033 0.595702 0.958987 0.599612 0.962888 0.601564 0.962888 0.603517 0.960933 0.60547 0.960933 0.609375 0.957033 0.611327 0.957033 0.611327 0.955077 0.609375 0.953122 0.609375 0.951167
1 0.921873 0.777344 0.921873 0.800776 0.919921 0.802732 0.919921 0.824219 0.931642 0.824219 0.931642 0.777344
0 0.457033 0.009768 0.455081 0.011714 0.453123 0.011714 0.45117 0.013669 0.449218 0.013669 0.447265 0.015625 0.445312 0.015625 0.44336 0.01758 0.447265 0.02148 0.449218 0.019535 0.460938 0.019535 0.460938 0.011714 0.458986 0.011714
0 0.742185 0.421877 0.740233 0.423832 0.73828 0.423832 0.736328 0.425777 0.734375 0.425777 0.732423 0.427732 0.730471 0.427732 0.730471 0.429688 0.728518 0.431643 0.730471 0.433598 0.730471 0.435543 0.732423 0.437498 0.734375 0.437498 0.736328 0.435543 0.73828 0.435543 0.742185 0.431643 0.744138 0.431643 0.746096 0.429688 0.748049 0.429688 0.748049 0.425777 0.746096 0.423832 0.746096 0.421877
0 0.542966 0.330082 0.541014 0.332028 0.537109 0.332028 0.535157 0.333983 0.531251 0.333983 0.531251 0.337893 0.533204 0.339848 0.533204 0.341794 0.535157 0.343749 0.537109 0.341794 0.539062 0.341794 0.541014 0.339848 0.544919 0.339848 0.546877 0.337893 0.54883 0.337893 0.54883 0.333983 0.546877 0.332028 0.546877 0.330082
0 0.001956 0.218746 0 0.220701 0 0.220701 0 0.222656 0 0.222656 0 0.224611 0 0.226566 0 0.228512 0 0.228512 0 0.226566 0.001956 0.226566 0.003908 0.224611 0.007813 0.224611 0.007813 0.218746
1 0.587891 0.779299 0.587891 0.79102 0.625 0.79102 0.625 0.779299
0 0.412108 0.039067 0.410156 0.041012 0.406251 0.041012 0.404298 0.042967 0.400393 0.042967 0.398435 0.044922 0.400393 0.046878 0.400393 0.048833 0.402346 0.050778 0.404298 0.048833 0.408203 0.048833 0.410156 0.046878 0.416014 0.046878 0.417972 0.044922 0.416014 0.042967 0.416014 0.041012 0.414061 0.041012
0 0.583986 0.525393 0.582034 0.527348 0.580076 0.527348 0.578123 0.529293 0.576171 0.529293 0.578123 0.531248 0.578123 0.533203 0.580076 0.535159 0.583986 0.531248 0.585939 0.531248 0.587891 0.529293 0.587891 0.527348 0.585939 0.525393
1 0.833982 0.773433 0.832029 0.775389 0.79492 0.775389 0.79492 0.78711 0.796873 0.785155 0.833982 0.785155
1 0.945315 0.777344 0.943357 0.779299 0.935547 0.779299 0.935547 0.800776 0.933594 0.802732 0.933594 0.822263 0.943357 0.822263 0.945315 0.824219
0 0.501953 0.341794 0.5 0.343749 0.498047 0.343749 0.496095 0.345704 0.49219 0.345704 0.49219 0.35156 0.494142 0.353515 0.496095 0.35156 0.5 0.35156 0.501953 0.349614 0.503905 0.349614 0.505857 0.347659 0.50781 0.349614 0.50781 0.347659 0.505857 0.345704 0.505857 0.343749 0.503905 0.341794
0 0.199216 0.150393 0.197264 0.152348 0.193358 0.152348 0.191406 0.154294 0.191406 0.156249 0.193358 0.158204 0.193358 0.16406 0.195311 0.166015 0.195311 0.16797 0.197264 0.169925 0.199216 0.16797 0.203127 0.16797 0.203127 0.166015 0.20508 0.16406 0.20508 0.162105 0.203127 0.160159 0.203127 0.154294 0.201174 0.152348 0.201174 0.150393
0 0.654299 0.55469 0.652341 0.556636 0.650389 0.556636 0.648437 0.558591 0.646484 0.558591 0.646484 0.560546 0.648437 0.562501 0.648437 0.564456 0.650389 0.564456 0.652341 0.562501 0.656252 0.562501 0.658205 0.560546 0.66211 0.560546 0.66211 0.556636 0.660157 0.55469
1 0.941404 0.876949 0.935547 0.882815 0.933594 0.882815 0.925779 0.890625 0.923826 0.890625 0.916016 0.898436 0.914063 0.898436 0.910159 0.902347 0.912111 0.904292 0.912111 0.906247 0.914063 0.908202 0.914063 0.910158 0.917968 0.906247 0.919921 0.906247 0.925779 0.900392 0.927737 0.900392 0.935547 0.892581 0.937499 0.892581 0.943357 0.886715 0.945315 0.886715 0.947268 0.88477 0.943357 0.88086 0.943357 0.878905
0 0.052732 0.136717 0.05078 0.138672 0.037112 0.138672 0.035154 0.140627 0.035154 0.142582 0.037112 0.144528 0.037112 0.146483 0.054685 0.146483 0.056643 0.144528 0.056643 0.140627
0 0.480469 0.298829 0.478517 0.300784 0.476564 0.300784 0.474611 0.302739 0.470701 0.302739 0.468749 0.304685 0.470701 0.30664 0.470701 0.308595 0.472659 0.31055 0.474611 0.308595 0.478517 0.308595 0.480469 0.30664 0.486327 0.30664 0.486327 0.304685 0.488279 0.302739 0.484374 0.298829
0 0.611327 0.503906 0.609375 0.50586 0.607422 0.50586 0.60547 0.507816 0.601564 0.507816 0.601564 0.511716 0.603517 0.513671 0.603517 0.515626 0.60547 0.515626 0.607422 0.513671 0.609375 0.513671 0.611327 0.511716 0.61328 0.511716 0.615232 0.509761 0.617185 0.509761 0.617185 0.50586 0.615232 0.503906
0 0.158202 0.841796 0.15625 0.843751 0.154297 0.843751 0.152345 0.845706 0.150392 0.845706 0.148439 0.847661 0.146487 0.847661 0.146487 0.849607 0.144529 0.851562 0.148439 0.855472 0.150392 0.853517 0.152345 0.853517 0.154297 0.851562 0.15625 0.851562 0.158202 0.849607 0.160154 0.849607 0.160154 0.841796
0 0.785158 0.54688 0.783205 0.548825 0.781252 0.548825 0.779294 0.55078 0.777342 0.55078 0.77539 0.552735 0.773437 0.552735 0.771484 0.55469 0.773437 0.556636 0.773437 0.558591 0.77539 0.560546 0.777342 0.558591 0.781252 0.558591 0.783205 0.556636 0.78711 0.556636 0.789063 0.55469 0.792968 0.55469 0.792968 0.55078 0.791015 0.548825 0.791015 0.54688
0 0.191406 0.21289 0.189454 0.214845 0.179686 0.214845 0.179686 0.218746 0.181638 0.220701 0.193358 0.220701 0.193358 0.214845
1 0.841798 0.921879 0.837893 0.925779 0.83594 0.925779 0.832029 0.92969 0.830077 0.92969 0.826172 0.93359 0.824219 0.93359 0.820314 0.9375 0.818362 0.9375 0.814451 0.941411 0.812499 0.941411 0.810546 0.943356 0.810546 0.945311 0.812499 0.947267 0.812499 0.951167 0.814451 0.953122 0.814451 0.955077 0.818362 0.951167 0.820314 0.951167 0.824219 0.947267 0.826172 0.947267 0.832029 0.941411 0.833982 0.941411 0.837893 0.9375 0.839845 0.9375 0.84375 0.93359 0.845703 0.93359 0.847655 0.931645 0.845703 0.92969 0.845703 0.927735 0.84375 0.925779 0.84375 0.923824
0 0.765627 0.382813 0.763674 0.384768 0.759764 0.384768 0.757811 0.386723 0.751954 0.386723 0.751954 0.388668 0.750001 0.390624 0.750001 0.392579 0.751954 0.394534 0.753906 0.394534 0.755859 0.392579 0.757811 0.392579 0.759764 0.390624 0.763674 0.390624 0.765627 0.388668 0.76758 0.388668 0.76758 0.382813
0 0.61328 0.763668 0.611327 0.765623 0.593749 0.765623 0.591796 0.767578 0.589844 0.767578 0.589844 0.773433 0.593749 0.777344 0.595702 0.775389 0.61328 0.775389 0.61328 0.773433 0.615232 0.771488 0.615232 0.767578 0.61328 0.765623
0 0.001956 0.251954 0 0.253909 0 0.253909 0 0.25781 0 0.25781 0 0.259765 0 0.259765 0 0.26172 0 0.263675 0 0.265621 0 0.263675 0 0.263675 0 0.259765 0.001956 0.259765 0.003908 0.25781 0.005861 0.25781 0.005861 0.255855 0.003908 0.253909 0.003908 0.251954
0 0.589844 0.343749 0.587891 0.345704 0.583986 0.345704 0.583986 0.347659 0.582034 0.349614 0.582034 0.35156 0.583986 0.353515 0.583986 0.35547 0.585939 0.357425 0.585939 0.35937 0.587891 0.361326 0.587891 0.363281 0.591796 0.363281 0.593749 0.361326 0.595702 0.361326 0.595702 0.35937 0.597654 0.357425 0.597654 0.35547 0.595702 0.353515 0.595702 0.35156 0.591796 0.347659 0.591796 0.345704
0 0.423829 0.052733 0.421876 0.054688 0.417972 0.054688 0.416014 0.056643 0.410156 0.056643 0.410156 0.060544 0.412108 0.062499 0.414061 0.062499 0.416014 0.060544 0.419924 0.060544 0.421876 0.058589 0.425782 0.058589 0.425782 0.052733
0 0.470701 0.275387 0.468749 0.277342 0.464843 0.277342 0.462891 0.279297 0.458986 0.279297 0.457033 0.281252 0.458986 0.283207 0.458986 0.285153 0.466796 0.285153 0.468749 0.283207 0.474611 0.283207 0.476564 0.281252 0.476564 0.279297 0.474611 0.277342 0.474611 0.275387
0 0.333985 0.773433 0.333985 0.775389 0.332033 0.777344 0.332033 0.779299 0.33008 0.781254 0.33008 0.7832 0.328127 0.785155 0.328127 0.792966 0.33008 0.792966 0.332033 0.794921 0.333985 0.792966 0.335938 0.792966 0.335938 0.79102 0.33789 0.789065 0.33789 0.78711 0.339843 0.785155 0.339843 0.7832 0.341795 0.781254 0.341795 0.777344 0.339843 0.775389 0.339843 0.773433
0 0.636721 0.429688 0.634763 0.431643 0.634763 0.435543 0.636721 0.437498 0.636721 0.439454 0.638674 0.441409 0.638674 0.443364 0.644531 0.443364 0.646484 0.441409 0.644531 0.439454 0.644531 0.437498 0.642579 0.435543 0.642579 0.433598 0.640626 0.431643 0.640626 0.429688
0 0.093752 0.253909 0.091799 0.255855 0.089841 0.255855 0.087889 0.25781 0.085937 0.25781 0.083984 0.259765 0.082031 0.259765 0.080079 0.26172 0.078126 0.26172 0.078126 0.265621 0.080079 0.267576 0.080079 0.269531 0.083984 0.269531 0.087889 0.265621 0.089841 0.265621 0.093752 0.26172 0.095705 0.26172 0.097657 0.259765 0.097657 0.255855 0.095705 0.253909
0 0.646484 0.566402 0.644531 0.568357 0.642579 0.568357 0.638674 0.572268 0.636721 0.572268 0.636721 0.580078 0.638674 0.580078 0.640626 0.578123 0.642579 0.578123 0.644531 0.576168 0.646484 0.576168 0.648437 0.574222 0.650389 0.574222 0.652341 0.572268 0.650389 0.570312 0.650389 0.568357 0.648437 0.568357
0 0.675783 0.498049 0.67383 0.500005 0.671872 0.500005 0.667967 0.503906 0.666015 0.503906 0.666015 0.50586 0.667967 0.507816 0.667967 0.509761 0.669919 0.507816 0.671872 0.507816 0.67383 0.50586 0.677735 0.50586 0.679688 0.503906 0.681641 0.503906 0.681641 0.50195 0.679688 0.500005 0.679688 0.498049
0 0.730471 0.291018 0.726565 0.294919 0.724607 0.294919 0.720702 0.298829 0.71875 0.298829 0.716797 0.300784 0.716797 0.302739 0.71875 0.304685 0.71875 0.30664 0.720702 0.304685 0.724607 0.304685 0.726565 0.302739 0.728518 0.302739 0.730471 0.300784 0.734375 0.300784 0.734375 0.296874 0.732423 0.294919 0.732423 0.292973
0 0.136719 0.853517 0.134766 0.855472 0.132814 0.855472 0.130861 0.857418 0.126951 0.857418 0.124998 0.859372 0.123045 0.859372 0.123045 0.863283 0.124998 0.865238 0.124998 0.867183 0.126951 0.867183 0.128909 0.865238 0.130861 0.865238 0.134766 0.861328 0.136719 0.861328 0.138671 0.859372 0.140624 0.859372 0.140624 0.857418
0 0.197264 0.224611 0.195311 0.226566 0.187501 0.226566 0.187501 0.234377 0.189454 0.232422 0.201174 0.232422 0.201174 0.228512 0.199216 0.226566 0.199216 0.224611
0 0.650389 0.64453 0.650389 0.64844 0.648437 0.650395 0.648437 0.652341 0.664062 0.652341 0.666015 0.650395 0.666015 0.64844 0.667967 0.646485 0.667967 0.64453
0 0.79492 0.564456 0.792968 0.566402 0.791015 0.566402 0.789063 0.568357 0.78711 0.568357 0.785158 0.570312 0.783205 0.570312 0.783205 0.576168 0.785158 0.578123 0.78711 0.576168 0.792968 0.576168 0.79492 0.574222 0.800783 0.574222 0.800783 0.570312 0.798826 0.568357 0.798826 0.566402 0.796873 0.564456
1 0.83594 0.912113 0.832029 0.916013 0.830077 0.916013 0.826172 0.919924 0.824219 0.919924 0.820314 0.923824 0.818362 0.923824 0.814451 0.927735 0.812499 0.927735 0.808594 0.931645 0.806641 0.931645 0.802736 0.935545 0.800783 0.935545 0.804688 0.939456 0.804688 0.941411 0.808594 0.945311 0.808594 0.943356 0.812499 0.939456 0.814451 0.939456 0.818362 0.935545 0.820314 0.935545 0.824219 0.931645 0.826172 0.931645 0.830077 0.927735 0.832029 0.927735 0.837893 0.921879 0.839845 0.921879 0.841798 0.919924 0.837893 0.916013 0.837893 0.914058
0 0.734375 0.316406 0.732423 0.318361 0.720702 0.318361 0.720702 0.320316 0.71875 0.322262 0.71875 0.326172 0.720702 0.328127 0.736328 0.328127 0.736328 0.324217 0.73828 0.322262 0.73828 0.318361 0.736328 0.318361
0 0.617185 0.435543 0.615232 0.437498 0.611327 0.437498 0.611327 0.441409 0.61328 0.443364 0.61328 0.445309 0.615232 0.447264 0.615232 0.44922 0.617185 0.451175 0.617185 0.45312 0.619143 0.455076 0.623048 0.455076 0.623048 0.45312 0.625 0.451175 0.625 0.44922 0.623048 0.447264 0.623048 0.441409 0.621095 0.439454 0.621095 0.437498 0.619143 0.437498
0 0.791015 0.607421 0.789063 0.609376 0.785158 0.609376 0.783205 0.611331 0.779294 0.611331 0.779294 0.613277 0.777342 0.615232 0.777342 0.617187 0.779294 0.619142 0.779294 0.621098 0.783205 0.621098 0.785158 0.619142 0.789063 0.619142 0.791015 0.617187 0.792968 0.617187 0.79492 0.615232 0.798826 0.615232 0.798826 0.613277 0.796873 0.611331 0.796873 0.609376 0.79492 0.609376 0.792968 0.607421
0 0.326169 0.236332 0.322265 0.240233 0.320312 0.240233 0.316407 0.244143 0.314454 0.244143 0.312502 0.246098 0.312502 0.248044 0.314454 0.249999 0.314454 0.251954 0.316407 0.253909 0.320312 0.249999 0.322265 0.249999 0.326169 0.246098 0.328127 0.246098 0.33008 0.244143 0.33008 0.242188 0.332033 0.240233 0.328127 0.236332
0 0.035154 0.322262 0.033201 0.324217 0.029296 0.324217 0.027344 0.326172 0.021486 0.326172 0.021486 0.328127 0.023439 0.330082 0.035154 0.330082 0.035154 0.326172 0.037112 0.324217
0 0.199216 0.894536 0.189454 0.904292 0.191406 0.906247 0.191406 0.908202 0.193358 0.910158 0.201174 0.902347 0.201174 0.898436 0.203127 0.896482 0.201174 0.896482
0 0.621095 0.601565 0.619143 0.603511 0.617185 0.603511 0.61328 0.607421 0.611327 0.607421 0.611327 0.609376 0.61328 0.611331 0.61328 0.613277 0.615232 0.615232 0.617185 0.613277 0.619143 0.613277 0.623048 0.609376 0.625 0.609376 0.625 0.607421 0.626953 0.605466 0.625 0.605466
0 0.076174 0.287108 0.072263 0.291018 0.070311 0.291018 0.066406 0.294919 0.070311 0.298829 0.072263 0.298829 0.076174 0.294919 0.078126 0.294919 0.082031 0.291018 0.083984 0.291018 0.083984 0.289063 0.082031 0.287108
0 0.757811 0.439454 0.753906 0.443364 0.753906 0.445309 0.748049 0.451175 0.748049 0.45312 0.750001 0.455076 0.750001 0.457031 0.751954 0.457031 0.755859 0.45312 0.757811 0.45312 0.763674 0.447264 0.765627 0.447264 0.765627 0.443364 0.763674 0.443364 0.761716 0.441409 0.759764 0.441409
0 0.162107 0.300784 0.160154 0.302739 0.158202 0.302739 0.154297 0.30664 0.152345 0.30664 0.152345 0.308595 0.150392 0.31055 0.154297 0.314451 0.15625 0.314451 0.158202 0.312495 0.160154 0.312495 0.162107 0.31055 0.164065 0.31055 0.166018 0.308595 0.16797 0.308595 0.16797 0.304685 0.166018 0.302739 0.166018 0.300784
0 0.04297 0.298829 0.041018 0.300784 0.033201 0.300784 0.033201 0.304685 0.035154 0.30664 0.037112 0.304685 0.046875 0.304685 0.046875 0.300784 0.044922 0.298829
0 0.496095 0.326172 0.494142 0.328127 0.484374 0.328127 0.484374 0.332028 0.486327 0.333983 0.486327 0.335938 0.488279 0.333983 0.496095 0.333983 0.498047 0.332028 0.501953 0.332028 0.5 0.330082 0.5 0.328127 0.498047 0.328127
0 0.695314 0.539059 0.693361 0.541014 0.691409 0.541014 0.68945 0.542969 0.685545 0.542969 0.683593 0.544924 0.681641 0.544924 0.681641 0.548825 0.683593 0.55078 0.683593 0.552735 0.685545 0.552735 0.687498 0.55078 0.68945 0.55078 0.693361 0.54688 0.695314 0.54688 0.697266 0.544924 0.699219 0.544924 0.699219 0.542969
1 0.318359 0.894536 0.316407 0.896482 0.312502 0.896482 0.310549 0.898436 0.306639 0.898436 0.304686 0.900392 0.300781 0.900392 0.298829 0.902347 0.292971 0.902347 0.291018 0.904292 0.287108 0.904292 0.285155 0.906247 0.28125 0.906247 0.279298 0.908202 0.275393 0.908202 0.275393 0.910158 0.27344 0.912113 0.27344 0.914058 0.275393 0.916013 0.275393 0.917969 0.28125 0.917969 0.283203 0.919924 0.285155 0.917969 0.289061 0.917969 0.291018 0.916013 0.294923 0.916013 0.296876 0.914058 0.300781 0.914058 0.302733 0.912113 0.308591 0.912113 0.310549 0.910158 0.314454 0.910158 0.316407 0.908202 0.320312 0.908202 0.320312 0.900392 0.318359 0.898436
0 0.0625 0.249999 0.060548 0.251954 0.058596 0.251954 0.056643 0.253909 0.054685 0.253909 0.052732 0.255855 0.05078 0.255855 0.05078 0.25781 0.048827 0.259765 0.05078 0.259765 0.054685 0.263675 0.056643 0.26172 0.058596 0.26172 0.058596 0.259765 0.060548 0.25781 0.0625 0.25781 0.064453 0.255855 0.066406 0.255855 0.068358 0.253909 0.068358 0.249999
0 0.658205 0.542969 0.656252 0.544924 0.648437 0.544924 0.646484 0.54688 0.646484 0.548825 0.648437 0.55078 0.648437 0.55469 0.650389 0.552735 0.664062 0.552735 0.664062 0.544924 0.660157 0.544924
0 0.806641 0.480473 0.804688 0.482418 0.802736 0.482418 0.798826 0.486329 0.796873 0.486329 0.79492 0.488283 0.79492 0.494139 0.798826 0.494139 0.800783 0.492184 0.802736 0.492184 0.804688 0.490239 0.806641 0.490239 0.808594 0.488283 0.810546 0.488283 0.810546 0.484373 0.808594 0.482418 0.808594 0.480473
0 0.677735 0.458986 0.675783 0.460941 0.67383 0.460941 0.671872 0.462886 0.667967 0.462886 0.666015 0.464841 0.664062 0.464841 0.664062 0.470707 0.666015 0.472652 0.666015 0.474607 0.669919 0.474607 0.671872 0.472652 0.67383 0.472652 0.677735 0.468752 0.679688 0.468752 0.681641 0.466796 0.683593 0.466796 0.683593 0.462886 0.681641 0.460941 0.681641 0.458986
0 0.654299 0.582033 0.652341 0.583988 0.650389 0.583988 0.646484 0.587889 0.644531 0.587889 0.642579 0.589844 0.642579 0.591799 0.644531 0.593755 0.644531 0.5957 0.648437 0.5957 0.650389 0.593755 0.652341 0.593755 0.652341 0.589844 0.654299 0.587889 0.660157 0.587889 0.660157 0.583988 0.658205 0.582033
1 0.792968 0.847661 0.789063 0.851562 0.78711 0.851562 0.783205 0.855472 0.781252 0.855472 0.777342 0.859372 0.77539 0.859372 0.771484 0.863283 0.769532 0.863283 0.765627 0.867183 0.763674 0.867183 0.759764 0.871094 0.757811 0.871094 0.757811 0.873049 0.759764 0.875004 0.759764 0.876949 0.761716 0.878905 0.761716 0.88086 0.765627 0.876949 0.76758 0.876949 0.771484 0.873049 0.773437 0.873049 0.777342 0.869138 0.779294 0.869138 0.783205 0.865238 0.785158 0.865238 0.789063 0.861328 0.791015 0.861328 0.79492 0.857418 0.796873 0.857418 0.798826 0.855472 0.79492 0.851562 0.79492 0.849607
0 0.242188 0.210935 0.238284 0.214845 0.236326 0.214845 0.23242 0.218746 0.230468 0.218746 0.230468 0.220701 0.23242 0.222656 0.23242 0.224611 0.234373 0.224611 0.236326 0.222656 0.238284 0.222656 0.240236 0.220701 0.242188 0.220701 0.244141 0.218746 0.246094 0.218746 0.246094 0.214845 0.244141 0.21289 0.244141 0.210935
0 0.699219 0.662107 0.697266 0.664062 0.685545 0.664062 0.685545 0.671873 0.687498 0.671873 0.68945 0.669918 0.699219 0.669918 0.701171 0.667972 0.701171 0.666017 0.699219 0.664062
0 0.683593 0.511716 0.679688 0.515626 0.677735 0.515626 0.67383 0.519527 0.671872 0.519527 0.671872 0.521482 0.669919 0.523437 0.671872 0.525393 0.671872 0.527348 0.67383 0.525393 0.675783 0.525393 0.677735 0.523437 0.679688 0.523437 0.683593 0.519527 0.685545 0.519527 0.687498 0.517582 0.68945 0.519527 0.68945 0.515626 0.687498 0.513671 0.687498 0.511716
0 0.818362 0.433598 0.816404 0.435543 0.814451 0.435543 0.812499 0.437498 0.810546 0.437498 0.808594 0.439454 0.806641 0.439454 0.806641 0.441409 0.808594 0.443364 0.808594 0.445309 0.810546 0.447264 0.812499 0.447264 0.814451 0.445309 0.816404 0.445309 0.820314 0.441409 0.822267 0.441409 0.822267 0.437498
0 0.591796 0.539059 0.589844 0.541014 0.587891 0.541014 0.585939 0.542969 0.583986 0.542969 0.583986 0.544924 0.585939 0.54688 0.585939 0.548825 0.587891 0.54688 0.591796 0.54688 0.595702 0.542969 0.595702 0.539059
0 0.009766 0.267576 0.007813 0.269531 0.001956 0.269531 0 0.271486 0.001956 0.273441 0.001956 0.275387 0.005861 0.275387 0.007813 0.273441 0.011718 0.273441 0.01367 0.271486 0.01367 0.269531 0.011718 0.267576
0 0.611327 0.578123 0.609375 0.580078 0.607422 0.580078 0.603517 0.583988 0.601564 0.583988 0.601564 0.593755 0.60547 0.593755 0.609375 0.589844 0.611327 0.589844 0.615232 0.585934 0.617185 0.585934 0.617185 0.583988
0 0.603517 0.562501 0.601564 0.564456 0.599612 0.564456 0.597654 0.566402 0.595702 0.566402 0.593749 0.568357 0.591796 0.568357 0.591796 0.572268 0.593749 0.574222 0.593749 0.576168 0.595702 0.576168 0.597654 0.574222 0.599612 0.574222 0.601564 0.572268 0.60547 0.572268 0.607422 0.570312 0.609375 0.570312 0.609375 0.566402 0.607422 0.564456 0.607422 0.562501
0 0.611327 0.492184 0.609375 0.494139 0.607422 0.494139 0.603517 0.498049 0.601564 0.498049 0.601564 0.50586 0.603517 0.50586 0.60547 0.503906 0.607422 0.503906 0.609375 0.50195 0.611327 0.50195 0.61328 0.500005 0.615232 0.500005 0.617185 0.498049 0.617185 0.496095 0.615232 0.494139 0.615232 0.492184
0 0.085937 0.275387 0.083984 0.277342 0.083984 0.283207 0.093752 0.283207 0.097657 0.279297 0.097657 0.277342 0.095705 0.275387