9 0.994142 0.921872 0.992185 0.923829 0.990234 0.923829 0.988283 0.925778 0.984376 0.925778 0.982419 0.927736 0.980468 0.927736 0.978518 0.929685 0.97461 0.929685 0.972653 0.931642 0.970703 0.931642 0.970703 0.933592 0.972653 0.935549 0.972653 0.937498 0.97461 0.935549 0.984376 0.935549 0.986326 0.933592 0.996092 0.933592 0.996092 0.931642 0.998049 0.929685 0.998049 0.923829 0.996092 0.923829
1 0.371097 0.601566 0.365232 0.607422 0.363282 0.607422 0.359374 0.611329 0.363282 0.615236 0.363282 0.617186 0.36914 0.623049 0.36914 0.624999 0.374998 0.630863 0.374998 0.632812 0.382813 0.640625 0.382813 0.642576 0.388671 0.648439 0.388671 0.650389 0.394529 0.656252 0.394529 0.658202 0.398437 0.662109 0.404294 0.656252 0.406251 0.656252 0.408202 0.654295 0.406251 0.652346 0.406251 0.650389 0.400393 0.644532 0.400393 0.642576 0.396486 0.638669 0.396486 0.636719 0.392578 0.632812 0.392578 0.630863 0.38672 0.624999 0.38672 0.623049 0.382813 0.619143 0.382813 0.617186 0.378905 0.613279 0.378905 0.611329 0.373047 0.605465 0.373047 0.603516
1 0.171872 0.359373 0.169921 0.36133 0.169921 0.363279 0.167971 0.365236 0.167971 0.367186 0.166014 0.369143 0.169921 0.37305 0.169921 0.375 0.175779 0.380856 0.175779 0.382813 0.181637 0.388669 0.181637 0.390626 0.187502 0.396482 0.187502 0.39844 0.19336 0.404296 0.19336 0.406253 0.197268 0.41016 0.208983 0.39844 0.189452 0.378906 0.189452 0.376956 0.177736 0.365236 0.175779 0.365236 0.171872 0.36133
1 0.531253 0.820312 0.527346 0.824219 0.525389 0.824219 0.51953 0.830075 0.51758 0.830075 0.515623 0.832032 0.51953 0.835939 0.51953 0.837889 0.529296 0.847659 0.529296 0.849609 0.539062 0.859372 0.539062 0.861329 0.548827 0.871092 0.548827 0.873049 0.552735 0.876956 0.566408 0.863278 0.5625 0.859372 0.5625 0.857422 0.552735 0.847659 0.552735 0.845702 0.54492 0.837889 0.54492 0.835939 0.535154 0.826169 0.535154 0.824219
1 0.117186 0.283203 0.115235 0.28516 0.113279 0.28516 0.111328 0.28711 0.109377 0.28711 0.107421 0.28906 0.10547 0.28906 0.103513 0.291016 0.101562 0.291016 0.10547 0.294923 0.10547 0.296873 0.111328 0.302736 0.111328 0.304686 0.117186 0.31055 0.117186 0.3125 0.123044 0.318356 0.123044 0.320313 0.128909 0.326169 0.128909 0.328126 0.134767 0.333983 0.134767 0.33594 0.138674 0.339847 0.144532 0.333983 0.146483 0.333983 0.15039 0.330076 0.14844 0.328126 0.14844 0.326169 0.142575 0.320313 0.142575 0.318356 0.138674 0.314456 0.138674 0.3125 0.13281 0.306643 0.13281 0.304686 0.128909 0.300779 0.128909 0.29883 0.125001 0.294923 0.125001 0.292966 0.119143 0.28711 0.119143 0.28516
1 0.119143 0.546872 0.119143 0.552736 0.117186 0.554686 0.117186 0.560549 0.134767 0.560549 0.136717 0.562499 0.152341 0.562499 0.154298 0.564456 0.171872 0.564456 0.173829 0.566406 0.173829 0.558592 0.175779 0.556643 0.175779 0.550779 0.14844 0.550779 0.146483 0.548829 0.121093 0.548829
1 0.234373 0.525389 0.232422 0.527346 0.228515 0.527346 0.226564 0.529295 0.222656 0.529295 0.220706 0.531253 0.216798 0.531253 0.214842 0.533202 0.21094 0.533202 0.208983 0.53516 0.203125 0.53516 0.201175 0.537109 0.197268 0.537109 0.195311 0.539059 0.19141 0.539059 0.189452 0.541016 0.185545 0.541016 0.183594 0.542965 0.179687 0.542965 0.181637 0.544922 0.181637 0.546872 0.183594 0.548829 0.183594 0.550779 0.185545 0.552736 0.185545 0.554686 0.187502 0.556643 0.189452 0.554686 0.19336 0.554686 0.195311 0.552736 0.199218 0.552736 0.201175 0.550779 0.205076 0.550779 0.207033 0.548829 0.21094 0.548829 0.212891 0.546872 0.214842 0.546872 0.216798 0.544922 0.220706 0.544922 0.222656 0.542965 0.226564 0.542965 0.228515 0.541016 0.232422 0.541016 0.234373 0.539059 0.23828 0.539059 0.23828 0.537109 0.23633 0.53516 0.23633 0.529295 0.234373 0.527346
3 0.705076 0.990235 0.701175 0.994142 0.699218 0.994142 0.69336 0.999998 0.69141 0.999998 0.685545 1 0.683594 1 0.677736 1 0.675779 1 0.671872 1 0.669921 1 0.664063 1 0.662107 1 0.656249 1 0.654298 1 0.652341 1 0.642575 1 0.646483 1 0.646483 1 0.656249 1 0.656249 1 0.664063 1 0.664063 1 0.673829 1 0.673829 1 0.683594 1 0.683594 1 0.69141 1 0.69141 1 0.701175 1 0.701175 1 0.708983 1 0.708983 1 0.718749 1 0.718749 1 0.726564 1 0.726564 1 0.73633 1 0.73633 1 0.744138 1 0.744138 1 0.753904 1 0.753904 1 0.763669 1 0.763669 1 0.771484 1 0.771484 1 0.78125 1 0.78125 1 0.785157 1 0.789065 1 0.791015 1 0.796873 1 0.798831 1 0.804688 1 0.806639 1 0.812497 1 0.814454 1 0.820312 1 0.822263 1 0.828127 1 0.830078 1 0.835936 1 0.837893 1 0.84375 1 0.845701 1 0.851566 1 0.853516 1 0.855467 1 0.839843 1 0.839843 1 0.810546 1 0.810546 1 0.779299 1 0.779299 1 0.750003 1 0.750003 1 0.720706 1 0.720706 1
1 0.156249 0.279296 0.15039 0.28516 0.14844 0.28516 0.146483 0.28711 0.14844 0.28906 0.14844 0.291016 0.154298 0.296873 0.154298 0.29883 0.160156 0.304686 0.160156 0.306643 0.164063 0.31055 0.164063 0.3125 0.169921 0.318356 0.169921 0.320313 0.171872 0.322263 0.177736 0.316406 0.179687 0.316406 0.183594 0.3125 0.179687 0.308593 0.179687 0.306643 0.169921 0.296873 0.169921 0.294923 0.160156 0.28516 0.160156 0.283203
1 0.328127 0.488279 0.322263 0.494143 0.320312 0.494143 0.316405 0.49805 0.318361 0.499999 0.318361 0.501956 0.32422 0.507812 0.32422 0.509762 0.328127 0.513669 0.328127 0.515626 0.332028 0.519533 0.332028 0.521482 0.337893 0.527346 0.337893 0.529295 0.339843 0.531253 0.341794 0.529295 0.341794 0.527346 0.347658 0.521482 0.347658 0.519533 0.349608 0.517576 0.347658 0.515626 0.347658 0.513669 0.341794 0.507812 0.341794 0.505863 0.335936 0.499999 0.335936 0.49805 0.330078 0.492186 0.330078 0.490236
1 0.41406 0.638669 0.412109 0.640625 0.410159 0.640625 0.408202 0.642576 0.406251 0.642576 0.404294 0.644532 0.402344 0.644532 0.408202 0.650389 0.408202 0.652346 0.412109 0.656252 0.412109 0.658202 0.417967 0.664066 0.417967 0.666016 0.423826 0.671872 0.423826 0.673829 0.427733 0.677736 0.435548 0.669922 0.433591 0.667965 0.433591 0.666016 0.42969 0.662109 0.42969 0.660159 0.423826 0.654295 0.423826 0.652346 0.419925 0.648439 0.419925 0.646482 0.416017 0.642576 0.416017 0.640625
1 0.046876 0.439456 0.04492 0.441406 0.042969 0.441406 0.041018 0.443363 0.037111 0.443363 0.035154 0.445312 0.033204 0.445312 0.033204 0.447262 0.035154 0.449219 0.035154 0.453126 0.037111 0.455076 0.037111 0.457033 0.039062 0.458982 0.039062 0.462889 0.041018 0.464846 0.041018 0.468753 0.042969 0.470702 0.042969 0.474609 0.04492 0.476559 0.04492 0.480465 0.046876 0.482422 0.046876 0.484372 0.048828 0.486329 0.048828 0.490236 0.050784 0.492186 0.050784 0.496092 0.052735 0.49805 0.052735 0.499999 0.054686 0.49805 0.056642 0.49805 0.058593 0.496092 0.0625 0.496092 0.064451 0.494143 0.066408 0.494143 0.066408 0.492186 0.064451 0.490236 0.064451 0.486329 0.0625 0.484372 0.0625 0.482422 0.06055 0.480465 0.06055 0.476559 0.058593 0.474609 0.058593 0.470702 0.056642 0.468753 0.056642 0.464846 0.054686 0.462889 0.054686 0.458982 0.052735 0.457033 0.052735 0.455076 0.050784 0.453126 0.050784 0.449219 0.048828 0.447262 0.048828 0.443363 0.046876 0.441406
9 0.468752 0.980473 0.466795 0.982422 0.460937 0.982422 0.460937 0.984372 0.458987 0.986329 0.458987 0.988278 0.45703 0.990235 0.45703 1 0.458987 1 0.458987 1 0.460937 1 0.460937 1 0.462888 1 0.462888 1 0.464845 1 0.464845 1 0.466795 1 0.466795 1 0.468752 1 0.468752 1 0.470703 1 0.470703 1 0.472653 1 0.472653 1 0.47461 1 0.47461 1 0.476561 1 0.476561 1 0.478518 1 0.478518 1 0.480468 1 0.480468 1 0.482419 1 0.482419 1 0.484376 1 0.488283 1 0.490234 1 0.494142 1 0.496092 1 0.5 1 0.50195 1 0.503907 1 0.505857 1 0.507814 1 0.507814 1 0.505857 1 0.505857 1 0.503907 1 0.503907 1 0.50195 1 0.50195 1 0.5 1 0.5 1 0.498049 1 0.498049 1 0.496092 1 0.496092 1 0.494142 1 0.494142 1 0.492185 1 0.492185 1 0.490234 1 0.490234 1 0.488283 1 0.488283 0.999998 0.486327 0.998049 0.486327 0.994142 0.484376 0.992185 0.484376 0.990235 0.482419 0.988278 0.482419 0.986329 0.476561 0.980473
1 0.167971 0.330076 0.162107 0.33594 0.160156 0.33594 0.158205 0.33789 0.160156 0.339847 0.160156 0.341796 0.164063 0.345703 0.164063 0.34766 0.169921 0.353516 0.169921 0.355466 0.173829 0.359373 0.173829 0.36133 0.175779 0.363279 0.181637 0.357423 0.183594 0.357423 0.185545 0.355466 0.183594 0.353516 0.183594 0.351559 0.179687 0.34766 0.179687 0.345703 0.173829 0.339847 0.173829 0.33789 0.169921 0.333983 0.169921 0.332033
9 0.925783 0.945312 0.921875 0.949219 0.919925 0.949219 0.916017 0.953125 0.91406 0.953125 0.910159 0.957032 0.908202 0.957032 0.906251 0.958982 0.908202 0.958982 0.912109 0.962888 0.916017 0.958982 0.917967 0.958982 0.921875 0.955075 0.923826 0.955075 0.927733 0.951168 0.92969 0.951168 0.92969 0.949219 0.931641 0.947269 0.931641 0.945312
1 0 0.31055 0 0.3125 0 0.3125 0 0.316406 0 0.316406 0 0.318356 0 0.318356 0 0.320313 0 0.322263 0 0.328126 0 0.330076 0 0.333983 0 0.33594 0 0.341796 0 0.343753 0 0.34766 0 0.349609 0 0.353516 0 0.355466 0 0.36133 0 0.363279 0 0.365236 0 0.363279 0 0.363279 0.00195 0.359373 0.003907 0.359373 0.005857 0.357423 0.007814 0.357423 0.005857 0.355466 0.005857 0.353516 0 0.34766 0 0.345703 0 0.341796 0 0.339847 0 0.333983 0 0.332033 0 0.328126 0 0.326169 0 0.322263 0 0.320313 0 0.314456 0 0.3125
9 0.851566 0.972659 0.849608 0.974608 0.847658 0.974608 0.845701 0.976566 0.84375 0.976566 0.8418 0.978515 0.837893 0.978515 0.835936 0.980473 0.833985 0.980473 0.832028 0.982422 0.830078 0.982422 0.833985 0.986329 0.833985 0.988278 0.835936 0.990235 0.839843 0.986329 0.8418 0.986329 0.845701 0.982422 0.847658 0.982422 0.851566 0.978515 0.853516 0.978515 0.853516 0.976566 0.855467 0.974608 0.855467 0.972659