0 0.363281 0.541017 0.359378 0.544921 0.359378 0.554691 0.371093 0.554691 0.373044 0.556639 0.384766 0.556639 0.386717 0.558595 0.388675 0.558595 0.392578 0.554691 0.392578 0.552736 0.390626 0.55078 0.390626 0.548825 0.388675 0.546876 0.382814 0.546876 0.380857 0.544921 0.373044 0.544921 0.371093 0.542965 0.365232 0.542965
0 0.857423 0.246092 0.851562 0.251951 0.851562 0.255862 0.855471 0.259766 0.874998 0.259766 0.876956 0.261722 0.878907 0.259766 0.880859 0.259766 0.88281 0.257811 0.884768 0.257811 0.884768 0.255862 0.88281 0.253907 0.88281 0.251951 0.878907 0.248048 0.859374 0.248048
0 0.703127 0.632809 0.699218 0.63672 0.699218 0.638669 0.697266 0.640624 0.697266 0.644528 0.695315 0.646483 0.695315 0.652343 0.693357 0.654298 0.693357 0.658202 0.691406 0.660157 0.691406 0.662113 0.695315 0.666017 0.697266 0.666017 0.699218 0.667972 0.703127 0.664061 0.703127 0.662113 0.705079 0.660157 0.705079 0.658202 0.707029 0.656246 0.707029 0.654298 0.708988 0.652343 0.708988 0.650387 0.710939 0.648439 0.710939 0.646483 0.71289 0.644528 0.71289 0.640624 0.710939 0.638669 0.710939 0.63672 0.708988 0.63672 0.707029 0.634765 0.705079 0.634765
0 0.66797 0.62695 0.66406 0.630861 0.662109 0.630861 0.660158 0.632809 0.660158 0.634765 0.658206 0.63672 0.658206 0.64258 0.656248 0.644528 0.656248 0.650387 0.654297 0.652343 0.654297 0.656246 0.656248 0.658202 0.656248 0.660157 0.660158 0.660157 0.662109 0.662113 0.666018 0.662113 0.66797 0.660157 0.671872 0.660157 0.671872 0.656246 0.673831 0.654298 0.673831 0.648439 0.675781 0.646483 0.675781 0.640624 0.677733 0.638669 0.677733 0.63672 0.675781 0.634765 0.675781 0.632809 0.673831 0.630861 0.673831 0.628906 0.669921 0.628906
0 0.638673 0.828127 0.636722 0.830075 0.634764 0.830075 0.634764 0.833986 0.632812 0.835935 0.632812 0.841794 0.630861 0.843749 0.630861 0.849609 0.62891 0.851564 0.62891 0.857423 0.630861 0.859372 0.630861 0.861327 0.632812 0.861327 0.634764 0.863283 0.636722 0.861327 0.640624 0.861327 0.640624 0.859372 0.642575 0.857423 0.642575 0.853513 0.644533 0.851564 0.644533 0.845705 0.646485 0.843749 0.646485 0.839846 0.648437 0.83789 0.648437 0.835935 0.646485 0.833986 0.646485 0.832031 0.644533 0.832031 0.640624 0.828127
0 0 0.486328 0 0.488284 0 0.488284 0 0.490232 0 0.490232 0 0.496091 0 0.498047 0 0.500002 0 0.500002 0 0.501951 0.015623 0.501951 0.017581 0.500002 0.019532 0.500002 0.019532 0.494143 0.017581 0.492188 0.017581 0.490232 0.015623 0.490232 0.013671 0.488284 0 0.488284
0 0.476565 0.625002 0.474607 0.62695 0.472656 0.62695 0.472656 0.628906 0.470705 0.630861 0.470705 0.63672 0.468753 0.638669 0.468753 0.644528 0.466795 0.646483 0.466795 0.648439 0.468753 0.650387 0.470705 0.650387 0.472656 0.652343 0.478517 0.652343 0.480468 0.650387 0.480468 0.646483 0.482419 0.644528 0.482419 0.634765 0.484377 0.632809 0.484377 0.628906 0.482419 0.62695 0.478517 0.62695
0 0.66797 0.726565 0.666018 0.728513 0.666018 0.730468 0.66406 0.732424 0.66406 0.734372 0.662109 0.736328 0.662109 0.742187 0.660158 0.744142 0.660158 0.748046 0.658206 0.750002 0.658206 0.75195 0.660158 0.753905 0.660158 0.755861 0.662109 0.755861 0.66406 0.757809 0.66797 0.757809 0.669921 0.759764 0.671872 0.757809 0.675781 0.757809 0.675781 0.753905 0.677733 0.75195 0.677733 0.746091 0.679684 0.744142 0.679684 0.738283 0.681642 0.736328 0.681642 0.734372 0.679684 0.732424 0.679684 0.730468 0.677733 0.728513 0.673831 0.728513 0.671872 0.726565
0 0.570309 0.921875 0.566407 0.925779 0.564456 0.925779 0.564456 0.931638 0.562497 0.933594 0.562497 0.943357 0.560546 0.945312 0.560546 0.949216 0.562497 0.951171 0.566407 0.951171 0.568358 0.953127 0.572268 0.953127 0.57617 0.949216 0.57617 0.945312 0.578128 0.943357 0.578128 0.933594 0.58008 0.931638 0.58008 0.923831 0.578128 0.923831 0.57617 0.921875
0 0.951174 0.677735 0.947264 0.681639 0.945313 0.681639 0.945313 0.683594 0.943361 0.68555 0.943361 0.691409 0.941403 0.693357 0.941403 0.697268 0.939452 0.699216 0.939452 0.705076 0.941403 0.707031 0.951174 0.707031 0.951174 0.705076 0.953125 0.703128 0.953125 0.701172 0.955076 0.699216 0.955076 0.695313 0.957034 0.693357 0.957034 0.691409 0.958985 0.689454 0.958985 0.681639 0.957034 0.679691 0.953125 0.679691
0 0.990233 0.189455 0.986331 0.193359 0.986331 0.207033 0.984373 0.208981 0.984373 0.222655 0.986331 0.224611 0.988282 0.224611 0.990233 0.226559 0.994143 0.226559 0.996094 0.224611 0.998045 0.224611 0.998045 0.210937 0.999997 0.208981 0.999997 0.195314 0.998045 0.193359 0.998045 0.191404 0.994143 0.191404 0.992185 0.189455
0 0.658206 0.757809 0.658206 0.759764 0.656248 0.76172 0.656248 0.763668 0.654297 0.765624 0.654297 0.769535 0.652346 0.771483 0.652346 0.775394 0.650387 0.777342 0.650387 0.781253 0.648437 0.783201 0.648437 0.787112 0.650387 0.789061 0.650387 0.791016 0.654297 0.791016 0.656248 0.792972 0.660158 0.792972 0.662109 0.791016 0.666018 0.791016 0.666018 0.787112 0.66797 0.785157 0.66797 0.779298 0.669921 0.777342 0.669921 0.771483 0.671872 0.769535 0.671872 0.767579 0.669921 0.765624 0.669921 0.763668 0.66797 0.76172 0.66797 0.759764 0.66406 0.759764 0.662109 0.757809
0 0.986331 0.873046 0.984373 0.875001 0.982422 0.875001 0.98047 0.876957 0.98047 0.878905 0.978519 0.88086 0.982422 0.884764 0.988282 0.884764 0.990233 0.88672 0.994143 0.88672 0.996094 0.888675 1 0.888675 1 0.890623 1 0.890623 1 0.888675 1 0.88672 1 0.88086 1 0.878905 1 0.876957 0.998045 0.876957 0.996094 0.875001 0.988282 0.875001
0 0.695315 0.953127 0.693357 0.955075 0.691406 0.955075 0.691406 0.960934 0.689454 0.96289 0.689454 0.972653 0.687503 0.974608 0.687503 0.978519 0.689454 0.980467 0.689454 0.982423 0.691406 0.982423 0.693357 0.984378 0.695315 0.982423 0.699218 0.982423 0.701169 0.980467 0.701169 0.976564 0.703127 0.974608 0.703127 0.964845 0.705079 0.96289 0.705079 0.957031 0.703127 0.955075 0.703127 0.953127
0 0.945313 0.089841 0.943361 0.091796 0.939452 0.091796 0.937501 0.093752 0.935549 0.093752 0.933591 0.0957 0.929689 0.0957 0.929689 0.103515 0.93164 0.10547 0.93164 0.115233 0.933591 0.113278 0.937501 0.113278 0.939452 0.11133 0.941403 0.11133 0.943361 0.109374 0.947264 0.109374 0.949215 0.107419 0.953125 0.107419 0.953125 0.103515 0.955076 0.101559 0.955076 0.097656 0.953125 0.0957 0.953125 0.091796 0.947264 0.091796
1 0.40039 0.328122 0.40039 0.330077 0.398438 0.332033 0.398438 0.335936 0.396487 0.337892 0.396487 0.341796 0.398438 0.343751 0.398438 0.345706 0.40039 0.345706 0.402341 0.347655 0.416013 0.347655 0.417972 0.34961 0.431638 0.34961 0.433596 0.351566 0.445311 0.351566 0.447268 0.353514 0.460934 0.353514 0.462893 0.35547 0.462893 0.351566 0.464844 0.34961 0.464844 0.341796 0.466795 0.339847 0.466795 0.335936 0.453123 0.335936 0.451171 0.333981 0.437499 0.333981 0.435547 0.332033 0.421875 0.332033 0.419923 0.330077 0.40625 0.330077 0.404299 0.328122
0 0.041017 0.494143 0.039066 0.496091 0.037107 0.496091 0.035156 0.498047 0.033205 0.498047 0.033205 0.503906 0.035156 0.505862 0.035156 0.50781 0.037107 0.50781 0.039066 0.509765 0.064453 0.509765 0.066404 0.511721 0.070313 0.50781 0.070313 0.501951 0.068362 0.500002 0.068362 0.498047 0.056641 0.498047 0.05469 0.496091 0.042968 0.496091
0 0.476565 0.228514 0.474607 0.23047 0.470705 0.23047 0.470705 0.232425 0.468753 0.234374 0.468753 0.242188 0.470705 0.242188 0.472656 0.244144 0.49805 0.244144 0.500001 0.246092 0.503904 0.242188 0.503904 0.236329 0.501953 0.234374 0.501953 0.232425 0.500001 0.23047 0.478517 0.23047
0 0.304688 0.201174 0.302736 0.203122 0.281251 0.203122 0.2793 0.205077 0.2793 0.207033 0.277342 0.208981 0.277342 0.216796 0.2793 0.218751 0.2793 0.2207 0.289063 0.2207 0.291015 0.222655 0.292966 0.2207 0.308597 0.2207 0.310548 0.218751 0.310548 0.214841 0.3125 0.212892 0.3125 0.208981 0.310548 0.207033 0.310548 0.205077 0.308597 0.203122 0.308597 0.201174
0 0.556643 0.865231 0.554685 0.867186 0.554685 0.869142 0.552734 0.871097 0.552734 0.876957 0.562497 0.876957 0.564456 0.878905 0.574218 0.878905 0.57617 0.88086 0.58008 0.88086 0.583982 0.876957 0.583982 0.871097 0.582031 0.869142 0.570309 0.869142 0.568358 0.867186 0.558595 0.867186
0 0.160155 0.158204 0.158204 0.160159 0.154294 0.160159 0.154294 0.167966 0.158204 0.171878 0.183591 0.171878 0.185549 0.169922 0.1875 0.169922 0.1875 0.164063 0.185549 0.162107 0.185549 0.160159 0.162107 0.160159
0 0.984373 0.855468 0.98047 0.859372 0.98047 0.863283 0.982422 0.865231 0.982422 0.867186 0.984373 0.867186 0.986331 0.869142 0.990233 0.869142 0.992185 0.871097 0.994143 0.871097 0.996094 0.873046 0.999997 0.873046 1 0.875001 1 0.875001 1 0.873046 1 0.865231 1 0.861327 0.998045 0.861327 0.996094 0.859372 0.990233 0.859372 0.988282 0.857423 0.986331 0.857423
0 1 0.806638 1 0.808594 0.999997 0.808594 0.999997 0.812498 0.998045 0.814453 0.998045 0.816409 0.999997 0.818357 0.999997 0.820312 1 0.820312 1 0.822268 1 0.822268 1 0.824216 1 0.822268 1 0.822268 1 0.814453 1 0.812498 1 0.810549 1 0.810549 1 0.808594 1 0.808594
0 0.314451 0.117189 0.310548 0.121093 0.308597 0.121093 0.308597 0.128907 0.310548 0.130863 0.310548 0.132811 0.322263 0.132811 0.324221 0.134767 0.335936 0.134767 0.337893 0.136722 0.339845 0.134767 0.341796 0.134767 0.341796 0.130863 0.343748 0.128907 0.343748 0.126952 0.341796 0.125004 0.341796 0.123048 0.333984 0.123048 0.332033 0.121093 0.326172 0.121093 0.324221 0.119137 0.316409 0.119137
0 0.13867 0.0957 0.134768 0.099611 0.134768 0.107419 0.136719 0.109374 0.136719 0.11133 0.164065 0.11133 0.166016 0.109374 0.167967 0.109374 0.167967 0.101559 0.166016 0.099611 0.166016 0.097656 0.140622 0.097656
0 0.718751 0.261722 0.7168 0.26367 0.714841 0.26367 0.714841 0.265625 0.71289 0.267581 0.71289 0.271485 0.7168 0.275388 0.728514 0.275388 0.730465 0.277344 0.742187 0.277344 0.744138 0.279299 0.748048 0.275388 0.749999 0.275388 0.749999 0.267581 0.746096 0.26367 0.720702 0.26367
0 0.695315 0.863283 0.695315 0.867186 0.693357 0.869142 0.693357 0.873046 0.691406 0.875001 0.691406 0.876957 0.693357 0.878905 0.693357 0.88086 0.695315 0.88086 0.699218 0.884764 0.703127 0.884764 0.707029 0.88086 0.707029 0.878905 0.708988 0.876957 0.708988 0.875001 0.708988 0.876957 0.703127 0.882816 0.701169 0.88086 0.697266 0.88086 0.695315 0.878905 0.695315 0.876957 0.693357 0.875001 0.693357 0.871097 0.695315 0.869142
0 0.714841 0.855468 0.714841 0.859372 0.71289 0.861327 0.71289 0.865231 0.710939 0.867186 0.710939 0.871097 0.710939 0.867186 0.71289 0.865231 0.71289 0.861327 0.714841 0.859372
0 0.421875 0.130863 0.419923 0.132811 0.394529 0.132811 0.390626 0.136722 0.390626 0.140626 0.392578 0.142581 0.392578 0.14453 0.398438 0.14453 0.40039 0.146485 0.421875 0.146485 0.423826 0.14453 0.423826 0.142581 0.425784 0.140626 0.425784 0.134767
0 0.619139 0.716794 0.617188 0.71875 0.607425 0.71875 0.605466 0.720705 0.593752 0.720705 0.591794 0.722654 0.591794 0.730468 0.593752 0.732424 0.593752 0.734372 0.623049 0.734372 0.625 0.732424 0.625 0.730468 0.626951 0.728513 0.626951 0.722654 0.625 0.720705 0.623049 0.720705
0 0.960937 0.933594 0.958985 0.935549 0.957034 0.935549 0.957034 0.937497 0.955076 0.939453 0.955076 0.945312 0.958985 0.945312 0.960937 0.947268 0.964846 0.947268 0.966797 0.949216 0.9707 0.949216 0.972658 0.951171 0.976561 0.951171 0.978519 0.949216 0.98047 0.949216 0.98047 0.945312 0.978519 0.943357 0.978519 0.941408 0.976561 0.941408 0.974609 0.939453 0.9707 0.939453 0.968749 0.937497 0.966797 0.937497 0.964846 0.935549 0.962888 0.935549
0 0.718751 0.171878 0.7168 0.173826 0.71289 0.173826 0.71289 0.175781 0.710939 0.177737 0.710939 0.183596 0.714841 0.1875 0.736327 0.1875 0.738285 0.189455 0.740236 0.1875 0.744138 0.1875 0.744138 0.185544 0.746096 0.183596 0.746096 0.181641 0.744138 0.179685 0.744138 0.177737 0.742187 0.175781 0.742187 0.173826 0.720702 0.173826
0 0.431638 0.638669 0.431638 0.640624 0.429686 0.64258 0.429686 0.644528 0.427735 0.646483 0.427735 0.652343 0.425784 0.654298 0.425784 0.660157 0.423826 0.662113 0.423826 0.664061 0.425784 0.666017 0.425784 0.667972 0.427735 0.667972 0.429686 0.66992 0.431638 0.667972 0.435547 0.667972 0.435547 0.666017 0.437499 0.664061 0.437499 0.658202 0.439456 0.656246 0.439456 0.650387 0.441408 0.648439 0.441408 0.646483 0.439456 0.644528 0.439456 0.64258 0.437499 0.64258 0.433596 0.638669
0 0.365232 0.980467 0.363281 0.982423 0.36133 0.982423 0.36133 0.984378 0.359378 0.986327 0.359378 0.988282 0.35742 0.990238 0.35742 0.992186 0.355469 0.994141 0.355469 0.998045 0.353518 1 0.353518 1 0.35156 1 0.35156 1 0.355469 1 0.35742 1 0.36133 1 0.36133 1 0.363281 1 0.363281 1 0.365232 1 0.365232 1 0.36719 1 0.36719 1 0.369142 0.998045 0.369142 0.996097 0.371093 0.994141 0.371093 0.992186 0.373044 0.990238 0.373044 0.984378 0.371093 0.982423 0.36719 0.982423
0 0.972658 0.904297 0.9707 0.906253 0.968749 0.906253 0.968749 0.908201 0.966797 0.910157 0.966797 0.91406 0.968749 0.916016 0.968749 0.917971 0.9707 0.917971 0.972658 0.919919 0.976561 0.919919 0.978519 0.921875 0.984373 0.921875 0.986331 0.923831 0.992185 0.923831 0.994143 0.921875 0.994143 0.919919 0.996094 0.917971 0.996094 0.916016 0.994143 0.91406 0.994143 0.912112 0.992185 0.912112 0.990233 0.910157 0.986331 0.910157 0.984373 0.908201 0.98047 0.908201 0.978519 0.906253 0.974609 0.906253
0 0.134768 0 0.134768 0 0.13867 0 0.140622 0.001952 0.154294 0.001952 0.154294 0
0 0.900392 0.455077 0.898441 0.457032 0.896482 0.457032 0.894532 0.458988 0.89258 0.458988 0.89258 0.460936 0.890622 0.462891 0.890622 0.468751 0.88867 0.470706 0.88867 0.476565 0.886719 0.478514 0.886719 0.480469 0.890622 0.484373 0.900392 0.484373 0.900392 0.482425 0.902343 0.480469 0.902343 0.47461 0.904294 0.472654 0.904294 0.468751 0.906253 0.466795 0.906253 0.458988 0.904294 0.458988
0 0.890622 0.486328 0.88867 0.488284 0.880859 0.488284 0.880859 0.492188 0.878907 0.494143 0.878907 0.503906 0.876956 0.505862 0.876956 0.509765 0.878907 0.511721 0.878907 0.513669 0.880859 0.515625 0.886719 0.515625 0.88867 0.513669 0.890622 0.513669 0.890622 0.511721 0.89258 0.509765 0.89258 0.505862 0.894532 0.503906 0.894532 0.500002 0.896482 0.498047 0.896482 0.494143 0.894532 0.492188 0.894532 0.490232
0 0.570309 0.796875 0.570309 0.798831 0.568358 0.800779 0.568358 0.802735 0.566407 0.80469 0.566407 0.806638 0.568358 0.808594 0.568358 0.810549 0.570309 0.812498 0.578128 0.812498 0.58008 0.814453 0.58594 0.814453 0.587891 0.816409 0.595704 0.816409 0.597655 0.818357 0.599606 0.816409 0.603516 0.816409 0.603516 0.814453 0.605466 0.812498 0.605466 0.806638 0.603516 0.80469 0.597655 0.80469 0.595704 0.802735 0.591794 0.802735 0.589843 0.800779 0.583982 0.800779 0.582031 0.798831 0.578128 0.798831 0.57617 0.796875
0 0.874998 0.541017 0.873046 0.542965 0.869144 0.542965 0.869144 0.55078 0.867186 0.552736 0.867186 0.56055 0.869144 0.562498 0.869144 0.564454 0.878907 0.564454 0.878907 0.562498 0.880859 0.56055 0.880859 0.556639 0.88281 0.554691 0.88281 0.55078 0.884768 0.548825 0.884768 0.546876 0.88281 0.544921 0.88281 0.542965 0.878907 0.542965 0.876956 0.541017
0 0.535159 0.152344 0.531249 0.156248 0.531249 0.162107 0.53711 0.167966 0.548831 0.167966 0.550783 0.169922 0.562497 0.169922 0.564456 0.171878 0.564456 0.169922 0.566407 0.167966 0.566407 0.166018 0.568358 0.164063 0.568358 0.158204 0.564456 0.1543 0.542971 0.1543 0.541013 0.152344
0 0.966797 0.917971 0.964846 0.919919 0.962888 0.919919 0.962888 0.921875 0.960937 0.923831 0.960937 0.925779 0.962888 0.927734 0.962888 0.931638 0.964846 0.931638 0.966797 0.933594 0.9707 0.933594 0.972658 0.935549 0.974609 0.935549 0.976561 0.937497 0.978519 0.937497 0.98047 0.939453 0.986331 0.939453 0.986331 0.937497 0.988282 0.935549 0.988282 0.931638 0.986331 0.92969 0.986331 0.927734 0.984373 0.925779 0.982422 0.925779 0.98047 0.923831 0.976561 0.923831 0.974609 0.921875 0.972658 0.921875 0.9707 0.919919 0.968749 0.919919
0 0.091798 0.503906 0.091798 0.505862 0.089847 0.50781 0.089847 0.513669 0.091798 0.513669 0.09375 0.515625 0.105471 0.515625 0.107422 0.51758 0.117186 0.51758 0.119144 0.519528 0.123046 0.515625 0.123046 0.509765 0.119144 0.505862 0.09961 0.505862 0.097659 0.503906
0 0.433596 0.1875 0.431638 0.189455 0.408202 0.189455 0.404299 0.193359 0.404299 0.197263 0.40625 0.199218 0.40625 0.201174 0.431638 0.201174 0.433596 0.203122 0.435547 0.201174 0.437499 0.201174 0.437499 0.191404
0 0.925779 0.750002 0.923828 0.75195 0.923828 0.753905 0.921876 0.755861 0.921876 0.757809 0.919919 0.759764 0.919919 0.765624 0.917967 0.767579 0.917967 0.773438 0.916016 0.775394 0.916016 0.779298 0.917967 0.781253 0.917967 0.783201 0.921876 0.783201 0.923828 0.785157 0.925779 0.783201 0.927738 0.783201 0.927738 0.781253 0.929689 0.779298 0.929689 0.777342 0.93164 0.775394 0.93164 0.771483 0.933591 0.769535 0.933591 0.767579 0.935549 0.765624 0.935549 0.763668 0.937501 0.76172 0.937501 0.753905 0.935549 0.753905 0.93164 0.750002
0 0.296875 0.568358 0.294924 0.570313 0.291015 0.570313 0.291015 0.580076 0.292966 0.580076 0.294924 0.582032 0.306639 0.582032 0.308597 0.583987 0.320312 0.583987 0.322263 0.585935 0.324221 0.583987 0.326172 0.583987 0.326172 0.582032 0.328123 0.580076 0.328123 0.578128 0.326172 0.576172 0.326172 0.574217 0.324221 0.572269 0.3125 0.572269 0.310548 0.570313 0.298827 0.570313
0 0.939452 0.708987 0.937501 0.710935 0.937501 0.714846 0.935549 0.716794 0.935549 0.724609 0.933591 0.726565 0.933591 0.732424 0.937501 0.732424 0.939452 0.734372 0.943361 0.734372 0.945313 0.732424 0.945313 0.728513 0.947264 0.726565 0.947264 0.720705 0.949215 0.71875 0.949215 0.712891 0.947264 0.710935 0.947264 0.708987
0 0.455081 0.224611 0.453123 0.226559 0.429686 0.226559 0.427735 0.228514 0.425784 0.228514 0.423826 0.23047 0.423826 0.234374 0.425784 0.236329 0.425784 0.238285 0.429686 0.238285 0.431638 0.240233 0.457032 0.240233 0.460934 0.236329 0.460934 0.232425 0.458983 0.23047 0.458983 0.228514
0 0.31836 0.207033 0.316409 0.208981 0.314451 0.208981 0.314451 0.218751 0.316409 0.218751 0.31836 0.2207 0.341796 0.2207 0.343748 0.218751 0.345706 0.218751 0.345706 0.210937 0.343748 0.208981 0.343748 0.207033
0 0.787108 0.285159 0.785156 0.287107 0.785156 0.289062 0.783205 0.291018 0.783205 0.300781 0.810544 0.300781 0.812502 0.298825 0.812502 0.296877 0.814453 0.294922 0.814453 0.292966 0.816404 0.291018 0.814453 0.289062 0.814453 0.287107 0.812502 0.285159
0 0.140622 0.007811 0.13867 0.009767 0.136719 0.009767 0.136719 0.017582 0.13867 0.01953 0.154294 0.01953 0.154294 0.007811
0 0.814453 0.189455 0.810544 0.193359 0.810544 0.199218 0.812502 0.199218 0.814453 0.201174 0.832028 0.201174 0.833986 0.203122 0.835938 0.201174 0.837889 0.201174 0.837889 0.199218 0.83984 0.197263 0.837889 0.195314 0.837889 0.193359 0.835938 0.191404 0.835938 0.189455
0 0.708988 0.740231 0.707029 0.742187 0.701169 0.742187 0.701169 0.746091 0.699218 0.748046 0.699218 0.753905 0.697266 0.755861 0.697266 0.76172 0.695315 0.763668 0.695315 0.771483 0.701169 0.771483 0.703127 0.773438 0.707029 0.769535 0.707029 0.767579 0.708988 0.765624 0.708988 0.76172 0.710939 0.759764 0.710939 0.757809 0.71289 0.755861 0.71289 0.75195 0.714841 0.750002 0.714841 0.748046 0.71289 0.746091 0.71289 0.744142
0 0.660158 0.833986 0.656248 0.83789 0.654297 0.83789 0.654297 0.839846 0.652346 0.841794 0.652346 0.843749 0.650387 0.845705 0.650387 0.847653 0.648437 0.849609 0.648437 0.853513 0.646485 0.855468 0.648437 0.855468 0.652346 0.859372 0.654297 0.859372 0.656248 0.861327 0.658206 0.859372 0.660158 0.859372 0.660158 0.857423 0.662109 0.855468 0.662109 0.851564 0.66406 0.849609 0.66406 0.847653 0.666018 0.845705 0.666018 0.83789 0.66406 0.83789
0 0 0.71875 0 0.722654 0 0.726565 0 0.728513 0 0.736328 0 0.738283 0 0.746091 0 0.748046 0 0.750002 0 0.750002 0 0.748046 0 0.748046 0 0.746091 0 0.744142 0 0.738283 0.00195 0.736328 0.00195 0.730468 0.003908 0.728513 0.003908 0.722654 0.00195 0.720705 0 0.720705 0 0.71875
0 0.912107 0.250003 0.910155 0.251951 0.908204 0.251951 0.908204 0.253907 0.906253 0.255862 0.906253 0.257811 0.908204 0.259766 0.908204 0.261722 0.910155 0.26367 0.921876 0.26367 0.923828 0.265625 0.935549 0.265625 0.937501 0.267581 0.941403 0.26367 0.941403 0.255862 0.939452 0.255862 0.937501 0.253907 0.925779 0.253907 0.923828 0.251951 0.914065 0.251951
0 0.761721 0.68555 0.761721 0.687498 0.759762 0.689454 0.759762 0.695313 0.763671 0.699216 0.769533 0.699216 0.771484 0.701172 0.779296 0.701172 0.781247 0.703128 0.787108 0.703128 0.789066 0.705076 0.791017 0.703128 0.792969 0.703128 0.796878 0.699216 0.796878 0.697268 0.794919 0.695313 0.794919 0.693357 0.792969 0.691409 0.792969 0.689454 0.781247 0.689454 0.779296 0.687498 0.767581 0.687498 0.765623 0.68555
0 0.613279 0.671876 0.611328 0.673831 0.609376 0.673831 0.609376 0.679691 0.607425 0.681639 0.607425 0.683594 0.609376 0.68555 0.609376 0.687498 0.619139 0.687498 0.621091 0.689454 0.630861 0.689454 0.632812 0.691409 0.636722 0.691409 0.640624 0.687498 0.640624 0.683594 0.636722 0.679691 0.632812 0.679691 0.630861 0.677735 0.626951 0.677735 0.625 0.67578 0.621091 0.67578 0.619139 0.673831 0.615237 0.673831
0 0.281251 0.166018 0.281251 0.171878 0.2793 0.173826 0.2793 0.179685 0.291015 0.179685 0.292966 0.181641 0.302736 0.181641 0.304688 0.183596 0.308597 0.179685 0.308597 0.173826 0.306639 0.171878 0.306639 0.169922 0.304688 0.167966 0.283203 0.167966
0 0.566407 0.816409 0.564456 0.818357 0.564456 0.824216 0.566407 0.826172 0.566407 0.828127 0.568358 0.830075 0.578128 0.830075 0.58008 0.832031 0.587891 0.832031 0.589843 0.833986 0.593752 0.833986 0.593752 0.832031 0.595704 0.830075 0.595704 0.824216 0.593752 0.822268 0.593752 0.820312 0.583982 0.820312 0.582031 0.818357 0.572268 0.818357 0.570309 0.816409
0 0.964846 0.359373 0.962888 0.361329 0.958985 0.361329 0.958985 0.365232 0.957034 0.367188 0.957034 0.375003 0.955076 0.376951 0.955076 0.38281 0.953125 0.384766 0.953125 0.388669 0.955076 0.390625 0.955076 0.39258 0.957034 0.39258 0.958985 0.394529 0.966797 0.394529 0.966797 0.39258 0.968749 0.390625 0.968749 0.386721 0.9707 0.384766 0.9707 0.378906 0.972658 0.376951 0.972658 0.373047 0.974609 0.371092 0.974609 0.363284 0.972658 0.361329 0.968749 0.361329 0.966797 0.359373
0 0.460934 0.582032 0.457032 0.585935 0.457032 0.591795 0.458983 0.591795 0.460934 0.59375 0.480468 0.59375 0.482419 0.595706 0.484377 0.59375 0.484377 0.587891 0.482419 0.587891 0.480468 0.585935 0.472656 0.585935 0.470705 0.583987 0.462893 0.583987
0 0.089847 0.142581 0.089847 0.14453 0.087889 0.146485 0.087889 0.1543 0.089847 0.156248 0.113283 0.156248 0.115234 0.158204 0.117186 0.156248 0.119144 0.156248 0.119144 0.14844 0.117186 0.146485 0.117186 0.14453 0.095701 0.14453 0.09375 0.142581
0 0.583982 0.75195 0.583982 0.753905 0.582031 0.755861 0.582031 0.757809 0.58008 0.759764 0.58008 0.763668 0.582031 0.765624 0.582031 0.767579 0.593752 0.767579 0.595704 0.769535 0.607425 0.769535 0.609376 0.771483 0.611328 0.769535 0.613279 0.769535 0.613279 0.767579 0.615237 0.765624 0.615237 0.757809 0.605466 0.757809 0.603516 0.755861 0.597655 0.755861 0.595704 0.753905 0.589843 0.753905 0.587891 0.75195
0 0.998045 0.841794 0.996094 0.843749 0.992185 0.843749 0.992185 0.845705 0.990233 0.847653 0.990233 0.849609 0.992185 0.851564 0.992185 0.853513 0.998045 0.853513 0.999997 0.855468 1 0.855468 1 0.857423 1 0.857423 1 0.859372 1 0.855468 1 0.853513 1 0.851564 1 0.849609 1 0.847653 1 0.845705 1 0.845705 1 0.843749 0.999997 0.843749
0 0.402341 0.548825 0.402341 0.55078 0.40039 0.552736 0.40039 0.558595 0.402341 0.56055 0.408202 0.56055 0.410153 0.562498 0.414062 0.562498 0.416013 0.564454 0.421875 0.564454 0.423826 0.56641 0.425784 0.564454 0.427735 0.564454 0.427735 0.562498 0.429686 0.56055 0.429686 0.558595 0.427735 0.556639 0.427735 0.554691 0.421875 0.554691 0.419923 0.552736 0.416013 0.552736 0.414062 0.55078 0.408202 0.55078 0.40625 0.548825
0 0.986331 0.599609 0.986331 0.603513 0.984373 0.605469 0.984373 0.609372 0.982422 0.611328 0.982422 0.615232 0.98047 0.617187 0.98047 0.621091 0.978519 0.623047 0.978519 0.62695 0.98047 0.628906 0.98047 0.630861 0.982422 0.630861 0.986331 0.634765 0.992185 0.634765 0.992185 0.632809 0.994143 0.630861 0.994143 0.628906 0.996094 0.62695 0.996094 0.623047 0.998045 0.621091 0.998045 0.619143 0.999997 0.617187 0.999997 0.613284 1 0.611328 1 0.605469 0.996094 0.599609
0 0.345706 0.167966 0.343748 0.169922 0.341796 0.169922 0.341796 0.171878 0.339845 0.173826 0.339845 0.179685 0.345706 0.185544 0.365232 0.185544 0.36719 0.1875 0.371093 0.183596 0.371093 0.175781 0.369142 0.173826 0.369142 0.171878 0.36719 0.171878 0.365232 0.169922 0.347657 0.169922
0 0.9707 0.119137 0.968749 0.121093 0.964846 0.121093 0.964846 0.123048 0.962888 0.125004 0.962888 0.134767 0.964846 0.136722 0.964846 0.14453 0.966797 0.146485 0.968749 0.146485 0.9707 0.14844 0.974609 0.14844 0.974609 0.146485 0.976561 0.14453 0.976561 0.123048 0.974609 0.121093 0.972658 0.121093
0 0.128907 0.947268 0.126956 0.949216 0.124998 0.949216 0.124998 0.953127 0.123046 0.955075 0.123046 0.960934 0.121095 0.96289 0.121095 0.964845 0.123046 0.966793 0.123046 0.968749 0.124998 0.968749 0.126956 0.970705 0.128907 0.968749 0.13281 0.968749 0.13281 0.964845 0.134768 0.96289 0.134768 0.957031 0.136719 0.955075 0.136719 0.951171 0.134768 0.951171 0.130858 0.947268
0 0.681642 0.255862 0.679684 0.257811 0.677733 0.257811 0.677733 0.259766 0.675781 0.261722 0.675781 0.26367 0.679684 0.267581 0.679684 0.269529 0.699218 0.269529 0.701169 0.271485 0.707029 0.271485 0.707029 0.269529 0.708988 0.267581 0.708988 0.26367 0.705079 0.259766 0.695315 0.259766 0.693357 0.257811 0.683594 0.257811
0 0.853513 0.197263 0.847659 0.203122 0.847659 0.210937 0.849611 0.210937 0.851562 0.212892 0.873046 0.212892 0.874998 0.214841 0.874998 0.212892 0.876956 0.210937 0.876956 0.203122 0.874998 0.201174 0.874998 0.199218 0.871095 0.199218 0.869144 0.197263
0 0.962888 0.146485 0.960937 0.14844 0.957034 0.14844 0.957034 0.150389 0.955076 0.152344 0.955076 0.179685 0.957034 0.179685 0.958985 0.181641 0.964846 0.181641 0.968749 0.177737 0.968749 0.150389 0.964846 0.146485
0 0.984373 0.285159 0.982422 0.287107 0.978519 0.287107 0.978519 0.289062 0.976561 0.291018 0.976561 0.296877 0.974609 0.298825 0.974609 0.308596 0.972658 0.310544 0.972658 0.314455 0.976561 0.318359 0.982422 0.318359 0.986331 0.314455 0.988282 0.314455 0.988282 0.308596 0.990233 0.30664 0.990233 0.296877 0.992185 0.294922 0.992185 0.291018 0.988282 0.287107 0.986331 0.287107
0 0.626951 0.162107 0.626951 0.164063 0.625 0.166018 0.625 0.173826 0.62891 0.177737 0.652346 0.177737 0.656248 0.173826 0.656248 0.167966 0.654297 0.166018 0.654297 0.164063 0.652346 0.164063 0.650387 0.162107
0 0.753908 0.699216 0.749999 0.703128 0.749999 0.712891 0.75195 0.714846 0.75195 0.716794 0.763671 0.716794 0.765623 0.71875 0.777344 0.71875 0.779296 0.720705 0.781247 0.720705 0.781247 0.71875 0.783205 0.716794 0.783205 0.710935 0.781247 0.708987 0.781247 0.707031 0.775393 0.707031 0.773435 0.705076 0.769533 0.705076 0.767581 0.703128 0.761721 0.703128 0.759762 0.701172 0.75586 0.701172
0 0.136719 0.906253 0.136719 0.908201 0.134768 0.910157 0.134768 0.912112 0.13281 0.91406 0.13281 0.919919 0.130858 0.921875 0.130858 0.925779 0.128907 0.927734 0.128907 0.931638 0.130858 0.933594 0.130858 0.935549 0.136719 0.935549 0.13867 0.937497 0.140622 0.935549 0.14258 0.935549 0.14258 0.931638 0.144531 0.92969 0.144531 0.923831 0.146482 0.921875 0.146482 0.916016 0.14844 0.91406 0.14844 0.912112 0.146482 0.910157 0.146482 0.908201 0.144531 0.908201 0.14258 0.906253
0 0.738285 0.640624 0.736327 0.64258 0.730465 0.64258 0.730465 0.644528 0.728514 0.646483 0.728514 0.652343 0.726563 0.654298 0.726563 0.660157 0.724612 0.662113 0.724612 0.66992 0.726563 0.671876 0.730465 0.671876 0.732423 0.673831 0.734375 0.671876 0.738285 0.671876 0.738285 0.667972 0.740236 0.666017 0.740236 0.660157 0.742187 0.658202 0.742187 0.652343 0.744138 0.650387 0.744138 0.646483 0.742187 0.644528 0.742187 0.64258 0.740236 0.64258
0 0.998045 0.121093 0.996094 0.123048 0.994143 0.123048 0.992185 0.125004 0.992185 0.152344 0.994143 0.152344 0.996094 0.1543 0.999997 0.1543 1 0.152344 1 0.152344 1 0.150389 1 0.140626 1 0.13867 1 0.126952 1 0.125004 1 0.123048 0.999997 0.123048
1 0.414062 0.300781 0.412111 0.302736 0.410153 0.302736 0.408202 0.304685 0.408202 0.312499 0.40625 0.314455 0.40625 0.316403 0.408202 0.318359 0.421875 0.318359 0.423826 0.320314 0.437499 0.320314 0.439456 0.322262 0.453123 0.322262 0.455081 0.324218 0.468753 0.324218 0.470705 0.326173 0.470705 0.316403 0.472656 0.314455 0.472656 0.30664 0.455081 0.30664 0.453123 0.304685 0.435547 0.304685 0.433596 0.302736 0.416013 0.302736
0 0.701169 0.849609 0.701169 0.851564 0.699218 0.853513 0.699218 0.859372 0.697266 0.861327 0.697266 0.869142 0.695315 0.871097 0.695315 0.875001 0.697266 0.876957 0.697266 0.878905 0.701169 0.878905 0.703127 0.88086 0.707029 0.876957 0.707029 0.875001 0.708988 0.873046 0.708988 0.867186 0.710939 0.865231 0.710939 0.861327 0.71289 0.859372 0.71289 0.853513 0.710939 0.851564 0.707029 0.851564 0.705079 0.849609
0 0.574218 0.156248 0.574218 0.158204 0.572268 0.160159 0.572268 0.162107 0.570309 0.164063 0.572268 0.166018 0.572268 0.167966 0.574218 0.169922 0.597655 0.169922 0.599606 0.171878 0.601564 0.169922 0.603516 0.169922 0.603516 0.162107 0.601564 0.160159 0.601564 0.158204 0.57617 0.158204
0 0.246094 0.56055 0.244143 0.562498 0.242185 0.562498 0.242185 0.570313 0.244143 0.572269 0.244143 0.574217 0.257815 0.574217 0.259767 0.576172 0.273439 0.576172 0.275391 0.578128 0.2793 0.574217 0.2793 0.572269 0.281251 0.570313 0.281251 0.568358 0.2793 0.56641 0.2793 0.564454 0.277342 0.564454 0.275391 0.562498 0.248045 0.562498
0 0.591794 0.734372 0.589843 0.736328 0.587891 0.736328 0.587891 0.738283 0.58594 0.740231 0.58594 0.744142 0.589843 0.748046 0.595704 0.748046 0.597655 0.750002 0.603516 0.750002 0.605466 0.75195 0.611328 0.75195 0.613279 0.753905 0.617188 0.750002 0.619139 0.750002 0.619139 0.748046 0.621091 0.746091 0.621091 0.744142 0.619139 0.742187 0.619139 0.740231 0.615237 0.740231 0.613279 0.738283 0.603516 0.738283 0.601564 0.736328 0.593752 0.736328
0 0.972658 0.888675 0.972658 0.892579 0.9707 0.894534 0.9707 0.898438 0.972658 0.900394 0.972658 0.902342 0.978519 0.902342 0.98047 0.904297 0.984373 0.904297 0.986331 0.906253 0.992185 0.906253 0.994143 0.908201 0.998045 0.908201 0.999997 0.906253 1 0.906253 1 0.898438 0.998045 0.894534 0.992185 0.894534 0.990233 0.892579 0.986331 0.892579 0.984373 0.890623 0.978519 0.890623 0.976561 0.888675
0 0.300778 0.101559 0.298827 0.103515 0.294924 0.103515 0.292966 0.10547 0.292966 0.107419 0.291015 0.109374 0.291015 0.11133 0.289063 0.113278 0.289063 0.115233 0.287112 0.117189 0.287112 0.123048 0.289063 0.125004 0.289063 0.126952 0.292966 0.126952 0.294924 0.128907 0.296875 0.126952 0.298827 0.126952 0.300778 0.125004 0.300778 0.123048 0.306639 0.117189 0.306639 0.115233 0.310548 0.11133 0.310548 0.109374 0.308597 0.107419 0.308597 0.10547 0.306639 0.10547 0.302736 0.101559
0 0.878907 0.51758 0.874998 0.521484 0.874998 0.525388 0.873046 0.527343 0.873046 0.533202 0.871095 0.535158 0.871095 0.539062 0.876956 0.539062 0.878907 0.541017 0.880859 0.541017 0.88281 0.539062 0.886719 0.539062 0.886719 0.531247 0.88867 0.529299 0.88867 0.521484 0.886719 0.519528 0.886719 0.51758
0 0.644533 0.251951 0.640624 0.255862 0.640624 0.26367 0.642575 0.265625 0.642575 0.267581 0.654297 0.267581 0.656248 0.269529 0.666018 0.269529 0.66797 0.271485 0.673831 0.271485 0.673831 0.269529 0.675781 0.267581 0.675781 0.265625 0.673831 0.26367 0.673831 0.261722 0.675781 0.259766 0.675781 0.257811 0.673831 0.255862 0.660158 0.255862 0.658206 0.253907 0.646485 0.253907
0 0.398438 0.779298 0.394529 0.783201 0.392578 0.783201 0.392578 0.785157 0.390626 0.787112 0.390626 0.792972 0.388675 0.79492 0.388675 0.800779 0.386717 0.802735 0.386717 0.808594 0.384766 0.810549 0.384766 0.812498 0.386717 0.812498 0.388675 0.814453 0.390626 0.814453 0.392578 0.816409 0.398438 0.816409 0.398438 0.814453 0.40039 0.812498 0.40039 0.810549 0.402341 0.808594 0.402341 0.80469 0.404299 0.802735 0.404299 0.796875 0.40625 0.79492 0.40625 0.791016 0.408202 0.789061 0.408202 0.787112 0.40625 0.785157 0.40625 0.783201 0.402341 0.779298