0 0.437502 0.171875 0.435547 0.173829 0.435547 0.191409 0.439451 0.191409 0.44336 0.187501 0.44336 0.181639 0.441406 0.179685 0.441406 0.173829 0.439451 0.171875
0 0.142577 0.046876 0.138674 0.050779 0.138674 0.052733 0.136719 0.054687 0.136719 0.062502 0.134764 0.064451 0.134764 0.072267 0.138674 0.072267 0.140623 0.074221 0.144532 0.074221 0.146487 0.072267 0.146487 0.062502 0.148436 0.060549 0.148436 0.052733
0 0 0.134766 0 0.13672 0 0.140623 0 0.142577 0.003905 0.142577 0.00586 0.140623 0.007815 0.140623 0.007815 0.138674 0.00586 0.13672 0.00586 0.134766
8 0.962893 0.099611 0.960939 0.10156 0.958984 0.10156 0.957029 0.103514 0.953126 0.103514 0.951171 0.105468 0.949216 0.105468 0.947267 0.107422 0.943358 0.107422 0.941404 0.109376 0.941404 0.111329 0.935545 0.117186 0.935545 0.11914 0.931642 0.123048 0.931642 0.125002 0.929687 0.126956 0.929687 0.128904 0.927732 0.130858 0.927732 0.132812 0.925783 0.134766 0.925783 0.13672 0.927732 0.138674 0.927732 0.142577 0.929687 0.144531 0.929687 0.150392 0.931642 0.152346 0.931642 0.154295 0.951171 0.173829 0.958984 0.173829 0.960939 0.175783 0.966797 0.175783 0.968751 0.177737 0.980468 0.177737 0.982423 0.175783 0.984377 0.175783 0.986326 0.173829 0.988281 0.173829 0.990236 0.171875 0.99219 0.171875 0.994139 0.169921 0.996094 0.169921 0.999998 0.166013 0.999998 0.164064 1 0.158203 1 0.142577 1 0.140623 1 0.123048 1 0.121094 1 0.11914 1 0.117186 1 0.115232 1 0.113283 1 0.111329 0.999998 0.111329 0.996094 0.107422 0.994139 0.107422 0.990236 0.103514 0.988281 0.103514 0.986326 0.10156 0.964842 0.10156
0 0.015627 0.117186 0.013673 0.11914 0.013673 0.125002 0.015627 0.126956 0.027344 0.126956 0.029299 0.128904 0.031248 0.126956 0.037111 0.126956 0.035157 0.125002 0.035157 0.123048 0.033202 0.121094 0.029299 0.121094 0.027344 0.11914 0.02344 0.11914 0.021486 0.117186
0 0.501954 0.169921 0.501954 0.173829 0.5 0.175783 0.5 0.177737 0.511716 0.177737 0.513671 0.175783 0.513671 0.171875 0.511716 0.169921
0 0.962893 0.074221 0.962893 0.076169 0.960939 0.078123 0.960939 0.091796 0.966797 0.091796 0.966797 0.083985 0.968751 0.082031 0.968751 0.076169 0.966797 0.074221
8 0.759763 0.218748 0.751951 0.226564 0.751951 0.228518 0.742188 0.238282 0.742188 0.240236 0.740234 0.24219 0.740234 0.244138 0.738279 0.246092 0.738279 0.25 0.73633 0.251954 0.73633 0.261718 0.734376 0.263672 0.734376 0.269529 0.73633 0.271483 0.73633 0.273437 0.738279 0.275391 0.738279 0.277344 0.740234 0.279298 0.740234 0.281252 0.742188 0.283201 0.742188 0.285155 0.750001 0.292971 0.750001 0.294919 0.757814 0.302735 0.791015 0.302735 0.792969 0.300781 0.794924 0.300781 0.796873 0.298827 0.798828 0.298827 0.800782 0.296873 0.802737 0.296873 0.810544 0.289063 0.812499 0.289063 0.818357 0.283201 0.818357 0.281252 0.820312 0.279298 0.820312 0.277344 0.822266 0.275391 0.822266 0.273437 0.824221 0.271483 0.824221 0.253908 0.822266 0.251954 0.822266 0.246092 0.820312 0.244138 0.820312 0.238282 0.818357 0.236328 0.818357 0.23242 0.816408 0.230466 0.816408 0.228518 0.812499 0.22461 0.810544 0.22461 0.804686 0.218748
8 0.859376 0.105468 0.857422 0.107422 0.845705 0.107422 0.837892 0.115232 0.837892 0.117186 0.835938 0.11914 0.835938 0.125002 0.833983 0.126956 0.833983 0.132812 0.832029 0.134766 0.832029 0.142577 0.830079 0.144531 0.830079 0.158203 0.832029 0.160156 0.832029 0.167967 0.841796 0.177737 0.841796 0.179685 0.851563 0.189455 0.859376 0.189455 0.861326 0.191409 0.867189 0.191409 0.869138 0.193357 0.880861 0.193357 0.882815 0.191409 0.886719 0.191409 0.888673 0.189455 0.894532 0.189455 0.898435 0.185547 0.90039 0.185547 0.908203 0.177737 0.910158 0.177737 0.912112 0.175783 0.912112 0.173829 0.914061 0.171875 0.914061 0.167967 0.916016 0.166013 0.916016 0.164064 0.91797 0.16211 0.91797 0.138674 0.916016 0.13672 0.916016 0.132812 0.914061 0.130858 0.914061 0.128904 0.912112 0.126956 0.912112 0.125002 0.910158 0.123048 0.910158 0.121094 0.908203 0.11914 0.906248 0.11914 0.90039 0.113283 0.898435 0.113283 0.894532 0.109376 0.892577 0.109376 0.890622 0.107422 0.876951 0.107422 0.875002 0.105468
0 0.832029 0 0.828125 0 0.828125 0 0.830079 0.001952 0.830079 0.003906 0.832029 0.003906 0.833983 0.001952 0.835938 0.001952 0.835938 0 0.837892 0 0.837892 0 0.833983 0
0 0.996094 0.042969 0.996094 0.052733 1 0.052733 1 0.050779 1 0.050779 1 0.044922 0.998048 0.044922
0 0.482419 0.169921 0.48047 0.171875 0.478516 0.171875 0.478516 0.185547 0.48047 0.185547 0.484374 0.189455 0.486328 0.187501 0.488283 0.187501 0.488283 0.179685 0.486328 0.177737 0.486328 0.171875 0.484374 0.169921
0 0.412109 0.933594 0.412109 0.935548 0.410154 0.937502 0.410154 0.955077 0.412109 0.957031 0.414063 0.957031 0.416018 0.955077 0.416018 0.945312 0.417967 0.943359 0.417967 0.935548 0.416018 0.933594
0 0.435547 0.841797 0.433593 0.843751 0.431638 0.843751 0.429689 0.845704 0.429689 0.849607 0.433593 0.853515 0.455077 0.853515 0.458986 0.849607 0.458986 0.843751 0.457031 0.843751 0.455077 0.841797
0 0.69922 0.015624 0.695311 0.019532 0.697266 0.021486 0.697266 0.02344 0.69922 0.025389 0.69922 0.027342 0.71875 0.027342 0.71875 0.025389 0.720704 0.02344 0.720704 0.021486 0.71875 0.019532 0.71875 0.017578 0.716795 0.015624
0 0.041015 0.105468 0.041015 0.109376 0.039061 0.111329 0.039061 0.115232 0.050783 0.115232 0.052732 0.117186 0.054686 0.115232 0.058596 0.115232 0.058596 0.113283 0.056641 0.111329 0.056641 0.109376 0.052732 0.105468
0 0.666014 0.01367 0.664065 0.015624 0.66211 0.015624 0.660156 0.017578 0.658201 0.017578 0.658201 0.021486 0.66211 0.025389 0.66211 0.027342 0.664065 0.029296 0.666014 0.027342 0.687498 0.027342 0.689453 0.025389 0.689453 0.02344 0.691407 0.021486 0.691407 0.019532 0.689453 0.017578 0.689453 0.015624 0.667969 0.015624
0 0.468748 0.166013 0.466799 0.167967 0.464844 0.167967 0.464844 0.173829 0.466799 0.175783 0.466799 0.185547 0.472657 0.185547 0.474612 0.183593 0.474612 0.177737 0.472657 0.175783 0.472657 0.167967 0.470703 0.166013
0 0.40625 0 0.404296 0 0.394534 0 0.390625 0.001952 0.390625 0.00586 0.392579 0.007814 0.396483 0.007814 0.398437 0.00586 0.408205 0.00586 0.412109 0.001952 0.412109 0 0.410154 0 0.410154 0
0 0.458986 0.166013 0.455077 0.169921 0.455077 0.185547 0.457031 0.185547 0.458986 0.187501 0.460935 0.187501 0.46289 0.185547 0.464844 0.185547 0.464844 0.179685 0.46289 0.177737 0.46289 0.169921
0 0.999998 0.072267 0.999998 0.091796 1 0.091796 1 0.089842 1 0.087893 1 0.085939 1 0.074221 1 0.072267
0 0.419921 0.173829 0.417967 0.175783 0.417967 0.177737 0.416018 0.179685 0.416018 0.191409 0.421876 0.191409 0.421876 0.183593 0.423831 0.181639 0.423831 0.175783 0.421876 0.173829
0 0.890622 0.078123 0.890622 0.085939 0.888673 0.087893 0.888673 0.091796 0.892577 0.095703 0.896486 0.095703 0.896486 0.087893 0.898435 0.085939 0.898435 0.082031 0.894532 0.078123
0 0.880861 0.076169 0.878906 0.078123 0.878906 0.091796 0.880861 0.09375 0.882815 0.09375 0.882815 0.089842 0.884764 0.087893 0.884764 0.076169
0 0.429689 0.173829 0.42578 0.177737 0.42578 0.189455 0.427734 0.191409 0.427734 0.193357 0.431638 0.193357 0.431638 0.183593 0.433593 0.181639 0.433593 0.173829
0 0.414063 0.152346 0.412109 0.154295 0.410154 0.154295 0.408205 0.156249 0.40625 0.156249 0.404296 0.158203 0.402341 0.158203 0.402341 0.166013 0.404296 0.167967 0.40625 0.166013 0.414063 0.166013 0.416018 0.164064 0.417967 0.164064 0.421876 0.160156 0.421876 0.156249 0.419921 0.154295 0.416018 0.154295
0 0.777344 0.408205 0.775389 0.410159 0.771485 0.410159 0.767576 0.414061 0.769531 0.416015 0.769531 0.417969 0.794924 0.417969 0.796873 0.416015 0.798828 0.416015 0.798828 0.410159 0.796873 0.408205
0 0.5 0.140623 0.498045 0.142577 0.494141 0.142577 0.496096 0.144531 0.496096 0.146484 0.498045 0.148438 0.515625 0.148438 0.515625 0.142577 0.501954 0.142577
0 0.785157 0.015624 0.785157 0.025389 0.806641 0.025389 0.808595 0.027342 0.808595 0.025389 0.810544 0.02344 0.810544 0.021486 0.808595 0.019532 0.808595 0.017578 0.806641 0.017578 0.804686 0.015624
0 0.121093 0.058595 0.121093 0.062502 0.119139 0.064451 0.119139 0.072267 0.11719 0.074221 0.11719 0.078123 0.119139 0.080077 0.119139 0.082031 0.121093 0.083985 0.123048 0.082031 0.125002 0.082031 0.125002 0.080077 0.126951 0.078123 0.126951 0.070313 0.128906 0.068359 0.128906 0.062502 0.126951 0.060549 0.126951 0.058595
0 0.97461 0.076169 0.972655 0.078123 0.972655 0.082031 0.97461 0.083985 0.97461 0.089842 0.976564 0.091796 0.978514 0.091796 0.980468 0.089842 0.980468 0.078123 0.978514 0.076169
8 0.873048 0.210938 0.871093 0.212891 0.861326 0.212891 0.859376 0.214845 0.855467 0.214845 0.853518 0.216799 0.847654 0.216799 0.847654 0.218748 0.845705 0.220702 0.845705 0.222656 0.843751 0.22461 0.843751 0.226564 0.841796 0.228518 0.841796 0.230466 0.835938 0.236328 0.835938 0.238282 0.833983 0.240236 0.833983 0.24219 0.832029 0.244138 0.832029 0.248046 0.830079 0.25 0.830079 0.251954 0.828125 0.253908 0.828125 0.277344 0.830079 0.279298 0.830079 0.281252 0.832029 0.283201 0.832029 0.285155 0.833983 0.287109 0.833983 0.289063 0.835938 0.291017 0.835938 0.292971 0.837892 0.292971 0.839841 0.294919 0.841796 0.294919 0.845705 0.298827 0.847654 0.298827 0.849609 0.300781 0.851563 0.300781 0.853518 0.302735 0.890622 0.302735 0.894532 0.298827 0.894532 0.296873 0.902345 0.289063 0.902345 0.287109 0.908203 0.281252 0.908203 0.279298 0.912112 0.275391 0.912112 0.240236 0.910158 0.238282 0.910158 0.236328 0.908203 0.234374 0.908203 0.23242 0.906248 0.230466 0.906248 0.228518 0.904299 0.226564 0.902345 0.226564 0.894532 0.218748 0.892577 0.218748 0.886719 0.212891 0.875002 0.212891
8 0.783202 0.109376 0.781247 0.111329 0.753905 0.111329 0.751951 0.113283 0.748047 0.113283 0.746092 0.115232 0.742188 0.115232 0.742188 0.11914 0.740234 0.121094 0.740234 0.128904 0.738279 0.130858 0.738279 0.166013 0.740234 0.167967 0.740234 0.175783 0.746092 0.181639 0.746092 0.183593 0.750001 0.187501 0.753905 0.187501 0.75586 0.189455 0.759763 0.189455 0.761718 0.191409 0.765627 0.191409 0.767576 0.193357 0.796873 0.193357 0.798828 0.191409 0.800782 0.191409 0.802737 0.189455 0.804686 0.189455 0.806641 0.187501 0.808595 0.187501 0.820312 0.175783 0.820312 0.173829 0.824221 0.169921 0.824221 0.167967 0.82617 0.166013 0.82617 0.16211 0.828125 0.160156 0.828125 0.140623 0.82617 0.138674 0.82617 0.132812 0.820312 0.126956 0.818357 0.126956 0.808595 0.117186 0.804686 0.117186 0.802737 0.115232 0.796873 0.115232 0.794924 0.113283 0.791015 0.113283 0.78906 0.111329 0.785157 0.111329
0 0.5 0.181639 0.498045 0.183593 0.496096 0.183593 0.496096 0.189455 0.511716 0.189455 0.511716 0.187501 0.513671 0.185547 0.513671 0.183593 0.511716 0.181639
0 0.5 0.150392 0.498045 0.152346 0.492187 0.152346 0.492187 0.156249 0.496096 0.160156 0.509767 0.160156 0.511716 0.16211 0.513671 0.160156 0.513671 0.152346 0.501954 0.152346
0 0.902345 0.076169 0.902345 0.078123 0.90039 0.080077 0.90039 0.095703 0.906248 0.095703 0.906248 0.087893 0.908203 0.085939 0.908203 0.076169
0 0.939455 0.070313 0.9375 0.072267 0.9375 0.089842 0.939455 0.089842 0.941404 0.091796 0.943358 0.091796 0.943358 0.089842 0.945313 0.087893 0.945313 0.074221 0.943358 0.072267 0.943358 0.070313
0 0.611329 0.001952 0.609375 0.003906 0.609375 0.00586 0.60742 0.007814 0.611329 0.011716 0.611329 0.01367 0.613284 0.015624 0.636717 0.015624 0.640626 0.011716 0.640626 0.007814 0.636717 0.003906 0.619142 0.003906 0.617188 0.001952
0 0.445315 0.166013 0.445315 0.167967 0.44336 0.169921 0.44336 0.175783 0.445315 0.177737 0.445315 0.183593 0.447264 0.185547 0.447264 0.187501 0.449218 0.189455 0.453128 0.189455 0.453128 0.169921 0.451173 0.167967 0.451173 0.166013
0 0.916016 0.076169 0.916016 0.078123 0.914061 0.080077 0.914061 0.09375 0.916016 0.09375 0.91797 0.095703 0.921874 0.095703 0.921874 0.087893 0.923829 0.085939 0.923829 0.080077 0.919919 0.076169
0 0.099609 0.070313 0.099609 0.072267 0.095705 0.076169 0.095705 0.09375 0.099609 0.09375 0.099609 0.091796 0.101564 0.089842 0.103518 0.089842 0.103518 0.082031 0.105467 0.080077 0.105467 0.072267 0.103518 0.070313
0 0.929687 0.074221 0.925783 0.078123 0.925783 0.089842 0.927732 0.091796 0.927732 0.09375 0.931642 0.09375 0.931642 0.091796 0.933596 0.089842 0.933596 0.076169 0.931642 0.076169
0 0.951171 0.074221 0.949216 0.076169 0.949216 0.089842 0.951171 0.091796 0.953126 0.091796 0.95508 0.089842 0.95508 0.083985 0.957029 0.082031 0.957029 0.076169 0.95508 0.074221
0 0.728517 0.015624 0.728517 0.021486 0.726563 0.02344 0.726563 0.027342 0.746092 0.027342 0.750001 0.02344 0.750001 0.017578 0.748047 0.017578 0.746092 0.015624
0 0.511716 0.115232 0.509767 0.117186 0.505858 0.117186 0.503909 0.11914 0.5 0.11914 0.496096 0.123048 0.5 0.126956 0.501954 0.125002 0.515625 0.125002 0.515625 0.117186 0.513671 0.117186
0 0.488283 0.884767 0.486328 0.886721 0.484374 0.886721 0.482419 0.88867 0.48047 0.88867 0.482419 0.890624 0.482419 0.892578 0.484374 0.894532 0.5 0.894532 0.503909 0.890624 0.503909 0.886721 0.490232 0.886721
0 0.925783 0.037107 0.923829 0.039061 0.921874 0.039061 0.921874 0.044922 0.925783 0.044922 0.927732 0.046876 0.939455 0.046876 0.941404 0.044922 0.945313 0.044922 0.945313 0.042969 0.947267 0.041015 0.947267 0.039061 0.945313 0.039061 0.943358 0.037107
0 0.753905 0.01367 0.753905 0.02344 0.771485 0.02344 0.77344 0.021486 0.77344 0.019532 0.771485 0.017578 0.771485 0.01367