0 0.279296 0.027344 0.277342 0.029297 0.275392 0.029297 0.271485 0.033202 0.269531 0.033202 0.269531 0.037108 0.271485 0.039061 0.271485 0.044924 0.273439 0.042971 0.275392 0.042971 0.277342 0.041013 0.28125 0.041013 0.28125 0.035155 0.279296 0.033202
0 0.021484 0.982421 0.021484 0.990236 0.023437 0.992189 0.023437 0.999999 0.035156 0.999999 0.035156 0.992189 0.033202 0.990236 0.033202 0.982421
0 0.121095 0.404295 0.119141 0.406248 0.11328 0.406248 0.11328 0.408205 0.115234 0.410158 0.115234 0.414063 0.117187 0.416016 0.117187 0.417969 0.119141 0.416016 0.123049 0.416016 0.123049 0.412111 0.121095 0.410158
0 0.402345 0.029297 0.402345 0.03125 0.400391 0.033202 0.400391 0.035155 0.398437 0.037108 0.400391 0.039061 0.400391 0.041013 0.408202 0.033202 0.406248 0.033202
0 0.287111 0.046876 0.283204 0.050781 0.28125 0.050781 0.283204 0.052734 0.283204 0.054687 0.285157 0.056639 0.285157 0.058592 0.287111 0.060545 0.287111 0.062498 0.289061 0.060545 0.292968 0.060545 0.292968 0.058592 0.291015 0.056639 0.291015 0.054687 0.289061 0.052734 0.289061 0.050781 0.287111 0.048829
0 0.394529 0.023439 0.394529 0.025392 0.39258 0.027344 0.39258 0.03125 0.390626 0.033202 0.390626 0.035155 0.39258 0.035155 0.396483 0.039061 0.396483 0.037108 0.398437 0.035155 0.398437 0.033202 0.400391 0.03125 0.400391 0.027344 0.398437 0.027344
0 0.437501 0.050781 0.435547 0.052734 0.435547 0.054687 0.43164 0.058592 0.437501 0.064455 0.437501 0.062498 0.439455 0.060545 0.439455 0.058592 0.441404 0.056639 0.441404 0.054687 0.443358 0.052734 0.439455 0.052734
0 0.416017 0.076171 0.414063 0.078124 0.41211 0.078124 0.416017 0.082029 0.416017 0.083982 0.417967 0.085939 0.419921 0.083982 0.423828 0.083982
0 0.185546 0.978515 0.183592 0.980468 0.179689 0.980468 0.179689 0.984373 0.181643 0.986326 0.181643 0.992189 0.183592 0.990236 0.185546 0.990236
0 0.314452 0.048829 0.310549 0.052734 0.312498 0.054687 0.312498 0.056639 0.314452 0.058592 0.314452 0.060545 0.31836 0.056639 0.316406 0.054687 0.316406 0.052734 0.314452 0.050781
0 0.279296 0.015623 0.28125 0.017576 0.28125 0.019529 0.283204 0.021487 0.283204 0.023439 0.285157 0.025392 0.287111 0.025392 0.289061 0.023439 0.285157 0.019529 0.285157 0.017576 0.283204 0.015623
0 0.386718 0.021487 0.386718 0.027344 0.384765 0.029297 0.384765 0.033202 0.388672 0.033202 0.390626 0.03125 0.390626 0.027344 0.39258 0.025392 0.39258 0.023439 0.388672 0.023439
0 0.160155 0.222656 0.158205 0.224609 0.15039 0.224609 0.15039 0.230467 0.152344 0.23242 0.152344 0.23633 0.156251 0.23633 0.158205 0.234373 0.160155 0.234373 0.162109 0.23242 0.164062 0.23242 0.164062 0.230467 0.162109 0.228514 0.162109 0.226562 0.160155 0.224609
0 0.66406 0.126951 0.662111 0.128908 0.660157 0.128908 0.658203 0.130861 0.656249 0.130861 0.656249 0.132814 0.654296 0.134766 0.654296 0.136719 0.656249 0.138672 0.656249 0.140624 0.66406 0.140624 0.666014 0.138672 0.666014 0.136719 0.669922 0.132814 0.669922 0.130861 0.667968 0.128908 0.667968 0.126951
0 0.103515 0.957031 0.103515 0.968752 0.105469 0.966799 0.107422 0.966799 0.107422 0.957031
0 0.292968 0.025392 0.291015 0.027344 0.285157 0.027344 0.285157 0.029297 0.287111 0.03125 0.287111 0.035155 0.289061 0.037108 0.289061 0.039061 0.292968 0.035155 0.294922 0.035155 0.294922 0.03125 0.292968 0.029297
0 0.328125 0.044924 0.326171 0.046876 0.324217 0.046876 0.328125 0.050781 0.328125 0.052734 0.332032 0.056639 0.335936 0.052734
0 0.162109 0.957031 0.162109 0.968752 0.16797 0.968752 0.169924 0.970704 0.169924 0.957031
0 0.285157 0.152345 0.28125 0.156251 0.279296 0.156251 0.279296 0.160156 0.28125 0.162109 0.28125 0.167967 0.289061 0.167967 0.289061 0.166014 0.287111 0.164061 0.287111 0.158203 0.285157 0.156251
0 0.289061 0.097656 0.287111 0.099608 0.283204 0.099608 0.283204 0.101561 0.285157 0.103513 0.285157 0.107424 0.291015 0.107424 0.291015 0.103513 0.289061 0.101561
0 0.308595 0.001955 0.306641 0.003907 0.304687 0.003907 0.306641 0.00586 0.306641 0.007813 0.308595 0.009765 0.308595 0.011718 0.310549 0.013671 0.314452 0.013671 0.314452 0.011718 0.312498 0.009765 0.312498 0.007813 0.310549 0.00586 0.310549 0.003907
0 0.947264 0.970704 0.94336 0.97461 0.945314 0.976562 0.945314 0.978515 0.951172 0.984373 0.951172 0.986326 0.955079 0.990236 0.955079 0.992189 0.957033 0.994141 0.958983 0.992189 0.958983 0.990236 0.96289 0.986326
0 0.359373 0.025392 0.357424 0.027344 0.35547 0.027344 0.353516 0.029297 0.349608 0.029297 0.35547 0.035155 0.357424 0.033202 0.359373 0.035155 0.361327 0.033202 0.363281 0.033202 0.361327 0.03125 0.361327 0.029297 0.359373 0.027344
0 0.578126 0.11914 0.576172 0.121093 0.572264 0.121093 0.572264 0.123045 0.574218 0.124998 0.574218 0.126951 0.576172 0.128908 0.578126 0.128908 0.58008 0.130861 0.582029 0.128908 0.582029 0.123045
0 0.30078 0.322268 0.30078 0.32422 0.302733 0.326173 0.302733 0.328126 0.304687 0.330078 0.304687 0.332031 0.316406 0.332031 0.314452 0.330078 0.314452 0.328126 0.312498 0.326173 0.310549 0.326173 0.306641 0.322268
0 0.292968 0.021487 0.292968 0.023439 0.294922 0.025392 0.294922 0.027344 0.296876 0.029297 0.296876 0.03125 0.29883 0.033202 0.29883 0.035155 0.302733 0.03125 0.302733 0.029297 0.30078 0.027344 0.30078 0.025392 0.29883 0.023439 0.29883 0.021487
0 0.33789 0.068361 0.33789 0.070313 0.339843 0.072266 0.339843 0.076171 0.343751 0.076171 0.343751 0.072266 0.341797 0.070313 0.341797 0.068361
0 0.20703 0.234373 0.20508 0.23633 0.203126 0.23633 0.201172 0.238283 0.199219 0.238283 0.197265 0.240236 0.193361 0.240236 0.191407 0.242188 0.189454 0.242188 0.189454 0.246094 0.191407 0.248046 0.191407 0.253904 0.193361 0.251951 0.195311 0.251951 0.197265 0.249999 0.199219 0.249999 0.203126 0.246094 0.20508 0.246094 0.20703 0.244141 0.208983 0.244141 0.208983 0.240236 0.20703 0.238283
0 0.291015 0.304689 0.287111 0.308594 0.287111 0.314452 0.289061 0.316405 0.289061 0.318357 0.292968 0.322268 0.296876 0.322268 0.296876 0.32031 0.29883 0.318357 0.29883 0.316405 0.296876 0.314452 0.296876 0.312499 0.292968 0.308594 0.292968 0.306641
0 0.267577 0.019529 0.267577 0.021487 0.269531 0.023439 0.269531 0.029297 0.271485 0.03125 0.273439 0.029297 0.273439 0.025392 0.271485 0.023439 0.271485 0.021487 0.269531 0.019529
0 0.173827 0.26172 0.171873 0.263673 0.169924 0.263673 0.16797 0.265625 0.166016 0.265625 0.164062 0.267578 0.162109 0.267578 0.160155 0.269531 0.158205 0.269531 0.158205 0.273436 0.160155 0.275388 0.160155 0.279299 0.162109 0.277341 0.166016 0.277341 0.16797 0.275388 0.169924 0.275388 0.171873 0.273436 0.175781 0.273436 0.175781 0.269531 0.173827 0.267578
0 0.271485 0.273436 0.271485 0.277341 0.269531 0.279299 0.269531 0.281252 0.271485 0.281252 0.273439 0.283204 0.277342 0.283204 0.277342 0.279299 0.279296 0.277341 0.279296 0.273436
0 0.015626 0.621091 0.015626 0.63086 0.01953 0.63086 0.01953 0.621091
0 0.169924 0.242188 0.16797 0.244141 0.166016 0.244141 0.164062 0.246094 0.162109 0.246094 0.160155 0.248046 0.158205 0.248046 0.156251 0.249999 0.154297 0.249999 0.154297 0.251951 0.156251 0.253904 0.156251 0.255857 0.158205 0.257814 0.160155 0.255857 0.162109 0.255857 0.164062 0.253904 0.16797 0.253904 0.171873 0.249999 0.173827 0.249999 0.171873 0.248046 0.171873 0.246094 0.169924 0.244141
0 0 0.623049 0 0.634765 0.003908 0.634765 0.003908 0.625002 0.001954 0.625002
0 0.115234 0.980468 0.11328 0.982421 0.107422 0.982421 0.107422 0.998047 0.115234 0.998047
0 0.29883 0.09375 0.29883 0.103513 0.30078 0.101561 0.304687 0.101561 0.304687 0.099608 0.302733 0.097656 0.302733 0.09375
0 0.31836 0.072266 0.31836 0.078124 0.320314 0.080076 0.320314 0.085939 0.324217 0.082029 0.324217 0.076171 0.322267 0.074219 0.322267 0.072266
0 0.343751 0 0.343751 0 0.341797 0.000002 0.341797 0.001955 0.339843 0.003907 0.339843 0.00586 0.341797 0.00586 0.343751 0.007813 0.345705 0.007813 0.347655 0.009765 0.347655 0.003907 0.349608 0.001955 0.349608 0 0.345705 0
0 0.136717 0.957031 0.136717 0.968752 0.142579 0.968752 0.142579 0.957031
0 0.623047 0.195314 0.623047 0.201172 0.625001 0.203125 0.625001 0.205077 0.626955 0.205077 0.628904 0.20703 0.632812 0.203125 0.630858 0.201172 0.630858 0.199219 0.628904 0.197267 0.625001 0.197267
0 0.41211 0.035155 0.408202 0.039061 0.408202 0.041013 0.404299 0.044924 0.41211 0.044924 0.414063 0.046876 0.416017 0.044924 0.416017 0.042971 0.417967 0.041013
0 0.347655 0.060545 0.343751 0.064455 0.341797 0.064455 0.341797 0.066408 0.343751 0.068361 0.343751 0.070313 0.345705 0.072266 0.345705 0.074219 0.347655 0.072266 0.351562 0.072266 0.351562 0.070313 0.349608 0.068361 0.349608 0.064455 0.347655 0.062498
0 0.15039 0.957031 0.15039 0.960936 0.152344 0.962889 0.152344 0.966799 0.158205 0.966799 0.160155 0.968752 0.160155 0.957031
0 0.296876 0.09375 0.294922 0.095703 0.291015 0.095703 0.291015 0.099608 0.292968 0.101561 0.292968 0.105466 0.294922 0.103513 0.296876 0.103513
0 0.080077 0.957031 0.080077 0.968752 0.083985 0.968752 0.083985 0.957031
0 0.203126 0.224609 0.201172 0.226562 0.199219 0.226562 0.197265 0.228514 0.195311 0.228514 0.193361 0.230467 0.191407 0.230467 0.189454 0.23242 0.1875 0.23242 0.1875 0.234373 0.189454 0.23633 0.189454 0.240236 0.191407 0.238283 0.193361 0.238283 0.195311 0.23633 0.197265 0.23633 0.199219 0.234373 0.203126 0.234373 0.20508 0.23242 0.20703 0.23242 0.20508 0.230467 0.20508 0.228514 0.203126 0.226562
0 0.310549 0.015623 0.308595 0.017576 0.304687 0.017576 0.306641 0.019529 0.306641 0.021487 0.308595 0.023439 0.308595 0.025392 0.310549 0.027344 0.310549 0.029297 0.312498 0.027344 0.314452 0.027344 0.316406 0.025392 0.31836 0.025392 0.314452 0.021487 0.314452 0.019529
0 0.242186 0.955078 0.242186 0.960936 0.24414 0.962889 0.24414 0.966799 0.246094 0.968752 0.246094 0.955078
0 0.126952 0.402342 0.124999 0.404295 0.123049 0.404295 0.123049 0.408205 0.124999 0.410158 0.124999 0.416016 0.126952 0.414063 0.13086 0.414063 0.13086 0.412111 0.128906 0.410158 0.128906 0.406248 0.126952 0.404295
0 0.101561 0.408205 0.101561 0.410158 0.103515 0.412111 0.103515 0.417969 0.105469 0.419921 0.105469 0.423826 0.107422 0.421874 0.109376 0.421874 0.11133 0.419921 0.11328 0.419921 0.11328 0.417969 0.11133 0.417969 0.109376 0.416016 0.109376 0.414063 0.107422 0.412111 0.107422 0.410158 0.105469 0.408205
0 0.30078 0.042971 0.29883 0.044924 0.302733 0.048829 0.302733 0.050781 0.304687 0.052734 0.306641 0.050781 0.310549 0.050781 0.308595 0.048829 0.306641 0.048829
0 0.22461 0.166014 0.222656 0.167967 0.220702 0.167967 0.218748 0.169919 0.216799 0.169919 0.214845 0.171877 0.210937 0.171877 0.208983 0.17383 0.20703 0.17383 0.20508 0.175782 0.203126 0.175782 0.203126 0.177735 0.20508 0.179688 0.20508 0.18164 0.20703 0.183593 0.20703 0.185546 0.208983 0.183593 0.210937 0.183593 0.212891 0.18164 0.214845 0.18164 0.216799 0.179688 0.218748 0.179688 0.220702 0.177735 0.222656 0.177735 0.22461 0.175782 0.226564 0.175782 0.226564 0.171877 0.22461 0.169919
0 0.617186 0.179688 0.617186 0.183593 0.615236 0.185546 0.615236 0.193362 0.617186 0.195314 0.617186 0.197267 0.619139 0.195314 0.619139 0.193362 0.621093 0.191404 0.621093 0.189451 0.623047 0.187498 0.623047 0.179688
0 0.703124 0.109377 0.695313 0.117187 0.695313 0.11914 0.699221 0.11914 0.701171 0.121093 0.703124 0.11914 0.705078 0.11914 0.705078 0.117187 0.707032 0.115235 0.707032 0.113282
0 0.345705 0.027344 0.343751 0.029297 0.33789 0.029297 0.339843 0.03125 0.339843 0.033202 0.341797 0.035155 0.341797 0.037108 0.343751 0.039061 0.345705 0.037108 0.349608 0.037108 0.349608 0.035155 0.347655 0.033202 0.347655 0.03125 0.345705 0.029297
0 0.066405 0.402342 0.064455 0.404295 0.062501 0.404295 0.062501 0.406248 0.064455 0.408205 0.064455 0.414063 0.066405 0.416016 0.066405 0.417969 0.068359 0.416016 0.07422 0.416016 0.072266 0.414063 0.072266 0.412111 0.070312 0.410158 0.070312 0.408205 0.068359 0.406248 0.068359 0.404295
0 0.210937 0.953125 0.208983 0.955078 0.20508 0.955078 0.20508 0.968752 0.210937 0.968752
0 0.035156 0.404295 0.033202 0.406248 0.031249 0.406248 0.029299 0.408205 0.025391 0.408205 0.023437 0.410158 0.021484 0.410158 0.023437 0.412111 0.023437 0.414063 0.025391 0.416016 0.025391 0.417969 0.029299 0.414063 0.031249 0.414063 0.035156 0.410158 0.03711 0.410158 0.03711 0.408205 0.035156 0.406248
0 0.291015 0.128908 0.289061 0.130861 0.287111 0.130861 0.289061 0.132814 0.289061 0.134766 0.291015 0.136719 0.291015 0.138672 0.292968 0.140624 0.294922 0.138672 0.29883 0.138672 0.294922 0.134766 0.294922 0.132814
0 0.248047 0.199219 0.246094 0.201172 0.24414 0.201172 0.242186 0.203125 0.238282 0.203125 0.238282 0.205077 0.240236 0.20703 0.240236 0.208983 0.242186 0.210936 0.242186 0.214846 0.24414 0.216799 0.248047 0.216799 0.250001 0.214846 0.251955 0.214846 0.253905 0.212888 0.251955 0.210936 0.251955 0.208983 0.250001 0.20703 0.250001 0.203125 0.248047 0.201172
0 0.191407 0.18164 0.189454 0.183593 0.179689 0.183593 0.175781 0.187498 0.173827 0.187498 0.173827 0.189451 0.175781 0.191404 0.175781 0.195314 0.177735 0.193362 0.183592 0.193362 0.185546 0.191404 0.1875 0.191404 0.189454 0.189451 0.193361 0.189451 0.193361 0.187498 0.191407 0.185546
0 0.214845 0.625002 0.214845 0.636718 0.216799 0.634765 0.220702 0.634765 0.220702 0.625002
0 0.236329 0.953125 0.236329 0.958983 0.234375 0.960936 0.234375 0.966799 0.240236 0.966799 0.242186 0.968752 0.242186 0.962889 0.240236 0.960936 0.240236 0.953125
0 0.267577 0 0.265623 0.000002 0.255858 0.000002 0.255858 0.001955 0.257812 0.003907 0.257812 0.00586 0.259766 0.007813 0.259766 0.009765 0.26172 0.011718 0.26172 0.013671 0.265623 0.009765 0.267577 0.009765 0.269531 0.007813 0.269531 0.003907 0.267577 0.001955
0 0.320314 0.013671 0.31836 0.015623 0.314452 0.015623 0.316406 0.017576 0.316406 0.019529 0.31836 0.021487 0.31836 0.023439 0.320314 0.025392 0.324217 0.021487 0.324217 0.019529 0.322267 0.017576 0.322267 0.015623
0 0.339843 0.041013 0.335936 0.044924 0.333986 0.044924 0.33789 0.048829 0.33789 0.050781 0.339843 0.052734 0.341797 0.050781 0.347655 0.050781 0.345705 0.050781 0.343751 0.048829 0.343751 0.046876 0.341797 0.044924 0.341797 0.042971
0 0.302733 0.113282 0.30078 0.115235 0.294922 0.115235 0.29883 0.11914 0.29883 0.121093 0.302733 0.124998 0.306641 0.121093 0.308595 0.123045 0.306641 0.121093 0.306641 0.11914 0.304687 0.117187 0.304687 0.115235
0 0.376953 0.011718 0.373046 0.015623 0.373046 0.017576 0.369142 0.021487 0.371092 0.021487 0.375 0.025392 0.376953 0.023439 0.376953 0.021487 0.378907 0.019529 0.378907 0.017576 0.380861 0.015623
0 0.417967 0.074219 0.421875 0.078124 0.421875 0.080076 0.425782 0.083982 0.429686 0.080076 0.43164 0.080076 0.429686 0.080076 0.425782 0.076171 0.423828 0.076171 0.421875 0.074219
0 0.220702 0.20703 0.218748 0.208983 0.216799 0.208983 0.214845 0.210936 0.212891 0.210936 0.210937 0.212888 0.20703 0.212888 0.20508 0.214846 0.203126 0.214846 0.20508 0.216799 0.20508 0.218751 0.20703 0.220704 0.208983 0.220704 0.210937 0.218751 0.212891 0.218751 0.214845 0.216799 0.216799 0.216799 0.218748 0.214846 0.220702 0.214846 0.222656 0.212888 0.22461 0.212888 0.222656 0.210936 0.222656 0.208983
0 0.574218 0.189451 0.568361 0.195314 0.566407 0.195314 0.560546 0.201172 0.560546 0.20703 0.564453 0.20703 0.566407 0.208983 0.570311 0.205077 0.572264 0.205077 0.574218 0.203125 0.574218 0.199219 0.576172 0.197267 0.576172 0.193362 0.574218 0.191404
0 0.148436 0.152345 0.146486 0.154298 0.144532 0.154298 0.144532 0.158203 0.142579 0.160156 0.142579 0.164061 0.144532 0.166014 0.144532 0.167967 0.146486 0.169919 0.146486 0.171877 0.148436 0.17383 0.148436 0.175782 0.156251 0.175782 0.156251 0.17383 0.154297 0.171877 0.154297 0.166014 0.152344 0.164061 0.152344 0.160156 0.15039 0.158203 0.15039 0.156251 0.148436 0.154298
0 0.195311 0.953125 0.195311 0.968752 0.203126 0.968752 0.203126 0.953125
0 0.31836 0.000002 0.316406 0.001955 0.310549 0.001955 0.312498 0.003907 0.312498 0.00586 0.314452 0.007813 0.314452 0.009765 0.316406 0.011718 0.316406 0.013671 0.31836 0.011718 0.322267 0.011718 0.322267 0.009765 0.320314 0.007813 0.320314 0.003907 0.31836 0.001955
0 0.007811 0.621091 0.007811 0.63086 0.013673 0.63086 0.013673 0.621091
0 0.083985 0.416016 0.083985 0.417969 0.085939 0.419921 0.085939 0.425779 0.087893 0.427732 0.087893 0.429689 0.089842 0.427732 0.095704 0.427732 0.095704 0.425779 0.09375 0.423826 0.09375 0.419921 0.091796 0.417969 0.091796 0.416016
0 0.310549 0.039061 0.308595 0.041013 0.302733 0.041013 0.310549 0.048829 0.312498 0.046876 0.316406 0.046876 0.312498 0.042971 0.312498 0.041013
0 0.091796 0.957031 0.091796 0.966799 0.095704 0.966799 0.095704 0.958983 0.09375 0.958983
0 0.326171 0.03125 0.322267 0.035155 0.320314 0.035155 0.322267 0.037108 0.322267 0.039061 0.324217 0.041013 0.324217 0.042971 0.326171 0.044924 0.328125 0.042971 0.332032 0.042971 0.330078 0.041013 0.330078 0.039061 0.328125 0.037108 0.328125 0.035155 0.326171 0.033202
0 0.289061 0.085939 0.287111 0.087892 0.28125 0.087892 0.28125 0.099608 0.285157 0.095703 0.287111 0.095703 0.287111 0.091798 0.289061 0.089845
0 0.20703 0.359373 0.20508 0.361326 0.203126 0.361326 0.201172 0.363279 0.197265 0.363279 0.197265 0.365237 0.195311 0.367189 0.195311 0.371094 0.197265 0.373047 0.197265 0.376952 0.199219 0.375 0.203126 0.375 0.20508 0.373047 0.20508 0.371094 0.208983 0.367189 0.208983 0.365237 0.210937 0.363279
0 0.064455 0.396484 0.066405 0.398437 0.066405 0.400389 0.070312 0.404295 0.070312 0.406248 0.072266 0.408205 0.07422 0.406248 0.076174 0.406248 0.076174 0.404295 0.07422 0.402342 0.07422 0.400389 0.072266 0.398437 0.072266 0.396484
0 0.859376 0.824219 0.857422 0.826172 0.853514 0.826172 0.855468 0.828124 0.855468 0.830077 0.857422 0.83203 0.857422 0.833983 0.859376 0.835935 0.859376 0.837893 0.861329 0.839845 0.865233 0.835935 0.863283 0.833983 0.863283 0.83203 0.861329 0.830077 0.861329 0.828124 0.859376 0.826172
0 0.294922 0.009765 0.292968 0.011718 0.291015 0.011718 0.292968 0.013671 0.292968 0.015623 0.294922 0.017576 0.294922 0.019529 0.29883 0.019529 0.30078 0.017576 0.302733 0.017576 0.30078 0.015623 0.30078 0.013671 0.29883 0.011718 0.29883 0.009765
0 0.080077 0.390626 0.078124 0.392579 0.076174 0.392579 0.07422 0.394531 0.072266 0.394531 0.07422 0.396484 0.07422 0.398437 0.076174 0.400389 0.076174 0.402342 0.078124 0.404295 0.078124 0.406248 0.080077 0.408205 0.083985 0.404295 0.083985 0.398437 0.082031 0.396484 0.082031 0.394531 0.080077 0.392579
0 0.382811 0.015623 0.380861 0.017576 0.380861 0.019529 0.378907 0.021487 0.378907 0.023439 0.376953 0.025392 0.380861 0.029297 0.382811 0.027344 0.382811 0.025392 0.384765 0.023439 0.384765 0.021487 0.386718 0.019529
0 0.089842 0.982421 0.089842 0.988283 0.087893 0.990236 0.087893 0.996094 0.097658 0.996094 0.097658 0.990236 0.095704 0.988283 0.095704 0.982421
0 0.212891 0.953125 0.212891 0.968752 0.218748 0.968752 0.218748 0.953125
0 0.601563 0.126951 0.601563 0.130861 0.599609 0.132814 0.599609 0.134766 0.601563 0.136719 0.605467 0.136719 0.607421 0.138672 0.613282 0.138672 0.613282 0.130861 0.609374 0.126951
0 0.253905 0.214846 0.251955 0.216799 0.250001 0.216799 0.248047 0.218751 0.24414 0.218751 0.24414 0.220704 0.246094 0.222656 0.246094 0.228514 0.248047 0.230467 0.248047 0.23242 0.250001 0.230467 0.255858 0.230467 0.255858 0.226562 0.257812 0.224609 0.255858 0.222656 0.255858 0.218751 0.253905 0.216799
0 0.11133 0.404295 0.109376 0.406248 0.107422 0.406248 0.107422 0.408205 0.109376 0.410158 0.109376 0.412111 0.11133 0.414063 0.11133 0.416016 0.115234 0.416016 0.11328 0.414063 0.11328 0.410158 0.11133 0.408205
0 0.789063 0.607423 0.789063 0.617186 0.791017 0.619139 0.791017 0.621091 0.792971 0.621091 0.79492 0.623049 0.79492 0.619139 0.796874 0.617186 0.796874 0.613281 0.79492 0.611328 0.79492 0.607423
0 0.550781 0.097656 0.550781 0.099608 0.548827 0.101561 0.548827 0.103513 0.550781 0.103513 0.554688 0.107424 0.558592 0.107424 0.560546 0.109377 0.560546 0.101561 0.556642 0.097656
0 0.787109 0.064455 0.785155 0.066408 0.781252 0.066408 0.781252 0.068361 0.779298 0.070313 0.779298 0.072266 0.791017 0.072266 0.79492 0.068361 0.792971 0.066408 0.792971 0.064455
0 0.210937 0.199219 0.208983 0.201172 0.20703 0.201172 0.20508 0.203125 0.201172 0.203125 0.199219 0.205077 0.197265 0.205077 0.199219 0.20703 0.199219 0.208983 0.201172 0.210936 0.201172 0.212888 0.20508 0.212888 0.20703 0.210936 0.210937 0.210936 0.212891 0.208983 0.214845 0.208983 0.214845 0.20703 0.212891 0.205077 0.212891 0.203125 0.210937 0.201172
0 0.060548 0.406248 0.058594 0.408205 0.05664 0.408205 0.05664 0.410158 0.058594 0.412111 0.058594 0.416016 0.060548 0.417969 0.060548 0.419921 0.066405 0.419921 0.064455 0.417969 0.064455 0.416016 0.062501 0.414063 0.062501 0.410158 0.060548 0.408205
0 0.376953 0.052734 0.375 0.054687 0.373046 0.054687 0.373046 0.056639 0.375 0.058592 0.375 0.062498 0.376953 0.064455 0.376953 0.066408 0.380861 0.062498 0.380861 0.058592 0.378907 0.056639 0.378907 0.054687
0 0.259766 0.220704 0.259766 0.224609 0.257812 0.226562 0.257812 0.230467 0.259766 0.23242 0.259766 0.234373 0.26172 0.23633 0.26172 0.238283 0.263674 0.23633 0.267577 0.23633 0.267577 0.226562 0.265623 0.224609 0.265623 0.220704
0 0.332032 0.066408 0.330078 0.068361 0.328125 0.068361 0.326171 0.070313 0.324217 0.070313 0.324217 0.074219 0.326171 0.076171 0.326171 0.082029 0.328125 0.080076 0.332032 0.080076 0.332032 0.076171 0.330078 0.074219 0.330078 0.070313 0.332032 0.068361
0 0.308595 0.052734 0.304687 0.056639 0.302733 0.056639 0.308595 0.062498 0.310549 0.060545 0.312498 0.060545 0.310549 0.058592 0.310549 0.056639 0.308595 0.054687
0 0.228517 0.953125 0.228517 0.958983 0.230467 0.960936 0.230467 0.966799 0.232421 0.966799 0.232421 0.960936 0.234375 0.958983 0.234375 0.953125
0 0.238282 0.162109 0.236329 0.164061 0.234375 0.164061 0.232421 0.166014 0.228517 0.166014 0.226564 0.167967 0.226564 0.169919 0.228517 0.171877 0.228517 0.175782 0.230467 0.17383 0.234375 0.17383 0.236329 0.171877 0.238282 0.171877 0.240236 0.169919 0.24414 0.169919 0.240236 0.166014 0.240236 0.164061
0 0.050783 0.982421 0.050783 0.986326 0.048829 0.988283 0.048829 0.994141 0.046875 0.996094 0.046875 0.999999 0.048829 0.998047 0.05664 0.998047 0.05664 0.990236 0.058594 0.988283 0.058594 0.982421
0 0.273439 0.251951 0.271485 0.253904 0.269531 0.253904 0.269531 0.255857 0.271485 0.257814 0.271485 0.26172 0.273439 0.263673 0.273439 0.265625 0.275392 0.263673 0.279296 0.263673 0.279296 0.26172 0.277342 0.259767 0.277342 0.255857
0 0.416017 0 0.410156 0.001955 0.414063 0.001955 0.416017 0.003907 0.417967 0.003907 0.421875 0.007813 0.423828 0.00586 0.425782 0.00586 0.425782 0.003907 0.423828 0.001955 0.423828 0 0.417967 0
0 0.138671 0.980468 0.138671 0.994141 0.146486 0.994141 0.146486 0.980468
0 0.341797 0.041013 0.343751 0.042971 0.343751 0.044924 0.345705 0.046876 0.345705 0.048829 0.347655 0.046876 0.35547 0.046876 0.353516 0.044924 0.351562 0.044924 0.347655 0.041013
0 0.22461 0.953125 0.22461 0.966799 0.228517 0.966799 0.228517 0.960936 0.226564 0.958983 0.226564 0.953125
0 0.179689 0.955078 0.179689 0.958983 0.181643 0.960936 0.181643 0.966799 0.1875 0.966799 0.1875 0.955078
0 0.253905 0.333984 0.251955 0.335936 0.250001 0.335936 0.246094 0.339842 0.24414 0.339842 0.24414 0.341794 0.246094 0.343752 0.246094 0.345705 0.248047 0.343752 0.250001 0.343752 0.251955 0.341794 0.255858 0.341794 0.259766 0.337889 0.257812 0.337889
0 0.027345 0.619139 0.025391 0.621091 0.021484 0.621091 0.021484 0.632812 0.027345 0.632812 0.027345 0.626954 0.025391 0.625002 0.025391 0.623049 0.027345 0.621091
0 0.421875 0.042971 0.419921 0.044924 0.419921 0.046876 0.417967 0.048829 0.417967 0.050781 0.416017 0.052734 0.417967 0.052734 0.421875 0.056639 0.423828 0.054687 0.423828 0.052734 0.425782 0.050781 0.425782 0.048829 0.429686 0.044924 0.423828 0.044924
0 0.064455 0.982421 0.064455 0.996094 0.07422 0.996094 0.07422 0.982421
0 0.306641 0.123045 0.304687 0.124998 0.304687 0.126951 0.306641 0.128908 0.306641 0.130861 0.308595 0.132814 0.308595 0.134766 0.310549 0.132814 0.314452 0.132814 0.310549 0.128908 0.310549 0.126951
0 0.042967 0.621091 0.041018 0.623049 0.03711 0.623049 0.03711 0.626954 0.039064 0.628907 0.039064 0.634765 0.044921 0.634765 0.042967 0.632812
0 0.312498 0.310547 0.308595 0.314452 0.306641 0.314452 0.306641 0.316405 0.308595 0.318357 0.308595 0.322268 0.310549 0.322268 0.312498 0.32422 0.31836 0.32422 0.31836 0.322268 0.320314 0.32031 0.314452 0.314452 0.314452 0.312499
0 0.085939 0.957031 0.085939 0.968752 0.087893 0.966799 0.089842 0.966799 0.089842 0.957031
0 0.123049 0.982421 0.123049 0.988283 0.121095 0.990236 0.121095 0.996094 0.13086 0.996094 0.13086 0.982421
0 0.105469 0.388674 0.103515 0.390626 0.101561 0.390626 0.099611 0.392579 0.095704 0.392579 0.095704 0.394531 0.097658 0.396484 0.097658 0.400389 0.099611 0.402342 0.099611 0.404295 0.101561 0.402342 0.103515 0.402342 0.105469 0.400389 0.109376 0.400389 0.109376 0.398437 0.107422 0.396484 0.107422 0.392579 0.105469 0.390626
0 0.220702 0.953125 0.220702 0.966799 0.222656 0.966799 0.222656 0.953125
0 0.208983 0.625002 0.20703 0.626954 0.197265 0.626954 0.197265 0.634765 0.199219 0.632812 0.203126 0.632812 0.20508 0.63086 0.208983 0.63086
0 0.310549 0.076171 0.310549 0.080076 0.312498 0.082029 0.312498 0.087892 0.316406 0.083982 0.31836 0.083982 0.31836 0.080076 0.316406 0.078124 0.316406 0.076171
0 0.160155 0.978515 0.158205 0.980468 0.152344 0.980468 0.152344 0.986326 0.154297 0.988283 0.154297 0.994141 0.160155 0.994141
0 0.115234 0.957031 0.115234 0.968752 0.123049 0.968752 0.123049 0.964842 0.121095 0.962889 0.121095 0.958983 0.117187 0.958983
0 0.076174 0.984373 0.076174 0.988283 0.078124 0.990236 0.078124 0.996094 0.085939 0.996094 0.085939 0.984373
0 0.30078 0.124998 0.29883 0.126951 0.296876 0.126951 0.294922 0.128908 0.292968 0.128908 0.30078 0.136719 0.302733 0.134766 0.306641 0.134766 0.304687 0.132814 0.304687 0.130861 0.302733 0.128908 0.302733 0.126951
0 0.320314 0.046876 0.31836 0.048829 0.316406 0.048829 0.320314 0.052734 0.320314 0.054687 0.322267 0.056639 0.324217 0.054687 0.326171 0.054687 0.322267 0.050781 0.322267 0.048829
0 0.080077 0.419921 0.078124 0.421874 0.072266 0.421874 0.072266 0.423826 0.07422 0.425779 0.07422 0.431642 0.076174 0.433595 0.076174 0.435548 0.078124 0.433595 0.080077 0.433595 0.082031 0.431642 0.083985 0.431642 0.083985 0.429689 0.082031 0.427732 0.082031 0.423826 0.080077 0.421874
0 0.134768 0.400389 0.132814 0.402342 0.128906 0.402342 0.128906 0.404295 0.13086 0.406248 0.13086 0.408205 0.132814 0.410158 0.132814 0.412111 0.138671 0.412111 0.138671 0.410158 0.136717 0.408205 0.136717 0.404295 0.134768 0.402342
0 0.091796 0.390626 0.089842 0.392579 0.083985 0.392579 0.083985 0.396484 0.085939 0.398437 0.085939 0.402342 0.087893 0.400389 0.095704 0.400389 0.095704 0.398437 0.09375 0.396484 0.09375 0.394531 0.091796 0.392579
0 0.566407 0.105466 0.564453 0.107424 0.562499 0.107424 0.562499 0.113282 0.564453 0.115235 0.564453 0.117187 0.566407 0.117187 0.568361 0.11914 0.568361 0.117187 0.570311 0.115235 0.570311 0.113282 0.572264 0.111329
0 0.804689 0.685545 0.802736 0.687502 0.798828 0.687502 0.798828 0.689455 0.800782 0.691407 0.800782 0.697265 0.802736 0.699218 0.802736 0.703123 0.804689 0.701171 0.810547 0.701171 0.810547 0.699218 0.808593 0.697265 0.808593 0.695313 0.806639 0.69336 0.806639 0.689455 0.804689 0.687502
0 0.357424 0.035155 0.35547 0.037108 0.351562 0.037108 0.353516 0.039061 0.353516 0.041013 0.35547 0.042971 0.35547 0.044924 0.357424 0.046876 0.357424 0.048829 0.361327 0.044924 0.363281 0.044924 0.361327 0.042971 0.361327 0.041013 0.359373 0.039061 0.359373 0.037108
0 0.708986 0.457032 0.707032 0.458985 0.703124 0.458985 0.703124 0.460937 0.701171 0.46289 0.701171 0.468748 0.703124 0.470701 0.703124 0.472658 0.705078 0.474611 0.707032 0.474611 0.71094 0.478516 0.712889 0.476564 0.714843 0.476564 0.716797 0.474611 0.718751 0.474611 0.716797 0.472658 0.716797 0.470701 0.714843 0.468748 0.714843 0.466795 0.712889 0.464843 0.712889 0.46289 0.71094 0.460937 0.71094 0.458985
0 0.11328 0.957031 0.11133 0.958983 0.109376 0.958983 0.109376 0.968752 0.11328 0.968752
0 0.484376 0.033202 0.482422 0.035155 0.482422 0.037108 0.478514 0.041013 0.480468 0.041013 0.484376 0.044924 0.492187 0.044924 0.494141 0.046876 0.494141 0.039061 0.492187 0.037108 0.492187 0.035155 0.48633 0.035155
0 0.328125 0.011718 0.326171 0.013671 0.322267 0.013671 0.324217 0.015623 0.324217 0.017576 0.326171 0.019529 0.326171 0.021487 0.328125 0.019529 0.332032 0.019529 0.330078 0.017576 0.330078 0.015623 0.328125 0.013671
0 0.369142 0.033202 0.367188 0.035155 0.361327 0.035155 0.361327 0.037108 0.363281 0.039061 0.363281 0.041013 0.365235 0.042971 0.365235 0.044924 0.367188 0.042971 0.369142 0.042971 0.371092 0.041013 0.373046 0.041013 0.371092 0.039061 0.371092 0.037108 0.369142 0.035155
0 0.169924 0.253904 0.16797 0.255857 0.164062 0.255857 0.162109 0.257814 0.160155 0.257814 0.158205 0.259767 0.154297 0.259767 0.154297 0.26172 0.156251 0.263673 0.156251 0.265625 0.158205 0.267578 0.160155 0.267578 0.162109 0.265625 0.164062 0.265625 0.166016 0.263673 0.16797 0.263673 0.169924 0.26172 0.171873 0.26172 0.171873 0.257814 0.169924 0.255857
0 0.433593 0.072266 0.43164 0.074219 0.425782 0.074219 0.429686 0.078124 0.43164 0.078124 0.433593 0.080076 0.43164 0.082029 0.433593 0.080076 0.437501 0.080076 0.435547 0.078124 0.435547 0.076171 0.433593 0.074219
0 0.58008 0.150393 0.578126 0.152345 0.578126 0.154298 0.576172 0.156251 0.576172 0.167967 0.578126 0.167967 0.582029 0.171877 0.583983 0.169919 0.585937 0.169919 0.587891 0.167967 0.589845 0.167967 0.589845 0.166014 0.587891 0.164061 0.587891 0.158203 0.585937 0.156251 0.585937 0.152345 0.582029 0.152345
0 0.365235 0.056639 0.363281 0.058592 0.357424 0.058592 0.357424 0.070313 0.359373 0.068361 0.365235 0.068361
0 0.294922 0.080076 0.291015 0.083982 0.291015 0.09375 0.294922 0.09375 0.294922 0.087892 0.292968 0.085939 0.292968 0.082029
0 0.302733 0.292968 0.29883 0.296873 0.29883 0.298826 0.296876 0.300783 0.302733 0.306641 0.302733 0.308594 0.304687 0.310547 0.306641 0.308594 0.310549 0.308594 0.310549 0.306641 0.308595 0.304689 0.308595 0.300783 0.304687 0.296873 0.304687 0.29492
0 0.328125 0.03125 0.330078 0.033202 0.330078 0.035155 0.332032 0.037108 0.332032 0.039061 0.333986 0.041013 0.333986 0.042971 0.335936 0.041013 0.33789 0.041013 0.339843 0.039061 0.341797 0.039061 0.339843 0.037108 0.339843 0.035155 0.33789 0.033202 0.33789 0.03125
0 0.124999 0.958983 0.124999 0.968752 0.128906 0.968752 0.128906 0.958983
0 0.289061 0.011718 0.287111 0.013671 0.283204 0.013671 0.287111 0.017576 0.287111 0.019529 0.291015 0.023439 0.291015 0.021487 0.292968 0.019529 0.292968 0.017576 0.291015 0.015623 0.291015 0.013671
0 0.046875 0.621091 0.046875 0.626954 0.044921 0.628907 0.044921 0.632812 0.052736 0.632812 0.052736 0.621091
0 0.027345 0.623049 0.027345 0.625002 0.029299 0.626954 0.029299 0.632812 0.031249 0.634765 0.031249 0.636718 0.033202 0.634765 0.03711 0.634765 0.03711 0.63086 0.035156 0.628907 0.035156 0.623049
0 0.222656 0.214846 0.220702 0.216799 0.218748 0.216799 0.216799 0.218751 0.214845 0.218751 0.212891 0.220704 0.210937 0.220704 0.208983 0.222656 0.20703 0.222656 0.20703 0.226562 0.208983 0.228514 0.208983 0.23242 0.210937 0.230467 0.212891 0.230467 0.214845 0.228514 0.216799 0.228514 0.220702 0.224609 0.222656 0.224609 0.22461 0.222656 0.226564 0.222656 0.228517 0.220704 0.230467 0.220704 0.228517 0.218751 0.226564 0.218751
0 0.429686 0.046876 0.427736 0.048829 0.427736 0.050781 0.425782 0.052734 0.425782 0.054687 0.423828 0.056639 0.425782 0.056639 0.427736 0.058592 0.43164 0.054687 0.433593 0.054687 0.433593 0.050781
0 0.363281 0.00586 0.363281 0.007813 0.361327 0.009765 0.361327 0.011718 0.359373 0.013671 0.361327 0.013671 0.365235 0.017576 0.367188 0.017576 0.369142 0.019529 0.369142 0.017576 0.371092 0.015623 0.371092 0.013671 0.373046 0.011718 0.373046 0.009765 0.369142 0.009765 0.367188 0.007813 0.365235 0.007813
0 0.064455 0.439453 0.064455 0.441406 0.066405 0.443358 0.066405 0.445311 0.068359 0.447264 0.068359 0.449216 0.070312 0.447264 0.080077 0.447264 0.080077 0.439453
0 0.285157 0 0.28125 0 0.279296 0 0.279296 0 0.28125 0.000002 0.28125 0.003907 0.283204 0.001955 0.285157 0.001955 0.287111 0.000002 0.287111 0 0.285157 0
0 0.277342 0.052734 0.275392 0.054687 0.273439 0.054687 0.273439 0.056639 0.275392 0.058592 0.275392 0.060545 0.277342 0.062498 0.277342 0.064455 0.279296 0.066408 0.279296 0.068361 0.279296 0.066408 0.28125 0.064455 0.285157 0.064455 0.283204 0.062498 0.283204 0.060545 0.279296 0.056639 0.279296 0.054687
0 0.292968 0 0.291015 0 0.287111 0 0.287111 0 0.289061 0 0.289061 0.000002 0.291015 0 0.296876 0 0.296876 0 0.294922 0 0.294922 0 0.292968 0
0 0.33789 0 0.330078 0 0.332032 0 0.335936 0.000002 0.33789 0.000002 0.339843 0.001955 0.339843 0 0.341797 0 0.341797 0
0 0.824219 0.730471 0.822265 0.732424 0.816408 0.732424 0.818358 0.734376 0.818358 0.736329 0.820312 0.738281 0.820312 0.740234 0.822265 0.742187 0.822265 0.744139 0.824219 0.742187 0.830077 0.742187 0.828127 0.740234 0.828127 0.738281 0.826173 0.736329 0.826173 0.734376 0.824219 0.732424
0 0.294922 0.062498 0.292968 0.064455 0.289061 0.064455 0.287111 0.066408 0.28125 0.066408 0.28125 0.070313 0.283204 0.072266 0.283204 0.076171 0.285157 0.074219 0.287111 0.074219 0.289061 0.072266 0.291015 0.072266 0.292968 0.070313 0.294922 0.070313 0.296876 0.068361 0.29883 0.068361 0.296876 0.066408 0.296876 0.064455
0 0.576172 0.130861 0.576172 0.132814 0.574218 0.134766 0.574218 0.142577 0.578126 0.146482 0.582029 0.142577 0.583983 0.142577 0.583983 0.136719 0.582029 0.134766 0.582029 0.132814 0.578126 0.132814
0 0.273439 0.335936 0.273439 0.337889 0.271485 0.339842 0.271485 0.341794 0.273439 0.341794 0.275392 0.343752 0.28125 0.343752 0.285157 0.339842 0.28125 0.335936
0 0.771483 0.480469 0.767579 0.484374 0.765626 0.484374 0.765626 0.486327 0.767579 0.48828 0.767579 0.492185 0.769533 0.494143 0.769533 0.496095 0.771483 0.498048 0.771483 0.500001 0.775391 0.496095 0.775391 0.48828 0.773437 0.486327 0.773437 0.484374 0.771483 0.482422
0 0.39258 0.060545 0.39258 0.062498 0.394529 0.064455 0.394529 0.066408 0.396483 0.068361 0.400391 0.068361 0.398437 0.066408 0.398437 0.064455 0.396483 0.062498 0.396483 0.060545
0 0.447266 0.095703 0.447266 0.097656 0.445312 0.099608 0.445312 0.101561 0.44922 0.105466 0.44922 0.107424 0.451173 0.109377 0.455077 0.105466 0.457031 0.105466
0 0.255858 0.953125 0.255858 0.958983 0.253905 0.960936 0.253905 0.966799 0.26172 0.966799 0.26172 0.960936 0.263674 0.958983 0.263674 0.953125
0 0.294922 0.326173 0.291015 0.330078 0.291015 0.332031 0.294922 0.335936 0.304687 0.335936 0.304687 0.333984 0.302733 0.332031 0.302733 0.330078 0.29883 0.326173
0 0.199219 0.216799 0.197265 0.218751 0.193361 0.218751 0.191407 0.220704 0.189454 0.220704 0.1875 0.222656 0.183592 0.222656 0.183592 0.224609 0.185546 0.226562 0.185546 0.228514 0.1875 0.230467 0.189454 0.230467 0.191407 0.228514 0.193361 0.228514 0.195311 0.226562 0.197265 0.226562 0.199219 0.224609 0.201172 0.224609 0.203126 0.222656 0.20508 0.222656
0 0.277342 0.015623 0.273439 0.019529 0.271485 0.019529 0.273439 0.021487 0.273439 0.023439 0.275392 0.025392 0.275392 0.027344 0.277342 0.027344 0.279296 0.025392 0.283204 0.025392 0.28125 0.023439 0.28125 0.021487 0.279296 0.019529 0.279296 0.017576
0 0.154297 0.398437 0.152344 0.400389 0.142579 0.400389 0.142579 0.402342 0.144532 0.404295 0.144532 0.408205 0.146486 0.406248 0.15039 0.406248 0.152344 0.404295 0.156251 0.404295 0.156251 0.402342 0.154297 0.400389
0 0.294922 0.044924 0.292968 0.046876 0.291015 0.046876 0.291015 0.048829 0.292968 0.050781 0.292968 0.054687 0.294922 0.056639 0.294922 0.058592 0.29883 0.058592 0.29883 0.056639 0.296876 0.054687 0.296876 0.048829 0.294922 0.046876
0 0.302733 0.00586 0.30078 0.007813 0.29883 0.007813 0.30078 0.009765 0.30078 0.011718 0.302733 0.013671 0.302733 0.015623 0.308595 0.015623 0.306641 0.013671 0.306641 0.011718 0.304687 0.009765 0.304687 0.007813
0 0.171873 0.957031 0.171873 0.960936 0.173827 0.962889 0.173827 0.968752 0.181643 0.968752 0.179689 0.966799 0.179689 0.960936 0.177735 0.958983 0.177735 0.957031
0 0.228517 0.224609 0.226564 0.226562 0.22461 0.226562 0.222656 0.228514 0.220702 0.228514 0.218748 0.230467 0.214845 0.230467 0.212891 0.23242 0.210937 0.23242 0.210937 0.23633 0.212891 0.238283 0.212891 0.242188 0.214845 0.240236 0.216799 0.240236 0.218748 0.238283 0.222656 0.238283 0.22461 0.23633 0.226564 0.23633 0.228517 0.234373 0.232421 0.234373 0.232421 0.23242 0.230467 0.230467 0.230467 0.228514 0.228517 0.226562
0 0.03711 0.982421 0.03711 0.999999 0.035156 1 0.03711 0.999999 0.044921 0.999999 0.044921 0.996094 0.046875 0.994141 0.046875 0.988283 0.048829 0.986326 0.048829 0.982421
0 0.712889 0.388674 0.712889 0.390626 0.71094 0.392579 0.71094 0.394531 0.716797 0.400389 0.716797 0.402342 0.718751 0.404295 0.724608 0.404295 0.724608 0.402342 0.726562 0.400389 0.726562 0.396484 0.724608 0.394531 0.724608 0.392579 0.722658 0.390626 0.722658 0.388674
0 0.687502 0.115235 0.685548 0.117187 0.683594 0.117187 0.681641 0.11914 0.677733 0.11914 0.675779 0.121093 0.673829 0.121093 0.673829 0.123045 0.675779 0.124998 0.675779 0.126951 0.677733 0.128908 0.679687 0.126951 0.681641 0.126951 0.683594 0.124998 0.685548 0.124998 0.689452 0.121093 0.689452 0.11914 0.687502 0.117187
0 0.292968 0.115235 0.291015 0.117187 0.289061 0.117187 0.287111 0.11914 0.285157 0.11914 0.289061 0.123045 0.289061 0.124998 0.291015 0.126951 0.294922 0.126951 0.296876 0.124998 0.29883 0.124998 0.29883 0.123045 0.296876 0.121093 0.296876 0.11914
0 0.507813 0.044924 0.50586 0.046876 0.50586 0.048829 0.503906 0.050781 0.503906 0.052734 0.509767 0.058592 0.513671 0.054687 0.513671 0.052734 0.511717 0.050781 0.511717 0.046876 0.509767 0.046876
0 0.242186 0.341794 0.238282 0.345705 0.236329 0.345705 0.232421 0.34961 0.230467 0.34961 0.232421 0.351563 0.234375 0.351563 0.238282 0.355468 0.240236 0.353515 0.242186 0.353515 0.246094 0.34961 0.248047 0.34961 0.24414 0.345705 0.24414 0.343752
0 0.335936 0.068361 0.333986 0.070313 0.332032 0.070313 0.332032 0.074219 0.333986 0.076171 0.333986 0.080076 0.335936 0.078124 0.339843 0.078124 0.33789 0.076171 0.33789 0.072266 0.335936 0.070313
0 0.13086 0.957031 0.13086 0.966799 0.134768 0.966799 0.134768 0.957031
0 0.193361 0.20703 0.191407 0.208983 0.189454 0.208983 0.1875 0.210936 0.185546 0.210936 0.1875 0.212888 0.1875 0.214846 0.189454 0.216799 0.189454 0.218751 0.191407 0.216799 0.195311 0.216799 0.197265 0.214846 0.201172 0.214846 0.199219 0.212888 0.199219 0.210936 0.197265 0.208983 0.197265 0.20703
0 0.390626 0.060545 0.388672 0.062498 0.382811 0.062498 0.384765 0.064455 0.384765 0.066408 0.386718 0.068361 0.386718 0.070313 0.394529 0.070313 0.394529 0.068361 0.39258 0.066408 0.39258 0.064455 0.390626 0.062498
0 0.30078 0.080076 0.29883 0.082029 0.294922 0.082029 0.294922 0.085939 0.296876 0.087892 0.296876 0.091798 0.30078 0.091798
0 0.876952 0.859377 0.873048 0.863282 0.875002 0.865235 0.875002 0.867188 0.878905 0.871093 0.878905 0.873046 0.880859 0.874999 0.882813 0.873046 0.882813 0.871093 0.884767 0.86914 0.880859 0.865235 0.880859 0.863282
0 0.388672 0.048829 0.386718 0.050781 0.382811 0.050781 0.382811 0.054687 0.384765 0.056639 0.384765 0.060545 0.388672 0.060545 0.390626 0.058592 0.39258 0.058592 0.390626 0.056639 0.390626 0.052734 0.388672 0.050781
0 0.048829 0.400389 0.046875 0.402342 0.044921 0.402342 0.042967 0.404295 0.041018 0.404295 0.041018 0.406248 0.042967 0.408205 0.042967 0.412111 0.044921 0.410158 0.046875 0.410158 0.050783 0.406248 0.052736 0.406248 0.050783 0.404295 0.050783 0.402342
0 0.31836 0.035155 0.314452 0.039061 0.312498 0.039061 0.316406 0.042971 0.316406 0.044924 0.31836 0.046876 0.320314 0.044924 0.324217 0.044924 0.322267 0.042971 0.322267 0.041013 0.320314 0.039061 0.320314 0.037108
0 0.097658 0.957031 0.097658 0.968752 0.101561 0.968752 0.101561 0.957031
0 0.16797 0.23242 0.166016 0.234373 0.162109 0.234373 0.160155 0.23633 0.158205 0.23633 0.156251 0.238283 0.152344 0.238283 0.156251 0.242188 0.156251 0.244141 0.158205 0.246094 0.160155 0.244141 0.164062 0.244141 0.166016 0.242188 0.16797 0.242188 0.169924 0.240236 0.169924 0.238283 0.16797 0.23633
0 0.263674 0.257814 0.26172 0.259767 0.257812 0.259767 0.257812 0.26172 0.259766 0.263673 0.259766 0.267578 0.26172 0.267578 0.263674 0.269531 0.269531 0.269531 0.269531 0.267578 0.267577 0.265625 0.267577 0.26172