1 0.242187 0.578125 0.242187 0.591796 0.244139 0.59375 0.244139 0.609375 0.246092 0.609375 0.248045 0.607421 0.251955 0.607421 0.251955 0.601562 0.250002 0.599608 0.250002 0.585938 0.248045 0.583984 0.248045 0.578125
1 0.388674 0.544921 0.388674 0.546875 0.386717 0.54883 0.40039 0.54883 0.402343 0.55078 0.414064 0.55078 0.416017 0.552734 0.416017 0.546875 0.390626 0.546875
1 0.416017 0.585938 0.414064 0.587892 0.404296 0.587892 0.402343 0.589846 0.392579 0.589846 0.392579 0.59375 0.416017 0.59375
1 0.404296 0.027345 0.402343 0.029295 0.384764 0.029295 0.382811 0.031249 0.365236 0.031249 0.365236 0.035157 0.402343 0.035157 0.404296 0.037111
0 0.572267 0.664062 0.572267 0.669924 0.570315 0.671874 0.570315 0.675782 0.57422 0.675782 0.57422 0.669924 0.576173 0.66797 0.576173 0.664062
1 0.371095 0.44336 0.369142 0.445314 0.365236 0.445314 0.365236 0.458985 0.363279 0.460939 0.363279 0.47461 0.371095 0.47461
1 0.169922 0.333983 0.167969 0.335937 0.164063 0.335937 0.162111 0.337891 0.160158 0.337891 0.158205 0.339845 0.154295 0.339845 0.152343 0.341795 0.148437 0.341795 0.146484 0.343749 0.144532 0.343749 0.142579 0.345703 0.138673 0.345703 0.138673 0.349607 0.140626 0.347657 0.146484 0.347657 0.148437 0.345703 0.154295 0.345703 0.156248 0.343749 0.164063 0.343749 0.166016 0.341795 0.171874 0.341795 0.171874 0.339845 0.169922 0.337891
1 0.386717 0.365236 0.386717 0.394532 0.392579 0.394532 0.392579 0.365236
1 0.601563 0.732423 0.601563 0.753906 0.59961 0.75586 0.59961 0.767577 0.601563 0.765627 0.607421 0.765627 0.607421 0.732423
1 0.710939 0.189451 0.708986 0.191405 0.671875 0.191405 0.671875 0.193359 0.689454 0.193359 0.691407 0.195313 0.708986 0.195313 0.710939 0.197268
1 0.29883 0.488281 0.29883 0.51953 0.306641 0.51953 0.306641 0.490235 0.300782 0.490235
1 0.28125 0.591796 0.28125 0.595704 0.279298 0.597658 0.279298 0.603516 0.277345 0.60547 0.277345 0.611329 0.275392 0.613283 0.275392 0.619141 0.273439 0.621095 0.273439 0.623045 0.279298 0.623045 0.28125 0.625 0.28125 0.621095 0.283203 0.619141 0.283203 0.609375 0.285156 0.607421 0.285156 0.597658 0.287109 0.595704 0.287109 0.591796
1 0.521483 0.189451 0.521483 0.193359 0.523436 0.193359 0.525393 0.195313 0.558594 0.195313 0.558594 0.191405 0.523436 0.191405
1 0.367189 0.367186 0.367189 0.382811 0.369142 0.384765 0.369142 0.40039 0.375 0.40039 0.375 0.384765 0.376953 0.382811 0.376953 0.367186
1 0.306641 0.533205 0.306641 0.537109 0.335936 0.537109 0.337889 0.539063 0.337889 0.535155 0.335936 0.535155 0.333984 0.533205
1 0.382811 0.445314 0.382811 0.47461 0.380858 0.476564 0.388674 0.476564 0.388674 0.460939 0.390626 0.458985 0.390626 0.445314
1 0.589842 0.742186 0.589842 0.75586 0.591795 0.757814 0.591795 0.771485 0.593752 0.769531 0.597657 0.769531 0.597657 0.75586 0.59961 0.753906 0.59961 0.742186
1 0.289062 0.59375 0.289062 0.595704 0.287109 0.597658 0.287109 0.607421 0.285156 0.609375 0.285156 0.623045 0.291014 0.623045 0.291014 0.617187 0.292967 0.615233 0.292967 0.601562 0.29492 0.599608 0.29492 0.59375
1 0.132811 0.445314 0.132811 0.447264 0.134768 0.449219 0.134768 0.451173 0.136721 0.449219 0.164063 0.449219 0.162111 0.447264 0.162111 0.445314
1 0.359374 0.363282 0.359374 0.380861 0.357421 0.382811 0.357421 0.40039 0.363279 0.40039 0.363279 0.382811 0.365236 0.380861 0.365236 0.363282
1 0.314452 0.390624 0.314452 0.408202 0.312499 0.410156 0.312499 0.425781 0.318362 0.425781 0.318362 0.408202 0.320314 0.406248 0.320314 0.390624
1 0.558594 0.736327 0.556641 0.738281 0.541015 0.738281 0.541015 0.742186 0.556641 0.742186 0.556641 0.740235 0.558594 0.738281
1 0.171874 0.343749 0.169922 0.345703 0.166016 0.345703 0.164063 0.347657 0.160158 0.347657 0.158205 0.349607 0.156248 0.349607 0.154295 0.351562 0.15039 0.351562 0.148437 0.353516 0.144532 0.353516 0.142579 0.35547 0.138673 0.35547 0.140626 0.357424 0.140626 0.359374 0.142579 0.357424 0.146484 0.357424 0.148437 0.35547 0.152343 0.35547 0.154295 0.353516 0.160158 0.353516 0.162111 0.351562 0.166016 0.351562 0.167969 0.349607 0.171874 0.349607
1 0.136721 0.535155 0.136721 0.541017 0.166016 0.541017 0.166016 0.539063 0.167969 0.537109 0.167969 0.535155
1 0.376953 0.365236 0.378906 0.367186 0.378906 0.382811 0.376953 0.384765 0.376953 0.394532 0.384764 0.394532 0.384764 0.365236
0 0.160158 0.494139 0.158205 0.496093 0.154295 0.496093 0.152343 0.498047 0.148437 0.498047 0.148437 0.500001 0.146484 0.501951 0.156248 0.501951 0.158205 0.503905 0.158205 0.500001 0.160158 0.498047
1 0.343752 0.515626 0.341799 0.51758 0.312499 0.51758 0.312499 0.51953 0.310546 0.521484 0.312499 0.51953 0.343752 0.51953
1 0.300782 0.542967 0.300782 0.546875 0.333984 0.546875 0.333984 0.542967
1 0.341799 0.507814 0.339842 0.509768 0.310546 0.509768 0.310546 0.515626 0.312499 0.513672 0.339842 0.513672 0.339842 0.511718 0.341799 0.509768
1 0.164063 0.451173 0.162111 0.453127 0.154295 0.453127 0.152343 0.455077 0.144532 0.455077 0.142579 0.457031 0.134768 0.457031 0.136721 0.458985 0.136721 0.460939 0.138673 0.458985 0.15039 0.458985 0.152343 0.457031 0.166016 0.457031 0.166016 0.455077 0.164063 0.453127
1 0.167969 0.414061 0.166016 0.416015 0.15039 0.416015 0.148437 0.417969 0.132811 0.417969 0.132811 0.419923 0.134768 0.417969 0.167969 0.417969
1 0.499998 0.244142 0.498045 0.246092 0.499998 0.248046 0.499998 0.25 0.501955 0.251954 0.501955 0.253905 0.503908 0.255859 0.503908 0.257813 0.505861 0.259767 0.505861 0.261717 0.509766 0.265625 0.509766 0.267579 0.511719 0.269529 0.511719 0.271483 0.513672 0.273438 0.513672 0.275392 0.515625 0.277346 0.515625 0.279296 0.517577 0.28125 0.51953 0.279296 0.521483 0.279296 0.51953 0.277346 0.51953 0.275392 0.517577 0.273438 0.517577 0.271483 0.515625 0.269529 0.515625 0.267579 0.513672 0.265625 0.513672 0.263671 0.511719 0.261717 0.511719 0.259767 0.509766 0.257813 0.509766 0.255859 0.507813 0.253905 0.507813 0.251954 0.505861 0.25 0.505861 0.248046 0.503908 0.246092 0.503908 0.244142
1 0.394532 0.359374 0.394532 0.394532 0.396485 0.396486 0.396485 0.388673 0.398438 0.386719 0.398438 0.36914 0.40039 0.367186 0.40039 0.359374
0 0.566405 0.695311 0.564452 0.697265 0.562499 0.697265 0.558594 0.701173 0.556641 0.701173 0.558594 0.703124 0.560547 0.701173 0.562499 0.701173 0.566405 0.697265 0.568358 0.697265
1 0.234376 0.494139 0.234376 0.525392 0.240234 0.525392 0.240234 0.496093 0.238281 0.494139
1 0.375 0.445314 0.375 0.460939 0.373047 0.462889 0.373047 0.478514 0.376953 0.47461 0.380858 0.47461 0.380858 0.460939 0.378906 0.458985 0.378906 0.445314
1 0.333984 0.554688 0.332031 0.556642 0.302735 0.556642 0.302735 0.5625 0.304688 0.560546 0.333984 0.560546
1 0.166016 0.433594 0.164063 0.435548 0.134768 0.435548 0.134768 0.437502 0.136721 0.439452 0.136721 0.441406 0.166016 0.441406
1 0.242187 0.496093 0.242187 0.521484 0.244139 0.523438 0.248045 0.523438 0.248045 0.496093
1 0.291014 0.496093 0.291014 0.509768 0.292967 0.511718 0.292967 0.527343 0.296877 0.527343 0.296877 0.496093