0 0.839844 0.429688 0.837891 0.431639 0.835938 0.431639 0.833986 0.433593 0.830081 0.433593 0.828128 0.435547 0.826168 0.435547 0.824216 0.437501 0.822263 0.437501 0.820311 0.439452 0.818358 0.439452 0.816406 0.441406 0.812501 0.441406 0.810548 0.44336 0.808596 0.44336 0.808596 0.451172 0.810548 0.453126 0.810548 0.457031 0.816406 0.457031 0.818358 0.455077 0.822263 0.455077 0.824216 0.453126 0.828128 0.453126 0.830081 0.451172 0.832033 0.451172 0.833986 0.449218 0.837891 0.449218 0.839844 0.447265 0.843749 0.447265 0.845701 0.445313 0.849606 0.445313 0.849606 0.44336 0.851566 0.441406 0.851566 0.437501 0.849606 0.435547 0.849606 0.433593 0.847653 0.431639 0.845701 0.431639 0.843749 0.429688
10 0.304686 0.84961 0.304686 0.878907 0.302733 0.88086 0.302733 0.917969 0.300781 0.919923 0.300781 0.925782 0.298828 0.927733 0.283201 0.927733 0.283201 0.951171 0.281248 0.953125 0.277343 0.953125 0.275391 0.951171 0.269533 0.951171 0.267581 0.94922 0.261715 0.94922 0.259763 0.947266 0.259763 0.957032 0.25781 0.958983 0.25781 0.966796 0.285153 0.966796 0.287105 0.96875 0.287105 0.974608 0.289066 0.976562 0.289066 0.990234 0.291018 0.992187 0.291018 0.998046 0.312504 0.998046 0.314456 1 0.314456 1 0.335934 1 0.335934 1 0.337894 1 0.337894 0.982421 0.332029 0.982421 0.330076 0.98047 0.326171 0.98047 0.324219 0.978516 0.324219 0.96875 0.308591 0.96875 0.306638 0.966796 0.306638 0.943358 0.308591 0.941407 0.308591 0.937499 0.310543 0.935546 0.310543 0.933595 0.312504 0.931641 0.312504 0.923828 0.314456 0.921874 0.314456 0.912111 0.316409 0.910157 0.316409 0.906249 0.318361 0.904298 0.326171 0.904298 0.326171 0.876953 0.328124 0.874999 0.328124 0.84961
11 0.597655 0.369142 0.597655 0.396484 0.599607 0.398438 0.599607 0.425781 0.628903 0.425781 0.628903 0.398438 0.62695 0.396484 0.62695 0.369142
9 0.292971 0.271483 0.291018 0.273437 0.271485 0.273437 0.269533 0.275391 0.263675 0.275391 0.261715 0.277345 0.259763 0.277345 0.255858 0.28125 0.253905 0.28125 0.25 0.285157 0.255858 0.291016 0.25781 0.291016 0.259763 0.29297 0.261715 0.29297 0.263675 0.294921 0.265628 0.294921 0.267581 0.296875 0.275391 0.296875 0.277343 0.294921 0.285153 0.294921 0.287105 0.29297 0.296876 0.29297 0.296876 0.289062 0.294923 0.287108 0.294923 0.277345 0.292971 0.275391
10 0.830081 0.068359 0.830081 0.125001 0.873044 0.125001 0.874996 0.126952 0.874996 0.097656 0.876957 0.095702 0.876957 0.068359
0 0.824216 0.408204 0.822263 0.410155 0.818358 0.410155 0.816406 0.412109 0.812501 0.412109 0.810548 0.414063 0.806643 0.414063 0.804691 0.416017 0.800778 0.416017 0.798825 0.417968 0.792968 0.417968 0.791015 0.419922 0.78711 0.419922 0.785158 0.421876 0.781253 0.421876 0.7793 0.423827 0.775387 0.423827 0.773435 0.425781 0.76953 0.425781 0.76953 0.433593 0.771482 0.435547 0.771482 0.437501 0.773435 0.439452 0.773435 0.441406 0.775387 0.441406 0.7793 0.445313 0.781253 0.44336 0.785158 0.44336 0.78711 0.441406 0.791015 0.441406 0.792968 0.439452 0.798825 0.439452 0.800778 0.437501 0.804691 0.437501 0.806643 0.435547 0.810548 0.435547 0.812501 0.433593 0.816406 0.433593 0.818358 0.431639 0.824216 0.431639 0.826168 0.429688 0.830081 0.429688 0.830081 0.427734 0.832033 0.425781 0.832033 0.419922 0.830081 0.417968 0.830081 0.414063 0.828128 0.412109 0.828128 0.410155 0.826168 0.410155
10 0.728512 0.068359 0.728512 0.074218 0.730472 0.076172 0.730472 0.087889 0.732424 0.089843 0.732424 0.103514 0.734377 0.105468 0.734377 0.111327 0.732424 0.113281 0.722654 0.113281 0.722654 0.125001 0.720702 0.126952 0.720702 0.136719 0.74414 0.136719 0.746092 0.138672 0.767577 0.138672 0.76953 0.140626 0.76953 0.128906 0.771482 0.126952 0.771482 0.115235 0.749997 0.115235 0.748045 0.113281 0.748045 0.091797 0.746092 0.089843 0.746092 0.068359
10 0.455076 0.103514 0.455076 0.109376 0.453123 0.111327 0.453123 0.125001 0.45117 0.126952 0.45117 0.132814 0.490236 0.132814 0.490236 0.128906 0.488284 0.126952 0.488284 0.121093 0.490236 0.11914 0.492189 0.121093 0.507809 0.121093 0.509769 0.123047 0.509769 0.128906 0.511721 0.13086 0.511721 0.132814 0.564455 0.132814 0.566407 0.134765 0.566407 0.103514
9 0.496094 0.839844 0.494141 0.841798 0.490236 0.841798 0.488284 0.843749 0.486331 0.843749 0.484379 0.845703 0.480466 0.845703 0.478513 0.847656 0.474608 0.847656 0.474608 0.84961 0.476561 0.851561 0.476561 0.853515 0.478513 0.855469 0.478513 0.859374 0.480466 0.861328 0.480466 0.865235 0.482418 0.867186 0.482418 0.86914 0.484379 0.871094 0.484379 0.873048 0.486331 0.874999 0.486331 0.876953 0.488284 0.878907 0.488284 0.88086 0.490236 0.882811 0.490236 0.884765 0.494141 0.884765 0.496094 0.886719 0.501951 0.886719 0.503904 0.888673 0.505856 0.886719 0.505856 0.884765 0.507809 0.882811 0.507809 0.88086 0.509769 0.878907 0.509769 0.867186 0.507809 0.865235 0.507809 0.863281 0.505856 0.861328 0.505856 0.859374 0.503904 0.857423 0.503904 0.855469 0.501951 0.853515 0.501951 0.851561 0.499999 0.84961 0.499999 0.847656 0.498046 0.845703 0.498046 0.843749 0.496094 0.841798
9 0.531247 0.466797 0.529294 0.468751 0.484379 0.468751 0.484379 0.470702 0.482418 0.472656 0.482418 0.47461 0.480466 0.476564 0.480466 0.480469 0.488284 0.480469 0.490236 0.478515 0.509769 0.478515 0.511721 0.476564 0.531247 0.476564 0.531247 0.47461 0.533207 0.472656 0.533207 0.468751
9 1 0.515624 1 0.517578 1 0.517578 1 0.519531 1 0.519531 1 0.523436 1 0.523436 1 0.52539 0.990233 0.52539 0.990233 0.535156 1 0.535156 1 0.539061 1 0.539061 1 0.542969 1 0.542969 1 0.541015 1 0.541015 1 0.529298 1 0.527344 1 0.515624
0 0.804691 0.976562 0.804691 0.98047 0.802738 0.982421 0.802738 0.986329 0.804691 0.988282 0.804691 0.990234 0.806643 0.992187 0.828128 0.992187 0.830081 0.990234 0.841796 0.990234 0.845701 0.986329 0.845701 0.978516 0.806643 0.978516
10 0.298828 0.492189 0.298828 0.500001 0.296876 0.501952 0.296876 0.515624 0.294923 0.517578 0.294923 0.523436 0.292971 0.52539 0.255858 0.52539 0.255858 0.533203 0.253905 0.535156 0.253905 0.548828 0.251953 0.550782 0.251953 0.558594 0.253905 0.55664 0.263675 0.55664 0.265628 0.554687 0.275391 0.554687 0.277343 0.552735 0.285153 0.552735 0.287105 0.554687 0.287105 0.55664 0.289066 0.558594 0.289066 0.566407 0.291018 0.568361 0.291018 0.572266 0.312504 0.572266 0.312504 0.552735 0.314456 0.550782 0.314456 0.513673 0.316409 0.511719 0.316409 0.492189
0 0.759767 0.60547 0.759767 0.623046 0.804691 0.623046 0.810548 0.617187 0.810548 0.613282 0.804691 0.607421 0.76172 0.607421
0 0.94531 0.60547 0.94531 0.613282 0.943357 0.615233 0.943357 0.621095 0.972653 0.621095 0.974613 0.623046 0.976565 0.621095 0.978518 0.621095 0.978518 0.615233 0.976565 0.613282 0.976565 0.611328 0.972653 0.607421 0.947263 0.607421
9 0.279296 0.074218 0.277343 0.076172 0.271485 0.076172 0.267581 0.080079 0.267581 0.09961 0.265628 0.101563 0.263675 0.101563 0.263675 0.109376 0.265628 0.111327 0.265628 0.121093 0.267581 0.123047 0.267581 0.13086 0.269533 0.132814 0.269533 0.144531 0.271485 0.146485 0.271485 0.15039 0.294923 0.15039 0.294923 0.136719 0.292971 0.134765 0.292971 0.09961 0.291018 0.097656 0.291018 0.091797 0.289066 0.089843 0.289066 0.087889 0.287105 0.085938 0.287105 0.083984 0.285153 0.082031 0.285153 0.080079
0 0.972653 0.65625 0.9707 0.658204 0.958985 0.658204 0.953128 0.664062 0.953128 0.669921 0.95508 0.671875 0.95508 0.673829 0.960938 0.679688 0.986328 0.679688 0.990233 0.67578 0.990233 0.666016 0.988281 0.664062 0.988281 0.662109 0.984375 0.658204 0.974613 0.658204
10 0.580075 0.988282 0.578122 0.990234 0.519531 0.990234 0.519531 0.998046 0.517579 1 0.517579 1 0.515626 1 0.515626 1 0.529294 1 0.531247 1 0.546874 1 0.548827 1 0.562502 1 0.564455 1 0.566407 1 0.578122 1 0.578122 1 0.580075 1
10 0.503904 0.748047 0.503904 0.775389 0.501951 0.777343 0.501951 0.802735 0.572265 0.802735 0.572265 0.777343 0.570312 0.775389 0.570312 0.750001 0.505856 0.750001
9 0.490236 0.121093 0.490236 0.126952 0.492189 0.128906 0.492189 0.134765 0.490236 0.136719 0.470703 0.136719 0.470703 0.146485 0.474608 0.146485 0.476561 0.148439 0.476561 0.15039 0.472656 0.154297 0.470703 0.154297 0.470703 0.158202 0.472656 0.156251 0.511721 0.156251 0.513674 0.154297 0.527341 0.154297 0.529294 0.152344 0.531247 0.152344 0.531247 0.15039 0.533207 0.148439 0.533207 0.140626 0.531247 0.138672 0.531247 0.136719 0.511721 0.136719 0.509769 0.134765 0.509769 0.13086 0.507809 0.128906 0.507809 0.123047 0.492189 0.123047
0 0.808596 0.355468 0.806643 0.357421 0.76953 0.357421 0.76953 0.359375 0.767577 0.361329 0.767577 0.36328 0.765625 0.365234 0.765625 0.369142 0.76953 0.373046 0.773435 0.373046 0.775387 0.375 0.77734 0.373046 0.789063 0.373046 0.791015 0.371093 0.802738 0.371093 0.806643 0.367188 0.808596 0.367188 0.810548 0.365234 0.810548 0.359375 0.808596 0.357421
10 0.562502 0.523436 0.56055 0.52539 0.499999 0.52539 0.499999 0.53711 0.501951 0.539061 0.501951 0.552735 0.564455 0.552735 0.564455 0.539061 0.562502 0.53711
10 0.267581 0.654296 0.265628 0.65625 0.25 0.65625 0.25 0.664062 0.251953 0.666016 0.251953 0.67578 0.253905 0.673829 0.275391 0.673829 0.277343 0.671875 0.296876 0.671875 0.298828 0.673829 0.298828 0.681641 0.300781 0.683592 0.300781 0.693359 0.302733 0.691405 0.324219 0.691405 0.324219 0.683592 0.322266 0.681641 0.322266 0.664062 0.320314 0.662109 0.320314 0.654296
9 0.24219 0.066405 0.240238 0.068359 0.236325 0.068359 0.234372 0.070313 0.234372 0.072267 0.23242 0.074218 0.23242 0.076172 0.230467 0.078126 0.230467 0.083984 0.228515 0.085938 0.228515 0.111327 0.230467 0.113281 0.230467 0.11914 0.248048 0.11914 0.25 0.121093 0.25 0.082031 0.248048 0.080079 0.248048 0.076172 0.246095 0.074218 0.246095 0.072267 0.244143 0.070313 0.244143 0.068359
10 0.197267 0.072267 0.197267 0.095702 0.195314 0.097656 0.195314 0.11914 0.22461 0.11914 0.226562 0.121093 0.226562 0.072267
10 0.021487 0.076172 0.021487 0.097656 0.019534 0.09961 0.013669 0.09961 0.013669 0.109376 0.011717 0.111327 0.011717 0.121093 0.041012 0.121093 0.042972 0.123047 0.070315 0.123047 0.072268 0.125001 0.072268 0.105468 0.06445 0.105468 0.062497 0.103514 0.054687 0.103514 0.052735 0.101563 0.044925 0.101563 0.042972 0.09961 0.035154 0.09961 0.033202 0.097656 0.033202 0.087889 0.035154 0.085938 0.035154 0.078126 0.02344 0.078126
0 0.759767 0.660158 0.757815 0.662109 0.757815 0.664062 0.75391 0.66797 0.755862 0.669921 0.755862 0.671875 0.759767 0.671875 0.76172 0.673829 0.791015 0.673829 0.79492 0.669921 0.79492 0.664062 0.792968 0.662109 0.76172 0.662109
10 0.615235 0.066405 0.615235 0.072267 0.617188 0.074218 0.617188 0.087889 0.61914 0.089843 0.61914 0.103514 0.621093 0.105468 0.621093 0.109376 0.61914 0.111327 0.607425 0.111327 0.607425 0.117188 0.605465 0.11914 0.605465 0.132814 0.603513 0.134765 0.603513 0.140626 0.605465 0.138672 0.624998 0.138672 0.62695 0.136719 0.644531 0.136719 0.644531 0.13086 0.642578 0.128906 0.642578 0.097656 0.644531 0.095702 0.644531 0.087889 0.646483 0.085938 0.646483 0.066405
9 0.164059 0.333984 0.162106 0.335938 0.158201 0.335938 0.156249 0.337891 0.152344 0.337891 0.150391 0.339842 0.146486 0.339842 0.144534 0.341796 0.140629 0.341796 0.138669 0.34375 0.132811 0.34375 0.130858 0.345704 0.126953 0.345704 0.125001 0.347655 0.121096 0.347655 0.126953 0.347655 0.128906 0.349609 0.132811 0.349609 0.134763 0.351563 0.140629 0.351563 0.142581 0.353516 0.148439 0.353516 0.150391 0.355468 0.154296 0.355468 0.156249 0.357421 0.162106 0.357421 0.164059 0.359375 0.167972 0.359375 0.167972 0.355468 0.169924 0.353516 0.169924 0.347655 0.171877 0.345704 0.171877 0.34375 0.169924 0.341796 0.169924 0.339842 0.167972 0.337891 0.167972 0.335938 0.166019 0.335938
10 0.494141 0.60547 0.494141 0.634766 0.496094 0.63672 0.496094 0.710938 0.498046 0.708984 0.529294 0.708984 0.529294 0.693359 0.527341 0.691405 0.527341 0.67578 0.529294 0.673829 0.535159 0.673829 0.537112 0.67578 0.537112 0.677734 0.539064 0.679688 0.539064 0.681641 0.541017 0.683592 0.541017 0.685546 0.542969 0.6875 0.542969 0.689454 0.544922 0.6875 0.56836 0.6875 0.56836 0.677734 0.566407 0.67578 0.566407 0.654296 0.564455 0.652345 0.564455 0.640625 0.554684 0.640625 0.552732 0.638671 0.542969 0.638671 0.541017 0.63672 0.541017 0.654296 0.539064 0.65625 0.529294 0.65625 0.527341 0.654296 0.527341 0.632812 0.525389 0.630858 0.525389 0.60547
9 0.332029 0.138672 0.330076 0.140626 0.318361 0.140626 0.320314 0.142577 0.320314 0.144531 0.322266 0.146485 0.320314 0.148439 0.316409 0.148439 0.316409 0.15039 0.314456 0.152344 0.314456 0.154297 0.316409 0.154297 0.320314 0.158202 0.328124 0.158202 0.330076 0.156251 0.337894 0.156251 0.339847 0.154297 0.357419 0.154297 0.359372 0.152344 0.361332 0.152344 0.361332 0.15039 0.363284 0.148439 0.363284 0.144531 0.361332 0.142577 0.361332 0.140626 0.357419 0.140626 0.355467 0.138672
10 0.957033 0.064454 0.95508 0.066405 0.953128 0.066405 0.951175 0.068359 0.949215 0.068359 0.949215 0.089843 0.953128 0.093751 0.953128 0.095702 0.957033 0.09961 0.957033 0.109376 0.958985 0.111327 0.958985 0.123047 0.960938 0.123047 0.96289 0.121093 0.994138 0.121093 0.996091 0.11914 0.998043 0.121093 0.998043 0.125001 1 0.125001 1 0.126952 1 0.123047 1 0.121093 1 0.111327 1 0.109376 1 0.09961 1 0.097656 1 0.087889 1 0.085938 1 0.082031 1 0.082031 1 0.080079 1 0.080079 1 0.078126 1 0.078126 1 0.076172 1 0.095702 1 0.097656 1 0.097656 1 0.095702 1 0.064454
10 0.673826 0.070313 0.673826 0.101563 0.675779 0.103514 0.675779 0.134765 0.714844 0.134765 0.714844 0.121093 0.712892 0.11914 0.712892 0.103514 0.689454 0.103514 0.687501 0.101563 0.687501 0.070313
10 0.236325 0.300782 0.236325 0.308595 0.234372 0.310546 0.234372 0.316407 0.236325 0.314454 0.240238 0.314454 0.24219 0.3125 0.248048 0.3125 0.25 0.310546 0.255858 0.310546 0.263675 0.318359 0.263675 0.320312 0.269533 0.326171 0.269533 0.328125 0.275391 0.333984 0.275391 0.335938 0.279296 0.339842 0.287105 0.339842 0.289066 0.341796 0.289066 0.345704 0.291018 0.347655 0.291018 0.359375 0.292971 0.361329 0.292971 0.373046 0.294923 0.375 0.294923 0.386718 0.296876 0.388672 0.296876 0.39453 0.316409 0.39453 0.316409 0.380859 0.314456 0.378905 0.314456 0.349609 0.312504 0.347655 0.312504 0.318359 0.310543 0.316407 0.310543 0.300782
9 0.667969 0.085938 0.666016 0.087889 0.646483 0.087889 0.646483 0.095702 0.644531 0.097656 0.644531 0.128906 0.646483 0.13086 0.646483 0.136719 0.648436 0.138672 0.648436 0.142577 0.656253 0.142577 0.656253 0.138672 0.658206 0.136719 0.660159 0.136719 0.662111 0.138672 0.662111 0.140626 0.669921 0.140626 0.669921 0.132814 0.671874 0.13086 0.671874 0.117188 0.669921 0.115235 0.669921 0.097656 0.667969 0.095702
9 0.996091 0.121093 0.994138 0.123047 0.96289 0.123047 0.960938 0.125001 0.957033 0.125001 0.95508 0.126952 0.953128 0.126952 0.953128 0.13086 0.95508 0.132814 0.95508 0.134765 0.960938 0.140626 0.998043 0.140626 0.998043 0.136719 0.996091 0.134765
10 0.488284 0.423827 0.488284 0.433593 0.490236 0.435547 0.490236 0.445313 0.492189 0.44336 0.558597 0.44336 0.558597 0.423827
0 0.605465 0.919923 0.603513 0.921874 0.595702 0.921874 0.59375 0.923828 0.58594 0.923828 0.58594 0.925782 0.583987 0.927733 0.583987 0.929687 0.58594 0.931641 0.58594 0.933595 0.587893 0.933595 0.591798 0.937499 0.59375 0.935546 0.599607 0.935546 0.60156 0.933595 0.607425 0.933595 0.607425 0.931641 0.609378 0.929687 0.609378 0.923828
10 0.332029 0.066405 0.332029 0.085938 0.330076 0.087889 0.330076 0.105468 0.328124 0.107422 0.306638 0.107422 0.306638 0.142577 0.308591 0.140626 0.316409 0.140626 0.318361 0.138672 0.330076 0.138672 0.332029 0.136719 0.355467 0.136719 0.357419 0.138672 0.361332 0.138672 0.363284 0.140626 0.384762 0.140626 0.384762 0.134765 0.386722 0.132814 0.386722 0.11914 0.388675 0.117188 0.388675 0.111327 0.347656 0.111327 0.345704 0.109376 0.345704 0.066405