0 0.865234 0.410156 0.863283 0.412109 0.861326 0.412109 0.861326 0.423828 0.867185 0.423828 0.869143 0.425781 0.89453 0.425781 0.896487 0.427734 0.898438 0.425781 0.904297 0.425781 0.904297 0.423828 0.906248 0.421875 0.906248 0.417968 0.908205 0.416015 0.908205 0.414062 0.900389 0.414062 0.898438 0.412109 0.867185 0.412109
7 0.042971 0.445313 0.042971 0.447266 0.041014 0.449219 0.041014 0.451173 0.042971 0.453126 0.042971 0.455079 0.052732 0.455079 0.05664 0.458984 0.05664 0.470703 0.054689 0.472656 0.054689 0.480469 0.052732 0.482422 0.033203 0.482422 0.031252 0.484375 0.009767 0.484375 0.009767 0.494141 0.039062 0.494141 0.041014 0.496094 0.041014 0.501954 0.042971 0.503907 0.042971 0.507813 0.044922 0.507813 0.046873 0.509766 0.04883 0.507813 0.04883 0.496094 0.050781 0.494141 0.052732 0.494141 0.054689 0.496094 0.054689 0.503907 0.05664 0.50586 0.05664 0.51172 0.058591 0.513673 0.058591 0.51953 0.060548 0.521484 0.060548 0.52539 0.062499 0.527343 0.062499 0.529296 0.066407 0.52539 0.066407 0.523437 0.068358 0.521484 0.068358 0.503907 0.070315 0.501954 0.070315 0.496094 0.072267 0.494141 0.074217 0.494141 0.076175 0.496094 0.076175 0.50586 0.078125 0.507813 0.080077 0.50586 0.083985 0.50586 0.083985 0.494141 0.085936 0.492188 0.11328 0.492188 0.11328 0.482422 0.070315 0.482422 0.068358 0.480469 0.068358 0.468749 0.066407 0.466796 0.066407 0.45703 0.068358 0.455079 0.078125 0.455079 0.080077 0.453126 0.082034 0.453126 0.083985 0.451173 0.085936 0.451173 0.085936 0.447266 0.083985 0.445313
7 0.730467 0.341796 0.730467 0.343749 0.728517 0.345702 0.728517 0.347656 0.726565 0.349609 0.726565 0.351562 0.722657 0.355468 0.703123 0.355468 0.703123 0.363281 0.716798 0.363281 0.718749 0.365234 0.718749 0.388673 0.7207 0.390626 0.7207 0.414062 0.718749 0.416015 0.71289 0.416015 0.710939 0.414062 0.710939 0.410156 0.708982 0.412109 0.70508 0.412109 0.70508 0.414062 0.703123 0.416015 0.681643 0.416015 0.679686 0.417968 0.65625 0.417968 0.65625 0.425781 0.679686 0.425781 0.681643 0.427734 0.703123 0.427734 0.70508 0.429688 0.70508 0.445313 0.71289 0.445313 0.71289 0.431641 0.714841 0.429688 0.718749 0.429688 0.7207 0.431641 0.7207 0.449219 0.722657 0.451173 0.722657 0.472656 0.724608 0.474609 0.724608 0.478515 0.728517 0.482422 0.728517 0.484375 0.732424 0.488281 0.738284 0.482422 0.738284 0.480469 0.740235 0.478515 0.740235 0.476562 0.742186 0.474609 0.742186 0.468749 0.744143 0.466796 0.744143 0.45703 0.742186 0.455079 0.742186 0.431641 0.744143 0.429688 0.750002 0.429688 0.751953 0.431641 0.751953 0.433594 0.753904 0.435547 0.753904 0.441407 0.759763 0.441407 0.759763 0.425781 0.76172 0.423828 0.777347 0.423828 0.779298 0.421875 0.792967 0.421875 0.794924 0.419922 0.810544 0.419922 0.810544 0.412109 0.808594 0.414062 0.76172 0.414062 0.759763 0.412109 0.759763 0.410156 0.757812 0.408202 0.751953 0.408202 0.751953 0.410156 0.750002 0.412109 0.744143 0.412109 0.742186 0.410156 0.742186 0.388673 0.740235 0.386719 0.740235 0.371094 0.738284 0.369141 0.738284 0.365234 0.740235 0.363281 0.765622 0.363281 0.765622 0.353515 0.753904 0.353515 0.751953 0.351562 0.740235 0.351562
0 0.859375 0.730469 0.857424 0.732422 0.857424 0.736329 0.855467 0.738282 0.855467 0.742188 0.857424 0.744141 0.857424 0.748048 0.861326 0.748048 0.863283 0.750001 0.880861 0.750001 0.882812 0.751954 0.898438 0.751954 0.900389 0.753905 0.906248 0.748048 0.906248 0.746095 0.908205 0.744141 0.906248 0.742188 0.906248 0.734375 0.89453 0.734375 0.892579 0.732422 0.867185 0.732422 0.865234 0.730469
0 0.873044 0.646484 0.871093 0.648437 0.869143 0.648437 0.869143 0.65039 0.867185 0.652343 0.867185 0.65625 0.865234 0.658203 0.865234 0.660156 0.867185 0.662109 0.867185 0.664062 0.869143 0.664062 0.873044 0.667969 0.875001 0.666016 0.904297 0.666016 0.906248 0.664062 0.906248 0.65625 0.904297 0.654297 0.904297 0.652343 0.900389 0.648437 0.875001 0.648437
0 0.841797 0.197266 0.841797 0.199219 0.839847 0.201172 0.839847 0.210938 0.841797 0.212891 0.841797 0.228515 0.843749 0.228515 0.845706 0.230468 0.851565 0.230468 0.853516 0.228515 0.855467 0.228515 0.857424 0.226562 0.859375 0.226562 0.859375 0.216798 0.857424 0.214845 0.857424 0.203125 0.855467 0.201172 0.855467 0.199219 0.851565 0.199219 0.849608 0.197266
0 0.871093 0.554688 0.869143 0.556641 0.867185 0.556641 0.867185 0.560547 0.865234 0.562501 0.865234 0.564454 0.867185 0.564454 0.871093 0.56836 0.876952 0.56836 0.878903 0.570313 0.906248 0.570313 0.906248 0.556641 0.900389 0.556641 0.898438 0.554688
1 0.888671 0.576171 0.88672 0.578124 0.828122 0.578124 0.82422 0.582031 0.82422 0.58789 0.826171 0.589843 0.826171 0.595703 0.830079 0.595703 0.83203 0.597656 0.833987 0.597656 0.835938 0.595703 0.89453 0.595703 0.898438 0.591796 0.898438 0.589843 0.900389 0.58789 0.900389 0.583984 0.898438 0.582031 0.898438 0.578124 0.890628 0.578124
0 0.644531 0.205079 0.64258 0.207032 0.638672 0.207032 0.638672 0.238281 0.640623 0.240234 0.640623 0.242187 0.64258 0.244141 0.654298 0.244141 0.654298 0.242187 0.65625 0.240234 0.65625 0.208985 0.654298 0.207032 0.654298 0.205079
0 0.892579 0.478515 0.890628 0.480469 0.875001 0.480469 0.873044 0.482422 0.869143 0.482422 0.865234 0.486328 0.865234 0.498047 0.902346 0.498047 0.904297 0.496094 0.904297 0.482422 0.900389 0.482422 0.898438 0.480469 0.89453 0.480469
0 0.863283 0.451173 0.863283 0.455079 0.861326 0.45703 0.861326 0.46289 0.863283 0.464843 0.863283 0.468749 0.865234 0.468749 0.867185 0.470703 0.904297 0.470703 0.908205 0.466796 0.910156 0.466796 0.910156 0.455079 0.906248 0.455079 0.904297 0.453126 0.873044 0.453126 0.871093 0.451173
0 0.878903 0.601562 0.876952 0.603516 0.875001 0.603516 0.875001 0.615235 0.876952 0.617188 0.876952 0.619141 0.878903 0.619141 0.880861 0.621094 0.882812 0.619141 0.910156 0.619141 0.912107 0.617188 0.914064 0.617188 0.914064 0.605469 0.910156 0.601562
0 0.898438 0.623048 0.896487 0.625001 0.867185 0.625001 0.865234 0.626954 0.863283 0.626954 0.863283 0.628907 0.861326 0.63086 0.861326 0.638671 0.863283 0.640624 0.869143 0.640624 0.871093 0.642577 0.89453 0.642577 0.896487 0.640624 0.898438 0.640624 0.900389 0.638671 0.902346 0.638671 0.902346 0.636718 0.904297 0.634765 0.904297 0.63086 0.900389 0.626954 0.900389 0.625001
0 0.53125 0.212891 0.529299 0.214845 0.525391 0.214845 0.525391 0.224609 0.527342 0.226562 0.527342 0.236328 0.529299 0.238281 0.53125 0.238281 0.533201 0.240234 0.537109 0.236328 0.537109 0.226562 0.53906 0.224609 0.53906 0.216798 0.537109 0.216798 0.535158 0.214845 0.533201 0.214845
1 0.882812 0.835937 0.880861 0.83789 0.876952 0.83789 0.875001 0.839844 0.871093 0.839844 0.871093 0.855469 0.873044 0.857422 0.875001 0.857422 0.876952 0.859376 0.923826 0.859376 0.925783 0.857422 0.937501 0.857422 0.937501 0.845703 0.935544 0.84375 0.935544 0.839844 0.929685 0.839844 0.927734 0.83789 0.923826 0.83789 0.921875 0.835937
0 0.667968 0.210938 0.666017 0.212891 0.66406 0.212891 0.66406 0.214845 0.662108 0.216798 0.662108 0.228515 0.66406 0.230468 0.66406 0.244141 0.666017 0.246094 0.666017 0.248047 0.677735 0.248047 0.677735 0.246094 0.679686 0.244141 0.679686 0.230468 0.681643 0.228515 0.681643 0.216798 0.679686 0.214845 0.679686 0.212891 0.677735 0.210938
0 0.513673 0.212891 0.511721 0.214845 0.509764 0.214845 0.509764 0.236328 0.511721 0.238281 0.511721 0.240234 0.521482 0.240234 0.523439 0.238281 0.523439 0.214845 0.519532 0.214845 0.517581 0.212891
0 0.863283 0.671875 0.863283 0.685548 0.865234 0.687501 0.865234 0.689454 0.898438 0.689454 0.900389 0.691407 0.902346 0.689454 0.904297 0.689454 0.904297 0.677735 0.902346 0.675782 0.902346 0.673828 0.900389 0.671875
0 0.859375 0.695312 0.859375 0.708984 0.863283 0.71289 0.904297 0.71289 0.906248 0.710937 0.906248 0.708984 0.908205 0.707031 0.908205 0.697265 0.900389 0.697265 0.898438 0.695312
1 0.875001 0.77539 0.875001 0.777344 0.873044 0.779297 0.869143 0.779297 0.867185 0.78125 0.855467 0.78125 0.851565 0.785156 0.849608 0.785156 0.849608 0.789063 0.851565 0.791016 0.851565 0.794922 0.853516 0.796875 0.853516 0.798829 0.855467 0.798829 0.857424 0.800782 0.859375 0.798829 0.867185 0.798829 0.869143 0.800782 0.871093 0.800782 0.873044 0.802735 0.953127 0.802735 0.955079 0.800782 0.95703 0.800782 0.95703 0.798829 0.955079 0.796875 0.955079 0.783203 0.953127 0.78125 0.953127 0.779297 0.945312 0.779297 0.94336 0.777344 0.876952 0.777344
0 0.822263 0.197266 0.822263 0.199219 0.820312 0.201172 0.820312 0.228515 0.822263 0.230468 0.822263 0.232421 0.83203 0.232421 0.833987 0.230468 0.837889 0.230468 0.837889 0.203125 0.83203 0.197266
7 0.263673 0.281249 0.261716 0.283202 0.251955 0.283202 0.249998 0.285155 0.240237 0.285155 0.23828 0.287109 0.208984 0.287109 0.207033 0.285155 0.207033 0.292968 0.208984 0.292968 0.210936 0.294921 0.212893 0.294921 0.214843 0.296875 0.218751 0.296875 0.220702 0.298828 0.222654 0.298828 0.224611 0.300781 0.226562 0.300781 0.228513 0.302734 0.228513 0.31836 0.226562 0.320313 0.212893 0.320313 0.212893 0.328126 0.210936 0.330079 0.210936 0.343749 0.208984 0.345702 0.208984 0.351562 0.212893 0.351562 0.214843 0.353515 0.214843 0.361328 0.212893 0.363281 0.212893 0.369141 0.210936 0.371094 0.201174 0.371094 0.199217 0.369141 0.185547 0.369141 0.183597 0.367188 0.171872 0.367188 0.169921 0.365234 0.158203 0.365234 0.156251 0.363281 0.154294 0.365234 0.154294 0.367188 0.152344 0.369141 0.154294 0.371094 0.154294 0.373047 0.158203 0.373047 0.160154 0.375 0.162111 0.375 0.164062 0.376953 0.16797 0.376953 0.169921 0.378907 0.171872 0.378907 0.173829 0.38086 0.17578 0.38086 0.177737 0.382813 0.179688 0.382813 0.183597 0.386719 0.185547 0.386719 0.187499 0.388673 0.189456 0.388673 0.191407 0.390626 0.193358 0.390626 0.197266 0.394532 0.199217 0.394532 0.201174 0.396485 0.203125 0.396485 0.205076 0.398436 0.207033 0.398436 0.210936 0.402343 0.212893 0.402343 0.214843 0.404296 0.214843 0.4375 0.216794 0.439454 0.216794 0.476562 0.218751 0.478515 0.218751 0.482422 0.220702 0.484375 0.220702 0.488281 0.222654 0.490234 0.222654 0.492188 0.224611 0.494141 0.224611 0.496094 0.226562 0.498047 0.226562 0.5 0.226562 0.498047 0.228513 0.496094 0.228513 0.494141 0.23047 0.492188 0.23047 0.490234 0.232421 0.488281 0.232421 0.486328 0.234378 0.484375 0.234378 0.482422 0.236329 0.480469 0.236329 0.474609 0.23828 0.472656 0.23828 0.40039 0.240237 0.398436 0.242188 0.398436 0.244139 0.396485 0.246096 0.396485 0.248047 0.394532 0.249998 0.394532 0.251955 0.392579 0.253906 0.392579 0.255857 0.390626 0.257814 0.390626 0.259766 0.388673 0.261716 0.388673 0.263673 0.386719 0.265625 0.386719 0.267576 0.384766 0.271484 0.384766 0.273435 0.382813 0.275392 0.382813 0.277343 0.38086 0.279294 0.38086 0.281251 0.378907 0.283202 0.378907 0.285159 0.376953 0.28711 0.376953 0.289062 0.375 0.291018 0.375 0.292969 0.373047 0.29492 0.373047 0.298829 0.369141 0.298829 0.365234 0.296877 0.363281 0.296877 0.361328 0.29492 0.363281 0.292969 0.363281 0.291018 0.365234 0.283202 0.365234 0.281251 0.367188 0.273435 0.367188 0.271484 0.369141 0.263673 0.369141 0.261716 0.371094 0.240237 0.371094 0.23828 0.369141 0.23828 0.349609 0.240237 0.347656 0.249998 0.347656 0.249998 0.320313 0.23828 0.320313 0.236329 0.31836 0.236329 0.310547 0.23828 0.308594 0.23828 0.302734 0.240237 0.300781 0.242188 0.300781 0.244139 0.298828 0.246096 0.298828 0.248047 0.296875 0.249998 0.296875 0.251955 0.294921 0.255857 0.294921 0.257814 0.292968 0.259766 0.292968 0.261716 0.291015 0.263673 0.291015
0 0.865234 0.392579 0.863283 0.394532 0.861326 0.394532 0.861326 0.406249 0.863283 0.408202 0.882812 0.408202 0.884763 0.410156 0.902346 0.410156 0.904297 0.412109 0.904297 0.402343 0.906248 0.40039 0.906248 0.396485 0.902346 0.396485 0.900389 0.394532 0.867185 0.394532