0 0.923829 0.085941 0.921875 0.087892 0.921875 0.089842 0.919921 0.0918 0.925784 0.097653 0.925784 0.099611 0.931637 0.105471 0.935545 0.101562 0.9375 0.101562 0.929692 0.093751 0.929692 0.0918
0 0.753903 0.048825 0.74805 0.054684 0.753903 0.060544 0.753903 0.062502 0.759766 0.068362 0.765629 0.062502 0.759766 0.056642 0.759766 0.054684
0 0.66211 0.224608 0.658201 0.228517 0.660156 0.230468 0.660156 0.232419 0.66211 0.234376 0.66211 0.236328 0.664064 0.238278 0.664064 0.240236 0.666018 0.242187 0.667973 0.240236 0.667973 0.238278 0.669917 0.236328 0.667973 0.234376 0.667973 0.232419 0.664064 0.228517 0.664064 0.226566
0 0.656247 0.099611 0.654293 0.101562 0.652348 0.101562 0.654293 0.103513 0.654293 0.105471 0.656247 0.107421 0.656247 0.109372 0.658201 0.111331 0.658201 0.113281 0.660156 0.115232 0.660156 0.11719 0.66211 0.119141 0.667973 0.113281 0.66211 0.107421 0.66211 0.105471
0 0.701176 0.248047 0.695313 0.253907 0.701176 0.259766 0.701176 0.261717 0.707029 0.267577 0.712892 0.261717 0.707029 0.255857 0.707029 0.253907
0 0.875001 0.347654 0.861331 0.361331 0.863285 0.361331 0.86523 0.363282 0.867184 0.363282 0.869138 0.365233 0.873047 0.361331 0.873047 0.359374 0.87891 0.353514 0.876956 0.351563 0.876956 0.349612
0 0.830082 0.046874 0.830082 0.048825 0.828128 0.050783 0.828128 0.052733 0.826173 0.054684 0.835935 0.064453 0.839844 0.060544 0.841798 0.060544 0.835935 0.054684 0.835935 0.052733
1 0.783208 0.884766 0.779299 0.888674 0.777345 0.888674 0.773437 0.892576 0.771482 0.892576 0.765629 0.898436 0.763675 0.898436 0.759766 0.902345 0.757812 0.902345 0.755858 0.904295 0.757812 0.906253 0.757812 0.908205 0.759766 0.910155 0.759766 0.912106 0.76172 0.914064 0.765629 0.910155 0.767574 0.910155 0.775391 0.902345 0.777345 0.902345 0.785152 0.894534 0.787107 0.894534 0.789061 0.892576 0.785152 0.888674 0.785152 0.886716
0 0.710938 0.146482 0.708984 0.148439 0.708984 0.152341 0.710938 0.154299 0.710938 0.15625 0.716801 0.162109 0.716801 0.164061 0.718746 0.166018 0.722654 0.162109 0.718746 0.158201 0.718746 0.15625 0.712892 0.15039 0.712892 0.148439
0 0.853514 0.558596 0.851559 0.560546 0.851559 0.562498 0.847661 0.566406 0.849605 0.568357 0.849605 0.570315 0.855468 0.576175 0.855468 0.578125 0.861331 0.583985 0.861331 0.585936 0.863285 0.587894 0.86523 0.585936 0.86523 0.583985 0.867184 0.582035 0.867184 0.580077 0.869138 0.578125 0.86523 0.574217 0.86523 0.572266 0.857422 0.564456 0.857422 0.562498
0 0.808594 0.000003 0.80664 0.001954 0.80664 0.003905 0.804686 0.005856 0.814457 0.015625 0.818356 0.011715 0.82031 0.011715
0 0.816402 0.591796 0.810549 0.597656 0.808594 0.597656 0.80664 0.599607 0.814457 0.607424 0.816402 0.607424 0.826173 0.617186 0.832036 0.611326 0.828128 0.607424 0.828128 0.605466 0.82031 0.597656 0.82031 0.595705
0 0.583987 0.162109 0.580078 0.166018 0.578124 0.166018 0.580078 0.167969 0.580078 0.16992 0.583987 0.173829 0.583987 0.17578 0.587886 0.179688 0.587886 0.18164 0.58984 0.183598 0.591794 0.18164 0.591794 0.179688 0.593749 0.177738 0.591794 0.17578 0.591794 0.173829 0.587886 0.16992 0.587886 0.167969 0.585941 0.166018 0.585941 0.164061
0 0.773437 0.031253 0.771482 0.033204 0.771482 0.035154 0.767574 0.039063 0.769528 0.041014 0.769528 0.042972 0.771482 0.044923 0.771482 0.046874 0.773437 0.048825 0.773437 0.050783 0.775391 0.052733 0.777345 0.050783 0.779299 0.050783 0.781254 0.048825 0.783208 0.048825 0.781254 0.046874 0.781254 0.044923 0.779299 0.042972 0.779299 0.041014 0.777345 0.039063 0.777345 0.037112 0.775391 0.035154 0.775391 0.033204
0 0.921875 0.7832 0.919921 0.785158 0.917966 0.785158 0.916012 0.787109 0.916012 0.78906 0.917966 0.791018 0.917966 0.792969 0.919921 0.794919 0.919921 0.796877 0.923829 0.800779 0.923829 0.802737 0.925784 0.804688 0.929692 0.800779 0.931637 0.800779 0.929692 0.798828 0.929692 0.796877 0.927738 0.794919 0.927738 0.792969 0.925784 0.791018 0.925784 0.78906 0.923829 0.787109 0.923829 0.785158
0 0.5625 0.183598 0.558591 0.187499 0.560545 0.18945 0.560545 0.191408 0.564454 0.19531 0.564454 0.197268 0.566408 0.199218 0.568362 0.197268 0.572261 0.197268 0.570317 0.19531 0.570317 0.193359 0.568362 0.191408 0.568362 0.18945 0.566408 0.187499 0.566408 0.185548 0.564454 0.183598
0 0.574215 0 0.574215 0.000003 0.572261 0.001954 0.583987 0.013674 0.587886 0.009765 0.583987 0.005856 0.582033 0.005856
0 0.919921 0.095702 0.917966 0.097653 0.914058 0.097653 0.919921 0.103513 0.919921 0.105471 0.923829 0.109372 0.927738 0.105471 0.923829 0.101562 0.923829 0.099611
0 0.669917 0.218749 0.667973 0.220706 0.66211 0.220706 0.669917 0.228517 0.669917 0.230468 0.67578 0.236328 0.679689 0.232419 0.677735 0.230468 0.677735 0.228517 0.671872 0.222657 0.671872 0.220706
0 0.615236 0.167969 0.613282 0.16992 0.613282 0.171878 0.611328 0.173829 0.611328 0.17578 0.609373 0.177738 0.613282 0.18164 0.615236 0.18164 0.623044 0.18945 0.626952 0.185548 0.624998 0.183598 0.624998 0.18164 0.621089 0.177738 0.621089 0.17578 0.61719 0.171878 0.61719 0.16992
0 0.904296 0.105471 0.902342 0.107421 0.902342 0.109372 0.904296 0.111331 0.904296 0.113281 0.908205 0.11719 0.908205 0.119141 0.910159 0.121092 0.908205 0.12305 0.912113 0.119141 0.914058 0.119141 0.916012 0.11719
0 0.669917 0.179688 0.664064 0.185548 0.677735 0.199218 0.679689 0.197268 0.681643 0.197268 0.679689 0.19531 0.679689 0.193359 0.67578 0.18945 0.67578 0.187499 0.671872 0.183598 0.671872 0.18164
0 0.835935 0.039063 0.832036 0.042972 0.830082 0.042972 0.832036 0.044923 0.832036 0.046874 0.837889 0.052733 0.837889 0.054684 0.839844 0.056642 0.843752 0.052733 0.845706 0.052733 0.843752 0.050783 0.843752 0.048825 0.837889 0.042972 0.837889 0.041014
0 0.9375 0.076172 0.935545 0.078123 0.931637 0.078123 0.933591 0.080081 0.933591 0.082032 0.939454 0.087892 0.939454 0.089842 0.941408 0.0918 0.943363 0.089842 0.947261 0.089842 0.945317 0.087892 0.945317 0.085941 0.939454 0.080081 0.939454 0.078123
0 0.535159 0.031253 0.533204 0.033204 0.533204 0.035154 0.53125 0.037112 0.533204 0.039063 0.533204 0.041014 0.541012 0.048825 0.541012 0.050783 0.546875 0.044923 0.541012 0.039063 0.541012 0.037112
0 0.943363 0.068362 0.939454 0.072263 0.9375 0.072263 0.939454 0.074221 0.939454 0.076172 0.941408 0.078123 0.941408 0.080081 0.947261 0.085941 0.947261 0.087892 0.949216 0.087892 0.949216 0.085941 0.953124 0.082032 0.95117 0.080081 0.95117 0.078123 0.945317 0.072263 0.945317 0.070312
0 0.611328 0.019533 0.611328 0.021484 0.609373 0.023435 0.609373 0.025393 0.607419 0.027344 0.613282 0.033204 0.613282 0.035154 0.619145 0.041014 0.623044 0.037112 0.621089 0.035154 0.621089 0.033204 0.61719 0.029294 0.61719 0.027344 0.613282 0.023435 0.613282 0.021484
0 0.839844 0.068362 0.837889 0.070312 0.837889 0.072263 0.835935 0.074221 0.837889 0.076172 0.837889 0.078123 0.839844 0.080081 0.839844 0.082032 0.841798 0.083983 0.841798 0.085941 0.845706 0.082032 0.847661 0.082032 0.845706 0.080081 0.845706 0.078123 0.843752 0.076172 0.843752 0.074221 0.841798 0.072263 0.841798 0.070312
0 0.583987 0.197268 0.580078 0.201169 0.578124 0.201169 0.582033 0.205078 0.583987 0.205078 0.591794 0.212889 0.591794 0.210938 0.593749 0.208987 0.593749 0.207029
0 0.79297 0 0.787107 0 0.798833 0.000003 0.802731 0 0.800777 0 0.800777 0 0.794924 0 0.794924 0
0 0.669917 0.472658 0.669917 0.478518 0.667973 0.480469 0.667973 0.486329 0.669917 0.484378 0.673826 0.484378 0.67578 0.48242 0.681643 0.48242 0.683597 0.480469 0.687496 0.480469 0.687496 0.474609 0.671872 0.474609
0 0.644531 0.050783 0.642577 0.052733 0.642577 0.054684 0.640622 0.056642 0.652348 0.068362 0.656247 0.064453 0.650394 0.058593 0.650394 0.056642
0 0.666018 0.095702 0.664064 0.097653 0.66211 0.097653 0.660156 0.099611 0.658201 0.099611 0.664064 0.105471 0.664064 0.107421 0.669917 0.113281 0.671872 0.111331 0.671872 0.109372 0.673826 0.107421 0.671872 0.105471 0.671872 0.103513 0.667973 0.099611 0.667973 0.097653
0 0.900388 0.072263 0.896489 0.076172 0.894534 0.076172 0.906251 0.087892 0.912113 0.087892 0.908205 0.083983 0.908205 0.082032 0.902342 0.076172 0.902342 0.074221
0 0.86523 0.048825 0.861331 0.052733 0.859377 0.052733 0.86523 0.058593 0.86523 0.060544 0.871093 0.066404 0.871093 0.064453 0.873047 0.062502 0.871093 0.060544 0.871093 0.058593 0.869138 0.056642 0.869138 0.054684 0.867184 0.052733 0.867184 0.050783
0 0.583987 0.103513 0.583987 0.105471 0.582033 0.107421 0.587886 0.113281 0.587886 0.115232 0.593749 0.121092 0.599612 0.115232 0.597657 0.113281 0.595703 0.113281 0.58984 0.107421 0.587886 0.107421
0 0.824219 0 0.82031 0 0.818356 0 0.816402 0 0.822265 0.000003 0.824219 0.000003 0.832036 0.007814 0.832036 0.005856 0.833981 0.003905 0.833981 0.001954 0.832036 0.000003 0.832036 0 0.826173 0 0.826173 0
0 0.685552 0.111331 0.681643 0.115232 0.683597 0.11719 0.683597 0.119141 0.687496 0.12305 0.687496 0.125 0.691405 0.12891 0.691405 0.13086 0.693359 0.132811 0.695313 0.13086 0.695313 0.12891 0.697268 0.126951 0.693359 0.12305 0.693359 0.121092 0.687496 0.115232 0.687496 0.113281
0 0.580078 0.107421 0.578124 0.109372 0.578124 0.111331 0.57617 0.113281 0.578124 0.115232 0.578124 0.11719 0.580078 0.119141 0.580078 0.121092 0.582033 0.12305 0.582033 0.125 0.583987 0.126951 0.58984 0.121092 0.587886 0.119141 0.587886 0.11719 0.582033 0.111331 0.582033 0.109372
0 0.507808 0.41016 0.501955 0.416012 0.513671 0.427732 0.515626 0.425781 0.51758 0.425781 0.519534 0.42383 0.523433 0.42383 0.51758 0.41797 0.515626 0.41797
0 0.683597 0.167969 0.681643 0.16992 0.681643 0.171878 0.679689 0.173829 0.681643 0.17578 0.681643 0.177738 0.687496 0.183598 0.687496 0.185548 0.689451 0.187499 0.691405 0.185548 0.691405 0.183598 0.693359 0.18164 0.691405 0.179688 0.691405 0.177738 0.685552 0.171878 0.685552 0.16992
0 0.677735 0.267577 0.671872 0.273437 0.673826 0.275387 0.67578 0.275387 0.681643 0.281247 0.683597 0.281247 0.687496 0.285155 0.689451 0.283205 0.689451 0.281247 0.693359 0.277345 0.691405 0.277345 0.687496 0.273437 0.685552 0.273437 0.681643 0.269534 0.679689 0.269534
0 0.828128 0.078123 0.830082 0.080081 0.830082 0.082032 0.833981 0.085941 0.833981 0.087892 0.835935 0.089842 0.835935 0.0918 0.837889 0.093751 0.839844 0.0918 0.843752 0.0918 0.841798 0.089842 0.841798 0.087892 0.839844 0.085941 0.839844 0.083983 0.837889 0.082032 0.837889 0.080081 0.835935 0.078123
0 0.671872 0.121092 0.667973 0.125 0.666018 0.125 0.669917 0.12891 0.669917 0.13086 0.67578 0.13672 0.67578 0.138671 0.677735 0.140622 0.679689 0.138671 0.681643 0.138671 0.679689 0.13672 0.679689 0.134769 0.677735 0.132811 0.677735 0.13086 0.67578 0.12891 0.67578 0.126951 0.673826 0.125 0.673826 0.12305
0 0.814457 0 0.812503 0 0.814457 0.000003 0.814457 0.001954 0.82031 0.007814 0.82031 0.009765 0.822265 0.011715 0.824219 0.009765 0.824219 0.007814 0.826173 0.005856 0.816402 0
0 0.832036 0.132811 0.828128 0.13672 0.826173 0.13672 0.824219 0.138671 0.826173 0.140622 0.828128 0.140622 0.833981 0.146482 0.835935 0.146482 0.839844 0.15039 0.843752 0.146482 0.845706 0.146482
0 0.886717 0.083983 0.882809 0.087892 0.886717 0.0918 0.886717 0.093751 0.89258 0.099611 0.89258 0.101562 0.894534 0.103513 0.894534 0.101562 0.896489 0.099611 0.896489 0.097653 0.898433 0.095702
0 0.507808 0.16992 0.505864 0.171878 0.505864 0.173829 0.50391 0.17578 0.507808 0.179688 0.507808 0.18164 0.513671 0.187499 0.513671 0.18945 0.515626 0.191408 0.521489 0.185548 0.513671 0.177738 0.513671 0.17578
0 0.962886 0.021484 0.960942 0.023435 0.958987 0.023435 0.957033 0.025393 0.953124 0.025393 0.955079 0.025393 0.968749 0.039063 0.972657 0.035154 0.970703 0.033204 0.970703 0.031253 0.96484 0.025393 0.96484 0.023435
0 0.525387 0.035154 0.523433 0.037112 0.523433 0.039063 0.521489 0.041014 0.527342 0.046874 0.527342 0.048825 0.533204 0.054684 0.539058 0.048825
0 0.566408 0.001954 0.566408 0.003905 0.564454 0.005856 0.564454 0.007814 0.5625 0.009765 0.572261 0.019533 0.57617 0.015625 0.574215 0.013674 0.574215 0.011715 0.568362 0.005856 0.568362 0.003905
0 0.707029 0.15039 0.703121 0.154299 0.701176 0.154299 0.699222 0.15625 0.703121 0.160159 0.703121 0.162109 0.708984 0.167969 0.708984 0.16992 0.710938 0.171878 0.712892 0.16992 0.712892 0.167969 0.714847 0.166018 0.712892 0.164061 0.712892 0.162109 0.710938 0.160159 0.710938 0.158201 0.708984 0.15625 0.708984 0.154299 0.707029 0.152341
0 0.636724 0.298826 0.634769 0.300784 0.634769 0.302734 0.630861 0.306643 0.634769 0.310545 0.636724 0.310545 0.644531 0.318363 0.644531 0.316405 0.646485 0.314454 0.646485 0.312503 0.64844 0.310545 0.64844 0.308594 0.644531 0.304686 0.642577 0.304686
0 0.478513 0.082032 0.476559 0.083983 0.476559 0.085941 0.47266 0.089842 0.478513 0.095702 0.478513 0.097653 0.484376 0.103513 0.49023 0.097653 0.486331 0.093751 0.486331 0.0918 0.480468 0.085941 0.480468 0.083983
0 0.650394 0.13672 0.646485 0.140622 0.646485 0.14453 0.650394 0.148439 0.650394 0.15039 0.654293 0.154299 0.654293 0.15625 0.656247 0.158201 0.660156 0.154299 0.66211 0.154299 0.660156 0.152341 0.660156 0.15039 0.656247 0.146482 0.656247 0.14453 0.652348 0.140622 0.652348 0.138671
0 0.988282 0.109372 0.984374 0.113281 0.982419 0.113281 0.97852 0.11719 0.976566 0.11719 0.97852 0.119141 0.97852 0.121092 0.980465 0.12305 0.980465 0.125 0.984374 0.121092 0.986328 0.121092 0.990236 0.11719 0.992191 0.11719 0.990236 0.115232 0.990236 0.113281 0.988282 0.111331
0 0.505864 0.064453 0.500001 0.070312 0.498047 0.070312 0.496092 0.072263 0.50391 0.080081 0.50391 0.082032 0.509763 0.087892 0.51758 0.080081 0.513671 0.076172 0.513671 0.074221 0.507808 0.068362 0.507808 0.066404
0 0.542966 0 0.541012 0 0.546875 0 0.546875 0 0.550783 0.001954 0.552738 0.000003 0.552738 0 0.554692 0 0.552738 0 0.548829 0 0.546875 0
0 0.722654 0.171878 0.7207 0.173829 0.7207 0.177738 0.724608 0.18164 0.724608 0.183598 0.726563 0.185548 0.726563 0.187499 0.728517 0.18945 0.732426 0.185548 0.730471 0.183598 0.730471 0.18164 0.724608 0.17578 0.724608 0.173829
0 0.632815 0.125 0.630861 0.126951 0.628906 0.126951 0.630861 0.12891 0.630861 0.13086 0.632815 0.132811 0.632815 0.134769 0.634769 0.13672 0.634769 0.138671 0.636724 0.140622 0.636724 0.14258 0.638668 0.14453 0.638668 0.146482 0.644531 0.140622 0.640622 0.13672 0.640622 0.134769 0.634769 0.12891 0.634769 0.126951
0 0.968749 0.015625 0.96484 0.019533 0.966795 0.021484 0.966795 0.023435 0.970703 0.027344 0.970703 0.029294 0.972657 0.031253 0.972657 0.033204 0.974612 0.035154 0.976566 0.033204 0.976566 0.031253 0.97852 0.029294 0.976566 0.027344 0.976566 0.025393 0.970703 0.019533 0.970703 0.017575
0 0.787107 0.080081 0.785152 0.082032 0.783208 0.082032 0.787107 0.085941 0.787107 0.087892 0.79297 0.093751 0.79297 0.095702 0.794924 0.097653 0.798833 0.093751 0.800777 0.093751 0.802731 0.0918 0.800777 0.089842 0.798833 0.089842 0.79297 0.083983 0.791015 0.083983
0 0.511717 0.015625 0.505864 0.021484 0.519534 0.035154 0.525387 0.029294
0 0.919921 0.056642 0.916012 0.060544 0.914058 0.060544 0.919921 0.066404 0.919921 0.068362 0.925784 0.074221 0.925784 0.072263 0.927738 0.070312 0.927738 0.068362 0.925784 0.066404 0.925784 0.064453 0.921875 0.060544 0.921875 0.058593
0 0.712892 0.236328 0.710938 0.238278 0.710938 0.240236 0.707029 0.244138 0.718746 0.255857 0.7207 0.253907 0.7207 0.251956 0.724608 0.248047
0 0.542966 0.029294 0.541012 0.031253 0.537113 0.031253 0.542966 0.037112 0.542966 0.039063 0.548829 0.044923 0.552738 0.041014 0.546875 0.035154 0.546875 0.033204
0 0.601566 0.031253 0.599612 0.033204 0.599612 0.035154 0.597657 0.037112 0.60352 0.042972 0.60352 0.044923 0.607419 0.048825 0.611328 0.044923 0.613282 0.044923 0.615236 0.042972 0.611328 0.039063 0.609373 0.039063
0 0.871093 0.041014 0.867184 0.044923 0.869138 0.046874 0.869138 0.048825 0.875001 0.054684 0.875001 0.056642 0.876956 0.058593 0.880864 0.054684 0.882809 0.054684 0.876956 0.048825 0.876956 0.046874
0 0.880864 0 0.875001 0.003905 0.880864 0.009765 0.880864 0.011715 0.884763 0.015625 0.888672 0.015625 0.890626 0.013674 0.89258 0.013674 0.888672 0.009765 0.888672 0.007814 0.882809 0.001954 0.882809 0.000003
0 0.636724 0.15039 0.632815 0.154299 0.634769 0.15625 0.634769 0.158201 0.640622 0.164061 0.640622 0.166018 0.642577 0.167969 0.646485 0.164061 0.644531 0.162109 0.644531 0.160159 0.638668 0.154299 0.638668 0.152341
0 0.947261 0.031253 0.941408 0.037112 0.947261 0.042972 0.947261 0.044923 0.95117 0.048825 0.955079 0.044923 0.953124 0.042972 0.953124 0.041014 0.95117 0.039063 0.95117 0.037112 0.949216 0.035154 0.949216 0.033204
0 0.572261 0.058593 0.570317 0.060544 0.568362 0.060544 0.566408 0.062502 0.564454 0.062502 0.570317 0.068362 0.570317 0.070312 0.57617 0.076172 0.580078 0.072263 0.582033 0.072263 0.580078 0.070312 0.580078 0.068362 0.574215 0.062502 0.574215 0.060544
0 0.64844 0.107421 0.646485 0.109372 0.64844 0.111331 0.64844 0.113281 0.652348 0.11719 0.652348 0.119141 0.654293 0.121092 0.654293 0.12305 0.656247 0.125 0.658201 0.12305 0.658201 0.121092 0.660156 0.119141
0 0.957033 0.056642 0.955079 0.058593 0.953124 0.058593 0.95117 0.060544 0.949216 0.060544 0.953124 0.064453 0.953124 0.066404 0.957033 0.070312 0.957033 0.072263 0.958987 0.074221 0.960942 0.072263 0.96484 0.072263 0.962886 0.070312 0.962886 0.068362 0.960942 0.066404 0.960942 0.064453 0.958987 0.062502 0.958987 0.060544 0.957033 0.058593
0 0.634769 0.210938 0.636724 0.212889 0.636724 0.214847 0.638668 0.216797 0.638668 0.218749 0.642577 0.222657 0.642577 0.224608 0.644531 0.224608 0.646485 0.222657 0.64844 0.222657 0.636724 0.210938
0 0.722654 0.134769 0.718746 0.138671 0.724608 0.14453 0.724608 0.146482 0.730471 0.152341 0.73438 0.148439 0.728517 0.14258 0.728517 0.140622
0 0.746096 0.205078 0.746096 0.208987 0.744141 0.210938 0.744141 0.212889 0.746096 0.214847 0.746096 0.216797 0.751949 0.222657 0.751949 0.224608 0.753903 0.226566 0.753903 0.224608 0.755858 0.222657 0.753903 0.220706 0.753903 0.218749 0.751949 0.216797 0.751949 0.214847 0.750005 0.212889 0.750005 0.210938 0.74805 0.208987 0.74805 0.207029
0 0.49023 0.072263 0.486331 0.076172 0.484376 0.076172 0.482422 0.078123 0.49023 0.085941 0.49023 0.087892 0.496092 0.093751 0.500001 0.089842 0.501955 0.089842 0.500001 0.087892 0.500001 0.085941 0.496092 0.082032 0.496092 0.080081 0.492184 0.076172 0.492184 0.074221
0 0.906251 0.787109 0.906251 0.78906 0.908205 0.791018 0.908205 0.796877 0.910159 0.798828 0.910159 0.804688 0.912113 0.806639 0.912113 0.810548 0.914058 0.808597 0.917966 0.808597 0.919921 0.806639 0.923829 0.806639 0.921875 0.804688 0.921875 0.802737 0.919921 0.800779 0.919921 0.798828 0.917966 0.796877 0.917966 0.794919 0.916012 0.792969 0.916012 0.791018 0.914058 0.78906 0.914058 0.787109
0 0.203124 0.978514 0.201169 0.980472 0.199215 0.980472 0.197261 0.982422 0.193362 0.982422 0.191408 0.984373 0.189453 0.984373 0.191408 0.986331 0.193362 0.986331 0.199215 0.992191 0.203124 0.988282 0.203124 0.986331 0.207032 0.982422
0 0.558591 0.132811 0.556636 0.134769 0.552738 0.134769 0.554692 0.13672 0.554692 0.138671 0.560545 0.14453 0.560545 0.146482 0.5625 0.148439 0.564454 0.146482 0.564454 0.14453 0.566408 0.14258 0.5625 0.138671 0.5625 0.13672
0 0.900388 0 0.896489 0 0.900388 0 0.900388 0 0.906251 0 0.906251 0.000003 0.908205 0.001954 0.912113 0 0.914058 0 0.916012 0 0.910159 0 0.908205 0
0 0.58984 0.041014 0.587886 0.042972 0.587886 0.044923 0.585941 0.046874 0.58984 0.050783 0.591794 0.050783 0.597657 0.056642 0.60352 0.050783 0.601566 0.048825 0.599612 0.048825 0.595703 0.044923 0.593749 0.044923
0 0.541012 0 0.539058 0 0.537113 0 0.535159 0 0.533204 0 0.541012 0.005856 0.542966 0.005856 0.544921 0.007814 0.546875 0.007814 0.548829 0.005856 0.546875 0.003905 0.546875 0.001954 0.542966 0 0.542966 0
0 0.664064 0.312503 0.66211 0.314454 0.66211 0.316405 0.658201 0.320313 0.660156 0.322264 0.660156 0.324215 0.666018 0.330075 0.666018 0.332033 0.667973 0.333984 0.669917 0.332033 0.669917 0.330075 0.673826 0.326173 0.671872 0.324215 0.671872 0.322264 0.666018 0.316405 0.666018 0.314454
0 0.908205 0.068362 0.904296 0.072263 0.902342 0.072263 0.908205 0.078123 0.908205 0.080081 0.914058 0.085941 0.917966 0.082032 0.916012 0.080081 0.916012 0.078123 0.910159 0.072263 0.910159 0.070312
0 0.498047 0.183598 0.496092 0.185548 0.492184 0.185548 0.494138 0.187499 0.494138 0.18945 0.496092 0.191408 0.496092 0.193359 0.498047 0.19531 0.498047 0.197268 0.500001 0.199218 0.500001 0.201169 0.501955 0.203127 0.505864 0.199218 0.507808 0.199218 0.505864 0.197268 0.505864 0.19531 0.501955 0.191408 0.501955 0.18945 0.500001 0.187499 0.500001 0.185548
0 0.636724 0.058593 0.632815 0.062502 0.634769 0.064453 0.636724 0.064453 0.642577 0.070312 0.644531 0.070312 0.64844 0.074221 0.64844 0.072263 0.650394 0.070312 0.646485 0.066404 0.644531 0.066404
0 0.970703 0.046874 0.966795 0.050783 0.968749 0.052733 0.968749 0.054684 0.970703 0.056642 0.970703 0.058593 0.972657 0.060544 0.972657 0.062502 0.974612 0.064453 0.97852 0.060544 0.980465 0.060544 0.97852 0.058593 0.97852 0.056642 0.972657 0.050783 0.972657 0.048825
0 0.496092 0.126951 0.494138 0.12891 0.492184 0.12891 0.49023 0.13086 0.488285 0.13086 0.49023 0.132811 0.49023 0.134769 0.494138 0.138671 0.494138 0.140622 0.496092 0.14258 0.496092 0.14453 0.500001 0.148439 0.500001 0.15039 0.501955 0.152341 0.505864 0.148439 0.505864 0.146482 0.509763 0.14258 0.501955 0.134769 0.501955 0.132811
0 0.783208 0.031253 0.779299 0.035154 0.777345 0.035154 0.779299 0.037112 0.779299 0.039063 0.783208 0.042972 0.783208 0.044923 0.785152 0.046874 0.789061 0.042972 0.787107 0.041014 0.787107 0.039063 0.785152 0.037112 0.785152 0.035154 0.783208 0.033204
0 0.906251 0.011715 0.902342 0.015625 0.900388 0.015625 0.904296 0.019533 0.904296 0.021484 0.910159 0.027344 0.910159 0.029294 0.912113 0.031253 0.916012 0.027344 0.914058 0.025393 0.914058 0.023435 0.910159 0.019533 0.910159 0.017575 0.908205 0.015625 0.908205 0.013674
0 0.876956 0.035154 0.875001 0.037112 0.873047 0.037112 0.876956 0.041014 0.876956 0.042972 0.882809 0.048825 0.882809 0.050783 0.884763 0.052733 0.888672 0.048825 0.886717 0.046874 0.886717 0.044923
0 0.550783 0.138671 0.546875 0.14258 0.544921 0.14258 0.548829 0.146482 0.548829 0.148439 0.552738 0.152341 0.558591 0.146482
0 0.626952 0.068362 0.624998 0.070312 0.623044 0.070312 0.624998 0.072263 0.624998 0.074221 0.626952 0.076172 0.626952 0.078123 0.628906 0.080081 0.628906 0.082032 0.630861 0.083983 0.630861 0.085941 0.632815 0.083983 0.632815 0.082032 0.634769 0.080081 0.634769 0.078123 0.632815 0.076172 0.632815 0.074221
0 0.949216 0.062502 0.945317 0.066404 0.943363 0.066404 0.947261 0.070312 0.947261 0.072263 0.953124 0.078123 0.953124 0.080081 0.955079 0.078123 0.955079 0.076172 0.957033 0.074221 0.955079 0.072263 0.955079 0.070312 0.95117 0.066404 0.95117 0.064453
0 0.718746 0.917966 0.710938 0.925784 0.708984 0.925784 0.703121 0.931643 0.705075 0.931643 0.708984 0.935545 0.716801 0.927734 0.718746 0.927734 0.724608 0.921875 0.722654 0.921875
0 0.601566 0.0918 0.597657 0.095702 0.60352 0.101562 0.60352 0.103513 0.607419 0.107421 0.609373 0.105471 0.611328 0.105471 0.609373 0.103513 0.609373 0.101562 0.60352 0.095702 0.60352 0.093751
0 0.994145 0.021484 0.994145 0.023435 0.992191 0.025393 0.994145 0.027344 0.994145 0.029294 0.999998 0.035154 0.999998 0.037112 1 0.039063 1 0.033204 1 0.029294 1 0.029294
0 0.67578 0.173829 0.671872 0.177738 0.671872 0.179688 0.673826 0.18164 0.673826 0.183598 0.677735 0.187499 0.677735 0.18945 0.681643 0.193359 0.681643 0.19531 0.687496 0.18945 0.683597 0.185548 0.683597 0.183598 0.677735 0.177738 0.677735 0.17578
0 0.708984 0 0.708984 0 0.707029 0 0.718746 0.009765 0.7207 0.007814 0.7207 0.003905 0.718746 0.001954 0.716801 0.001954
0 0.619145 0.074221 0.615236 0.078123 0.621089 0.083983 0.621089 0.085941 0.626952 0.0918 0.630861 0.087892 0.632815 0.087892 0.630861 0.087892 0.628906 0.085941 0.628906 0.083983
0 0.691405 0.253907 0.687496 0.257815 0.685552 0.257815 0.691405 0.263675 0.691405 0.265625 0.695313 0.269534 0.695313 0.267577 0.697268 0.265625 0.697268 0.263675 0.699222 0.261717
0 0.613282 0.082032 0.609373 0.085941 0.611328 0.087892 0.611328 0.089842 0.615236 0.093751 0.615236 0.095702 0.61719 0.097653 0.623044 0.0918
0 0.455081 0.005856 0.447264 0.013674 0.449219 0.015625 0.451173 0.015625 0.457036 0.021484 0.45898 0.021484 0.462889 0.025393 0.466798 0.021484 0.468752 0.021484 0.460935 0.013674 0.460935 0.011715
0 0.853514 0.152341 0.847661 0.158201 0.857422 0.167969 0.859377 0.166018 0.861331 0.166018 0.859377 0.164061 0.859377 0.162109 0.857422 0.160159 0.857422 0.158201 0.855468 0.15625 0.855468 0.154299
0 0.906251 0.794919 0.904296 0.796877 0.894534 0.796877 0.900388 0.802737 0.900388 0.804688 0.906251 0.810548 0.908205 0.808597 0.910159 0.808597 0.910159 0.806639 0.908205 0.804688 0.908205 0.798828 0.906251 0.796877
0 0.916012 0.302734 0.912113 0.306643 0.910159 0.306643 0.906251 0.310545 0.904296 0.310545 0.900388 0.314454 0.898433 0.314454 0.896489 0.316405 0.900388 0.320313 0.900388 0.322264 0.902342 0.324215 0.906251 0.320313 0.908205 0.320313 0.914058 0.314454 0.916012 0.314454 0.917966 0.312503 0.917966 0.308594 0.916012 0.306643
0 0.910159 0.097653 0.906251 0.101562 0.904296 0.101562 0.910159 0.107421 0.910159 0.109372 0.916012 0.115232 0.921875 0.109372
0 0.80664 0.060544 0.804686 0.062502 0.804686 0.064453 0.802731 0.066404 0.804686 0.068362 0.804686 0.070312 0.80664 0.072263 0.80664 0.074221 0.808594 0.076172 0.808594 0.078123 0.810549 0.080081 0.816402 0.074221 0.814457 0.072263 0.814457 0.070312 0.808594 0.064453 0.808594 0.062502
0 0.595703 0.15039 0.591794 0.154299 0.593749 0.15625 0.593749 0.158201 0.595703 0.160159 0.595703 0.162109 0.597657 0.164061 0.597657 0.166018 0.599612 0.167969 0.599612 0.16992 0.601566 0.171878 0.607419 0.166018 0.60352 0.162109 0.60352 0.160159 0.597657 0.154299 0.597657 0.152341
0 0.658201 0.132811 0.656247 0.134769 0.654293 0.134769 0.654293 0.13672 0.656247 0.138671 0.656247 0.140622 0.658201 0.14258 0.658201 0.14453 0.660156 0.146482 0.660156 0.148439 0.66211 0.15039 0.66211 0.152341 0.664064 0.15039 0.667973 0.15039 0.666018 0.148439 0.666018 0.146482 0.664064 0.14453 0.664064 0.14258 0.66211 0.140622 0.66211 0.138671 0.660156 0.13672 0.660156 0.134769
0 0.552738 0.011715 0.548829 0.015625 0.554692 0.021484 0.554692 0.023435 0.560545 0.029294 0.5625 0.027344 0.5625 0.025393 0.564454 0.023435
0 0.816402 0.392581 0.812503 0.396482 0.810549 0.396482 0.80664 0.400391 0.804686 0.400391 0.800777 0.4043 0.798833 0.4043 0.796878 0.406251 0.804686 0.414062 0.812503 0.406251 0.814457 0.406251 0.82031 0.400391 0.818356 0.39844 0.818356 0.396482 0.816402 0.394532
0 0.833981 0 0.832036 0 0.832036 0 0.830082 0 0.832036 0 0.832036 0 0.835935 0 0.835935 0.000003 0.837889 0.001954 0.839844 0.000003 0.839844 0 0.841798 0 0.839844 0 0.839844 0 0.833981 0
0 0.716801 0 0.714847 0 0.714847 0 0.712892 0 0.716801 0 0.716801 0 0.722654 0.003905 0.722654 0.005856 0.724608 0.007814 0.726563 0.005856 0.730471 0.005856 0.728517 0.003905 0.728517 0.001954 0.722654 0 0.722654 0 0.718746 0 0.718746 0
0 0.697268 0.158201 0.693359 0.162109 0.691405 0.162109 0.693359 0.164061 0.693359 0.166018 0.705075 0.177738 0.705075 0.17578 0.707029 0.173829 0.707029 0.171878 0.705075 0.16992 0.705075 0.167969 0.699222 0.162109 0.699222 0.160159
0 0.275394 0.916015 0.273439 0.917966 0.271485 0.917966 0.267576 0.921875 0.265622 0.921875 0.263668 0.923825 0.261723 0.923825 0.257815 0.927734 0.255861 0.927734 0.257815 0.927734 0.261723 0.931643 0.263668 0.931643 0.265622 0.933594 0.269531 0.929685 0.269531 0.927734 0.275394 0.921875
0 0.699222 0.416012 0.685552 0.42969 0.693359 0.4375 0.703121 0.427732 0.703121 0.425781 0.701176 0.42383 0.701176 0.419921 0.699222 0.41797
0 0.736324 0.248047 0.732426 0.251956 0.732426 0.253907 0.73438 0.255857 0.73438 0.257815 0.736324 0.259766 0.736324 0.261717 0.738279 0.263675 0.738279 0.265625 0.740233 0.267577 0.740233 0.269534 0.744141 0.265625 0.746096 0.265625 0.74805 0.263675 0.744141 0.259766 0.744141 0.257815 0.738279 0.251956 0.738279 0.249998
0 0.615236 0.13672 0.613282 0.138671 0.611328 0.138671 0.61719 0.14453 0.61719 0.146482 0.621089 0.15039 0.621089 0.152341 0.624998 0.15625 0.624998 0.152341 0.626952 0.15039 0.626952 0.146482 0.623044 0.14258 0.621089 0.14258
0 0.888672 0 0.882809 0 0.886717 0.000003 0.886717 0.001954 0.89258 0.007814 0.89258 0.009765 0.894534 0.011715 0.896489 0.009765 0.896489 0.007814 0.898433 0.005856 0.898433 0.003905 0.900388 0.001954
0 0.539058 0.087892 0.537113 0.089842 0.535159 0.089842 0.537113 0.0918 0.537113 0.093751 0.539058 0.095702 0.539058 0.097653 0.541012 0.099611 0.541012 0.101562 0.542966 0.103513 0.546875 0.099611 0.546875 0.097653 0.542966 0.093751 0.542966 0.0918
0 0.632815 0.249998 0.626952 0.255857 0.628906 0.257815 0.628906 0.259766 0.630861 0.261717 0.630861 0.263675 0.632815 0.265625 0.632815 0.267577 0.634769 0.269534 0.634769 0.271485 0.638668 0.267577 0.640622 0.267577 0.640622 0.265625 0.638668 0.263675 0.638668 0.261717 0.636724 0.259766 0.636724 0.257815 0.634769 0.255857 0.634769 0.253907 0.632815 0.251956
0 0.919921 0.000003 0.914058 0.005856 0.919921 0.011715 0.919921 0.013674 0.921875 0.013674 0.925784 0.017575 0.927738 0.017575 0.929692 0.015625 0.927738 0.013674 0.927738 0.011715 0.923829 0.007814 0.923829 0.005856 0.921875 0.003905 0.921875 0.001954
0 0.595703 0.18945 0.593749 0.191408 0.593749 0.193359 0.591794 0.19531 0.591794 0.197268 0.58984 0.199218 0.593749 0.203127 0.593749 0.205078 0.597657 0.208987 0.601566 0.205078 0.60352 0.205078 0.601566 0.203127 0.601566 0.201169 0.599612 0.199218 0.599612 0.197268 0.597657 0.19531 0.597657 0.193359 0.595703 0.191408
0 0.927738 0.050783 0.923829 0.054684 0.921875 0.054684 0.923829 0.056642 0.923829 0.058593 0.925784 0.060544 0.925784 0.062502 0.927738 0.064453 0.927738 0.066404 0.929692 0.068362 0.929692 0.070312 0.931637 0.072263 0.935545 0.068362 0.9375 0.068362 0.935545 0.066404 0.935545 0.064453 0.933591 0.062502 0.933591 0.060544 0.931637 0.058593 0.931637 0.056642 0.929692 0.054684 0.929692 0.052733
0 0.814457 0.089842 0.808594 0.095702 0.810549 0.097653 0.810549 0.099611 0.812503 0.101562 0.812503 0.103513 0.814457 0.105471 0.814457 0.107421 0.816402 0.109372 0.818356 0.107421 0.82031 0.107421 0.822265 0.105471 0.824219 0.105471 0.822265 0.103513 0.822265 0.101562 0.818356 0.097653 0.818356 0.095702 0.816402 0.093751 0.816402 0.0918
0 0.568362 0.173829 0.5625 0.179688 0.574215 0.191408 0.580078 0.185548
0 0.861331 0.017575 0.859377 0.019533 0.857422 0.019533 0.859377 0.021484 0.859377 0.023435 0.86523 0.029294 0.86523 0.031253 0.867184 0.033204 0.873047 0.027344 0.869138 0.023435 0.867184 0.023435
0 0.986328 0.035154 0.984374 0.037112 0.97852 0.037112 0.980465 0.039063 0.980465 0.041014 0.984374 0.044923 0.984374 0.046874 0.986328 0.048825 0.986328 0.050783 0.988282 0.052733 0.992191 0.048825 0.992191 0.046874 0.990236 0.044923 0.990236 0.042972 0.988282 0.041014 0.988282 0.039063 0.986328 0.037112
0 0.708984 0.18164 0.707029 0.183598 0.701176 0.183598 0.714847 0.197268 0.718746 0.193359 0.712892 0.187499 0.712892 0.185548
0 0.847661 0.119141 0.841798 0.125 0.847661 0.13086 0.847661 0.132811 0.853514 0.138671 0.859377 0.132811 0.853514 0.126951 0.853514 0.125
0 0.650394 0.19531 0.644531 0.201169 0.660156 0.216797 0.664064 0.212889 0.660156 0.208987 0.660156 0.207029 0.654293 0.201169 0.654293 0.199218
0 0.955079 0.027344 0.953124 0.029294 0.95117 0.029294 0.949216 0.031253 0.95117 0.033204 0.95117 0.035154 0.958987 0.042972 0.960942 0.041014 0.960942 0.039063 0.962886 0.037112 0.958987 0.033204 0.958987 0.031253
0 0.97852 0.003905 0.974612 0.007814 0.980465 0.013674 0.980465 0.015625 0.986328 0.021484 0.992191 0.015625 0.988282 0.011715 0.986328 0.011715
0 0.527342 0.003905 0.523433 0.007814 0.525387 0.009765 0.525387 0.011715 0.527342 0.013674 0.527342 0.015625 0.529296 0.017575 0.529296 0.019533 0.53125 0.021484 0.53125 0.023435 0.533204 0.025393 0.535159 0.023435 0.535159 0.021484 0.537113 0.019533 0.537113 0.017575 0.539058 0.015625
0 0.640622 0.244138 0.638668 0.246096 0.632815 0.246096 0.634769 0.248047 0.634769 0.249998 0.636724 0.251956 0.636724 0.253907 0.638668 0.255857 0.638668 0.257815 0.640622 0.259766 0.640622 0.261717 0.642577 0.263675 0.644531 0.261717 0.646485 0.261717 0.650394 0.257815 0.652348 0.257815 0.646485 0.251956 0.646485 0.249998
0 0.7207 0.230468 0.716801 0.234376 0.718746 0.236328 0.718746 0.238278 0.724608 0.244138 0.724608 0.246096 0.726563 0.248047 0.730471 0.244138 0.732426 0.244138 0.726563 0.238278 0.726563 0.236328
0 0.564454 0.066404 0.5625 0.068362 0.558591 0.068362 0.5625 0.072263 0.5625 0.074221 0.568362 0.080081 0.568362 0.082032 0.572261 0.085941 0.572261 0.083983 0.574215 0.082032 0.574215 0.080081 0.57617 0.078123
0 0.912113 0.007814 0.908205 0.011715 0.910159 0.013674 0.910159 0.015625 0.916012 0.021484 0.916012 0.023435 0.917966 0.025393 0.921875 0.021484 0.923829 0.021484 0.925784 0.019533 0.921875 0.015625 0.919921 0.015625
0 0.677735 0.115232 0.67578 0.11719 0.67578 0.119141 0.673826 0.121092 0.67578 0.12305 0.67578 0.125 0.677735 0.126951 0.677735 0.12891 0.679689 0.13086 0.679689 0.132811 0.681643 0.134769 0.685552 0.13086 0.687496 0.13086 0.685552 0.12891 0.685552 0.126951 0.681643 0.12305 0.681643 0.121092 0.679689 0.119141 0.679689 0.11719
0 0.613282 0.14258 0.611328 0.14453 0.607419 0.14453 0.611328 0.148439 0.611328 0.15039 0.61719 0.15625 0.61719 0.158201 0.621089 0.162109 0.621089 0.15625 0.619145 0.154299 0.619145 0.152341 0.61719 0.15039 0.61719 0.148439 0.615236 0.146482 0.615236 0.14453
0 0.632815 0.064453 0.628906 0.068362 0.634769 0.074221 0.634769 0.076172 0.638668 0.080081 0.644531 0.074221 0.636724 0.066404 0.634769 0.066404
0 0.689451 0.162109 0.685552 0.166018 0.691405 0.171878 0.691405 0.173829 0.697268 0.179688 0.701176 0.179688 0.699222 0.177738 0.699222 0.17578 0.695313 0.171878 0.695313 0.16992 0.691405 0.166018 0.691405 0.164061
0 0.632815 0.210938 0.628906 0.214847 0.626952 0.214847 0.624998 0.216797 0.640622 0.232419 0.640622 0.230468 0.642577 0.228517 0.642577 0.226566 0.640622 0.224608 0.640622 0.222657 0.636724 0.218749 0.636724 0.216797 0.634769 0.214847 0.634769 0.212889
0 0.990236 0.029294 0.988282 0.031253 0.988282 0.037112 0.990236 0.039063 0.990236 0.041014 0.994145 0.044923 0.994145 0.046874 0.996089 0.048825 1 0.042972 0.996089 0.037112 0.996089 0.035154
0 0.974612 0.009765 0.972657 0.011715 0.968749 0.011715 0.972657 0.015625 0.972657 0.017575 0.97852 0.023435 0.97852 0.025393 0.980465 0.027344 0.982419 0.025393 0.982419 0.023435 0.984374 0.021484 0.97852 0.015625 0.97852 0.013674
0 0.898433 0.107421 0.894534 0.111331 0.896489 0.113281 0.896489 0.115232 0.898433 0.11719 0.898433 0.119141 0.900388 0.121092 0.900388 0.12305 0.902342 0.125 0.906251 0.121092 0.908205 0.121092 0.906251 0.119141 0.906251 0.11719 0.900388 0.111331 0.900388 0.109372
0 0.730471 0.220706 0.726563 0.224608 0.730471 0.228517 0.730471 0.230468 0.736324 0.236328 0.736324 0.238278 0.738279 0.240236 0.740233 0.238278 0.740233 0.236328 0.742187 0.234376 0.736324 0.228517 0.736324 0.226566
0 0.765629 0.074221 0.759766 0.080081 0.759766 0.082032 0.753903 0.087892 0.759766 0.093751 0.763675 0.089842 0.765629 0.089842 0.769528 0.085941 0.771482 0.085941 0.769528 0.083983 0.769528 0.082032 0.767574 0.080081 0.767574 0.078123 0.765629 0.076172
0 0.67578 0.210938 0.669917 0.216797 0.67578 0.222657 0.67578 0.224608 0.681643 0.230468 0.685552 0.226566 0.687496 0.226566 0.683597 0.222657 0.683597 0.220706 0.677735 0.214847 0.677735 0.212889
0 0.623044 0.220706 0.619145 0.224608 0.61719 0.224608 0.623044 0.230468 0.624998 0.230468 0.632815 0.238278 0.632815 0.236328 0.634769 0.234376 0.634769 0.232419
0 0.619145 0.474609 0.61719 0.47656 0.599612 0.47656 0.599612 0.478518 0.601566 0.480469 0.601566 0.48242 0.60352 0.484378 0.60352 0.486329 0.605465 0.484378 0.611328 0.484378 0.613282 0.48242 0.619145 0.48242
0 0.521489 0.099611 0.519534 0.101562 0.525387 0.107421 0.525387 0.109372 0.53125 0.115232 0.537113 0.109372 0.535159 0.109372 0.53125 0.105471 0.529296 0.105471 0.525387 0.101562 0.523433 0.101562
0 0.681643 0.205078 0.677735 0.208987 0.679689 0.210938 0.679689 0.212889 0.683597 0.216797 0.683597 0.218749 0.685552 0.220706 0.685552 0.222657 0.687496 0.224608 0.693359 0.218749 0.687496 0.212889 0.687496 0.210938
0 0.544921 0.080081 0.542966 0.082032 0.541012 0.082032 0.541012 0.083983 0.542966 0.085941 0.542966 0.087892 0.544921 0.089842 0.544921 0.0918 0.546875 0.093751 0.546875 0.095702 0.548829 0.097653 0.548829 0.099611 0.550783 0.097653 0.550783 0.095702 0.552738 0.093751 0.550783 0.0918 0.550783 0.089842 0.548829 0.087892 0.548829 0.085941 0.546875 0.083983 0.546875 0.082032
0 0.875001 0.005856 0.873047 0.007814 0.873047 0.009765 0.871093 0.011715 0.875001 0.015625 0.875001 0.017575 0.87891 0.021484 0.882809 0.017575 0.884763 0.017575 0.87891 0.011715 0.87891 0.009765
0 0.822265 0.085941 0.818356 0.089842 0.816402 0.089842 0.818356 0.0918 0.818356 0.093751 0.824219 0.099611 0.824219 0.101562 0.826173 0.103513 0.830082 0.099611 0.832036 0.099611 0.830082 0.097653 0.830082 0.095702 0.824219 0.089842 0.824219 0.087892
0 0.53125 0.0918 0.527342 0.095702 0.533204 0.101562 0.533204 0.103513 0.539058 0.109372 0.539058 0.107421 0.541012 0.105471 0.539058 0.103513 0.539058 0.101562 0.533204 0.095702 0.533204 0.093751
0 0.546875 0.019533 0.546875 0.021484 0.544921 0.023435 0.546875 0.025393 0.546875 0.027344 0.552738 0.033204 0.552738 0.035154 0.554692 0.037112 0.554692 0.035154 0.556636 0.033204 0.556636 0.031253 0.558591 0.029294 0.554692 0.025393 0.552738 0.025393
0 0.716801 0.173829 0.710938 0.179688 0.712892 0.18164 0.712892 0.183598 0.716801 0.187499 0.716801 0.18945 0.718746 0.191408 0.724608 0.185548 0.722654 0.183598 0.722654 0.18164 0.718746 0.177738 0.718746 0.17578
0 0.931637 0.082032 0.927738 0.085941 0.925784 0.085941 0.9375 0.097653 0.941408 0.093751 0.935545 0.087892 0.935545 0.085941
0 0.66211 0.187499 0.656247 0.193359 0.658201 0.19531 0.660156 0.19531 0.664064 0.199218 0.666018 0.199218 0.669917 0.203127 0.673826 0.199218 0.67578 0.199218 0.671872 0.19531 0.669917 0.19531
0 0.666018 0.277345 0.660156 0.283205 0.666018 0.289064 0.666018 0.291015 0.671872 0.296875 0.677735 0.291015 0.671872 0.285155 0.671872 0.283205
0 0.644531 0.14453 0.640622 0.148439 0.642577 0.15039 0.642577 0.152341 0.644531 0.154299 0.644531 0.15625 0.646485 0.158201 0.646485 0.160159 0.64844 0.162109 0.64844 0.164061 0.652348 0.160159 0.654293 0.160159 0.654293 0.158201 0.652348 0.15625 0.652348 0.154299 0.64844 0.15039 0.64844 0.148439
0 0.568362 0.244138 0.560545 0.251956 0.558591 0.251956 0.554692 0.255857 0.556636 0.257815 0.556636 0.259766 0.558591 0.261717 0.5625 0.257815 0.564454 0.257815 0.570317 0.251956 0.572261 0.251956 0.574215 0.249998
0 0.894534 0.078123 0.890626 0.082032 0.89258 0.083983 0.89258 0.085941 0.898433 0.0918 0.898433 0.093751 0.900388 0.095702 0.902342 0.093751 0.902342 0.0918 0.904296 0.089842 0.898433 0.083983 0.898433 0.082032
0 0.666018 0.126951 0.66211 0.13086 0.660156 0.13086 0.660156 0.132811 0.66211 0.134769 0.66211 0.13672 0.664064 0.138671 0.664064 0.140622 0.666018 0.14258 0.666018 0.14453 0.667973 0.146482 0.667973 0.148439 0.671872 0.14453 0.673826 0.14453 0.673826 0.14258 0.671872 0.140622 0.671872 0.138671 0.669917 0.13672 0.669917 0.134769 0.667973 0.132811 0.667973 0.13086 0.666018 0.12891
0 0.724608 0 0.722654 0 0.722654 0 0.7207 0 0.722654 0 0.722654 0 0.726563 0 0.726563 0 0.730471 0 0.730471 0.000003 0.732426 0.001954 0.738279 0 0.73438 0 0.73438 0 0.728517 0 0.728517 0
0 0.578124 0.052733 0.57617 0.054684 0.574215 0.054684 0.57617 0.056642 0.57617 0.058593 0.578124 0.060544 0.578124 0.062502 0.580078 0.064453 0.580078 0.066404 0.582033 0.068362 0.582033 0.070312 0.583987 0.072263 0.583987 0.074221 0.591794 0.066404
0 0.890626 0.023435 0.888672 0.025393 0.888672 0.027344 0.886717 0.029294 0.89258 0.035154 0.89258 0.037112 0.898433 0.042972 0.902342 0.039063 0.898433 0.035154 0.898433 0.033204 0.89258 0.027344 0.89258 0.025393
0 0.701176 0.18945 0.699222 0.191408 0.697268 0.191408 0.699222 0.193359 0.699222 0.19531 0.705075 0.201169 0.705075 0.203127 0.707029 0.205078 0.707029 0.203127 0.708984 0.201169 0.707029 0.199218 0.707029 0.197268 0.703121 0.193359 0.703121 0.191408
0 0.605465 0.146482 0.601566 0.15039 0.60352 0.152341 0.60352 0.154299 0.607419 0.158201 0.607419 0.160159 0.611328 0.164061 0.611328 0.166018 0.613282 0.167969 0.613282 0.166018 0.615236 0.164061 0.615236 0.162109 0.61719 0.160159 0.611328 0.154299 0.611328 0.152341
0 0.507808 0.052733 0.501955 0.058593 0.509763 0.066404 0.509763 0.068362 0.513671 0.072263 0.515626 0.072263 0.519534 0.068362 0.515626 0.064453 0.515626 0.062502 0.509763 0.056642 0.509763 0.054684
0 0.751949 0.238278 0.744141 0.246096 0.74805 0.249998 0.74805 0.251956 0.753903 0.257815 0.753903 0.259766 0.755858 0.261717 0.757812 0.259766 0.757812 0.257815 0.76172 0.253907 0.759766 0.251956 0.759766 0.249998 0.755858 0.246096 0.755858 0.244138 0.753903 0.242187 0.753903 0.240236
0 0.574215 0.113281 0.572261 0.115232 0.572261 0.11719 0.570317 0.119141 0.580078 0.12891 0.582033 0.126951 0.580078 0.125 0.580078 0.12305 0.578124 0.121092 0.578124 0.119141 0.57617 0.11719 0.57617 0.115232
0 0.638668 0.113281 0.640622 0.115232 0.640622 0.11719 0.642577 0.119141 0.642577 0.121092 0.644531 0.12305 0.644531 0.125 0.646485 0.126951 0.646485 0.12891 0.64844 0.13086 0.64844 0.132811 0.650394 0.13086 0.650394 0.12891 0.654293 0.125 0.642577 0.113281
0 0.974612 0.042972 0.976566 0.044923 0.976566 0.046874 0.97852 0.048825 0.97852 0.050783 0.980465 0.052733 0.980465 0.054684 0.982419 0.056642 0.982419 0.058593 0.984374 0.056642 0.988282 0.056642 0.986328 0.054684 0.986328 0.052733 0.984374 0.050783 0.984374 0.048825 0.982419 0.046874 0.982419 0.044923 0.980465 0.042972
0 0.880864 0.089842 0.87891 0.0918 0.875001 0.0918 0.876956 0.093751 0.876956 0.095702 0.87891 0.097653 0.87891 0.099611 0.880864 0.101562 0.880864 0.103513 0.882809 0.105471 0.882809 0.107421 0.884763 0.109372 0.888672 0.105471 0.890626 0.105471 0.888672 0.103513 0.888672 0.101562 0.884763 0.097653 0.884763 0.095702 0.882809 0.093751 0.882809 0.0918
0 0.890626 0.113281 0.888672 0.115232 0.886717 0.115232 0.888672 0.11719 0.888672 0.119141 0.89258 0.12305 0.89258 0.125 0.894534 0.126951 0.894534 0.12891 0.896489 0.13086 0.898433 0.12891 0.900388 0.12891 0.898433 0.126951 0.898433 0.125 0.894534 0.121092 0.894534 0.119141 0.89258 0.11719 0.89258 0.115232
0 0.857422 0.056642 0.851559 0.062502 0.853514 0.064453 0.853514 0.066404 0.855468 0.068362 0.855468 0.070312 0.857422 0.072263 0.857422 0.074221 0.859377 0.076172 0.86523 0.070312 0.863285 0.068362 0.863285 0.066404 0.861331 0.064453 0.861331 0.062502 0.859377 0.060544 0.859377 0.058593
0 0.900388 0.017575 0.896489 0.021484 0.894534 0.021484 0.900388 0.027344 0.900388 0.029294 0.906251 0.035154 0.910159 0.031253 0.908205 0.029294 0.908205 0.027344 0.902342 0.021484 0.902342 0.019533
0 0.789061 0.025393 0.787107 0.027344 0.785152 0.027344 0.787107 0.029294 0.787107 0.031253 0.789061 0.033204 0.789061 0.035154 0.791015 0.037112 0.791015 0.039063 0.79297 0.041014 0.79297 0.042972 0.796878 0.039063 0.794924 0.037112 0.794924 0.035154 0.79297 0.033204 0.79297 0.031253 0.791015 0.029294 0.791015 0.027344
0 0.884763 0.029294 0.882809 0.031253 0.880864 0.031253 0.87891 0.033204 0.876956 0.033204 0.890626 0.046874 0.89258 0.044923 0.896489 0.044923 0.89258 0.041014 0.89258 0.039063 0.886717 0.033204 0.886717 0.031253
0 0.535159 0.001954 0.533204 0.003905 0.529296 0.003905 0.541012 0.015625 0.541012 0.017575 0.541012 0.015625 0.542966 0.013674 0.542966 0.011715 0.544921 0.009765 0.542966 0.007814 0.541012 0.007814
0 0.636724 0.119141 0.634769 0.121092 0.630861 0.121092 0.636724 0.126951 0.636724 0.12891 0.642577 0.134769 0.646485 0.13086 0.640622 0.125 0.640622 0.12305
0 0.962886 0.048825 0.958987 0.052733 0.957033 0.052733 0.958987 0.054684 0.958987 0.056642 0.960942 0.058593 0.960942 0.060544 0.962886 0.062502 0.962886 0.064453 0.96484 0.066404 0.96484 0.068362 0.966795 0.070312 0.972657 0.064453 0.970703 0.062502 0.970703 0.060544 0.966795 0.056642 0.966795 0.054684 0.96484 0.052733 0.96484 0.050783
0 0.624998 0.164061 0.623044 0.166018 0.623044 0.167969 0.621089 0.16992 0.623044 0.171878 0.623044 0.173829 0.624998 0.17578 0.624998 0.177738 0.626952 0.179688 0.626952 0.18164 0.628906 0.183598 0.630861 0.18164 0.630861 0.179688 0.634769 0.17578 0.628906 0.16992 0.628906 0.167969
0 0.742187 0.152341 0.740233 0.154299 0.738279 0.154299 0.738279 0.15625 0.740233 0.158201 0.740233 0.160159 0.742187 0.162109 0.742187 0.166018 0.744141 0.167969 0.744141 0.16992 0.746096 0.171878 0.746096 0.173829 0.750005 0.16992 0.751949 0.16992 0.750005 0.167969 0.750005 0.166018 0.74805 0.164061 0.74805 0.162109 0.746096 0.160159 0.746096 0.158201 0.744141 0.15625 0.744141 0.154299
0 0.601566 0.244138 0.599612 0.246096 0.591794 0.246096 0.599612 0.253907 0.599612 0.255857 0.607419 0.263675 0.607419 0.261717 0.609373 0.259766 0.609373 0.257815 0.611328 0.255857 0.605465 0.249998 0.605465 0.248047
0 0.630861 0.15625 0.626952 0.160159 0.632815 0.166018 0.632815 0.167969 0.638668 0.173829 0.638668 0.171878 0.640622 0.16992 0.640622 0.167969 0.634769 0.162109 0.634769 0.160159
0 0.843752 0.035154 0.839844 0.039063 0.837889 0.039063 0.841798 0.042972 0.841798 0.044923 0.847661 0.050783 0.847661 0.052733 0.849605 0.054684 0.855468 0.048825 0.849605 0.042972 0.849605 0.041014
0 0.623044 0.13086 0.619145 0.134769 0.61719 0.134769 0.628906 0.146482 0.628906 0.148439 0.632815 0.14453 0.634769 0.14453 0.628906 0.138671 0.628906 0.13672
0 0.529296 0.154299 0.527342 0.15625 0.525387 0.15625 0.527342 0.158201 0.527342 0.160159 0.529296 0.162109 0.529296 0.164061 0.53125 0.166018 0.53125 0.167969 0.533204 0.16992 0.533204 0.171878 0.535159 0.16992 0.537113 0.16992 0.539058 0.167969 0.541012 0.167969 0.535159 0.162109 0.535159 0.160159
0 0.556636 0.232419 0.550783 0.238278 0.552738 0.240236 0.552738 0.242187 0.554692 0.244138 0.554692 0.246096 0.556636 0.248047 0.556636 0.249998 0.560545 0.249998 0.564454 0.246096 0.564454 0.244138 0.560545 0.240236 0.560545 0.238278 0.558591 0.236328 0.558591 0.234376
0 0.931637 0 0.927738 0 0.925784 0 0.923829 0 0.925784 0 0.925784 0 0.931637 0.001954 0.931637 0.003905 0.933591 0.005856 0.939454 0.000003 0.9375 0 0.9375 0 0.935545 0 0.935545 0 0.933591 0 0.933591 0
0 0.73438 0.162109 0.732426 0.164061 0.728517 0.164061 0.732426 0.167969 0.732426 0.16992 0.738279 0.17578 0.738279 0.177738 0.740233 0.179688 0.742187 0.177738 0.742187 0.17578 0.744141 0.173829 0.738279 0.167969 0.738279 0.166018
0 0.914058 0.158201 0.910159 0.162109 0.908205 0.162109 0.904296 0.166018 0.902342 0.166018 0.902342 0.167969 0.904296 0.16992 0.904296 0.171878 0.906251 0.16992 0.908205 0.16992 0.910159 0.167969 0.912113 0.167969 0.914058 0.166018 0.916012 0.166018 0.916012 0.164061 0.914058 0.162109
0 0.515626 0.046874 0.515626 0.048825 0.513671 0.050783 0.513671 0.052733 0.515626 0.054684 0.515626 0.056642 0.51758 0.058593 0.51758 0.060544 0.519534 0.062502 0.519534 0.064453 0.521489 0.066404 0.521489 0.068362 0.527342 0.062502 0.523433 0.058593 0.523433 0.056642 0.51758 0.050783 0.51758 0.048825
0 0.718746 0.140622 0.714847 0.14453 0.716801 0.146482 0.716801 0.148439 0.7207 0.152341 0.7207 0.154299 0.722654 0.15625 0.722654 0.158201 0.724608 0.160159 0.728517 0.15625 0.726563 0.154299 0.726563 0.152341 0.722654 0.148439 0.722654 0.146482 0.7207 0.14453 0.7207 0.14258
0 0.847661 0.062502 0.841798 0.068362 0.847661 0.074221 0.847661 0.076172 0.853514 0.082032 0.857422 0.078123 0.855468 0.076172 0.855468 0.074221 0.851559 0.070312 0.851559 0.068362 0.849605 0.066404 0.849605 0.064453
0 0.652348 0.287107 0.650394 0.289064 0.650394 0.291015 0.646485 0.294924 0.650394 0.298826 0.650394 0.300784 0.656247 0.306643 0.656247 0.308594 0.658201 0.310545 0.660156 0.308594 0.660156 0.306643 0.664064 0.302734 0.660156 0.298826 0.660156 0.296875 0.654293 0.291015 0.654293 0.289064
0 0.992191 0 0.990236 0 0.990236 0 0.988282 0.000003 0.994145 0.005856 0.994145 0.007814 0.998044 0.011715 1 0.005856
0 0.910159 0.205078 0.906251 0.208987 0.904296 0.208987 0.900388 0.212889 0.898433 0.212889 0.900388 0.214847 0.900388 0.216797 0.902342 0.218749 0.902342 0.220706 0.906251 0.216797 0.908205 0.216797 0.912113 0.212889 0.914058 0.212889 0.912113 0.210938 0.912113 0.208987 0.910159 0.207029
0 0.941408 0.039063 0.939454 0.041014 0.935545 0.041014 0.9375 0.042972 0.9375 0.044923 0.939454 0.046874 0.939454 0.048825 0.941408 0.050783 0.941408 0.052733 0.943363 0.054684 0.943363 0.056642 0.947261 0.052733 0.947261 0.050783 0.945317 0.048825 0.945317 0.046874 0.943363 0.044923 0.943363 0.042972 0.941408 0.041014
0 0.623044 0.257815 0.619145 0.261717 0.61719 0.261717 0.619145 0.263675 0.619145 0.265625 0.623044 0.269534 0.623044 0.271485 0.624998 0.273437 0.624998 0.275387 0.626952 0.277345 0.630861 0.273437 0.632815 0.273437 0.630861 0.271485 0.630861 0.269534 0.626952 0.265625 0.626952 0.263675 0.624998 0.261717 0.624998 0.259766