0 0.44336 0.281252 0.441401 0.2832 0.42578 0.2832 0.42578 0.289066 0.44336 0.289066
0 0.470699 0.451171 0.470699 0.460934 0.468752 0.462893 0.468752 0.470707 0.476562 0.470707 0.476562 0.451171
0 0.832033 0.347662 0.832033 0.355465 0.853519 0.355465 0.855467 0.353517 0.855467 0.349609 0.853519 0.349609 0.851562 0.347662
0 0.449224 0.445316 0.449224 0.455078 0.447266 0.457026 0.447266 0.464841 0.455077 0.464841 0.455077 0.445316
0 0.775386 0.378907 0.773439 0.380856 0.755858 0.380856 0.755858 0.38867 0.775386 0.38867 0.777345 0.386722 0.777345 0.382814 0.775386 0.380856
0 0.029295 0.945312 0.029295 0.966796 0.033201 0.966796 0.033201 0.957034 0.035159 0.955074 0.035159 0.945312
0 0.667968 0.224606 0.667968 0.234379 0.66602 0.236326 0.66602 0.246089 0.671873 0.246089 0.671873 0.236326 0.673832 0.234379 0.673832 0.224606
0 0.498049 0.496098 0.49609 0.498046 0.49609 0.500005 0.490238 0.505859 0.490238 0.507808 0.486333 0.511715 0.488279 0.511715 0.492185 0.515622 0.498049 0.509767 0.498049 0.507808 0.503901 0.501953
0 0.951169 0.49219 0.951169 0.496098 0.949222 0.498046 0.949222 0.501953 0.974613 0.501953 0.974613 0.49219
0 0.693359 0.269531 0.693359 0.289066 0.697265 0.289066 0.699224 0.291014 0.699224 0.269531
0 0.734373 0.279293 0.734373 0.287107 0.732426 0.289066 0.732426 0.296869 0.738278 0.296869 0.738278 0.292974 0.740236 0.291014 0.740236 0.285159 0.742184 0.2832 0.742184 0.281252 0.736331 0.281252
0 0.673832 0.267583 0.673832 0.285159 0.675778 0.285159 0.675778 0.281252 0.677737 0.279293 0.677737 0.273438 0.679684 0.271479 0.679684 0.269531 0.675778 0.269531
0 0.011715 0.210936 0.011715 0.21875 0.017579 0.21875 0.019526 0.220698 0.021484 0.21875 0.035159 0.21875 0.035159 0.216803 0.033201 0.214843 0.033201 0.212895 0.027349 0.212895 0.02539 0.210936
0 0.947264 0.365238 0.945316 0.367187 0.933588 0.367187 0.931642 0.369145 0.933588 0.371093 0.933588 0.373053 0.953128 0.373053 0.953128 0.367187 0.949222 0.367187
0 0.699224 0.230472 0.699224 0.248048 0.703129 0.248048 0.703129 0.240233 0.705075 0.238285 0.705075 0.230472
0 0.691401 0.226564 0.691401 0.230472 0.689454 0.23242 0.689454 0.240233 0.687495 0.242192 0.687495 0.246089 0.691401 0.246089 0.693359 0.248048 0.693359 0.238285 0.695317 0.236326 0.695317 0.226564
0 0.705075 0.271479 0.705075 0.279293 0.703129 0.281252 0.703129 0.289066 0.708982 0.289066 0.708982 0.281252 0.710939 0.279293 0.710939 0.271479
0 0.679684 0.226564 0.679684 0.246089 0.685548 0.246089 0.685548 0.236326 0.687495 0.234379 0.687495 0.226564
0 0.720697 0.23242 0.720697 0.236326 0.718751 0.238285 0.718751 0.246089 0.716792 0.248048 0.716792 0.251955 0.724615 0.251955 0.724615 0.242192 0.726562 0.240233 0.726562 0.23242
1 0.517576 0.353517 0.517576 0.357424 0.51563 0.359372 0.51563 0.367187 0.546873 0.367187 0.548832 0.369145 0.578129 0.369145 0.580076 0.371093 0.582034 0.369145 0.582034 0.367187 0.58594 0.363279 0.583982 0.361331 0.583982 0.359372 0.582034 0.357424 0.550779 0.357424 0.548832 0.355465 0.519535 0.355465
1 0.44336 0.76562 0.44336 0.769527 0.441401 0.771486 0.441401 0.7793 0.439455 0.781248 0.439455 0.789062 0.437496 0.791011 0.437496 0.798824 0.43555 0.800784 0.43555 0.806639 0.433591 0.808598 0.433591 0.816401 0.431643 0.81836 0.431643 0.826175 0.429686 0.828122 0.429686 0.832029 0.431643 0.832029 0.433591 0.833988 0.439455 0.833988 0.439455 0.832029 0.441401 0.830081 0.441401 0.824215 0.44336 0.822268 0.44336 0.816401 0.445308 0.814453 0.445308 0.810546 0.447266 0.808598 0.447266 0.802732 0.449224 0.800784 0.449224 0.794917 0.451171 0.79297 0.451171 0.789062 0.45313 0.787114 0.45313 0.781248 0.455077 0.7793 0.455077 0.773435 0.457035 0.771486 0.457035 0.769527 0.45313 0.76562
0 0.419928 0.43945 0.419928 0.458985 0.42578 0.458985 0.42578 0.455078 0.427738 0.453119 0.427738 0.447265 0.429686 0.445316 0.429686 0.441409 0.421874 0.441409
0 0.457035 0.449224 0.457035 0.457026 0.458982 0.458985 0.458982 0.4668 0.466793 0.4668 0.466793 0.451171 0.458982 0.451171
0 0.826169 0.4668 0.824223 0.468748 0.808589 0.468748 0.808589 0.474614 0.832033 0.474614 0.833981 0.476562 0.833981 0.474614 0.832033 0.472655 0.832033 0.468748 0.828128 0.468748
0 0.724615 0.275386 0.724615 0.279293 0.722656 0.281252 0.722656 0.287107 0.720697 0.289066 0.720697 0.292974 0.724615 0.292974 0.726562 0.294921 0.72852 0.294921 0.730467 0.296869 0.730467 0.287107 0.72852 0.285159 0.72852 0.275386
0 0.660156 0.265624 0.660156 0.273438 0.658198 0.275386 0.658198 0.2832 0.66602 0.2832 0.66602 0.275386 0.667968 0.273438 0.667968 0.265624
0 0.058593 0.94922 0.058593 0.962889 0.060551 0.964848 0.060551 0.966796 0.064456 0.966796 0.064456 0.960941 0.066403 0.958982 0.066403 0.94922
0 0.048822 0.945312 0.048822 0.947261 0.046876 0.94922 0.046876 0.951168 0.044917 0.953127 0.044917 0.960941 0.046876 0.962889 0.046876 0.968755 0.048822 0.966796 0.054687 0.966796 0.054687 0.957034 0.056645 0.955074 0.056645 0.947261 0.054687 0.945312
0 0.437496 0.443357 0.437496 0.447265 0.43555 0.449224 0.43555 0.457026 0.433591 0.458985 0.433591 0.462893 0.43555 0.460934 0.439455 0.460934 0.439455 0.457026 0.441401 0.455078 0.441401 0.449224 0.44336 0.447265 0.44336 0.443357