0 0.095701 0.929689 0.093754 0.93164 0.085939 0.93164 0.085939 0.935546 0.087895 0.933594 0.097657 0.933594 0.095701 0.93164
0 0.361328 0.929689 0.359371 0.93164 0.351565 0.93164 0.351565 0.935546 0.353512 0.933594 0.363284 0.933594 0.361328 0.93164
0 0.667968 0.882812 0.666012 0.884766 0.658206 0.884766 0.658206 0.890626 0.660153 0.888672 0.662109 0.888672 0.664065 0.88672 0.667968 0.88672
0 0.773442 0.873046 0.771486 0.875 0.767582 0.875 0.767582 0.876954 0.771486 0.88086 0.773442 0.878906 0.779301 0.878906 0.779301 0.876954 0.781248 0.875 0.781248 0.873046
0 0.134768 0.919923 0.134768 0.921874 0.136715 0.923829 0.136715 0.92578 0.148433 0.92578 0.146486 0.923829 0.146486 0.921874 0.14453 0.919923
0 0.832033 0.927734 0.828121 0.93164 0.830077 0.933594 0.830077 0.935546 0.835936 0.935546 0.837892 0.933594 0.837892 0.927734
0 0.783204 0.9375 0.783204 0.94336 0.791019 0.94336 0.792966 0.941406 0.792966 0.9375
3 0.658206 0.882812 0.65625 0.884766 0.642575 0.884766 0.640628 0.88672 0.62891 0.88672 0.626954 0.888672 0.61328 0.888672 0.611324 0.890626 0.599605 0.890626 0.597658 0.892577 0.583984 0.892577 0.582028 0.894531 0.57031 0.894531 0.568363 0.896486 0.554688 0.896486 0.552732 0.898437 0.541014 0.898437 0.539067 0.900391 0.525393 0.900391 0.523437 0.902343 0.511718 0.902343 0.509762 0.904297 0.496097 0.904297 0.494141 0.906248 0.482422 0.906248 0.480467 0.908203 0.466801 0.908203 0.464845 0.910157 0.453127 0.910157 0.451171 0.912108 0.437496 0.912108 0.435549 0.914063 0.423831 0.914063 0.421875 0.916014 0.408201 0.916014 0.406254 0.917969 0.394535 0.917969 0.392579 0.919923 0.378905 0.919923 0.376949 0.921874 0.365231 0.921874 0.363284 0.923829 0.349609 0.923829 0.347653 0.92578 0.335935 0.92578 0.333988 0.927734 0.330076 0.927734 0.330076 0.933594 0.328129 0.935546 0.322269 0.935546 0.320313 0.9375 0.318357 0.935546 0.318357 0.93164 0.31641 0.929689 0.306639 0.929689 0.304683 0.93164 0.291018 0.93164 0.289062 0.933594 0.277343 0.933594 0.275387 0.935546 0.261722 0.935546 0.259766 0.9375 0.248048 0.9375 0.246092 0.939454 0.232426 0.939454 0.23047 0.941406 0.218752 0.941406 0.216796 0.94336 0.203122 0.94336 0.201175 0.945311 0.189456 0.945311 0.1875 0.947266 0.173826 0.947266 0.171879 0.94922 0.160161 0.94922 0.158205 0.951171 0.14453 0.951171 0.142574 0.953126 0.130856 0.953126 0.128909 0.955077 0.115234 0.955077 0.113278 0.957031 0.10156 0.957031 0.099613 0.958986 0.085939 0.958986 0.083983 0.960937 0.072264 0.960937 0.070308 0.962891 0.056643 0.962891 0.054687 0.964843 0.042969 0.964843 0.041013 0.966797 0.027347 0.966797 0.025391 0.968751 0.013673 0.968751 0.011717 0.970703 0 0.970703 0 0.972657 0 0.972657 0 0.974608 0 0.974608 0 0.976563 0 0.976563 0 0.978517 0 0.978517 0 0.980469 0 0.980469 0 0.982423 0 0.982423 0 0.984374 0 0.984374 0 0.986328 0 0.986328 0 0.98828 0 0.98828 0 0.990234 0 0.990234 0 0.992188 0 0.992188 0 0.99414 0 0.99414 0 0.996094 0 0.996094 0 0.998046 0 0.998046 0 1 0 1 0 1 0 1 0 1 0 1 0 1 0 1 0 1 0 1 0 1 0 1 0 1 0 1 0 1 0 1 0 1 0 1 0 1 0 1 0 1 0 1 0 1 0 1 0 1 0 1 0 1 0 1 0 1 0 1 0 1 0 1 0 1 0 1 0 1 0 1 0 1 0 1 0 1 0 1 0 1 0 1 0 1 0 1 0 1 0 1 0 1 0 1 0 1 0 1 0 1 0 1 0 1 0 1 0 1 0 1 0 1 0 1 0 1 0 1 0 1 0 1 0 1 0 1 0 1 0 1 0 1 0 1 0 1 0 1 0 1 0 1 0 1 0 1 0 1 0 1 0 1 0 1 0 1 0 1 0 1 0 1 0 1 0 1 0 1 0 1 0 1 0 1 0 1 0 1 0 1 0 1 0 1 0 1 0 1 0 1 0 1 0 1 0 1 0 1 0 1 0 1 0 1 0 1 0 1 0 1 0 1 0 1 0 1 0 1 0 1 0 1 0 1 0 1 0 1 0 1 0 0.998046 0 0.998046 0 0.996094 0 0.996094 0 0.990234 0 0.98828 0 0.984374 0 0.982423 0 0.982423 0 0.984374 0 0.986328 0 0.98828 0 0.990234 0 0.992188 0 0.992188 0 0.99414 0 0.99414 0 0.99414 0 0.992188 0 0.992188 0 0.990234 0 0.990234 0 0.98828 0 0.98828 0 0.986328 0.003911 0.986328 0.005858 0.984374 0.017576 0.984374 0.019532 0.982423 0.033206 0.982423 0.035153 0.980469 0.046872 0.980469 0.048828 0.978517 0.062502 0.978517 0.064449 0.976563 0.076167 0.976563 0.078124 0.974608 0.091798 0.974608 0.093754 0.972657 0.105472 0.972657 0.107419 0.970703 0.121094 0.970703 0.123049 0.968751 0.136715 0.968751 0.138671 0.966797 0.150389 0.966797 0.152345 0.964843 0.16602 0.964843 0.167967 0.962891 0.179685 0.962891 0.181641 0.960937 0.195316 0.960937 0.197263 0.958986 0.208981 0.958986 0.210937 0.957031 0.224611 0.957031 0.226558 0.955077 0.238286 0.955077 0.240232 0.953126 0.253907 0.953126 0.255863 0.951171 0.267581 0.951171 0.269528 0.94922 0.283202 0.94922 0.285159 0.947266 0.298824 0.947266 0.30078 0.945311 0.312498 0.945311 0.314454 0.94336 0.328129 0.94336 0.330076 0.941406 0.341794 0.941406 0.34375 0.939454 0.357424 0.939454 0.359371 0.9375 0.37109 0.9375 0.373046 0.935546 0.38672 0.935546 0.388676 0.933594 0.400394 0.933594 0.402342 0.93164 0.416016 0.93164 0.417972 0.929689 0.42969 0.929689 0.431637 0.927734 0.445312 0.927734 0.447268 0.92578 0.458986 0.92578 0.460942 0.923829 0.474607 0.923829 0.476563 0.921874 0.490237 0.921874 0.492185 0.919923 0.503903 0.919923 0.505859 0.917969 0.519534 0.917969 0.521481 0.916014 0.533199 0.916014 0.535155 0.914063 0.548829 0.914063 0.550785 0.912108 0.562504 0.912108 0.564451 0.910157 0.578125 0.910157 0.580081 0.908203 0.591799 0.908203 0.593746 0.906248 0.60742 0.906248 0.609377 0.904297 0.621095 0.904297 0.623051 0.902343 0.636716 0.902343 0.638672 0.900391 0.650391 0.900391 0.652347 0.898437 0.666012 0.898437 0.664065 0.896486 0.664065 0.894531 0.662109 0.892577 0.662109 0.890626 0.660153 0.890626 0.658206 0.892577 0.65625 0.890626 0.65625 0.884766
0 0.927736 0.845703 0.925779 0.847657 0.923832 0.847657 0.927736 0.851563 0.933595 0.851563 0.935551 0.849609 0.937498 0.849609 0.937498 0.847657 0.935551 0.845703
0 0.908202 0.853514 0.906246 0.855469 0.896484 0.855469 0.896484 0.859374 0.908202 0.859374
0 0.464845 0.912108 0.462889 0.914063 0.453127 0.914063 0.453127 0.916014 0.464845 0.916014
0 0.964846 0.810546 0.96289 0.8125 0.960934 0.8125 0.960934 0.816406 0.96289 0.816406 0.964846 0.81836 0.966793 0.81836 0.968749 0.816406 0.970706 0.816406 0.970706 0.814455 0.972652 0.8125 0.966793 0.8125
0 0.832033 0.859374 0.832033 0.86328 0.83398 0.86328 0.835936 0.865234 0.841795 0.865234 0.843751 0.86328 0.841795 0.861329 0.841795 0.859374
0 0.019532 0.941406 0.017576 0.94336 0.023435 0.94336 0.025391 0.945311 0.025391 0.941406
0 0.550785 0.86328 0.550785 0.865234 0.560547 0.865234 0.562504 0.867189 0.558591 0.86328
0 0.730472 0.873046 0.730472 0.876954 0.734375 0.876954 0.736331 0.878906 0.738278 0.878906 0.740234 0.876954 0.740234 0.873046
0 0.279299 0.9375 0.279299 0.941406 0.277343 0.94336 0.277343 0.945311 0.279299 0.94336 0.289062 0.94336 0.289062 0.9375
0 0.341794 0.888672 0.341794 0.896486 0.34375 0.894531 0.357424 0.894531 0.351565 0.888672
0 0.791019 0.86328 0.789063 0.865234 0.789063 0.86914 0.794922 0.86914 0.796878 0.867189 0.800781 0.867189 0.800781 0.86328
0 0.486326 0.876954 0.488281 0.878906 0.488281 0.88086 0.5 0.88086 0.5 0.876954
0 0.714841 0.88086 0.712894 0.882812 0.708982 0.882812 0.708982 0.88672 0.7207 0.88672 0.722656 0.884766 0.7207 0.882812 0.7207 0.88086
0 0.328129 0.92578 0.326173 0.927734 0.318357 0.927734 0.318357 0.929689 0.320313 0.93164 0.320313 0.935546 0.322269 0.933594 0.328129 0.933594
3 0.662109 0.841797 0.660153 0.843749 0.648434 0.843749 0.646487 0.845703 0.632813 0.845703 0.630857 0.847657 0.619139 0.847657 0.617192 0.849609 0.605464 0.849609 0.603518 0.851563 0.591799 0.851563 0.589843 0.853514 0.576169 0.853514 0.574222 0.855469 0.562504 0.855469 0.560547 0.857423 0.548829 0.857423 0.546873 0.859374 0.533199 0.859374 0.531252 0.861329 0.519534 0.861329 0.517577 0.86328 0.505859 0.86328 0.503903 0.865234 0.492185 0.865234 0.490237 0.867189 0.476563 0.867189 0.474607 0.86914 0.462889 0.86914 0.460942 0.871094 0.449214 0.871094 0.447268 0.873046 0.433593 0.873046 0.431637 0.875 0.419919 0.875 0.417972 0.876954 0.406254 0.876954 0.404298 0.878906 0.392579 0.878906 0.390623 0.88086 0.376949 0.88086 0.375002 0.882812 0.363284 0.882812 0.361328 0.884766 0.349609 0.884766 0.347653 0.88672 0.333988 0.88672 0.332032 0.888672 0.320313 0.888672 0.318357 0.890626 0.306639 0.890626 0.304683 0.892577 0.292965 0.892577 0.291018 0.894531 0.277343 0.894531 0.275387 0.896486 0.263669 0.896486 0.261722 0.898437 0.250004 0.898437 0.248048 0.900391 0.234373 0.900391 0.232426 0.902343 0.220699 0.902343 0.218752 0.904297 0.207034 0.904297 0.205078 0.906248 0.193359 0.906248 0.191403 0.908203 0.177738 0.908203 0.175782 0.910157 0.164064 0.910157 0.162108 0.912108 0.150389 0.912108 0.148433 0.914063 0.134768 0.914063 0.132812 0.916014 0.121094 0.916014 0.119138 0.917969 0.107419 0.917969 0.105472 0.919923 0.093754 0.919923 0.091798 0.921874 0.078124 0.921874 0.076167 0.923829 0.064449 0.923829 0.062502 0.92578 0.050784 0.92578 0.048828 0.927734 0.035153 0.927734 0.033206 0.929689 0.021488 0.929689 0.019532 0.93164 0.007814 0.93164 0.005858 0.933594 0 0.933594 0 0.935546 0 0.935546 0 0.9375 0 0.9375 0 0.939454 0 0.939454 0 0.941406 0 0.941406 0 0.94336 0 0.94336 0 0.945311 0 0.945311 0 0.947266 0 0.947266 0 0.94922 0 0.94922 0 0.951171 0 0.951171 0 0.953126 0 0.953126 0 0.955077 0 0.955077 0 0.957031 0 0.957031 0 0.958986 0 0.958986 0 0.960937 0 0.960937 0 0.962891 0 0.962891 0 0.964843 0 0.964843 0 0.966797 0 0.966797 0 0.968751 0 0.968751 0 0.970703 0 0.970703 0 0.972657 0 0.974608 0 0.974608 0 0.978517 0 0.980469 0 0.980469 0 0.978517 0 0.976563 0 0.974608 0 0.974608 0 0.972657 0 0.972657 0 0.972657 0 0.974608 0 0.974608 0 0.976563 0 0.976563 0 0.978517 0 0.978517 0 0.980469 0 0.980469 0 0.982423 0 0.982423 0 0.984374 0 0.984374 0 0.986328 0 0.986328 0 0.98828 0 0.98828 0 0.990234 0 0.990234 0 0.992188 0 0.992188 0 0.99414 0 0.99414 0 0.996094 0 0.996094 0 0.998046 0 0.998046 0 1 0 1 0 1 0 1 0 1 0 1 0 1 0 1 0 1 0 1 0 1 0 1 0 1 0 1 0 1 0 1 0 1 0 1 0 1 0 1 0 1 0 1 0 1 0 1 0 1 0 1 0 1 0 1 0 1 0 1 0 1 0 0.998046 0 0.998046 0 0.996094 0 0.996094 0 0.99414 0 0.99414 0 0.992188 0 0.992188 0 0.990234 0 0.990234 0 0.98828 0 0.98828 0 0.986328 0 0.986328 0 0.984374 0 0.984374 0 0.982423 0 0.982423 0 0.980469 0 0.980469 0 0.978517 0 0.978517 0 0.976563 0 0.976563 0 0.974608 0 0.974608 0 0.972657 0 0.972657 0 0.970703 0 0.970703 0 0.968751 0 0.968751 0 0.966797 0 0.966797 0 0.964843 0 0.964843 0 0.962891 0 0.962891 0 0.960937 0 0.960937 0 0.958986 0 0.958986 0 0.957031 0 0.957031 0 0.955077 0 0.955077 0 0.953126 0 0.953126 0 0.951171 0 0.951171 0 0.94922 0.007814 0.94922 0.00977 0.947266 0.023435 0.947266 0.023435 0.945311 0.017576 0.945311 0.015629 0.94336 0.019532 0.939454 0.025391 0.939454 0.027347 0.941406 0.027347 0.945311 0.03711 0.945311 0.039066 0.94336 0.052731 0.94336 0.054687 0.941406 0.066405 0.941406 0.068361 0.939454 0.08008 0.939454 0.082036 0.9375 0.095701 0.9375 0.097657 0.935546 0.109375 0.935546 0.111331 0.933594 0.124997 0.933594 0.126953 0.93164 0.138671 0.93164 0.140627 0.929689 0.154293 0.929689 0.156249 0.927734 0.167967 0.927734 0.169923 0.92578 0.183597 0.92578 0.185544 0.923829 0.197263 0.923829 0.199219 0.921874 0.212893 0.921874 0.21484 0.919923 0.226558 0.919923 0.228514 0.917969 0.242189 0.917969 0.244145 0.916014 0.255863 0.916014 0.25781 0.914063 0.271484 0.914063 0.27344 0.912108 0.285159 0.912108 0.287106 0.910157 0.30078 0.910157 0.302736 0.908203 0.314454 0.908203 0.31641 0.906248 0.330076 0.906248 0.332032 0.904297 0.34375 0.904297 0.345706 0.902343 0.359371 0.902343 0.361328 0.900391 0.373046 0.900391 0.375002 0.898437 0.388676 0.898437 0.390623 0.896486 0.402342 0.896486 0.404298 0.894531 0.417972 0.894531 0.419919 0.892577 0.431637 0.892577 0.433593 0.890626 0.447268 0.890626 0.449214 0.888672 0.460942 0.888672 0.462889 0.88672 0.476563 0.88672 0.478519 0.884766 0.490237 0.884766 0.492185 0.882812 0.505859 0.882812 0.507815 0.88086 0.519534 0.88086 0.521481 0.878906 0.535155 0.878906 0.537111 0.876954 0.548829 0.876954 0.550785 0.875 0.564451 0.875 0.566406 0.873046 0.578125 0.873046 0.580081 0.871094 0.593746 0.871094 0.595702 0.86914 0.60742 0.86914 0.609377 0.867189 0.623051 0.867189 0.624998 0.865234 0.636716 0.865234 0.638672 0.86328 0.652347 0.86328 0.654294 0.861329 0.666012 0.861329 0.666012 0.857423 0.664065 0.855469 0.664065 0.847657 0.662109 0.845703
0 0.791019 0.826172 0.791019 0.828126 0.789063 0.830077 0.791019 0.832031 0.791019 0.833983 0.792966 0.835937 0.796878 0.835937 0.798825 0.833983 0.802737 0.833983 0.802737 0.832031 0.804684 0.830077 0.802737 0.828126 0.800781 0.828126 0.798825 0.826172
0 0.843751 0.927734 0.841795 0.929689 0.839839 0.929689 0.839839 0.93164 0.841795 0.933594 0.847655 0.933594 0.84961 0.93164 0.84961 0.927734
1 0.873047 0.873046 0.871091 0.875 0.869144 0.875 0.869144 0.88086 0.871091 0.882812 0.873047 0.88086 0.890625 0.88086 0.890625 0.875 0.888669 0.873046