0 0.042969 0.242189 0.042969 0.250002 0.044923 0.251953 0.046876 0.250002 0.050783 0.250002 0.050783 0.248046 0.048829 0.246095 0.048829 0.242189
0 0.601562 0.843748 0.601562 0.847655 0.603515 0.84961 0.613282 0.84961 0.613282 0.843748
0 0.367187 0.050783 0.367187 0.052734 0.365233 0.05469 0.365233 0.060548 0.367187 0.062499 0.371093 0.062499 0.371093 0.052734 0.36914 0.052734
0 0.01758 0.068361 0.01758 0.078125 0.023436 0.078125 0.025389 0.07617 0.025389 0.074219 0.023436 0.072268 0.023436 0.070312 0.021486 0.068361
0 0.851564 0.839846 0.851564 0.845704 0.853517 0.843748 0.859377 0.843748 0.859377 0.839846
0 0.36914 0.611329 0.36914 0.619142 0.373047 0.619142 0.373047 0.611329
0 0.365233 0.226562 0.365233 0.23242 0.371093 0.23242 0.371093 0.226562
0 0.769531 0.603515 0.767577 0.605471 0.765624 0.605471 0.765624 0.607422 0.767577 0.609373 0.767577 0.61328 0.771484 0.609373 0.773437 0.609373 0.773437 0.603515
0 0.124998 0.746094 0.123045 0.748045 0.123045 0.750001 0.124998 0.751952 0.124998 0.755858 0.126952 0.755858 0.128905 0.753907 0.128905 0.751952 0.126952 0.750001 0.126952 0.746094
0 0.990236 0.361327 0.988282 0.363283 0.988282 0.365234 0.990236 0.367189 0.990236 0.369141 0.994139 0.369141 0.996092 0.367189 0.994139 0.365234 0.994139 0.363283 0.992189 0.363283
0 0.152345 0.466799 0.150392 0.46875 0.148438 0.46875 0.148438 0.470701 0.150392 0.472657 0.162108 0.472657 0.162108 0.466799
1 0.464843 0.441408 0.464843 0.443359 0.462889 0.445314 0.462889 0.449217 0.460936 0.451172 0.460936 0.45703 0.462889 0.458986 0.466796 0.458986 0.468749 0.45703 0.468749 0.441408
0 0.121095 0.755858 0.119142 0.757814 0.117189 0.757814 0.117189 0.761721 0.121095 0.765623 0.123045 0.763672 0.124998 0.763672 0.124998 0.759765 0.123045 0.757814 0.123045 0.755858
0 0.029296 0.134766 0.029296 0.14453 0.033203 0.14453 0.033203 0.134766
0 0.039062 0.123046 0.039062 0.128908 0.042969 0.128908 0.042969 0.123046
0 0.367187 0.074219 0.367187 0.083983 0.371093 0.083983 0.371093 0.074219
0 0.056639 0.238282 0.056639 0.246095 0.060546 0.246095 0.060546 0.24414 0.062499 0.242189 0.062499 0.240233 0.060546 0.238282
0 0.048829 0.169922 0.048829 0.171877 0.046876 0.173828 0.046876 0.179686 0.048829 0.181642 0.050783 0.179686 0.052736 0.179686 0.052736 0.171877 0.050783 0.169922
0 0.908203 0.177735 0.908203 0.183593 0.910156 0.185548 0.910156 0.1875 0.91211 0.189455 0.914063 0.1875 0.916016 0.1875 0.916016 0.185548 0.914063 0.183593 0.914063 0.181642 0.91211 0.179686 0.91211 0.177735
0 0.974609 0.326171 0.972656 0.328127 0.970702 0.328127 0.970702 0.330078 0.972656 0.332029 0.972656 0.335936 0.974609 0.337891 0.976562 0.335936 0.978516 0.335936 0.978516 0.332029 0.976562 0.330078 0.976562 0.328127
0 0.361327 0.490235 0.361327 0.494141 0.359373 0.496093 0.359373 0.498048 0.365233 0.498048 0.365233 0.490235
0 0.041016 0.341798 0.041016 0.349611 0.042969 0.351563 0.046876 0.347656 0.046876 0.343749 0.044923 0.341798
0 0.015626 0.90625 0.015626 0.910157 0.01758 0.912108 0.01758 0.914064 0.019533 0.916015 0.023436 0.916015 0.023436 0.912108 0.021486 0.910157 0.021486 0.90625
0 0.597655 0.154295 0.595702 0.15625 0.593748 0.15625 0.591795 0.158201 0.591795 0.160157 0.593748 0.162108 0.593748 0.164064 0.599608 0.158201 0.599608 0.15625
0 0.376953 0.294922 0.376953 0.298829 0.375 0.30078 0.375 0.304687 0.376953 0.306642 0.378907 0.306642 0.38086 0.304687 0.38086 0.296873 0.378907 0.294922
0 0.80664 0.425781 0.804687 0.427736 0.802734 0.427736 0.802734 0.433594 0.804687 0.431639 0.810547 0.431639 0.810547 0.429688 0.808594 0.427736 0.810547 0.425781
0 0.361327 0.392576 0.361327 0.40039 0.36328 0.40039 0.365233 0.402345 0.367187 0.40039 0.367187 0.392576
0 0.757814 0.644533 0.755861 0.646485 0.753908 0.646485 0.753908 0.652342 0.755861 0.654298 0.755861 0.656249 0.759764 0.656249 0.761717 0.654298 0.761717 0.652342 0.759764 0.650391 0.759764 0.646485
0 0.777344 0.951171 0.775391 0.953126 0.775391 0.955077 0.769531 0.96094 0.769531 0.962891 0.771484 0.962891 0.773437 0.964842 0.775391 0.964842 0.777344 0.962891 0.777344 0.96094 0.779297 0.958984 0.779297 0.957033 0.781251 0.955077 0.781251 0.953126 0.779297 0.953126
0 0.689455 0.957033 0.689455 0.96094 0.697264 0.96094 0.697264 0.957033
0 0.371093 0.558595 0.371093 0.56836 0.373047 0.570311 0.375 0.570311 0.376953 0.56836 0.376953 0.560546 0.375 0.558595
0 0.056639 0.298829 0.054689 0.30078 0.054689 0.308594 0.058592 0.308594 0.060546 0.306642 0.060546 0.298829
0 0.925783 0.816406 0.92383 0.818361 0.921876 0.818361 0.921876 0.822268 0.92383 0.824219 0.925783 0.822268 0.927733 0.822268 0.927733 0.820312 0.929686 0.818361 0.929686 0.816406
0 0.056639 0.275389 0.054689 0.277344 0.054689 0.287109 0.058592 0.287109 0.060546 0.285158 0.060546 0.275389
0 0.499999 0.056641 0.499999 0.060548 0.501953 0.062499 0.509766 0.062499 0.511719 0.060548 0.509766 0.058592 0.509766 0.056641
1 0.669921 0.478514 0.667968 0.48047 0.664061 0.48047 0.664061 0.484377 0.666015 0.486328 0.666015 0.496093 0.667968 0.498048 0.669921 0.496093 0.671875 0.496093 0.673828 0.494141 0.673828 0.488283 0.671875 0.486328 0.671875 0.48047
0 0.578125 0.843748 0.578125 0.84961 0.585939 0.84961 0.585939 0.847655 0.587892 0.845704 0.585939 0.843748
0 0.666015 0.060548 0.662108 0.064454 0.662108 0.066406 0.664061 0.068361 0.666015 0.068361 0.666015 0.066406 0.669921 0.062499 0.667968 0.060548
0 0.583985 0.195313 0.582032 0.197264 0.580079 0.197264 0.580079 0.199219 0.582032 0.20117 0.582032 0.203126 0.583985 0.20117 0.589845 0.20117 0.589845 0.199219 0.587892 0.197264 0.587892 0.195313
0 0.021486 0.027343 0.019533 0.029298 0.019533 0.033205 0.021486 0.035156 0.025389 0.035156 0.027342 0.033205 0.027342 0.029298 0.025389 0.027343
0 1 0.388674 0.999999 0.390625 0.999999 0.394532 1 0.396483 1 0.398438 1 0.398438 1 0.394532 1 0.392576 1 0.388674
0 0.835937 0.414061 0.83203 0.417968 0.830077 0.417968 0.83203 0.419923 0.833983 0.419923 0.835937 0.417968 0.839843 0.417968 0.839843 0.416016 0.83789 0.414061
0 0.656252 0.955077 0.654298 0.957033 0.650392 0.957033 0.650392 0.96094 0.656252 0.96094 0.658205 0.958984 0.658205 0.957033
0 0.650392 0.628906 0.650392 0.632813 0.652345 0.634764 0.656252 0.634764 0.658205 0.632813 0.658205 0.628906
0 1 0.472657 1 0.474608 1 0.474608 0.999999 0.478514 1 0.482421 1 0.482421 1 0.476563
0 0.583985 0.173828 0.580079 0.177735 0.578125 0.177735 0.578125 0.179686 0.576172 0.181642 0.576172 0.183593 0.578125 0.185548 0.580079 0.185548 0.585939 0.179686 0.585939 0.177735 0.587892 0.175779 0.585939 0.175779
0 0.054689 0.429688 0.052736 0.431639 0.050783 0.431639 0.050783 0.437501 0.052736 0.439452 0.056639 0.439452 0.056639 0.429688
0 0.046876 0.492186 0.046876 0.494141 0.044923 0.496093 0.044923 0.498048 0.046876 0.499999 0.046876 0.501955 0.048829 0.499999 0.052736 0.499999 0.052736 0.498048 0.050783 0.496093 0.050783 0.492186
0 0.660155 0.171877 0.658205 0.173828 0.654298 0.173828 0.652345 0.175779 0.650392 0.175779 0.648438 0.177735 0.650392 0.179686 0.650392 0.181642 0.652345 0.181642 0.654298 0.179686 0.656252 0.179686 0.658205 0.177735 0.660155 0.177735 0.662108 0.175779 0.660155 0.173828
0 0.779297 0.599609 0.777344 0.601564 0.775391 0.601564 0.775391 0.603515 0.777344 0.605471 0.777344 0.607422 0.779297 0.605471 0.785157 0.605471 0.783204 0.603515 0.783204 0.601564 0.781251 0.599609
0 0.478516 0.486328 0.476563 0.488283 0.468749 0.488283 0.468749 0.490235 0.466796 0.492186 0.466796 0.494141 0.468749 0.492186 0.478516 0.492186
0 0.796874 0.429688 0.79492 0.431639 0.792967 0.431639 0.791017 0.433594 0.791017 0.435545 0.792967 0.437501 0.79492 0.435545 0.80078 0.435545 0.80078 0.429688
0 0.484376 0.359376 0.482423 0.361327 0.482423 0.369141 0.484376 0.369141 0.486329 0.367189 0.486329 0.365234 0.488283 0.363283 0.488283 0.361327 0.486329 0.359376
0 0.015626 0.05469 0.015626 0.064454 0.021486 0.064454 0.021486 0.056641 0.019533 0.05469
1 0.560545 0.220704 0.556642 0.224611 0.556642 0.226562 0.554689 0.228517 0.554689 0.230469 0.556642 0.23242 0.558592 0.23242 0.566405 0.224611 0.566405 0.222655 0.564452 0.220704
0 0.990236 0.484377 0.988282 0.486328 0.986329 0.486328 0.984376 0.488283 0.982422 0.488283 0.984376 0.490235 0.984376 0.492186 0.986329 0.492186 0.988282 0.490235 0.990236 0.490235 0.992189 0.488283 0.990236 0.486328
0 0.591795 0.843748 0.589845 0.845704 0.589845 0.84961 0.599608 0.84961 0.599608 0.843748
0 0.027342 0.925779 0.025389 0.927735 0.023436 0.927735 0.023436 0.933593 0.025389 0.935548 0.025389 0.9375 0.027342 0.9375 0.029296 0.935548 0.031249 0.935548 0.031249 0.931642 0.029296 0.929686 0.029296 0.925779
0 0.666015 0.625 0.664061 0.626951 0.664061 0.630858 0.666015 0.628906 0.671875 0.628906 0.671875 0.625
0 0.605468 0.642578 0.605468 0.646485 0.613282 0.646485 0.613282 0.642578
0 0.019533 0.015623 0.019533 0.027343 0.021486 0.025392 0.025389 0.025392 0.025389 0.017578 0.023436 0.015623
0 0.007813 0.869139 0.005859 0.871095 0.003906 0.871095 0.003906 0.875001 0.005859 0.876952 0.005859 0.878908 0.007813 0.878908 0.009766 0.876952 0.011719 0.876952 0.011719 0.873046 0.009766 0.871095 0.009766 0.869139
0 0.419923 0.626951 0.419923 0.632813 0.43164 0.632813 0.43164 0.626951
0 0.578125 0.630858 0.578125 0.63672 0.587892 0.63672 0.587892 0.630858
0 0.367187 0.109375 0.367187 0.11133 0.365233 0.113281 0.367187 0.115232 0.367187 0.117188 0.371093 0.117188 0.371093 0.109375
0 0.056639 0.253904 0.056639 0.261718 0.060546 0.261718 0.060546 0.257811 0.062499 0.25586 0.060546 0.253904
0 0.052736 0.443359 0.050783 0.445314 0.050783 0.449217 0.052736 0.451172 0.056639 0.451172 0.056639 0.443359
0 0.023436 0.037107 0.023436 0.04297 0.029296 0.04297 0.029296 0.037107
0 0.367187 0.154295 0.367187 0.15625 0.365233 0.158201 0.365233 0.166015 0.371093 0.166015 0.371093 0.158201
0 0.619142 0.953126 0.619142 0.955077 0.617188 0.957033 0.624998 0.957033 0.624998 0.953126
0 0.597655 0.191406 0.595702 0.193357 0.593748 0.193357 0.591795 0.195313 0.593748 0.197264 0.593748 0.199219 0.595702 0.199219 0.597655 0.197264 0.603515 0.197264 0.603515 0.195313 0.601562 0.193357 0.601562 0.191406
0 0.90625 0.824219 0.904296 0.82617 0.902343 0.82617 0.90039 0.828125 0.902343 0.830077 0.902343 0.832032 0.904296 0.830077 0.908203 0.830077 0.910156 0.828125 0.908203 0.82617 0.908203 0.824219
0 0.85547 0.404296 0.853517 0.406252 0.851564 0.406252 0.84961 0.408203 0.847657 0.408203 0.84961 0.410154 0.84961 0.41211 0.851564 0.41211 0.853517 0.410154 0.859377 0.410154 0.859377 0.404296
0 0.86328 0.40039 0.861327 0.402345 0.861327 0.406252 0.86328 0.406252 0.865233 0.404296 0.867186 0.404296 0.86914 0.402345 0.867186 0.40039
0 0.378907 0.222655 0.378907 0.224611 0.376953 0.226562 0.376953 0.230469 0.378907 0.23242 0.382813 0.23242 0.382813 0.222655
0 0.884767 0.832032 0.882813 0.833983 0.88086 0.833983 0.882813 0.835939 0.882813 0.83789 0.888673 0.83789 0.890627 0.835939 0.888673 0.833983 0.888673 0.832032
0 0.001953 0.806641 0 0.808592 0 0.808592 0 0.812499 0 0.814454 0 0.816406 0.001953 0.818361 0.001953 0.820312 0.003906 0.820312 0.005859 0.818361 0.005859 0.814454 0.003906 0.812499 0.003906 0.808592
0 0.566405 0.843748 0.566405 0.847655 0.568359 0.84961 0.574219 0.84961 0.576172 0.847655 0.576172 0.845704 0.574219 0.843748
0 0.373047 0.20117 0.373047 0.203126 0.371093 0.205077 0.371093 0.210939 0.376953 0.210939 0.376953 0.207033 0.378907 0.205077 0.378907 0.203126 0.376953 0.20117
0 0.382813 0.119139 0.38086 0.121095 0.38086 0.126952 0.384767 0.126952 0.38672 0.125001 0.38672 0.121095 0.384767 0.119139
0 0.052736 0.402345 0.052736 0.410154 0.056639 0.410154 0.056639 0.402345
0 0.486329 0.841797 0.484376 0.843748 0.482423 0.843748 0.482423 0.847655 0.484376 0.84961 0.492186 0.84961 0.494139 0.847655 0.494139 0.843748 0.492186 0.841797
0 0.847657 0.820312 0.847657 0.830077 0.853517 0.830077 0.853517 0.822268 0.851564 0.820312
0 0.458983 0.060548 0.457033 0.062499 0.45508 0.062499 0.45508 0.064454 0.457033 0.066406 0.466796 0.066406 0.468749 0.064454 0.464843 0.060548
0 0.583985 0.343749 0.583985 0.347656 0.595702 0.347656 0.595702 0.345705 0.593748 0.343749
0 0.468749 0.841797 0.468749 0.847655 0.480469 0.847655 0.480469 0.843748 0.478516 0.841797
0 0.814454 0.84961 0.814454 0.853517 0.816407 0.855468 0.81836 0.853517 0.822267 0.853517 0.822267 0.84961
0 0.041016 0.437501 0.039062 0.439452 0.039062 0.441408 0.041016 0.443359 0.041016 0.445314 0.044923 0.445314 0.044923 0.443359 0.046876 0.441408 0.046876 0.439452 0.044923 0.437501
0 0.052736 0.394532 0.052736 0.40039 0.058592 0.40039 0.058592 0.394532
0 0.80664 0.589844 0.804687 0.591795 0.804687 0.595702 0.810547 0.595702 0.810547 0.593751 0.808594 0.591795 0.808594 0.589844
0 0.640625 0.955077 0.640625 0.958984 0.642578 0.958984 0.644532 0.96094 0.648438 0.96094 0.648438 0.955077
0 0.529296 0.642578 0.529296 0.648436 0.539062 0.648436 0.541016 0.646485 0.541016 0.642578
0 0.230468 0.466799 0.228514 0.46875 0.226561 0.46875 0.226561 0.472657 0.240234 0.472657 0.240234 0.46875 0.238281 0.466799
0 0.070312 0.544924 0.070312 0.548826 0.072266 0.550782 0.072266 0.552733 0.074219 0.554688 0.074219 0.556639 0.078126 0.556639 0.078126 0.550782 0.076172 0.548826 0.076172 0.544924
0 0.201171 0.466799 0.199218 0.46875 0.189451 0.46875 0.189451 0.470701 0.191405 0.472657 0.199218 0.472657 0.201171 0.470701 0.203125 0.470701 0.203125 0.46875
0 0.376953 0.273438 0.375 0.275389 0.375 0.283202 0.376953 0.285158 0.38086 0.285158 0.38086 0.273438
0 0.042969 0.3125 0.041016 0.314451 0.041016 0.32422 0.046876 0.32422 0.046876 0.3125
0 0.496092 0.841797 0.496092 0.847655 0.498046 0.84961 0.507812 0.84961 0.509766 0.847655 0.509766 0.841797
0 0.378907 0.238282 0.376953 0.240233 0.376953 0.248046 0.38086 0.248046 0.382813 0.246095 0.382813 0.238282
0 0.376953 0.332029 0.376953 0.333985 0.375 0.335936 0.375 0.341798 0.376953 0.343749 0.378907 0.343749 0.38086 0.341798 0.38086 0.333985 0.378907 0.332029
0 0.039062 0.376954 0.039062 0.386719 0.044923 0.386719 0.046876 0.384767 0.046876 0.378905 0.044923 0.376954
0 0.361327 0.501955 0.361327 0.505861 0.359373 0.507812 0.359373 0.509763 0.365233 0.509763 0.365233 0.503906 0.36328 0.501955
0 0.033203 0.935548 0.029296 0.939455 0.027342 0.939455 0.031249 0.943357 0.031249 0.945313 0.035156 0.94922 0.037109 0.947264 0.037109 0.945313 0.035156 0.943357 0.035156 0.941406 0.033203 0.939455
0 0.033203 0.08789 0.033203 0.095703 0.035156 0.097654 0.039062 0.097654 0.041016 0.095703 0.041016 0.093752 0.039062 0.091797 0.039062 0.08789
0 0.037109 0.154295 0.035156 0.15625 0.033203 0.15625 0.033203 0.164064 0.039062 0.164064 0.039062 0.15625
0 0.8125 0.585938 0.810547 0.587888 0.810547 0.589844 0.814454 0.593751 0.816407 0.591795 0.81836 0.591795 0.81836 0.589844 0.816407 0.587888 0.816407 0.585938
0 0.039062 0.130859 0.039062 0.134766 0.041016 0.136717 0.044923 0.136717 0.044923 0.130859
0 0.462889 0.623049 0.460936 0.625 0.460936 0.628906 0.462889 0.630858 0.472656 0.630858 0.472656 0.625 0.470703 0.623049
0 0.054689 0.382812 0.054689 0.384767 0.052736 0.386719 0.052736 0.390625 0.054689 0.392576 0.056639 0.392576 0.058592 0.390625 0.058592 0.382812
0 0.38086 0.082032 0.38086 0.091797 0.38672 0.091797 0.38672 0.083983 0.384767 0.082032
0 0.529296 0.359376 0.527342 0.361327 0.523439 0.361327 0.523439 0.363283 0.525389 0.365234 0.527342 0.363283 0.533202 0.363283 0.535156 0.361327 0.535156 0.359376
0 0.371093 0.533204 0.371093 0.544924 0.376953 0.544924 0.376953 0.533204
0 0.037109 0.107423 0.037109 0.115232 0.041016 0.115232 0.041016 0.107423
0 0.222658 0.136717 0.220705 0.138672 0.220705 0.14453 0.222658 0.14453 0.224608 0.146486 0.226561 0.14453 0.226561 0.136717
0 0.630858 0.955077 0.630858 0.958984 0.638672 0.958984 0.638672 0.955077
0 0.591795 0.642578 0.591795 0.646485 0.603515 0.646485 0.603515 0.642578
0 0.619142 0.642578 0.617188 0.644533 0.617188 0.646485 0.624998 0.646485 0.624998 0.642578
0 0.996092 0.626951 0.994139 0.628906 0.992189 0.628906 0.992189 0.630858 0.994139 0.632813 0.998045 0.632813 0.999999 0.630858
0 0.197265 0.048827 0.197265 0.058592 0.203125 0.058592 0.203125 0.048827
0 0.054689 0.359376 0.052736 0.361327 0.052736 0.371092 0.060546 0.371092 0.060546 0.361327 0.058592 0.359376
0 0.990236 0.992189 0.988282 0.99414 0.990236 0.996095 0.990236 0.998047 0.992189 1 0.992189 1 0.996092 1 0.998045 1 0.999999 1 0.999999 1 0.998045 1 0.998045 0.998047 0.996092 0.996095 0.996092 0.99414 0.994139 0.992189
0 0.611328 0.185548 0.609375 0.1875 0.605468 0.1875 0.603515 0.189455 0.605468 0.191406 0.605468 0.193357 0.607422 0.195313 0.609375 0.193357 0.613282 0.193357 0.615235 0.191406 0.613282 0.189455 0.613282 0.1875
0 0.132812 0.462892 0.130859 0.464844 0.130859 0.46875 0.136719 0.46875 0.138672 0.470701 0.140625 0.46875 0.140625 0.466799 0.142578 0.464844 0.140625 0.464844 0.138672 0.462892
0 0.458983 0.841797 0.457033 0.843748 0.45508 0.843748 0.45508 0.845704 0.457033 0.847655 0.464843 0.847655 0.466796 0.845704 0.466796 0.843748 0.464843 0.841797
0 0.056639 0.226562 0.054689 0.228517 0.054689 0.234375 0.062499 0.234375 0.062499 0.226562
0 0.048829 0.214842 0.046876 0.216797 0.044923 0.216797 0.042969 0.218749 0.042969 0.224611 0.044923 0.226562 0.048829 0.226562
0 0.375 0.359376 0.373047 0.361327 0.373047 0.369141 0.378907 0.369141 0.378907 0.359376
0 0.718751 0.464844 0.714844 0.46875 0.716798 0.470701 0.718751 0.470701 0.720704 0.46875 0.722658 0.46875 0.724611 0.466799 0.722658 0.464844
0 0.044923 0.253904 0.044923 0.25586 0.042969 0.257811 0.042969 0.261718 0.048829 0.261718 0.048829 0.253904
0 0.820314 0.583986 0.81836 0.585938 0.820314 0.587888 0.820314 0.589844 0.822267 0.587888 0.82422 0.587888 0.82617 0.585938 0.82422 0.583986
0 0.38086 0.105468 0.38086 0.115232 0.384767 0.115232 0.38672 0.113281 0.38672 0.107423 0.384767 0.105468
0 0.058592 0.316407 0.054689 0.320314 0.054689 0.328127 0.058592 0.328127 0.060546 0.326171 0.060546 0.318358
0 0.673828 0.041014 0.673828 0.04297 0.669921 0.046876 0.673828 0.050783 0.679688 0.044921 0.679688 0.04297 0.677735 0.04297 0.675781 0.041014
0 0.378907 0.406252 0.376953 0.408203 0.375 0.408203 0.373047 0.410154 0.375 0.41211 0.375 0.414061 0.378907 0.414061 0.38086 0.41211 0.38086 0.408203
0 0.042969 0.388674 0.042969 0.390625 0.041016 0.392576 0.041016 0.398438 0.046876 0.398438 0.046876 0.390625 0.044923 0.388674
0 0.521486 0.056641 0.521486 0.060548 0.523439 0.060548 0.525389 0.062499 0.531249 0.062499 0.533202 0.060548 0.531249 0.058592 0.531249 0.056641
0 0.687501 0.021485 0.681641 0.027343 0.681641 0.03125 0.683595 0.03125 0.685548 0.033205 0.687501 0.033205 0.689455 0.03125 0.689455 0.029298 0.691408 0.027343 0.691408 0.025392
0 0.839843 0.113281 0.835937 0.117188 0.83203 0.117188 0.833983 0.119139 0.833983 0.123046 0.835937 0.121095 0.84375 0.121095 0.84375 0.119139 0.841797 0.117188 0.841797 0.115232
0 0.503906 0.625 0.503906 0.630858 0.509766 0.630858 0.511719 0.628906 0.511719 0.625
0 0.033203 0.146486 0.031249 0.148437 0.031249 0.152344 0.035156 0.152344 0.035156 0.146486
0 0.38086 0.320314 0.378907 0.322265 0.376953 0.322265 0.375 0.32422 0.375 0.328127 0.376953 0.330078 0.38086 0.330078
0 0.042969 0.279295 0.042969 0.291016 0.044923 0.292967 0.046876 0.292967 0.048829 0.291016 0.048829 0.279295
0 0.382813 0.013672 0.378907 0.017578 0.378907 0.023436 0.384767 0.023436 0.384767 0.015623
0 0.138672 0.810548 0.138672 0.814454 0.140625 0.816406 0.140625 0.820312 0.144532 0.820312 0.144532 0.816406 0.142578 0.814454 0.142578 0.810548
0 0.408203 0.626951 0.40625 0.628906 0.40625 0.632813 0.41797 0.632813 0.41797 0.626951
0 0.927733 0.218749 0.925783 0.220704 0.925783 0.224611 0.927733 0.226562 0.927733 0.228517 0.929686 0.230469 0.931639 0.228517 0.933593 0.228517 0.933593 0.226562 0.931639 0.224611 0.931639 0.222655 0.929686 0.220704 0.929686 0.218749
0 0.263671 0.466799 0.261717 0.46875 0.259764 0.46875 0.259764 0.470701 0.261717 0.472657 0.269531 0.472657 0.269531 0.466799
0 0.535156 0.951171 0.533202 0.953126 0.533202 0.957033 0.542969 0.957033 0.542969 0.953126 0.541016 0.951171
1 0.089842 0.605471 0.087892 0.607422 0.087892 0.61328 0.089842 0.615235 0.089842 0.617187 0.091795 0.619142 0.091795 0.621093 0.093749 0.623049 0.093749 0.626951 0.095702 0.628906 0.095702 0.630858 0.097655 0.632813 0.097655 0.634764 0.099609 0.63672 0.103515 0.632813 0.103515 0.630858 0.101562 0.628906 0.101562 0.626951 0.099609 0.625 0.099609 0.623049 0.097655 0.621093 0.097655 0.617187 0.095702 0.615235 0.095702 0.61328 0.093749 0.611329 0.093749 0.609373 0.091795 0.607422 0.091795 0.605471
0 0.058592 0.488283 0.056639 0.490235 0.056639 0.494141 0.058592 0.496093 0.062499 0.496093 0.062499 0.488283
0 0.361327 0.437501 0.361327 0.441408 0.359373 0.443359 0.359373 0.447266 0.361327 0.449217 0.361327 0.451172 0.365233 0.451172 0.365233 0.441408 0.36328 0.439452 0.36328 0.437501
0 0.042969 0.205077 0.042969 0.210939 0.041016 0.212891 0.042969 0.214842 0.046876 0.214842 0.046876 0.210939 0.048829 0.208984 0.048829 0.207033 0.046876 0.205077
0 0.667968 0.955077 0.666015 0.957033 0.666015 0.96094 0.673828 0.96094 0.673828 0.955077
0 0.722658 0.953126 0.720704 0.955077 0.716798 0.955077 0.716798 0.957033 0.718751 0.958984 0.724611 0.958984 0.726561 0.957033 0.726561 0.955077 0.724611 0.953126
0 0.679688 0.033205 0.675781 0.037107 0.677735 0.039063 0.681641 0.039063 0.681641 0.037107 0.683595 0.035156 0.681641 0.033205
0 0.044923 0.958984 0.042969 0.96094 0.041016 0.96094 0.041016 0.966798 0.044923 0.970704 0.044923 0.972655 0.046876 0.974611 0.048829 0.974611 0.050783 0.972655 0.052736 0.972655 0.052736 0.970704 0.050783 0.968749 0.050783 0.966798 0.048829 0.964842 0.048829 0.962891
0 0.375 0.374998 0.373047 0.376954 0.373047 0.378905 0.375 0.380861 0.378907 0.380861 0.378907 0.374998
0 0.300781 0.46875 0.298827 0.470701 0.296874 0.470701 0.296874 0.474608 0.298827 0.476563 0.304687 0.476563 0.306641 0.474608 0.306641 0.470701 0.304687 0.470701 0.302734 0.46875
0 0.365233 0.236326 0.365233 0.242189 0.371093 0.242189 0.371093 0.238282 0.36914 0.236326
0 0.554689 0.642578 0.556642 0.644533 0.556642 0.648436 0.564452 0.648436 0.564452 0.642578
0 0.486329 0.347656 0.486329 0.351563 0.484376 0.353514 0.484376 0.35742 0.488283 0.35742 0.488283 0.353514 0.490236 0.351563 0.490236 0.347656
0 0.876953 0.394532 0.875 0.396483 0.873047 0.396483 0.873047 0.398438 0.871093 0.40039 0.873047 0.40039 0.875 0.402345 0.876953 0.402345 0.88086 0.398438 0.88086 0.396483 0.878907 0.394532
0 0.728514 0.953126 0.728514 0.957033 0.730467 0.957033 0.732421 0.958984 0.734374 0.957033 0.736328 0.957033 0.736328 0.953126
0 0.035156 0.09961 0.035156 0.105468 0.041016 0.105468 0.041016 0.09961
0 0.439453 0.623049 0.4375 0.625 0.439453 0.626951 0.439453 0.628906 0.451173 0.628906 0.451173 0.626951 0.453126 0.625 0.447266 0.625 0.445313 0.623049
0 0.373047 0.494141 0.371093 0.496093 0.371093 0.501955 0.376953 0.501955 0.376953 0.494141
0 0.210938 0.125001 0.210938 0.128908 0.208985 0.130859 0.208985 0.134766 0.210938 0.136717 0.212891 0.136717 0.214845 0.134766 0.214845 0.125001
1 0.857423 0.01953 0.85547 0.021485 0.853517 0.021485 0.853517 0.029298 0.859377 0.029298 0.859377 0.021485
0 0.048829 0.501955 0.046876 0.503906 0.046876 0.509763 0.052736 0.509763 0.052736 0.503906 0.050783 0.501955
0 0.218751 0.15625 0.216798 0.158201 0.214845 0.158201 0.214845 0.166015 0.216798 0.16797 0.220705 0.16797 0.220705 0.158201
0 0.492186 0.634764 0.492186 0.638671 0.496092 0.638671 0.498046 0.640627 0.501953 0.640627 0.503906 0.638671 0.503906 0.634764
0 0.367187 0.214842 0.365233 0.216797 0.365233 0.222655 0.367187 0.224611 0.371093 0.224611 0.371093 0.214842
0 0.966796 0.642578 0.960936 0.648436 0.960936 0.650391 0.962889 0.652342 0.966796 0.652342 0.972656 0.646485 0.970702 0.646485
0 0.066406 0.503906 0.064452 0.505861 0.062499 0.505861 0.062499 0.511719 0.068359 0.511719 0.068359 0.505861
0 0.605468 0.953126 0.605468 0.957033 0.611328 0.957033 0.611328 0.953126
0 0.490236 0.625 0.490236 0.628906 0.492186 0.630858 0.499999 0.630858 0.499999 0.626951 0.498046 0.625
0 0.371093 0.521484 0.371093 0.529297 0.373047 0.531248 0.376953 0.531248 0.376953 0.521484
0 0.544922 0.951171 0.544922 0.955077 0.546876 0.957033 0.552736 0.957033 0.554689 0.955077 0.554689 0.953126 0.552736 0.951171
0 0.701171 0 0.699218 0 0.697264 0 0.693358 0.001951 0.693358 0.003907 0.695311 0.005858 0.695311 0.007814 0.697264 0.007814 0.703124 0.001951 0.703124 0
0 0.82422 0.417968 0.820314 0.421874 0.82422 0.425781 0.82617 0.42383 0.828123 0.42383 0.830077 0.421874 0.82617 0.417968
0 0.865233 0.072268 0.865233 0.080076 0.871093 0.080076 0.871093 0.072268
1 0.470703 0.416016 0.470703 0.417968 0.468749 0.419923 0.468749 0.431639 0.472656 0.431639 0.474609 0.429688 0.474609 0.419923
0 0.052736 0.453123 0.052736 0.460937 0.058592 0.460937 0.058592 0.455079 0.056639 0.453123
0 0.744141 0.61328 0.742188 0.615235 0.738281 0.615235 0.738281 0.619142 0.740234 0.621093 0.742188 0.619142 0.748047 0.619142 0.748047 0.61328
0 0.126952 0.765623 0.126952 0.771485 0.128905 0.773436 0.128905 0.775392 0.132812 0.775392 0.134765 0.773436 0.132812 0.771485 0.132812 0.76953 0.130859 0.767579 0.130859 0.765623
0 0.710938 0.466799 0.708984 0.46875 0.707031 0.46875 0.705078 0.470701 0.707031 0.472657 0.712891 0.472657 0.712891 0.46875
0 0.757814 0.445314 0.755861 0.447266 0.753908 0.447266 0.751954 0.449217 0.751954 0.453123 0.753908 0.453123 0.755861 0.451172 0.757814 0.451172 0.759764 0.449217 0.763671 0.449217 0.763671 0.445314
0 0.375 0.435545 0.373047 0.437501 0.373047 0.441408 0.375 0.443359 0.378907 0.443359 0.378907 0.435545
0 0.816407 0.421874 0.814454 0.42383 0.8125 0.42383 0.8125 0.425781 0.810547 0.427736 0.8125 0.429688 0.814454 0.429688 0.816407 0.427736 0.820314 0.427736 0.820314 0.425781
0 0.373047 0.388674 0.373047 0.396483 0.378907 0.396483 0.378907 0.390625 0.376953 0.388674
0 0.367187 0.023436 0.367187 0.033205 0.371093 0.033205 0.371093 0.029298 0.373047 0.027343 0.373047 0.025392 0.371093 0.023436
0 0.898436 0.828125 0.896483 0.830077 0.89258 0.830077 0.890627 0.832032 0.894529 0.835939 0.896483 0.833983 0.90039 0.833983 0.90039 0.832032 0.898436 0.830077
0 0.033203 0.904295 0.031249 0.90625 0.029296 0.90625 0.029296 0.908201 0.033203 0.912108 0.033203 0.914064 0.035156 0.914064 0.037109 0.912108 0.037109 0.908201 0.035156 0.90625 0.035156 0.904295
0 0.011719 0.88281 0.009766 0.884766 0.007813 0.884766 0.007813 0.886717 0.011719 0.890624 0.011719 0.892579 0.013673 0.894531 0.01758 0.890624 0.01758 0.888673 0.015626 0.886717 0.015626 0.884766 0.013673 0.88281
0 0.371093 0.597657 0.36914 0.599609 0.36914 0.603515 0.371093 0.605471 0.375 0.605471 0.375 0.599609 0.373047 0.597657
0 0.351564 0.86133 0.347657 0.865232 0.347657 0.869139 0.34961 0.871095 0.351564 0.869139 0.359373 0.869139 0.359373 0.867188 0.361327 0.865232 0.359373 0.863281 0.359373 0.86133
0 0.330077 0.46875 0.328124 0.470701 0.328124 0.474608 0.33203 0.474608 0.333984 0.476563 0.335937 0.474608 0.335937 0.470701 0.333984 0.470701 0.33203 0.46875
0 0.718751 0.619142 0.716798 0.621093 0.716798 0.625 0.722658 0.625 0.724611 0.623049 0.724611 0.621093 0.722658 0.619142
0 0.707031 0.953126 0.707031 0.958984 0.712891 0.958984 0.714844 0.957033 0.714844 0.955077 0.708984 0.955077
0 0.994139 0.48047 0.994139 0.482421 0.992189 0.484377 0.994139 0.486328 0.994139 0.488283 0.996092 0.488283 0.999999 0.484377 0.999999 0.48047
0 0.136719 0.783205 0.134765 0.785156 0.132812 0.785156 0.132812 0.791014 0.134765 0.79297 0.134765 0.794921 0.138672 0.794921 0.138672 0.785156
0 0.054689 0.335936 0.052736 0.337891 0.052736 0.343749 0.054689 0.345705 0.058592 0.345705 0.058592 0.335936
0 0.619142 0.183593 0.615235 0.1875 0.617188 0.189455 0.617188 0.191406 0.619142 0.191406 0.621095 0.189455 0.626951 0.189455 0.626951 0.1875 0.624998 0.185548 0.624998 0.183593
0 0.791017 0.593751 0.789064 0.595702 0.787111 0.595702 0.787111 0.597657 0.789064 0.599609 0.789064 0.603515 0.791017 0.601564 0.792967 0.601564 0.79492 0.599609 0.796874 0.599609 0.796874 0.597657 0.79492 0.595702 0.79492 0.593751
0 0.478516 0.396483 0.474609 0.40039 0.474609 0.406252 0.478516 0.406252 0.478516 0.404296 0.480469 0.402345 0.480469 0.398438
1 0.080079 0.58008 0.080079 0.583986 0.082032 0.585938 0.082032 0.589844 0.083986 0.591795 0.083986 0.593751 0.089842 0.593751 0.089842 0.589844 0.087892 0.587888 0.087892 0.583986 0.085939 0.582031 0.085939 0.58008
0 0.378907 0.210939 0.378907 0.220704 0.382813 0.220704 0.384767 0.218749 0.384767 0.212891 0.382813 0.210939
0 0.591795 0.628906 0.589845 0.630858 0.589845 0.63672 0.597655 0.63672 0.599608 0.634764 0.599608 0.630858 0.595702 0.630858 0.593748 0.628906
0 0.617188 0.625 0.617188 0.630858 0.628905 0.630858 0.628905 0.625
0 0.044923 0.138672 0.042969 0.140624 0.041016 0.140624 0.041016 0.146486 0.042969 0.146486 0.044923 0.148437
0 0.365233 0.248046 0.365233 0.25586 0.36914 0.25586 0.36914 0.250002 0.367187 0.248046
0 0.583985 0.48047 0.583985 0.484377 0.595702 0.484377 0.595702 0.48047
0 0.36914 0.576173 0.36914 0.585938 0.371093 0.583986 0.373047 0.583986 0.373047 0.576173
0 0.960936 0.496093 0.958986 0.498048 0.957033 0.498048 0.957033 0.499999 0.958986 0.501955 0.958986 0.503906 0.960936 0.501955 0.962889 0.501955 0.964842 0.499999 0.966796 0.499999 0.966796 0.496093
0 0.062499 0.515626 0.062499 0.521484 0.066406 0.52539 0.066406 0.529297 0.068359 0.527346 0.070312 0.527346 0.070312 0.523439 0.068359 0.521484 0.068359 0.517577 0.066406 0.515626
0 0.375 0.421874 0.373047 0.42383 0.373047 0.427736 0.375 0.429688 0.378907 0.429688 0.378907 0.421874
0 0.041016 0.42383 0.039062 0.425781 0.039062 0.431639 0.041016 0.433594 0.042969 0.433594 0.044923 0.431639 0.044923 0.42383
0 0.546876 0.626951 0.546876 0.632813 0.552736 0.632813 0.554689 0.634764 0.554689 0.628906 0.552736 0.626951
0 0.605468 0.14453 0.603515 0.146486 0.601562 0.146486 0.599608 0.148437 0.599608 0.150392 0.601562 0.152344 0.603515 0.152344 0.605468 0.150392 0.607422 0.150392 0.607422 0.148437 0.605468 0.146486
0 0.38086 0.029298 0.378907 0.03125 0.378907 0.035156 0.38086 0.037107 0.38086 0.039063 0.384767 0.039063 0.38672 0.037107 0.38672 0.03125 0.384767 0.029298
0 0.060546 0.263673 0.058592 0.265625 0.056639 0.265625 0.054689 0.26758 0.054689 0.271487 0.056639 0.273438 0.062499 0.273438 0.062499 0.265625
0 0.197265 0 0.195311 0 0.195311 0 0.197265 0.001951 0.201171 0.001951 0.203125 0 0.203125 0 0.201171 0
0 0.43164 0.470701 0.429686 0.472657 0.429686 0.474608 0.43164 0.476563 0.4375 0.476563 0.4375 0.470701
0 0.677735 0.957033 0.677735 0.958984 0.675781 0.96094 0.677735 0.96094 0.679688 0.962891 0.683595 0.962891 0.685548 0.96094 0.685548 0.957033
0 0.593748 0.953126 0.593748 0.958984 0.599608 0.958984 0.601562 0.957033 0.601562 0.953126
0 0.007813 0.005858 0.005859 0.007814 0.005859 0.015623 0.011719 0.015623 0.011719 0.005858
0 0.570312 0.208984 0.568359 0.210939 0.564452 0.210939 0.562499 0.212891 0.562499 0.214842 0.564452 0.216797 0.564452 0.218749 0.566405 0.218749 0.572265 0.212891 0.572265 0.210939
0 0.052736 0.980469 0.050783 0.98242 0.050783 0.984375 0.048829 0.986326 0.050783 0.988282 0.052736 0.988282 0.056639 0.992189 0.058592 0.992189 0.060546 0.990233 0.060546 0.988282 0.056639 0.984375 0.056639 0.98242 0.054689 0.980469
0 0.378907 0.160157 0.378907 0.169922 0.384767 0.169922 0.384767 0.16797 0.382813 0.166015 0.382813 0.160157
0 0.91797 0.820312 0.916016 0.822268 0.91211 0.822268 0.91211 0.82617 0.914063 0.828125 0.91797 0.824219 0.921876 0.824219 0.919923 0.822268 0.919923 0.820312
0 0.771484 0.722658 0.771484 0.730467 0.773437 0.732423 0.773437 0.734374 0.775391 0.734374 0.777344 0.732423 0.779297 0.732423 0.779297 0.728516 0.777344 0.72656 0.777344 0.724609 0.775391 0.722658
0 0.367187 0.169922 0.365233 0.171877 0.365233 0.179686 0.367187 0.181642 0.36914 0.181642 0.371093 0.179686 0.371093 0.171877 0.36914 0.169922
0 0.781251 0.285158 0.779297 0.287109 0.781251 0.289064 0.781251 0.291016 0.789064 0.291016 0.789064 0.285158
0 0.511719 0.056641 0.511719 0.058592 0.513672 0.060548 0.511719 0.062499 0.519533 0.062499 0.519533 0.056641
0 0.375 0.398438 0.373047 0.40039 0.373047 0.404296 0.375 0.406252 0.376953 0.406252 0.378907 0.404296 0.38086 0.406252 0.38086 0.40039 0.378907 0.398438
0 0.375 0.447266 0.373047 0.449217 0.373047 0.458986 0.376953 0.458986 0.378907 0.45703 0.378907 0.449217 0.376953 0.447266
0 0.871093 0.835939 0.871093 0.839846 0.873047 0.841797 0.875 0.839846 0.88086 0.839846 0.878907 0.83789 0.878907 0.835939
0 0.535156 0.626951 0.535156 0.632813 0.541016 0.632813 0.542969 0.634764 0.542969 0.626951
0 0.802734 0.853517 0.802734 0.855468 0.804687 0.857423 0.804687 0.859375 0.8125 0.859375 0.8125 0.853517
0 0.367187 0.037107 0.365233 0.039063 0.365233 0.046876 0.367187 0.048827 0.371093 0.048827 0.371093 0.037107
0 0.041016 0.447266 0.041016 0.449217 0.039062 0.451172 0.039062 0.455079 0.041016 0.45703 0.044923 0.45703 0.044923 0.447266
0 0.36328 0.410154 0.361327 0.41211 0.361327 0.416016 0.36328 0.417968 0.36328 0.421874 0.367187 0.421874 0.367187 0.410154
0 0.38086 0.04297 0.38086 0.050783 0.382813 0.052734 0.384767 0.052734 0.38672 0.050783 0.38672 0.044921 0.384767 0.04297
1 0.503906 0.328127 0.501953 0.330078 0.501953 0.332029 0.499999 0.333985 0.499999 0.339843 0.505859 0.339843 0.505859 0.335936 0.507812 0.333985 0.507812 0.330078 0.505859 0.328127
1 0.539062 0.253904 0.535156 0.257811 0.533202 0.257811 0.531249 0.259767 0.531249 0.261718 0.529296 0.263673 0.529296 0.269531 0.531249 0.271487 0.533202 0.271487 0.535156 0.269531 0.535156 0.26758 0.537109 0.265625 0.537109 0.263673 0.539062 0.261718 0.539062 0.259767 0.541016 0.257811 0.541016 0.25586
0 0.777344 0.759765 0.775391 0.761721 0.775391 0.763672 0.777344 0.765623 0.777344 0.771485 0.783204 0.771485 0.783204 0.765623 0.781251 0.763672 0.781251 0.759765
0 0.509766 0.367189 0.507812 0.369141 0.501953 0.369141 0.501953 0.371092 0.499999 0.373047 0.511719 0.373047 0.511719 0.369141