9 0.234378 0.550781 0.232421 0.552735 0.228517 0.552735 0.22656 0.55469 0.222656 0.55469 0.220699 0.556645 0.220699 0.558599 0.218751 0.56054 0.218751 0.562494 0.216794 0.564449 0.216794 0.570314 0.214847 0.572268 0.214847 0.580073 0.216794 0.582027 0.216794 0.585938 0.218751 0.587892 0.218751 0.591802 0.220699 0.593756 0.220699 0.595696 0.222656 0.597651 0.222656 0.599606 0.22656 0.603515 0.22656 0.60547 0.230464 0.609379 0.230464 0.611334 0.234378 0.615229 0.234378 0.617183 0.236326 0.619138 0.236326 0.621093 0.24023 0.625003 0.242187 0.625003 0.249996 0.632806 0.251953 0.632806 0.26758 0.648444 0.28125 0.648444 0.283206 0.650385 0.283206 0.64258 0.28125 0.640626 0.28125 0.623047 0.279293 0.621093 0.279293 0.609379 0.277346 0.607424 0.277346 0.603515 0.275389 0.60156 0.275389 0.595696 0.273441 0.593756 0.273441 0.589846 0.271484 0.587892 0.271484 0.583982 0.269527 0.582027 0.269527 0.576179 0.26758 0.574223 0.26758 0.568358 0.265623 0.566404 0.265623 0.562494 0.263675 0.56054 0.261718 0.56054 0.257814 0.556645 0.255857 0.556645 0.251953 0.552735 0.236326 0.552735
9 0.146487 0.478515 0.14453 0.480469 0.132817 0.480469 0.126955 0.486334 0.126955 0.490228 0.124999 0.492183 0.124999 0.505866 0.126955 0.507806 0.126955 0.52149 0.128903 0.523444 0.128903 0.527339 0.13086 0.529293 0.13086 0.531248 0.132817 0.533203 0.132817 0.535157 0.136721 0.539067 0.138669 0.539067 0.142582 0.542962 0.14453 0.542962 0.148434 0.546871 0.150391 0.546871 0.154296 0.550781 0.156252 0.550781 0.162114 0.556645 0.164061 0.556645 0.167966 0.56054 0.17188 0.556645 0.17188 0.533203 0.169922 0.531248 0.169922 0.52149 0.167966 0.519534 0.167966 0.511716 0.166018 0.509761 0.166018 0.507806 0.164061 0.505866 0.164061 0.501957 0.162114 0.500002 0.162114 0.496093 0.160157 0.494138 0.160157 0.490228 0.156252 0.486334 0.156252 0.484379 0.154296 0.482424 0.152348 0.482424 0.150391 0.480469 0.148434 0.480469
9 0.816408 0.169916 0.816408 0.177734 0.81445 0.17969 0.81445 0.191403 0.816408 0.193357 0.816408 0.197268 0.818355 0.199223 0.818355 0.201178 0.824216 0.201178 0.826173 0.203132 0.832035 0.203132 0.832035 0.17969 0.830078 0.177734 0.830078 0.169916
9 0.587892 0.17969 0.587892 0.185555 0.585935 0.187493 0.585935 0.210936 0.587892 0.212891 0.587892 0.218756 0.591796 0.22265 0.591796 0.224605 0.5957 0.228515 0.607423 0.228515 0.611327 0.224605 0.613284 0.224605 0.619136 0.218756 0.619136 0.210936 0.615232 0.207026 0.615232 0.205072 0.611327 0.201178 0.611327 0.199223 0.607423 0.195313 0.607423 0.193357 0.605466 0.191403 0.603518 0.191403 0.599614 0.187493 0.597657 0.187493 0.593753 0.183599 0.591796 0.183599
9 0.804685 0.062493 0.804685 0.070312 0.806642 0.072268 0.806642 0.09765 0.808589 0.099605 0.808589 0.101559 0.810546 0.103514 0.810546 0.105469 0.812503 0.107423 0.812503 0.109378 0.81445 0.111333 0.81445 0.113287 0.816408 0.115228 0.822268 0.115228 0.824216 0.113287 0.82812 0.113287 0.832035 0.109378 0.833982 0.109378 0.833982 0.107423 0.835938 0.105469 0.835938 0.103514 0.833982 0.101559 0.833982 0.099605 0.832035 0.09765 0.832035 0.09571 0.818355 0.082026 0.818355 0.080071 0.812503 0.074222 0.812503 0.072268 0.806642 0.066403 0.806642 0.064449
9 0.41797 0.953118 0.416013 0.955073 0.412109 0.955073 0.410151 0.957028 0.408204 0.957028 0.406247 0.958982 0.4043 0.958982 0.402343 0.960938 0.400386 0.960938 0.388673 0.972651 0.388673 0.974606 0.382812 0.98047 0.384768 0.982426 0.386716 0.982426 0.39063 0.986334 0.396482 0.986334 0.398438 0.98438 0.408204 0.98438 0.423831 0.968757 0.423831 0.966802 0.427736 0.962893 0.427736 0.955073 0.425778 0.953118
9 0.371098 0.287111 0.369142 0.289067 0.359375 0.289067 0.359375 0.291021 0.361332 0.292962 0.361332 0.29687 0.36328 0.298826 0.36328 0.30469 0.365237 0.306644 0.365237 0.308599 0.367184 0.310555 0.367184 0.312494 0.369142 0.314449 0.369142 0.316403 0.373046 0.320313 0.373046 0.322268 0.37695 0.326178 0.378907 0.326178 0.382812 0.330072 0.386716 0.330072 0.388673 0.332027 0.39063 0.330072 0.398438 0.330072 0.398438 0.328133 0.400386 0.326178 0.400386 0.322268 0.402343 0.320313 0.402343 0.318358 0.400386 0.316403 0.400386 0.314449 0.398438 0.312494 0.398438 0.310555 0.396482 0.308599 0.396482 0.306644 0.394534 0.30469 0.394534 0.302735 0.392577 0.30078 0.392577 0.298826 0.39063 0.29687 0.388673 0.29687 0.384768 0.292962 0.382812 0.292962 0.380864 0.291021 0.37695 0.291021 0.375003 0.289067 0.373046 0.289067
9 0.634763 0.158202 0.634763 0.164066 0.63672 0.166021 0.63672 0.173826 0.638668 0.17578 0.638668 0.177734 0.640625 0.17969 0.640625 0.181644 0.642581 0.183599 0.642581 0.185555 0.644529 0.187493 0.644529 0.189449 0.646486 0.191403 0.646486 0.193357 0.648433 0.195313 0.648433 0.201178 0.656251 0.201178 0.658199 0.203132 0.662113 0.199223 0.66406 0.199223 0.66406 0.195313 0.666017 0.193357 0.666017 0.189449 0.66406 0.187493 0.66406 0.183599 0.648433 0.167975 0.646486 0.167975 0.640625 0.162111 0.638668 0.162111
9 0.496096 0.230469 0.496096 0.238287 0.494139 0.240228 0.494139 0.261715 0.496096 0.26367 0.496096 0.267579 0.498043 0.269534 0.498043 0.271489 0.5 0.273444 0.51367 0.273444 0.517575 0.269534 0.517575 0.257806 0.515627 0.255866 0.515627 0.251956 0.51367 0.250002 0.51367 0.248047 0.511723 0.246092 0.511723 0.244138 0.509766 0.242182 0.509766 0.240228 0.507809 0.238287 0.505861 0.238287 0.501957 0.234379 0.5 0.234379
9 0.615232 0.17187 0.615232 0.193357 0.617188 0.195313 0.617188 0.203132 0.619136 0.205072 0.619136 0.207026 0.62305 0.210936 0.626955 0.210936 0.628901 0.212891 0.63672 0.212891 0.638668 0.210936 0.640625 0.210936 0.646486 0.205072 0.646486 0.195313 0.644529 0.193357 0.644529 0.191403 0.642581 0.189449 0.642581 0.187493 0.634763 0.17969 0.630859 0.17969 0.628901 0.177734 0.626955 0.177734 0.624997 0.17578 0.621093 0.17578 0.619136 0.173826 0.617188 0.173826
9 0.033203 0.650385 0.023437 0.660158 0.02148 0.660158 0.013671 0.667962 0.013671 0.669917 0.015628 0.671871 0.015628 0.673826 0.017576 0.675781 0.017576 0.677735 0.019533 0.679691 0.019533 0.681645 0.02148 0.683599 0.02148 0.68554 0.023437 0.687494 0.023437 0.68945 0.025393 0.691404 0.025393 0.693358 0.027341 0.695314 0.027341 0.697268 0.029298 0.699223 0.029298 0.701179 0.031246 0.703117 0.031246 0.705073 0.033203 0.707027 0.033203 0.708982 0.037107 0.712892 0.037107 0.714847 0.039064 0.716802 0.039064 0.718756 0.044925 0.724606 0.044925 0.726561 0.050777 0.732425 0.050777 0.73438 0.054691 0.738275 0.056639 0.738275 0.0625 0.744139 0.064456 0.744139 0.072265 0.751957 0.072265 0.753912 0.074223 0.755867 0.082031 0.755867 0.083988 0.757806 0.093754 0.757806 0.093754 0.755867 0.095701 0.753912 0.095701 0.751957 0.097658 0.750003 0.097658 0.748047 0.095701 0.746093 0.095701 0.744139 0.093754 0.742183 0.093754 0.740229 0.091797 0.738275 0.091797 0.736334 0.08984 0.73438 0.08984 0.732425 0.087893 0.73047 0.087893 0.726561 0.085936 0.724606 0.085936 0.722651 0.083988 0.720696 0.083988 0.718756 0.082031 0.716802 0.082031 0.714847 0.080074 0.712892 0.080074 0.710938 0.078127 0.708982 0.078127 0.705073 0.07617 0.703117 0.07617 0.699223 0.074223 0.697268 0.074223 0.693358 0.072265 0.691404 0.072265 0.68554 0.070309 0.683599 0.070309 0.679691 0.068361 0.677735 0.068361 0.675781 0.066404 0.673826 0.066404 0.671871 0.060543 0.666022 0.060543 0.664067 0.054691 0.658203 0.054691 0.656249 0.052734 0.654294 0.044925 0.654294 0.042968 0.652339 0.03516 0.652339
9 0.285154 0.757806 0.283206 0.759762 0.28125 0.759762 0.277346 0.763671 0.275389 0.763671 0.275389 0.76758 0.277346 0.769535 0.277346 0.779294 0.279293 0.781249 0.279293 0.787113 0.28125 0.789068 0.28125 0.791022 0.283206 0.792963 0.283206 0.794917 0.285154 0.796872 0.285154 0.798827 0.289059 0.802736 0.289059 0.804691 0.29492 0.81054 0.29492 0.812494 0.316408 0.833982 0.318356 0.833982 0.324217 0.839847 0.328122 0.839847 0.330079 0.841802 0.333983 0.841802 0.33594 0.843757 0.339844 0.843757 0.341801 0.845696 0.343749 0.843757 0.343749 0.828118 0.341801 0.826179 0.341801 0.812494 0.339844 0.81054 0.339844 0.802736 0.337887 0.800781 0.337887 0.792963 0.33594 0.791022 0.33594 0.787113 0.333983 0.785158 0.333983 0.783203 0.330079 0.779294 0.330079 0.777339 0.328122 0.775385 0.328122 0.773444 0.326174 0.77149 0.324217 0.77149 0.322269 0.769535 0.320312 0.769535 0.318356 0.76758 0.316408 0.76758 0.312504 0.763671 0.310547 0.763671 0.30859 0.761716 0.306643 0.761716 0.304686 0.759762 0.287111 0.759762
9 0.541019 0.375002 0.539063 0.376956 0.537106 0.376956 0.535159 0.378911 0.533202 0.378911 0.529297 0.382806 0.52734 0.382806 0.523436 0.386716 0.521488 0.386716 0.519531 0.38867 0.521488 0.390625 0.521488 0.39258 0.523436 0.394534 0.523436 0.396489 0.52734 0.400384 0.529297 0.398444 0.531254 0.398444 0.533202 0.396489 0.537106 0.396489 0.539063 0.394534 0.541019 0.394534 0.542967 0.39258 0.544924 0.39258 0.548829 0.38867 0.550786 0.38867 0.552733 0.386716 0.55469 0.386716 0.558594 0.382806 0.560551 0.382806 0.560551 0.378911 0.562499 0.376956 0.562499 0.375002
9 0.1582 0.60156 0.156252 0.603515 0.146487 0.603515 0.14453 0.60547 0.142582 0.60547 0.140625 0.607424 0.136721 0.607424 0.136721 0.611334 0.134764 0.613288 0.134764 0.619138 0.136721 0.621093 0.136721 0.623047 0.138669 0.625003 0.138669 0.626957 0.140625 0.628911 0.140625 0.630867 0.142582 0.632806 0.142582 0.636716 0.14453 0.63867 0.14453 0.640626 0.146487 0.64258 0.146487 0.644534 0.148434 0.64649 0.148434 0.648444 0.150391 0.650385 0.150391 0.652339 0.156252 0.658203 0.156252 0.660158 0.164061 0.667962 0.164061 0.669917 0.18555 0.691404 0.18555 0.693358 0.189454 0.697268 0.191411 0.697268 0.195315 0.701179 0.203124 0.701179 0.203124 0.699223 0.205081 0.697268 0.205081 0.683599 0.203124 0.681645 0.203124 0.667962 0.201167 0.666022 0.201167 0.664067 0.19922 0.662113 0.19922 0.658203 0.197263 0.656249 0.197263 0.654294 0.195315 0.652339 0.195315 0.648444 0.193358 0.64649 0.193358 0.64258 0.191411 0.640626 0.191411 0.63867 0.189454 0.636716 0.189454 0.634762 0.187497 0.632806 0.187497 0.630867 0.183593 0.626957 0.183593 0.625003 0.179688 0.621093 0.179688 0.619138 0.175784 0.615229 0.175784 0.613288 0.17188 0.609379 0.17188 0.607424 0.166018 0.60156
9 0.464841 0.781249 0.462894 0.783203 0.457033 0.783203 0.455076 0.785158 0.453128 0.785158 0.451171 0.787113 0.447267 0.787113 0.443363 0.791022 0.441406 0.791022 0.435544 0.796872 0.433597 0.796872 0.429683 0.800781 0.427736 0.800781 0.423831 0.804691 0.421874 0.804691 0.416013 0.81054 0.416013 0.812494 0.408204 0.820314 0.410151 0.822268 0.410151 0.824224 0.412109 0.824224 0.414065 0.826179 0.416013 0.824224 0.41797 0.824224 0.419918 0.822268 0.421874 0.822268 0.423831 0.820314 0.425778 0.820314 0.427736 0.818359 0.429683 0.818359 0.43164 0.816404 0.433597 0.816404 0.435544 0.81445 0.437501 0.81445 0.439449 0.812494 0.441406 0.812494 0.443363 0.81054 0.44531 0.81054 0.449214 0.806645 0.451171 0.806645 0.453128 0.804691 0.455076 0.804691 0.466799 0.792963 0.466799 0.781249
9 0.613284 0.525385 0.611327 0.527339 0.603518 0.527339 0.601562 0.529293 0.599614 0.529293 0.597657 0.531248 0.5957 0.531248 0.593753 0.533203 0.591796 0.533203 0.589849 0.535157 0.587892 0.535157 0.585935 0.537112 0.583987 0.537112 0.576169 0.544916 0.578125 0.546871 0.578125 0.548826 0.580082 0.550781 0.580082 0.552735 0.583987 0.552735 0.585935 0.550781 0.589849 0.550781 0.591796 0.548826 0.5957 0.548826 0.601562 0.542962 0.603518 0.542962 0.607423 0.539067 0.607423 0.537112 0.60937 0.535157 0.60937 0.533203 0.611327 0.531248 0.611327 0.529293 0.613284 0.527339
9 0.552733 0.552735 0.550786 0.55469 0.544924 0.55469 0.541019 0.558599 0.539063 0.558599 0.535159 0.562494 0.533202 0.562494 0.533202 0.564449 0.531254 0.566404 0.531254 0.568358 0.529297 0.570314 0.529297 0.572268 0.52734 0.574223 0.52734 0.576179 0.529297 0.578117 0.529297 0.580073 0.531254 0.582027 0.531254 0.583982 0.539063 0.583982 0.541019 0.582027 0.544924 0.582027 0.548829 0.578117 0.550786 0.578117 0.55469 0.574223 0.55469 0.572268 0.558594 0.568358 0.558594 0.564449 0.560551 0.562494 0.560551 0.558599 0.558594 0.556645 0.558594 0.55469 0.55469 0.55469
9 0.570317 0.572268 0.56836 0.574223 0.566403 0.574223 0.564456 0.576179 0.564456 0.578117 0.558594 0.583982 0.556637 0.583982 0.556637 0.587892 0.55469 0.589846 0.55469 0.593756 0.552733 0.595696 0.552733 0.60547 0.556637 0.609379 0.560551 0.609379 0.564456 0.60547 0.566403 0.60547 0.572265 0.599606 0.572265 0.597651 0.574221 0.595696 0.574221 0.593756 0.576169 0.591802 0.576169 0.576179 0.574221 0.576179
9 0.044925 0.482424 0.042968 0.484379 0.041011 0.484379 0.037107 0.488288 0.03516 0.488288 0.03516 0.492183 0.033203 0.494138 0.033203 0.500002 0.03516 0.501957 0.03516 0.509761 0.037107 0.511716 0.037107 0.519534 0.039064 0.52149 0.039064 0.527339 0.041011 0.529293 0.041011 0.533203 0.042968 0.535157 0.042968 0.539067 0.044925 0.541022 0.044925 0.544916 0.046873 0.546871 0.046873 0.550781 0.04883 0.552735 0.04883 0.55469 0.050777 0.556645 0.050777 0.558599 0.052734 0.56054 0.052734 0.562494 0.054691 0.564449 0.054691 0.568358 0.056639 0.570314 0.056639 0.576179 0.058595 0.578117 0.058595 0.580073 0.064456 0.585938 0.064456 0.587892 0.074223 0.597651 0.074223 0.599606 0.083988 0.609379 0.08984 0.609379 0.08984 0.607424 0.091797 0.60547 0.091797 0.603515 0.093754 0.60156 0.093754 0.591802 0.091797 0.589846 0.091797 0.572268 0.08984 0.570314 0.08984 0.558599 0.087893 0.556645 0.087893 0.546871 0.085936 0.544916 0.085936 0.535157 0.083988 0.533203 0.083988 0.529293 0.078127 0.523444 0.078127 0.52149 0.070309 0.51367 0.070309 0.511716 0.068361 0.509761 0.068361 0.507806 0.066404 0.505866 0.066404 0.503911 0.064456 0.501957 0.064456 0.500002 0.0625 0.498047 0.0625 0.496093 0.060543 0.494138 0.060543 0.492183 0.058595 0.490228 0.058595 0.488288 0.056639 0.486334 0.056639 0.484379 0.054691 0.482424
9 0.509766 0.710938 0.507809 0.712892 0.501957 0.712892 0.5 0.714847 0.492191 0.714847 0.490234 0.716802 0.488277 0.716802 0.48633 0.718756 0.484373 0.718756 0.482425 0.720696 0.480469 0.720696 0.478512 0.722651 0.476564 0.722651 0.474607 0.724606 0.47266 0.724606 0.470703 0.726561 0.468746 0.726561 0.466799 0.728515 0.464841 0.728515 0.462894 0.73047 0.460937 0.73047 0.457033 0.73438 0.455076 0.73438 0.453128 0.736334 0.451171 0.736334 0.45898 0.744139 0.45898 0.746093 0.464841 0.751957 0.466799 0.750003 0.468746 0.750003 0.470703 0.748047 0.474607 0.748047 0.476564 0.746093 0.478512 0.746093 0.480469 0.744139 0.484373 0.744139 0.48633 0.742183 0.488277 0.742183 0.490234 0.740229 0.494139 0.740229 0.511723 0.722651 0.511723 0.712892
9 0.69141 0.111333 0.69141 0.119138 0.693357 0.121092 0.693357 0.134761 0.695314 0.136715 0.695314 0.142579 0.697262 0.144534 0.697262 0.146488 0.699219 0.148443 0.699219 0.150383 0.701176 0.152338 0.701176 0.154293 0.703123 0.156247 0.703123 0.158202 0.70508 0.160157 0.714846 0.160157 0.716793 0.158202 0.71875 0.158202 0.71875 0.156247 0.720707 0.154293 0.720707 0.150383 0.71875 0.148443 0.71875 0.144534 0.716793 0.142579 0.716793 0.140624 0.714846 0.138669 0.714846 0.136715 0.712889 0.134761 0.712889 0.132805 0.708984 0.12891 0.708984 0.126956 0.707028 0.125002 0.707028 0.123046 0.701176 0.117182 0.699219 0.117182 0.693357 0.111333
9 0.097658 0.63867 0.091797 0.644534 0.091797 0.64649 0.08984 0.648444 0.08984 0.652339 0.087893 0.654294 0.087893 0.658203 0.08984 0.660158 0.08984 0.664067 0.091797 0.666022 0.091797 0.667962 0.093754 0.669917 0.093754 0.673826 0.095701 0.675781 0.095701 0.679691 0.097658 0.681645 0.097658 0.683599 0.099606 0.68554 0.099606 0.687494 0.105467 0.693358 0.105467 0.695314 0.109371 0.699223 0.109371 0.701179 0.111328 0.703117 0.111328 0.705073 0.113285 0.707027 0.113285 0.708982 0.119137 0.714847 0.119137 0.716802 0.124999 0.722651 0.124999 0.724606 0.126955 0.726561 0.136721 0.726561 0.138669 0.728515 0.138669 0.697268 0.136721 0.695314 0.136721 0.691404 0.134764 0.68945 0.134764 0.68554 0.132817 0.683599 0.132817 0.679691 0.13086 0.677735 0.13086 0.671871 0.128903 0.669917 0.128903 0.666022 0.126955 0.664067 0.126955 0.660158 0.124999 0.658203 0.124999 0.656249 0.119137 0.650385 0.119137 0.648444 0.115233 0.644534 0.111328 0.644534 0.109371 0.64258 0.105467 0.64258 0.103519 0.640626 0.099606 0.640626
9 0.45898 0.60547 0.457033 0.607424 0.447267 0.607424 0.44531 0.609379 0.443363 0.609379 0.441406 0.611334 0.439449 0.611334 0.437501 0.613288 0.435544 0.613288 0.43164 0.617183 0.429683 0.617183 0.419918 0.626957 0.41797 0.626957 0.414065 0.630867 0.414065 0.632806 0.416013 0.634762 0.416013 0.63867 0.41797 0.640626 0.41797 0.64258 0.419918 0.64258 0.423831 0.64649 0.425778 0.644534 0.427736 0.644534 0.43164 0.640626 0.433597 0.640626 0.437501 0.636716 0.439449 0.636716 0.443363 0.632806 0.44531 0.632806 0.455076 0.623047 0.457033 0.623047 0.462894 0.617183 0.462894 0.607424 0.460937 0.607424
9 0.476564 0.806645 0.474607 0.8086 0.470703 0.8086 0.468746 0.81054 0.462894 0.81054 0.460937 0.812494 0.455076 0.812494 0.453128 0.81445 0.451171 0.81445 0.447267 0.818359 0.44531 0.818359 0.443363 0.820314 0.441406 0.820314 0.439449 0.822268 0.435544 0.822268 0.429683 0.828118 0.427736 0.828118 0.421874 0.833982 0.421874 0.835938 0.419918 0.837893 0.419918 0.839847 0.41797 0.841802 0.41797 0.843757 0.416013 0.845696 0.419918 0.849606 0.429683 0.849606 0.43164 0.847651 0.435544 0.847651 0.437501 0.845696 0.441406 0.845696 0.44531 0.841802 0.447267 0.841802 0.455076 0.833982 0.457033 0.833982 0.462894 0.828118 0.464841 0.828118 0.470703 0.822268 0.47266 0.822268 0.480469 0.81445 0.482425 0.81445 0.484373 0.812494 0.482425 0.81054 0.482425 0.8086 0.480469 0.806645
9 0.00781 0.85938 0.005862 0.861334 0 0.861334 0 0.863275 0 0.863275 0 0.865229 0 0.865229 0 0.867184 0 0.867184 0 0.869139 0 0.869139 0 0.871093 0 0.871093 0 0.873048 0 0.873048 0 0.875003 0 0.875003 0 0.876957 0 0.876957 0 0.878912 0 0.878912 0 0.884762 0 0.884762 0 0.892581 0 0.892581 0 0.898445 0 0.900385 0 0.906249 0 0.908204 0 0.912113 0 0.914068 0 0.916022 0 0.917963 0 0.919917 0 0.921873 0 0.923827 0 0.925781 0 0.927736 0 0.929691 0 0.929691 0 0.931645 0 0.929691 0 0.929691 0 0.927736 0 0.927736 0 0.925781 0 0.925781 0 0.923827 0 0.923827 0 0.921873 0 0.921873 0 0.919917 0 0.919917 0 0.916022 0 0.916022 0 0.910158 0 0.910158 0 0.90234 0 0.90234 0 0.89649 0 0.89649 0 0.892581 0 0.890626 0 0.888671 0 0.886716 0.000001 0.884762 0.000001 0.882807 0.003905 0.878912 0.003905 0.876957 0.005862 0.875003 0.005862 0.873048 0.009767 0.869139 0.009767 0.867184 0.011714 0.865229 0.011714 0.861334 0.009767 0.861334
9 0.78711 0.085936 0.78711 0.109378 0.789067 0.111333 0.789067 0.121092 0.791015 0.123046 0.791015 0.126956 0.792972 0.12891 0.792972 0.132805 0.794919 0.134761 0.794919 0.136715 0.796876 0.136715 0.798833 0.138669 0.802737 0.138669 0.804685 0.140624 0.806642 0.138669 0.810546 0.138669 0.81445 0.134761 0.81445 0.12891 0.816408 0.126956 0.816408 0.119138 0.81445 0.117182 0.81445 0.115228 0.812503 0.113287 0.812503 0.111333 0.810546 0.109378 0.810546 0.107423 0.808589 0.105469 0.808589 0.103514 0.806642 0.101559 0.806642 0.099605 0.804685 0.09765 0.802737 0.09765 0.798833 0.093755 0.796876 0.093755 0.792972 0.089846 0.791015 0.089846
9 0.238283 0.777339 0.234378 0.781249 0.232421 0.781249 0.228517 0.785158 0.22656 0.785158 0.222656 0.789068 0.220699 0.789068 0.216794 0.792963 0.214847 0.792963 0.214847 0.794917 0.216794 0.796872 0.216794 0.798827 0.218751 0.800781 0.218751 0.802736 0.220699 0.804691 0.220699 0.8086 0.222656 0.81054 0.222656 0.812494 0.224612 0.81445 0.224612 0.816404 0.22656 0.818359 0.22656 0.820314 0.228517 0.822268 0.228517 0.824224 0.230464 0.826179 0.230464 0.828118 0.232421 0.830073 0.232421 0.832027 0.234378 0.833982 0.234378 0.835938 0.236326 0.837893 0.236326 0.839847 0.238283 0.841802 0.238283 0.843757 0.24023 0.845696 0.24023 0.847651 0.244144 0.851561 0.246091 0.851561 0.251953 0.857425 0.25391 0.857425 0.257814 0.861334 0.263675 0.861334 0.265623 0.863275 0.271484 0.863275 0.273441 0.865229 0.277346 0.865229 0.279293 0.867184 0.285154 0.867184 0.287111 0.869139 0.287111 0.863275 0.285154 0.861334 0.285154 0.851561 0.283206 0.849606 0.283206 0.841802 0.28125 0.839847 0.28125 0.833982 0.279293 0.832027 0.279293 0.826179 0.277346 0.824224 0.277346 0.820314 0.275389 0.818359 0.275389 0.816404 0.273441 0.81445 0.273441 0.812494 0.271484 0.81054 0.271484 0.8086 0.269527 0.806645 0.269527 0.804691 0.26758 0.802736 0.26758 0.800781 0.265623 0.798827 0.265623 0.796872 0.261718 0.792963 0.259762 0.792963 0.255857 0.789068 0.25391 0.789068 0.249996 0.785158 0.248048 0.785158 0.244144 0.781249 0.242187 0.781249
9 0.337887 0.695314 0.33594 0.697268 0.333983 0.697268 0.332036 0.699223 0.330079 0.699223 0.328122 0.701179 0.324217 0.701179 0.322269 0.703117 0.320312 0.703117 0.320312 0.718756 0.322269 0.720696 0.322269 0.740229 0.324217 0.742183 0.324217 0.744139 0.326174 0.746093 0.326174 0.750003 0.328122 0.751957 0.328122 0.753912 0.330079 0.755867 0.330079 0.757806 0.332036 0.759762 0.332036 0.761716 0.333983 0.763671 0.333983 0.765626 0.343749 0.775385 0.343749 0.777339 0.351567 0.785158 0.353514 0.785158 0.357419 0.789068 0.359375 0.789068 0.367184 0.796872 0.369142 0.796872 0.37695 0.804691 0.386716 0.804691 0.386716 0.800781 0.388673 0.798827 0.388673 0.791022 0.39063 0.789068 0.39063 0.763671 0.388673 0.761716 0.388673 0.751957 0.386716 0.750003 0.386716 0.748047 0.384768 0.746093 0.384768 0.742183 0.382812 0.740229 0.382812 0.738275 0.380864 0.736334 0.380864 0.73438 0.378907 0.732425 0.378907 0.728515 0.37695 0.726561 0.37695 0.724606 0.375003 0.722651 0.375003 0.720696 0.373046 0.718756 0.371098 0.718756 0.367184 0.714847 0.365237 0.714847 0.361332 0.710938 0.359375 0.710938 0.355471 0.707027 0.353514 0.707027 0.34961 0.703117 0.347653 0.703117 0.343749 0.699223 0.341801 0.699223
9 0.81445 0.154293 0.810546 0.158202 0.808589 0.158202 0.802737 0.164066 0.80078 0.164066 0.798833 0.166021 0.796876 0.166021 0.796876 0.167975 0.794919 0.169916 0.794919 0.17187 0.792972 0.173826 0.792972 0.17578 0.791015 0.177734 0.791015 0.17969 0.789067 0.181644 0.791015 0.183599 0.791015 0.185555 0.792972 0.185555 0.794919 0.187493 0.796876 0.187493 0.798833 0.189449 0.80078 0.187493 0.802737 0.187493 0.804685 0.185555 0.806642 0.185555 0.808589 0.183599 0.808589 0.181644 0.810546 0.17969 0.810546 0.177734 0.812503 0.17578 0.812503 0.173826 0.81445 0.17187 0.81445 0.169916 0.816408 0.167975 0.816408 0.166021 0.818355 0.164066 0.818355 0.158202 0.816408 0.156247 0.816408 0.154293
9 0.000001 0.98438 0 0.986334 0 0.986334 0 0.990229 0 0.990229 0 0.994139 0 0.994139 0 0.998048 0 1 0 1 0 1 0 1 0 1 0 1 0 1 0 1 0 1 0 1 0 1 0 1 0 1 0 1 0.000001 1 0.000001 1 0.019533 1 0.02148 1 0.023437 1 0.027341 1 0.029298 1 0.031246 1 0.033203 1 0.037107 1 0.039064 1 0.041011 1 0.042968 1 0.042968 1 0.041011 1 0.041011 1 0.039064 1 0.039064 1 0.037107 1 0.037107 1 0.03516 1 0.03516 1 0.033203 1 0.033203 1 0.027341 1 0.027341 1 0.017576 1 0.017576 1 0.011714 0.996093 0.011714 0.994139 0.009767 0.992185 0.009767 0.990229 0.00781 0.990229 0.003905 0.986334 0.001949 0.986334
9 0.63672 0.52149 0.632815 0.525385 0.630859 0.525385 0.626955 0.529293 0.624997 0.529293 0.619136 0.535157 0.617188 0.535157 0.615232 0.537112 0.615232 0.539067 0.613284 0.541022 0.613284 0.544916 0.611327 0.546871 0.611327 0.55469 0.613284 0.552735 0.617188 0.552735 0.619136 0.550781 0.621093 0.550781 0.62305 0.548826 0.626955 0.548826 0.630859 0.544916 0.632815 0.544916 0.63672 0.541022 0.638668 0.541022 0.640625 0.539067 0.640625 0.537112 0.644529 0.533203 0.644529 0.527339 0.642581 0.525385 0.640625 0.525385
9 0.47266 0.650385 0.470703 0.652339 0.468746 0.652339 0.466799 0.654294 0.464841 0.654294 0.462894 0.656249 0.460937 0.656249 0.45898 0.658203 0.457033 0.658203 0.455076 0.660158 0.453128 0.660158 0.451171 0.662113 0.449214 0.662113 0.447267 0.664067 0.44531 0.664067 0.443363 0.666022 0.441406 0.666022 0.437501 0.669917 0.435544 0.669917 0.433597 0.671871 0.43164 0.671871 0.43164 0.673826 0.429683 0.675781 0.429683 0.677735 0.427736 0.679691 0.427736 0.681645 0.429683 0.683599 0.429683 0.68554 0.433597 0.68945 0.433597 0.691404 0.435544 0.693358 0.435544 0.695314 0.437501 0.697268 0.439449 0.695314 0.441406 0.695314 0.44531 0.691404 0.447267 0.691404 0.449214 0.68945 0.451171 0.68945 0.453128 0.687494 0.455076 0.687494 0.45898 0.683599 0.460937 0.683599 0.462894 0.681645 0.464841 0.681645 0.470703 0.675781 0.47266 0.675781 0.476564 0.671871 0.476564 0.669917 0.478512 0.667962 0.478512 0.666022 0.480469 0.664067 0.480469 0.654294 0.478512 0.654294 0.476564 0.652339 0.474607 0.652339
9 0.460937 0.250002 0.460937 0.255866 0.45898 0.257806 0.45898 0.267579 0.460937 0.269534 0.460937 0.271489 0.462894 0.273444 0.462894 0.277339 0.464841 0.279293 0.464841 0.281247 0.466799 0.283203 0.466799 0.285157 0.468746 0.287111 0.468746 0.289067 0.470703 0.291021 0.470703 0.292962 0.476564 0.298826 0.476564 0.30078 0.480469 0.30469 0.482425 0.30469 0.48633 0.308599 0.488277 0.306644 0.498043 0.306644 0.498043 0.30078 0.5 0.298826 0.5 0.292962 0.498043 0.291021 0.498043 0.289067 0.496096 0.287111 0.496096 0.283203 0.494139 0.281247 0.494139 0.279293 0.492191 0.277339 0.492191 0.275384 0.490234 0.273444 0.490234 0.271489 0.488277 0.269534 0.488277 0.267579 0.48633 0.265625 0.48633 0.26367 0.474607 0.251956 0.462894 0.251956
9 0.464841 0.988275 0.462894 0.990229 0.455076 0.990229 0.453128 0.992185 0.451171 0.992185 0.447267 0.996093 0.44531 0.996093 0.443363 0.998048 0.439449 0.998048 0.437501 1 0.435544 1 0.433597 1 0.429683 1 0.425778 1 0.423831 1 0.419918 1 0.41797 1 0.414065 1 0.412109 1 0.416013 1 0.416013 1 0.419918 1 0.421874 1 0.423831 1 0.425778 1 0.427736 1 0.429683 1 0.43164 1 0.433597 1 0.435544 1 0.437501 1 0.439449 1 0.441406 1 0.443363 1 0.44531 1 0.447267 1 0.449214 1 0.451171 1 0.453128 1 0.455076 1 0.464841 0.996093 0.464841 0.994139 0.466799 0.992185 0.466799 0.988275
9 0.560551 0.195313 0.560551 0.197268 0.558594 0.199223 0.558594 0.205072 0.556637 0.207026 0.556637 0.212891 0.55469 0.214846 0.55469 0.22265 0.556637 0.224605 0.556637 0.232423 0.558594 0.234379 0.558594 0.238287 0.560551 0.240228 0.560551 0.242182 0.566403 0.248047 0.574221 0.248047 0.576169 0.250002 0.578125 0.248047 0.580082 0.248047 0.58203 0.246092 0.583987 0.246092 0.591796 0.238287 0.591796 0.236333 0.589849 0.234379 0.589849 0.230469 0.587892 0.228515 0.587892 0.226559 0.585935 0.224605 0.585935 0.22265 0.583987 0.22071 0.583987 0.218756 0.58203 0.2168 0.58203 0.214846 0.572265 0.205072 0.570317 0.205072
9 0.439449 0.976562 0.437501 0.978516 0.429683 0.978516 0.427736 0.98047 0.425778 0.98047 0.423831 0.982426 0.419918 0.982426 0.41797 0.98438 0.416013 0.98438 0.412109 0.988275 0.410151 0.988275 0.408204 0.990229 0.406247 0.990229 0.398438 0.998048 0.398438 1 0.400386 1 0.410151 1 0.412109 1 0.414065 1 0.41797 1 0.419918 1 0.421874 0.998048 0.423831 0.998048 0.425778 0.996093 0.427736 0.996093 0.429683 0.994139 0.43164 0.994139 0.433597 0.992185 0.435544 0.992185 0.437501 0.990229 0.439449 0.990229 0.441406 0.988275 0.443363 0.988275 0.443363 0.978516 0.441406 0.978516
9 0.654294 0.140624 0.654294 0.148443 0.656251 0.150383 0.656251 0.162111 0.658199 0.164066 0.658199 0.17187 0.660156 0.173826 0.660156 0.17578 0.662113 0.177734 0.662113 0.17969 0.66406 0.181644 0.669921 0.181644 0.671878 0.183599 0.675783 0.183599 0.679687 0.17969 0.681644 0.17969 0.683591 0.177734 0.683591 0.17578 0.685549 0.173826 0.681644 0.169916 0.681644 0.167975 0.666017 0.152338 0.666017 0.150383 0.660156 0.144534 0.658199 0.144534
9 0.490234 0.691404 0.488277 0.693358 0.482425 0.693358 0.480469 0.695314 0.47266 0.695314 0.470703 0.697268 0.466799 0.697268 0.464841 0.699223 0.460937 0.699223 0.455076 0.705073 0.453128 0.705073 0.44531 0.712892 0.443363 0.712892 0.439449 0.716802 0.443363 0.720696 0.44531 0.720696 0.453128 0.728515 0.455076 0.726561 0.457033 0.726561 0.45898 0.724606 0.460937 0.724606 0.462894 0.722651 0.464841 0.722651 0.466799 0.720696 0.468746 0.720696 0.470703 0.718756 0.47266 0.718756 0.474607 0.716802 0.476564 0.716802 0.478512 0.714847 0.480469 0.714847 0.482425 0.712892 0.484373 0.712892 0.490234 0.707027 0.492191 0.707027 0.496096 0.703117 0.496096 0.699223 0.498043 0.697268 0.498043 0.691404
9 0.015628 0.527339 0.013671 0.529293 0.011714 0.529293 0.009767 0.531248 0.00781 0.531248 0.005862 0.533203 0.003905 0.533203 0.001949 0.535157 0.000001 0.535157 0 0.539067 0 0.539067 0 0.541022 0 0.541022 0 0.542962 0 0.542962 0 0.544916 0 0.544916 0 0.546871 0 0.546871 0 0.548826 0 0.550781 0 0.55469 0 0.556645 0 0.56054 0 0.562494 0 0.564449 0 0.568358 0 0.570314 0 0.576179 0 0.578117 0.001949 0.585938 0.003905 0.585938 0.017576 0.599606 0.019533 0.599606 0.023437 0.603515 0.027341 0.603515 0.029298 0.60547 0.033203 0.60547 0.03516 0.607424 0.042968 0.607424 0.044925 0.60547 0.044925 0.60156 0.046873 0.599606 0.046873 0.578117 0.044925 0.576179 0.044925 0.566404 0.042968 0.564449 0.042968 0.56054 0.039064 0.556645 0.039064 0.55469 0.029298 0.544916 0.029298 0.542962 0.019533 0.533203 0.019533 0.531248
9 0.867183 0.146488 0.865236 0.148443 0.861331 0.148443 0.859375 0.150383 0.857418 0.150383 0.85547 0.152338 0.853513 0.152338 0.851566 0.154293 0.851566 0.156247 0.847652 0.160157 0.847652 0.162111 0.845705 0.164066 0.845705 0.166021 0.843748 0.167975 0.843748 0.169916 0.8418 0.17187 0.8418 0.173826 0.839843 0.17578 0.8418 0.17578 0.843748 0.177734 0.845705 0.177734 0.847652 0.17969 0.851566 0.17578 0.853513 0.17578 0.857418 0.17187 0.859375 0.17187 0.861331 0.169916 0.861331 0.167975 0.865236 0.164066 0.865236 0.156247 0.867183 0.154293
9 0.716793 0.113287 0.716793 0.119138 0.714846 0.121092 0.714846 0.134761 0.716793 0.136715 0.716793 0.138669 0.71875 0.140624 0.71875 0.142579 0.720707 0.144534 0.720707 0.146488 0.728516 0.154293 0.734377 0.154293 0.736325 0.152338 0.738282 0.152338 0.740238 0.150383 0.742186 0.150383 0.744143 0.148443 0.744143 0.146488 0.74609 0.144534 0.74609 0.138669 0.742186 0.134761 0.742186 0.132805 0.738282 0.12891 0.736325 0.12891 0.730473 0.123046 0.728516 0.123046 0.722655 0.117182 0.720707 0.117182
9 0.728516 0.093755 0.728516 0.099605 0.730473 0.101559 0.730473 0.109378 0.73242 0.111333 0.73242 0.117182 0.734377 0.119138 0.734377 0.123046 0.736325 0.125002 0.736325 0.126956 0.738282 0.126956 0.744143 0.132805 0.744143 0.134761 0.74609 0.136715 0.750004 0.136715 0.751952 0.134761 0.757813 0.134761 0.761718 0.130866 0.761718 0.117182 0.75977 0.115228 0.75977 0.113287 0.757813 0.111333 0.757813 0.109378 0.755856 0.109378 0.753909 0.107423 0.751952 0.107423 0.750004 0.105469 0.748047 0.105469 0.74609 0.103514 0.744143 0.103514 0.740238 0.099605 0.738282 0.099605 0.736325 0.09765 0.734377 0.09765 0.73242 0.09571 0.730473 0.09571
9 0.427736 0.242182 0.423831 0.246092 0.423831 0.265625 0.425778 0.267579 0.425778 0.277339 0.427736 0.279293 0.427736 0.285157 0.429683 0.287111 0.429683 0.289067 0.43164 0.291021 0.43164 0.292962 0.433597 0.294916 0.433597 0.29687 0.435544 0.29687 0.437501 0.298826 0.439449 0.298826 0.441406 0.30078 0.443363 0.298826 0.451171 0.298826 0.45898 0.291021 0.45898 0.289067 0.462894 0.285157 0.462894 0.281247 0.460937 0.279293 0.460937 0.273444 0.457033 0.269534 0.457033 0.267579 0.437501 0.248047 0.435544 0.248047 0.43164 0.244138 0.429683 0.244138