0 0.841797 0.388672 0.839842 0.390624 0.839842 0.392576 0.837891 0.394532 0.841797 0.398436 0.843749 0.396484 0.845704 0.396484 0.843749 0.394532 0.843749 0.392576 0.841797 0.390624
0 0.746096 0.314453 0.746096 0.316404 0.74414 0.318361 0.74414 0.320313 0.746096 0.322264 0.746096 0.324221 0.748047 0.326173 0.748047 0.328125 0.750002 0.326173 0.751953 0.326173 0.753908 0.324221 0.755859 0.324221
0 0.671876 0.306641 0.669921 0.308592 0.66797 0.308592 0.666015 0.310549 0.669921 0.314453 0.673827 0.310549 0.675782 0.310549 0.677734 0.308592 0.675782 0.306641
0 0.777342 0.324221 0.773435 0.328125 0.775391 0.330076 0.775391 0.332033 0.777342 0.333985 0.779297 0.332033 0.781248 0.332033 0.779297 0.330076 0.779297 0.328125 0.777342 0.326173
0 0.695314 0.537112 0.693359 0.539063 0.695314 0.541015 0.695314 0.542967 0.697265 0.544924 0.697265 0.546875 0.701171 0.542967
0 0.57617 0.404296 0.574219 0.406248 0.574219 0.408204 0.572264 0.410156 0.574219 0.410156 0.578125 0.414064 0.580077 0.414064 0.582032 0.416016 0.583983 0.414064 0.583983 0.412108 0.585938 0.410156 0.583983 0.410156 0.580077 0.406248 0.578125 0.406248
0 0.666015 0.29492 0.662109 0.298829 0.660157 0.298829 0.658202 0.300781 0.660157 0.302732 0.660157 0.304689 0.662109 0.306641 0.669921 0.298829
0 0.726564 0.330076 0.724609 0.332033 0.718751 0.332033 0.718751 0.337893 0.726564 0.337893
0 0.693359 0.507811 0.691407 0.509768 0.691407 0.511719 0.689452 0.513671 0.695314 0.513671 0.695314 0.511719 0.697265 0.509768 0.695314 0.509768
0 0.68164 0.605466 0.679689 0.607423 0.677734 0.607423 0.68164 0.611326 0.68164 0.613283 0.685546 0.617187 0.689452 0.613283 0.691407 0.613283 0.689452 0.611326 0.687501 0.611326
0 0.697265 0.468752 0.697265 0.470704 0.695314 0.472656 0.695314 0.474607 0.697265 0.476564 0.697265 0.480467 0.69922 0.478516 0.703126 0.478516 0.701171 0.476564 0.701171 0.474607 0.69922 0.472656 0.69922 0.470704
0 0.917968 0.570311 0.917968 0.572268 0.916017 0.574219 0.916017 0.576171 0.914062 0.578123 0.916017 0.578123 0.917968 0.580079 0.919923 0.578123 0.919923 0.576171 0.921874 0.574219 0.921874 0.572268 0.923829 0.570311
0 0.701171 0.464844 0.69922 0.466795 0.697265 0.466795 0.701171 0.470704 0.701171 0.472656 0.703126 0.474607 0.703126 0.476564 0.705078 0.474607 0.707033 0.474607 0.705078 0.472656 0.705078 0.470704 0.703126 0.468752 0.703126 0.466795
1 1 0.953125 1 0.957033 0.998049 0.957033 0.996094 0.958985 1 0.984377 1 0.980469 1 0.980469 1 0.974609 1 0.972657 1 0.960937 1 0.958985
0 0.708984 0.261717 0.708984 0.263673 0.707033 0.265625 0.708984 0.265625 0.71289 0.269533 0.716796 0.265625 0.714845 0.265625 0.71289 0.263673 0.710939 0.263673
0 0.826172 0.535155 0.824217 0.537112 0.824217 0.539063 0.822266 0.541015 0.824217 0.542967 0.826172 0.542967 0.830079 0.546875 0.833985 0.542967
0 0.65039 0.253905 0.646483 0.257813 0.654296 0.265625 0.656251 0.265625 0.658202 0.263673 0.654296 0.259765 0.654296 0.257813
0 0.671876 0.253905 0.671876 0.255861 0.669921 0.257813 0.669921 0.259765 0.66797 0.261717 0.671876 0.265625 0.671876 0.263673 0.673827 0.261717 0.673827 0.259765 0.675782 0.257813
0 0.83203 0.382812 0.828124 0.38672 0.830079 0.38672 0.833985 0.390624 0.835936 0.388672 0.837891 0.388672
0 0.638671 0.263673 0.63672 0.265625 0.63672 0.267576 0.644532 0.275388 0.646483 0.275388 0.644532 0.273437 0.644532 0.271485 0.640626 0.267576 0.640626 0.265625
0 0.478517 0.529295 0.476562 0.531251 0.46875 0.531251 0.470705 0.533203 0.470705 0.535155 0.478517 0.535155
0 0.931642 0.609375 0.931642 0.613283 0.925781 0.619138 0.927736 0.621095 0.929687 0.619138 0.929687 0.617187 0.933593 0.613283 0.931642 0.611326
0 0.623046 0.275388 0.621094 0.277345 0.621094 0.279297 0.619139 0.281249 0.628907 0.291017 0.632813 0.287108 0.626952 0.281249 0.626952 0.279297
0 0.716796 0.439451 0.714845 0.441408 0.71289 0.441408 0.710939 0.44336 0.707033 0.44336 0.708984 0.445312 0.708984 0.447263 0.710939 0.445312 0.718751 0.445312 0.718751 0.44336 0.716796 0.441408
0 0.974611 0.597655 0.972656 0.599611 0.972656 0.601563 0.970705 0.603515 0.970705 0.605466 0.96875 0.607423 0.970705 0.607423 0.974611 0.611326 0.976562 0.609375 0.976562 0.607423 0.978517 0.605466 0.978517 0.603515 0.980469 0.601563 0.978517 0.601563
0 0.802735 0.722659 0.800779 0.72461 0.800779 0.726562 0.798828 0.728514 0.804686 0.734374 0.806641 0.732422 0.806641 0.730471 0.808592 0.728514
0 0.298828 0.609375 0.298828 0.613283 0.296873 0.615235 0.296873 0.617187 0.298828 0.619138 0.30078 0.617187 0.30078 0.615235 0.304686 0.611326 0.30078 0.611326
1 0.224609 0.77539 0.224609 0.777341 0.222658 0.779298 0.222658 0.783202 0.220703 0.785158 0.220703 0.78711 0.218751 0.789062 0.218751 0.79297 0.216796 0.794922 0.216796 0.79883 0.214845 0.800782 0.214845 0.802734 0.21289 0.804686 0.21289 0.808594 0.210939 0.810545 0.210939 0.812502 0.216796 0.812502 0.218751 0.814454 0.218751 0.812502 0.220703 0.810545 0.220703 0.808594 0.222658 0.806642 0.222658 0.802734 0.224609 0.800782 0.224609 0.796874 0.226564 0.794922 0.226564 0.79297 0.228515 0.791013 0.228515 0.78711 0.23047 0.785158 0.23047 0.783202 0.232422 0.78125 0.232422 0.779298 0.23047 0.779298 0.228515 0.777341 0.226564 0.777341
0 0.71289 0.318361 0.707033 0.324221 0.708984 0.326173 0.708984 0.328125 0.716796 0.320313 0.714845 0.320313
0 0.691407 0.298829 0.689452 0.300781 0.677734 0.300781 0.677734 0.302732 0.679689 0.304689 0.679689 0.306641 0.679689 0.304689 0.68164 0.302732 0.691407 0.302732
0 0.662109 0.292969 0.660157 0.29492 0.658202 0.29492 0.656251 0.296877 0.658202 0.298829 0.662109 0.29492 0.664064 0.29492
0 0.777342 0.70117 0.773435 0.705078 0.771484 0.705078 0.777342 0.710938 0.779297 0.708987 0.783203 0.708987 0.779297 0.705078 0.779297 0.703127
0 0.630858 0.271485 0.626952 0.275388 0.628907 0.277345 0.628907 0.279297 0.630858 0.281249 0.630858 0.283205 0.634765 0.287108 0.634765 0.28906 0.63672 0.287108 0.63672 0.285157 0.638671 0.283205 0.63672 0.281249 0.63672 0.279297 0.632813 0.275388 0.632813 0.273437
0 0.306641 0.08203 0.302735 0.085938 0.30078 0.085938 0.298828 0.08789 0.302735 0.091798 0.304686 0.089842 0.304686 0.08789 0.308592 0.083986
0 0.656251 0.28906 0.654296 0.291017 0.652345 0.291017 0.652345 0.292969 0.654296 0.29492 0.654296 0.296877 0.658202 0.292969 0.660157 0.292969 0.662109 0.291017 0.660157 0.28906
0 0.789061 0.548827 0.789061 0.550784 0.787109 0.552735 0.792967 0.558596 0.792967 0.556639 0.794922 0.554687
0 0.689452 0.501951 0.691407 0.503908 0.687501 0.507811 0.687501 0.509768 0.685546 0.511719 0.687501 0.513671 0.689452 0.511719 0.689452 0.509768 0.693359 0.50586
0 0.626952 0.546875 0.626952 0.550784 0.625001 0.552735 0.625001 0.554687 0.628907 0.554687 0.630858 0.556639 0.632813 0.556639 0.634765 0.558596 0.634765 0.556639 0.63672 0.554687 0.634765 0.552735 0.632813 0.552735
0 0.312499 0.080078 0.310547 0.08203 0.310547 0.083986 0.306641 0.08789 0.306641 0.089842 0.308592 0.091798 0.314453 0.085938 0.314453 0.083986 0.312499 0.08203
0 0.679689 0.228517 0.677734 0.230469 0.68164 0.234373 0.683595 0.232421 0.685546 0.232421 0.683595 0.232421
0 0.511719 0.52344 0.511719 0.527343 0.525388 0.527343 0.525388 0.52344
0 0.546875 0.292969 0.539063 0.300781 0.541014 0.300781 0.54492 0.304689 0.550781 0.298829 0.548826 0.296877 0.548826 0.29492
0 0.607421 0.267576 0.607421 0.269533 0.605469 0.271485 0.607421 0.273437 0.607421 0.275388 0.609376 0.277345 0.609376 0.275388 0.611327 0.273437 0.609376 0.271485 0.609376 0.269533
0 0.603514 0.271485 0.603514 0.273437 0.601563 0.275388 0.603514 0.277345 0.603514 0.279297 0.605469 0.281249 0.607421 0.279297 0.607421 0.277345 0.605469 0.275388 0.605469 0.273437
0 0.939454 0.617187 0.939454 0.619138 0.937499 0.621095 0.937499 0.623047 0.935548 0.624998 0.935548 0.626955 0.937499 0.626955 0.939454 0.628907 0.939454 0.626955 0.941406 0.624998 0.941406 0.623047 0.943361 0.621095
0 0.708984 0.457032 0.708984 0.458984 0.707033 0.460935 0.708984 0.462892 0.708984 0.464844 0.710939 0.466795 0.714845 0.466795 0.71289 0.464844 0.71289 0.462892 0.710939 0.460935 0.710939 0.458984
0 0.583983 0.251953 0.582032 0.253905 0.582032 0.255861 0.578125 0.259765 0.580077 0.259765 0.582032 0.261717 0.589844 0.253905 0.585938 0.253905
0 0.814453 0.365237 0.814453 0.367188 0.812498 0.36914 0.81836 0.375 0.81836 0.373049 0.820311 0.371092
0 0.925781 0.447263 0.923829 0.44922 0.917968 0.44922 0.919923 0.451172 0.925781 0.451172
0 0.947267 0.460935 0.945312 0.462892 0.945312 0.466795 0.95508 0.466795 0.95508 0.464844 0.953125 0.462892 0.953125 0.460935
0 0.900392 0.562499 0.898437 0.564451 0.896485 0.564451 0.896485 0.566407 0.898437 0.568359 0.898437 0.572268 0.900392 0.570311 0.902343 0.570311 0.902343 0.568359 0.900392 0.566407
0 0.302735 0.349608 0.302735 0.355468 0.310547 0.355468 0.310547 0.349608
0 0.798828 0.732422 0.796873 0.734374 0.796873 0.736331 0.798828 0.738282 0.798828 0.740234 0.800779 0.742186 0.800779 0.744143 0.806641 0.738282 0.804686 0.736331 0.802735 0.736331
0 0.669921 0.277345 0.66797 0.279297 0.660157 0.279297 0.660157 0.281249 0.662109 0.283205 0.662109 0.285157 0.664064 0.283205 0.666015 0.283205 0.66797 0.281249 0.671876 0.281249 0.669921 0.279297
0 0.677734 0.332033 0.675782 0.333985 0.675782 0.335936 0.673827 0.337893 0.673827 0.339845 0.677734 0.343748 0.679689 0.341796 0.679689 0.339845 0.68164 0.337893 0.68164 0.335936 0.683595 0.333985 0.68164 0.333985 0.679689 0.332033
0 0.896485 0.435548 0.896485 0.439451 0.906249 0.439451 0.906249 0.435548
0 0.759766 0.316404 0.755859 0.320313 0.753908 0.320313 0.761721 0.328125 0.765627 0.324221 0.761721 0.320313 0.761721 0.318361
0 0.615233 0.257813 0.615233 0.259765 0.613282 0.261717 0.619139 0.267576 0.623046 0.263673 0.621094 0.263673
0 0.537107 0.394532 0.535156 0.396484 0.539063 0.400392 0.539063 0.402344 0.542969 0.406248 0.546875 0.402344 0.54492 0.400392 0.542969 0.400392
1 0.554688 0.400392 0.552733 0.402344 0.552733 0.404296 0.550781 0.406248 0.568358 0.423828 0.570313 0.421876 0.570313 0.419919 0.572264 0.417968
1 0.445312 0.396484 0.443361 0.398436 0.443361 0.400392 0.439454 0.404296 0.439454 0.406248 0.433593 0.412108 0.433593 0.414064 0.431642 0.416016 0.435548 0.416016 0.437499 0.417968 0.439454 0.417968 0.441406 0.419919 0.443361 0.417968 0.443361 0.416016 0.445312 0.414064 0.445312 0.412108 0.447267 0.410156 0.447267 0.408204 0.449218 0.406248 0.449218 0.404296 0.451173 0.402344
0 0.550781 0.521483 0.548826 0.52344 0.541014 0.52344 0.541014 0.529295 0.542969 0.527343 0.550781 0.527343
0 0.998049 0.669923 0.994143 0.673826 0.992187 0.673826 0.990236 0.675783 0.992187 0.677734 0.992187 0.679686 0.994143 0.681643 1 0.673826
0 0.966798 0.593751 0.966798 0.595703 0.964843 0.597655 0.964843 0.601563 0.962892 0.603515 0.962892 0.605466 0.964843 0.605466 0.966798 0.603515 0.966798 0.601563 0.96875 0.599611 0.96875 0.597655 0.970705 0.595703 0.96875 0.595703
0 0.644532 0.298829 0.642577 0.300781 0.642577 0.302732 0.640626 0.304689 0.642577 0.306641 0.642577 0.308592 0.646483 0.304689 0.646483 0.300781
0 0.703126 0.285157 0.701171 0.287108 0.701171 0.28906 0.697265 0.292969 0.69922 0.29492 0.69922 0.296877 0.701171 0.298829 0.703126 0.296877 0.703126 0.29492 0.705078 0.292969 0.705078 0.291017 0.707033 0.28906
0 0.673827 0.326173 0.671876 0.328125 0.671876 0.330076 0.66797 0.333985 0.671876 0.337893 0.673827 0.335936 0.673827 0.333985 0.677734 0.330076
0 0.552733 0.279297 0.546875 0.285157 0.54492 0.285157 0.542969 0.287108 0.54492 0.287108 0.546875 0.28906 0.548826 0.28906 0.550781 0.291017 0.552733 0.28906 0.552733 0.287108 0.556639 0.283205
0 0.66797 0.322264 0.666015 0.324221 0.666015 0.326173 0.664064 0.328125 0.664064 0.330076 0.666015 0.332033 0.66797 0.330076 0.66797 0.328125 0.671876 0.324221 0.669921 0.322264
0 0.642577 0.291017 0.634765 0.298829 0.638671 0.298829 0.640626 0.300781 0.642577 0.298829 0.642577 0.296877 0.644532 0.29492 0.642577 0.292969
0 0.068358 0.103513 0.064452 0.107422 0.066407 0.109374 0.066407 0.11133 0.068358 0.113282 0.068358 0.115234 0.070313 0.117185 0.070313 0.119142 0.072264 0.121094 0.072264 0.123045 0.07617 0.119142 0.074219 0.117185 0.074219 0.115234 0.072264 0.113282 0.072264 0.11133 0.070313 0.109374 0.070313 0.107422 0.068358 0.10547
0 0.232422 0.72461 0.23047 0.726562 0.218751 0.726562 0.218751 0.732422 0.23047 0.732422 0.23047 0.728514 0.232422 0.726562
0 1 0.611326 1 0.613283 1 0.615235 1 0.617187 1 0.619138 0.998049 0.621095 1 0.621095 1 0.624998 1 0.623047 1 0.621095 1 0.619138 1 0.617187 1 0.615235
0 0.591795 0.535155 0.591795 0.541015 0.59375 0.539063 0.601563 0.539063 0.601563 0.535155
0 0.908204 0.849609 0.906249 0.851561 0.910155 0.855469 0.910155 0.857421 0.91211 0.859373 0.914062 0.857421 0.916017 0.857421
0 0.738283 0.673826 0.734377 0.677734 0.736328 0.679686 0.736328 0.681643 0.738283 0.683594 0.738283 0.685546 0.742189 0.681643 0.740234 0.679686 0.740234 0.677734 0.738283 0.675783
0 0.697265 0.335936 0.695314 0.337893 0.693359 0.337893 0.691407 0.339845 0.687501 0.339845 0.687501 0.345705 0.689452 0.343748 0.691407 0.343748 0.693359 0.341796 0.697265 0.341796
0 0.677734 0.259765 0.677734 0.261717 0.675782 0.263673 0.675782 0.265625 0.673827 0.267576 0.673827 0.269533 0.675782 0.271485 0.677734 0.269533 0.677734 0.267576 0.68164 0.263673
0 0.535156 0.378908 0.533201 0.38086 0.53125 0.38086 0.537107 0.38672 0.539063 0.384764 0.537107 0.382812 0.537107 0.38086
0 0.68164 0.304689 0.68164 0.306641 0.683595 0.308592 0.683595 0.312501 0.685546 0.310549 0.689452 0.310549 0.691407 0.308592 0.695314 0.308592 0.695314 0.304689
0 0.873048 0.816406 0.871093 0.818357 0.869141 0.818357 0.873048 0.822266 0.873048 0.824217 0.874999 0.826174 0.874999 0.824217 0.876954 0.822266 0.874999 0.820314 0.874999 0.818357
0 0.675782 0.509768 0.675782 0.511719 0.673827 0.513671 0.679689 0.519531 0.68164 0.51758 0.685546 0.51758 0.683595 0.515623 0.68164 0.515623
0 0.88086 0.414064 0.88086 0.417968 0.886718 0.417968 0.886718 0.414064
0 0.31836 0.085938 0.314453 0.089842 0.312499 0.089842 0.310547 0.091798 0.314453 0.095702 0.320311 0.089842 0.31836 0.08789
0 0.324217 0.347656 0.324217 0.355468 0.335936 0.355468 0.335936 0.347656
0 0.900392 0.624998 0.900392 0.628907 0.898437 0.630859 0.898437 0.63281 0.900392 0.63281 0.902343 0.634767 0.902343 0.63281 0.904298 0.630859 0.904298 0.628907 0.906249 0.626955 0.902343 0.626955
0 0.859374 0.800782 0.857423 0.802734 0.855468 0.802734 0.859374 0.806642 0.859374 0.808594 0.861329 0.810545 0.865235 0.806642
0 1 0.683594 1 0.685546 0.998049 0.687498 0.998049 0.689455 0.996094 0.691406 1 0.695315 1 0.693358 1 0.691406 1 0.687498 1 0.687498
0 0.994143 0.607423 0.994143 0.609375 0.992187 0.611326 0.992187 0.613283 0.990236 0.615235 0.990236 0.617187 0.992187 0.617187 0.994143 0.619138 0.994143 0.617187 0.996094 0.615235 0.996094 0.613283 0.998049 0.611326 0.998049 0.609375 0.996094 0.609375
0 0.724609 0.277345 0.724609 0.279297 0.722658 0.281249 0.728515 0.287108 0.73047 0.285157 0.732422 0.285157
0 0.675782 0.287108 0.673827 0.28906 0.671876 0.28906 0.669921 0.291017 0.66797 0.291017 0.669921 0.292969 0.669921 0.29492 0.669921 0.292969 0.671876 0.291017 0.677734 0.291017 0.675782 0.28906
0 0.716796 0.300781 0.714845 0.302732 0.714845 0.304689 0.71289 0.306641 0.71289 0.308592 0.710939 0.310549 0.71289 0.312501 0.714845 0.310549 0.714845 0.308592 0.718751 0.304689 0.716796 0.302732
0 0.677734 0.310549 0.675782 0.312501 0.673827 0.312501 0.671876 0.314453 0.671876 0.316404 0.673827 0.318361 0.675782 0.316404 0.677734 0.316404 0.679689 0.314453 0.68164 0.314453
0 0.794922 0.541015 0.792967 0.542967 0.789061 0.542967 0.794922 0.548827 0.796873 0.546875 0.796873 0.544924 0.794922 0.542967
0 0.703126 0.43164 0.701171 0.433591 0.701171 0.435548 0.69922 0.4375 0.701171 0.4375 0.703126 0.439451 0.705078 0.439451 0.707033 0.441408 0.710939 0.4375 0.708984 0.435548 0.707033 0.435548
0 0.91211 0.589843 0.91211 0.591794 0.910155 0.593751 0.910155 0.595703 0.908204 0.597655 0.908204 0.599611 0.910155 0.601563 0.91211 0.601563 0.914062 0.599611 0.914062 0.597655 0.916017 0.595703 0.916017 0.593751
0 0.947267 0.583983 0.947267 0.585939 0.945312 0.587891 0.945312 0.589843 0.943361 0.591794 0.943361 0.593751 0.947267 0.593751 0.949218 0.595703 0.949218 0.593751 0.951173 0.591794 0.951173 0.589843 0.953125 0.587891 0.951173 0.587891
1 0.222658 0.097658 0.216796 0.103513 0.218751 0.10547 0.218751 0.107422 0.224609 0.113282 0.224609 0.115234 0.226564 0.117185 0.23047 0.113282 0.232422 0.113282 0.23047 0.11133 0.23047 0.109374 0.226564 0.10547 0.226564 0.103513 0.224609 0.101562 0.224609 0.09961
0 0.775391 0.687498 0.771484 0.691406 0.775391 0.695315 0.775391 0.697266 0.779297 0.70117 0.783203 0.697266 0.779297 0.693358 0.779297 0.691406
0 0.664064 0.240233 0.658202 0.246093 0.656251 0.246093 0.654296 0.248044 0.658202 0.251953 0.666015 0.244141 0.664064 0.242189
0 0.308592 0.095702 0.302735 0.101562 0.304686 0.101562 0.308592 0.10547 0.312499 0.101562 0.310547 0.09961 0.310547 0.097658
0 0.623046 0.251953 0.621094 0.253905 0.626952 0.259765 0.626952 0.257813 0.628907 0.255861 0.626952 0.255861
0 0.689452 0.462892 0.685546 0.466795 0.693359 0.474607 0.693359 0.472656 0.695314 0.470704 0.695314 0.468752
0 0.921874 0.597655 0.921874 0.599611 0.919923 0.601563 0.919923 0.603515 0.917968 0.605466 0.919923 0.605466 0.923829 0.609375 0.923829 0.607423 0.925781 0.605466 0.925781 0.603515 0.927736 0.601563 0.925781 0.601563
0 0.68164 0.291017 0.679689 0.292969 0.671876 0.292969 0.671876 0.29492 0.673827 0.296877 0.673827 0.298829 0.675782 0.296877 0.683595 0.296877 0.683595 0.29492 0.68164 0.292969
0 0.65039 0.300781 0.648438 0.302732 0.648438 0.304689 0.646483 0.306641 0.646483 0.308592 0.644532 0.310549 0.648438 0.314453 0.65039 0.312501 0.65039 0.310549 0.652345 0.308592 0.652345 0.302732
0 0.882812 0.820314 0.88086 0.822266 0.882812 0.824217 0.882812 0.826174 0.884767 0.828126 0.884767 0.830077 0.888673 0.826174
0 0.95508 0.611326 0.953125 0.613283 0.953125 0.615235 0.949218 0.619138 0.95508 0.624998 0.957031 0.623047 0.957031 0.621095 0.960937 0.617187
0 0.734377 0.619138 0.728515 0.624998 0.736328 0.63281 0.740234 0.628907 0.742189 0.628907 0.738283 0.624998 0.738283 0.623047
1 0.189453 0.064454 0.187501 0.066406 0.187501 0.068358 0.185546 0.070314 0.193359 0.078126 0.193359 0.080078 0.201171 0.08789 0.208984 0.080078 0.207033 0.078126 0.205078 0.078126 0.197265 0.070314 0.195314 0.070314
0 0.722658 0.308592 0.716796 0.314453 0.718751 0.316404 0.718751 0.318361 0.720703 0.316404 0.720703 0.314453 0.724609 0.310549
0 0.292967 0.621095 0.292967 0.624998 0.291016 0.626955 0.291016 0.630859 0.294922 0.630859 0.296873 0.63281 0.296873 0.626955 0.298828 0.624998 0.298828 0.621095
0 0.658202 0.283205 0.656251 0.285157 0.654296 0.285157 0.65039 0.28906 0.648438 0.28906 0.65039 0.291017 0.652345 0.28906 0.654296 0.28906 0.656251 0.287108 0.658202 0.287108
0 0.304686 0.091798 0.296873 0.09961 0.298828 0.101562 0.302735 0.097658 0.304686 0.097658 0.306641 0.095702 0.304686 0.09375
0 0.669921 0.300781 0.666015 0.304689 0.666015 0.308592 0.66797 0.306641 0.669921 0.306641 0.671876 0.304689 0.673827 0.304689 0.671876 0.302732 0.671876 0.300781
0 0.937499 0.605466 0.933593 0.609375 0.933593 0.611326 0.935548 0.611326 0.937499 0.613283 0.937499 0.615235 0.939454 0.613283 0.939454 0.611326 0.943361 0.607423 0.939454 0.607423
0 0.775391 0.482424 0.773435 0.484376 0.771484 0.484376 0.769533 0.486328 0.767578 0.486328 0.767578 0.490236 0.769533 0.488279 0.771484 0.488279 0.773435 0.486328 0.777342 0.486328 0.775391 0.484376
0 0.525388 0.367188 0.523438 0.36914 0.523438 0.371092 0.521482 0.373049 0.527344 0.378908 0.53125 0.375 0.527344 0.371092 0.527344 0.36914
0 0.683595 0.265625 0.677734 0.271485 0.677734 0.273437 0.679689 0.275388 0.679689 0.277345 0.683595 0.273437 0.683595 0.271485 0.685546 0.269533 0.685546 0.267576
0 0.597657 0.248044 0.591795 0.253905 0.597657 0.259765 0.599608 0.257813 0.599608 0.255861 0.601563 0.253905 0.599608 0.251953 0.599608 0.250001
0 0.701171 0.511719 0.69922 0.513671 0.697265 0.513671 0.695314 0.515623 0.691407 0.515623 0.693359 0.51758 0.693359 0.519531 0.695314 0.521483 0.69922 0.51758 0.701171 0.51758
0 0.69922 0.310549 0.697265 0.312501 0.685546 0.312501 0.685546 0.314453 0.687501 0.316404 0.687501 0.318361 0.689452 0.316404 0.701171 0.316404 0.701171 0.314453 0.69922 0.312501
0 0.980469 0.623047 0.978517 0.624998 0.978517 0.626955 0.976562 0.628907 0.976562 0.630859 0.974611 0.63281 0.976562 0.63281 0.980469 0.636719 0.980469 0.634767 0.982424 0.63281 0.982424 0.630859 0.984375 0.628907 0.982424 0.626955 0.982424 0.624998
0 0.306641 0.599611 0.304686 0.601563 0.304686 0.603515 0.302735 0.605466 0.302735 0.607423 0.30078 0.609375 0.304686 0.609375 0.306641 0.611326 0.306641 0.609375 0.308592 0.607423 0.308592 0.605466 0.310547 0.603515 0.310547 0.601563 0.308592 0.601563
0 0.642577 0.496096 0.642577 0.498048 0.640626 0.5 0.644532 0.503908 0.644532 0.50586 0.648438 0.509768 0.65039 0.507811 0.65039 0.50586 0.652345 0.503908 0.65039 0.501951 0.648438 0.501951
0 0.927736 0.607423 0.925781 0.609375 0.925781 0.611326 0.923829 0.613283 0.921874 0.613283 0.919923 0.615235 0.917968 0.615235 0.919923 0.615235 0.923829 0.619138 0.929687 0.613283 0.929687 0.611326 0.927736 0.609375
0 0.703126 0.519531 0.69922 0.52344 0.697265 0.52344 0.701171 0.527343 0.705078 0.52344 0.707033 0.52344
1 0.343749 0.52344 0.343749 0.525392 0.341797 0.527343 0.341797 0.529295 0.339842 0.531251 0.339842 0.533203 0.337891 0.535155 0.337891 0.537112 0.335936 0.539063 0.335936 0.541015 0.333985 0.542967 0.333985 0.544924 0.33203 0.546875 0.33203 0.548827 0.330079 0.550784 0.333985 0.550784 0.335936 0.552735 0.337891 0.550784 0.337891 0.548827 0.343749 0.542967 0.343749 0.541015 0.34961 0.535155 0.34961 0.533203 0.353516 0.529295 0.351561 0.529295 0.347655 0.525392 0.345704 0.525392
0 0.902343 0.589843 0.902343 0.591794 0.900392 0.593751 0.900392 0.595703 0.898437 0.597655 0.900392 0.597655 0.902343 0.599611 0.904298 0.597655 0.904298 0.595703 0.908204 0.591794 0.904298 0.591794
0 0.763672 0.650391 0.761721 0.652343 0.765627 0.656251 0.765627 0.658202 0.769533 0.662111 0.773435 0.658202 0.771484 0.656251 0.769533 0.656251
0 0.449218 0.36328 0.449218 0.36914 0.451173 0.367188 0.458986 0.367188 0.458986 0.36328
0 0.679689 0.316404 0.677734 0.318361 0.675782 0.318361 0.675782 0.322264 0.677734 0.320313 0.679689 0.320313 0.68164 0.318361 0.683595 0.318361 0.68164 0.316404
0 0.609376 0.261717 0.609376 0.263673 0.607421 0.265625 0.611327 0.269533 0.611327 0.271485 0.613282 0.273437 0.613282 0.271485 0.615233 0.269533 0.609376 0.263673
0 0.691407 0.628907 0.689452 0.630859 0.687501 0.630859 0.691407 0.634767 0.691407 0.636719 0.695314 0.640627 0.69922 0.636719
0 0.685546 0.318361 0.683595 0.320313 0.68164 0.320313 0.677734 0.324221 0.675782 0.324221 0.677734 0.326173 0.679689 0.324221 0.685546 0.324221
0 0.935548 0.613283 0.933593 0.615235 0.933593 0.617187 0.929687 0.621095 0.933593 0.624998 0.933593 0.623047 0.935548 0.621095 0.935548 0.619138 0.937499 0.617187 0.935548 0.615235
0 0.736328 0.320313 0.734377 0.322264 0.724609 0.322264 0.724609 0.324221 0.726564 0.326173 0.726564 0.328125 0.728515 0.326173 0.73047 0.326173 0.732422 0.324221 0.736328 0.324221
0 1 0.636719 0.996094 0.644531 0.998049 0.644531 1 0.648439 1 0.646482 1 0.644531 1 0.640627
0 0.847655 0.777341 0.847655 0.779298 0.845704 0.78125 0.853516 0.789062 0.855468 0.78711 0.857423 0.78711
0 0.978517 0.931641 0.978517 0.933593 0.976562 0.935545 0.976562 0.937501 0.980469 0.941405 0.980469 0.943361 0.982424 0.945313 0.98633 0.941405 0.982424 0.937501 0.982424 0.935545
0 0.673827 0.281249 0.671876 0.283205 0.669921 0.283205 0.66797 0.285157 0.664064 0.285157 0.666015 0.287108 0.666015 0.28906 0.669921 0.28906 0.671876 0.287108 0.673827 0.287108 0.675782 0.285157 0.673827 0.283205
0 0.328124 0.552735 0.328124 0.554687 0.326172 0.556639 0.326172 0.558596 0.324217 0.560547 0.324217 0.562499 0.326172 0.562499 0.328124 0.564451 0.330079 0.562499 0.330079 0.560547 0.33203 0.558596 0.33203 0.556639 0.333985 0.554687 0.330079 0.554687
0 0.519531 0.373049 0.51758 0.375 0.51758 0.376952 0.515625 0.378908 0.521482 0.384764 0.525388 0.38086 0.527344 0.38086
0 0.656251 0.236329 0.654296 0.238281 0.654296 0.240233 0.652345 0.242189 0.652345 0.244141 0.65039 0.246093 0.654296 0.250001 0.652345 0.248044 0.656251 0.244141 0.658202 0.244141 0.662109 0.240233 0.660157 0.240233
1 0.308592 0.060546 0.304686 0.064454 0.304686 0.066406 0.296873 0.074218 0.296873 0.07617 0.292967 0.080078 0.294922 0.080078 0.298828 0.083986 0.306641 0.07617 0.306641 0.074218 0.314453 0.066406
0 0.646483 0.259765 0.646483 0.261717 0.648438 0.263673 0.648438 0.265625 0.652345 0.269533 0.654296 0.267576
0 0.939454 0.580079 0.939454 0.582031 0.937499 0.583983 0.937499 0.585939 0.935548 0.587891 0.939454 0.591794 0.941406 0.589843 0.941406 0.587891 0.945312 0.583983 0.943361 0.583983
0 0.947267 0.652343 0.943361 0.656251 0.943361 0.658202 0.937499 0.664062 0.939454 0.666014 0.941406 0.666014 0.945312 0.669923 0.949218 0.666014 0.949218 0.664062 0.953125 0.660154 0.949218 0.656251 0.949218 0.654299
0 0.333985 0.361328 0.33203 0.36328 0.326172 0.36328 0.326172 0.365237 0.324217 0.367188 0.326172 0.365237 0.333985 0.365237
0 0.529295 0.384764 0.525388 0.388672 0.527344 0.388672 0.53125 0.392576 0.533201 0.390624 0.535156 0.390624
0 0.931642 0.673826 0.927736 0.677734 0.927736 0.679686 0.923829 0.683594 0.925781 0.683594 0.929687 0.687498 0.931642 0.687498 0.933593 0.689455 0.933593 0.687498 0.935548 0.685546 0.935548 0.679686 0.937499 0.677734 0.937499 0.675783 0.933593 0.675783
0 0.642577 0.570311 0.640626 0.572268 0.642577 0.574219 0.642577 0.576171 0.644532 0.578123 0.646483 0.576171 0.65039 0.576171 0.648438 0.574219 0.646483 0.574219
0 0.931642 0.576171 0.933593 0.578123 0.929687 0.582031 0.929687 0.583983 0.931642 0.583983 0.933593 0.585939 0.933593 0.583983 0.935548 0.582031 0.935548 0.580079 0.937499 0.578123 0.933593 0.578123
0 0.259766 0.675783 0.257815 0.677734 0.257815 0.679686 0.255859 0.681643 0.255859 0.683594 0.253908 0.685546 0.257815 0.685546 0.259766 0.687498 0.259766 0.685546 0.261721 0.683594 0.261721 0.679686 0.263672 0.677734 0.263672 0.675783
0 0.703126 0.251953 0.703126 0.253905 0.701171 0.255861 0.703126 0.257813 0.703126 0.259765 0.705078 0.261717 0.707033 0.261717 0.707033 0.257813 0.705078 0.255861 0.705078 0.253905
0 0.685546 0.5 0.683595 0.501951 0.683595 0.503908 0.679689 0.507811 0.683595 0.511719 0.685546 0.509768 0.685546 0.507811 0.689452 0.503908
0 0.943361 0.609375 0.941406 0.611326 0.941406 0.613283 0.939454 0.615235 0.941406 0.615235 0.943361 0.617187 0.943361 0.615235 0.945312 0.613283 0.945312 0.611326 0.947267 0.609375
0 0.708984 0.291017 0.707033 0.292969 0.707033 0.29492 0.703126 0.298829 0.703126 0.300781 0.705078 0.302732 0.705078 0.304689 0.707033 0.302732 0.707033 0.300781 0.708984 0.298829 0.708984 0.296877 0.710939 0.29492 0.710939 0.292969
0 0.697265 0.279297 0.695314 0.281249 0.695314 0.283205 0.693359 0.285157 0.693359 0.287108 0.691407 0.28906 0.695314 0.292969 0.697265 0.291017 0.697265 0.28906 0.701171 0.285157 0.69922 0.283205 0.69922 0.281249
0 0.281248 0.640627 0.281248 0.652343 0.289061 0.652343 0.289061 0.644531 0.28711 0.644531 0.285154 0.642579 0.283203 0.642579
0 0.917968 0.609375 0.916017 0.611326 0.914062 0.611326 0.916017 0.613283 0.916017 0.615235 0.917968 0.613283 0.919923 0.613283 0.921874 0.611326 0.923829 0.611326 0.921874 0.609375
0 0.933593 0.44922 0.931642 0.451172 0.927736 0.451172 0.927736 0.45508 0.929687 0.453123 0.933593 0.453123
0 0.705078 0.460935 0.705078 0.462892 0.703126 0.464844 0.705078 0.466795 0.705078 0.468752 0.707033 0.470704 0.707033 0.472656 0.710939 0.468752 0.707033 0.464844 0.707033 0.462892
0 0.638671 0.287108 0.634765 0.291017 0.632813 0.291017 0.630858 0.292969 0.634765 0.296877 0.640626 0.291017 0.638671 0.28906
0 0.917968 0.595703 0.916017 0.597655 0.916017 0.599611 0.91211 0.603515 0.914062 0.603515 0.916017 0.605466 0.917968 0.603515 0.917968 0.601563 0.919923 0.599611 0.919923 0.597655
1 0.910155 0.628907 0.906249 0.63281 0.906249 0.634767 0.900392 0.640627 0.902343 0.642579 0.902343 0.644531 0.904298 0.646482 0.906249 0.644531 0.906249 0.642579 0.908204 0.640627 0.908204 0.63867 0.91211 0.634767 0.91211 0.63281 0.914062 0.630859 0.91211 0.630859
0 0.65039 0.480467 0.648438 0.482424 0.652345 0.486328 0.652345 0.488279 0.654296 0.490236 0.658202 0.486328 0.656251 0.484376 0.654296 0.484376
0 0.935548 0.45508 0.935548 0.457032 0.933593 0.458984 0.933593 0.460935 0.945312 0.460935 0.945312 0.45508
0 0.589844 0.263673 0.582032 0.271485 0.587889 0.277345 0.589844 0.275388 0.589844 0.273437 0.59375 0.269533 0.591795 0.267576 0.591795 0.265625
1 0.916017 0.630859 0.914062 0.63281 0.914062 0.634767 0.91211 0.636719 0.91211 0.63867 0.908204 0.642579 0.908204 0.644531 0.906249 0.646482 0.910155 0.650391 0.91211 0.648439 0.91211 0.646482 0.914062 0.644531 0.914062 0.642579 0.916017 0.640627 0.916017 0.63867 0.917968 0.636719 0.917968 0.634767 0.916017 0.63281
0 0.644532 0.261717 0.642577 0.263673 0.642577 0.267576 0.646483 0.271485 0.646483 0.273437 0.648438 0.275388 0.648438 0.277345 0.652345 0.273437 0.65039 0.271485 0.65039 0.269533 0.646483 0.265625 0.646483 0.263673
1 0.677734 0.158201 0.656251 0.17969 0.664064 0.187502 0.673827 0.177733 0.673827 0.175781 0.683595 0.166018 0.679689 0.16211 0.679689 0.160158
0 0.982424 0.675783 0.980469 0.677734 0.980469 0.679686 0.976562 0.683594 0.978517 0.683594 0.982424 0.687498 0.984375 0.685546 0.984375 0.683594 0.98633 0.681643 0.98633 0.679686 0.988281 0.677734 0.984375 0.677734
0 0.71289 0.29492 0.710939 0.296877 0.710939 0.298829 0.708984 0.300781 0.708984 0.302732 0.707033 0.304689 0.708984 0.306641 0.708984 0.308592 0.71289 0.304689 0.71289 0.302732 0.714845 0.300781 0.714845 0.296877
0 0.957031 0.464844 0.957031 0.466795 0.95508 0.468752 0.95508 0.470704 0.964843 0.470704 0.964843 0.468752 0.966798 0.466795 0.966798 0.464844
0 0.927736 0.574219 0.921874 0.580079 0.925781 0.583983 0.931642 0.578123
0 0.984375 0.697266 0.980469 0.70117 0.980469 0.703127 0.976562 0.70703 0.980469 0.710938 0.982424 0.708987 0.982424 0.70703 0.984375 0.705078 0.984375 0.703127 0.98633 0.70117 0.984375 0.699218
0 0.91211 0.605466 0.908204 0.609375 0.906249 0.609375 0.908204 0.609375 0.910155 0.611326 0.914062 0.607423 0.916017 0.607423 0.914062 0.607423
0 0.45508 0.285157 0.45508 0.287108 0.453125 0.28906 0.453125 0.291017 0.451173 0.292969 0.453125 0.292969 0.45508 0.29492 0.457031 0.29492 0.458986 0.296877 0.462892 0.292969
0 0.523438 0.531251 0.523438 0.539063 0.53125 0.539063 0.53125 0.535155 0.529295 0.535155 0.527344 0.533203 0.525388 0.533203
0 0.527344 0.361328 0.527344 0.36328 0.525388 0.365237 0.529295 0.36914 0.529295 0.371092 0.533201 0.367188 0.535156 0.367188 0.533201 0.365237 0.53125 0.365237
0 0.960937 0.589843 0.960937 0.591794 0.958986 0.593751 0.958986 0.595703 0.957031 0.597655 0.957031 0.599611 0.958986 0.599611 0.960937 0.601563 0.960937 0.599611 0.962892 0.597655 0.962892 0.595703 0.964843 0.593751
0 0.783203 0.332033 0.781248 0.333985 0.781248 0.335936 0.779297 0.337893 0.781248 0.339845 0.783203 0.339845 0.787109 0.343748 0.787109 0.341796 0.789061 0.339845 0.785154 0.335936 0.785154 0.333985
0 0.621094 0.251953 0.617188 0.255861 0.619139 0.257813 0.619139 0.259765 0.621094 0.261717 0.623046 0.259765 0.623046 0.257813 0.619139 0.253905
0 0.632813 0.240233 0.632813 0.242189 0.630858 0.244141 0.63672 0.250001 0.640626 0.246093 0.638671 0.244141 0.63672 0.244141
0 0.687501 0.269533 0.685546 0.271485 0.685546 0.273437 0.68164 0.277345 0.683595 0.279297 0.683595 0.281249 0.685546 0.283205 0.685546 0.281249 0.687501 0.279297 0.687501 0.277345 0.689452 0.275388 0.689452 0.273437 0.691407 0.271485 0.689452 0.271485
0 0.537107 0.371092 0.537107 0.373049 0.535156 0.375 0.535156 0.376952 0.541014 0.382812 0.542969 0.38086 0.542969 0.378908 0.54492 0.376952 0.542969 0.375 0.541014 0.375
0 0.837891 0.607423 0.833985 0.611326 0.833985 0.613283 0.830079 0.617187 0.835936 0.623047 0.839842 0.619138 0.839842 0.617187 0.843749 0.613283
0 0.511719 0.320313 0.509768 0.322264 0.507812 0.322264 0.503906 0.326173 0.501955 0.326173 0.503906 0.326173 0.507812 0.330076 0.515625 0.322264 0.513674 0.322264
0 0.822266 0.375 0.820311 0.376952 0.826172 0.382812 0.828124 0.38086
0 0.906249 0.441408 0.906249 0.445312 0.916017 0.445312 0.916017 0.441408
0 0.654296 0.306641 0.654296 0.308592 0.652345 0.310549 0.652345 0.312501 0.65039 0.314453 0.652345 0.314453 0.654296 0.316404 0.660157 0.310549 0.658202 0.310549
0 0.632813 0.265625 0.632813 0.267576 0.630858 0.269533 0.634765 0.273437 0.634765 0.275388 0.638671 0.279297 0.638671 0.281249 0.640626 0.281249 0.644532 0.277345
0 0.693359 0.242189 0.693359 0.244141 0.691407 0.246093 0.693359 0.248044 0.693359 0.250001 0.695314 0.251953 0.69922 0.248044
0 0.322266 0.564451 0.320311 0.566407 0.320311 0.568359 0.31836 0.570311 0.31836 0.572268 0.314453 0.576171 0.314453 0.578123 0.312499 0.580079 0.31836 0.585939 0.31836 0.583983 0.320311 0.582031 0.320311 0.580079 0.322266 0.578123 0.322266 0.576171 0.324217 0.574219 0.324217 0.572268 0.326172 0.570311 0.326172 0.568359
0 0.919923 0.642579 0.91211 0.650391 0.917968 0.656251 0.919923 0.654299 0.919923 0.652343 0.923829 0.648439 0.921874 0.646482 0.921874 0.644531
1 0.65039 0.546875 0.646483 0.550784 0.65039 0.554687 0.65039 0.556639 0.658202 0.564451 0.658202 0.566407 0.666015 0.574219 0.666015 0.576171 0.669921 0.580079 0.671876 0.578123 0.671876 0.576171 0.675782 0.572268
0 0.611327 0.263673 0.617188 0.269533 0.617188 0.267576 0.613282 0.263673
0 0.902343 0.826174 0.900392 0.828126 0.904298 0.832029 0.906249 0.830077 0.908204 0.830077 0.906249 0.830077
0 0.664064 0.316404 0.662109 0.318361 0.662109 0.320313 0.658202 0.324221 0.662109 0.328125 0.664064 0.326173 0.664064 0.324221 0.66797 0.320313