0 0.550785 0.271483 0.546876 0.275389 0.544926 0.275389 0.544926 0.277342 0.542967 0.279296 0.542967 0.281249 0.541017 0.283202 0.542967 0.285155 0.542967 0.287108 0.544926 0.289061 0.544926 0.291014 0.546876 0.291014 0.550785 0.294921 0.552735 0.294921 0.556643 0.298827 0.558594 0.298827 0.562502 0.302733 0.57227 0.302733 0.57227 0.30078 0.57422 0.298827 0.57422 0.296874 0.57617 0.294921 0.57617 0.287108 0.57422 0.285155 0.57227 0.285155 0.566403 0.279296 0.564452 0.279296 0.560544 0.275389 0.556643 0.275389 0.554685 0.273436 0.552735 0.273436
0 0.183598 0.566405 0.181639 0.568358 0.179689 0.568358 0.177731 0.570311 0.177731 0.572264 0.17383 0.57617 0.17383 0.58203 0.17578 0.58203 0.177731 0.583983 0.179689 0.583983 0.181639 0.585936 0.183598 0.585936 0.185548 0.587889 0.187498 0.587889 0.189456 0.589842 0.191407 0.589842 0.193357 0.591795 0.195315 0.591795 0.197265 0.593748 0.199216 0.593748 0.201174 0.595702 0.203124 0.593748 0.207033 0.593748 0.207033 0.589842 0.208983 0.587889 0.208983 0.585936 0.207033 0.583983 0.207033 0.58203 0.205074 0.580077 0.203124 0.580077 0.199216 0.57617 0.197265 0.57617 0.193357 0.572264 0.191407 0.572264 0.187498 0.568358 0.185548 0.568358
0 0.777344 0.470702 0.775394 0.472655 0.773435 0.472655 0.773435 0.474608 0.771485 0.476561 0.771485 0.480467 0.769535 0.48242 0.769535 0.48828 0.767577 0.490233 0.767577 0.494139 0.765626 0.496092 0.765626 0.499998 0.767577 0.501952 0.767577 0.503905 0.771485 0.503905 0.773435 0.505858 0.775394 0.505858 0.777344 0.507811 0.779294 0.505858 0.781253 0.505858 0.781253 0.501952 0.783203 0.499998 0.783203 0.492186 0.785153 0.490233 0.785153 0.48242 0.787112 0.480467 0.787112 0.476561 0.785153 0.474608 0.785153 0.472655 0.779294 0.472655
0 0.849608 0.468748 0.845699 0.472655 0.845699 0.48242 0.847658 0.484373 0.847658 0.486327 0.849608 0.486327 0.851566 0.48828 0.853517 0.48828 0.855467 0.490233 0.857425 0.490233 0.861326 0.494139 0.863284 0.494139 0.865234 0.496092 0.867184 0.496092 0.869143 0.498045 0.871093 0.498045 0.873043 0.499998 0.87891 0.499998 0.87891 0.498045 0.880861 0.496092 0.880861 0.492186 0.882811 0.490233 0.882811 0.48242 0.880861 0.48242 0.876952 0.478514 0.875002 0.478514 0.871093 0.474608 0.869143 0.474608 0.865234 0.470702 0.857425 0.470702 0.855467 0.468748
0 0.08984 0.800779 0.08789 0.802733 0.08789 0.804686 0.08594 0.806639 0.08594 0.808592 0.08789 0.810545 0.08789 0.812498 0.091799 0.816404 0.091799 0.818358 0.093749 0.818358 0.097658 0.822264 0.101566 0.822264 0.103516 0.824217 0.105467 0.824217 0.107425 0.82617 0.111325 0.82617 0.113284 0.828123 0.115234 0.828123 0.117184 0.830076 0.121093 0.82617 0.121093 0.822264 0.123043 0.820311 0.123043 0.816404 0.121093 0.814451 0.121093 0.812498 0.117184 0.812498 0.115234 0.810545 0.113284 0.810545 0.111325 0.808592 0.107425 0.808592 0.105467 0.806639 0.103516 0.806639 0.101566 0.804686 0.097658 0.804686 0.095699 0.802733 0.091799 0.802733
0 0.677736 0.433592 0.673828 0.437499 0.671878 0.437499 0.669919 0.439452 0.669919 0.441405 0.667969 0.443358 0.667969 0.449217 0.666019 0.45117 0.666019 0.455077 0.66406 0.45703 0.66406 0.464842 0.673828 0.464842 0.675778 0.466795 0.679686 0.466795 0.679686 0.462889 0.681637 0.460936 0.681637 0.455077 0.683595 0.453124 0.683595 0.447264 0.685545 0.445311 0.685545 0.435545 0.679686 0.435545
0 0.822264 0.765623 0.818356 0.76953 0.816405 0.76953 0.816405 0.773436 0.814455 0.775389 0.814455 0.777342 0.816405 0.779295 0.816405 0.781248 0.818356 0.783201 0.820314 0.783201 0.822264 0.785155 0.824223 0.785155 0.826173 0.787108 0.828123 0.787108 0.830082 0.789061 0.832032 0.789061 0.833982 0.791014 0.83594 0.791014 0.83789 0.792967 0.839841 0.792967 0.841799 0.79492 0.847658 0.79492 0.847658 0.792967 0.849608 0.791014 0.849608 0.789061 0.851566 0.787108 0.851566 0.785155 0.849608 0.783201 0.849608 0.781248 0.847658 0.781248 0.845699 0.779295 0.841799 0.779295 0.839841 0.777342 0.83789 0.777342 0.83594 0.775389 0.833982 0.775389 0.830082 0.771483 0.828123 0.771483
0 0.109375 0.738279 0.105467 0.742186 0.105467 0.746092 0.103516 0.748045 0.103516 0.751951 0.105467 0.753904 0.105467 0.755858 0.111325 0.755858 0.113284 0.757811 0.119143 0.757811 0.121093 0.759764 0.125001 0.759764 0.126952 0.761717 0.13281 0.761717 0.134769 0.76367 0.134769 0.761717 0.136719 0.759764 0.136719 0.755858 0.138669 0.753904 0.138669 0.751951 0.136719 0.749998 0.136719 0.748045 0.134769 0.748045 0.13281 0.746092 0.12891 0.746092 0.126952 0.744139 0.125001 0.744139 0.123043 0.742186 0.121093 0.742186 0.119143 0.740233 0.111325 0.740233
0 0.634766 0.421874 0.628907 0.427733 0.628907 0.431639 0.626949 0.433592 0.626949 0.441405 0.624999 0.443358 0.624999 0.449217 0.626949 0.45117 0.626949 0.453124 0.634766 0.453124 0.636716 0.455077 0.638675 0.455077 0.638675 0.453124 0.640625 0.45117 0.640625 0.449217 0.642575 0.447264 0.642575 0.443358 0.644534 0.441405 0.644534 0.437499 0.646484 0.435545 0.646484 0.433592 0.648434 0.431639 0.648434 0.429686 0.646484 0.427733 0.646484 0.42578 0.644534 0.423827 0.636716 0.423827
0 0.650392 0.433592 0.650392 0.435545 0.648434 0.437499 0.648434 0.439452 0.646484 0.441405 0.646484 0.447264 0.644534 0.449217 0.644534 0.455077 0.642575 0.45703 0.642575 0.458983 0.644534 0.460936 0.644534 0.462889 0.646484 0.464842 0.650392 0.464842 0.652343 0.466795 0.658201 0.466795 0.658201 0.464842 0.66016 0.462889 0.66016 0.458983 0.66211 0.45703 0.66211 0.453124 0.66406 0.45117 0.66406 0.447264 0.666019 0.445311 0.666019 0.437499 0.66211 0.437499 0.66016 0.435545 0.656251 0.435545 0.654293 0.433592
0 0.796879 0.289061 0.791012 0.294921 0.791012 0.298827 0.789062 0.30078 0.789062 0.306639 0.787112 0.308592 0.787112 0.314452 0.785153 0.316405 0.785153 0.326171 0.79492 0.326171 0.796879 0.328124 0.798829 0.326171 0.800779 0.326171 0.800779 0.324217 0.802738 0.322264 0.802738 0.316405 0.804688 0.314452 0.804688 0.310546 0.806638 0.308592 0.806638 0.302733 0.808596 0.30078 0.808596 0.292967 0.804688 0.292967 0.802738 0.291014 0.798829 0.291014
0 0.921872 0.275389 0.919922 0.277342 0.916013 0.277342 0.916013 0.283202 0.914063 0.285155 0.914063 0.291014 0.916013 0.292967 0.916013 0.294921 0.919922 0.294921 0.921872 0.296874 0.92383 0.296874 0.925781 0.298827 0.929689 0.298827 0.931639 0.30078 0.935548 0.30078 0.937498 0.302733 0.939457 0.302733 0.941407 0.304686 0.945316 0.304686 0.947266 0.306639 0.949216 0.304686 0.951174 0.304686 0.951174 0.30078 0.953124 0.298827 0.953124 0.291014 0.951174 0.289061 0.949216 0.289061 0.941407 0.281249 0.939457 0.281249 0.935548 0.277342 0.92383 0.277342
0 0.220701 0.474608 0.2168 0.478514 0.214842 0.478514 0.214842 0.480467 0.212892 0.48242 0.212892 0.484373 0.210941 0.486327 0.212892 0.48828 0.212892 0.490233 0.214842 0.490233 0.21875 0.494139 0.220701 0.494139 0.222659 0.496092 0.224609 0.496092 0.228518 0.499998 0.230468 0.499998 0.234377 0.503905 0.236327 0.503905 0.238285 0.505858 0.246094 0.505858 0.246094 0.501952 0.248044 0.499998 0.248044 0.492186 0.246094 0.490233 0.244144 0.490233 0.238285 0.484373 0.236327 0.484373 0.232418 0.480467 0.230468 0.480467 0.228518 0.478514 0.226559 0.478514 0.224609 0.476561 0.222659 0.476561
0 0.191407 0.546873 0.189456 0.548827 0.187498 0.548827 0.185548 0.55078 0.185548 0.552733 0.181639 0.556639 0.181639 0.562499 0.183598 0.562499 0.185548 0.564452 0.187498 0.564452 0.189456 0.566405 0.191407 0.566405 0.193357 0.568358 0.195315 0.568358 0.199216 0.572264 0.201174 0.572264 0.203124 0.574217 0.205074 0.574217 0.207033 0.57617 0.208983 0.57617 0.210941 0.578123 0.212892 0.57617 0.214842 0.57617 0.214842 0.574217 0.2168 0.572264 0.2168 0.566405 0.212892 0.562499 0.210941 0.562499 0.203124 0.554686 0.201174 0.554686 0.197265 0.55078 0.195315 0.55078
0 0.921872 0.757811 0.921872 0.759764 0.919922 0.761717 0.919922 0.76367 0.917972 0.765623 0.917972 0.767576 0.916013 0.76953 0.916013 0.771483 0.914063 0.773436 0.914063 0.777342 0.912113 0.779295 0.912113 0.781248 0.910154 0.783201 0.910154 0.792967 0.912113 0.792967 0.914063 0.79492 0.916013 0.79492 0.917972 0.796873 0.919922 0.796873 0.921872 0.798826 0.92383 0.796873 0.925781 0.796873 0.925781 0.79492 0.927731 0.792967 0.927731 0.791014 0.929689 0.789061 0.929689 0.787108 0.931639 0.785155 0.931639 0.781248 0.93359 0.779295 0.93359 0.777342 0.935548 0.775389 0.935548 0.773436 0.937498 0.771483 0.937498 0.767576 0.935548 0.765623 0.935548 0.76367 0.93359 0.761717 0.931639 0.761717 0.927731 0.757811
0 0.779294 0.164061 0.777344 0.166014 0.775394 0.166014 0.773435 0.167968 0.773435 0.169921 0.769535 0.173827 0.769535 0.17578 0.767577 0.177733 0.767577 0.183593 0.765626 0.185546 0.765626 0.189452 0.763668 0.191405 0.763668 0.193358 0.765626 0.195311 0.765626 0.197264 0.767577 0.197264 0.769535 0.199218 0.771485 0.199218 0.775394 0.203124 0.777344 0.203124 0.779294 0.205077 0.783203 0.205077 0.783203 0.203124 0.785153 0.201171 0.785153 0.197264 0.787112 0.195311 0.787112 0.191405 0.789062 0.189452 0.789062 0.185546 0.791012 0.183593 0.791012 0.179686 0.79297 0.177733 0.79297 0.17578 0.791012 0.173827 0.791012 0.171874 0.789062 0.169921 0.787112 0.169921 0.783203 0.166014 0.781253 0.166014
0 0.072264 0.861326 0.070314 0.863279 0.064455 0.863279 0.064455 0.865232 0.062497 0.867186 0.062497 0.869139 0.060546 0.871092 0.060546 0.873045 0.062497 0.874998 0.062497 0.876951 0.064455 0.876951 0.066405 0.878904 0.068355 0.878904 0.070314 0.880857 0.072264 0.880857 0.076173 0.884764 0.078123 0.884764 0.080081 0.886717 0.082031 0.886717 0.083982 0.88867 0.08594 0.88867 0.08789 0.890623 0.08984 0.88867 0.093749 0.88867 0.093749 0.886717 0.095699 0.884764 0.095699 0.880857 0.093749 0.878904 0.093749 0.876951 0.08789 0.871092 0.08594 0.871092 0.078123 0.863279 0.074222 0.863279
0 0.798829 0.179686 0.796879 0.181639 0.79492 0.181639 0.79492 0.183593 0.79297 0.185546 0.79297 0.187499 0.791012 0.189452 0.791012 0.193358 0.789062 0.195311 0.789062 0.197264 0.787112 0.199218 0.787112 0.203124 0.785153 0.205077 0.785153 0.208983 0.787112 0.210936 0.787112 0.212889 0.789062 0.212889 0.79297 0.216796 0.79492 0.216796 0.796879 0.218749 0.802738 0.218749 0.802738 0.216796 0.804688 0.214843 0.804688 0.208983 0.806638 0.20703 0.806638 0.203124 0.808596 0.201171 0.808596 0.195311 0.810547 0.193358 0.810547 0.183593 0.806638 0.183593 0.804688 0.181639 0.800779 0.181639
0 0.12891 0.707029 0.126952 0.708983 0.123043 0.708983 0.123043 0.710936 0.121093 0.712889 0.121093 0.714842 0.119143 0.716795 0.119143 0.718748 0.121093 0.720701 0.121093 0.722654 0.123043 0.722654 0.126952 0.726561 0.12891 0.726561 0.13086 0.728514 0.13281 0.728514 0.134769 0.730467 0.136719 0.730467 0.140628 0.734373 0.142578 0.734373 0.144528 0.736326 0.146486 0.734373 0.150387 0.734373 0.150387 0.730467 0.152345 0.728514 0.152345 0.720701 0.150387 0.720701 0.148437 0.718748 0.144528 0.718748 0.142578 0.716795 0.140628 0.716795 0.138669 0.714842 0.136719 0.714842
0 0.648434 0.312499 0.646484 0.314452 0.642575 0.314452 0.636716 0.320311 0.636716 0.324217 0.634766 0.326171 0.634766 0.333983 0.632816 0.335936 0.632816 0.345702 0.634766 0.345702 0.638675 0.349608 0.640625 0.349608 0.642575 0.351561 0.646484 0.347655 0.648434 0.347655 0.648434 0.345702 0.650392 0.343749 0.650392 0.339842 0.652343 0.337889 0.652343 0.335936 0.654293 0.333983 0.654293 0.330077 0.656251 0.328124 0.656251 0.320311
0 0.919922 0.830076 0.919922 0.832029 0.917972 0.833983 0.917972 0.835936 0.916013 0.837889 0.916013 0.839842 0.919922 0.843748 0.92383 0.843748 0.925781 0.845701 0.929689 0.845701 0.931639 0.847654 0.935548 0.847654 0.937498 0.849608 0.945316 0.849608 0.947266 0.851561 0.947266 0.849608 0.949216 0.847654 0.949216 0.845701 0.951174 0.843748 0.951174 0.837889 0.947266 0.837889 0.945316 0.835936 0.943357 0.835936 0.941407 0.833983 0.937498 0.833983 0.935548 0.832029 0.93359 0.832029 0.931639 0.830076
0 0.076173 0.837889 0.074222 0.839842 0.072264 0.839842 0.072264 0.841795 0.070314 0.843748 0.070314 0.845701 0.068355 0.847654 0.068355 0.849608 0.070314 0.851561 0.070314 0.853514 0.072264 0.853514 0.074222 0.855467 0.078123 0.855467 0.080081 0.85742 0.082031 0.85742 0.083982 0.859373 0.08594 0.859373 0.08789 0.861326 0.091799 0.861326 0.093749 0.863279 0.095699 0.863279 0.097658 0.865232 0.101566 0.865232 0.101566 0.863279 0.103516 0.861326 0.103516 0.859373 0.105467 0.85742 0.103516 0.855467 0.103516 0.853514 0.101566 0.853514 0.097658 0.849608 0.095699 0.849608 0.091799 0.845701 0.08984 0.845701 0.08594 0.841795 0.082031 0.841795 0.080081 0.839842 0.078123 0.839842
0 0.832032 0.748045 0.830082 0.749998 0.826173 0.749998 0.822264 0.753904 0.822264 0.759764 0.824223 0.761717 0.824223 0.76367 0.826173 0.76367 0.828123 0.765623 0.832032 0.765623 0.833982 0.767576 0.83594 0.767576 0.83789 0.76953 0.839841 0.76953 0.841799 0.771483 0.845699 0.771483 0.847658 0.773436 0.849608 0.773436 0.851566 0.775389 0.853517 0.773436 0.857425 0.773436 0.857425 0.761717 0.855467 0.759764 0.853517 0.759764 0.847658 0.753904 0.845699 0.753904 0.841799 0.749998 0.833982 0.749998
0 0.839841 0.734373 0.83789 0.736326 0.83594 0.736326 0.83594 0.738279 0.833982 0.740233 0.833982 0.742186 0.832032 0.744139 0.832032 0.746092 0.833982 0.748045 0.841799 0.748045 0.845699 0.751951 0.847658 0.751951 0.849608 0.753904 0.851566 0.753904 0.853517 0.755858 0.857425 0.755858 0.859375 0.757811 0.861326 0.755858 0.865234 0.755858 0.865234 0.751951 0.867184 0.749998 0.867184 0.744139 0.865234 0.744139 0.863284 0.742186 0.859375 0.742186 0.857425 0.740233 0.855467 0.740233 0.853517 0.738279 0.851566 0.738279 0.849608 0.736326 0.841799 0.736326
0 0.710939 0.257811 0.70898 0.259764 0.70508 0.259764 0.70508 0.263671 0.703122 0.265624 0.703122 0.281249 0.701171 0.283202 0.701171 0.294921 0.703122 0.296874 0.703122 0.298827 0.70703 0.298827 0.70898 0.30078 0.710939 0.30078 0.712889 0.302733 0.716798 0.298827 0.716798 0.294921 0.718748 0.292967 0.718748 0.283202 0.720706 0.281249 0.720706 0.273436 0.722656 0.271483 0.722656 0.261717 0.718748 0.261717 0.716798 0.259764 0.712889 0.259764
0 0.515624 0.357421 0.513673 0.359374 0.498047 0.359374 0.498047 0.36328 0.496097 0.365233 0.496097 0.369139 0.498047 0.371092 0.498047 0.373046 0.499997 0.374999 0.499997 0.376952 0.501956 0.376952 0.503906 0.378905 0.505856 0.378905 0.509765 0.382811 0.511715 0.382811 0.513673 0.384764 0.515624 0.384764 0.517582 0.386717 0.53125 0.386717 0.53125 0.384764 0.5332 0.382811 0.5332 0.371092 0.53125 0.369139 0.5293 0.369139 0.521482 0.361327 0.519532 0.361327
0 0.812497 0.781248 0.812497 0.783201 0.810547 0.785155 0.810547 0.789061 0.808596 0.791014 0.808596 0.792967 0.806638 0.79492 0.806638 0.796873 0.804688 0.798826 0.806638 0.800779 0.806638 0.802733 0.810547 0.802733 0.812497 0.804686 0.814455 0.804686 0.816405 0.806639 0.820314 0.806639 0.822264 0.808592 0.826173 0.808592 0.828123 0.810545 0.830082 0.810545 0.832032 0.812498 0.83594 0.812498 0.83789 0.814451 0.841799 0.810545 0.841799 0.802733 0.839841 0.800779 0.839841 0.798826 0.83789 0.798826 0.833982 0.79492 0.832032 0.79492 0.828123 0.791014 0.826173 0.791014 0.822264 0.787108 0.820314 0.787108 0.816405 0.783201 0.814455 0.783201
0 0.931639 0.208983 0.929689 0.210936 0.927731 0.210936 0.927731 0.212889 0.925781 0.214843 0.925781 0.218749 0.92383 0.220702 0.92383 0.224608 0.921872 0.226561 0.921872 0.230468 0.919922 0.232421 0.919922 0.240233 0.927731 0.240233 0.929689 0.242186 0.93359 0.242186 0.93359 0.23828 0.935548 0.236327 0.935548 0.230468 0.937498 0.228514 0.937498 0.222655 0.939457 0.220702 0.939457 0.212889 0.937498 0.212889 0.935548 0.210936 0.93359 0.210936
0 0.783203 0.369139 0.781253 0.371092 0.781253 0.373046 0.779294 0.374999 0.779294 0.378905 0.777344 0.380858 0.777344 0.390624 0.775394 0.392577 0.775394 0.398436 0.777344 0.400389 0.777344 0.402342 0.785153 0.402342 0.787112 0.404295 0.791012 0.400389 0.791012 0.396483 0.79297 0.39453 0.79297 0.38867 0.79492 0.386717 0.79492 0.380858 0.796879 0.378905 0.796879 0.374999 0.79492 0.373046 0.79492 0.371092 0.785153 0.371092
0 0.769535 0.359374 0.767577 0.361327 0.765626 0.361327 0.765626 0.365233 0.763668 0.367186 0.763668 0.373046 0.761718 0.374999 0.761718 0.376952 0.759768 0.378905 0.759768 0.382811 0.757809 0.384764 0.757809 0.386717 0.755859 0.38867 0.755859 0.396483 0.757809 0.396483 0.761718 0.400389 0.763668 0.400389 0.765626 0.402342 0.769535 0.398436 0.769535 0.396483 0.771485 0.39453 0.771485 0.392577 0.773435 0.390624 0.773435 0.38867 0.775394 0.386717 0.775394 0.380858 0.777344 0.378905 0.777344 0.374999 0.779294 0.373046 0.779294 0.371092 0.781253 0.369139 0.781253 0.36328 0.777344 0.36328 0.775394 0.361327 0.771485 0.361327
0 0.953124 0.730467 0.951174 0.73242 0.947266 0.73242 0.945316 0.734373 0.941407 0.734373 0.941407 0.736326 0.939457 0.738279 0.939457 0.740233 0.937498 0.742186 0.937498 0.744139 0.935548 0.746092 0.935548 0.748045 0.93359 0.749998 0.93359 0.755858 0.939457 0.761717 0.943357 0.761717 0.945316 0.759764 0.945316 0.757811 0.951174 0.751951 0.951174 0.749998 0.957033 0.744139 0.957033 0.742186 0.958983 0.740233 0.958983 0.734373 0.957033 0.734373
0 0.710939 0.335936 0.70898 0.337889 0.70703 0.337889 0.70703 0.339842 0.70508 0.341796 0.70508 0.343749 0.703122 0.345702 0.703122 0.349608 0.701171 0.351561 0.701171 0.353514 0.699221 0.355467 0.699221 0.357421 0.697263 0.359374 0.697263 0.36328 0.699221 0.365233 0.699221 0.367186 0.70508 0.367186 0.70703 0.369139 0.70898 0.367186 0.70898 0.365233 0.712889 0.361327 0.712889 0.359374 0.714848 0.357421 0.714848 0.353514 0.716798 0.351561 0.716798 0.347655 0.718748 0.345702 0.718748 0.339842 0.716798 0.339842 0.714848 0.337889 0.712889 0.337889
0 0.095699 0.302733 0.093749 0.304686 0.091799 0.304686 0.08789 0.308592 0.08789 0.312499 0.08594 0.314452 0.08594 0.320311 0.083982 0.322264 0.083982 0.33203 0.08984 0.33203 0.091799 0.333983 0.093749 0.33203 0.095699 0.33203 0.095699 0.330077 0.097658 0.328124 0.097658 0.326171 0.099608 0.324217 0.099608 0.320311 0.101566 0.318358 0.101566 0.316405 0.103516 0.314452 0.103516 0.310546 0.101566 0.308592 0.101566 0.306639 0.099608 0.306639
0 0.720706 0.146483 0.718748 0.148436 0.716798 0.148436 0.716798 0.152343 0.714848 0.154296 0.714848 0.160155 0.712889 0.162108 0.712889 0.171874 0.710939 0.173827 0.710939 0.179686 0.712889 0.181639 0.712889 0.183593 0.720706 0.183593 0.722656 0.181639 0.724607 0.181639 0.724607 0.179686 0.726565 0.177733 0.726565 0.171874 0.728515 0.169921 0.728515 0.166014 0.730465 0.164061 0.730465 0.156249 0.732424 0.154296 0.732424 0.152343 0.730465 0.150389 0.730465 0.148436 0.722656 0.148436
0 0.214842 0.498045 0.212892 0.499998 0.208983 0.499998 0.207033 0.501952 0.207033 0.503905 0.205074 0.505858 0.205074 0.511717 0.207033 0.511717 0.208983 0.51367 0.210941 0.51367 0.212892 0.515623 0.214842 0.515623 0.21875 0.51953 0.220701 0.51953 0.222659 0.521483 0.224609 0.521483 0.226559 0.523436 0.228518 0.523436 0.230468 0.525389 0.236327 0.525389 0.236327 0.523436 0.238285 0.521483 0.238285 0.51953 0.240235 0.517577 0.240235 0.515623 0.238285 0.51367 0.238285 0.511717 0.236327 0.511717 0.232418 0.507811 0.230468 0.507811 0.226559 0.503905 0.224609 0.503905 0.220701 0.499998 0.2168 0.499998
0 0.681637 0.132811 0.677736 0.136718 0.677736 0.140624 0.675778 0.142577 0.675778 0.148436 0.673828 0.150389 0.673828 0.156249 0.671878 0.158202 0.671878 0.164061 0.669919 0.166014 0.669919 0.169921 0.671878 0.171874 0.671878 0.17578 0.679686 0.17578 0.681637 0.177733 0.685545 0.177733 0.685545 0.173827 0.687504 0.171874 0.687504 0.164061 0.689454 0.162108 0.689454 0.156249 0.691404 0.154296 0.691404 0.146483 0.693362 0.14453 0.693362 0.140624 0.691404 0.138671 0.691404 0.136718 0.687504 0.136718 0.685545 0.134765 0.683595 0.134765
0 0.888669 0.367186 0.886719 0.369139 0.884769 0.369139 0.884769 0.374999 0.882811 0.376952 0.882811 0.380858 0.884769 0.382811 0.886719 0.382811 0.890628 0.386717 0.896487 0.386717 0.898437 0.38867 0.906254 0.38867 0.908204 0.390624 0.914063 0.390624 0.916013 0.392577 0.917972 0.390624 0.917972 0.386717 0.919922 0.384764 0.919922 0.380858 0.917972 0.378905 0.917972 0.376952 0.916013 0.376952 0.914063 0.374999 0.910154 0.374999 0.908204 0.373046 0.906254 0.373046 0.904296 0.371092 0.902345 0.371092 0.900387 0.369139 0.890628 0.369139
0 0.17383 0.587889 0.171872 0.589842 0.167971 0.589842 0.166013 0.591795 0.166013 0.593748 0.164063 0.595702 0.164063 0.597655 0.162113 0.599608 0.162113 0.601561 0.164063 0.603514 0.164063 0.605467 0.166013 0.605467 0.167971 0.60742 0.169922 0.60742 0.171872 0.609373 0.17383 0.609373 0.17578 0.611327 0.177731 0.611327 0.179689 0.61328 0.181639 0.61328 0.183598 0.615233 0.185548 0.615233 0.187498 0.617186 0.189456 0.617186 0.191407 0.619139 0.193357 0.619139 0.195315 0.621092 0.197265 0.619139 0.199216 0.619139 0.199216 0.617186 0.201174 0.615233 0.201174 0.61328 0.203124 0.611327 0.203124 0.609373 0.201174 0.60742 0.201174 0.605467 0.199216 0.603514 0.197265 0.603514 0.193357 0.599608 0.191407 0.599608 0.187498 0.595702 0.185548 0.595702 0.181639 0.591795 0.179689 0.591795 0.177731 0.589842 0.17578 0.589842
0 0.74805 0.353514 0.746092 0.355467 0.746092 0.357421 0.742191 0.361327 0.742191 0.36328 0.740233 0.365233 0.740233 0.369139 0.738283 0.371092 0.738283 0.374999 0.736324 0.376952 0.736324 0.380858 0.738283 0.382811 0.738283 0.384764 0.742191 0.384764 0.744141 0.386717 0.74805 0.386717 0.74805 0.384764 0.75 0.382811 0.75 0.380858 0.75195 0.378905 0.75195 0.376952 0.753909 0.374999 0.753909 0.373046 0.755859 0.371092 0.755859 0.369139 0.757809 0.367186 0.757809 0.359374 0.755859 0.357421 0.753909 0.357421 0.75 0.353514
0 0.869143 0.42578 0.867184 0.427733 0.861326 0.427733 0.861326 0.429686 0.859375 0.431639 0.859375 0.433592 0.857425 0.435545 0.859375 0.437499 0.859375 0.439452 0.861326 0.441405 0.861326 0.443358 0.863284 0.443358 0.865234 0.445311 0.867184 0.445311 0.869143 0.447264 0.873043 0.447264 0.875002 0.449217 0.876952 0.449217 0.87891 0.45117 0.880861 0.45117 0.882811 0.453124 0.884769 0.453124 0.886719 0.455077 0.888669 0.453124 0.890628 0.453124 0.892578 0.45117 0.894528 0.45117 0.894528 0.449217 0.896487 0.447264 0.896487 0.445311 0.898437 0.443358 0.896487 0.441405 0.896487 0.439452 0.894528 0.437499 0.890628 0.437499 0.888669 0.435545 0.886719 0.435545 0.884769 0.433592 0.880861 0.433592 0.87891 0.431639 0.876952 0.431639 0.875002 0.429686 0.873043 0.429686
0 0.103516 0.785155 0.099608 0.789061 0.099608 0.792967 0.097658 0.79492 0.097658 0.796873 0.099608 0.798826 0.099608 0.800779 0.105467 0.800779 0.107425 0.802733 0.111325 0.802733 0.113284 0.804686 0.119143 0.804686 0.121093 0.806639 0.125001 0.806639 0.126952 0.808592 0.12891 0.806639 0.13086 0.806639 0.13086 0.802733 0.13281 0.800779 0.13281 0.798826 0.13086 0.796873 0.13086 0.79492 0.12891 0.79492 0.126952 0.792967 0.125001 0.792967 0.123043 0.791014 0.121093 0.791014 0.119143 0.789061 0.117184 0.789061 0.115234 0.787108 0.105467 0.787108
0 0.134769 0.687498 0.13281 0.689451 0.12891 0.689451 0.12891 0.693358 0.126952 0.695311 0.126952 0.699217 0.12891 0.70117 0.12891 0.703123 0.13086 0.703123 0.13281 0.705076 0.136719 0.705076 0.138669 0.707029 0.140628 0.707029 0.142578 0.708983 0.144528 0.708983 0.146486 0.710936 0.148437 0.710936 0.150387 0.712889 0.154295 0.712889 0.156254 0.714842 0.158204 0.714842 0.160154 0.716795 0.160154 0.714842 0.162113 0.712889 0.162113 0.70117 0.160154 0.70117 0.158204 0.699217 0.156254 0.699217 0.154295 0.697264 0.152345 0.697264 0.150387 0.695311 0.148437 0.695311 0.146486 0.693358 0.144528 0.693358 0.142578 0.691404 0.140628 0.691404 0.138669 0.689451 0.136719 0.689451
0 0.875002 0.404295 0.871093 0.408202 0.869143 0.408202 0.869143 0.412108 0.867184 0.414061 0.867184 0.41992 0.869143 0.421874 0.869143 0.423827 0.871093 0.423827 0.873043 0.42578 0.876952 0.42578 0.87891 0.427733 0.880861 0.427733 0.882811 0.429686 0.884769 0.429686 0.886719 0.431639 0.890628 0.431639 0.892578 0.433592 0.894528 0.433592 0.896487 0.435545 0.902345 0.435545 0.902345 0.431639 0.904296 0.429686 0.904296 0.41992 0.902345 0.41992 0.898437 0.416014 0.896487 0.416014 0.892578 0.412108 0.890628 0.412108 0.886719 0.408202 0.882811 0.408202 0.880861 0.406249 0.876952 0.406249
0 0.140628 0.64453 0.138669 0.646483 0.136719 0.646483 0.136719 0.648436 0.134769 0.650389 0.134769 0.652342 0.13281 0.654295 0.13281 0.658201 0.134769 0.660155 0.134769 0.664061 0.136719 0.664061 0.138669 0.666014 0.142578 0.666014 0.144528 0.667967 0.146486 0.667967 0.148437 0.66992 0.150387 0.66992 0.152345 0.671873 0.154295 0.671873 0.156254 0.673826 0.160154 0.673826 0.162113 0.67578 0.164063 0.67578 0.166013 0.677733 0.167971 0.67578 0.171872 0.67578 0.171872 0.671873 0.17383 0.66992 0.17383 0.666014 0.171872 0.664061 0.171872 0.662108 0.169922 0.662108 0.166013 0.658201 0.164063 0.658201 0.160154 0.654295 0.158204 0.654295 0.154295 0.650389 0.152345 0.650389 0.150387 0.648436 0.146486 0.648436 0.144528 0.646483 0.142578 0.646483
0 0.757809 0.462889 0.75195 0.468748 0.75195 0.470702 0.75 0.472655 0.75 0.478514 0.74805 0.480467 0.74805 0.486327 0.746092 0.48828 0.746092 0.492186 0.74805 0.494139 0.74805 0.496092 0.75 0.496092 0.75195 0.498045 0.753909 0.498045 0.755859 0.499998 0.757809 0.498045 0.759768 0.498045 0.759768 0.496092 0.761718 0.494139 0.761718 0.492186 0.763668 0.490233 0.763668 0.486327 0.765626 0.484373 0.765626 0.480467 0.767577 0.478514 0.767577 0.476561 0.769535 0.474608 0.769535 0.466795 0.765626 0.466795 0.763668 0.464842 0.759768 0.464842
0 0.109375 0.761717 0.107425 0.76367 0.103516 0.76367 0.103516 0.765623 0.101566 0.767576 0.101566 0.771483 0.099608 0.773436 0.099608 0.775389 0.101566 0.777342 0.101566 0.779295 0.105467 0.779295 0.107425 0.781248 0.111325 0.781248 0.113284 0.783201 0.117184 0.783201 0.119143 0.785155 0.123043 0.785155 0.125001 0.787108 0.12891 0.787108 0.13086 0.789061 0.134769 0.789061 0.134769 0.785155 0.136719 0.783201 0.136719 0.775389 0.134769 0.775389 0.13281 0.773436 0.13086 0.773436 0.126952 0.76953 0.125001 0.76953 0.123043 0.767576 0.121093 0.767576 0.119143 0.765623 0.115234 0.765623 0.113284 0.76367 0.111325 0.76367
0 0.691404 0.328124 0.689454 0.330077 0.685545 0.330077 0.685545 0.33203 0.683595 0.333983 0.683595 0.335936 0.681637 0.337889 0.681637 0.339842 0.679686 0.341796 0.679686 0.343749 0.677736 0.345702 0.677736 0.349608 0.675778 0.351561 0.675778 0.353514 0.673828 0.355467 0.673828 0.365233 0.677736 0.365233 0.679686 0.367186 0.681637 0.367186 0.683595 0.369139 0.687504 0.369139 0.687504 0.367186 0.689454 0.365233 0.689454 0.36328 0.691404 0.361327 0.691404 0.359374 0.693362 0.357421 0.693362 0.355467 0.695313 0.353514 0.695313 0.351561 0.697263 0.349608 0.697263 0.347655 0.699221 0.345702 0.699221 0.335936
0 0.994144 0.722654 0.992186 0.724608 0.990236 0.724608 0.990236 0.726561 0.988277 0.728514 0.988277 0.730467 0.986327 0.73242 0.986327 0.734373 0.988277 0.736326 0.988277 0.738279 0.990236 0.738279 0.992186 0.740233 0.996094 0.740233 0.998045 0.742186 1 0.742186 1 0.744139 1 0.744139 1 0.746092 1 0.746092 1 0.748045 1 0.748045 1 0.746092 1 0.744139 1 0.742186 1 0.740233 1 0.73242 1 0.73242 1 0.730467 1 0.730467 1 0.728514 1 0.728514 1 0.726561 1 0.726561 1 0.724608 0.996094 0.724608
0 0.66211 0.115233 0.654293 0.123046 0.654293 0.124999 0.650392 0.128905 0.650392 0.134765 0.648434 0.136718 0.648434 0.146483 0.646484 0.148436 0.646484 0.160155 0.648434 0.160155 0.650392 0.162108 0.652343 0.162108 0.654293 0.164061 0.656251 0.164061 0.658201 0.166014 0.66211 0.162108 0.66406 0.162108 0.66406 0.160155 0.666019 0.158202 0.666019 0.154296 0.667969 0.152343 0.667969 0.148436 0.669919 0.146483 0.669919 0.142577 0.671878 0.140624 0.671878 0.136718 0.673828 0.134765 0.673828 0.130858 0.675778 0.128905 0.675778 0.124999 0.673828 0.123046 0.673828 0.121093 0.671878 0.121093 0.669919 0.11914 0.667969 0.11914 0.666019 0.117186 0.66406 0.117186
0 0.556643 0.230468 0.556643 0.234374 0.554685 0.236327 0.554685 0.242186 0.556643 0.244139 0.556643 0.246093 0.560544 0.246093 0.562502 0.248046 0.566403 0.248046 0.568361 0.249999 0.570311 0.249999 0.57227 0.251952 0.57617 0.251952 0.578129 0.253905 0.585937 0.253905 0.585937 0.249999 0.587888 0.248046 0.587888 0.242186 0.585937 0.242186 0.583987 0.240233 0.582029 0.240233 0.578129 0.236327 0.57617 0.236327 0.57422 0.234374 0.57227 0.234374 0.570311 0.232421 0.562502 0.232421 0.560544 0.230468
0 0.701171 0.14453 0.699221 0.146483 0.697263 0.146483 0.697263 0.148436 0.695313 0.150389 0.695313 0.162108 0.693362 0.164061 0.693362 0.177733 0.697263 0.177733 0.699221 0.179686 0.701171 0.179686 0.703122 0.181639 0.70508 0.179686 0.70508 0.177733 0.70703 0.17578 0.70703 0.171874 0.70898 0.169921 0.70898 0.164061 0.710939 0.162108 0.710939 0.158202 0.712889 0.156249 0.712889 0.152343 0.710939 0.150389 0.710939 0.148436 0.70898 0.146483 0.70898 0.14453
0 0.79297 0.474608 0.791012 0.476561 0.791012 0.478514 0.787112 0.48242 0.787112 0.494139 0.785153 0.496092 0.785153 0.507811 0.787112 0.509764 0.787112 0.511717 0.796879 0.511717 0.798829 0.51367 0.802738 0.51367 0.802738 0.509764 0.804688 0.507811 0.804688 0.499998 0.806638 0.498045 0.806638 0.490233 0.808596 0.48828 0.808596 0.478514 0.802738 0.478514 0.800779 0.476561 0.796879 0.476561 0.79492 0.474608
0 0.583987 0.191405 0.582029 0.193358 0.580079 0.193358 0.578129 0.195311 0.57422 0.195311 0.57422 0.199218 0.57227 0.201171 0.57227 0.203124 0.57422 0.205077 0.57422 0.20703 0.57617 0.20703 0.578129 0.208983 0.582029 0.208983 0.583987 0.210936 0.585937 0.210936 0.587888 0.212889 0.591796 0.212889 0.593746 0.214843 0.597655 0.214843 0.599613 0.216796 0.599613 0.214843 0.601564 0.212889 0.601564 0.208983 0.603514 0.20703 0.603514 0.199218 0.599613 0.199218 0.597655 0.197264 0.595705 0.197264 0.593746 0.195311 0.589846 0.195311 0.587888 0.193358 0.585937 0.193358
0 0.798829 0.837889 0.796879 0.839842 0.79297 0.839842 0.79297 0.841795 0.791012 0.843748 0.791012 0.845701 0.789062 0.847654 0.791012 0.849608 0.791012 0.851561 0.79297 0.853514 0.79492 0.853514 0.798829 0.85742 0.800779 0.85742 0.804688 0.861326 0.806638 0.861326 0.810547 0.865232 0.816405 0.865232 0.818356 0.867186 0.820314 0.865232 0.820314 0.863279 0.824223 0.859373 0.824223 0.85742 0.826173 0.855467 0.818356 0.847654 0.816405 0.847654 0.812497 0.843748 0.810547 0.843748 0.806638 0.839842 0.800779 0.839842
0 0.595705 0.150389 0.591796 0.154296 0.589846 0.154296 0.589846 0.156249 0.587888 0.158202 0.587888 0.160155 0.585937 0.162108 0.589846 0.166014 0.591796 0.166014 0.593746 0.167968 0.595705 0.167968 0.597655 0.169921 0.601564 0.169921 0.603514 0.171874 0.605472 0.171874 0.607422 0.173827 0.609373 0.173827 0.611331 0.17578 0.613281 0.17578 0.615231 0.177733 0.61719 0.17578 0.61914 0.17578 0.61914 0.173827 0.62109 0.171874 0.62109 0.169921 0.623049 0.167968 0.623049 0.164061 0.62109 0.162108 0.62109 0.160155 0.61914 0.160155 0.61719 0.158202 0.615231 0.158202 0.613281 0.156249 0.611331 0.156249 0.609373 0.154296 0.607422 0.154296 0.605472 0.152343 0.603514 0.152343 0.601564 0.150389
0 0.730465 0.261717 0.726565 0.265624 0.726565 0.26953 0.724607 0.271483 0.724607 0.281249 0.722656 0.283202 0.722656 0.292967 0.720706 0.294921 0.720706 0.30078 0.722656 0.30078 0.726565 0.304686 0.732424 0.304686 0.734374 0.306639 0.736324 0.304686 0.738283 0.304686 0.740233 0.302733 0.742191 0.302733 0.742191 0.287108 0.744141 0.285155 0.744141 0.271483 0.742191 0.26953 0.742191 0.267577 0.740233 0.265624 0.736324 0.265624 0.734374 0.263671 0.732424 0.263671
0 0.910154 0.324217 0.906254 0.328124 0.906254 0.330077 0.904296 0.33203 0.904296 0.333983 0.902345 0.335936 0.902345 0.337889 0.904296 0.339842 0.904296 0.341796 0.906254 0.343749 0.910154 0.343749 0.912113 0.345702 0.917972 0.345702 0.919922 0.347655 0.92383 0.347655 0.925781 0.349608 0.929689 0.349608 0.931639 0.351561 0.935548 0.347655 0.935548 0.345702 0.937498 0.343749 0.937498 0.341796 0.939457 0.339842 0.939457 0.337889 0.937498 0.335936 0.937498 0.333983 0.935548 0.333983 0.93359 0.33203 0.931639 0.33203 0.927731 0.328124 0.925781 0.328124 0.92383 0.326171 0.912113 0.326171
0 0.779294 0.287108 0.773435 0.292967 0.773435 0.294921 0.771485 0.296874 0.771485 0.302733 0.769535 0.304686 0.769535 0.308592 0.767577 0.310546 0.767577 0.314452 0.765626 0.316405 0.765626 0.318358 0.769535 0.318358 0.771485 0.320311 0.773435 0.320311 0.775394 0.322264 0.781253 0.316405 0.781253 0.314452 0.783203 0.312499 0.783203 0.306639 0.785153 0.304686 0.785153 0.30078 0.787112 0.298827 0.787112 0.287108
0 0.570311 0.20703 0.566403 0.210936 0.566403 0.214843 0.564452 0.216796 0.564452 0.220702 0.566403 0.222655 0.566403 0.224608 0.568361 0.224608 0.570311 0.226561 0.57227 0.226561 0.57422 0.228514 0.578129 0.228514 0.580079 0.230468 0.582029 0.230468 0.583987 0.232421 0.585937 0.232421 0.587888 0.234374 0.595705 0.234374 0.595705 0.232421 0.597655 0.230468 0.597655 0.228514 0.599613 0.226561 0.599613 0.222655 0.597655 0.220702 0.597655 0.218749 0.595705 0.218749 0.593746 0.216796 0.591796 0.216796 0.589846 0.214843 0.587888 0.214843 0.585937 0.212889 0.583987 0.212889 0.582029 0.210936 0.578129 0.210936 0.57617 0.208983 0.57227 0.208983
0 0.857425 0.445311 0.855467 0.447264 0.853517 0.447264 0.853517 0.449217 0.851566 0.45117 0.851566 0.453124 0.849608 0.455077 0.851566 0.45703 0.851566 0.458983 0.853517 0.460936 0.855467 0.460936 0.857425 0.462889 0.859375 0.462889 0.861326 0.464842 0.863284 0.464842 0.867184 0.468748 0.869143 0.468748 0.871093 0.470702 0.873043 0.470702 0.875002 0.472655 0.882811 0.472655 0.884769 0.474608 0.884769 0.472655 0.886719 0.470702 0.886719 0.466795 0.888669 0.464842 0.888669 0.462889 0.886719 0.460936 0.886719 0.458983 0.884769 0.458983 0.882811 0.45703 0.880861 0.45703 0.87891 0.455077 0.876952 0.455077 0.875002 0.453124 0.873043 0.453124 0.871093 0.45117 0.869143 0.45117 0.867184 0.449217 0.863284 0.449217 0.861326 0.447264 0.859375 0.447264
0 0.060546 0.904295 0.060546 0.921873 0.070314 0.921873 0.072264 0.91992 0.072264 0.917967 0.074222 0.916014 0.074222 0.914061 0.072264 0.912107 0.072264 0.910154 0.070314 0.910154 0.068355 0.908201 0.066405 0.908201 0.064455 0.906248 0.062497 0.906248
0 0.798829 0.804686 0.79492 0.808592 0.79297 0.808592 0.791012 0.810545 0.791012 0.816404 0.789062 0.818358 0.789062 0.824217 0.79297 0.828123 0.798829 0.828123 0.800779 0.830076 0.804688 0.830076 0.806638 0.832029 0.812497 0.832029 0.814455 0.833983 0.818356 0.833983 0.820314 0.835936 0.826173 0.835936 0.828123 0.837889 0.828123 0.835936 0.830082 0.833983 0.830082 0.830076 0.832032 0.828123 0.832032 0.82617 0.833982 0.824217 0.833982 0.822264 0.832032 0.822264 0.828123 0.818358 0.826173 0.818358 0.824223 0.816404 0.822264 0.816404 0.820314 0.814451 0.818356 0.814451 0.816405 0.812498 0.814455 0.812498 0.812497 0.810545 0.810547 0.810545 0.808596 0.808592 0.804688 0.808592 0.802738 0.806639 0.800779 0.806639
0 0.082031 0.812498 0.078123 0.816404 0.078123 0.818358 0.074222 0.822264 0.074222 0.824217 0.076173 0.82617 0.076173 0.828123 0.078123 0.830076 0.078123 0.832029 0.080081 0.833983 0.082031 0.833983 0.083982 0.835936 0.08594 0.835936 0.08789 0.837889 0.091799 0.837889 0.093749 0.839842 0.095699 0.839842 0.097658 0.841795 0.099608 0.841795 0.101566 0.843748 0.103516 0.843748 0.105467 0.845701 0.107425 0.843748 0.109375 0.843748 0.109375 0.841795 0.111325 0.839842 0.111325 0.837889 0.113284 0.835936 0.111325 0.833983 0.111325 0.832029 0.109375 0.832029 0.105467 0.828123 0.103516 0.828123 0.099608 0.824217 0.097658 0.824217 0.093749 0.820311 0.091799 0.820311 0.08789 0.816404 0.08594 0.816404
0 0.537109 0.292967 0.535158 0.294921 0.5332 0.294921 0.53125 0.296874 0.5293 0.296874 0.5293 0.302733 0.527341 0.304686 0.527341 0.310546 0.5293 0.312499 0.5293 0.314452 0.535158 0.314452 0.537109 0.316405 0.542967 0.316405 0.544926 0.318358 0.550785 0.318358 0.552735 0.320311 0.558594 0.320311 0.560544 0.322264 0.564452 0.322264 0.564452 0.320311 0.566403 0.318358 0.566403 0.316405 0.568361 0.314452 0.568361 0.306639 0.566403 0.306639 0.564452 0.304686 0.562502 0.304686 0.560544 0.302733 0.558594 0.302733 0.556643 0.30078 0.554685 0.30078 0.552735 0.298827 0.550785 0.298827 0.548826 0.296874 0.544926 0.296874 0.542967 0.294921 0.539059 0.294921
0 0.70898 0.45117 0.703122 0.45703 0.703122 0.460936 0.701171 0.462889 0.701171 0.472655 0.699221 0.474608 0.699221 0.478514 0.701171 0.480467 0.703122 0.480467 0.70508 0.48242 0.70703 0.48242 0.70898 0.484373 0.714848 0.484373 0.714848 0.48242 0.716798 0.480467 0.716798 0.476561 0.718748 0.474608 0.718748 0.468748 0.720706 0.466795 0.720706 0.462889 0.722656 0.460936 0.722656 0.45703 0.720706 0.455077 0.720706 0.453124 0.710939 0.453124
0 0.912113 0.203124 0.910154 0.205077 0.906254 0.205077 0.900387 0.210936 0.900387 0.212889 0.898437 0.214843 0.898437 0.220702 0.896487 0.222655 0.896487 0.226561 0.894528 0.228514 0.894528 0.234374 0.892578 0.236327 0.892578 0.23828 0.894528 0.240233 0.894528 0.242186 0.896487 0.242186 0.898437 0.244139 0.900387 0.244139 0.902345 0.246093 0.904296 0.246093 0.906254 0.248046 0.910154 0.248046 0.910154 0.246093 0.912113 0.244139 0.912113 0.242186 0.914063 0.240233 0.914063 0.236327 0.916013 0.234374 0.916013 0.230468 0.917972 0.228514 0.917972 0.226561 0.919922 0.224608 0.919922 0.220702 0.921872 0.218749 0.921872 0.216796 0.92383 0.214843 0.92383 0.210936 0.921872 0.208983 0.921872 0.205077 0.914063 0.205077
0 0.142578 0.66992 0.140628 0.671873 0.136719 0.671873 0.136719 0.673826 0.134769 0.67578 0.134769 0.677733 0.13281 0.679686 0.134769 0.681639 0.134769 0.683592 0.136719 0.685545 0.140628 0.685545 0.142578 0.687498 0.144528 0.687498 0.146486 0.689451 0.150387 0.689451 0.152345 0.691404 0.154295 0.691404 0.156254 0.693358 0.160154 0.693358 0.162113 0.695311 0.164063 0.695311 0.166013 0.697264 0.169922 0.697264 0.169922 0.693358 0.171872 0.691404 0.171872 0.689451 0.169922 0.687498 0.169922 0.685545 0.167971 0.685545 0.166013 0.683592 0.164063 0.683592 0.160154 0.679686 0.158204 0.679686 0.156254 0.677733 0.154295 0.677733 0.152345 0.67578 0.150387 0.67578 0.146486 0.671873 0.144528 0.671873
0 0.728515 0.347655 0.726565 0.349608 0.722656 0.349608 0.718748 0.353514 0.718748 0.357421 0.716798 0.359374 0.716798 0.367186 0.714848 0.369139 0.714848 0.378905 0.718748 0.378905 0.720706 0.380858 0.724607 0.380858 0.726565 0.382811 0.728515 0.380858 0.728515 0.378905 0.730465 0.376952 0.730465 0.374999 0.732424 0.373046 0.732424 0.369139 0.734374 0.367186 0.734374 0.36328 0.736324 0.361327 0.736324 0.359374 0.738283 0.357421 0.738283 0.351561 0.734374 0.351561 0.732424 0.349608 0.730465 0.349608
0 0.154295 0.326171 0.152345 0.328124 0.150387 0.328124 0.150387 0.330077 0.148437 0.33203 0.148437 0.333983 0.146486 0.335936 0.146486 0.341796 0.144528 0.343749 0.144528 0.353514 0.142578 0.355467 0.142578 0.365233 0.144528 0.365233 0.148437 0.369139 0.152345 0.369139 0.156254 0.365233 0.158204 0.365233 0.158204 0.36328 0.160154 0.361327 0.160154 0.355467 0.162113 0.353514 0.162113 0.347655 0.164063 0.345702 0.164063 0.339842 0.166013 0.337889 0.166013 0.33203 0.164063 0.33203 0.162113 0.330077 0.160154 0.330077 0.158204 0.328124 0.156254 0.328124
0 0.156254 0.626951 0.154295 0.628905 0.150387 0.628905 0.150387 0.632811 0.148437 0.634764 0.148437 0.63867 0.150387 0.640623 0.150387 0.642576 0.152345 0.642576 0.154295 0.64453 0.156254 0.64453 0.158204 0.646483 0.160154 0.646483 0.162113 0.648436 0.164063 0.648436 0.166013 0.650389 0.167971 0.650389 0.169922 0.652342 0.171872 0.652342 0.17383 0.654295 0.17578 0.652342 0.181639 0.652342 0.181639 0.64453 0.179689 0.642576 0.179689 0.640623 0.177731 0.63867 0.17578 0.63867 0.169922 0.632811 0.167971 0.632811 0.164063 0.628905 0.158204 0.628905
0 0.613281 0.402342 0.611331 0.404295 0.607422 0.404295 0.607422 0.408202 0.605472 0.410155 0.605472 0.41992 0.603514 0.421874 0.603514 0.431639 0.601564 0.433592 0.601564 0.437499 0.605472 0.441405 0.611331 0.441405 0.613281 0.443358 0.61719 0.443358 0.61719 0.441405 0.61914 0.439452 0.61914 0.433592 0.62109 0.431639 0.62109 0.427733 0.623049 0.42578 0.623049 0.421874 0.624999 0.41992 0.624999 0.414061 0.626949 0.412108 0.626949 0.410155 0.624999 0.408202 0.624999 0.406249 0.62109 0.406249 0.61914 0.404295 0.615231 0.404295
0 0.919922 0.298827 0.917972 0.30078 0.914063 0.30078 0.914063 0.302733 0.912113 0.304686 0.912113 0.308592 0.910154 0.310546 0.910154 0.312499 0.912113 0.314452 0.912113 0.316405 0.914063 0.318358 0.917972 0.318358 0.919922 0.320311 0.92383 0.320311 0.925781 0.322264 0.929689 0.322264 0.931639 0.324217 0.935548 0.324217 0.937498 0.326171 0.939457 0.324217 0.941407 0.324217 0.941407 0.322264 0.943357 0.320311 0.943357 0.318358 0.945316 0.316405 0.943357 0.314452 0.943357 0.312499 0.941407 0.312499 0.939457 0.310546 0.937498 0.310546 0.93359 0.306639 0.931639 0.306639 0.929689 0.304686 0.927731 0.304686 0.925781 0.302733 0.92383 0.302733
0 0.83789 0.195311 0.83594 0.197264 0.83594 0.199218 0.833982 0.201171 0.833982 0.203124 0.832032 0.205077 0.832032 0.208983 0.830082 0.210936 0.830082 0.212889 0.828123 0.214843 0.828123 0.218749 0.826173 0.220702 0.826173 0.224608 0.828123 0.226561 0.828123 0.228514 0.830082 0.228514 0.832032 0.230468 0.833982 0.230468 0.83594 0.232421 0.83789 0.232421 0.839841 0.234374 0.841799 0.232421 0.845699 0.232421 0.845699 0.230468 0.847658 0.228514 0.847658 0.222655 0.849608 0.220702 0.849608 0.214843 0.851566 0.212889 0.851566 0.20703 0.853517 0.205077 0.853517 0.203124 0.851566 0.201171 0.851566 0.199218 0.847658 0.199218 0.845699 0.197264 0.843749 0.197264 0.841799 0.195311
0 0.894528 0.345702 0.892578 0.347655 0.890628 0.347655 0.890628 0.351561 0.888669 0.353514 0.888669 0.359374 0.890628 0.361327 0.890628 0.365233 0.896487 0.365233 0.898437 0.367186 0.904296 0.367186 0.906254 0.369139 0.910154 0.369139 0.912113 0.371092 0.917972 0.371092 0.919922 0.373046 0.921872 0.371092 0.925781 0.371092 0.925781 0.367186 0.927731 0.365233 0.927731 0.361327 0.92383 0.357421 0.921872 0.357421 0.919922 0.355467 0.917972 0.355467 0.914063 0.351561 0.912113 0.351561 0.910154 0.349608 0.908204 0.349608 0.906254 0.347655 0.896487 0.347655
0 0.738283 0.14453 0.738283 0.146483 0.736324 0.148436 0.736324 0.150389 0.734374 0.152343 0.734374 0.154296 0.732424 0.156249 0.732424 0.164061 0.730465 0.166014 0.730465 0.179686 0.728515 0.181639 0.728515 0.195311 0.730465 0.197264 0.732424 0.197264 0.738283 0.203124 0.742191 0.199218 0.744141 0.199218 0.744141 0.197264 0.746092 0.195311 0.746092 0.191405 0.74805 0.189452 0.74805 0.185546 0.75 0.183593 0.75 0.179686 0.75195 0.177733 0.75195 0.17578 0.753909 0.173827 0.753909 0.169921 0.755859 0.167968 0.755859 0.164061 0.757809 0.162108 0.757809 0.158202 0.755859 0.156249 0.755859 0.154296 0.753909 0.152343 0.753909 0.150389 0.75195 0.150389 0.74805 0.146483 0.746092 0.146483 0.744141 0.14453
0 0.931639 0.810545 0.929689 0.812498 0.92383 0.812498 0.92383 0.814451 0.921872 0.816404 0.921872 0.820311 0.919922 0.822264 0.919922 0.824217 0.921872 0.82617 0.925781 0.82617 0.927731 0.828123 0.93359 0.828123 0.935548 0.830076 0.939457 0.830076 0.941407 0.832029 0.945316 0.832029 0.947266 0.833983 0.949216 0.832029 0.955075 0.832029 0.955075 0.828123 0.957033 0.82617 0.957033 0.822264 0.955075 0.820311 0.955075 0.818358 0.953124 0.818358 0.951174 0.816404 0.949216 0.816404 0.947266 0.814451 0.945316 0.814451 0.943357 0.812498 0.93359 0.812498
0 0.859375 0.689451 0.857425 0.691404 0.853517 0.691404 0.853517 0.693358 0.851566 0.695311 0.851566 0.70117 0.849608 0.703123 0.849608 0.705076 0.851566 0.707029 0.853517 0.707029 0.855467 0.708983 0.857425 0.708983 0.859375 0.710936 0.863284 0.710936 0.865234 0.712889 0.867184 0.712889 0.869143 0.714842 0.871093 0.714842 0.873043 0.716795 0.875002 0.716795 0.876952 0.718748 0.884769 0.718748 0.884769 0.716795 0.886719 0.714842 0.886719 0.712889 0.888669 0.710936 0.888669 0.707029 0.886719 0.705076 0.886719 0.70117 0.882811 0.70117 0.880861 0.699217 0.876952 0.699217 0.875002 0.697264 0.871093 0.697264 0.869143 0.695311 0.867184 0.695311 0.863284 0.691404 0.861326 0.691404
0 0.062497 0.929685 0.062497 0.939451 0.060546 0.941404 0.060546 0.949217 0.066405 0.949217 0.068355 0.95117 0.068355 0.949217 0.070314 0.947264 0.070314 0.94531 0.072264 0.943357 0.072264 0.939451
0 0.666019 0.320311 0.666019 0.322264 0.66406 0.324217 0.66406 0.326171 0.66211 0.328124 0.66211 0.330077 0.66016 0.33203 0.66016 0.339842 0.658201 0.341796 0.658201 0.349608 0.66016 0.351561 0.66016 0.353514 0.666019 0.353514 0.667969 0.355467 0.669919 0.353514 0.671878 0.353514 0.671878 0.347655 0.673828 0.345702 0.673828 0.335936 0.675778 0.333983 0.675778 0.322264 0.667969 0.322264
0 0.060546 0.880857 0.060546 0.88867 0.062497 0.890623 0.062497 0.900389 0.064455 0.900389 0.066405 0.902342 0.068355 0.902342 0.070314 0.904295 0.078123 0.904295 0.080081 0.902342 0.080081 0.900389 0.082031 0.898436 0.082031 0.896482 0.080081 0.894529 0.080081 0.892576 0.078123 0.892576 0.074222 0.88867 0.072264 0.88867 0.070314 0.886717 0.068355 0.886717 0.064455 0.882811 0.062497 0.882811
0 0.13281 0.320311 0.13281 0.322264 0.13086 0.324217 0.13086 0.326171 0.12891 0.328124 0.12891 0.330077 0.126952 0.33203 0.126952 0.337889 0.125001 0.339842 0.125001 0.343749 0.123043 0.345702 0.123043 0.349608 0.125001 0.351561 0.125001 0.353514 0.12891 0.353514 0.13086 0.355467 0.136719 0.355467 0.136719 0.353514 0.138669 0.351561 0.138669 0.347655 0.140628 0.345702 0.140628 0.341796 0.142578 0.339842 0.142578 0.337889 0.144528 0.335936 0.144528 0.33203 0.146486 0.330077 0.146486 0.326171 0.144528 0.324217 0.144528 0.322264 0.140628 0.322264 0.138669 0.320311
0 0.816405 0.302733 0.814455 0.304686 0.814455 0.306639 0.810547 0.310546 0.810547 0.314452 0.808596 0.316405 0.808596 0.322264 0.806638 0.324217 0.806638 0.330077 0.804688 0.33203 0.804688 0.333983 0.806638 0.335936 0.806638 0.337889 0.818356 0.337889 0.820314 0.335936 0.822264 0.335936 0.822264 0.330077 0.824223 0.328124 0.824223 0.318358 0.826173 0.316405 0.826173 0.310546 0.824223 0.308592 0.824223 0.304686 0.818356 0.304686
0 0.955075 0.632811 0.951174 0.636717 0.949216 0.636717 0.949216 0.640623 0.947266 0.642576 0.947266 0.648436 0.945316 0.650389 0.945316 0.656248 0.943357 0.658201 0.943357 0.660155 0.945316 0.662108 0.947266 0.662108 0.949216 0.664061 0.951174 0.664061 0.953124 0.666014 0.955075 0.664061 0.958983 0.664061 0.958983 0.662108 0.960933 0.660155 0.960933 0.656248 0.962892 0.654295 0.962892 0.652342 0.964842 0.650389 0.964842 0.646483 0.966801 0.64453 0.966801 0.640623 0.964842 0.63867 0.964842 0.636717 0.960933 0.636717 0.958983 0.634764 0.957033 0.634764
0 0.759768 0.275389 0.757809 0.277342 0.757809 0.279296 0.753909 0.283202 0.753909 0.285155 0.75195 0.287108 0.75195 0.289061 0.75 0.291014 0.75 0.294921 0.74805 0.296874 0.74805 0.298827 0.746092 0.30078 0.746092 0.302733 0.744141 0.304686 0.744141 0.312499 0.746092 0.312499 0.75 0.316405 0.75195 0.316405 0.753909 0.318358 0.755859 0.316405 0.759768 0.316405 0.759768 0.314452 0.761718 0.312499 0.761718 0.308592 0.763668 0.306639 0.763668 0.30078 0.765626 0.298827 0.765626 0.294921 0.767577 0.292967 0.767577 0.289061 0.769535 0.287108 0.769535 0.279296 0.765626 0.279296 0.763668 0.277342 0.761718 0.277342
0 0.880861 0.380858 0.876952 0.384764 0.876952 0.38867 0.875002 0.390624 0.875002 0.398436 0.876952 0.398436 0.87891 0.400389 0.882811 0.400389 0.884769 0.402342 0.886719 0.402342 0.888669 0.404295 0.892578 0.404295 0.894528 0.406249 0.896487 0.406249 0.898437 0.408202 0.902345 0.408202 0.904296 0.410155 0.906254 0.408202 0.906254 0.406249 0.910154 0.402342 0.910154 0.396483 0.908204 0.396483 0.906254 0.39453 0.902345 0.39453 0.900387 0.392577 0.898437 0.392577 0.896487 0.390624 0.894528 0.390624 0.892578 0.38867 0.890628 0.38867 0.886719 0.384764 0.884769 0.384764
0 0.994144 0.630858 0.990236 0.634764 0.988277 0.634764 0.988277 0.650389 0.986327 0.652342 0.986327 0.662108 0.988277 0.664061 0.988277 0.666014 0.990236 0.667967 0.994144 0.667967 0.996094 0.66992 0.998045 0.66992 1 0.671873 1 0.667967 1 0.660155 1 0.658201 1 0.64453 1 0.642576 1 0.634764 1 0.630858
0 0.119143 0.308592 0.117184 0.310546 0.113284 0.310546 0.113284 0.312499 0.111325 0.314452 0.111325 0.316405 0.109375 0.318358 0.109375 0.320311 0.107425 0.322264 0.107425 0.326171 0.105467 0.328124 0.105467 0.33203 0.103516 0.333983 0.103516 0.337889 0.105467 0.339842 0.105467 0.341796 0.107425 0.343749 0.109375 0.343749 0.113284 0.347655 0.117184 0.343749 0.119143 0.343749 0.119143 0.341796 0.121093 0.339842 0.121093 0.337889 0.123043 0.335936 0.123043 0.33203 0.125001 0.330077 0.125001 0.328124 0.126952 0.326171 0.126952 0.324217 0.12891 0.322264 0.12891 0.314452 0.126952 0.314452 0.123043 0.310546 0.121093 0.310546
0 0.917972 0.843748 0.914063 0.847654 0.912113 0.847654 0.912113 0.849608 0.910154 0.851561 0.910154 0.853514 0.908204 0.855467 0.910154 0.85742 0.910154 0.859373 0.914063 0.859373 0.916013 0.861326 0.919922 0.861326 0.921872 0.863279 0.92383 0.863279 0.925781 0.865232 0.929689 0.865232 0.931639 0.867186 0.935548 0.867186 0.937498 0.869139 0.939457 0.867186 0.943357 0.867186 0.943357 0.863279 0.945316 0.861326 0.945316 0.851561 0.937498 0.851561 0.935548 0.849608 0.927731 0.849608 0.925781 0.847654 0.92383 0.847654 0.921872 0.845701 0.919922 0.845701
0 0.552735 0.248046 0.550785 0.249999 0.544926 0.249999 0.544926 0.265624 0.546876 0.265624 0.548826 0.267577 0.550785 0.267577 0.552735 0.26953 0.556643 0.26953 0.558594 0.271483 0.560544 0.271483 0.562502 0.273436 0.564452 0.273436 0.566403 0.275389 0.57422 0.275389 0.57617 0.277342 0.578129 0.275389 0.578129 0.273436 0.582029 0.26953 0.582029 0.267577 0.580079 0.265624 0.580079 0.261717 0.578129 0.261717 0.57617 0.259764 0.57422 0.259764 0.570311 0.255858 0.568361 0.255858 0.566403 0.253905 0.564452 0.253905 0.562502 0.251952 0.558594 0.251952 0.556643 0.249999 0.554685 0.249999