0 0.646485 0.949216 0.644532 0.95117 0.634768 0.95117 0.634768 0.974613 0.646485 0.974613
0 0.902343 0.718752 0.902343 0.720706 0.900391 0.722661 0.900391 0.728515 0.898438 0.730469 0.898438 0.736332 0.896485 0.738277 0.896485 0.742186 0.894532 0.74414 0.894532 0.750003 0.892579 0.751957 0.892579 0.753903 0.894532 0.753903 0.896485 0.755857 0.898438 0.755857 0.902343 0.759766 0.904296 0.759766 0.906248 0.76172 0.906248 0.759766 0.908201 0.757811 0.908201 0.753903 0.910154 0.751957 0.910154 0.750003 0.912107 0.748049 0.912107 0.74414 0.914059 0.742186 0.914059 0.738277 0.916012 0.736332 0.916012 0.734378 0.917972 0.732423 0.917972 0.728515 0.919925 0.72656 0.919925 0.724606 0.916012 0.724606 0.914059 0.722661 0.910154 0.722661 0.908201 0.720706 0.904296 0.720706
0 0.490237 0.130857 0.490237 0.148437 0.49219 0.146483 0.494143 0.148437 0.523441 0.148437 0.525394 0.150391 0.525394 0.134766 0.509765 0.134766 0.507812 0.132812 0.49219 0.132812
0 0.49219 0.148437 0.49219 0.167971 0.523441 0.167971 0.525394 0.169926 0.525394 0.166017 0.527346 0.164063 0.527346 0.1582 0.529299 0.156254 0.529299 0.1543 0.519528 0.1543 0.517576 0.152346 0.505859 0.152346 0.503906 0.150391 0.494143 0.150391
0 0.632816 0.949216 0.630863 0.95117 0.623045 0.95117 0.621092 0.953125 0.611328 0.953125 0.611328 0.962887 0.613281 0.964841 0.613281 0.974613 0.632816 0.974613
1 0.548826 0.876952 0.548826 0.886714 0.550779 0.888669 0.550779 0.900394 0.578125 0.900394 0.580077 0.90234 0.60547 0.90234 0.607423 0.904294 0.607423 0.878906 0.550779 0.878906
4 0.056637 0.421878 0.054684 0.423832 0 0.423832 0 0.425777 0 0.425777 0 0.529293 0 0.531247 0 0.636716 0 0.634762 0 0.632817 0.058597 0.632817 0.058597 0.529293 0.056637 0.527347
0 0.69531 0.333988 0.69531 0.369139 0.701168 0.369139 0.703129 0.371093 0.708987 0.371093 0.710939 0.373047 0.710939 0.333988
0 0.888674 0.982421 0.888674 1 0.908201 1 0.908201 0.982421
0 0.783205 0.162108 0.783205 0.169926 0.785158 0.171871 0.785158 0.189451 0.78711 0.191405 0.78711 0.201167 0.802732 0.201167 0.804685 0.203122 0.804685 0.162108
0 0.031252 0.939454 0.031252 0.957033 0.033204 0.958988 0.033204 0.976558 0.046873 0.976558 0.046873 0.939454
0 0.482419 0.062502 0.482419 0.068356 0.484372 0.07031 0.484372 0.078127 0.500001 0.078127 0.501954 0.080082 0.515623 0.080082 0.517576 0.082027 0.517576 0.074219 0.519528 0.072264 0.519528 0.064456 0.484372 0.064456
0 0.388674 0.804688 0.388674 0.822267 0.390626 0.824222 0.390626 0.841801 0.408201 0.841801 0.408201 0.804688
0 0.607423 0.947262 0.60547 0.949216 0.591794 0.949216 0.591794 0.958988 0.593746 0.960942 0.593746 0.970704 0.599612 0.970704 0.601565 0.972659 0.60547 0.972659 0.607423 0.974613
0 0.798827 0.527347 0.798827 0.570315 0.800779 0.568361 0.816409 0.568361 0.816409 0.548827 0.818361 0.546872 0.818361 0.527347
0 0.488285 0.189451 0.488285 0.197268 0.490237 0.199222 0.490237 0.20703 0.527346 0.20703 0.527346 0.199222 0.529299 0.197268 0.529299 0.191405 0.490237 0.191405
0 0.544921 0.95117 0.542968 0.953125 0.531252 0.953125 0.531252 0.966796 0.529299 0.96875 0.529299 0.978513 0.546874 0.978513 0.546874 0.966796 0.544921 0.964841
0 0.490237 0.117186 0.490237 0.128903 0.49219 0.130857 0.507812 0.130857 0.509765 0.132812 0.523441 0.132812 0.523441 0.119141 0.49219 0.119141
0 0.007812 0.943362 0.009764 0.945316 0.009764 0.953125 0.011717 0.955079 0.011717 0.96875 0.01367 0.970704 0.01367 0.978513 0.011717 0.980467 0.011717 0.982421 0.027346 0.982421 0.027346 0.964841 0.025393 0.962887 0.025393 0.943362
0 0.722656 0.480471 0.720703 0.482425 0.705081 0.482425 0.705081 0.499996 0.707034 0.50195 0.707034 0.51953 0.726561 0.51953 0.726561 0.511722 0.724608 0.509768 0.724608 0.492188 0.722656 0.490233
0 0.435546 0.1582 0.435546 0.189451 0.437499 0.187496 0.453128 0.187496 0.453128 0.181642 0.451168 0.179688 0.451168 0.166017 0.449215 0.164063 0.449215 0.1582
1 0.941405 0.638671 0.941405 0.65625 0.980467 0.65625 0.982419 0.658205 0.982419 0.648433 0.984372 0.646488 0.984372 0.638671
0 0.67383 0.945316 0.67383 0.958988 0.671878 0.960942 0.671878 0.974613 0.685547 0.974613 0.687499 0.976558 0.687499 0.947262 0.675783 0.947262
0 0.490237 0.169926 0.490237 0.187496 0.501954 0.187496 0.503906 0.189451 0.529299 0.189451 0.529299 0.171871 0.49219 0.171871
4 0 0.634762 0 0.714844 0 0.716798 0 0.796879 0 0.796879 0 0.798825 0 0.798825 0 0.800779 0 0.800779 0 0.802733 0 0.802733 0 0.806642 0 0.808596 0 0.812496 0 0.81445 0.000001 0.816404 0.000001 0.818359 0.003906 0.822267 0.003906 0.824222 0.021488 0.841801 0.023441 0.839847 0.041015 0.839847 0.042968 0.837893 0.052732 0.837893 0.054684 0.835938 0.064455 0.835938 0.064455 0.787108 0.062503 0.785153 0.062503 0.685547 0.06055 0.683593 0.06055 0.634762
0 0.884768 0.55469 0.882816 0.556644 0.880856 0.556644 0.878903 0.558598 0.87695 0.558598 0.874998 0.560543 0.871092 0.560543 0.869139 0.562498 0.867187 0.562498 0.867187 0.564452 0.869139 0.566406 0.869139 0.568361 0.871092 0.570315 0.871092 0.574215 0.873045 0.576169 0.873045 0.578123 0.874998 0.580078 0.874998 0.583986 0.87695 0.58594 0.87695 0.58984 0.878903 0.591794 0.878903 0.593749 0.880856 0.595703 0.880856 0.597657 0.882816 0.595703 0.884768 0.595703 0.886721 0.593749 0.888674 0.593749 0.890627 0.591794 0.892579 0.591794 0.894532 0.58984 0.896485 0.58984 0.896485 0.587895 0.894532 0.58594 0.894532 0.582032 0.892579 0.580078 0.892579 0.576169 0.890627 0.574215 0.890627 0.570315 0.888674 0.568361 0.888674 0.564452 0.886721 0.562498 0.886721 0.558598 0.884768 0.556644
0 0.791016 0.302737 0.791016 0.310545 0.792969 0.3125 0.792969 0.328125 0.794921 0.330079 0.794921 0.337888 0.81055 0.337888 0.81055 0.302737
0 0.007812 0.945316 0.005859 0.947262 0 0.947262 0 0.962887 0 0.964841 0 0.980467 0 0.978513 0.011717 0.978513 0.011717 0.970704 0.009764 0.96875 0.009764 0.955079 0.007812 0.953125
0 0.421877 0.226564 0.421877 0.240235 0.42383 0.24219 0.42383 0.255861 0.437499 0.255861 0.437499 0.24219 0.435546 0.240235 0.435546 0.226564
0 0.779299 0.908203 0.779299 0.923828 0.781252 0.925782 0.781252 0.941408 0.794921 0.941408 0.794921 0.925782 0.796874 0.923828 0.796874 0.908203
1 0.794921 0.462891 0.794921 0.486325 0.796874 0.488279 0.796874 0.511722 0.818361 0.511722 0.818361 0.499996 0.816409 0.498051 0.816409 0.476562 0.814456 0.474608 0.814456 0.462891
0 0.048826 0.386718 0.048826 0.394536 0.050779 0.396481 0.050779 0.404298 0.085935 0.404298 0.087888 0.406252 0.087888 0.400389 0.085935 0.398435 0.085935 0.392581 0.083982 0.390627 0.083982 0.388673 0.050779 0.388673
0 0.380863 0.89844 0.380863 0.908203 0.382815 0.910157 0.382815 0.921874 0.419925 0.921874 0.421877 0.923828 0.421877 0.900394 0.382815 0.900394
0 0.853518 0.166017 0.851565 0.167971 0.83203 0.167971 0.83203 0.173825 0.833983 0.175779 0.833983 0.185551 0.835936 0.187496 0.835936 0.199222 0.837888 0.201167 0.837888 0.20703 0.85547 0.20703 0.85547 0.187496 0.853518 0.185551
0 0.652343 0.947262 0.652343 0.974613 0.654296 0.972659 0.667972 0.972659 0.667972 0.960942 0.669925 0.958988 0.669925 0.947262
0 0.490237 0.099607 0.490237 0.113278 0.503906 0.113278 0.505859 0.115232 0.517576 0.115232 0.519528 0.117186 0.519528 0.113278 0.521481 0.111332 0.521481 0.105469 0.523441 0.103515 0.523441 0.101561 0.49219 0.101561
0 0.794921 0.416015 0.794921 0.429686 0.796874 0.43164 0.796874 0.447266 0.812503 0.447266 0.812503 0.416015
0 0.435546 0.949216 0.435546 0.988284 0.453128 0.988284 0.453128 0.949216
0 0.455081 0.95117 0.455081 0.984376 0.470703 0.984376 0.470703 0.95117
0 0 0.384764 0 0.394536 0 0.396481 0 0.404298 0.009764 0.404298 0.011717 0.406252 0.027346 0.406252 0.029299 0.408207 0.029299 0.404298 0.031252 0.402344 0.031252 0.392581 0.033204 0.390627 0.033204 0.386718 0 0.386718
13 0.292968 0.640625 0.291015 0.642579 0.230466 0.642579 0.228513 0.644534 0.167972 0.644534 0.166019 0.646488 0.10547 0.646488 0.10547 0.658205 0.107423 0.660159 0.107423 0.685547 0.109375 0.687501 0.109375 0.712889 0.111328 0.714844 0.111328 0.72656 0.292968 0.72656 0.294921 0.728515 0.294921 0.685547 0.292968 0.683593
0 0.416019 0.953125 0.416019 0.98633 0.431641 0.98633 0.433594 0.988284 0.433594 0.953125
0 0.085935 0.386718 0.085935 0.390627 0.087888 0.392581 0.087888 0.398435 0.089841 0.400389 0.089841 0.404298 0.107423 0.404298 0.109375 0.406252 0.124997 0.406252 0.12695 0.408207 0.12695 0.398435 0.124997 0.396481 0.124997 0.386718
13 0.28711 0.535155 0.285157 0.53711 0.24219 0.53711 0.240237 0.539064 0.197263 0.539064 0.19531 0.541018 0.15039 0.541018 0.148437 0.542973 0.10547 0.542973 0.10547 0.55469 0.107423 0.556644 0.107423 0.580078 0.109375 0.582032 0.109375 0.60742 0.111328 0.609374 0.111328 0.621091 0.113281 0.619137 0.199215 0.619137 0.201175 0.617191 0.289063 0.617191 0.289063 0.578123 0.28711 0.576169
0 0.914059 0.806642 0.914059 0.824222 0.916012 0.826176 0.916012 0.843747 0.933594 0.843747 0.933594 0.826176 0.931641 0.824222 0.931641 0.806642
0 0.701168 0.447266 0.701168 0.462891 0.703129 0.464846 0.703129 0.480471 0.705081 0.478517 0.720703 0.478517 0.720703 0.474608 0.71875 0.472654 0.71875 0.464846 0.716797 0.462891 0.716797 0.453129 0.714845 0.451174 0.714845 0.447266
0 0.494143 0.232418 0.494143 0.246089 0.509765 0.246089 0.511717 0.248044 0.527346 0.248044 0.529299 0.249998 0.529299 0.232418
0 0.064455 0.955079 0.064455 0.970704 0.066408 0.972659 0.066408 0.988284 0.068361 0.98633 0.08203 0.98633 0.08203 0.955079
0 0.69531 0.404298 0.69531 0.410152 0.697263 0.412106 0.697263 0.421878 0.699216 0.423832 0.699216 0.433595 0.701168 0.435549 0.701168 0.441403 0.716797 0.441403 0.716797 0.423832 0.714845 0.421878 0.714845 0.404298
0 0.794921 0.357422 0.794921 0.394536 0.81055 0.394536 0.81055 0.376956 0.80859 0.375002 0.80859 0.357422
0 0.49219 0.95117 0.490237 0.953125 0.478514 0.953125 0.478514 0.966796 0.476561 0.96875 0.476561 0.982421 0.496096 0.982421 0.496096 0.976558 0.494143 0.974613 0.494143 0.960942 0.49219 0.958988
0 0.494143 0.023434 0.494143 0.039059 0.507812 0.039059 0.509765 0.041013 0.521481 0.041013 0.523441 0.042968 0.523441 0.033205 0.525394 0.031251 0.525394 0.023434
0 0.546874 0.953125 0.546874 0.964841 0.548826 0.966796 0.548826 0.978513 0.546874 0.980467 0.546874 0.982421 0.564456 0.982421 0.564456 0.96875 0.566408 0.966796 0.566408 0.953125
0 0.49219 0.009762 0.49219 0.021488 0.521481 0.021488 0.521481 0.01758 0.523441 0.015625 0.523441 0.009762
13 0.285157 0.435549 0.283205 0.437503 0.111328 0.437503 0.111328 0.476562 0.109375 0.478517 0.109375 0.517576 0.111328 0.515621 0.197263 0.515621 0.199215 0.513676 0.285157 0.513676
0 0.490237 0.044922 0.490237 0.060547 0.519528 0.060547 0.519528 0.044922
0 0.464845 0.89844 0.464845 0.921874 0.46875 0.921874 0.470703 0.923828 0.472656 0.923828 0.474608 0.925782 0.509765 0.925782 0.509765 0.90234 0.488285 0.90234 0.486325 0.900394 0.466797 0.900394
0 0.494143 0.953125 0.494143 0.958988 0.496096 0.960942 0.496096 0.974613 0.498048 0.976558 0.498048 0.982421 0.496096 0.984376 0.498048 0.982421 0.51367 0.982421 0.51367 0.96875 0.511717 0.966796 0.511717 0.953125
0 0.703129 0.1543 0.701168 0.156254 0.677736 0.156254 0.677736 0.199222 0.701168 0.199222 0.701168 0.177734 0.703129 0.175779
0 0.490237 0.208985 0.490237 0.214848 0.49219 0.216793 0.49219 0.22461 0.507812 0.22461 0.509765 0.226564 0.525394 0.226564 0.527346 0.228519 0.527346 0.222656 0.529299 0.220701 0.529299 0.214848 0.517576 0.214848 0.515623 0.212893 0.505859 0.212893 0.503906 0.210939 0.49219 0.210939
0 0.785158 0.214848 0.785158 0.249998 0.800779 0.249998 0.800779 0.234373 0.798827 0.232418 0.798827 0.214848
0 0.51367 0.953125 0.51367 0.966796 0.515623 0.96875 0.515623 0.982421 0.51367 0.984376 0.509765 0.984376 0.527346 0.984376 0.527346 0.96875 0.529299 0.966796 0.529299 0.953125
0 0.847659 0.37891 0.847659 0.388673 0.849612 0.390627 0.849612 0.412106 0.851565 0.414061 0.851565 0.425777 0.867187 0.425777 0.867187 0.380855 0.849612 0.380855
13 0.113281 0.750003 0.113281 0.835938 0.17383 0.835938 0.175783 0.837893 0.234372 0.837893 0.236332 0.839847 0.296874 0.839847 0.298826 0.841801 0.298826 0.750003