0 0.185549 0.20117 0.183596 0.203124 0.183596 0.205077 0.179685 0.208985 0.181638 0.208985 0.183596 0.210939 0.187502 0.210939 0.189455 0.212893 0.191408 0.212893 0.193361 0.214842 0.195313 0.214842 0.197266 0.216796 0.201172 0.216796 0.203125 0.21875 0.205078 0.21875 0.207031 0.220704 0.207031 0.216796 0.208984 0.214842 0.208984 0.210939 0.207031 0.210939 0.205078 0.208985 0.201172 0.208985 0.199219 0.207031 0.197266 0.207031 0.195313 0.205077 0.191408 0.205077 0.189455 0.203124 0.187502 0.203124
0 0.652343 0.156249 0.650391 0.158203 0.646485 0.158203 0.644532 0.160157 0.640626 0.160157 0.638673 0.162111 0.634767 0.162111 0.63672 0.164065 0.63672 0.166014 0.638673 0.164065 0.652343 0.164065
0 0.929688 0.35547 0.929688 0.357424 0.927735 0.359373 0.927735 0.361327 0.925782 0.363281 0.925782 0.365234 0.923829 0.367188 0.923829 0.369142 0.921876 0.371096 0.921876 0.373045 0.923829 0.373045 0.925782 0.374999 0.927735 0.374999 0.929688 0.376953 0.929688 0.374999 0.931641 0.373045 0.931641 0.371096 0.933594 0.369142 0.933594 0.365234 0.935547 0.363281 0.935547 0.361327 0.937499 0.359373 0.937499 0.357424 0.931641 0.357424
0 0.931641 0.335936 0.919924 0.347654 0.923829 0.351562 0.927735 0.351562 0.929688 0.349608 0.929688 0.347654 0.935547 0.341797 0.933594 0.339843 0.933594 0.33789
0 0.88672 0.662111 0.88672 0.664061 0.884767 0.666014 0.884767 0.667968 0.88672 0.667968 0.888672 0.669922 0.890625 0.669922 0.894531 0.67383 0.896484 0.67383 0.898437 0.675779 0.90039 0.675779 0.902343 0.677733 0.902343 0.675779 0.904295 0.67383 0.904295 0.671876 0.906248 0.669922 0.902343 0.669922 0.90039 0.667968 0.898437 0.667968 0.896484 0.666014 0.892578 0.666014 0.890625 0.664061 0.888672 0.664061
0 0.574218 0.632812 0.574218 0.634766 0.572265 0.63672 0.572265 0.640623 0.570312 0.642577 0.570312 0.644531 0.568359 0.646485 0.568359 0.648439 0.572265 0.648439 0.574218 0.650393 0.576171 0.650393 0.578124 0.652342 0.578124 0.650393 0.580077 0.648439 0.580077 0.644531 0.58203 0.642577 0.58203 0.640623 0.583982 0.638674 0.583982 0.63672 0.580077 0.63672 0.578124 0.634766 0.576171 0.634766
0 0.388674 0.539064 0.388674 0.541018 0.386721 0.542967 0.386721 0.544921 0.384763 0.546875 0.384763 0.548829 0.38281 0.550782 0.38281 0.552736 0.380857 0.554686 0.380857 0.556639 0.38281 0.556639 0.384763 0.558593 0.386721 0.558593 0.388674 0.560547 0.388674 0.558593 0.390627 0.556639 0.390627 0.554686 0.39258 0.552736 0.39258 0.550782 0.394533 0.548829 0.394533 0.546875 0.396486 0.544921 0.396486 0.542967 0.394533 0.542967 0.39258 0.541018 0.390627 0.541018
0 0.990232 0.390625 0.990232 0.394533 0.98828 0.396482 0.98828 0.402344 0.986327 0.404298 0.986327 0.408201 0.994138 0.408201 0.996096 0.410155 0.996096 0.392579 0.992185 0.392579
0 0.609375 0.611329 0.609375 0.613283 0.607422 0.615232 0.607422 0.617186 0.605469 0.61914 0.605469 0.621094 0.603516 0.623048 0.603516 0.625002 0.601563 0.626951 0.601563 0.628905 0.607422 0.628905 0.609375 0.630859 0.609375 0.628905 0.611328 0.626951 0.611328 0.625002 0.613281 0.623048 0.613281 0.621094 0.615234 0.61914 0.615234 0.617186 0.617186 0.615232 0.617186 0.613283 0.611328 0.613283
0 0.560548 0.224611 0.560548 0.232422 0.558595 0.234376 0.558595 0.240233 0.566406 0.240233 0.568359 0.238279 0.568359 0.226561 0.562501 0.226561
0 0.619139 0.615232 0.619139 0.617186 0.617186 0.61914 0.617186 0.621094 0.615234 0.623048 0.615234 0.625002 0.613281 0.626951 0.613281 0.628905 0.611328 0.630859 0.611328 0.632812 0.619139 0.632812 0.621092 0.634766 0.621092 0.632812 0.623045 0.630859 0.623045 0.628905 0.624998 0.626951 0.624998 0.625002 0.626951 0.623048 0.626951 0.621094 0.628904 0.61914 0.624998 0.61914 0.623045 0.617186 0.621092 0.617186
0 0.566406 0.589846 0.564454 0.591795 0.564454 0.593749 0.562501 0.595703 0.562501 0.597657 0.560548 0.599611 0.560548 0.601565 0.558595 0.603514 0.560548 0.603514 0.562501 0.605468 0.564454 0.605468 0.566406 0.607422 0.568359 0.605468 0.568359 0.603514 0.570312 0.601565 0.570312 0.599611 0.572265 0.597657 0.572265 0.595703 0.574218 0.593749 0.572265 0.593749 0.570312 0.591795 0.568359 0.591795
0 0.398438 0.75586 0.398438 0.757814 0.396486 0.759768 0.396486 0.761717 0.400391 0.761717 0.402344 0.763671 0.404297 0.763671 0.40625 0.765625 0.410156 0.765625 0.412109 0.767578 0.412109 0.765625 0.414062 0.763671 0.414062 0.761717 0.410156 0.761717 0.408203 0.759768 0.40625 0.759768 0.404297 0.757814 0.400391 0.757814
0 0.814453 0.908202 0.810547 0.912109 0.814453 0.916017 0.816406 0.916017 0.822264 0.921874 0.82617 0.917971 0.822264 0.914063 0.820311 0.914063
0 0.607422 0.246095 0.607422 0.248049 0.605469 0.249998 0.605469 0.251952 0.603516 0.253906 0.603516 0.255859 0.601563 0.257813 0.601563 0.259767 0.599611 0.261717 0.601563 0.261717 0.603516 0.26367 0.605469 0.26367 0.607422 0.265624 0.607422 0.261717 0.609375 0.259767 0.609375 0.253906 0.611328 0.251952 0.611328 0.248049 0.609375 0.248049
0 0.341795 0.722658 0.337889 0.726561 0.335936 0.726561 0.337889 0.728515 0.337889 0.730469 0.343748 0.736326 0.343748 0.73828 0.345706 0.740234 0.347658 0.73828 0.347658 0.736326 0.351564 0.732423
0 0.902343 0.320314 0.902343 0.322268 0.90039 0.324217 0.90039 0.326171 0.898437 0.328125 0.898437 0.330079 0.896484 0.332033 0.896484 0.333986 0.894531 0.335936 0.894531 0.33789 0.892578 0.339843 0.892578 0.341797 0.896484 0.341797 0.898437 0.343751 0.90039 0.343751 0.902343 0.345705 0.902343 0.343751 0.904295 0.341797 0.904295 0.339843 0.906248 0.33789 0.906248 0.335936 0.908201 0.333986 0.908201 0.332033 0.910154 0.330079 0.910154 0.328125 0.912107 0.326171 0.910154 0.326171 0.906248 0.322268 0.904295 0.322268
0 0.888672 0.343751 0.88672 0.345705 0.88672 0.347654 0.882814 0.351562 0.882814 0.353516 0.878908 0.357424 0.878908 0.359373 0.876955 0.361327 0.880861 0.361327 0.882814 0.363281 0.884767 0.363281 0.88672 0.365234 0.88672 0.363281 0.888672 0.361327 0.888672 0.359373 0.890625 0.357424 0.890625 0.35547 0.892578 0.353516 0.892578 0.351562 0.894531 0.349608 0.894531 0.347654 0.892578 0.347654
0 0.919924 0.351562 0.919924 0.353516 0.917971 0.35547 0.917971 0.361327 0.916018 0.363281 0.916018 0.367188 0.914065 0.369142 0.914065 0.371096 0.919924 0.371096 0.921876 0.369142 0.921876 0.367188 0.923829 0.365234 0.923829 0.363281 0.925782 0.361327 0.925782 0.357424 0.927735 0.35547 0.927735 0.353516 0.921876 0.353516
0 0.865233 0.189451 0.861327 0.193359 0.859374 0.193359 0.857421 0.195313 0.861327 0.19922 0.861327 0.20117 0.867186 0.207031 0.867186 0.208985 0.869139 0.210939 0.873049 0.207031 0.875002 0.207031 0.873049 0.205077 0.873049 0.203124 0.871091 0.20117 0.871091 0.19922 0.869139 0.197267 0.869139 0.195313 0.867186 0.193359 0.867186 0.191405
0 0.109377 0.716796 0.109377 0.71875 0.107424 0.720704 0.107424 0.724607 0.105471 0.726561 0.105471 0.728515 0.103518 0.730469 0.103518 0.732423 0.105471 0.732423 0.107424 0.734377 0.109377 0.734377 0.111329 0.736326 0.111329 0.734377 0.113282 0.732423 0.113282 0.728515 0.115235 0.726561 0.115235 0.722658 0.117188 0.720704 0.117188 0.71875 0.111329 0.71875
0 0.919924 0.560547 0.919924 0.562501 0.917971 0.564455 0.917971 0.566404 0.916018 0.568358 0.916018 0.570312 0.917971 0.570312 0.919924 0.572266 0.923829 0.572266 0.925782 0.57422 0.927735 0.57422 0.929688 0.576173 0.931641 0.576173 0.933594 0.578123 0.933594 0.57422 0.935547 0.572266 0.935547 0.570312 0.933594 0.570312 0.929688 0.566404 0.927735 0.566404 0.923829 0.562501 0.921876 0.562501
0 0.896484 0.261717 0.896484 0.26367 0.894531 0.265624 0.894531 0.267578 0.892578 0.269532 0.892578 0.271486 0.890625 0.27344 0.890625 0.275389 0.888672 0.277343 0.888672 0.279297 0.88672 0.281251 0.888672 0.281251 0.892578 0.285158 0.894531 0.285158 0.896484 0.287108 0.896484 0.285158 0.898437 0.283204 0.898437 0.281251 0.90039 0.279297 0.90039 0.275389 0.902343 0.27344 0.902343 0.271486 0.904295 0.269532 0.904295 0.267578 0.902343 0.265624 0.90039 0.265624
0 0.984374 0.388672 0.984374 0.392579 0.982421 0.394533 0.982421 0.40039 0.980468 0.402344 0.980468 0.406252 0.984374 0.406252 0.984374 0.404298 0.986327 0.402344 0.986327 0.396482 0.98828 0.394533 0.98828 0.390625 0.986327 0.390625
0 0.126952 0.724607 0.126952 0.726561 0.125 0.728515 0.125 0.734377 0.123047 0.736326 0.123047 0.740234 0.121094 0.742188 0.121094 0.744141 0.125 0.744141 0.126952 0.746095 0.126952 0.744141 0.128905 0.742188 0.128905 0.740234 0.130858 0.73828 0.130858 0.734377 0.132811 0.732423 0.132811 0.730469 0.134764 0.728515 0.132811 0.726561 0.128905 0.726561
0 0.072267 0.982421 0.072267 0.984375 0.070314 0.986328 0.070314 0.988282 0.068361 0.990236 0.07422 0.990236 0.076173 0.992185 0.082031 0.992185 0.083984 0.994139 0.083984 0.992185 0.085937 0.990236 0.085937 0.988282 0.083984 0.988282 0.082031 0.986328 0.078125 0.986328 0.076173 0.984375 0.07422 0.984375
0 0.566406 0.359373 0.564454 0.361327 0.564454 0.363281 0.562501 0.365234 0.564454 0.365234 0.566406 0.367188 0.568359 0.367188 0.572265 0.371096 0.574218 0.371096 0.576171 0.373045 0.578124 0.373045 0.580077 0.374999 0.580077 0.373045 0.58203 0.371096 0.58203 0.369142 0.580077 0.369142 0.576171 0.365234 0.574218 0.365234 0.570312 0.361327 0.568359 0.361327
0 0.628904 0.031248 0.626951 0.033202 0.623045 0.033202 0.621092 0.035156 0.615234 0.035156 0.613281 0.03711 0.609375 0.03711 0.615234 0.042967 0.617186 0.041017 0.621092 0.041017 0.623045 0.039063 0.624998 0.039063 0.626951 0.03711 0.630862 0.03711 0.630862 0.035156 0.628904 0.033202
0 0.234376 0.671876 0.234376 0.675779 0.232423 0.677733 0.232423 0.679687 0.240235 0.679687 0.242188 0.681641 0.248046 0.681641 0.249999 0.683595 0.251952 0.681641 0.251952 0.679687 0.253905 0.677733 0.249999 0.677733 0.248046 0.675779 0.242188 0.675779 0.240235 0.67383 0.236329 0.67383
0 0.193361 0.849609 0.193361 0.853516 0.191408 0.85547 0.191408 0.857424 0.195313 0.857424 0.197266 0.859373 0.199219 0.859373 0.201172 0.861327 0.205078 0.861327 0.207031 0.863281 0.208984 0.861327 0.208984 0.859373 0.210937 0.857424 0.208984 0.857424 0.207031 0.85547 0.203125 0.85547 0.201172 0.853516 0.199219 0.853516 0.197266 0.851562 0.195313 0.851562
1 0.121094 0.996093 0.121094 0.998047 0.119141 1 0.119141 1 0.117188 1 0.117188 1 0.115235 1 0.117188 1 0.121094 1 0.123047 1 0.125 1 0.126952 1 0.128905 1 0.130858 1 0.134764 1 0.136717 1 0.13867 1 0.13867 1 0.140623 1 0.140623 1 0.142581 1 0.142581 1 0.144533 1 0.144533 1 0.142581 1 0.140623 1 0.13867 1 0.136717 1 0.134764 1 0.132811 1 0.130858 1 0.128905 1 0.126952 1 0.125 0.998047 0.123047 0.998047
0 0.662108 0.048828 0.660155 0.050782 0.658202 0.050782 0.656249 0.052736 0.654296 0.052736 0.652343 0.05469 0.648438 0.05469 0.646485 0.056639 0.644532 0.056639 0.646485 0.058593 0.646485 0.060547 0.648438 0.062501 0.648438 0.064454 0.650391 0.062501 0.652343 0.062501 0.654296 0.060547 0.656249 0.060547 0.656249 0.056639 0.658202 0.05469 0.660155 0.05469 0.662108 0.052736 0.664061 0.052736 0.664061 0.050782
0 0.208984 0.964845 0.208984 0.966799 0.207031 0.968748 0.207031 0.972656 0.205078 0.97461 0.205078 0.978518 0.203125 0.980467 0.203125 0.982421 0.205078 0.982421 0.207031 0.984375 0.208984 0.984375 0.210937 0.986328 0.210937 0.984375 0.212889 0.982421 0.212889 0.978518 0.214842 0.976564 0.214842 0.972656 0.216795 0.970702 0.216795 0.968748 0.214842 0.968748 0.212889 0.966799 0.210937 0.966799
0 0.453124 0.171876 0.449218 0.175783 0.447266 0.175783 0.441407 0.18164 0.439454 0.18164 0.437501 0.183594 0.44336 0.189451 0.45703 0.175783
0 0.726563 0.193359 0.72461 0.195313 0.722657 0.195313 0.720704 0.197267 0.716799 0.197267 0.714846 0.19922 0.712893 0.19922 0.71094 0.20117 0.707029 0.20117 0.708982 0.203124 0.708982 0.205077 0.71094 0.207031 0.712893 0.205077 0.714846 0.205077 0.716799 0.203124 0.718751 0.203124 0.720704 0.20117 0.72461 0.20117 0.726563 0.19922 0.728516 0.19922 0.728516 0.197267 0.726563 0.195313
0 0.595705 0.242187 0.595705 0.246095 0.593752 0.248049 0.593752 0.253906 0.591799 0.255859 0.591799 0.259767 0.595705 0.259767 0.597658 0.261717 0.597658 0.259767 0.599611 0.257813 0.599611 0.253906 0.601563 0.251952 0.601563 0.249998 0.603516 0.248049 0.603516 0.246095 0.601563 0.246095 0.599611 0.244141 0.597658 0.244141
0 0.210937 0.660157 0.210937 0.662111 0.208984 0.664061 0.208984 0.666014 0.210937 0.666014 0.214842 0.669922 0.216795 0.669922 0.220701 0.67383 0.220701 0.671876 0.222654 0.669922 0.222654 0.667968 0.224612 0.666014 0.222654 0.666014 0.220701 0.664061 0.216795 0.664061 0.214842 0.662111 0.212889 0.662111
0 0.982421 0.357424 0.980468 0.359373 0.980468 0.361327 0.978515 0.363281 0.978515 0.365234 0.974609 0.369142 0.974609 0.371096 0.972656 0.373045 0.976562 0.373045 0.978515 0.374999 0.980468 0.374999 0.982421 0.376953 0.982421 0.374999 0.984374 0.373045 0.984374 0.369142 0.986327 0.367188 0.986327 0.365234 0.98828 0.363281 0.98828 0.361327 0.986327 0.361327
0 0.972656 0.35547 0.972656 0.357424 0.970704 0.359373 0.970704 0.361327 0.968751 0.363281 0.968751 0.365234 0.966798 0.367188 0.966798 0.369142 0.964845 0.371096 0.966798 0.371096 0.968751 0.373045 0.970704 0.371096 0.970704 0.369142 0.976562 0.363281 0.976562 0.361327 0.978515 0.359373 0.976562 0.359373
0 0.400391 0.302734 0.400391 0.306642 0.398438 0.308595 0.398438 0.312499 0.402344 0.312499 0.404297 0.314452 0.40625 0.314452 0.408203 0.316406 0.412109 0.316406 0.414062 0.31836 0.414062 0.316406 0.416014 0.314452 0.416014 0.312499 0.417967 0.310545 0.417967 0.308595 0.414062 0.308595 0.412109 0.306642 0.408203 0.306642 0.40625 0.304688 0.402344 0.304688
0 0.486328 0.789062 0.484375 0.791016 0.484375 0.79297 0.482422 0.794923 0.488281 0.80078 0.488281 0.802734 0.492187 0.806642 0.496093 0.802734 0.498046 0.802734 0.499998 0.80078 0.496093 0.796877 0.49414 0.796877
0 0.880861 0.542967 0.880861 0.544921 0.878908 0.546875 0.878908 0.548829 0.880861 0.548829 0.882814 0.550782 0.884767 0.550782 0.88672 0.552736 0.888672 0.552736 0.890625 0.554686 0.892578 0.552736 0.892578 0.550782 0.894531 0.548829 0.892578 0.548829 0.890625 0.546875 0.88672 0.546875 0.884767 0.544921 0.882814 0.544921
0 0.210937 0.835936 0.210937 0.839844 0.208984 0.841798 0.208984 0.847655 0.207031 0.849609 0.207031 0.851562 0.212889 0.851562 0.214842 0.853516 0.214842 0.849609 0.216795 0.847655 0.216795 0.841798 0.218748 0.839844 0.218748 0.83789 0.212889 0.83789
0 0.021487 0.583984 0.021487 0.585938 0.019529 0.587892 0.019529 0.589846 0.02344 0.589846 0.025393 0.591795 0.027345 0.591795 0.029298 0.593749 0.033204 0.593749 0.035157 0.595703 0.03711 0.595703 0.039063 0.597657 0.039063 0.595703 0.041016 0.593749 0.041016 0.591795 0.03711 0.591795 0.035157 0.589846 0.033204 0.589846 0.031251 0.587892 0.027345 0.587892 0.025393 0.585938 0.02344 0.585938
0 0.07422 0.716796 0.07422 0.71875 0.072267 0.720704 0.072267 0.724607 0.070314 0.726561 0.070314 0.732423 0.068361 0.734377 0.068361 0.73828 0.066408 0.740234 0.066408 0.744141 0.064455 0.746095 0.064455 0.748049 0.078125 0.748049 0.078125 0.744141 0.080078 0.742188 0.080078 0.734377 0.082031 0.732423 0.082031 0.724607 0.083984 0.722658 0.083984 0.71875 0.076173 0.71875
0 0.298826 0.906252 0.298826 0.916017 0.308596 0.916017 0.310549 0.917971 0.31836 0.917971 0.320313 0.91992 0.320313 0.908202 0.300779 0.908202
0 0.841798 0.5 0.839845 0.501954 0.839845 0.503908 0.837892 0.505857 0.839845 0.505857 0.843751 0.509765 0.845704 0.509765 0.84961 0.513673 0.851563 0.513673 0.853516 0.515627 0.853516 0.513673 0.855468 0.511719 0.855468 0.509765 0.857421 0.507811 0.855468 0.507811 0.853516 0.505857 0.851563 0.505857 0.84961 0.503908 0.847657 0.503908 0.845704 0.501954 0.843751 0.501954
0 0.978515 0.304688 0.978515 0.308595 0.976562 0.310545 0.976562 0.316406 0.974609 0.31836 0.974609 0.320314 0.982421 0.320314 0.982421 0.31836 0.984374 0.316406 0.984374 0.310545 0.986327 0.308595 0.986327 0.306642 0.980468 0.306642
0 0.017576 0.984375 0.017576 0.986328 0.015623 0.988282 0.015623 0.990236 0.01367 0.992185 0.01367 0.996093 0.011717 0.998047 0.011717 1 0.009764 1 0.009764 1 0.011717 1 0.01367 1 0.015623 1 0.017576 1 0.017576 1 0.019529 1 0.019529 1 0.021487 1 0.021487 0.996093 0.02344 0.994139 0.02344 0.992185 0.025393 0.990236 0.025393 0.988282 0.02344 0.988282 0.021487 0.986328 0.019529 0.986328
0 0.220701 0.835936 0.220701 0.85547 0.228518 0.85547 0.228518 0.835936
0 0.884767 0.177733 0.882814 0.179686 0.876955 0.179686 0.875002 0.18164 0.867186 0.18164 0.867186 0.189451 0.869139 0.191405 0.875002 0.191405 0.876955 0.189451 0.884767 0.189451
0 0.01367 0.931639 0.009764 0.935546 0.009764 0.9375 0.003906 0.943357 0.005859 0.945311 0.005859 0.947265 0.007812 0.949219 0.007812 0.951173 0.009764 0.953126 0.011717 0.951173 0.011717 0.949219 0.017576 0.943357 0.017576 0.941408 0.021487 0.9375 0.019529 0.935546 0.017576 0.935546
0 0.937499 0.048828 0.935547 0.050782 0.933594 0.050782 0.931641 0.052736 0.927735 0.052736 0.927735 0.056639 0.929688 0.058593 0.929688 0.064454 0.931641 0.066408 0.931641 0.074219 0.933594 0.076173 0.933594 0.080076 0.935547 0.078127 0.939452 0.078127 0.941405 0.076173 0.945311 0.076173 0.945311 0.074219 0.943358 0.072265 0.943358 0.066408 0.941405 0.064454 0.941405 0.060547 0.939452 0.058593 0.939452 0.052736 0.937499 0.050782
0 0.091796 0.753906 0.091796 0.75586 0.089843 0.757814 0.089843 0.761717 0.08789 0.763671 0.08789 0.765625 0.085937 0.767578 0.085937 0.771486 0.083984 0.773436 0.083984 0.775389 0.08789 0.775389 0.089843 0.777343 0.091796 0.777343 0.093748 0.779297 0.093748 0.777343 0.095701 0.775389 0.095701 0.769532 0.097654 0.767578 0.097654 0.761717 0.099607 0.759768 0.099607 0.757814 0.097654 0.757814 0.095701 0.75586 0.093748 0.75586
0 0.142581 0.560547 0.140623 0.562501 0.134764 0.562501 0.134764 0.58203 0.136717 0.580077 0.140623 0.580077 0.142581 0.578123 0.146486 0.578123 0.146486 0.57422 0.144533 0.572266 0.144533 0.566404 0.142581 0.564455
0 0.781249 0.21875 0.779296 0.220704 0.777343 0.220704 0.77539 0.222658 0.773437 0.222658 0.771484 0.224611 0.769531 0.224611 0.767579 0.226561 0.765626 0.226561 0.763673 0.228515 0.76172 0.228515 0.767579 0.234376 0.769531 0.232422 0.771484 0.232422 0.773437 0.230468 0.77539 0.230468 0.779296 0.226561 0.781249 0.226561 0.783202 0.224611 0.785155 0.224611 0.783202 0.222658 0.783202 0.220704
0 0.751956 0.564455 0.751956 0.566404 0.749998 0.568358 0.749998 0.570312 0.748045 0.572266 0.749998 0.572266 0.751956 0.57422 0.753908 0.57422 0.755861 0.576173 0.757814 0.576173 0.759767 0.578123 0.763673 0.578123 0.765626 0.580077 0.767579 0.580077 0.769531 0.58203 0.771484 0.58203 0.773437 0.583984 0.77539 0.583984 0.777343 0.585938 0.777343 0.58203 0.779296 0.580077 0.779296 0.576173 0.777343 0.576173 0.77539 0.57422 0.771484 0.57422 0.769531 0.572266 0.767579 0.572266 0.765626 0.570312 0.763673 0.570312 0.76172 0.568358 0.757814 0.568358 0.755861 0.566404 0.753908 0.566404
0 0.904295 0.345705 0.904295 0.347654 0.902343 0.349608 0.902343 0.351562 0.90039 0.353516 0.90039 0.357424 0.898437 0.359373 0.898437 0.361327 0.896484 0.363281 0.896484 0.365234 0.894531 0.367188 0.894531 0.369142 0.902343 0.369142 0.904295 0.371096 0.904295 0.369142 0.906248 0.367188 0.906248 0.363281 0.908201 0.361327 0.908201 0.359373 0.910154 0.357424 0.910154 0.353516 0.912107 0.351562 0.912107 0.349608 0.910154 0.349608 0.908201 0.347654 0.906248 0.347654
0 0.689453 0.871092 0.685547 0.875 0.683595 0.875 0.677736 0.880861 0.675783 0.880861 0.67383 0.882811 0.675783 0.882811 0.679689 0.886718 0.685547 0.880861 0.6875 0.880861 0.691406 0.876953 0.691406 0.875 0.689453 0.873046
0 0.730469 0.19922 0.726563 0.203124 0.72461 0.203124 0.718751 0.208985 0.716799 0.208985 0.714846 0.210939 0.716799 0.212893 0.718751 0.212893 0.722657 0.216796 0.728516 0.210939 0.728516 0.208985 0.736327 0.20117 0.732422 0.20117
0 0.445313 0.562501 0.44336 0.564455 0.44336 0.566404 0.441407 0.568358 0.441407 0.570312 0.439454 0.572266 0.439454 0.57422 0.437501 0.576173 0.439454 0.576173 0.44336 0.580077 0.44336 0.578123 0.445313 0.576173 0.445313 0.57422 0.447266 0.572266 0.447266 0.570312 0.449218 0.568358 0.449218 0.566404 0.451171 0.564455 0.447266 0.564455
0 0.347658 0.363281 0.347658 0.367188 0.345706 0.369142 0.345706 0.373045 0.349611 0.373045 0.351564 0.374999 0.35547 0.374999 0.357423 0.376953 0.359376 0.376953 0.361329 0.378907 0.365234 0.378907 0.367187 0.380861 0.367187 0.376953 0.36914 0.374999 0.36914 0.371096 0.365234 0.371096 0.363282 0.369142 0.359376 0.369142 0.357423 0.367188 0.35547 0.367188 0.353517 0.365234 0.349611 0.365234
0 0.958986 0.312499 0.957033 0.314452 0.953123 0.314452 0.953123 0.330079 0.955081 0.328125 0.960939 0.328125 0.960939 0.322268 0.958986 0.320314
0 0.337889 0.173829 0.337889 0.183594 0.335936 0.185548 0.335936 0.193359 0.343748 0.193359 0.343748 0.189451 0.345706 0.187502 0.345706 0.18164 0.347658 0.179686 0.347658 0.175783 0.339842 0.175783
0 0.597658 0.605468 0.597658 0.607422 0.595705 0.609375 0.595705 0.611329 0.593752 0.613283 0.593752 0.615232 0.591799 0.617186 0.591799 0.61914 0.589846 0.621094 0.589846 0.623048 0.593752 0.623048 0.595705 0.625002 0.597658 0.625002 0.599611 0.626951 0.599611 0.625002 0.601563 0.623048 0.601563 0.621094 0.603516 0.61914 0.603516 0.617186 0.605469 0.615232 0.605469 0.613283 0.607422 0.611329 0.605469 0.611329 0.601563 0.607422 0.599611 0.607422
0 0.917971 0.654296 0.914065 0.658204 0.912107 0.658204 0.910154 0.660157 0.910154 0.662111 0.912107 0.664061 0.912107 0.666014 0.914065 0.667968 0.914065 0.671876 0.916018 0.67383 0.916018 0.675779 0.917971 0.67383 0.919924 0.67383 0.921876 0.671876 0.923829 0.671876 0.923829 0.669922 0.921876 0.667968 0.921876 0.664061 0.919924 0.662111 0.919924 0.658204 0.917971 0.65625
0 0.941405 0.359373 0.939452 0.361327 0.939452 0.363281 0.937499 0.365234 0.937499 0.367188 0.935547 0.369142 0.935547 0.371096 0.933594 0.373045 0.939452 0.378907 0.939452 0.376953 0.941405 0.374999 0.941405 0.373045 0.943358 0.371096 0.943358 0.369142 0.945311 0.367188 0.945311 0.365234 0.947264 0.363281 0.945311 0.363281
0 0.242188 0.439454 0.242188 0.441408 0.240235 0.443361 0.240235 0.445311 0.238282 0.447265 0.238282 0.451172 0.236329 0.453126 0.236329 0.45508 0.234376 0.457029 0.234376 0.458983 0.236329 0.458983 0.238282 0.460937 0.240235 0.460937 0.242188 0.462891 0.242188 0.460937 0.244141 0.458983 0.244141 0.457029 0.246093 0.45508 0.246093 0.451172 0.248046 0.449218 0.248046 0.447265 0.249999 0.445311 0.249999 0.443361 0.248046 0.443361 0.246093 0.441408 0.244141 0.441408
0 0.892578 0.527345 0.892578 0.529295 0.890625 0.531249 0.890625 0.533202 0.888672 0.535156 0.890625 0.535156 0.892578 0.53711 0.896484 0.53711 0.898437 0.539064 0.90039 0.539064 0.902343 0.541018 0.902343 0.539064 0.904295 0.53711 0.904295 0.535156 0.902343 0.535156 0.898437 0.531249 0.896484 0.531249
0 0.964845 0.347654 0.964845 0.349608 0.962892 0.351562 0.962892 0.353516 0.960939 0.35547 0.960939 0.357424 0.958986 0.359373 0.958986 0.361327 0.957033 0.363281 0.962892 0.369142 0.964845 0.367188 0.964845 0.365234 0.966798 0.363281 0.966798 0.361327 0.970704 0.357424 0.970704 0.35547 0.972656 0.353516 0.970704 0.351562 0.968751 0.351562
0 0.998049 0.314452 0.996096 0.316406 0.996096 0.31836 0.994138 0.320314 0.994138 0.322268 0.992185 0.324217 0.992185 0.326171 0.990232 0.328125 0.992185 0.328125 0.994138 0.330079 0.996096 0.330079 0.998049 0.332033 0.998049 0.330079 1 0.328125 1 0.324217 1 0.322268 1 0.320314 1 0.31836 1 0.316406 1 0.316406
0 0.603516 0.496093 0.603516 0.5 0.601563 0.501954 0.601563 0.505857 0.603516 0.505857 0.605469 0.507811 0.609375 0.507811 0.611328 0.509765 0.613281 0.509765 0.615234 0.511719 0.619139 0.511719 0.621092 0.513673 0.623045 0.513673 0.624998 0.515627 0.624998 0.509765 0.626951 0.507811 0.626951 0.501954 0.621092 0.501954 0.619139 0.5 0.613281 0.5 0.611328 0.498047 0.605469 0.498047
0 0.791013 0.91992 0.78906 0.921874 0.781249 0.921874 0.781249 0.923828 0.783202 0.925782 0.783202 0.929689 0.785155 0.931639 0.785155 0.9375 0.787107 0.939454 0.787107 0.941408 0.78906 0.939454 0.794924 0.939454 0.794924 0.935546 0.792971 0.933593 0.792971 0.925782 0.791013 0.923828
0 0.71094 0.296877 0.71094 0.302734 0.708982 0.304688 0.708982 0.314452 0.707029 0.316406 0.707029 0.320314 0.714846 0.320314 0.716799 0.322268 0.716799 0.312499 0.718751 0.310545 0.718751 0.30078 0.716799 0.30078 0.714846 0.298826 0.712893 0.298826
0 0.974609 0.380861 0.974609 0.382815 0.972656 0.384764 0.972656 0.390625 0.970704 0.392579 0.970704 0.396482 0.968751 0.398436 0.968751 0.40039 0.974609 0.40039 0.976562 0.402344 0.976562 0.394533 0.978515 0.392579 0.978515 0.384764
0 0.98828 0.306642 0.98828 0.308595 0.986327 0.310545 0.986327 0.316406 0.984374 0.31836 0.984374 0.320314 0.982421 0.322268 0.982421 0.324217 0.984374 0.324217 0.98828 0.328125 0.98828 0.326171 0.990232 0.324217 0.990232 0.322268 0.992185 0.320314 0.992185 0.31836 0.994138 0.316406 0.994138 0.314452 0.996096 0.312499 0.996096 0.310545 0.994138 0.310545 0.992185 0.308595 0.990232 0.308595
0 0.958986 0.371096 0.957033 0.373045 0.957033 0.374999 0.95117 0.380861 0.95117 0.382815 0.949217 0.384764 0.95117 0.386718 0.95117 0.388672 0.953123 0.390625 0.955081 0.388672 0.955081 0.386718 0.960939 0.380861 0.960939 0.378907 0.964845 0.374999 0.962892 0.374999
0 0.312502 0.679687 0.308596 0.683595 0.306643 0.683595 0.31836 0.695313 0.322266 0.691405 0.316407 0.685548 0.316407 0.683595
0 0.083984 0.777343 0.082031 0.779297 0.082031 0.781251 0.080078 0.783205 0.080078 0.785154 0.078125 0.787108 0.078125 0.789062 0.076173 0.791016 0.078125 0.791016 0.082031 0.794923 0.083984 0.794923 0.085937 0.796877 0.085937 0.794923 0.08789 0.79297 0.08789 0.789062 0.089843 0.787108 0.089843 0.785154 0.091796 0.783205 0.091796 0.781251 0.089843 0.781251 0.08789 0.779297 0.085937 0.779297
0 0.880861 0.228515 0.878908 0.230468 0.876955 0.230468 0.875002 0.232422 0.873049 0.232422 0.878908 0.238279 0.878908 0.240233 0.884767 0.246095 0.890625 0.240233 0.884767 0.234376 0.884767 0.232422
0 0.089843 0.158203 0.089843 0.164065 0.08789 0.166014 0.08789 0.169922 0.097654 0.169922 0.099607 0.171876 0.107424 0.171876 0.109377 0.173829 0.109377 0.164065 0.105471 0.164065 0.103518 0.162111 0.097654 0.162111 0.095701 0.160157 0.091796 0.160157
0 0.941405 0.339843 0.939452 0.341797 0.939452 0.343751 0.937499 0.345705 0.937499 0.347654 0.933594 0.351562 0.933594 0.353516 0.931641 0.35547 0.937499 0.35547 0.941405 0.351562 0.941405 0.349608 0.945311 0.345705 0.945311 0.343751 0.947264 0.341797 0.943358 0.341797
0 0.353517 0.498047 0.353517 0.5 0.351564 0.501954 0.351564 0.503908 0.349611 0.505857 0.349611 0.507811 0.357423 0.507811 0.359376 0.509765 0.365234 0.509765 0.367187 0.511719 0.367187 0.509765 0.36914 0.507811 0.36914 0.505857 0.371093 0.503908 0.367187 0.503908 0.365234 0.501954 0.361329 0.501954 0.359376 0.5 0.35547 0.5
0 0.998049 0.394533 0.998049 0.412109 1 0.412109 1 0.394533
0 0.646485 0.41992 0.646485 0.423827 0.644532 0.425781 0.644532 0.427735 0.646485 0.427735 0.650391 0.431643 0.652343 0.431643 0.656249 0.435546 0.658202 0.435546 0.662108 0.439454 0.664061 0.439454 0.667966 0.443361 0.667966 0.439454 0.669924 0.4375 0.669924 0.433592 0.667966 0.433592 0.664061 0.429689 0.662108 0.429689 0.660155 0.427735 0.658202 0.427735 0.656249 0.425781 0.654296 0.425781 0.650391 0.421874 0.648438 0.421874
0 0.374999 0.531249 0.373046 0.533202 0.373046 0.535156 0.371093 0.53711 0.371093 0.539064 0.367187 0.542967 0.367187 0.544921 0.365234 0.546875 0.367187 0.548829 0.36914 0.548829 0.373046 0.552736 0.374999 0.550782 0.374999 0.548829 0.376952 0.546875 0.376952 0.544921 0.378905 0.542967 0.378905 0.541018 0.380857 0.539064 0.380857 0.53711 0.38281 0.535156 0.380857 0.535156 0.378905 0.533202 0.376952 0.533202
0 0.751956 0.478517 0.751956 0.480471 0.749998 0.48242 0.749998 0.484374 0.748045 0.486328 0.749998 0.486328 0.751956 0.488282 0.753908 0.488282 0.757814 0.49219 0.759767 0.49219 0.76172 0.494139 0.763673 0.494139 0.765626 0.496093 0.767579 0.494139 0.767579 0.49219 0.769531 0.490236 0.769531 0.488282 0.771484 0.486328 0.767579 0.486328 0.765626 0.484374 0.763673 0.484374 0.76172 0.48242 0.757814 0.48242 0.755861 0.480471 0.753908 0.480471
0 0.783202 0.101564 0.781249 0.103513 0.777343 0.103513 0.77539 0.105467 0.771484 0.105467 0.769531 0.107421 0.763673 0.107421 0.76172 0.109375 0.757814 0.109375 0.759767 0.111329 0.759767 0.113283 0.76172 0.115236 0.76172 0.117186 0.763673 0.11914 0.765626 0.117186 0.769531 0.117186 0.771484 0.115236 0.77539 0.115236 0.777343 0.113283 0.781249 0.113283 0.783202 0.111329 0.787107 0.111329 0.787107 0.109375 0.785155 0.107421 0.785155 0.105467 0.783202 0.103513
0 0.144533 0.826171 0.140623 0.830079 0.13867 0.830079 0.140623 0.830079 0.142581 0.832033 0.144533 0.832033 0.146486 0.833982 0.148439 0.833982 0.150392 0.835936 0.152345 0.835936 0.154298 0.83789 0.156251 0.835936 0.156251 0.833982 0.158204 0.832033 0.156251 0.832033 0.154298 0.830079 0.150392 0.830079 0.148439 0.828125 0.146486 0.828125
0 0.755861 0.208985 0.753908 0.210939 0.749998 0.210939 0.748045 0.212893 0.746092 0.212893 0.744139 0.214842 0.740233 0.214842 0.740233 0.224611 0.742186 0.222658 0.744139 0.222658 0.746092 0.220704 0.748045 0.220704 0.749998 0.21875 0.753908 0.21875 0.755861 0.216796 0.757814 0.216796 0.757814 0.214842 0.755861 0.212893
0 0.808594 0.626951 0.802736 0.632812 0.804688 0.632812 0.806641 0.634766 0.810547 0.634766 0.8125 0.63672 0.814453 0.63672 0.816406 0.638674 0.818359 0.638674 0.820311 0.640623 0.82617 0.634766 0.824217 0.634766 0.822264 0.632812 0.818359 0.632812 0.816406 0.630859 0.814453 0.630859 0.8125 0.628905 0.810547 0.628905
0 0.82617 0.931639 0.824217 0.933593 0.818359 0.933593 0.818359 0.9375 0.820311 0.939454 0.820311 0.947265 0.822264 0.949219 0.822264 0.953126 0.830076 0.953126 0.830076 0.949219 0.828123 0.947265 0.828123 0.9375 0.82617 0.935546
0 0.583982 0.123047 0.58203 0.125001 0.578124 0.125001 0.576171 0.126955 0.570312 0.126955 0.568359 0.128904 0.564454 0.128904 0.564454 0.13672 0.566406 0.134766 0.570312 0.134766 0.572265 0.132812 0.574218 0.132812 0.576171 0.130858 0.580077 0.130858 0.58203 0.128904 0.585935 0.128904 0.585935 0.126955 0.583982 0.125001
0 0.906248 0.039063 0.904295 0.041017 0.90039 0.041017 0.898437 0.042967 0.894531 0.042967 0.892578 0.04492 0.888672 0.04492 0.88672 0.046874 0.882814 0.046874 0.882814 0.050782 0.884767 0.052736 0.884767 0.058593 0.88672 0.056639 0.890625 0.056639 0.892578 0.05469 0.894531 0.05469 0.896484 0.052736 0.90039 0.052736 0.902343 0.050782 0.904295 0.050782 0.906248 0.048828 0.910154 0.048828 0.910154 0.046874 0.908201 0.04492 0.908201 0.042967 0.906248 0.041017
0 0.58203 0.597657 0.58203 0.599611 0.580077 0.601565 0.580077 0.603514 0.578124 0.605468 0.578124 0.607422 0.576171 0.609375 0.576171 0.611329 0.574218 0.613283 0.574218 0.615232 0.578124 0.615232 0.580077 0.617186 0.58203 0.617186 0.583982 0.61914 0.585935 0.617186 0.585935 0.615232 0.587888 0.613283 0.587888 0.611329 0.589846 0.609375 0.589846 0.607422 0.591799 0.605468 0.591799 0.603514 0.593752 0.601565 0.589846 0.601565 0.587888 0.599611 0.583982 0.599611
0 0.197266 0.498047 0.197266 0.5 0.195313 0.501954 0.195313 0.505857 0.193361 0.507811 0.193361 0.511719 0.191408 0.513673 0.191408 0.517576 0.189455 0.51953 0.189455 0.521484 0.197266 0.521484 0.197266 0.51953 0.199219 0.517576 0.199219 0.513673 0.201172 0.511719 0.201172 0.509765 0.203125 0.507811 0.203125 0.503908 0.205078 0.501954 0.205078 0.5 0.199219 0.5
0 0.650391 0.923828 0.646485 0.927736 0.644532 0.927736 0.644532 0.935546 0.646485 0.9375 0.646485 0.945311 0.648438 0.943357 0.650391 0.943357 0.652343 0.941408 0.654296 0.941408 0.654296 0.9375 0.652343 0.935546 0.652343 0.929689 0.650391 0.927736
0 0.675783 0.048828 0.67383 0.050782 0.671877 0.050782 0.669924 0.052736 0.667966 0.052736 0.666014 0.05469 0.662108 0.05469 0.660155 0.056639 0.658202 0.056639 0.658202 0.058593 0.660155 0.060547 0.660155 0.062501 0.662108 0.060547 0.666014 0.060547 0.667966 0.058593 0.671877 0.058593 0.67383 0.056639 0.675783 0.056639 0.677736 0.05469 0.675783 0.052736
0 0.41992 0.531249 0.41992 0.533202 0.417967 0.535156 0.417967 0.53711 0.41992 0.53711 0.421873 0.539064 0.423826 0.539064 0.425779 0.541018 0.427737 0.541018 0.42969 0.542967 0.431642 0.542967 0.433595 0.544921 0.433595 0.53711 0.431642 0.53711 0.42969 0.535156 0.425779 0.535156 0.423826 0.533202 0.421873 0.533202
0 0.578124 0.828125 0.578124 0.832033 0.580077 0.833982 0.580077 0.841798 0.58203 0.843752 0.58203 0.847655 0.583982 0.845701 0.589846 0.845701 0.589846 0.828125
0 0.767579 0.214842 0.765626 0.216796 0.763673 0.216796 0.76172 0.21875 0.759767 0.21875 0.757814 0.220704 0.753908 0.220704 0.751956 0.222658 0.749998 0.222658 0.749998 0.224611 0.751956 0.226561 0.751956 0.228515 0.753908 0.226561 0.755861 0.226561 0.757814 0.224611 0.759767 0.224611 0.763673 0.220704 0.765626 0.220704 0.767579 0.21875 0.769531 0.21875 0.767579 0.216796
0 0.839845 0.132812 0.837892 0.134766 0.833987 0.134766 0.832029 0.13672 0.82617 0.13672 0.824217 0.138674 0.820311 0.138674 0.822264 0.140623 0.822264 0.142577 0.824217 0.144531 0.824217 0.146485 0.82617 0.144531 0.832029 0.144531 0.833987 0.142577 0.837892 0.142577 0.839845 0.140623 0.845704 0.140623 0.841798 0.13672 0.841798 0.134766
0 0.914065 0.330079 0.912107 0.332033 0.912107 0.333986 0.906248 0.339843 0.906248 0.341797 0.904295 0.343751 0.906248 0.343751 0.910154 0.347654 0.912107 0.347654 0.914065 0.349608 0.916018 0.347654 0.916018 0.345705 0.917971 0.343751 0.917971 0.341797 0.919924 0.339843 0.919924 0.33789 0.921876 0.335936 0.919924 0.333986 0.917971 0.333986
0 0.501951 0.08203 0.499998 0.083984 0.496093 0.083984 0.49414 0.085938 0.488281 0.085938 0.486328 0.087892 0.482422 0.087892 0.482422 0.089845 0.484375 0.091795 0.484375 0.095703 0.486328 0.093749 0.492187 0.093749 0.49414 0.091795 0.498046 0.091795 0.499998 0.089845 0.505857 0.089845 0.503904 0.087892 0.503904 0.085938 0.501951 0.083984
0 0.86328 0.654296 0.86328 0.65625 0.861327 0.658204 0.861327 0.660157 0.86328 0.660157 0.865233 0.662111 0.867186 0.662111 0.869139 0.664061 0.871091 0.664061 0.873049 0.666014 0.875002 0.666014 0.876955 0.667968 0.878908 0.667968 0.880861 0.669922 0.880861 0.666014 0.882814 0.664061 0.882814 0.660157 0.878908 0.660157 0.876955 0.658204 0.871091 0.658204 0.869139 0.65625 0.865233 0.65625
0 0.349611 0.521484 0.349611 0.523438 0.347658 0.525391 0.347658 0.527345 0.345706 0.529295 0.345706 0.533202 0.343748 0.535156 0.343748 0.53711 0.341795 0.539064 0.341795 0.541018 0.343748 0.541018 0.345706 0.542967 0.347658 0.542967 0.349611 0.544921 0.349611 0.542967 0.351564 0.541018 0.351564 0.53711 0.353517 0.535156 0.353517 0.533202 0.35547 0.531249 0.35547 0.527345 0.357423 0.525391 0.357423 0.523438 0.351564 0.523438
0 0.468752 0.066408 0.466799 0.068358 0.460936 0.068358 0.458983 0.070312 0.451171 0.070312 0.453124 0.072265 0.453124 0.074219 0.455077 0.076173 0.455077 0.078127 0.45703 0.076173 0.462889 0.076173 0.464841 0.074219 0.472658 0.074219 0.470705 0.072265 0.470705 0.070312 0.468752 0.068358
0 0.134764 0.707032 0.134764 0.708986 0.132811 0.710939 0.132811 0.712889 0.130858 0.714843 0.130858 0.716796 0.128905 0.71875 0.128905 0.720704 0.126952 0.722658 0.128905 0.722658 0.130858 0.724607 0.132811 0.724607 0.134764 0.726561 0.134764 0.724607 0.136717 0.722658 0.136717 0.720704 0.13867 0.71875 0.13867 0.716796 0.140623 0.714843 0.140623 0.712889 0.142581 0.710939 0.140623 0.710939 0.13867 0.708986 0.136717 0.708986
0 0.916018 0.982421 0.916018 0.984375 0.914065 0.986328 0.914065 0.988282 0.912107 0.990236 0.914065 0.990236 0.916018 0.992185 0.917971 0.992185 0.919924 0.994139 0.923829 0.994139 0.925782 0.996093 0.927735 0.996093 0.929688 0.998047 0.931641 0.998047 0.933594 1 0.933594 0.998047 0.935547 0.996093 0.935547 0.994139 0.937499 0.992185 0.937499 0.990236 0.933594 0.990236 0.931641 0.988282 0.927735 0.988282 0.925782 0.986328 0.923829 0.986328 0.921876 0.984375 0.917971 0.984375
0 0.476564 0.18164 0.474611 0.183594 0.472658 0.183594 0.470705 0.185548 0.468752 0.185548 0.466799 0.187502 0.464841 0.187502 0.462889 0.189451 0.460936 0.189451 0.460936 0.191405 0.462889 0.193359 0.462889 0.195313 0.464841 0.197267 0.464841 0.19922 0.468752 0.195313 0.470705 0.195313 0.474611 0.191405 0.476564 0.191405 0.48047 0.187502 0.482422 0.187502
0 0.958986 0.578123 0.958986 0.580077 0.957033 0.58203 0.957033 0.583984 0.955081 0.585938 0.955081 0.587892 0.957033 0.587892 0.958986 0.589846 0.960939 0.589846 0.964845 0.593749 0.966798 0.593749 0.968751 0.595703 0.970704 0.595703 0.972656 0.597657 0.972656 0.593749 0.974609 0.591795 0.974609 0.587892 0.972656 0.587892 0.968751 0.583984 0.966798 0.583984 0.962892 0.580077 0.960939 0.580077
0 0.376952 0.511719 0.376952 0.515627 0.374999 0.517576 0.374999 0.521484 0.376952 0.521484 0.378905 0.523438 0.38281 0.523438 0.384763 0.525391 0.386721 0.525391 0.388674 0.527345 0.388674 0.525391 0.390627 0.523438 0.390627 0.521484 0.39258 0.51953 0.39258 0.517576 0.388674 0.517576 0.386721 0.515627 0.384763 0.515627 0.38281 0.513673 0.378905 0.513673
0 0.527344 0.587892 0.525391 0.589846 0.525391 0.591795 0.523438 0.593749 0.523438 0.595703 0.521485 0.597657 0.523438 0.599611 0.525391 0.599611 0.529297 0.603514 0.53125 0.603514 0.535155 0.607422 0.537108 0.607422 0.541014 0.611329 0.542967 0.609375 0.542967 0.607422 0.54492 0.605468 0.54492 0.603514 0.546873 0.601565 0.54492 0.599611 0.542967 0.599611 0.539061 0.595703 0.537108 0.595703 0.533202 0.591795 0.53125 0.591795
0 0.939452 0.572266 0.939452 0.57422 0.937499 0.576173 0.937499 0.578123 0.939452 0.578123 0.941405 0.580077 0.943358 0.580077 0.945311 0.58203 0.947264 0.58203 0.949217 0.583984 0.95117 0.58203 0.95117 0.580077 0.953123 0.578123 0.95117 0.578123 0.949217 0.576173 0.945311 0.576173 0.943358 0.57422 0.941405 0.57422
0 0.640626 0.943357 0.640626 0.945311 0.638673 0.947265 0.638673 0.951173 0.63672 0.953126 0.63672 0.95508 0.634767 0.95703 0.634767 0.958984 0.63672 0.960937 0.638673 0.960937 0.642579 0.964845 0.642579 0.962891 0.644532 0.960937 0.644532 0.958984 0.646485 0.95703 0.646485 0.95508 0.648438 0.953126 0.648438 0.951173 0.650391 0.949219 0.648438 0.949219 0.644532 0.945311 0.642579 0.945311
0 0.048827 0.853516 0.048827 0.85547 0.046874 0.857424 0.046874 0.861327 0.044921 0.863281 0.044921 0.867189 0.042968 0.869143 0.042968 0.871092 0.048827 0.871092 0.05078 0.873046 0.05078 0.871092 0.052733 0.869143 0.052733 0.865235 0.054686 0.863281 0.054686 0.859373 0.056639 0.857424 0.056639 0.85547 0.05078 0.85547
0 0.839845 0.253906 0.833987 0.259767 0.832029 0.259767 0.830076 0.261717 0.837892 0.269532 0.839845 0.269532 0.851563 0.281251 0.855468 0.277343 0.855468 0.275389 0.859374 0.271486 0.851563 0.26367 0.84961 0.26367
0 0.539061 0.212893 0.539061 0.214842 0.537108 0.216796 0.537108 0.21875 0.535155 0.220704 0.535155 0.222658 0.533202 0.224611 0.533202 0.226561 0.535155 0.226561 0.537108 0.228515 0.539061 0.228515 0.541014 0.230468 0.541014 0.228515 0.542967 0.226561 0.542967 0.224611 0.54492 0.222658 0.54492 0.220704 0.546873 0.21875 0.546873 0.216796 0.54492 0.216796 0.542967 0.214842 0.541014 0.214842
0 0.535155 0.095703 0.53125 0.09961 0.529297 0.09961 0.523438 0.105467 0.521485 0.105467 0.519532 0.107421 0.521485 0.109375 0.523438 0.109375 0.527344 0.113283 0.533202 0.107421 0.535155 0.107421 0.539061 0.103513 0.537108 0.101564 0.537108 0.09961 0.535155 0.097656
0 0.638673 0.906252 0.638673 0.908202 0.63672 0.910155 0.63672 0.912109 0.634767 0.914063 0.634767 0.916017 0.632815 0.917971 0.632815 0.91992 0.630862 0.921874 0.630862 0.923828 0.634767 0.923828 0.63672 0.925782 0.638673 0.925782 0.640626 0.927736 0.640626 0.925782 0.642579 0.923828 0.642579 0.91992 0.644532 0.917971 0.644532 0.914063 0.646485 0.912109 0.646485 0.910155 0.644532 0.910155 0.642579 0.908202 0.640626 0.908202
0 0.058592 0.824218 0.058592 0.832033 0.056639 0.833982 0.056639 0.841798 0.064455 0.841798 0.066408 0.843752 0.066408 0.839844 0.068361 0.83789 0.068361 0.830079 0.070314 0.828125 0.070314 0.824218
0 0.560548 0 0.558595 0.001954 0.546873 0.001954 0.546873 0.007811 0.548831 0.005862 0.554689 0.005862 0.556642 0.003908 0.562501 0.003908 0.560548 0.001954
0 0.36914 0.083984 0.36914 0.087892 0.367187 0.089845 0.367187 0.09961 0.365234 0.101564 0.365234 0.105467 0.374999 0.105467 0.374999 0.101564 0.376952 0.09961 0.376952 0.093749 0.378905 0.091795 0.378905 0.087892 0.374999 0.087892 0.373046 0.085938 0.371093 0.085938
0 0.462889 0.312499 0.460936 0.314452 0.460936 0.316406 0.458983 0.31836 0.460936 0.31836 0.462889 0.320314 0.464841 0.320314 0.466799 0.322268 0.468752 0.322268 0.470705 0.324217 0.472658 0.324217 0.474611 0.326171 0.476564 0.326171 0.478517 0.328125 0.478517 0.324217 0.48047 0.322268 0.48047 0.320314 0.478517 0.320314 0.476564 0.31836 0.472658 0.31836 0.470705 0.316406 0.468752 0.316406 0.466799 0.314452 0.464841 0.314452
0 0.685547 0.173829 0.683595 0.175783 0.677736 0.175783 0.675783 0.177733 0.669924 0.177733 0.667966 0.179686 0.662108 0.179686 0.662108 0.187502 0.664061 0.185548 0.67383 0.185548 0.675783 0.183594 0.6875 0.183594 0.6875 0.179686 0.685547 0.177733
0 0.05078 0.603514 0.05078 0.605468 0.048827 0.607422 0.048827 0.609375 0.05078 0.609375 0.052733 0.611329 0.054686 0.611329 0.056639 0.613283 0.058592 0.613283 0.060544 0.615232 0.062502 0.615232 0.064455 0.617186 0.066408 0.615232 0.066408 0.613283 0.068361 0.611329 0.066408 0.611329 0.064455 0.609375 0.060544 0.609375 0.058592 0.607422 0.056639 0.607422 0.054686 0.605468 0.052733 0.605468
0 0.039063 0.966799 0.039063 0.97461 0.042968 0.97461 0.044921 0.976564 0.046874 0.976564 0.048827 0.978518 0.052733 0.978518 0.054686 0.980467 0.056639 0.980467 0.058592 0.982421 0.058592 0.980467 0.060544 0.978518 0.060544 0.976564 0.058592 0.976564 0.056639 0.97461 0.054686 0.97461 0.052733 0.972656 0.048827 0.972656 0.046874 0.970702 0.044921 0.970702 0.042968 0.968748 0.041016 0.968748
0 0.568359 0.005862 0.566406 0.007811 0.554689 0.007811 0.556642 0.009765 0.556642 0.011719 0.558595 0.013672 0.560548 0.011719 0.564454 0.011719 0.566406 0.009765 0.572265 0.009765
0 0.76172 0.511719 0.759767 0.513673 0.757814 0.513673 0.755861 0.515627 0.753908 0.515627 0.755861 0.517576 0.755861 0.51953 0.757814 0.521484 0.757814 0.523438 0.76172 0.527345 0.76172 0.529295 0.763673 0.531249 0.763673 0.533202 0.765626 0.535156 0.767579 0.533202 0.769531 0.533202 0.771484 0.531249 0.773437 0.531249 0.771484 0.529295 0.771484 0.527345 0.769531 0.525391 0.769531 0.523438 0.765626 0.51953 0.765626 0.517576 0.763673 0.515627 0.763673 0.513673
0 0.794924 0.111329 0.792971 0.113283 0.78906 0.113283 0.787107 0.115236 0.785155 0.115236 0.783202 0.117186 0.779296 0.117186 0.779296 0.11914 0.781249 0.121094 0.781249 0.123047 0.783202 0.125001 0.783202 0.126955 0.785155 0.125001 0.787107 0.125001 0.78906 0.123047 0.791013 0.123047 0.794924 0.11914 0.796877 0.11914 0.79883 0.117186 0.800783 0.117186
0 0.587888 0.234376 0.587888 0.23633 0.585935 0.238279 0.585935 0.240233 0.583982 0.242187 0.583982 0.244141 0.58203 0.246095 0.58203 0.248049 0.580077 0.249998 0.58203 0.249998 0.585935 0.253906 0.587888 0.253906 0.589846 0.255859 0.589846 0.253906 0.591799 0.251952 0.591799 0.248049 0.593752 0.246095 0.593752 0.242187 0.595705 0.240233 0.595705 0.238279 0.593752 0.238279 0.591799 0.23633 0.589846 0.23633
0 0.966798 0.374999 0.966798 0.376953 0.964845 0.378907 0.964845 0.380861 0.962892 0.382815 0.962892 0.384764 0.960939 0.386718 0.960939 0.388672 0.958986 0.390625 0.958986 0.392579 0.966798 0.392579 0.968751 0.394533 0.968751 0.386718 0.970704 0.384764 0.970704 0.378907
0 0.957033 0.347654 0.955081 0.349608 0.955081 0.351562 0.95117 0.35547 0.95117 0.357424 0.949217 0.359373 0.95117 0.361327 0.957033 0.361327 0.957033 0.359373 0.958986 0.357424 0.958986 0.35547 0.960939 0.353516 0.960939 0.351562
0 0.226565 0.521484 0.226565 0.525391 0.224612 0.527345 0.224612 0.533202 0.222654 0.535156 0.222654 0.539064 0.228518 0.539064 0.23047 0.541018 0.23047 0.539064 0.232423 0.53711 0.232423 0.533202 0.234376 0.531249 0.234376 0.529295 0.236329 0.527345 0.236329 0.525391 0.232423 0.525391 0.23047 0.523438 0.228518 0.523438
0 0.955081 0.363281 0.949217 0.369142 0.949217 0.371096 0.941405 0.378907 0.943358 0.378907 0.947264 0.382815 0.949217 0.380861 0.949217 0.378907 0.955081 0.373045 0.955081 0.371096 0.958986 0.367188
0 0.748045 0.580077 0.744139 0.583984 0.742186 0.583984 0.742186 0.585938 0.744139 0.587892 0.744139 0.589846 0.746092 0.591795 0.746092 0.595703 0.748045 0.597657 0.748045 0.599611 0.749998 0.597657 0.751956 0.597657 0.753908 0.595703 0.757814 0.595703 0.755861 0.593749 0.755861 0.591795 0.751956 0.587892 0.751956 0.585938 0.749998 0.583984 0.749998 0.58203
0 0.478517 0.982421 0.478517 0.984375 0.476564 0.986328 0.476564 0.988282 0.474611 0.990236 0.476564 0.990236 0.478517 0.992185 0.48047 0.992185 0.482422 0.994139 0.484375 0.994139 0.486328 0.996093 0.488281 0.996093 0.490234 0.998047 0.490234 0.996093 0.492187 0.994139 0.492187 0.992185 0.49414 0.990236 0.492187 0.990236 0.490234 0.988282 0.488281 0.988282 0.486328 0.986328 0.484375 0.986328 0.482422 0.984375 0.48047 0.984375
0 0.994138 0.369142 0.994138 0.371096 0.992185 0.373045 0.992185 0.376953 0.990232 0.378907 0.990232 0.380861 0.98828 0.382815 0.98828 0.384764 0.992185 0.384764 0.994138 0.386718 0.994138 0.384764 0.996096 0.382815 0.996096 0.380861 0.998049 0.378907 0.998049 0.376953 1 0.374999 1 0.373045 0.998049 0.373045
0 0.667966 0.281251 0.664061 0.285158 0.662108 0.285158 0.662108 0.287108 0.664061 0.289061 0.664061 0.294923 0.666014 0.296877 0.666014 0.30078 0.667966 0.298826 0.671877 0.298826 0.671877 0.294923 0.669924 0.292969 0.669924 0.287108 0.667966 0.285158
0 0.445313 0.167968 0.44336 0.169922 0.441407 0.169922 0.437501 0.173829 0.435548 0.173829 0.433595 0.175783 0.431642 0.175783 0.433595 0.177733 0.433595 0.179686 0.435548 0.18164 0.439454 0.177733 0.441407 0.177733 0.445313 0.173829 0.447266 0.173829 0.449218 0.171876
0 0.433595 0.558593 0.433595 0.560547 0.431642 0.562501 0.431642 0.564455 0.42969 0.566404 0.42969 0.568358 0.427737 0.570312 0.427737 0.572266 0.425779 0.57422 0.42969 0.57422 0.431642 0.576173 0.433595 0.576173 0.435548 0.578123 0.435548 0.576173 0.437501 0.57422 0.437501 0.572266 0.439454 0.570312 0.439454 0.568358 0.441407 0.566404 0.441407 0.564455 0.44336 0.562501 0.439454 0.562501 0.437501 0.560547 0.435548 0.560547
0 0.640626 0.884764 0.640626 0.906252 0.648438 0.906252 0.650391 0.908202 0.650391 0.884764
0 0.95117 0.312499 0.949217 0.314452 0.945311 0.314452 0.945311 0.332033 0.947264 0.330079 0.95117 0.330079
0 0.095701 0.648439 0.093748 0.650393 0.089843 0.650393 0.089843 0.669922 0.095701 0.669922
0 0.26758 0.685548 0.26758 0.687498 0.265627 0.689452 0.265627 0.691405 0.263669 0.693359 0.26758 0.693359 0.269533 0.695313 0.273439 0.695313 0.275392 0.697267 0.279297 0.697267 0.28125 0.699221 0.28125 0.697267 0.283203 0.695313 0.283203 0.693359 0.285156 0.691405 0.28125 0.691405 0.279297 0.689452 0.275392 0.689452 0.273439 0.687498 0.269533 0.687498
0 0.800783 0.228515 0.796877 0.232422 0.794924 0.232422 0.791013 0.23633 0.78906 0.23633 0.785155 0.240233 0.783202 0.240233 0.787107 0.244141 0.787107 0.246095 0.78906 0.248049 0.791013 0.246095 0.792971 0.246095 0.794924 0.244141 0.796877 0.244141 0.800783 0.240233 0.802736 0.240233 0.804688 0.238279 0.806641 0.238279 0.804688 0.23633 0.804688 0.234376 0.802736 0.232422 0.802736 0.230468
0 0.269533 0.238279 0.269533 0.240233 0.26758 0.242187 0.26758 0.244141 0.265627 0.246095 0.265627 0.248049 0.26758 0.248049 0.269533 0.249998 0.273439 0.249998 0.275392 0.251952 0.277345 0.251952 0.279297 0.253906 0.283203 0.253906 0.285156 0.255859 0.287109 0.255859 0.289062 0.257813 0.289062 0.255859 0.291015 0.253906 0.291015 0.251952 0.292968 0.249998 0.292968 0.248049 0.291015 0.248049 0.289062 0.246095 0.285156 0.246095 0.283203 0.244141 0.28125 0.244141 0.279297 0.242187 0.275392 0.242187 0.273439 0.240233 0.271486 0.240233
0 0.830076 0.634766 0.828123 0.63672 0.828123 0.638674 0.82617 0.640623 0.830076 0.640623 0.832029 0.642577 0.83594 0.642577 0.837892 0.644531 0.841798 0.644531 0.843751 0.646485 0.845704 0.644531 0.845704 0.642577 0.847657 0.640623 0.843751 0.640623 0.841798 0.638674 0.837892 0.638674 0.83594 0.63672 0.832029 0.63672
0 0.099607 0.734377 0.099607 0.736326 0.097654 0.73828 0.097654 0.742188 0.095701 0.744141 0.095701 0.746095 0.093748 0.748049 0.093748 0.749998 0.095701 0.749998 0.097654 0.751952 0.099607 0.751952 0.101565 0.753906 0.101565 0.749998 0.103518 0.748049 0.103518 0.742188 0.105471 0.740234 0.105471 0.736326 0.101565 0.736326
0 0.621092 0.931639 0.621092 0.935546 0.619139 0.9375 0.619139 0.945311 0.617186 0.947265 0.617186 0.951173 0.624998 0.951173 0.626951 0.953126 0.626951 0.951173 0.628904 0.949219 0.628904 0.943357 0.630862 0.941408 0.630862 0.9375 0.632815 0.935546 0.632815 0.933593 0.623045 0.933593
0 0.117188 0.695313 0.117188 0.697267 0.115235 0.699221 0.115235 0.70117 0.113282 0.703124 0.113282 0.707032 0.111329 0.708986 0.111329 0.710939 0.109377 0.712889 0.109377 0.714843 0.115235 0.714843 0.117188 0.716796 0.117188 0.714843 0.119141 0.712889 0.119141 0.710939 0.121094 0.708986 0.121094 0.707032 0.123047 0.705078 0.123047 0.703124 0.125 0.70117 0.125 0.699221 0.123047 0.699221 0.121094 0.697267 0.119141 0.697267
0 0.408203 0.548829 0.408203 0.550782 0.40625 0.552736 0.40625 0.556639 0.404297 0.558593 0.404297 0.560547 0.402344 0.562501 0.402344 0.564455 0.40625 0.564455 0.408203 0.566404 0.410156 0.564455 0.410156 0.562501 0.412109 0.560547 0.412109 0.558593 0.414062 0.556639 0.414062 0.554686 0.416014 0.552736 0.414062 0.552736 0.412109 0.550782 0.410156 0.550782
0 0.277345 0.70117 0.275392 0.703124 0.259764 0.703124 0.259764 0.705078 0.261716 0.707032 0.261716 0.708986 0.263669 0.707032 0.277345 0.707032
0 0.072267 0.796877 0.072267 0.798827 0.070314 0.80078 0.070314 0.804688 0.068361 0.806642 0.068361 0.808596 0.066408 0.810545 0.066408 0.814453 0.064455 0.816407 0.064455 0.818361 0.068361 0.818361 0.070314 0.820314 0.072267 0.820314 0.07422 0.822264 0.07422 0.820314 0.076173 0.818361 0.076173 0.812499 0.078125 0.810545 0.078125 0.804688 0.080078 0.802734 0.080078 0.80078 0.078125 0.80078 0.076173 0.798827 0.07422 0.798827
0 0.251952 0.867189 0.249999 0.869143 0.244141 0.869143 0.244141 0.878907 0.242188 0.880861 0.242188 0.890626 0.244141 0.888672 0.246093 0.888672 0.249999 0.884764 0.251952 0.884764
0 0.740233 0.904298 0.73828 0.906252 0.73828 0.908202 0.736327 0.910155 0.736327 0.912109 0.734375 0.914063 0.740233 0.91992 0.742186 0.91992 0.751956 0.929689 0.751956 0.925782 0.753908 0.923828 0.753908 0.91992 0.746092 0.912109 0.746092 0.910155
0 0.898437 0.550782 0.898437 0.552736 0.896484 0.554686 0.896484 0.556639 0.894531 0.558593 0.896484 0.558593 0.898437 0.560547 0.90039 0.560547 0.902343 0.562501 0.904295 0.562501 0.906248 0.564455 0.908201 0.564455 0.910154 0.566404 0.910154 0.564455 0.912107 0.562501 0.912107 0.560547 0.914065 0.558593 0.912107 0.558593 0.910154 0.556639 0.908201 0.556639 0.906248 0.554686 0.904295 0.554686 0.902343 0.552736 0.90039 0.552736
0 0.185549 0.843752 0.183596 0.845701 0.181638 0.845701 0.177732 0.849609 0.17578 0.849609 0.173827 0.851562 0.171874 0.851562 0.173827 0.853516 0.173827 0.85547 0.17578 0.857424 0.177732 0.85547 0.179685 0.85547 0.183596 0.851562 0.185549 0.851562 0.187502 0.849609 0.189455 0.849609 0.187502 0.847655 0.187502 0.845701
0 0.902343 0.607422 0.902343 0.609375 0.90039 0.611329 0.90039 0.613283 0.898437 0.615232 0.908201 0.625002 0.914065 0.61914
0 0.466799 0.554686 0.466799 0.556639 0.464841 0.558593 0.464841 0.560547 0.462889 0.562501 0.466799 0.562501 0.468752 0.564455 0.472658 0.564455 0.474611 0.566404 0.476564 0.566404 0.478517 0.568358 0.482422 0.568358 0.484375 0.570312 0.484375 0.564455 0.486328 0.562501 0.486328 0.558593 0.478517 0.558593 0.476564 0.556639 0.468752 0.556639
0 0.63672 0.035156 0.634767 0.03711 0.632815 0.03711 0.630862 0.039063 0.628904 0.039063 0.626951 0.041017 0.624998 0.041017 0.623045 0.042967 0.621092 0.042967 0.623045 0.04492 0.623045 0.046874 0.624998 0.048828 0.626951 0.046874 0.630862 0.046874 0.632815 0.04492 0.634767 0.04492 0.63672 0.042967 0.640626 0.042967 0.638673 0.041017 0.638673 0.039063 0.63672 0.03711
0 0.572265 0.230468 0.572265 0.232422 0.570312 0.234376 0.570312 0.238279 0.568359 0.240233 0.568359 0.242187 0.566406 0.244141 0.566406 0.246095 0.568359 0.246095 0.570312 0.248049 0.572265 0.248049 0.574218 0.249998 0.574218 0.248049 0.576171 0.246095 0.576171 0.242187 0.578124 0.240233 0.578124 0.238279 0.580077 0.23633 0.580077 0.234376 0.578124 0.234376 0.576171 0.232422 0.574218 0.232422
0 0.501951 0.195313 0.498046 0.19922 0.498046 0.20117 0.492187 0.207031 0.498046 0.212893 0.503904 0.207031 0.503904 0.205077 0.509768 0.19922 0.507815 0.19922 0.505857 0.197267 0.503904 0.197267
0 0.962892 0.316406 0.962892 0.333986 0.964845 0.332033 0.970704 0.332033 0.970704 0.326171 0.968751 0.324217 0.968751 0.316406
0 0.390627 0 0.388674 0.001954 0.380857 0.001954 0.380857 0.003908 0.38281 0.005862 0.38281 0.007811 0.384763 0.009765 0.384763 0.011719 0.386721 0.013672 0.386721 0.015626 0.388674 0.013672 0.39258 0.013672 0.39258 0.007811 0.390627 0.005862
0 0.685547 0.052736 0.683595 0.05469 0.681642 0.05469 0.679689 0.056639 0.677736 0.056639 0.67383 0.060547 0.671877 0.060547 0.669924 0.062501 0.667966 0.062501 0.667966 0.064454 0.669924 0.066408 0.669924 0.070312 0.671877 0.068358 0.67383 0.068358 0.675783 0.066408 0.677736 0.066408 0.679689 0.064454 0.681642 0.064454 0.683595 0.062501 0.685547 0.062501 0.6875 0.060547 0.689453 0.060547 0.6875 0.058593 0.6875 0.056639 0.685547 0.05469
0 0.08789 0.982421 0.08789 0.998047 0.095701 0.998047 0.095701 0.982421
0 0.875002 0.150392 0.873049 0.152342 0.869139 0.152342 0.867186 0.154295 0.865233 0.154295 0.86328 0.156249 0.859374 0.156249 0.859374 0.158203 0.861327 0.160157 0.861327 0.162111 0.86328 0.160157 0.869139 0.160157 0.871091 0.158203 0.878908 0.158203 0.876955 0.156249 0.876955 0.154295 0.875002 0.152342
0 0.607422 0.132812 0.605469 0.134766 0.601563 0.134766 0.599611 0.13672 0.593752 0.13672 0.591799 0.138674 0.587888 0.138674 0.587888 0.140623 0.589846 0.142577 0.589846 0.144531 0.591799 0.146485 0.591799 0.148438 0.593752 0.146485 0.597658 0.146485 0.599611 0.144531 0.605469 0.144531 0.607422 0.142577 0.611328 0.142577 0.611328 0.140623 0.609375 0.138674 0.609375 0.13672 0.607422 0.134766
0 0.195313 0.984375 0.195313 0.994139 0.193361 0.996093 0.193361 1 0.201172 1 0.203125 1 0.203125 1 0.205078 1 0.205078 0.994139 0.207031 0.992185 0.207031 0.988282 0.203125 0.988282 0.201172 0.986328 0.197266 0.986328
0 0.041016 0.875 0.041016 0.876953 0.039063 0.878907 0.039063 0.882811 0.03711 0.884764 0.03711 0.886718 0.035157 0.888672 0.035157 0.890626 0.03711 0.890626 0.039063 0.89258 0.041016 0.89258 0.042968 0.894529 0.042968 0.89258 0.044921 0.890626 0.044921 0.886718 0.046874 0.884764 0.046874 0.880861 0.048827 0.878907 0.048827 0.876953 0.042968 0.876953