0 0.898438 0.427734 0.896484 0.429688 0.892578 0.429688 0.888672 0.433592 0.888672 0.435546 0.880859 0.443359 0.880859 0.445312 0.876953 0.44922 0.876953 0.451171 0.878907 0.453125 0.878907 0.455079 0.880859 0.457033 0.882813 0.457033 0.886719 0.460937 0.892578 0.460937 0.894532 0.458984 0.894532 0.457033 0.898438 0.453125 0.898438 0.451171 0.90039 0.44922 0.90039 0.447266 0.904298 0.443359 0.904298 0.441405 0.906249 0.439454 0.906249 0.433592 0.904298 0.431641 0.902344 0.431641
0 0.59375 0.677735 0.591796 0.679689 0.591796 0.68164 0.589844 0.683594 0.589844 0.685547 0.587891 0.687501 0.587891 0.691406 0.591796 0.695314 0.59375 0.695314 0.601562 0.703126 0.603516 0.703126 0.609375 0.708985 0.611327 0.708985 0.615235 0.705077 0.615235 0.703126 0.619141 0.699219 0.619141 0.695314 0.611327 0.687501 0.609375 0.687501 0.59961 0.677735
0 0.191406 0.44922 0.191406 0.451171 0.189454 0.453125 0.189454 0.455079 0.1875 0.457033 0.1875 0.460937 0.185546 0.462891 0.185546 0.466796 0.183594 0.46875 0.183594 0.470704 0.18164 0.472657 0.18164 0.48047 0.183594 0.48047 0.1875 0.484375 0.191406 0.484375 0.191406 0.482421 0.19336 0.48047 0.19336 0.478516 0.195312 0.476562 0.195312 0.474608 0.197265 0.472657 0.197265 0.470704 0.199219 0.46875 0.199219 0.466796 0.201171 0.464845 0.201171 0.462891 0.203125 0.460937 0.203125 0.453125 0.201171 0.453125 0.199219 0.451171 0.197265 0.451171 0.195312 0.44922
0 0.169921 0.490233 0.169921 0.492187 0.167969 0.494141 0.167969 0.496095 0.166015 0.498046 0.166015 0.5 0.164063 0.501953 0.164063 0.503907 0.162109 0.505858 0.162109 0.507812 0.160155 0.509766 0.160155 0.51172 0.158204 0.513671 0.158204 0.515625 0.15625 0.517578 0.15625 0.521483 0.158204 0.523437 0.158204 0.525391 0.160155 0.525391 0.162109 0.527345 0.164063 0.527345 0.166015 0.529296 0.167969 0.527345 0.171875 0.527345 0.171875 0.525391 0.173829 0.523437 0.173829 0.521483 0.175781 0.519532 0.175781 0.517578 0.177734 0.515625 0.177734 0.513671 0.179688 0.51172 0.179688 0.509766 0.18164 0.507812 0.18164 0.505858 0.183594 0.503907 0.183594 0.501953 0.185546 0.5 0.185546 0.494141 0.18164 0.494141 0.179688 0.492187 0.175781 0.492187 0.173829 0.490233
0 0.482422 0.974608 0.480468 0.976562 0.478516 0.976562 0.470703 0.984374 0.470703 0.986328 0.460937 0.996094 0.460937 1 0.468751 1 0.470703 1 0.472657 1 0.474609 1 0.474609 1 0.480468 0.999999 0.480468 0.998046 0.486328 0.992187 0.486328 0.990233 0.490234 0.986328 0.490234 0.982421
0 0.611327 0.656249 0.609375 0.658202 0.607421 0.658202 0.60547 0.660156 0.603516 0.660156 0.59961 0.664061 0.597656 0.664061 0.597656 0.671876 0.601562 0.675781 0.603516 0.675781 0.611327 0.683594 0.613281 0.683594 0.619141 0.689452 0.623047 0.689452 0.63086 0.68164 0.63086 0.677735 0.621095 0.667969 0.621095 0.666015
0 0.503907 0.994141 0.501953 0.996094 0.501953 0.998046 0.498047 1 0.498047 1 0.494142 1 0.494142 1 0.490234 1 0.490234 1 0.488282 1 0.488282 1 0.492188 1 0.492188 1 0.494142 1 0.499999 1 0.501953 1 0.501953 1 0.507813 1 0.507813 1 0.513673 1 0.513673 1 0.517578 1 0.517578 1 0.515624 1 0.515624 0.999999 0.509765 0.994141
0 0.539063 0.748047 0.53125 0.755859 0.53125 0.759764 0.529298 0.761718 0.529298 0.763672 0.533203 0.767577 0.535155 0.767577 0.542969 0.775389 0.544923 0.775389 0.550781 0.781251 0.554688 0.781251 0.55664 0.779297 0.558594 0.779297 0.5625 0.775389 0.564454 0.775389 0.564454 0.773438 0.5625 0.771484 0.5625 0.769531 0.542969 0.750001 0.541015 0.750001
0 0.333984 0.638673 0.332032 0.640624 0.330078 0.640624 0.328124 0.642578 0.324219 0.642578 0.324219 0.646485 0.332032 0.654298 0.332032 0.656249 0.339844 0.664061 0.345703 0.664061 0.351563 0.658202 0.351563 0.656249 0.353515 0.654298 0.353515 0.652344 0.347655 0.646485 0.345703 0.646485 0.33789 0.638673
0 0.367188 0.664061 0.365234 0.666015 0.363281 0.666015 0.363281 0.667969 0.361329 0.669923 0.361329 0.671876 0.359375 0.673827 0.359375 0.677735 0.361329 0.677735 0.365234 0.68164 0.367188 0.68164 0.36914 0.683594 0.371094 0.683594 0.373046 0.685547 0.375 0.685547 0.378906 0.689452 0.38086 0.689452 0.382811 0.691406 0.386719 0.691406 0.392579 0.685547 0.390625 0.683594 0.390625 0.68164 0.388671 0.679689 0.386719 0.679689 0.38086 0.673827 0.378906 0.673827 0.373046 0.667969 0.371094 0.667969
0 0.78711 0.585937 0.78125 0.591798 0.78125 0.593749 0.77539 0.599611 0.77539 0.601562 0.769531 0.607423 0.769531 0.609374 0.765625 0.613282 0.767579 0.615235 0.767579 0.617186 0.769531 0.61914 0.769531 0.621094 0.771485 0.623048 0.771485 0.624999 0.77539 0.624999 0.779296 0.621094 0.779296 0.61914 0.785156 0.613282 0.785156 0.611328 0.79297 0.603515 0.79297 0.601562 0.796875 0.597657 0.796875 0.595703 0.794921 0.593749 0.794921 0.591798 0.79297 0.589844 0.791016 0.589844
0 0.265626 0.318359 0.263672 0.320313 0.261718 0.320313 0.261718 0.322264 0.259766 0.324218 0.259766 0.326172 0.257812 0.328126 0.257812 0.330077 0.25586 0.332031 0.25586 0.335938 0.253906 0.337892 0.253906 0.339843 0.251952 0.341797 0.251952 0.343751 0.250001 0.345704 0.250001 0.349609 0.251952 0.351563 0.251952 0.353517 0.253906 0.355468 0.25586 0.355468 0.259766 0.359376 0.263672 0.359376 0.263672 0.357422 0.265626 0.355468 0.265626 0.353517 0.267578 0.351563 0.267578 0.349609 0.269532 0.347655 0.269532 0.345704 0.271483 0.343751 0.271483 0.341797 0.273437 0.339843 0.273437 0.337892 0.275391 0.335938 0.275391 0.333984 0.277343 0.332031 0.277343 0.330077 0.279297 0.328126 0.277343 0.326172 0.277343 0.324218 0.275391 0.322264 0.275391 0.320313 0.267578 0.320313
0 0.5625 0.654298 0.560546 0.656249 0.560546 0.658202 0.558594 0.660156 0.558594 0.66211 0.55664 0.664061 0.574219 0.68164 0.576171 0.68164 0.578125 0.683594 0.580079 0.68164 0.582031 0.68164 0.585937 0.677735 0.587891 0.677735 0.587891 0.671876 0.580079 0.664061 0.578125 0.664061 0.56836 0.654298
0 0.636718 0.322264 0.634766 0.324218 0.632812 0.324218 0.63086 0.326172 0.63086 0.328126 0.628906 0.330077 0.628906 0.332031 0.625001 0.335938 0.625001 0.337892 0.621095 0.341797 0.621095 0.343751 0.619141 0.345704 0.619141 0.347655 0.615235 0.351563 0.615235 0.353517 0.613281 0.355468 0.613281 0.361329 0.615235 0.361329 0.619141 0.365234 0.621095 0.365234 0.623047 0.367188 0.628906 0.367188 0.63086 0.365234 0.63086 0.36328 0.634766 0.359376 0.634766 0.357422 0.638672 0.353517 0.638672 0.351563 0.642578 0.347655 0.642578 0.345704 0.646483 0.341797 0.646483 0.339843 0.648437 0.337892 0.648437 0.333984 0.646483 0.332031 0.646483 0.328126 0.644531 0.328126 0.640626 0.324218 0.638672 0.324218
0 0.376954 0.765626 0.375 0.767577 0.371094 0.767577 0.36914 0.769531 0.36914 0.771484 0.363281 0.777343 0.363281 0.779297 0.357423 0.785156 0.357423 0.787109 0.353515 0.791017 0.353515 0.796876 0.355469 0.798829 0.357423 0.798829 0.361329 0.802734 0.367188 0.802734 0.371094 0.798829 0.371094 0.796876 0.38086 0.787109 0.38086 0.785156 0.386719 0.779297 0.384765 0.777343 0.384765 0.775389 0.378906 0.769531 0.378906 0.767577
0 0.091797 0.666015 0.089843 0.667969 0.089843 0.669923 0.087891 0.671876 0.087891 0.673827 0.085937 0.675781 0.085937 0.677735 0.083983 0.679689 0.083983 0.68164 0.082032 0.683594 0.082032 0.685547 0.080078 0.687501 0.080078 0.689452 0.078126 0.691406 0.078126 0.69336 0.080078 0.695314 0.080078 0.697265 0.082032 0.699219 0.083983 0.699219 0.087891 0.703126 0.089843 0.701172 0.091797 0.701172 0.091797 0.699219 0.093751 0.697265 0.093751 0.695314 0.095703 0.69336 0.095703 0.691406 0.097657 0.689452 0.097657 0.685547 0.099609 0.683594 0.099609 0.68164 0.101563 0.679689 0.101563 0.677735 0.103516 0.675781 0.103516 0.673827 0.101563 0.671876 0.101563 0.669923 0.097657 0.669923 0.095703 0.667969 0.093751 0.667969
0 0.791016 0.316406 0.791016 0.318359 0.789062 0.320313 0.789062 0.322264 0.78711 0.324218 0.78711 0.326172 0.785156 0.328126 0.785156 0.330077 0.783204 0.332031 0.783204 0.335938 0.789062 0.341797 0.79297 0.341797 0.798827 0.335938 0.798827 0.333984 0.804687 0.328126 0.804687 0.322264 0.802735 0.320313 0.800781 0.320313 0.796875 0.316406
0 0.589844 0.841796 0.587891 0.84375 0.582031 0.84375 0.578125 0.847655 0.578125 0.849609 0.56836 0.859375 0.56836 0.861329 0.5625 0.867188 0.5625 0.873046 0.564454 0.875 0.566406 0.875 0.570313 0.878905 0.578125 0.878905 0.582031 0.875 0.582031 0.873046 0.591796 0.86328 0.591796 0.861329 0.597656 0.855468 0.597656 0.851563 0.595704 0.849609 0.595704 0.845704 0.59375 0.845704
0 0.236327 0.462891 0.232422 0.466796 0.232422 0.46875 0.23047 0.470704 0.23047 0.472657 0.228516 0.474608 0.228516 0.478516 0.226562 0.48047 0.226562 0.482421 0.22461 0.484375 0.22461 0.488282 0.226562 0.490233 0.226562 0.494141 0.228516 0.494141 0.232422 0.498046 0.236327 0.498046 0.236327 0.496095 0.238281 0.494141 0.238281 0.492187 0.240235 0.490233 0.240235 0.488282 0.242187 0.486329 0.242187 0.484375 0.244141 0.482421 0.244141 0.48047 0.246093 0.478516 0.246093 0.476562 0.248047 0.474608 0.248047 0.472657 0.246093 0.470704 0.246093 0.46875 0.244141 0.466796 0.244141 0.464845 0.238281 0.464845
0 0.746094 0.640624 0.742188 0.644531 0.742188 0.646485 0.736329 0.652344 0.736329 0.654298 0.730469 0.660156 0.730469 0.66211 0.726563 0.666015 0.728515 0.667969 0.728515 0.669923 0.730469 0.671876 0.732423 0.671876 0.736329 0.675781 0.748046 0.664061 0.748046 0.66211 0.757813 0.652344 0.757813 0.646485 0.75586 0.646485 0.751954 0.642578 0.75 0.642578 0.748046 0.640624
0 0.257812 0.580078 0.25586 0.582032 0.251952 0.582032 0.246093 0.58789 0.246093 0.593749 0.248047 0.595703 0.250001 0.595703 0.257812 0.603515 0.259766 0.603515 0.265626 0.609374 0.271483 0.609374 0.275391 0.605469 0.277343 0.605469 0.279297 0.603515 0.279297 0.601562 0.281251 0.599611 0.281251 0.597657 0.279297 0.595703 0.277343 0.595703 0.271483 0.589844 0.269532 0.589844 0.263672 0.583986 0.261718 0.583986
0 0.212891 0.412109 0.208985 0.416016 0.208985 0.417968 0.207031 0.419921 0.207031 0.421875 0.205079 0.423829 0.205079 0.42578 0.201171 0.429688 0.201171 0.431641 0.199219 0.433592 0.199219 0.435546 0.197265 0.4375 0.197265 0.441405 0.199219 0.443359 0.199219 0.447266 0.201171 0.447266 0.203125 0.44922 0.205079 0.44922 0.207031 0.451171 0.210937 0.447266 0.212891 0.447266 0.212891 0.445312 0.214845 0.443359 0.214845 0.439454 0.216796 0.4375 0.216796 0.433592 0.21875 0.431641 0.21875 0.427734 0.220702 0.42578 0.220702 0.421875 0.222656 0.419921 0.222656 0.417968 0.220702 0.416016 0.220702 0.414063 0.214845 0.414063
0 0.566406 0.71289 0.564454 0.714843 0.564454 0.716797 0.5625 0.718751 0.564454 0.720702 0.564454 0.722656 0.574219 0.732422 0.576171 0.732422 0.585937 0.742188 0.589844 0.742188 0.591796 0.740235 0.591796 0.738281 0.59375 0.736327 0.59375 0.734376 0.595704 0.732422 0.59375 0.730468 0.59375 0.728515 0.591796 0.726564 0.589844 0.726564 0.585937 0.722656 0.583985 0.722656 0.580079 0.718751 0.578125 0.718751 0.574219 0.714843 0.572265 0.714843 0.570313 0.71289
0 0.148438 0.529296 0.146484 0.531249 0.14453 0.531249 0.142578 0.533203 0.142578 0.535157 0.140624 0.537108 0.140624 0.539062 0.136719 0.54297 0.136719 0.544921 0.132813 0.548828 0.132813 0.550782 0.130859 0.552733 0.130859 0.554687 0.128907 0.556641 0.128907 0.558594 0.130859 0.560548 0.130859 0.562499 0.132813 0.564453 0.134765 0.564453 0.140624 0.570312 0.142578 0.568361 0.14453 0.568361 0.14453 0.566407 0.146484 0.564453 0.146484 0.562499 0.148438 0.560548 0.148438 0.558594 0.15039 0.556641 0.15039 0.554687 0.152344 0.552733 0.152344 0.550782 0.154298 0.548828 0.154298 0.546874 0.15625 0.544921 0.15625 0.54297 0.158204 0.541016 0.158204 0.539062 0.160155 0.537108 0.158204 0.535157 0.158204 0.533203 0.154298 0.533203 0.152344 0.531249 0.15039 0.531249
0 0.466797 0.029296 0.464843 0.03125 0.464843 0.033204 0.462891 0.035157 0.462891 0.039062 0.460937 0.041016 0.460937 0.046875 0.458983 0.048829 0.458983 0.052733 0.457032 0.054687 0.457032 0.058595 0.455078 0.060546 0.455078 0.0625 0.457032 0.064453 0.457032 0.066407 0.460937 0.066407 0.462891 0.068358 0.464843 0.068358 0.466797 0.066407 0.466797 0.064453 0.468751 0.0625 0.468751 0.060546 0.470703 0.058595 0.470703 0.056641 0.472657 0.054687 0.472657 0.052733 0.474609 0.050782 0.474609 0.048829 0.476562 0.046875 0.476562 0.044921 0.478516 0.04297 0.478516 0.041016 0.480468 0.039062 0.480468 0.035157 0.478516 0.035157 0.476562 0.033204 0.472657 0.033204 0.470703 0.03125 0.468751 0.03125
0 0.451172 0.685547 0.449218 0.687501 0.44336 0.687501 0.44336 0.699219 0.445312 0.701172 0.445312 0.703126 0.457032 0.703126 0.458983 0.705077 0.470703 0.705077 0.472657 0.707031 0.476562 0.707031 0.476562 0.705077 0.478516 0.703126 0.478516 0.699219 0.480468 0.697265 0.480468 0.695314 0.474609 0.689452 0.464843 0.689452 0.462891 0.687501 0.453126 0.687501
0 0.687499 0.707031 0.685547 0.708985 0.685547 0.710939 0.683593 0.71289 0.683593 0.714843 0.679688 0.718751 0.679688 0.720702 0.677734 0.722656 0.677734 0.72461 0.673828 0.728515 0.673828 0.730468 0.671874 0.732422 0.671874 0.734376 0.669922 0.736327 0.669922 0.742188 0.671874 0.742188 0.673828 0.744139 0.675782 0.744139 0.677734 0.746093 0.685547 0.738281 0.685547 0.736327 0.695313 0.726564 0.695313 0.72461 0.701172 0.718751 0.701172 0.71289 0.699219 0.71289 0.695313 0.708985 0.693359 0.708985 0.691407 0.707031
0 0.238281 0.365234 0.236327 0.367188 0.236327 0.369142 0.234375 0.371093 0.234375 0.373047 0.232422 0.375 0.232422 0.376954 0.23047 0.378905 0.23047 0.380859 0.228516 0.382813 0.228516 0.384767 0.226562 0.386718 0.226562 0.388672 0.22461 0.390625 0.22461 0.392579 0.226562 0.39453 0.226562 0.398438 0.234375 0.398438 0.236327 0.400392 0.238281 0.398438 0.238281 0.396484 0.240235 0.39453 0.240235 0.392579 0.242187 0.390625 0.242187 0.388672 0.244141 0.386718 0.244141 0.384767 0.246093 0.382813 0.246093 0.380859 0.248047 0.378905 0.248047 0.376954 0.250001 0.375 0.250001 0.367188 0.246093 0.367188 0.244141 0.365234
0 0.960937 0.277343 0.958985 0.279297 0.958985 0.281251 0.957031 0.283202 0.957031 0.285156 0.953125 0.289063 0.953125 0.291014 0.949219 0.294922 0.949219 0.296876 0.947265 0.298827 0.947265 0.300781 0.945313 0.302735 0.945313 0.304688 0.947265 0.306639 0.947265 0.310547 0.949219 0.312501 0.951171 0.312501 0.955079 0.316406 0.957031 0.314452 0.960937 0.314452 0.96289 0.312501 0.96289 0.310547 0.966796 0.306639 0.966796 0.304688 0.972656 0.298827 0.972656 0.296876 0.976562 0.292968 0.976562 0.291014 0.978516 0.289063 0.978516 0.28711 0.976562 0.285156 0.976562 0.281251 0.97461 0.281251 0.970704 0.277343
0 0.351563 0.708985 0.347655 0.71289 0.345703 0.71289 0.345703 0.714843 0.34375 0.716797 0.34375 0.718751 0.351563 0.726564 0.353515 0.726564 0.363281 0.736327 0.365234 0.736327 0.367188 0.738281 0.373046 0.732422 0.375 0.732422 0.378906 0.728515 0.376954 0.726564 0.376954 0.72461 0.371094 0.718751 0.36914 0.718751 0.359375 0.708985
0 0.396485 0.078125 0.394531 0.080078 0.394531 0.082032 0.392579 0.083983 0.392579 0.085937 0.390625 0.087891 0.390625 0.091796 0.388671 0.093749 0.388671 0.095703 0.386719 0.097657 0.386719 0.099608 0.384765 0.101562 0.384765 0.107421 0.388671 0.107421 0.390625 0.109374 0.392579 0.109374 0.394531 0.111328 0.396485 0.109374 0.396485 0.107421 0.398437 0.105469 0.398437 0.103516 0.400391 0.101562 0.400391 0.099608 0.402344 0.097657 0.402344 0.095703 0.404296 0.093749 0.404296 0.091796 0.40625 0.089845 0.40625 0.087891 0.408202 0.085937 0.408202 0.083983 0.40625 0.082032 0.40625 0.080078 0.398437 0.080078
0 0.537109 0.683594 0.53125 0.689452 0.53125 0.691406 0.529298 0.69336 0.529298 0.695314 0.548829 0.714843 0.552734 0.714843 0.554688 0.716797 0.5625 0.708985 0.5625 0.703126 0.544923 0.685547 0.539063 0.685547
0 0.408202 0.689452 0.40625 0.691406 0.402344 0.691406 0.396485 0.697265 0.396485 0.705077 0.402344 0.710939 0.404296 0.710939 0.414062 0.720702 0.416016 0.718751 0.423827 0.718751 0.423827 0.716797 0.425781 0.714843 0.425781 0.71289 0.427735 0.710939 0.427735 0.708985 0.429687 0.707031 0.425781 0.703126 0.423827 0.703126 0.416016 0.695314 0.414062 0.695314
0 0.578125 0.695314 0.578125 0.697265 0.576171 0.699219 0.576171 0.701172 0.574219 0.703126 0.574219 0.708985 0.572265 0.710939 0.572265 0.71289 0.574219 0.71289 0.578125 0.716797 0.580079 0.716797 0.583985 0.720702 0.585937 0.720702 0.589844 0.72461 0.591796 0.72461 0.595704 0.728515 0.597656 0.728515 0.59961 0.730468 0.601562 0.730468 0.601562 0.728515 0.603516 0.726564 0.603516 0.722656 0.60547 0.720702 0.60547 0.718751 0.607421 0.716797 0.607421 0.714843 0.60547 0.71289 0.60547 0.710939 0.603516 0.710939 0.59961 0.707031 0.597656 0.707031 0.59375 0.703126 0.591796 0.703126 0.587891 0.699219 0.585937 0.699219 0.582031 0.695314
0 0.257812 0.431641 0.251952 0.4375 0.251952 0.439454 0.250001 0.441405 0.250001 0.443359 0.248047 0.445312 0.248047 0.447266 0.246093 0.44922 0.246093 0.451171 0.244141 0.453125 0.244141 0.455079 0.246093 0.457033 0.246093 0.460937 0.250001 0.460937 0.251952 0.462891 0.25586 0.462891 0.25586 0.460937 0.257812 0.458984 0.257812 0.457033 0.259766 0.455079 0.259766 0.453125 0.261718 0.451171 0.261718 0.44922 0.263672 0.447266 0.263672 0.445312 0.265626 0.443359 0.265626 0.4375 0.263672 0.435546 0.261718 0.435546
0 0.638672 0.775389 0.634766 0.779297 0.634766 0.781251 0.625001 0.791017 0.625001 0.792968 0.619141 0.798829 0.619141 0.80078 0.621095 0.802734 0.621095 0.806642 0.626952 0.8125 0.628906 0.810547 0.632812 0.810547 0.636718 0.806642 0.636718 0.804688 0.646483 0.794922 0.646483 0.792968 0.652343 0.787109 0.650391 0.785156 0.650391 0.783204 0.642578 0.775389
0 0.324219 0.685547 0.322265 0.687501 0.318359 0.687501 0.318359 0.689452 0.316407 0.691406 0.316407 0.69336 0.314453 0.695314 0.314453 0.697265 0.330078 0.71289 0.335938 0.71289 0.33789 0.710939 0.339844 0.710939 0.341798 0.708985 0.345703 0.708985 0.345703 0.699219 0.34375 0.699219 0.339844 0.695314 0.33789 0.695314 0.333984 0.691406 0.332032 0.691406 0.328124 0.687501 0.326173 0.687501
0 0.929688 0.005859 0.927734 0.007812 0.923829 0.007812 0.921875 0.009766 0.921875 0.01172 0.919923 0.013671 0.919923 0.019533 0.923829 0.023437 0.92578 0.023437 0.9375 0.035157 0.939454 0.035157 0.945313 0.041016 0.949219 0.041016 0.949219 0.039062 0.951171 0.037108 0.951171 0.035157 0.953125 0.033204 0.953125 0.03125 0.955079 0.029296 0.953125 0.027345 0.953125 0.025391 0.947265 0.019533 0.945313 0.019533 0.9375 0.01172 0.935546 0.01172
0 0.896484 0 0.90039 0.003908 0.90039 0.005859 0.904298 0.009766 0.912109 0.009766 0.912109 0.007812 0.914063 0.005859 0.914063 0.001954 0.912109 0
0 0.425781 0.111328 0.423827 0.113282 0.423827 0.115236 0.421875 0.117187 0.421875 0.119141 0.419922 0.121094 0.419922 0.123048 0.41797 0.124999 0.41797 0.126953 0.416016 0.128907 0.416016 0.130861 0.414062 0.132812 0.414062 0.134765 0.41211 0.136719 0.41211 0.138673 0.410156 0.140624 0.410156 0.146486 0.41211 0.148437 0.414062 0.148437 0.41797 0.152344 0.419922 0.15039 0.421875 0.15039 0.421875 0.148437 0.423827 0.146486 0.423827 0.144532 0.425781 0.142578 0.425781 0.140624 0.427735 0.138673 0.427735 0.136719 0.429687 0.134765 0.429687 0.132812 0.431641 0.130861 0.431641 0.128907 0.433593 0.126953 0.433593 0.124999 0.435547 0.123048 0.435547 0.119141 0.433593 0.117187 0.433593 0.115236 0.431641 0.115236 0.429687 0.113282 0.427735 0.113282
1 0.707032 0.96875 0.705078 0.970703 0.701172 0.970703 0.699219 0.972657 0.699219 0.974608 0.693359 0.98047 0.693359 0.982421 0.689453 0.986328 0.689453 0.988282 0.685547 0.992187 0.685547 0.994141 0.679688 0.999999 0.679688 1 0.675782 1 0.675782 1 0.669922 1 0.669922 1 0.666016 1 0.666016 1 0.662109 1 0.662109 1 0.656251 1 0.656251 1 0.654297 1 0.654297 1 0.658203 1 0.660157 1 0.666016 1 0.669922 1 0.671874 1 0.671874 1 0.677734 1 0.677734 1 0.681642 1 0.681642 1 0.687499 1 0.687499 1 0.691407 1 0.691407 1 0.697265 1 0.697265 1 0.701172 1 0.701172 1 0.707032 1 0.707032 0.999999 0.710938 0.996094 0.710938 0.994141 0.716798 0.988282 0.716798 0.986328 0.71875 0.984374 0.71875 0.98047
0 1 0.265626 1 0.267577 1 0.267577 1 0.269531 1 0.271485 1 0.277343 1 0.279297 1 0.285156 1 0.28711 0.998047 0.291014 1 0.292968 1 0.294922 1 0.298827 1 0.300781 1 0.302735 1 0.302735 1 0.300781 1 0.298827 1 0.292968 1 0.291014 1 0.285156 1 0.283202 1 0.281251 1 0.277343 1 0.27539 1 0.271485 1 0.271485 1 0.267577 1 0.267577
0 0.378906 0.109374 0.373046 0.115236 0.373046 0.117187 0.371094 0.119141 0.371094 0.121094 0.36914 0.123048 0.36914 0.124999 0.367188 0.126953 0.367188 0.128907 0.365234 0.130861 0.365234 0.132812 0.363281 0.134765 0.365234 0.136719 0.365234 0.138673 0.367188 0.140624 0.367188 0.142578 0.36914 0.142578 0.371094 0.144532 0.373046 0.144532 0.375 0.146486 0.376954 0.144532 0.376954 0.142578 0.378906 0.140624 0.378906 0.138673 0.38086 0.136719 0.38086 0.134765 0.382811 0.132812 0.382811 0.130861 0.384765 0.128907 0.384765 0.126953 0.386719 0.124999 0.386719 0.123048 0.388671 0.121094 0.388671 0.117187 0.386719 0.115236 0.386719 0.113282 0.384765 0.113282 0.382811 0.111328 0.38086 0.111328
0 0.294922 0.615235 0.291016 0.61914 0.291016 0.621094 0.289062 0.623048 0.292968 0.626953 0.294922 0.626953 0.302734 0.634765 0.304688 0.634765 0.310547 0.640624 0.314453 0.640624 0.318359 0.636719 0.320313 0.636719 0.322265 0.634765 0.322265 0.63086 0.320313 0.63086 0.316407 0.626953 0.314453 0.626953 0.310547 0.623048 0.308593 0.623048 0.304688 0.61914 0.302734 0.61914 0.298828 0.615235
0 0.226562 0.615235 0.220702 0.621094 0.220702 0.623048 0.21875 0.624999 0.21875 0.626953 0.220702 0.628906 0.222656 0.628906 0.228516 0.634765 0.23047 0.634765 0.236327 0.640624 0.238281 0.640624 0.242187 0.644531 0.246093 0.644531 0.248047 0.642578 0.248047 0.640624 0.251952 0.636719 0.251952 0.628906 0.250001 0.628906 0.246093 0.624999 0.244141 0.624999 0.242187 0.623048 0.240235 0.623048 0.236327 0.61914 0.234375 0.61914 0.232422 0.617186 0.228516 0.617186
0 0.837891 0.507812 0.835937 0.509766 0.835937 0.51172 0.832031 0.515625 0.832031 0.517578 0.830078 0.519532 0.830078 0.521483 0.826172 0.525391 0.826172 0.527345 0.822266 0.531249 0.822266 0.533203 0.820312 0.535157 0.820312 0.537108 0.822266 0.539062 0.822266 0.541016 0.824218 0.541016 0.826172 0.54297 0.828126 0.54297 0.830078 0.544921 0.832031 0.544921 0.833985 0.54297 0.833985 0.541016 0.839843 0.535157 0.839843 0.533203 0.843751 0.529296 0.843751 0.527345 0.849608 0.521483 0.849608 0.519532 0.851562 0.517578 0.851562 0.513671 0.849608 0.513671 0.845703 0.509766 0.843751 0.509766 0.841797 0.507812
0 0.287109 0.656249 0.285157 0.658202 0.283203 0.658202 0.281251 0.660156 0.281251 0.66211 0.277343 0.666015 0.277343 0.669923 0.279297 0.671876 0.281251 0.671876 0.285157 0.675781 0.287109 0.675781 0.291016 0.679689 0.292968 0.679689 0.296874 0.683594 0.298828 0.683594 0.302734 0.687501 0.304688 0.687501 0.310547 0.68164 0.310547 0.679689 0.308593 0.677735 0.308593 0.673827 0.304688 0.669923 0.302734 0.669923 0.294922 0.66211 0.292968 0.66211
0 0.484374 0.701172 0.484374 0.703126 0.482422 0.705077 0.482422 0.707031 0.480468 0.708985 0.480468 0.714843 0.482422 0.716797 0.484374 0.716797 0.490234 0.722656 0.492188 0.722656 0.498047 0.728515 0.499999 0.728515 0.503907 0.732422 0.505859 0.730468 0.507813 0.730468 0.507813 0.728515 0.509765 0.726564 0.509765 0.72461 0.511719 0.722656 0.511719 0.720702 0.513673 0.718751 0.513673 0.716797 0.511719 0.714843 0.511719 0.71289 0.509765 0.71289 0.507813 0.710939 0.505859 0.710939 0.503907 0.708985 0.501953 0.708985 0.498047 0.705077 0.496093 0.705077 0.494142 0.703126 0.492188 0.703126 0.490234 0.701172
0 0.990235 0.052733 0.988281 0.054687 0.986327 0.054687 0.982421 0.058595 0.98047 0.058595 0.98047 0.064453 0.982421 0.066407 0.984375 0.066407 0.990235 0.072266 0.992187 0.072266 0.998047 0.078125 1 0.078125 1 0.082032 1 0.082032 1 0.083983 1 0.082032 1 0.080078 1 0.076171 1 0.07422 1 0.072266 1 0.070312 1 0.068358 1 0.068358 1 0.064453 1 0.064453 1 0.060546 1 0.060546 0.996095 0.056641 0.994141 0.056641
0 0.339844 0.277343 0.335938 0.281251 0.335938 0.283202 0.330078 0.289063 0.330078 0.291014 0.324219 0.296876 0.324219 0.298827 0.320313 0.302735 0.322265 0.304688 0.322265 0.306639 0.324219 0.308593 0.326173 0.308593 0.330078 0.312501 0.332032 0.312501 0.333984 0.314452 0.335938 0.312501 0.335938 0.310547 0.33789 0.308593 0.33789 0.306639 0.339844 0.304688 0.339844 0.302735 0.341798 0.300781 0.341798 0.298827 0.34375 0.296876 0.34375 0.294922 0.345703 0.292968 0.345703 0.291014 0.347655 0.289063 0.347655 0.28711 0.349609 0.285156 0.349609 0.283202 0.347655 0.281251 0.347655 0.279297 0.341798 0.279297
0 0.523438 0.136719 0.521484 0.138673 0.517578 0.138673 0.513673 0.142578 0.513673 0.144532 0.509765 0.148437 0.509765 0.152344 0.507813 0.154298 0.507813 0.156249 0.509765 0.156249 0.511719 0.158203 0.515624 0.158203 0.517578 0.160157 0.519532 0.160157 0.521484 0.16211 0.52539 0.16211 0.527344 0.164061 0.529298 0.164061 0.53125 0.166015 0.533203 0.166015 0.535155 0.167969 0.539063 0.167969 0.541015 0.169923 0.542969 0.169923 0.544923 0.171874 0.548829 0.167969 0.550781 0.167969 0.550781 0.166015 0.552734 0.164061 0.552734 0.160157 0.554688 0.158203 0.554688 0.152344 0.550781 0.152344 0.548829 0.15039 0.546875 0.15039 0.544923 0.148437 0.541015 0.148437 0.539063 0.146486 0.537109 0.146486 0.535155 0.144532 0.53125 0.144532
0 0.550781 0.882813 0.546875 0.886717 0.546875 0.888671 0.541015 0.894533 0.541015 0.896484 0.533203 0.904296 0.533203 0.90625 0.529298 0.910158 0.529298 0.91797 0.53125 0.91797 0.535155 0.921875 0.537109 0.921875 0.539063 0.923829 0.541015 0.923829 0.552734 0.912109 0.552734 0.910158 0.564454 0.898438 0.564454 0.896484 0.5625 0.894533 0.5625 0.892579 0.554688 0.884766 0.552734 0.884766
0 0.386719 0.18164 0.386719 0.183594 0.384765 0.185548 0.384765 0.187499 0.382811 0.189453 0.382811 0.191406 0.38086 0.19336 0.38086 0.195311 0.378906 0.197265 0.378906 0.199219 0.376954 0.201173 0.376954 0.203124 0.375 0.205078 0.375 0.210936 0.376954 0.21289 0.376954 0.214844 0.378906 0.216798 0.386719 0.216798 0.386719 0.214844 0.388671 0.21289 0.388671 0.210936 0.390625 0.208985 0.390625 0.207031 0.392579 0.205078 0.392579 0.203124 0.394531 0.201173 0.394531 0.199219 0.396485 0.197265 0.396485 0.195311 0.398437 0.19336 0.398437 0.191406 0.400391 0.189453 0.400391 0.187499 0.398437 0.185548 0.398437 0.183594 0.394531 0.183594 0.392579 0.18164
0 0.308593 0.238281 0.306642 0.240235 0.306642 0.242189 0.304688 0.24414 0.304688 0.246094 0.302734 0.248047 0.302734 0.250001 0.300782 0.251952 0.300782 0.253906 0.298828 0.25586 0.298828 0.257814 0.296874 0.259765 0.296874 0.261719 0.294922 0.263672 0.294922 0.269531 0.302734 0.277343 0.304688 0.27539 0.306642 0.27539 0.308593 0.273439 0.308593 0.271485 0.310547 0.269531 0.310547 0.267577 0.312499 0.265626 0.312499 0.263672 0.316407 0.259765 0.316407 0.257814 0.318359 0.25586 0.318359 0.253906 0.320313 0.251952 0.320313 0.250001 0.322265 0.248047 0.320313 0.246094 0.320313 0.24414 0.318359 0.242189 0.318359 0.240235 0.310547 0.240235
0 0.546875 0.736327 0.542969 0.740235 0.541015 0.740235 0.539063 0.742188 0.539063 0.744139 0.541015 0.746093 0.541015 0.748047 0.542969 0.748047 0.55664 0.761718 0.558594 0.761718 0.564454 0.767577 0.566406 0.767577 0.566406 0.765626 0.56836 0.763672 0.56836 0.761718 0.570313 0.759764 0.570313 0.757813 0.572265 0.755859 0.564454 0.748047 0.5625 0.748047 0.550781 0.736327
0 0.97461 0.103516 0.972656 0.105469 0.972656 0.107421 0.96875 0.111328 0.96875 0.117187 0.970704 0.117187 0.97461 0.121094 0.976562 0.121094 0.978516 0.123048 0.98047 0.123048 0.984375 0.126953 0.986327 0.126953 0.988281 0.128907 0.990235 0.128907 0.994141 0.132812 0.996095 0.132812 0.998047 0.134765 1 0.134765 1 0.136719 1 0.134765 1 0.132812 1 0.130861 1 0.128907 1 0.123048 1 0.115236 0.998047 0.115236 0.986327 0.103516
0 0.328124 0.597657 0.326173 0.599611 0.324219 0.599611 0.322265 0.601562 0.322265 0.603515 0.320313 0.605469 0.320313 0.609374 0.324219 0.613282 0.326173 0.613282 0.335938 0.623048 0.33789 0.623048 0.34375 0.628906 0.347655 0.628906 0.349609 0.63086 0.353515 0.626953 0.353515 0.624999 0.357423 0.621094 0.357423 0.617186 0.355469 0.617186 0.351563 0.613282 0.349609 0.613282 0.345703 0.609374 0.34375 0.609374 0.339844 0.605469 0.33789 0.605469 0.333984 0.601562 0.332032 0.601562
0 0.107422 0.699219 0.105468 0.701172 0.103516 0.701172 0.103516 0.703126 0.101563 0.705077 0.101563 0.707031 0.099609 0.708985 0.099609 0.710939 0.097657 0.71289 0.097657 0.716797 0.095703 0.718751 0.095703 0.720702 0.093751 0.722656 0.093751 0.72461 0.091797 0.726564 0.091797 0.732422 0.093751 0.732422 0.097657 0.736327 0.099609 0.736327 0.101563 0.738281 0.103516 0.738281 0.103516 0.736327 0.105468 0.734376 0.105468 0.732422 0.107422 0.730468 0.107422 0.728515 0.109374 0.726564 0.109374 0.72461 0.111328 0.722656 0.111328 0.720702 0.113282 0.718751 0.113282 0.716797 0.115234 0.714843 0.115234 0.71289 0.117188 0.710939 0.117188 0.707031 0.115234 0.705077 0.115234 0.703126 0.113282 0.703126 0.111328 0.701172 0.109374 0.701172
0 0.435547 0.714843 0.433593 0.716797 0.431641 0.716797 0.425781 0.722656 0.425781 0.728515 0.427735 0.730468 0.429687 0.730468 0.435547 0.736327 0.437501 0.736327 0.445312 0.744139 0.447266 0.744139 0.451172 0.748047 0.455078 0.744139 0.455078 0.742188 0.457032 0.740235 0.457032 0.738281 0.458983 0.736327 0.458983 0.734376 0.460937 0.732422 0.458983 0.730468 0.458983 0.728515 0.457032 0.728515 0.453126 0.72461 0.451172 0.72461 0.449218 0.722656 0.447266 0.722656 0.445312 0.720702 0.44336 0.720702 0.439452 0.716797 0.437501 0.716797
0 0.90039 0.037108 0.898438 0.039062 0.894532 0.039062 0.894532 0.041016 0.892578 0.04297 0.892578 0.044921 0.890624 0.046875 0.890624 0.054687 0.892578 0.054687 0.896484 0.058595 0.898438 0.058595 0.902344 0.0625 0.904298 0.0625 0.908203 0.066407 0.912109 0.066407 0.914063 0.068358 0.919923 0.0625 0.921875 0.0625 0.923829 0.060546 0.923829 0.058595 0.921875 0.056641 0.921875 0.054687 0.917969 0.050782 0.916015 0.050782 0.908203 0.04297 0.906249 0.04297
0 0.394531 0.777343 0.392579 0.779297 0.390625 0.779297 0.375 0.794922 0.375 0.798829 0.376954 0.80078 0.376954 0.804688 0.38086 0.804688 0.382811 0.806642 0.388671 0.806642 0.390625 0.804688 0.390625 0.802734 0.394531 0.798829 0.394531 0.796876 0.398437 0.792968 0.398437 0.791017 0.400391 0.789063 0.400391 0.781251 0.398437 0.781251
0 0.976562 0.312501 0.972656 0.316406 0.972656 0.318359 0.966796 0.324218 0.966796 0.326172 0.958985 0.333984 0.958985 0.335938 0.955079 0.339843 0.955079 0.345704 0.957031 0.347655 0.958985 0.347655 0.96289 0.351563 0.964844 0.349609 0.96875 0.349609 0.972656 0.345704 0.972656 0.343751 0.982421 0.333984 0.982421 0.332031 0.988281 0.326172 0.988281 0.320313 0.98047 0.312501