0 0.09375 0.619143 0.091799 0.621097 0.08594 0.621097 0.083983 0.62305 0.082032 0.62305 0.080075 0.625003 0.072265 0.625003 0.070315 0.626956 0.068358 0.626956 0.068358 0.62891 0.064456 0.632808 0.066407 0.634761 0.066407 0.638669 0.068358 0.640622 0.068358 0.648435 0.070315 0.650389 0.08594 0.650389 0.087891 0.648435 0.091799 0.648435 0.09375 0.646482 0.105467 0.646482 0.107424 0.644528 0.115234 0.644528 0.117185 0.642575 0.123049 0.642575 0.125 0.640622 0.125 0.638669 0.126951 0.636715 0.126951 0.625003 0.123049 0.621097 0.121093 0.621097 0.119142 0.619143
1 0.121093 0.130862 0.117185 0.134768 0.117185 0.142582 0.115234 0.144536 0.115234 0.1582 0.119142 0.162107 0.134767 0.162107 0.136718 0.164061 0.146484 0.164061 0.148436 0.166014 0.158202 0.166014 0.160159 0.167967 0.169919 0.167967 0.171876 0.169921 0.181643 0.169921 0.183594 0.171874 0.189453 0.171874 0.191404 0.173827 0.197268 0.173827 0.199219 0.171874 0.20117 0.171874 0.207029 0.166014 0.208986 0.166014 0.208986 0.160153 0.210937 0.1582 0.210937 0.156247 0.208986 0.154294 0.208986 0.148433 0.207029 0.146489 0.207029 0.142582 0.205078 0.142582 0.203127 0.140628 0.197268 0.140628 0.195312 0.138675 0.173827 0.138675 0.171876 0.136722 0.156251 0.136722 0.154294 0.134768 0.140626 0.134768 0.138674 0.132815 0.123049 0.132815
1 0.13281 0.179688 0.13281 0.1875 0.130859 0.189454 0.130859 0.203127 0.128908 0.205081 0.128908 0.210941 0.138674 0.210941 0.140626 0.212895 0.150392 0.212895 0.152343 0.214848 0.16211 0.214848 0.164061 0.216793 0.173827 0.216793 0.175784 0.218746 0.185545 0.218746 0.187502 0.220699 0.20117 0.220699 0.203127 0.218746 0.207029 0.218746 0.207029 0.216793 0.212888 0.210941 0.212888 0.207035 0.214844 0.205081 0.214844 0.199221 0.212888 0.197268 0.212888 0.193361 0.210937 0.191407 0.210937 0.189454 0.208986 0.1875 0.207029 0.1875 0.205078 0.185548 0.179686 0.185548 0.177735 0.183594 0.156251 0.183594 0.154294 0.181641 0.134767 0.181641
0 0.101565 0.523437 0.099608 0.525391 0.09375 0.525391 0.091799 0.527344 0.089842 0.527344 0.087891 0.529297 0.083983 0.529297 0.083983 0.53125 0.082032 0.533204 0.082032 0.548831 0.083983 0.550784 0.083983 0.552737 0.08594 0.552737 0.087891 0.554691 0.09375 0.554691 0.095701 0.556644 0.121093 0.556644 0.123049 0.554691 0.126951 0.554691 0.128908 0.552737 0.13281 0.552737 0.136718 0.548831 0.138674 0.548831 0.142577 0.544924 0.142577 0.535157 0.140626 0.533204 0.140626 0.53125 0.138674 0.529297 0.138674 0.527344 0.134767 0.527344 0.13281 0.525391 0.128908 0.525391 0.126951 0.523437
0 0.095701 0.482425 0.09375 0.484378 0.080075 0.484378 0.078124 0.486331 0.064456 0.486331 0.062499 0.488285 0.046874 0.488285 0.044923 0.490238 0.031248 0.490238 0.029297 0.492192 0.015623 0.492192 0.015623 0.49609 0.013672 0.498043 0.013672 0.511717 0.015623 0.51367 0.015623 0.523437 0.01758 0.525391 0.01758 0.527344 0.019531 0.529297 0.037107 0.529297 0.039064 0.527344 0.044923 0.527344 0.046874 0.525391 0.074217 0.525391 0.076173 0.523437 0.082032 0.523437 0.083983 0.521483 0.097657 0.521483 0.099608 0.51953 0.105467 0.51953 0.111326 0.51367 0.111326 0.511717 0.115234 0.50781 0.115234 0.499996 0.113283 0.498043 0.113283 0.494136 0.111326 0.492192 0.111326 0.490238 0.109375 0.488285 0.109375 0.486331 0.107424 0.484378 0.103516 0.484378 0.101565 0.482425
0 0.248046 0.626956 0.244138 0.630864 0.240237 0.630864 0.240237 0.632808 0.23828 0.634761 0.23828 0.656249 0.240237 0.658202 0.240237 0.677735 0.242188 0.677735 0.244138 0.679689 0.244138 0.683596 0.246095 0.685549 0.246095 0.689456 0.248046 0.691409 0.249997 0.691409 0.251954 0.693363 0.255862 0.693363 0.257813 0.691409 0.265623 0.691409 0.269531 0.687503 0.269531 0.671876 0.267579 0.669922 0.267579 0.656249 0.265623 0.654295 0.265623 0.632808 0.263672 0.630864 0.263672 0.62891 0.261721 0.62891 0.259764 0.626956
0 0.087891 0.394532 0.08594 0.396485 0.072265 0.396485 0.072265 0.400392 0.070315 0.402345 0.070315 0.416019 0.072265 0.417972 0.072265 0.419926 0.074217 0.421879 0.076173 0.421879 0.078124 0.423832 0.125 0.423832 0.128908 0.419926 0.130859 0.419926 0.130859 0.417972 0.13281 0.416019 0.13281 0.406252 0.130859 0.404299 0.130859 0.402345 0.128908 0.400392 0.128908 0.398438 0.126951 0.396485 0.123049 0.396485 0.121093 0.394532
0 0.69336 0.884767 0.691409 0.88672 0.683593 0.88672 0.681642 0.888673 0.681642 0.9043 0.685544 0.908207 0.687501 0.908207 0.689452 0.910161 0.69336 0.910161 0.695311 0.912105 0.73242 0.912105 0.734377 0.910161 0.742187 0.910161 0.742187 0.908207 0.744138 0.906254 0.744138 0.89258 0.742187 0.890627 0.742187 0.888673 0.740236 0.888673 0.738279 0.88672 0.695311 0.88672
1 1 0.207035 1 0.208988 1 0.208988 1 0.210941 1 0.210941 1 0.212895 1 0.212895 1 0.214848 1 0.214848 1 0.216793 1 0.216793 0.996094 0.220699 0.994143 0.220699 0.994143 0.222652 0.992187 0.224606 0.992187 0.246093 0.994143 0.248047 0.994143 0.253906 0.996094 0.253906 0.998045 0.25586 1 0.25586 1 0.253906 1 0.253906 1 0.251953 1 0.251953 1 0.25 1 0.25 1 0.248047 1 0.248047 1 0.246093 1 0.246093 1 0.24414 1 0.214848 1 0.212895 1 0.210941 1 0.208988 1 0.207035
1 0.757812 0.099608 0.755861 0.101562 0.746095 0.101562 0.744138 0.103515 0.73242 0.103515 0.730469 0.105468 0.720703 0.105468 0.718752 0.107421 0.707028 0.107421 0.705077 0.109375 0.691409 0.109375 0.689452 0.111328 0.677734 0.111328 0.675784 0.113281 0.669925 0.113281 0.667968 0.115235 0.666017 0.115235 0.66406 0.117188 0.658201 0.117188 0.652343 0.123048 0.652343 0.134768 0.654299 0.136722 0.654299 0.138675 0.65625 0.140628 0.65625 0.142582 0.658201 0.144536 0.658201 0.146489 0.662109 0.146489 0.66406 0.148433 0.673827 0.148433 0.675784 0.146489 0.677734 0.146489 0.679686 0.144536 0.695311 0.144536 0.697268 0.142582 0.710936 0.142582 0.712893 0.140628 0.728518 0.140628 0.730469 0.138675 0.744138 0.138675 0.746095 0.136722 0.76172 0.136722 0.76172 0.128909 0.759763 0.126955 0.759763 0.109375 0.757812 0.107421
0 0.826172 0.765629 0.824221 0.767582 0.822265 0.767582 0.820313 0.769536 0.818357 0.769536 0.816406 0.771489 0.800781 0.771489 0.79883 0.773433 0.792971 0.773433 0.791014 0.775386 0.787112 0.775386 0.785155 0.77734 0.785155 0.791014 0.787112 0.792967 0.787112 0.79492 0.791014 0.798827 0.792971 0.798827 0.794922 0.800781 0.806639 0.800781 0.808596 0.798827 0.812498 0.798827 0.816406 0.79492 0.822265 0.79492 0.824221 0.792967 0.828123 0.792967 0.83008 0.791014 0.833982 0.791014 0.835939 0.78906 0.841798 0.78906 0.841798 0.781247 0.843749 0.779294 0.843749 0.775386 0.841798 0.773433 0.841798 0.771489 0.839841 0.769536 0.839841 0.767582 0.83789 0.765629
0 0.599608 0.490238 0.597657 0.492192 0.582031 0.492192 0.580081 0.494136 0.578124 0.494136 0.576173 0.49609 0.576173 0.498043 0.574216 0.499996 0.574216 0.509763 0.576173 0.511717 0.576173 0.515623 0.580081 0.51953 0.601565 0.51953 0.603516 0.517577 0.609374 0.517577 0.611326 0.515623 0.638674 0.515623 0.640625 0.51367 0.640625 0.511717 0.638674 0.509763 0.638674 0.50195 0.636717 0.499996 0.636717 0.49609 0.634766 0.494136 0.636717 0.492192 0.632815 0.492192 0.630858 0.490238
1 0.640625 0.218746 0.638674 0.220699 0.628907 0.220699 0.626951 0.222652 0.61719 0.222652 0.615233 0.224606 0.605467 0.224606 0.603516 0.22656 0.591798 0.22656 0.589841 0.228513 0.580081 0.228513 0.578124 0.230466 0.568357 0.230466 0.566406 0.23242 0.552732 0.23242 0.550781 0.234373 0.54883 0.234373 0.542971 0.240233 0.542971 0.251953 0.544922 0.253906 0.544922 0.259767 0.546873 0.26172 0.546873 0.263674 0.54883 0.263674 0.550781 0.265627 0.554689 0.265627 0.556639 0.26758 0.576173 0.26758 0.578124 0.265627 0.585939 0.265627 0.58789 0.263674 0.595706 0.263674 0.597657 0.26172 0.605467 0.26172 0.607423 0.259767 0.61719 0.259767 0.619141 0.257813 0.626951 0.257813 0.628907 0.25586 0.636717 0.25586 0.638674 0.253906 0.646484 0.253906 0.646484 0.25 0.644533 0.248047 0.644533 0.238279 0.642576 0.236326 0.642576 0.22656 0.640625 0.224606
0 0.724611 0.847653 0.722654 0.849606 0.716795 0.849606 0.714844 0.85156 0.703126 0.85156 0.70117 0.853513 0.681642 0.853513 0.679686 0.855466 0.677734 0.855466 0.677734 0.857419 0.675784 0.859373 0.675784 0.865233 0.673827 0.867187 0.673827 0.86914 0.675784 0.871093 0.675784 0.878907 0.677734 0.88086 0.720703 0.88086 0.722654 0.878907 0.730469 0.878907 0.73242 0.876953 0.734377 0.876953 0.736328 0.875 0.738279 0.875 0.740236 0.873046 0.740236 0.861326 0.738279 0.859373 0.738279 0.85156 0.736328 0.849606 0.734377 0.849606 0.73242 0.847653
0 0.703126 0.810547 0.70117 0.812501 0.699219 0.812501 0.697268 0.814454 0.683593 0.814454 0.681642 0.816408 0.677734 0.816408 0.675784 0.818361 0.675784 0.820314 0.673827 0.822268 0.673827 0.830081 0.675784 0.832035 0.675784 0.833988 0.677734 0.835941 0.677734 0.837894 0.681642 0.837894 0.683593 0.839848 0.720703 0.839848 0.722654 0.837894 0.730469 0.837894 0.73242 0.835941 0.73242 0.832035 0.734377 0.830081 0.734377 0.818361 0.73242 0.816408 0.73242 0.814454 0.730469 0.812501 0.730469 0.810547
0 0.806639 0.61133 0.804688 0.613283 0.802737 0.613283 0.800781 0.615236 0.789063 0.615236 0.787112 0.61719 0.783204 0.61719 0.781247 0.619143 0.777345 0.619143 0.775389 0.621097 0.771487 0.621097 0.76953 0.62305 0.765628 0.62305 0.763671 0.625003 0.76172 0.625003 0.76172 0.642575 0.767579 0.648435 0.76953 0.648435 0.771487 0.650389 0.785155 0.650389 0.787112 0.648435 0.791014 0.648435 0.792971 0.646482 0.802737 0.646482 0.804688 0.644528 0.814455 0.644528 0.816406 0.642575 0.818357 0.642575 0.820313 0.640622 0.822265 0.640622 0.826172 0.636715 0.826172 0.62891 0.824221 0.626956 0.824221 0.62305 0.822265 0.621097 0.822265 0.615236 0.820313 0.613283 0.818357 0.613283 0.816406 0.61133
0 0.699219 0.660155 0.697268 0.662108 0.69336 0.662108 0.691409 0.664062 0.675784 0.664062 0.673827 0.666016 0.667968 0.666016 0.666017 0.667969 0.662109 0.667969 0.660158 0.669922 0.658201 0.669922 0.658201 0.671876 0.65625 0.673829 0.65625 0.675782 0.658201 0.677735 0.658201 0.681643 0.660158 0.683596 0.660158 0.685549 0.662109 0.687503 0.66406 0.687503 0.666017 0.689456 0.667968 0.689456 0.669925 0.691409 0.708985 0.691409 0.710936 0.689456 0.712893 0.689456 0.714844 0.687503 0.716795 0.687503 0.716795 0.685549 0.720703 0.681643 0.720703 0.673829 0.716795 0.669922 0.716795 0.667969 0.714844 0.666016 0.714844 0.664062 0.712893 0.664062 0.710936 0.662108 0.707028 0.662108 0.705077 0.660155
1 0.033205 0.056642 0.033205 0.062502 0.031248 0.064456 0.031248 0.076176 0.029297 0.078121 0.029297 0.089841 0.027346 0.091794 0.027346 0.097654 0.035156 0.097654 0.037107 0.099608 0.044923 0.099608 0.046874 0.101562 0.05664 0.101562 0.058591 0.103515 0.066407 0.103515 0.068358 0.105468 0.076173 0.105468 0.078124 0.107421 0.08594 0.107421 0.087891 0.109375 0.097657 0.109375 0.099608 0.111328 0.107424 0.111328 0.109375 0.113281 0.117185 0.113281 0.119142 0.115235 0.126951 0.115235 0.128908 0.117188 0.138674 0.117188 0.140626 0.119142 0.148436 0.119142 0.150392 0.121095 0.158202 0.121095 0.160159 0.123048 0.181643 0.123048 0.185545 0.119142 0.187502 0.119142 0.187502 0.117188 0.189453 0.115235 0.189453 0.113281 0.191404 0.111328 0.191404 0.087888 0.189453 0.085934 0.189453 0.083981 0.185545 0.083981 0.183594 0.082027 0.166018 0.082027 0.16211 0.078121 0.150392 0.078121 0.148436 0.076176 0.138674 0.076176 0.136718 0.074223 0.126951 0.074223 0.125 0.072269 0.115234 0.072269 0.113283 0.070316 0.103516 0.070316 0.101565 0.068363 0.09375 0.068363 0.091799 0.06641 0.082032 0.06641 0.080075 0.064456 0.070315 0.064456 0.068358 0.062502 0.058591 0.062502 0.05664 0.060549 0.046874 0.060549 0.044923 0.058596 0.035156 0.058596
1 0.015623 0.164061 0.011721 0.167967 0.011721 0.169921 0.009764 0.171874 0.009764 0.177734 0.007813 0.179688 0.007813 0.189454 0.009764 0.191407 0.009764 0.195314 0.023438 0.195314 0.025389 0.197268 0.037107 0.197268 0.039064 0.199221 0.050781 0.199221 0.052732 0.201175 0.064456 0.201175 0.066407 0.203127 0.078124 0.203127 0.080075 0.205081 0.095701 0.205081 0.097657 0.203127 0.097657 0.201175 0.099608 0.199221 0.099608 0.195314 0.101565 0.193361 0.101565 0.179688 0.097657 0.17578 0.095701 0.17578 0.09375 0.173827 0.082032 0.173827 0.080075 0.171874 0.066407 0.171874 0.064456 0.169921 0.048831 0.169921 0.046874 0.167967 0.033205 0.167967 0.031248 0.166014 0.01758 0.166014
0 0.347657 0.609376 0.3457 0.61133 0.339842 0.61133 0.337891 0.613283 0.335939 0.613283 0.333983 0.615236 0.333983 0.62305 0.335939 0.625003 0.335939 0.652342 0.337891 0.654295 0.337891 0.660155 0.339842 0.662108 0.339842 0.664062 0.343749 0.667969 0.353516 0.667969 0.355467 0.666016 0.357424 0.666016 0.359375 0.664062 0.363282 0.664062 0.363282 0.662108 0.365233 0.660155 0.365233 0.636715 0.363282 0.634761 0.363282 0.62891 0.361326 0.626956 0.361326 0.621097 0.359375 0.619143 0.359375 0.61719 0.357424 0.615236 0.357424 0.613283 0.355467 0.61133 0.349608 0.61133
0 0.128908 0.43359 0.126951 0.435544 0.068358 0.435544 0.068358 0.439451 0.066407 0.441404 0.066407 0.458984 0.070315 0.462891 0.070315 0.464844 0.074217 0.468751 0.13281 0.468751 0.138674 0.462891 0.138674 0.460938 0.140626 0.458984 0.140626 0.455078 0.142577 0.453124 0.142577 0.447264 0.140626 0.445311 0.140626 0.439451 0.138674 0.439451 0.136718 0.437497 0.134767 0.437497 0.13281 0.435544 0.130859 0.435544
0 0.642576 0.429684 0.640625 0.431637 0.630858 0.431637 0.628907 0.43359 0.61719 0.43359 0.615233 0.435544 0.605467 0.435544 0.603516 0.437497 0.591798 0.437497 0.589841 0.439451 0.572265 0.439451 0.572265 0.441404 0.570314 0.443357 0.570314 0.449217 0.568357 0.451171 0.568357 0.453124 0.570314 0.455078 0.570314 0.457031 0.572265 0.458984 0.572265 0.470705 0.576173 0.470705 0.578124 0.472658 0.583982 0.472658 0.585939 0.474611 0.589841 0.474611 0.591798 0.476565 0.593749 0.474611 0.607423 0.474611 0.609374 0.472658 0.623049 0.472658 0.625 0.470705 0.638674 0.470705 0.640625 0.468751 0.654299 0.468751 0.654299 0.43359 0.650392 0.43359 0.648435 0.431637 0.644533 0.431637
0 0.722654 0.771489 0.720703 0.773433 0.708985 0.773433 0.707028 0.775386 0.69336 0.775386 0.691409 0.77734 0.675784 0.77734 0.673827 0.779294 0.671876 0.779294 0.669925 0.781247 0.669925 0.79492 0.671876 0.796874 0.671876 0.798827 0.675784 0.802734 0.675784 0.804687 0.679686 0.804687 0.681642 0.806641 0.687501 0.806641 0.689452 0.804687 0.707028 0.804687 0.708985 0.802734 0.714844 0.802734 0.716795 0.800781 0.728518 0.800781 0.730469 0.798827 0.73242 0.798827 0.734377 0.796874 0.734377 0.785154 0.73242 0.7832 0.73242 0.779294 0.730469 0.77734 0.730469 0.775386 0.728518 0.773433 0.724611 0.773433
0 0.832031 0.798827 0.83008 0.800781 0.826172 0.800781 0.824221 0.802734 0.812498 0.802734 0.810547 0.804687 0.802737 0.804687 0.800781 0.806641 0.791014 0.806641 0.791014 0.808594 0.789063 0.810547 0.789063 0.822268 0.791014 0.824221 0.791014 0.830081 0.792971 0.830081 0.794922 0.832035 0.796873 0.832035 0.79883 0.833988 0.802737 0.833988 0.804688 0.832035 0.814455 0.832035 0.816406 0.830081 0.83008 0.830081 0.832031 0.828128 0.83789 0.828128 0.839841 0.826174 0.847656 0.826174 0.847656 0.824221 0.849607 0.822268 0.849607 0.816408 0.851564 0.814454 0.849607 0.812501 0.849607 0.806641 0.847656 0.804687 0.847656 0.802734 0.843749 0.798827
1 1 0.458984 1 0.460938 1 0.460938 1 0.462891 1 0.464844 1 0.464844 1 0.466798 1 0.466798 1 0.468751 1 0.468751 1 0.470705 1 0.470705 1 0.472658 1 0.472658 1 0.476565 1 0.476565 1 0.478518 1 0.478518 1 0.480471 1 0.480471 1 0.482425 0.998045 0.482425 0.998045 0.503903 1 0.505857 1 0.517577 1 0.51953 1 0.523437 1 0.523437 1 0.521483 1 0.521483 1 0.51953 1 0.51953 1 0.517577 1 0.517577 1 0.515623 1 0.515623 1 0.51367 1 0.51367 1 0.511717 1 0.511717 1 0.509763 1 0.509763 1 0.50781 1 0.50781 1 0.505857 1 0.505857 1 0.503903 1 0.503903 1 0.499996 1 0.480471 1 0.478518 1 0.470705 1 0.468751 1 0.466798 1 0.464844 1 0.462891 1 0.460938 1 0.460938 1 0.458984
1 1 0.087888 1 0.089841 1 0.089841 1 0.091794 1 0.091794 1 0.093748 1 0.093748 1 0.095701 1 0.095701 1 0.097654 1 0.097654 1 0.099608 1 0.099608 1 0.101562 1 0.101562 1 0.103515 1 0.103515 0.998045 0.105468 0.994143 0.105468 0.992187 0.107421 0.988279 0.107421 0.986328 0.109375 0.984377 0.109375 0.98242 0.111328 0.978518 0.111328 0.976561 0.113281 0.970702 0.113281 0.970702 0.115235 0.968752 0.117188 0.968752 0.121095 0.966795 0.123048 0.966795 0.132815 0.968752 0.134768 0.968752 0.144536 0.972653 0.148433 0.972653 0.150387 0.97461 0.150387 0.976561 0.15234 0.992187 0.15234 0.994143 0.150387 1 0.150387 1 0.148433 1 0.148433 1 0.146489 1 0.146489 1 0.144536 1 0.144536 1 0.142582 1 0.142582 1 0.140628 1 0.140628 1 0.138675 1 0.138675 1 0.136722 1 0.136722 1 0.134768 1 0.134768 1 0.130862 1 0.125001 1 0.123048 1 0.111328 1 0.109375 1 0.095701 1 0.093748
0 0.697268 0.738282 0.695311 0.740234 0.683593 0.740234 0.681642 0.742188 0.675784 0.742188 0.673827 0.744142 0.669925 0.744142 0.667968 0.746095 0.667968 0.748048 0.666017 0.750002 0.666017 0.757815 0.667968 0.759768 0.667968 0.761722 0.669925 0.763675 0.669925 0.765629 0.671876 0.765629 0.675784 0.769536 0.699219 0.769536 0.70117 0.767582 0.716795 0.767582 0.718752 0.765629 0.724611 0.765629 0.726562 0.763675 0.726562 0.759768 0.728518 0.757815 0.728518 0.750002 0.726562 0.748048 0.726562 0.744142 0.724611 0.742188 0.724611 0.740234 0.722654 0.738282
1 0 0.097654 0 0.103515 0 0.105468 0 0.117188 0 0.119142 0 0.130862 0 0.132815 0 0.138675 0 0.138675 0 0.140628 0 0.140628 0 0.142582 0 0.142582 0 0.144536 0 0.144536 0 0.146489 0.005862 0.146489 0.007813 0.148433 0.013672 0.148433 0.015623 0.150387 0.019531 0.150387 0.021482 0.15234 0.027346 0.15234 0.029297 0.154294 0.035156 0.154294 0.037107 0.156247 0.042972 0.156247 0.044923 0.1582 0.050781 0.1582 0.052732 0.160153 0.058591 0.160153 0.060548 0.162107 0.066407 0.162107 0.068358 0.164061 0.070315 0.164061 0.072265 0.166014 0.074217 0.166014 0.076173 0.167967 0.080075 0.167967 0.082032 0.169921 0.103516 0.169921 0.103516 0.164061 0.109375 0.1582 0.109375 0.15234 0.111326 0.150387 0.111326 0.126955 0.107424 0.123048 0.103516 0.123048 0.101565 0.121095 0.095701 0.121095 0.09375 0.119142 0.087891 0.119142 0.08594 0.117188 0.076173 0.117188 0.074217 0.115235 0.066407 0.115235 0.064456 0.113281 0.054689 0.113281 0.052732 0.111328 0.042972 0.111328 0.041015 0.109375 0.031248 0.109375 0.029297 0.107421 0.021482 0.107421 0.019531 0.105468 0.009764 0.105468 0.007813 0.103515 0 0.103515 0 0.101562 0 0.101562 0 0.099608 0 0.099608
0 0.455078 0.593749 0.453127 0.595703 0.449219 0.595703 0.447268 0.597656 0.445311 0.597656 0.44336 0.599609 0.441403 0.599609 0.441403 0.603517 0.439452 0.60547 0.439452 0.61133 0.441403 0.613283 0.441403 0.61719 0.44336 0.619143 0.44336 0.625003 0.445311 0.626956 0.445311 0.634761 0.447268 0.636715 0.447268 0.638669 0.449219 0.640622 0.449219 0.642575 0.45117 0.644528 0.45117 0.648435 0.455078 0.652342 0.466795 0.652342 0.468752 0.650389 0.474611 0.650389 0.474611 0.648435 0.478513 0.644528 0.478513 0.636715 0.476562 0.634761 0.476562 0.630864 0.474611 0.62891 0.474611 0.613283 0.472654 0.61133 0.472654 0.607423 0.470703 0.60547 0.470703 0.603517 0.466795 0.599609 0.466795 0.597656 0.464844 0.597656 0.462893 0.595703 0.460937 0.595703 0.458986 0.593749
1 1 0 1 0 1 0 1 0.000003 1 0.000003 1 0.001957 1 0.001957 1 0.003911 1 0.003911 0.998045 0.005863 0.986328 0.005863 0.984377 0.007808 0.976561 0.007808 0.97461 0.009761 0.970702 0.009761 0.968752 0.011715 0.951169 0.011715 0.951169 0.013668 0.949218 0.015622 0.949218 0.019528 0.947267 0.021482 0.947267 0.027342 0.949218 0.029295 0.949218 0.042969 0.951169 0.044922 0.951169 0.046875 0.953126 0.046875 0.955077 0.048829 0.957034 0.048829 0.958985 0.050782 0.972653 0.050782 0.97461 0.048829 0.984377 0.048829 0.986328 0.046875 0.994143 0.046875 0.996094 0.044922 1 0.044922 1 0.042969 1 0.042969 1 0.041015 1 0.041015 1 0.039062 1 0.039062 1 0.037109 1 0.037109 1 0.035155 1 0.035155 1 0.027342 1 0.025388 1 0.007808 1 0.005863 1 0
1 0.136718 0.029295 0.134767 0.031249 0.134767 0.041015 0.13281 0.042969 0.13281 0.058596 0.136718 0.058596 0.138674 0.060549 0.158202 0.060549 0.160159 0.062502 0.167969 0.062502 0.169919 0.064456 0.185545 0.064456 0.187502 0.06641 0.191404 0.06641 0.19336 0.068363 0.208986 0.068363 0.212888 0.064456 0.214844 0.064456 0.214844 0.062502 0.216796 0.060549 0.216796 0.046875 0.218752 0.044922 0.216796 0.042969 0.216796 0.041015 0.214844 0.039062 0.214844 0.037109 0.212888 0.037109 0.210937 0.035155 0.177735 0.035155 0.175784 0.033202 0.160159 0.033202 0.158202 0.031249 0.140626 0.031249 0.138674 0.029295
0 0.859374 0.908207 0.857423 0.910161 0.851564 0.910161 0.849607 0.912105 0.841798 0.912105 0.839841 0.914059 0.83789 0.914059 0.835939 0.916012 0.833982 0.916012 0.832031 0.917965 0.828123 0.917965 0.826172 0.919919 0.820313 0.919919 0.818357 0.921872 0.816406 0.921872 0.812498 0.925779 0.810547 0.925779 0.810547 0.941406 0.812498 0.941406 0.820313 0.94922 0.826172 0.94922 0.828123 0.951172 0.833982 0.951172 0.835939 0.94922 0.839841 0.94922 0.841798 0.947266 0.843749 0.947266 0.845706 0.945312 0.849607 0.945312 0.851564 0.943359 0.855466 0.943359 0.859374 0.939452 0.863282 0.939452 0.865233 0.937499 0.867189 0.937499 0.871092 0.933592 0.871092 0.931639 0.873048 0.929686 0.873048 0.919919 0.871092 0.917965 0.871092 0.912105 0.869141 0.910161 0.865233 0.910161 0.863282 0.908207
0 0.777345 0.310546 0.775389 0.312499 0.759763 0.312499 0.757812 0.314453 0.744138 0.314453 0.742187 0.316405 0.712893 0.316405 0.708985 0.320312 0.707028 0.320312 0.703126 0.324219 0.70117 0.324219 0.70117 0.326173 0.699219 0.328126 0.699219 0.337893 0.703126 0.3418 0.703126 0.343753 0.705077 0.343753 0.707028 0.345706 0.73242 0.345706 0.734377 0.343753 0.748046 0.343753 0.750002 0.3418 0.765628 0.3418 0.767579 0.339846 0.781247 0.339846 0.781247 0.333986 0.779296 0.332033 0.779296 0.318359 0.777345 0.316405
1 0.003905 0 0.003905 0 0.001954 0 0.001954 0 0 0 0 0 0 0 0 0 0.007813 0 0.009764 0 0.019531 0 0.021482 0 0.029297 0 0.031248 0 0.041015 0 0.042972 0 0.052732 0 0.054689 0 0.064456 0 0.066407 0 0.074217 0 0.076173 0 0.08594 0 0.087891 0.000003 0.097657 0.000003 0.099608 0.001957 0.109375 0.001957 0.111326 0.003911 0.125 0.003911 0.126951 0.005863 0.130859 0.005863 0.138674 0 0.138674 0 0.134767 0 0.13281 0 0.130859 0 0.123049 0 0.119142 0 0.113283 0 0.111326 0 0.09375 0 0.091799 0 0.080075 0 0.078124 0 0.064456 0 0.062499 0 0.050781 0 0.048831 0 0.035156 0 0.033205 0 0.021482 0 0.019531 0 0.005862 0
1 0.638674 0.119142 0.636717 0.121095 0.630858 0.121095 0.628907 0.123048 0.619141 0.123048 0.61719 0.125001 0.607423 0.125001 0.605467 0.126955 0.593749 0.126955 0.591798 0.128909 0.582031 0.128909 0.580081 0.130862 0.572265 0.130862 0.570314 0.132815 0.564455 0.132815 0.562498 0.134768 0.54883 0.134768 0.546873 0.136722 0.544922 0.136722 0.542971 0.138675 0.541014 0.138675 0.539063 0.140628 0.539063 0.142582 0.537112 0.144536 0.537112 0.15234 0.539063 0.154294 0.539063 0.1582 0.541014 0.160153 0.541014 0.164061 0.544922 0.167967 0.562498 0.167967 0.564455 0.166014 0.576173 0.166014 0.578124 0.164061 0.585939 0.164061 0.58789 0.162107 0.597657 0.162107 0.599608 0.160153 0.611326 0.160153 0.613282 0.1582 0.623049 0.1582 0.625 0.156247 0.636717 0.156247 0.638674 0.154294 0.648435 0.154294 0.648435 0.150387 0.646484 0.148433 0.646484 0.138675 0.644533 0.136722 0.644533 0.126955 0.642576 0.125001 0.642576 0.119142
0 0.806639 0.691409 0.804688 0.693363 0.800781 0.693363 0.79883 0.695316 0.785155 0.695316 0.783204 0.697269 0.779296 0.697269 0.777345 0.699223 0.773438 0.699223 0.771487 0.701176 0.771487 0.703121 0.76953 0.705074 0.76953 0.716794 0.771487 0.718748 0.771487 0.720701 0.775389 0.724607 0.775389 0.726561 0.783204 0.726561 0.785155 0.728515 0.791014 0.728515 0.792971 0.726561 0.800781 0.726561 0.802737 0.724607 0.814455 0.724607 0.816406 0.722655 0.822265 0.722655 0.824221 0.720701 0.832031 0.720701 0.832031 0.718748 0.833982 0.716794 0.833982 0.707028 0.832031 0.705074 0.832031 0.695316 0.828123 0.691409
0 0.839841 0.86328 0.83789 0.865233 0.832031 0.865233 0.83008 0.867187 0.826172 0.867187 0.820313 0.873046 0.816406 0.873046 0.812498 0.876953 0.810547 0.876953 0.810547 0.878907 0.808596 0.88086 0.808596 0.894534 0.814455 0.900393 0.818357 0.900393 0.820313 0.902347 0.832031 0.902347 0.833982 0.900393 0.835939 0.900393 0.83789 0.89844 0.853515 0.89844 0.855466 0.896487 0.857423 0.896487 0.859374 0.894534 0.869141 0.894534 0.869141 0.878907 0.867189 0.876953 0.867189 0.875 0.863282 0.871093 0.863282 0.867187 0.859374 0.867187 0.857423 0.865233 0.849607 0.865233 0.847656 0.86328
0 0.826172 0.728515 0.824221 0.730468 0.810547 0.730468 0.808596 0.732421 0.792971 0.732421 0.791014 0.734375 0.785155 0.734375 0.781247 0.738282 0.779296 0.738282 0.779296 0.744142 0.777345 0.746095 0.777345 0.750002 0.779296 0.751955 0.779296 0.753909 0.781247 0.755862 0.781247 0.757815 0.783204 0.759768 0.783204 0.761722 0.785155 0.761722 0.789063 0.765629 0.804688 0.765629 0.806639 0.763675 0.808596 0.763675 0.810547 0.761722 0.816406 0.761722 0.818357 0.759768 0.824221 0.759768 0.826172 0.757815 0.832031 0.757815 0.833982 0.755862 0.835939 0.755862 0.839841 0.751955 0.839841 0.750002 0.841798 0.748048 0.841798 0.736328 0.835939 0.730468 0.835939 0.728515
0 0.841798 0.828128 0.839841 0.830081 0.83789 0.830081 0.835939 0.832035 0.832031 0.832035 0.83008 0.833988 0.812498 0.833988 0.808596 0.837894 0.806639 0.837894 0.804688 0.839848 0.802737 0.839848 0.800781 0.841793 0.796873 0.841793 0.794922 0.843746 0.794922 0.847653 0.796873 0.849606 0.796873 0.853513 0.79883 0.855466 0.79883 0.859373 0.802737 0.86328 0.802737 0.865233 0.810547 0.865233 0.812498 0.86328 0.820313 0.86328 0.822265 0.861326 0.832031 0.861326 0.833982 0.859373 0.849607 0.859373 0.851564 0.857419 0.855466 0.857419 0.857423 0.855466 0.857423 0.837894 0.855466 0.835941 0.855466 0.833988 0.851564 0.830081 0.849607 0.830081 0.847656 0.828128
0 0.300781 0.61133 0.296873 0.615236 0.291015 0.615236 0.287107 0.619143 0.287107 0.621097 0.285156 0.62305 0.285156 0.632808 0.287107 0.634761 0.287107 0.638669 0.289063 0.640622 0.289063 0.642575 0.291015 0.644528 0.291015 0.654295 0.292971 0.656249 0.292971 0.666016 0.294922 0.667969 0.294922 0.669922 0.29883 0.669922 0.300781 0.671876 0.304689 0.671876 0.30664 0.669922 0.314455 0.669922 0.314455 0.667969 0.316406 0.666016 0.320314 0.666016 0.320314 0.664062 0.322265 0.662108 0.322265 0.644528 0.320314 0.642575 0.320314 0.632808 0.318357 0.630864 0.318357 0.62305 0.316406 0.621097 0.316406 0.619143 0.310548 0.613283 0.30664 0.613283 0.304689 0.61133
1 1 0.144536 1 0.146489 1 0.146489 1 0.148433 1 0.148433 1 0.150387 1 0.150387 1 0.15234 1 0.15234 1 0.154294 1 0.154294 1 0.156247 1 0.156247 1 0.1582 1 0.1582 1 0.160153 0.994143 0.160153 0.992187 0.162107 0.988279 0.162107 0.986328 0.164061 0.984377 0.164061 0.98242 0.166014 0.978518 0.166014 0.976561 0.167967 0.97461 0.167967 0.972653 0.169921 0.968752 0.169921 0.968752 0.171874 0.966795 0.173827 0.966795 0.17578 0.964844 0.177734 0.964844 0.179688 0.962893 0.181641 0.962893 0.193361 0.964844 0.195314 0.964844 0.201175 0.966795 0.203127 0.966795 0.205081 0.968752 0.207035 0.972653 0.207035 0.97461 0.205081 0.992187 0.205081 0.994143 0.203127 1 0.203127 1 0.201175 1 0.201175 1 0.199221 1 0.199221 1 0.197268 1 0.197268 1 0.195314 1 0.195314 1 0.193361 1 0.193361 1 0.191407 1 0.191407 1 0.185548 1 0.183594 1 0.169921 1 0.167967 1 0.154294 1 0.15234
1 1 0.955079 1 0.957033 1 0.957033 1 0.960939 1 0.960939 1 0.964847 1 0.964847 1 0.966799 1 0.966799 1 0.968753 1 0.968753 1 0.970706 1 0.970706 1 0.97266 1 0.97266 1 0.974613 1 0.974613 1 0.976566 1 0.976566 1 0.97852 1 0.97852 1 0.980464 1 0.980464 1 0.982418 0.998045 0.982418 0.996094 0.984371 0.994143 0.984371 0.992187 0.986324 0.988279 0.986324 0.986328 0.988278 0.984377 0.988278 0.98242 0.990231 0.980469 0.990231 0.978518 0.992185 0.97461 0.992185 0.972653 0.994138 0.970702 0.994138 0.968752 0.996091 0.966795 0.996091 0.964844 0.998045 0.962893 0.998045 0.960936 0.999998 0.957034 0.999998 0.955077 1 0.953126 1 0.951169 1 0.949218 1 0.94336 1 0.941408 1 0.939452 1 0.939452 1 0.941408 1 0.941408 1 0.94336 1 0.94336 1 0.988279 1 0.990236 1 0.994143 1 0.998045 1 1 1 1 1 1 1 1 1 1 1 1 1 1 1 1 1 1 1 1 1 1 1 1 1 1 1 1 1 1 1 1 1 1 1 1 1 1 1 1 1 1 1 1 1 1 0.999998 1 0.999998 1 0.994138 1 0.990231 1 0.990231 1 0.988278 1 0.988278 1 0.986324 1 0.986324 1 0.984371 1 0.974613 1 0.970706 1 0.968753 1 0.966799 1 0.964847 1 0.962893 1 0.960939 1 0.955079
0 0.099608 0.572262 0.097657 0.574216 0.087891 0.574216 0.08594 0.576169 0.082032 0.576169 0.080075 0.578122 0.074217 0.578122 0.072265 0.580076 0.066407 0.580076 0.064456 0.582029 0.062499 0.582029 0.058591 0.585936 0.058591 0.595703 0.060548 0.597656 0.060548 0.603517 0.062499 0.60547 0.066407 0.60547 0.068358 0.607423 0.083983 0.607423 0.08594 0.60547 0.103516 0.60547 0.105467 0.603517 0.111326 0.603517 0.113283 0.601563 0.115234 0.601563 0.117185 0.599609 0.117185 0.597656 0.121093 0.593749 0.119142 0.591796 0.119142 0.582029 0.117185 0.580076 0.117185 0.576169 0.115234 0.576169 0.113283 0.574216 0.111326 0.574216 0.109375 0.572262
1 0 0.25 0 0.291012 0.042972 0.291012 0.044923 0.292965 0.107424 0.292965 0.109375 0.294919 0.111326 0.292965 0.119142 0.292965 0.123049 0.289059 0.123049 0.27344 0.125 0.271487 0.125 0.265627 0.123049 0.263674 0.123049 0.259767 0.121093 0.257813 0.117185 0.257813 0.115234 0.25586 0.113283 0.25586 0.111326 0.253906 0.105467 0.253906 0.103516 0.251953 0 0.251953
1 0.630858 0.169921 0.628907 0.171874 0.621092 0.171874 0.619141 0.173827 0.609374 0.173827 0.607423 0.17578 0.599608 0.17578 0.597657 0.177734 0.58789 0.177734 0.585939 0.179688 0.578124 0.179688 0.576173 0.181641 0.566406 0.181641 0.564455 0.183594 0.554689 0.183594 0.552732 0.185548 0.550781 0.185548 0.54883 0.1875 0.54883 0.189454 0.546873 0.191407 0.546873 0.207035 0.54883 0.208988 0.54883 0.210941 0.550781 0.212895 0.552732 0.212895 0.556639 0.216793 0.572265 0.216793 0.574216 0.214848 0.578124 0.214848 0.580081 0.212895 0.58789 0.212895 0.589841 0.210941 0.597657 0.210941 0.599608 0.208988 0.605467 0.208988 0.607423 0.207035 0.615233 0.207035 0.61719 0.205081 0.625 0.205081 0.626951 0.203127 0.632815 0.203127 0.634766 0.201175 0.642576 0.201175 0.642576 0.197268 0.640625 0.195314 0.640625 0.1875 0.638674 0.185548 0.638674 0.17578 0.636717 0.173827 0.636717 0.169921
1 0.025389 0.001957 0.025389 0.005863 0.023438 0.007808 0.023438 0.015622 0.021482 0.017575 0.021482 0.025388 0.019531 0.027342 0.019531 0.035155 0.01758 0.037109 0.01758 0.041015 0.027346 0.041015 0.029297 0.042969 0.039064 0.042969 0.041015 0.044922 0.052732 0.044922 0.054689 0.046875 0.064456 0.046875 0.066407 0.048829 0.076173 0.048829 0.078124 0.050782 0.087891 0.050782 0.089842 0.052736 0.107424 0.052736 0.109375 0.054689 0.113283 0.050782 0.113283 0.048829 0.115234 0.046875 0.115234 0.035155 0.117185 0.033202 0.117185 0.025388 0.115234 0.023435 0.115234 0.015622 0.103516 0.015622 0.101565 0.013668 0.091799 0.013668 0.089842 0.011715 0.078124 0.011715 0.076173 0.009761 0.066407 0.009761 0.064456 0.007808 0.052732 0.007808 0.050781 0.005863 0.041015 0.005863 0.039064 0.003911 0.027346 0.003911
0 0.773438 0.367185 0.771487 0.369138 0.750002 0.369138 0.748046 0.371091 0.726562 0.371091 0.724611 0.373045 0.712893 0.373045 0.710936 0.374998 0.70117 0.374998 0.699219 0.376952 0.697268 0.376952 0.695311 0.378905 0.695311 0.380858 0.69336 0.382812 0.69336 0.388672 0.695311 0.390625 0.695311 0.392579 0.697268 0.394532 0.697268 0.398438 0.70117 0.402345 0.703126 0.402345 0.705077 0.404299 0.742187 0.404299 0.744138 0.402345 0.751953 0.402345 0.753905 0.400392 0.759763 0.400392 0.76172 0.398438 0.775389 0.398438 0.777345 0.396485 0.777345 0.390625 0.775389 0.388672 0.775389 0.374998 0.773438 0.373045
0 0.074217 0.349613 0.072265 0.351566 0.068358 0.351566 0.068358 0.355464 0.066407 0.357418 0.064456 0.357418 0.062499 0.359371 0.062499 0.361325 0.060548 0.363278 0.060548 0.371091 0.062499 0.373045 0.062499 0.374998 0.064456 0.376952 0.064456 0.378905 0.068358 0.382812 0.105467 0.382812 0.107424 0.380858 0.117185 0.380858 0.121093 0.376952 0.125 0.376952 0.126951 0.374998 0.126951 0.373045 0.128908 0.371091 0.128908 0.359371 0.123049 0.35352 0.107424 0.35352 0.105467 0.351566 0.099608 0.351566 0.097657 0.349613
1 0.105467 0.212895 0.103516 0.214848 0.046874 0.214848 0.046874 0.22656 0.044923 0.228513 0.044923 0.240233 0.046874 0.242187 0.060548 0.242187 0.062499 0.24414 0.109375 0.24414 0.111326 0.246093 0.115234 0.242187 0.115234 0.238279 0.117185 0.236326 0.117185 0.230466 0.119142 0.228513 0.119142 0.218746 0.113283 0.212895