0 0.308594 0.113281 0.30664 0.115234 0.300783 0.115234 0.300783 0.121093 0.302733 0.123046 0.302733 0.128908 0.304687 0.126951 0.310548 0.126951 0.310548 0.121093 0.308594 0.11914
1 0.326171 0 0.324217 0 0.320313 0 0.318359 0 0.314452 0 0.314452 0 0.316406 0 0.316406 0.003906 0.318359 0.005858 0.318359 0.011717 0.320313 0.013674 0.320313 0.019532 0.322267 0.021485 0.322267 0.027344 0.324217 0.029296 0.324217 0.035155 0.326171 0.037108 0.326171 0.04297 0.328125 0.044923 0.328125 0.048829 0.330078 0.046876 0.341797 0.046876 0.341797 0.044923 0.339844 0.04297 0.339844 0.037108 0.33789 0.035155 0.33789 0.029296 0.335936 0.027344 0.335936 0.023438 0.333986 0.021485 0.333986 0.015627 0.332032 0.013674 0.332032 0.009764 0.330078 0.007811 0.330078 0.001953 0.328125 0 0.328125 0 0.326171 0
0 0.279298 0.066405 0.279298 0.07422 0.281249 0.076173 0.281249 0.085937 0.289064 0.085937 0.289064 0.076173 0.291014 0.07422 0.291014 0.066405
0 0.349609 0.103517 0.349609 0.10547 0.351563 0.107423 0.351563 0.111328 0.353516 0.113281 0.353516 0.115234 0.35547 0.115234 0.35547 0.113281 0.353516 0.111328 0.353516 0.10547 0.351563 0.103517
0 0.359374 0.099611 0.35742 0.101564 0.353516 0.101564 0.353516 0.103517 0.35547 0.10547 0.35547 0.111328 0.35742 0.113281 0.35742 0.115234 0.359374 0.113281 0.363281 0.113281 0.363281 0.111328 0.361328 0.109376 0.361328 0.103517 0.359374 0.101564
0 0.068361 0.04297 0.068361 0.054688 0.070311 0.056641 0.070311 0.070311 0.072265 0.068358 0.08203 0.068358 0.08203 0.062499 0.08008 0.060546 0.08008 0.050782 0.078126 0.048829 0.078126 0.04297
0 0.240234 0.126951 0.240234 0.132814 0.242188 0.134767 0.242188 0.140625 0.244142 0.138672 0.248046 0.138672 0.248046 0.134767 0.246095 0.132814 0.246095 0.126951
0 0.21875 0.07422 0.21875 0.082032 0.220704 0.083985 0.220704 0.091796 0.222657 0.089843 0.228515 0.089843 0.228515 0.07422
0 0.28711 0.716798 0.285156 0.71875 0.281249 0.71875 0.279298 0.720703 0.275391 0.720703 0.273437 0.722656 0.26953 0.722656 0.273437 0.726562 0.273437 0.728515 0.275391 0.730468 0.277345 0.728515 0.279298 0.728515 0.283203 0.724609 0.285156 0.724609 0.28711 0.722656 0.289064 0.722656 0.289064 0.720703 0.28711 0.71875
0 0.291014 0.115234 0.291014 0.121093 0.292968 0.123046 0.292968 0.130861 0.294921 0.128908 0.298829 0.128908 0.298829 0.115234
0 1 0.458985 1 0.460938 1 0.460938 1 0.46289 1 0.46289 1 0.464844 1 0.464844 1 0.466796 1 0.466796 1 0.468749 0.999999 0.468749 0.999999 0.470702 1 0.472655 1 0.474608 1 0.472655 1 0.472655 1 0.470702 1 0.470702 1 0.468749 1 0.468749
0 0.40625 0.699218 0.404296 0.701171 0.400392 0.701171 0.398438 0.703124 0.392577 0.703124 0.390623 0.705077 0.386719 0.705077 0.390623 0.708986 0.390623 0.710939 0.392577 0.712892 0.394531 0.710939 0.398438 0.710939 0.400392 0.708986 0.402342 0.708986 0.404296 0.70703 0.408204 0.70703 0.408204 0.705077 0.40625 0.703124
1 0.058595 0.154295 0.056642 0.156248 0.042969 0.156248 0.041015 0.158205 0.027343 0.158205 0.027343 0.169922 0.029296 0.167969 0.042969 0.167969 0.044923 0.166016 0.058595 0.166016
0 0.023438 0.984375 0.023438 1 0.03125 1 0.03125 0.986328 0.025392 0.986328
3 0 0.242186 0 0.244139 0 0.244139 0 0.246095 0 0.246095 0 0.248048 0 0.248048 0 0.250001 0 0.250001 0 0.251954 0 0.251954 0 0.253907 0 0.253907 0 0.25586 0 0.25586 0 0.257813 0 0.257813 0 0.261718 0 0.263671 0 0.271483 0 0.273439 0 0.281251 0 0.283204 0 0.291015 0 0.292968 0 0.30078 0 0.302736 0 0.310548 0 0.3125 0 0.320312 0 0.322265 0 0.330076 0 0.332033 0 0.339844 0 0.341797 0 0.349609 0 0.351562 0 0.359373 0 0.36133 0 0.369141 0 0.371094 0 0.378906 0 0.380859 0 0.38867 0 0.390627 0 0.398438 0 0.400391 0 0.40625 0 0.408203 0 0.416014 0 0.417967 0 0.425782 0 0.427735 0 0.435546 0 0.437499 0 0.445311 0 0.447267 0 0.455079 0 0.457032 0 0.464844 0 0.466796 0 0.474608 0 0.476564 0 0.484376 0 0.486329 0 0.49414 0 0.496093 0 0.503904 0 0.505861 0 0.513673 0 0.515625 0 0.523437 0 0.52539 0 0.533201 0 0.535158 0 0.542969 0 0.544922 0 0.552734 0 0.554687 0 0.558593 0 0.55664 0 0.55664 0 0.554687 0 0.554687 0 0.552734 0 0.552734 0 0.550781 0 0.550781 0 0.548828 0.003905 0.548828 0.005858 0.546875 0.017577 0.546875 0.017577 0.544922 0.015624 0.542969 0.015624 0.541017 0.013673 0.539064 0.013673 0.537111 0.01172 0.535158 0.01172 0.529295 0.009766 0.527343 0.009766 0.517578 0.007812 0.515625 0.007812 0.507814 0.005858 0.505861 0.005858 0.496093 0.003905 0.49414 0.003905 0.486329 0.001954 0.484376 0.001954 0.474608 0.000001 0.472655 0.000001 0.464844 0 0.46289 0 0.453126 0 0.451173 0 0.443358 0 0.441405 0 0.431641 0 0.429688 0 0.421876 0 0.419924 0 0.410155 0 0.408203 0 0.400391 0 0.398438 0 0.38867 0 0.386717 0 0.376953 0 0.375 0 0.367188 0 0.365236 0 0.355468 0 0.353514 0 0.345703 0 0.34375 0 0.333986 0 0.332033 0 0.324218 0 0.322265 0 0.3125 0 0.310548 0 0.302736 0 0.30078 0 0.291015 0 0.289062 0 0.281251 0 0.279298 0 0.26953 0 0.267577 0 0.259765 0 0.257813 0 0.248048 0 0.246095
0 0.263672 0.068358 0.263672 0.083985 0.273437 0.083985 0.273437 0.068358
0 0.347655 0.103517 0.345705 0.10547 0.339844 0.10547 0.339844 0.107423 0.341797 0.109376 0.341797 0.115234 0.343751 0.117187 0.343751 0.11914 0.345705 0.117187 0.349609 0.117187 0.349609 0.111328 0.347655 0.109376
0 0.197266 0.07422 0.197266 0.082032 0.199219 0.083985 0.199219 0.091796 0.201173 0.089843 0.207031 0.089843 0.207031 0.07422
1 0.025392 0.160158 0.023438 0.162111 0.013673 0.162111 0.01172 0.164063 0.000001 0.164063 0 0.166016 0 0.166016 0 0.169922 0 0.171875 0 0.175781 0 0.173828 0.007812 0.173828 0.009766 0.171875 0.025392 0.171875
1 0.310548 0 0.308594 0 0.296875 0 0.296875 0 0.298829 0.001953 0.298829 0.007811 0.300783 0.009764 0.300783 0.013674 0.302733 0.015627 0.302733 0.021485 0.304687 0.023438 0.304687 0.029296 0.30664 0.03125 0.30664 0.035155 0.308594 0.037108 0.308594 0.04297 0.310548 0.044923 0.310548 0.046876 0.312502 0.044923 0.322267 0.044923 0.322267 0.041014 0.320313 0.039061 0.320313 0.033202 0.318359 0.03125 0.318359 0.025391 0.316406 0.023438 0.316406 0.017579 0.314452 0.015627 0.314452 0.009764 0.312502 0.007811 0.312502 0.001953 0.310548 0
0 0.33789 0.10547 0.335936 0.107423 0.332032 0.107423 0.332032 0.111328 0.333986 0.113281 0.333986 0.11914 0.339844 0.11914 0.339844 0.113281 0.33789 0.111328
0 0.537109 0.64453 0.535155 0.646483 0.529297 0.646483 0.527344 0.648436 0.521486 0.648436 0.521486 0.650393 0.523436 0.652345 0.523436 0.654298 0.52539 0.652345 0.537109 0.652345
1 0.177735 0 0.175782 0 0.16797 0 0.16797 0 0.16992 0 0.16992 0 0.171874 0 0.171874 0 0.173828 0 0.173828 0.005858 0.175782 0.007811 0.175782 0.011717 0.177735 0.013674 0.177735 0.019532 0.179689 0.021485 0.179689 0.027344 0.181639 0.029296 0.181639 0.033202 0.183593 0.035155 0.183593 0.041014 0.185547 0.04297 0.185547 0.044923 0.1875 0.04297 0.197266 0.04297 0.197266 0.041014 0.195312 0.039061 0.195312 0.035155 0.193358 0.033202 0.193358 0.029296 0.191405 0.027344 0.191405 0.021485 0.189454 0.019532 0.189454 0.015627 0.1875 0.013674 0.1875 0.009764 0.185547 0.007811 0.185547 0.003906 0.183593 0.001953 0.183593 0 0.181639 0 0.181639 0 0.179689 0 0.179689 0 0.177735 0
0 0.312502 0.111328 0.312502 0.117187 0.314452 0.11914 0.314452 0.126951 0.316406 0.124999 0.322267 0.124999 0.322267 0.11914 0.320313 0.117187 0.320313 0.111328
0 0.310548 0.064452 0.310548 0.080079 0.320313 0.080079 0.320313 0.07422 0.318359 0.072267 0.318359 0.064452
0 0.248046 0.070311 0.248046 0.083985 0.255861 0.083985 0.255861 0.070311
1 0.042969 0.091796 0.041015 0.093749 0.009766 0.093749 0.009766 0.097655 0.01172 0.099611 0.01172 0.10547 0.013673 0.103517 0.042969 0.103517
0 0.351563 0.64453 0.349609 0.646483 0.343751 0.646483 0.341797 0.648436 0.335936 0.648436 0.33789 0.650393 0.33789 0.652345 0.339844 0.654298 0.339844 0.656251 0.341797 0.654298 0.345705 0.654298 0.347655 0.652345 0.349609 0.652345 0.351563 0.650393 0.35547 0.650393 0.353516 0.648436 0.353516 0.646483
1 0.025392 0.175781 0.023438 0.177734 0.009766 0.177734 0.007812 0.179686 0 0.179686 0 0.187502 0 0.185545 0.023438 0.185545 0.023438 0.181639 0.025392 0.179686
0 0.26953 0.121093 0.267579 0.123046 0.261718 0.123046 0.261718 0.128908 0.263672 0.130861 0.263672 0.138672 0.265626 0.136719 0.273437 0.136719 0.273437 0.134767 0.271484 0.132814 0.271484 0.126951 0.26953 0.124999
0 0.234376 0.070311 0.234376 0.078126 0.236327 0.080079 0.236327 0.08789 0.23828 0.085937 0.246095 0.085937 0.246095 0.070311
0 0.095703 0.78125 0.093749 0.783203 0.087891 0.783203 0.085937 0.785156 0.08203 0.785156 0.08008 0.787108 0.074218 0.787108 0.074218 0.791014 0.076172 0.792967 0.076172 0.796876 0.078126 0.794924 0.08203 0.794924 0.083984 0.792967 0.089845 0.792967 0.091799 0.791014 0.095703 0.791014
0 0.298829 0.064452 0.298829 0.072267 0.300783 0.07422 0.300783 0.083985 0.302733 0.082032 0.308594 0.082032 0.308594 0.07422 0.30664 0.072267 0.30664 0.064452
0 0.185547 0.076173 0.185547 0.083985 0.1875 0.085937 0.1875 0.093749 0.195312 0.093749 0.195312 0.085937 0.193358 0.083985 0.193358 0.076173
0 0.281249 0.115234 0.281249 0.121093 0.283203 0.123046 0.283203 0.130861 0.291014 0.130861 0.291014 0.124999 0.289064 0.123046 0.289064 0.115234
0 0.324217 0.109376 0.324217 0.123046 0.326171 0.121093 0.330078 0.121093 0.330078 0.117187 0.328125 0.115234 0.328125 0.109376
0 0.249999 0.124999 0.249999 0.130861 0.251953 0.132814 0.251953 0.138672 0.259765 0.138672 0.259765 0.132814 0.257811 0.130861 0.257811 0.124999
1 0.486329 0 0.486329 0.001953 0.515625 0.001953 0.515625 0 0.517578 0 0.517578 0
1 0.058595 0.167969 0.056642 0.169922 0.042969 0.169922 0.041015 0.171875 0.027343 0.171875 0.027343 0.175781 0.029296 0.177734 0.029296 0.183592 0.03125 0.181639 0.039062 0.181639 0.041015 0.179686 0.05078 0.179686 0.052734 0.177734 0.060546 0.177734 0.060546 0.173828 0.058595 0.171875