10 0.24414 0.1875 0.232423 0.199218 0.232423 0.201169 0.208984 0.224611 0.208984 0.226562 0.185546 0.249997 0.185546 0.251955 0.173828 0.263672 0.181641 0.271482 0.183595 0.271482 0.195313 0.283206 0.20508 0.273439 0.20508 0.271482 0.222656 0.253905 0.222656 0.251955 0.232423 0.242188 0.240235 0.249997 0.242186 0.249997 0.253907 0.261722 0.259766 0.255856 0.259766 0.253905 0.265625 0.248046 0.26367 0.248046 0.259766 0.244138 0.257812 0.244138 0.253907 0.240236 0.251953 0.240236 0.248048 0.236329 0.249999 0.234378 0.249999 0.23242 0.255861 0.226562 0.255861 0.224611 0.259766 0.220703 0.259766 0.218752 0.265625 0.212893 0.265625 0.210936 0.267579 0.208985 0.257812 0.199218 0.255861 0.199218
0 0.486327 0.470703 0.478517 0.478513 0.476563 0.478513 0.472655 0.482421 0.482422 0.492188 0.484376 0.492188 0.496093 0.503905 0.503906 0.496095 0.50586 0.496095 0.509765 0.492188 0.500001 0.482421 0.498047 0.482421
10 0.335936 0.085936 0.306639 0.115237 0.306639 0.117188 0.271483 0.152341 0.275391 0.156249 0.277345 0.156249 0.285155 0.164065 0.287109 0.164065 0.292968 0.169924 0.296876 0.166016 0.296876 0.164065 0.304688 0.156249 0.304688 0.154298 0.310547 0.148439 0.310547 0.146482 0.31836 0.138672 0.31836 0.136722 0.322265 0.132813 0.324219 0.132813 0.326173 0.134765 0.328123 0.134765 0.330077 0.136722 0.332031 0.136722 0.333985 0.138672 0.335936 0.138672 0.33789 0.140623 0.353516 0.124998 0.35547 0.126955 0.357421 0.126955 0.361329 0.130857 0.363283 0.130857 0.367187 0.134765 0.369141 0.134765 0.375 0.140623 0.376954 0.140623 0.380859 0.144531 0.382813 0.144531 0.386718 0.148439 0.386718 0.146482 0.388672 0.144531 0.388672 0.142581 0.390626 0.140623 0.390626 0.138672 0.39258 0.136722 0.39258 0.134765 0.39453 0.132813 0.39258 0.130857 0.390626 0.130857 0.382813 0.123047 0.380859 0.123047 0.373046 0.115237 0.371092 0.115237 0.363283 0.10742 0.361329 0.10742 0.353516 0.099611 0.351562 0.099611 0.343749 0.091795 0.341798 0.091795
0 0.361329 0.785157 0.357421 0.789064 0.35547 0.789064 0.347657 0.796874 0.345703 0.796874 0.343749 0.798825 0.373046 0.828126 0.388672 0.8125
0 0.996095 0.029298 0.996095 0.031249 0.994141 0.033206 0.994141 0.037108 0.992187 0.039065 0.992187 0.042967 0.990233 0.044924 0.990233 0.046875 0.992187 0.046875 0.994141 0.048826 0.996095 0.048826 0.998046 0.050783 1 0.050783 1 0.052734 1 0.052734 1 0.054685 1 0.054685 1 0.058593 1 0.058593 1 0.06055 1 0.06055 1 0.0625 1 0.0625 1 0.064452 1 0.064452 1 0.066409 1 0.064452 1 0.0625 1 0.058593 1 0.056642 1 0.054685 1 0.052734 1 0.050783 1 0.050783 1 0.046875 1 0.046875 1 0.044924 1 0.044924 1 0.042967 1 0.042967 1 0.039065 1 0.039065 1 0.037108 1 0.037108 1 0.035157 1 0.035157 1 0.031249 0.998046 0.031249
11 0.521486 0.117188 0.517578 0.121096 0.517578 0.123047 0.511719 0.128906 0.511719 0.130857 0.50586 0.136722 0.50586 0.138672 0.501952 0.142581 0.517578 0.158206 0.519532 0.158206 0.537108 0.175783 0.546875 0.166016 0.546875 0.164065 0.558592 0.152341 0.54297 0.136722 0.541016 0.136722
0 0.458983 0.632813 0.445312 0.646482 0.447266 0.648439 0.44922 0.648439 0.457033 0.656249 0.458983 0.656249 0.466796 0.664065 0.46875 0.664065 0.474609 0.669924 0.486327 0.658206 0.474609 0.646482 0.472655 0.646482
0 0.683593 0.669924 0.671876 0.681642 0.679689 0.689451 0.68164 0.689451 0.69336 0.701169 0.705078 0.689451 0.697265 0.681642 0.695311 0.681642
9 0.886719 0.183592 0.884765 0.18555 0.867189 0.18555 0.867189 0.199218 0.865235 0.201169 0.865235 0.214844 0.871094 0.220703 0.871094 0.222654 0.876952 0.228513 0.880861 0.224611 0.880861 0.222654 0.886719 0.216795
10 0.146485 0.296875 0.142577 0.300783 0.142577 0.302733 0.132814 0.3125 0.132814 0.314451 0.123047 0.324218 0.123047 0.326169 0.11328 0.335936 0.11328 0.337893 0.103517 0.347654 0.103517 0.349611 0.09375 0.359378 0.09375 0.361329 0.089845 0.365237 0.099609 0.374997 0.099609 0.376954 0.109375 0.386721 0.11328 0.382813 0.115234 0.382813 0.119142 0.378905 0.121093 0.378905 0.128906 0.386721 0.134765 0.380862 0.136719 0.380862 0.144531 0.373046 0.146485 0.373046 0.15039 0.369138 0.154298 0.369138 0.156249 0.371095 0.164062 0.363279 0.160157 0.359378 0.160157 0.35742 0.15039 0.347654 0.15039 0.345703 0.146485 0.341795 0.148436 0.339844 0.148436 0.337893 0.152344 0.333985 0.152344 0.332034 0.154298 0.330077 0.154298 0.328126 0.158203 0.324218 0.158203 0.322268 0.162111 0.318359 0.162111 0.316408 0.164062 0.314451
10 0.07422 0.371095 0.064453 0.380862 0.064453 0.382813 0.046877 0.40039 0.046877 0.402341 0.029297 0.419924 0.029297 0.421875 0.01953 0.431642 0.027343 0.439451 0.029297 0.439451 0.046877 0.457034 0.048827 0.457034 0.058594 0.466795 0.072266 0.453126 0.072266 0.451169 0.101563 0.421875 0.101563 0.419924 0.115234 0.406249 0.111329 0.402341 0.109375 0.402341 0.097655 0.390623 0.095704 0.390623 0.083983 0.378905 0.082032 0.378905
0 0.453125 0.97461 0.441407 0.986328 0.451171 0.996095 0.453125 0.996095 0.466796 1 0.478517 0.998046 0.46875 0.988279 0.466796 0.988279
0 0.968748 0.173826 0.964844 0.177733 0.964844 0.179684 0.955077 0.189452 0.955077 0.191409 0.945313 0.201169 0.945313 0.203126 0.941405 0.207034 0.947264 0.212893 0.947264 0.214844 0.953126 0.220703 0.957031 0.216795 0.957031 0.214844 0.96289 0.208985 0.96289 0.207034 0.970703 0.199218 0.970703 0.197268 0.976561 0.191409 0.976561 0.189452 0.980469 0.18555
0 0.990233 0 0.988282 0 0.988282 0 0.982423 0 0.982423 0 0.980469 0.001955 0.982423 0.003906 0.984374 0.003906 0.990233 0.009765 0.992187 0.009765 0.996095 0.013672 0.998046 0.013672 1 0.019531 1 0.019531 1 0.023439 1 0.021482 1 0.019531 1 0.017581 1 0.015623 1 0.013672 1 0.011722 1 0.009765 1 0.007813 1 0.005857 1 0.005857 1 0.001955 1 0.001955 1 0 1 0 0.996095 0 0.994141 0
11 0.080078 0.890623 0.078124 0.89258 0.078124 0.894531 0.07422 0.898439 0.07422 0.90039 0.070312 0.904298 0.070312 0.906249 0.068361 0.908206 0.068361 0.910157 0.064453 0.914064 0.064453 0.916015 0.060548 0.919923 0.060548 0.921874 0.058594 0.923825 0.058594 0.92969 0.068361 0.92969 0.072266 0.933592 0.072266 0.935549 0.07422 0.9375 0.07422 0.939451 0.07422 0.9375 0.07617 0.935549 0.07617 0.933592 0.089845 0.919923 0.089845 0.917966 0.091796 0.916015 0.091796 0.914064 0.09375 0.912107 0.09375 0.910157 0.091796 0.908206 0.091796 0.902347 0.089845 0.90039 0.089845 0.898439 0.087891 0.896482 0.085937 0.896482
0 0.515624 0.40039 0.509765 0.406249 0.509765 0.408206 0.501952 0.416016 0.503906 0.417967 0.50586 0.417967 0.511719 0.423826 0.513673 0.423826 0.517578 0.427733 0.519532 0.427733 0.52539 0.433592 0.527344 0.433592 0.533203 0.439451 0.535157 0.439451 0.539062 0.443359 0.550783 0.431642 0.544921 0.425783 0.54297 0.425783 0.527344 0.410157 0.52539 0.410157
9 0.306639 0.083985 0.30078 0.089844 0.30078 0.091795 0.289063 0.103513 0.289063 0.10547 0.283204 0.111329 0.285155 0.11328 0.285155 0.115237 0.287109 0.117188 0.287109 0.119139 0.289063 0.121096 0.291017 0.119139 0.302734 0.119139 0.304688 0.117188 0.304688 0.115237 0.308593 0.111329 0.308593 0.109378 0.312501 0.10547 0.312501 0.103513 0.316406 0.099611 0.316406 0.097654 0.320314 0.093752 0.320314 0.091795 0.322265 0.089844 0.316406 0.083985
0 0.480468 0.619138 0.466796 0.632813 0.46875 0.634764 0.470704 0.634764 0.476563 0.640623 0.478517 0.640623 0.484376 0.646482 0.486327 0.646482 0.492189 0.65234 0.494139 0.65234 0.498047 0.656249 0.503906 0.65039 0.503906 0.648439 0.509765 0.64258 0.507814 0.640623 0.50586 0.640623 0.498047 0.632813 0.496093 0.632813 0.488281 0.624997 0.486327 0.624997
10 0.404297 0 0.398438 0.003906 0.398438 0.005857 0.386718 0.017581 0.386718 0.019531 0.375 0.031249 0.375 0.033206 0.363283 0.044924 0.363283 0.046875 0.357421 0.052734 0.375 0.070311 0.386718 0.058593 0.386718 0.056642 0.400389 0.042967 0.404297 0.046875 0.406251 0.046875 0.416015 0.056642 0.417969 0.056642 0.425782 0.064452 0.427736 0.064452 0.437499 0.074218 0.439453 0.074218 0.445312 0.080077 0.457033 0.068359 0.44922 0.06055 0.447266 0.06055 0.43164 0.044924 0.429686 0.044924 0.419923 0.035157 0.421874 0.033206 0.421874 0.031249 0.423828 0.029298 0.423828 0.027341 0.425782 0.02539 0.425782 0.023439 0.427736 0.021482 0.427736 0.019531 0.429686 0.017581 0.427736 0.015623 0.425782 0.015623 0.419923 0.009765 0.417969 0.009765 0.410156 0.001955 0.408202 0.001955
11 0.26367 0.60547 0.26172 0.60742 0.249999 0.60742 0.24414 0.613279 0.24414 0.617188 0.242186 0.619138 0.242186 0.621096 0.275391 0.654298 0.28125 0.654298 0.283204 0.656249 0.285155 0.654298 0.287109 0.654298 0.289063 0.65234 0.291017 0.65234 0.294922 0.648439 0.294922 0.640623 0.291017 0.636721 0.291017 0.634764 0.289063 0.632813 0.287109 0.632813 0.285155 0.630862 0.283204 0.630862 0.279296 0.626954 0.279296 0.624997 0.277345 0.623046 0.275391 0.623046 0.265625 0.613279 0.265625 0.611329 0.26367 0.609378
0 0.439453 0.990236 0.433594 0.996095 0.433594 0.998046 0.425782 1 0.429686 1 0.43164 1 0.443358 1 0.445312 1 0.453125 1 0.460937 1 0.462891 1 0.466796 1
10 0 0.498046 0 0.499997 0 0.501954 0 0.507813 0 0.509764 0 0.513672 0 0.515623 0 0.521482 0 0.523439 0 0.527341 0 0.529298 0 0.535157 0 0.537108 0 0.539065 0 0.541016 0 0.542967 0 0.546875 0 0.548826 0 0.552733 0 0.55469 0 0.558592 0 0.560549 0 0.5625 0 0.546875 0 0.546875 0 0.548826 0 0.548826 0 0.550783 0 0.552733 0 0.55469 0 0.558592 0 0.560549 0 0.564451 0 0.566408 0 0.568359 0 0.572267 0 0.572267 0 0.578126 0.003908 0.574218 0.003908 0.572267 0.009767 0.566408 0.011717 0.566408 0.015625 0.57031 0.017579 0.57031 0.021484 0.574218 0.023438 0.574218 0.027343 0.578126 0.03711 0.568359 0.035156 0.566408 0.033202 0.566408 0.029297 0.5625 0.027343 0.5625 0.021484 0.556642 0.01953 0.556642 0.013671 0.550783 0.011717 0.550783 0.007812 0.546875 0.005859 0.546875 0 0.541016 0 0.541016 0 0.537108 0 0.535157 0 0.533206 0 0.529298 0 0.527341 0 0.523439 0 0.521482 0 0.519531 0.001954 0.51758 0.001954 0.513672 0.003908 0.511721 0.003908 0.509764 0.001954 0.509764 0 0.505862 0 0.505862 0 0.503905 0 0.503905 0 0.499997 0 0.499997
11 0.728516 0.10547 0.724608 0.109378 0.724608 0.111329 0.716795 0.119139 0.716795 0.121096 0.707032 0.130857 0.707032 0.132813 0.703124 0.136722 0.703124 0.138672 0.705078 0.140623 0.705078 0.144531 0.707032 0.146482 0.707032 0.148439 0.714845 0.148439 0.716795 0.15039 0.718749 0.148439 0.724608 0.148439 0.728516 0.144531 0.728516 0.142581 0.736329 0.134765 0.736329 0.132813 0.744142 0.124998 0.744142 0.123047 0.748047 0.119139 0.748047 0.109378 0.746092 0.109378 0.744142 0.10742 0.742188 0.10742 0.740234 0.10547
0 0.617187 0.593752 0.613282 0.597653 0.613282 0.599611 0.607423 0.60547 0.607423 0.60742 0.601561 0.613279 0.601561 0.615237 0.597656 0.619138 0.59961 0.619138 0.601561 0.621096 0.603515 0.621096 0.607423 0.624997 0.609374 0.624997 0.611328 0.626954 0.613282 0.624997 0.613282 0.623046 0.617187 0.619138 0.617187 0.617188 0.621094 0.613279 0.621094 0.611329 0.624999 0.60742 0.624999 0.60547 0.628907 0.601562 0.628907 0.599611 0.630858 0.597653 0.624999 0.597653 0.623045 0.595703 0.619141 0.595703
0 0.685547 0.65039 0.683593 0.65234 0.683593 0.654298 0.679689 0.658206 0.679689 0.660157 0.677735 0.662107 0.68164 0.666016 0.683593 0.666016 0.695311 0.677733 0.697265 0.677733 0.703124 0.683592 0.707032 0.67969 0.707032 0.677733 0.712891 0.671875 0.710937 0.669924 0.708986 0.669924 0.701173 0.662107 0.699219 0.662107 0.691406 0.654298 0.689452 0.654298