0 0.980469 0.162111 0.980469 0.166017 0.978515 0.16797 0.978515 0.173828 0.998047 0.193358 1 0.191405 1 0.191405 1 0.189452 1 0.189452 1 0.187499 1 0.185546 1 0.183593 1 0.18164 1 0.179687 0.988281 0.162111
0 0 0.798826 0 0.8125 0.003906 0.808595 0.00586 0.808595 0.00586 0.802736 0.001954 0.798826
1 0.50586 0.673828 0.50586 0.708984 0.503906 0.710937 0.503906 0.78125 0.501952 0.783203 0.501952 0.818359 0.507812 0.824218 0.509766 0.822265 0.523438 0.822265 0.523438 0.820312 0.52539 0.818359 0.52539 0.783203 0.527344 0.78125 0.527344 0.71289 0.529298 0.710937 0.529298 0.675781 0.52539 0.675781 0.523438 0.673828
0 0.35547 0.226561 0.353516 0.228514 0.345704 0.228514 0.34375 0.230467 0.341796 0.230467 0.341796 0.240235 0.34375 0.242188 0.34375 0.244141 0.345704 0.246094 0.345704 0.25 0.347656 0.251953 0.347656 0.253906 0.34961 0.255859 0.34961 0.259764 0.351562 0.261717 0.351562 0.26367 0.353516 0.265623 0.353516 0.26758 0.35547 0.26758 0.357422 0.269533 0.359376 0.26758 0.361328 0.26758 0.363282 0.265623 0.365233 0.265623 0.367187 0.26367 0.369142 0.26367 0.369142 0.261717 0.367187 0.259764 0.367187 0.255859 0.365233 0.253906 0.365233 0.251953 0.363282 0.25 0.363282 0.246094 0.361328 0.244141 0.361328 0.240235 0.359376 0.238282 0.359376 0.236329 0.357422 0.234376 0.357422 0.230467 0.35547 0.228514
0 0.441406 0.316407 0.439454 0.318359 0.4375 0.318359 0.435546 0.320312 0.433594 0.320312 0.433594 0.335936 0.435546 0.337892 0.435546 0.355469 0.4375 0.355469 0.441406 0.359375 0.44336 0.357422 0.445312 0.357422 0.447266 0.355469 0.44922 0.355469 0.451171 0.353516 0.451171 0.337892 0.44922 0.335936 0.44922 0.320312 0.447266 0.320312 0.445312 0.318359 0.44336 0.318359
0 0.472657 0.189452 0.470703 0.191405 0.462891 0.191405 0.462891 0.193358 0.460937 0.195314 0.460937 0.197267 0.458985 0.19922 0.458985 0.203126 0.457031 0.205079 0.457031 0.207032 0.455077 0.208985 0.455077 0.212891 0.453126 0.214844 0.453126 0.216797 0.451171 0.218749 0.451171 0.220702 0.453126 0.222655 0.453126 0.224608 0.455077 0.226561 0.460937 0.226561 0.462891 0.228514 0.466797 0.224608 0.466797 0.222655 0.468749 0.220702 0.468749 0.218749 0.470703 0.216797 0.470703 0.214844 0.472657 0.212891 0.472657 0.210938 0.474609 0.208985 0.474609 0.207032 0.476563 0.205079 0.476563 0.203126 0.478515 0.201173 0.478515 0.19922 0.480469 0.197267 0.480469 0.195314 0.478515 0.193358 0.476563 0.193358
0 0.009766 0.707032 0.009766 0.708984 0.007812 0.710937 0.007812 0.718749 0.009766 0.720702 0.009766 0.722655 0.015626 0.722655 0.017578 0.724608 0.027343 0.724608 0.029297 0.726561 0.031249 0.726561 0.033203 0.728517 0.041015 0.728517 0.042969 0.726561 0.046875 0.726561 0.046875 0.708984 0.01172 0.708984
0 0.871094 0.605469 0.86914 0.607422 0.867188 0.607422 0.867188 0.626954 0.865234 0.628907 0.865234 0.638672 0.867188 0.640625 0.867188 0.642578 0.86914 0.644531 0.86914 0.646484 0.876954 0.646484 0.878905 0.644531 0.882814 0.644531 0.882814 0.634766 0.880859 0.632813 0.880859 0.607422 0.873048 0.607422
0 0.828125 0.601563 0.822265 0.607422 0.822265 0.615233 0.824219 0.617186 0.824219 0.632813 0.826173 0.634766 0.826173 0.642578 0.828125 0.642578 0.830079 0.644531 0.832031 0.644531 0.833985 0.646484 0.835936 0.644531 0.837891 0.644531 0.837891 0.642578 0.839845 0.640625 0.839845 0.638672 0.841796 0.636719 0.841796 0.625001 0.839845 0.623048 0.839845 0.609374 0.837891 0.607422 0.837891 0.603516 0.835936 0.603516 0.833985 0.601563
0 0.878905 0.115234 0.876954 0.117186 0.84961 0.117186 0.84961 0.121092 0.847656 0.123045 0.847656 0.126955 0.84961 0.128908 0.84961 0.13086 0.882814 0.13086 0.882814 0.128908 0.884765 0.126955 0.884765 0.125002 0.882814 0.123045 0.882814 0.121092 0.880859 0.119139 0.880859 0.117186
0 0.845702 0.154296 0.84375 0.156249 0.830079 0.156249 0.828125 0.158202 0.814453 0.158202 0.814453 0.162111 0.812499 0.164064 0.812499 0.16797 0.818359 0.173828 0.820313 0.171876 0.847656 0.171876 0.847656 0.169923 0.84961 0.16797 0.84961 0.166017 0.847656 0.164064 0.847656 0.160158 0.845702 0.158202
0 0.853516 0.177734 0.84961 0.18164 0.84961 0.185546 0.851562 0.187499 0.851562 0.191405 0.855468 0.191405 0.857422 0.193358 0.882814 0.193358 0.884765 0.191405 0.884765 0.187499 0.886719 0.185546 0.886719 0.18164 0.884765 0.18164 0.880859 0.177734
0 0.039063 0.38086 0.039063 0.382813 0.037109 0.384766 0.037109 0.386719 0.035157 0.388672 0.035157 0.390625 0.033203 0.392578 0.033203 0.394531 0.042969 0.394531 0.044921 0.396484 0.056641 0.396484 0.058595 0.398437 0.068358 0.398437 0.070312 0.40039 0.070312 0.388672 0.064452 0.388672 0.062501 0.386719 0.056641 0.386719 0.054687 0.384766 0.048829 0.384766 0.046875 0.382813 0.041015 0.382813
0 0 0.05078 0 0.064454 0.001954 0.066407 0.003906 0.066407 0.007812 0.070313 0.009766 0.070313 0.013672 0.074218 0.015626 0.072265 0.017578 0.072265 0.019532 0.070313 0.019532 0.064454 0.017578 0.062501 0.017578 0.060548 0.015626 0.058595 0.013672 0.058595 0.01172 0.056642 0.009766 0.056642 0.007812 0.054689 0.00586 0.054689 0.003906 0.052733 0.001954 0.052733
0 0.34375 0.34961 0.33789 0.355469 0.33789 0.371092 0.339844 0.373049 0.339844 0.388672 0.34375 0.388672 0.345704 0.390625 0.351562 0.390625 0.353516 0.392578 0.353516 0.390625 0.35547 0.388672 0.35547 0.351563 0.34961 0.351563 0.347656 0.34961
0 0.033203 0.558595 0.031249 0.560548 0.031249 0.562501 0.029297 0.564453 0.029297 0.568359 0.031249 0.570312 0.031249 0.572265 0.033203 0.574218 0.054687 0.574218 0.056641 0.576171 0.060547 0.572265 0.060547 0.564453 0.058595 0.562501 0.058595 0.560548 0.050781 0.560548 0.048829 0.558595
0 0.769532 0.59961 0.767578 0.601563 0.767578 0.603516 0.765624 0.605469 0.765624 0.621092 0.767578 0.623048 0.767578 0.638672 0.769532 0.638672 0.771484 0.640625 0.777344 0.640625 0.783204 0.634766 0.783204 0.621092 0.78125 0.619139 0.78125 0.605469 0.779296 0.603516 0.779296 0.601563 0.77539 0.601563 0.773438 0.59961
0 0.619142 0.5 0.617188 0.501953 0.615234 0.501953 0.615234 0.507811 0.617188 0.509764 0.617188 0.515627 0.630859 0.515627 0.632813 0.51367 0.646485 0.51367 0.648437 0.511717 0.650391 0.511717 0.650391 0.501953 0.621094 0.501953
0 0 0.761717 0 0.779297 0.007812 0.779297 0.009766 0.78125 0.015626 0.78125 0.017578 0.783203 0.019532 0.78125 0.021483 0.78125 0.023437 0.779297 0.025392 0.779297 0.025392 0.771485 0.023437 0.769532 0.023437 0.765627 0.013672 0.765627 0.01172 0.763674 0.001954 0.763674
1 0.892577 0.667969 0.890625 0.669922 0.890625 0.671875 0.888671 0.673828 0.888671 0.708984 0.886719 0.710937 0.886719 0.779297 0.884765 0.78125 0.884765 0.816406 0.902343 0.816406 0.904297 0.818359 0.904297 0.816406 0.906251 0.814453 0.906251 0.742188 0.908203 0.740235 0.908203 0.669922 0.906251 0.667969
0 0.369142 0.230467 0.367187 0.232423 0.365233 0.232423 0.365233 0.234376 0.363282 0.236329 0.363282 0.240235 0.365233 0.242188 0.365233 0.244141 0.367187 0.246094 0.367187 0.25 0.369142 0.251953 0.369142 0.255859 0.371093 0.257812 0.371093 0.259764 0.373047 0.261717 0.373047 0.265623 0.374999 0.26758 0.374999 0.269533 0.380859 0.269533 0.382813 0.271486 0.384765 0.269533 0.390625 0.269533 0.390625 0.257812 0.388671 0.255859 0.388671 0.253906 0.386719 0.251953 0.386719 0.25 0.384765 0.248047 0.384765 0.244141 0.382813 0.242188 0.382813 0.240235 0.380859 0.238282 0.380859 0.236329 0.378907 0.234376 0.378907 0.232423 0.371093 0.232423
0 0.058595 0.419923 0.056641 0.421875 0.031249 0.421875 0.031249 0.425781 0.029297 0.427734 0.029297 0.433593 0.031249 0.435546 0.031249 0.439452 0.056641 0.439452 0.060547 0.435546 0.062501 0.435546 0.062501 0.425781 0.060547 0.423828 0.060547 0.421875
0 0.015626 0 0.013672 0.001953 0.013672 0.003906 0.01172 0.005859 0.013672 0.007812 0.015626 0.007812 0.019532 0.011718 0.021483 0.011718 0.027343 0.017576 0.029297 0.017576 0.033203 0.021486 0.035157 0.021486 0.039063 0.025392 0.041015 0.023439 0.042969 0.023439 0.044921 0.021486 0.046875 0.021486 0.046875 0.019533 0.044921 0.017576 0.044921 0.013671 0.042969 0.011718 0.042969 0.009765 0.041015 0.009765 0.037109 0.005859 0.035157 0.005859 0.031249 0.001953 0.029297 0.001953 0.027343 0
0 0.394531 0.351563 0.390625 0.355469 0.390625 0.392578 0.394531 0.392578 0.396485 0.394531 0.398437 0.392578 0.406251 0.392578 0.406251 0.388672 0.408202 0.386719 0.408202 0.371092 0.406251 0.369139 0.406251 0.355469 0.404297 0.355469 0.402345 0.353516 0.400391 0.353516 0.398437 0.351563
0 0.814453 0.076171 0.814453 0.080077 0.812499 0.08203 0.812499 0.089845 0.818359 0.089845 0.820313 0.091798 0.822265 0.089845 0.84375 0.089845 0.84375 0.087889 0.845702 0.085936 0.845702 0.083983 0.84375 0.08203 0.84375 0.080077 0.841796 0.078124 0.841796 0.076171
0 0.398437 0.183593 0.396485 0.185546 0.386719 0.185546 0.386719 0.19922 0.384765 0.201173 0.384765 0.212891 0.388671 0.216797 0.398437 0.216797 0.398437 0.214844 0.400391 0.212891 0.400391 0.187499 0.398437 0.185546
0 0.027343 0.070313 0.025392 0.072265 0.019532 0.072265 0.019532 0.080077 0.021483 0.08203 0.021483 0.083983 0.023437 0.085936 0.025392 0.085936 0.031249 0.091798 0.033203 0.091798 0.037109 0.095704 0.044921 0.095704 0.048829 0.091798 0.048829 0.089845 0.050781 0.087889 0.050781 0.085936 0.048829 0.083983 0.048829 0.08203 0.046875 0.080077 0.046875 0.078124 0.042969 0.078124 0.041015 0.076171 0.039063 0.076171 0.037109 0.074218 0.033203 0.074218 0.031249 0.072265 0.029297 0.072265
0 0.060547 0.359375 0.058595 0.361327 0.039063 0.361327 0.035157 0.365233 0.035157 0.369139 0.037109 0.371092 0.037109 0.375002 0.046875 0.375002 0.048829 0.376954 0.058595 0.376954 0.060547 0.378907 0.062501 0.376954 0.064452 0.376954 0.066406 0.375002 0.068358 0.375002 0.068358 0.365233 0.066406 0.36328 0.064452 0.36328
0 0.017578 0.671875 0.017578 0.673828 0.015626 0.675781 0.015626 0.677734 0.013672 0.679687 0.013672 0.685546 0.023437 0.685546 0.025392 0.687499 0.033203 0.687499 0.035157 0.689452 0.044921 0.689452 0.046875 0.691405 0.048829 0.689452 0.050781 0.689452 0.050781 0.679687 0.046875 0.675781 0.044921 0.675781 0.042969 0.673828 0.041015 0.673828 0.039063 0.671875
0 0.041015 0.339845 0.037109 0.343751 0.035157 0.343751 0.035157 0.34961 0.041015 0.355469 0.050781 0.355469 0.052735 0.357422 0.062501 0.357422 0.064452 0.359375 0.066406 0.357422 0.070312 0.357422 0.070312 0.355469 0.072266 0.353516 0.072266 0.351563 0.074218 0.34961 0.072266 0.347657 0.072266 0.345704 0.070312 0.343751 0.070312 0.341798 0.042969 0.341798
0 0 0.744141 0 0.759764 0.001954 0.761717 0.009766 0.761717 0.01172 0.759764 0.017578 0.759764 0.021483 0.755858 0.021483 0.753905 0.019532 0.751952 0.019532 0.748047 0.017578 0.748047 0.013672 0.744141
0 0.324218 0.228514 0.322267 0.230467 0.320313 0.230467 0.320313 0.240235 0.322267 0.242188 0.322267 0.25 0.324218 0.251953 0.324218 0.261717 0.326173 0.26367 0.326173 0.26758 0.33203 0.26758 0.333984 0.269533 0.335938 0.26758 0.33789 0.26758 0.339844 0.265623 0.341796 0.265623 0.341796 0.257812 0.339844 0.255859 0.339844 0.253906 0.33789 0.251953 0.33789 0.248047 0.335938 0.246094 0.335938 0.242188 0.333984 0.240235 0.333984 0.238282 0.33203 0.236329 0.33203 0.232423 0.330078 0.230467 0.330078 0.228514
0 0.480469 0.59961 0.480469 0.605469 0.478515 0.607422 0.478515 0.619139 0.476563 0.621092 0.476563 0.626954 0.480469 0.63086 0.486329 0.63086 0.488281 0.632813 0.490235 0.63086 0.496095 0.63086 0.496095 0.617186 0.494141 0.615233 0.494141 0.601563 0.492186 0.601563 0.490235 0.59961
0 0.626953 0.595704 0.624999 0.597657 0.619142 0.597657 0.619142 0.61328 0.617188 0.615233 0.617188 0.63086 0.619142 0.63086 0.623048 0.634766 0.628905 0.634766 0.630859 0.636719 0.636719 0.63086 0.636719 0.597657 0.634765 0.597657 0.632813 0.595704
0 0.033203 0.40039 0.029297 0.404296 0.029297 0.406248 0.031249 0.408201 0.031249 0.410158 0.033203 0.412111 0.033203 0.414064 0.044921 0.414064 0.046875 0.416017 0.058595 0.416017 0.060547 0.41797 0.064452 0.414064 0.064452 0.408201 0.058595 0.402343 0.035157 0.402343
0 0.044921 0.48047 0.042969 0.482423 0.023437 0.482423 0.019532 0.486329 0.019532 0.490235 0.021483 0.492188 0.021483 0.494141 0.023437 0.496094 0.044921 0.496094 0.046875 0.498047 0.048829 0.496094 0.052735 0.496094 0.052735 0.492188 0.054687 0.490235 0.054687 0.486329 0.052735 0.484376 0.052735 0.482423 0.046875 0.482423
0 0.039063 0.279297 0.039063 0.28125 0.037109 0.283203 0.037109 0.292968 0.039063 0.294921 0.039063 0.298827 0.070312 0.298827 0.072266 0.30078 0.072266 0.298827 0.074218 0.296874 0.074218 0.292968 0.076172 0.291015 0.076172 0.289062 0.074218 0.287109 0.074218 0.285156 0.072266 0.283203 0.072266 0.28125 0.064452 0.28125 0.062501 0.279297
0 0.539064 0.156249 0.53711 0.158202 0.533204 0.158202 0.533204 0.173828 0.535155 0.175781 0.535155 0.193358 0.541015 0.193358 0.542969 0.191405 0.544921 0.191405 0.546875 0.189452 0.548827 0.189452 0.548827 0.175781 0.546875 0.173828 0.546875 0.158202 0.544921 0.158202 0.542969 0.156249
0 0.048829 0.248047 0.046875 0.25 0.044921 0.25 0.042969 0.251953 0.041015 0.251953 0.041015 0.26367 0.046875 0.26367 0.048829 0.265623 0.060547 0.265623 0.062501 0.26758 0.072266 0.26758 0.074218 0.269533 0.078124 0.265623 0.080078 0.265623 0.080078 0.257812 0.078124 0.255859 0.078124 0.253906 0.076172 0.251953 0.064452 0.251953 0.062501 0.25 0.050781 0.25
0 0.691406 0.597657 0.691406 0.59961 0.689454 0.601563 0.689454 0.603516 0.6875 0.605469 0.6875 0.632813 0.697266 0.632813 0.69922 0.634766 0.703126 0.63086 0.703126 0.601563 0.701172 0.601563 0.69922 0.59961 0.697266 0.59961 0.695312 0.597657
0 0.033203 0.458985 0.031249 0.460938 0.027343 0.460938 0.027343 0.464843 0.025392 0.466796 0.025392 0.468749 0.027343 0.470702 0.027343 0.472655 0.029297 0.474608 0.058595 0.474608 0.060547 0.476561 0.062501 0.474608 0.062501 0.472655 0.064452 0.470702 0.064452 0.464843 0.062501 0.462891 0.062501 0.458985
0 0.44922 0.591798 0.445312 0.595704 0.44336 0.595704 0.44336 0.609374 0.441406 0.611327 0.441406 0.625001 0.445312 0.628907 0.455077 0.628907 0.460937 0.623048 0.460937 0.609374 0.458985 0.607422 0.458985 0.593751 0.451171 0.593751
0 0.019532 0.652342 0.017578 0.654295 0.017578 0.656248 0.015626 0.658205 0.015626 0.662111 0.017578 0.664064 0.017578 0.666017 0.023437 0.666017 0.025392 0.667969 0.029297 0.667969 0.031249 0.669922 0.039063 0.669922 0.041015 0.671875 0.050781 0.671875 0.050781 0.669922 0.052735 0.667969 0.052735 0.666017 0.050781 0.664064 0.050781 0.660158 0.044921 0.654295 0.021483 0.654295
0 0.882814 0.136719 0.880859 0.138672 0.84961 0.138672 0.84961 0.15039 0.853516 0.154296 0.855468 0.152343 0.884765 0.152343 0.884765 0.140625 0.882814 0.138672
0 0.035157 0.441405 0.033203 0.443358 0.033203 0.445314 0.029297 0.44922 0.029297 0.451173 0.031249 0.453126 0.031249 0.457032 0.064452 0.457032 0.064452 0.455079 0.066406 0.453126 0.066406 0.44922 0.064452 0.447267 0.064452 0.443358 0.060547 0.443358 0.058595 0.441405
0 0.298829 0.310548 0.298829 0.345704 0.300781 0.345704 0.302735 0.347657 0.304687 0.347657 0.306641 0.34961 0.308593 0.347657 0.310547 0.347657 0.312501 0.345704 0.314453 0.345704 0.314453 0.314454 0.312501 0.312501 0.312501 0.310548
0 0.406251 0.003906 0.404297 0.005859 0.396485 0.005859 0.396485 0.017576 0.398437 0.017576 0.400391 0.019533 0.402345 0.019533 0.406251 0.023439 0.408202 0.023439 0.410156 0.025392 0.412108 0.025392 0.414062 0.027345 0.416016 0.027345 0.419922 0.03125 0.421874 0.03125 0.423828 0.033203 0.425782 0.03125 0.43164 0.03125 0.43164 0.029297 0.433594 0.027345 0.433594 0.025392 0.43164 0.023439 0.43164 0.021486 0.429688 0.019533 0.427734 0.019533 0.423828 0.015623 0.421874 0.015623 0.417968 0.011718 0.416016 0.011718 0.412108 0.007812 0.410156 0.007812
0 0.275392 0.451173 0.273438 0.453126 0.263672 0.453126 0.263672 0.48047 0.275392 0.48047
0 0.601562 0.595704 0.59961 0.597657 0.597656 0.597657 0.595702 0.59961 0.59375 0.59961 0.59375 0.615233 0.595702 0.617186 0.595702 0.634766 0.605468 0.634766 0.607422 0.636719 0.607422 0.634766 0.609376 0.632813 0.609376 0.63086 0.611328 0.628907 0.611328 0.615233 0.609376 0.61328 0.609376 0.597657 0.607422 0.597657 0.605468 0.595704
1 0.708983 0.677734 0.707032 0.679687 0.697266 0.679687 0.697266 0.751952 0.695312 0.753905 0.695312 0.824218 0.697266 0.826171 0.697266 0.828124 0.714843 0.828124 0.716797 0.826171 0.716797 0.824218 0.720703 0.820312 0.720703 0.751952 0.718749 0.75 0.718749 0.68164 0.714843 0.68164 0.712892 0.679687 0.710937 0.679687
0 0 0.78125 0 0.796873 0.001954 0.796873 0.003906 0.798826 0.009766 0.798826 0.013672 0.794921 0.013672 0.785156 0.01172 0.783203 0.009766 0.783203 0.007812 0.78125
0 0.031249 0.593751 0.027343 0.597657 0.025392 0.597657 0.025392 0.605469 0.027343 0.607422 0.027343 0.609374 0.041015 0.609374 0.042969 0.611327 0.052735 0.611327 0.054687 0.609374 0.054687 0.607422 0.056641 0.605469 0.056641 0.597657 0.044921 0.597657 0.042969 0.595704 0.033203 0.595704
0 0.43164 0.427734 0.429688 0.429687 0.414062 0.429687 0.414062 0.451173 0.416016 0.453126 0.416016 0.476561 0.423828 0.476561 0.425782 0.478514 0.427734 0.476561 0.43164 0.476561 0.433594 0.474608 0.433594 0.453126 0.43164 0.451173
0 0.427734 0.589845 0.425782 0.591798 0.425782 0.593751 0.423828 0.595704 0.423828 0.609374 0.421874 0.611327 0.421874 0.625001 0.423828 0.626954 0.423828 0.628907 0.425782 0.63086 0.425782 0.632813 0.433594 0.632813 0.435546 0.63086 0.4375 0.63086 0.441406 0.626954 0.439454 0.625001 0.439454 0.611327 0.441406 0.609374 0.441406 0.593751 0.439454 0.593751 0.4375 0.591798 0.435546 0.591798 0.433594 0.589845
0 0.4375 0.234376 0.435546 0.236329 0.433594 0.236329 0.433594 0.248047 0.435546 0.25 0.435546 0.251953 0.4375 0.253906 0.4375 0.255859 0.439454 0.257812 0.439454 0.261717 0.441406 0.26367 0.441406 0.265623 0.44336 0.26758 0.44336 0.269533 0.445312 0.271486 0.445312 0.273439 0.457031 0.273439 0.460937 0.269533 0.460937 0.265623 0.462891 0.26367 0.462891 0.261717 0.460937 0.259764 0.460937 0.257812 0.457031 0.253906 0.457031 0.251953 0.453126 0.248047 0.453126 0.246094 0.451171 0.244141 0.451171 0.242188 0.447266 0.238282 0.447266 0.236329 0.445312 0.234376
0 0.419922 0.187499 0.417968 0.189452 0.417968 0.191405 0.416016 0.193358 0.416016 0.195314 0.414062 0.197267 0.414062 0.19922 0.412108 0.201173 0.412108 0.203126 0.410156 0.205079 0.410156 0.207032 0.408202 0.208985 0.408202 0.210938 0.406251 0.212891 0.406251 0.214844 0.408202 0.216797 0.408202 0.218749 0.410156 0.220702 0.410156 0.222655 0.419922 0.222655 0.421874 0.220702 0.421874 0.218749 0.423828 0.216797 0.423828 0.214844 0.425782 0.212891 0.425782 0.210938 0.429688 0.207032 0.429688 0.205079 0.43164 0.203126 0.43164 0.201173 0.433594 0.19922 0.433594 0.197267 0.435546 0.195314 0.435546 0.193358 0.433594 0.191405 0.433594 0.189452 0.421874 0.189452
0 0.92578 0.158202 0.923829 0.160158 0.896485 0.160158 0.896485 0.164064 0.894531 0.166017 0.894531 0.169923 0.896485 0.171876 0.896485 0.175781 0.902343 0.175781 0.904297 0.173828 0.929689 0.173828 0.929689 0.166017 0.927734 0.164064 0.927734 0.162111 0.92578 0.160158
0 1 0.59961 0.998047 0.61328 1 0.615233 1 0.615233 1 0.623048 1 0.623048 1 0.63086 1 0.63086 1 0.634766 1 0.634766 1 0.63086 1 0.628907 1 0.625001 1 0.619139 1 0.617186 1 0.607422 1 0.605469
0 0.367187 0.314454 0.365233 0.316407 0.357422 0.316407 0.357422 0.330077 0.359376 0.33203 0.359376 0.347657 0.363282 0.351563 0.365233 0.34961 0.367187 0.34961 0.369142 0.347657 0.371093 0.347657 0.371093 0.341798 0.373047 0.339845 0.373047 0.326171 0.374999 0.324218 0.374999 0.318359 0.373047 0.316407 0.373047 0.314454
0 0.650391 0.597657 0.648437 0.59961 0.642579 0.59961 0.642579 0.61328 0.640625 0.615233 0.640625 0.632813 0.652343 0.632813 0.654297 0.63086 0.656251 0.63086 0.656251 0.617186 0.658203 0.615233 0.658203 0.601563 0.656251 0.601563 0.654297 0.59961 0.652343 0.59961
0 0.841796 0.115234 0.839845 0.117186 0.812499 0.117186 0.812499 0.119139 0.810547 0.121092 0.810547 0.128908 0.812499 0.128908 0.814453 0.13086 0.816407 0.13086 0.818359 0.132813 0.820313 0.13086 0.84375 0.13086 0.84375 0.128908 0.845702 0.126955 0.845702 0.121092 0.84375 0.119139 0.84375 0.117186
0 0.736329 0.59961 0.734375 0.601563 0.732421 0.601563 0.730469 0.603516 0.728515 0.603516 0.728515 0.636719 0.730469 0.636719 0.734375 0.640625 0.740235 0.640625 0.744141 0.636719 0.746095 0.636719 0.746095 0.621092 0.744141 0.619139 0.744141 0.601563 0.742187 0.601563 0.740235 0.59961
0 0.013672 0.089845 0.01172 0.091798 0.01172 0.093751 0.009766 0.095704 0.009766 0.097657 0.01172 0.09961 0.01172 0.101563 0.013672 0.101563 0.015626 0.103516 0.019532 0.103516 0.021483 0.105469 0.023437 0.105469 0.025392 0.107422 0.029297 0.107422 0.031249 0.109375 0.033203 0.109375 0.035157 0.111328 0.037109 0.109375 0.041015 0.109375 0.041015 0.107422 0.042969 0.105469 0.042969 0.103516 0.039063 0.09961 0.039063 0.097657 0.037109 0.097657 0.033203 0.093751 0.027343 0.093751 0.025392 0.091798 0.017578 0.091798 0.015626 0.089845
0 0.425782 0.103516 0.421874 0.107422 0.421874 0.134766 0.423828 0.136719 0.423828 0.138672 0.425782 0.140625 0.425782 0.142578 0.43164 0.142578 0.433594 0.144531 0.435546 0.142578 0.4375 0.142578 0.4375 0.107422 0.435546 0.107422 0.43164 0.103516
0 0.851562 0.095704 0.851562 0.09961 0.84961 0.101563 0.84961 0.105469 0.851562 0.107422 0.851562 0.109375 0.855468 0.109375 0.857422 0.111328 0.859374 0.109375 0.880859 0.109375 0.886719 0.103516 0.884765 0.101563 0.884765 0.09961 0.882814 0.097657 0.882814 0.095704
0 0.472657 0.107422 0.470703 0.109375 0.462891 0.109375 0.462891 0.136719 0.460937 0.138672 0.462891 0.138672 0.466797 0.142578 0.474609 0.142578 0.476563 0.144531 0.476563 0.140625 0.478515 0.138672 0.478515 0.125002 0.476563 0.123045 0.476563 0.109375 0.474609 0.109375
0 0.025392 0.585939 0.027343 0.587892 0.027343 0.589845 0.029297 0.591798 0.029297 0.593751 0.031249 0.591798 0.033203 0.593751 0.048829 0.593751 0.050781 0.595704 0.054687 0.591798 0.056641 0.591798 0.056641 0.587892 0.058595 0.585939
0 0 0.132813 0 0.15039 0.001954 0.15039 0.00586 0.154296 0.007812 0.154296 0.01172 0.158202 0.013672 0.158202 0.015626 0.160158 0.023437 0.152343 0.021483 0.15039 0.021483 0.148437 0.017578 0.144531 0.015626 0.144531 0.009766 0.138672 0.007812 0.138672 0.003906 0.134766 0.001954 0.134766
0 0.369142 0.353516 0.367187 0.355469 0.359376 0.355469 0.359376 0.392578 0.363282 0.392578 0.365233 0.394531 0.367187 0.392578 0.374999 0.392578 0.374999 0.355469 0.371093 0.355469
0 0 0.156249 0 0.173828 0.001954 0.173828 0.003906 0.175781 0.007812 0.171876 0.009766 0.171876 0.01172 0.169923 0.01172 0.16797 0.009766 0.166017 0.009766 0.164064 0.007812 0.162111 0.007812 0.160158 0.00586 0.160158 0.003906 0.158202 0.001954 0.158202
0 0.441406 0.185546 0.441406 0.187499 0.439454 0.189452 0.439454 0.195314 0.4375 0.197267 0.4375 0.203126 0.435546 0.205079 0.435546 0.210938 0.433594 0.212891 0.433594 0.216797 0.435546 0.218749 0.435546 0.220702 0.445312 0.220702 0.447266 0.222655 0.44922 0.220702 0.44922 0.218749 0.451171 0.216797 0.451171 0.212891 0.453126 0.210938 0.453126 0.203126 0.455077 0.201173 0.455077 0.195314 0.457031 0.193358 0.457031 0.189452 0.455077 0.189452 0.453126 0.187499 0.451171 0.187499 0.44922 0.185546
0 0.447266 0.109375 0.447266 0.125002 0.445312 0.126955 0.445312 0.140625 0.447266 0.142578 0.44922 0.142578 0.453126 0.146484 0.457031 0.142578 0.458985 0.142578 0.458985 0.138672 0.460937 0.136719 0.460937 0.125002 0.458985 0.123045 0.458985 0.111328 0.44922 0.111328
0 0.304687 0.351563 0.300781 0.355469 0.298829 0.355469 0.296875 0.357422 0.296875 0.371092 0.294921 0.373049 0.294921 0.386719 0.296875 0.386719 0.300781 0.390625 0.306641 0.390625 0.308593 0.392578 0.312501 0.388672 0.314453 0.388672 0.314453 0.355469 0.312501 0.355469 0.310547 0.353516 0.306641 0.353516
0 0.580079 0.597657 0.578125 0.59961 0.576173 0.59961 0.574219 0.601563 0.572265 0.601563 0.572265 0.634766 0.578125 0.634766 0.580079 0.636719 0.58203 0.634766 0.58789 0.634766 0.58789 0.632813 0.589844 0.63086 0.589844 0.623048 0.58789 0.621092 0.58789 0.607422 0.585939 0.605469 0.585939 0.59961 0.58203 0.59961
0 0.902343 0.607422 0.900391 0.609374 0.890625 0.609374 0.886719 0.61328 0.886719 0.632813 0.888671 0.634766 0.888671 0.638672 0.896485 0.638672 0.898437 0.640625 0.904297 0.640625 0.904297 0.638672 0.906251 0.636719 0.906251 0.63086 0.904297 0.628907 0.904297 0.615233 0.902343 0.61328
1 0.851562 0.679687 0.84961 0.68164 0.833985 0.68164 0.833985 0.685546 0.832031 0.687499 0.832031 0.724608 0.830079 0.726561 0.830079 0.791015 0.828125 0.792968 0.828125 0.824218 0.830079 0.826171 0.830079 0.828124 0.832031 0.830077 0.847656 0.830077 0.84961 0.828124 0.84961 0.826171 0.851562 0.824218 0.851562 0.755858 0.853516 0.753905 0.853516 0.683593 0.851562 0.68164
0 0.888671 0.156249 0.886719 0.158202 0.853516 0.158202 0.853516 0.162111 0.851562 0.164064 0.851562 0.166017 0.853516 0.16797 0.853516 0.169923 0.855468 0.171876 0.86914 0.171876 0.871094 0.173828 0.890625 0.173828 0.890625 0.171876 0.892577 0.169923 0.892577 0.164064 0.890625 0.162111 0.890625 0.160158 0.888671 0.158202
0 0.814453 0.097657 0.812499 0.09961 0.812499 0.101563 0.810547 0.103516 0.810547 0.105469 0.812499 0.107422 0.812499 0.109375 0.816407 0.113281 0.818359 0.111328 0.84375 0.111328 0.84375 0.109375 0.845702 0.107422 0.845702 0.101563 0.84375 0.09961 0.84375 0.097657
0 0.025392 0.521485 0.021483 0.525391 0.021483 0.527344 0.019532 0.529297 0.019532 0.53125 0.021483 0.533203 0.021483 0.535156 0.025392 0.535156 0.027343 0.537109 0.037109 0.537109 0.039063 0.539062 0.046875 0.539062 0.048829 0.541015 0.052735 0.537109 0.054687 0.537109 0.056641 0.535156 0.056641 0.527344 0.052735 0.523438 0.046875 0.523438 0.044921 0.521485
0 0.837891 0.197267 0.835936 0.19922 0.814453 0.19922 0.814453 0.203126 0.812499 0.205079 0.812499 0.208985 0.814453 0.210938 0.814453 0.214844 0.839845 0.214844 0.841796 0.212891 0.845702 0.212891 0.845702 0.208985 0.847656 0.207032 0.847656 0.205079 0.845702 0.203126 0.845702 0.201173 0.84375 0.201173 0.841796 0.19922 0.839845 0.19922
0 0.376953 0.058595 0.371093 0.064454 0.371093 0.06836 0.373047 0.070313 0.373047 0.076171 0.380859 0.076171 0.382813 0.078124 0.406251 0.078124 0.410156 0.074218 0.410156 0.072265 0.412108 0.070313 0.412108 0.06836 0.414062 0.066407 0.412108 0.064454 0.410156 0.064454 0.406251 0.060548 0.378907 0.060548
0 0.369142 0.080077 0.369142 0.08203 0.367187 0.083983 0.367187 0.085936 0.369142 0.087889 0.369142 0.091798 0.371093 0.093751 0.371093 0.095704 0.392579 0.095704 0.394531 0.097657 0.402345 0.097657 0.402345 0.093751 0.404297 0.091798 0.404297 0.089845 0.402345 0.087889 0.402345 0.085936 0.400391 0.083983 0.400391 0.08203 0.371093 0.08203
0 0.009766 0.011718 0.007812 0.013671 0.007812 0.017576 0.00586 0.019533 0.00586 0.023439 0.007812 0.025392 0.009766 0.025392 0.017578 0.033203 0.019532 0.033203 0.025392 0.039062 0.029297 0.035156 0.029297 0.033203 0.031249 0.03125 0.031249 0.021486 0.029297 0.021486 0.027343 0.019533 0.025392 0.019533 0.023437 0.017576 0.019532 0.017576 0.017578 0.015623 0.015626 0.015623 0.013672 0.013671 0.01172 0.013671
0 0.408202 0.591798 0.404297 0.595704 0.404297 0.63086 0.410156 0.63086 0.412108 0.632813 0.414062 0.63086 0.417968 0.63086 0.421874 0.626954 0.419922 0.625001 0.419922 0.603516 0.417968 0.601563 0.417968 0.593751 0.416016 0.593751 0.414062 0.591798
0 0.382813 0.316407 0.382813 0.320312 0.380859 0.322265 0.380859 0.33203 0.378907 0.333983 0.378907 0.343751 0.376953 0.345704 0.376953 0.34961 0.378907 0.351563 0.380859 0.351563 0.384765 0.355469 0.388671 0.355469 0.394531 0.34961 0.394531 0.335936 0.396485 0.333983 0.396485 0.318359 0.394531 0.318359 0.392579 0.316407
0 0 0.029297 0 0.041015 0.001954 0.041015 0.00586 0.044921 0.007812 0.044921 0.01172 0.048827 0.013672 0.048827 0.017578 0.052733 0.019532 0.05078 0.021483 0.05078 0.023437 0.048827 0.025392 0.048827 0.025392 0.042968 0.021483 0.039062 0.019532 0.039062 0.015626 0.035156 0.013672 0.035156 0.009766 0.03125 0.007812 0.03125 0.00586 0.029297
0 0.888671 0.179687 0.888671 0.185546 0.886719 0.187499 0.886719 0.191405 0.888671 0.193358 0.888671 0.195314 0.900391 0.195314 0.902343 0.193358 0.923829 0.193358 0.927734 0.189452 0.927734 0.187499 0.92578 0.185546 0.92578 0.183593 0.923829 0.18164 0.923829 0.179687
0 0.814453 0.136719 0.808593 0.142578 0.810547 0.144531 0.810547 0.146484 0.812499 0.148437 0.812499 0.15039 0.816407 0.15039 0.818359 0.152343 0.841796 0.152343 0.845702 0.148437 0.847656 0.148437 0.847656 0.142578 0.841796 0.136719
0 0.001954 0.117186 0 0.119139 0 0.13086 0.001954 0.132813 0.003906 0.132813 0.007812 0.136719 0.009766 0.136719 0.015626 0.142578 0.017578 0.142578 0.021483 0.146484 0.025392 0.142578 0.027343 0.142578 0.029297 0.140625 0.029297 0.128908 0.021483 0.121092 0.013672 0.121092 0.01172 0.119139 0.003906 0.119139
0 0.558593 0.595704 0.556641 0.597657 0.554687 0.597657 0.554687 0.63086 0.556641 0.63086 0.560547 0.634766 0.562501 0.632813 0.568359 0.632813 0.568359 0.63086 0.570313 0.628907 0.570313 0.61328 0.568359 0.611327 0.568359 0.597657 0.566407 0.597657 0.564453 0.595704
0 0.789062 0.59961 0.789062 0.601563 0.78711 0.603516 0.78711 0.617186 0.785156 0.619139 0.785156 0.632813 0.78711 0.634766 0.78711 0.636719 0.789062 0.638672 0.79297 0.638672 0.794921 0.640625 0.796876 0.638672 0.798827 0.638672 0.798827 0.636719 0.800781 0.634766 0.800781 0.601563 0.798827 0.601563 0.796876 0.59961
1 0.683594 0.677734 0.68164 0.679687 0.667968 0.679687 0.667968 0.751952 0.666017 0.753905 0.666017 0.826171 0.683594 0.826171 0.685546 0.828124 0.685546 0.826171 0.6875 0.824218 0.6875 0.789062 0.689454 0.787109 0.689454 0.718749 0.691406 0.716796 0.691406 0.68164 0.689454 0.68164 0.6875 0.679687 0.685546 0.679687
0 0.394531 0.234376 0.392579 0.236329 0.392579 0.238282 0.390625 0.240235 0.390625 0.244141 0.392579 0.246094 0.392579 0.25 0.394531 0.251953 0.394531 0.253906 0.396485 0.255859 0.396485 0.259764 0.398437 0.261717 0.398437 0.265623 0.400391 0.26758 0.400391 0.269533 0.408202 0.269533 0.410156 0.271486 0.414062 0.26758 0.414062 0.26367 0.416016 0.261717 0.416016 0.257812 0.414062 0.255859 0.414062 0.253906 0.412108 0.251953 0.412108 0.25 0.408202 0.246094 0.408202 0.244141 0.406251 0.242188 0.406251 0.240235 0.404297 0.238282 0.404297 0.236329 0.402345 0.234376
0 0.84961 0.603516 0.847656 0.605469 0.847656 0.607422 0.845702 0.609374 0.845702 0.623048 0.847656 0.625001 0.847656 0.638672 0.84961 0.638672 0.851562 0.640625 0.855468 0.640625 0.857422 0.642578 0.861328 0.638672 0.863282 0.638672 0.863282 0.623048 0.861328 0.621092 0.861328 0.605469 0.857422 0.605469 0.855468 0.603516
0 0.398437 0.025392 0.396485 0.027345 0.392579 0.027345 0.392579 0.029297 0.390625 0.03125 0.390625 0.039062 0.392579 0.039062 0.394531 0.041015 0.396485 0.041015 0.398437 0.042968 0.400391 0.042968 0.404297 0.046874 0.406251 0.046874 0.408202 0.048827 0.410156 0.048827 0.412108 0.05078 0.414062 0.05078 0.416016 0.052733 0.417968 0.05078 0.419922 0.05078 0.421874 0.048827 0.423828 0.048827 0.423828 0.046874 0.425782 0.044921 0.425782 0.042968 0.421874 0.039062 0.421874 0.037109 0.419922 0.035156 0.417968 0.035156 0.416016 0.033203 0.414062 0.033203 0.412108 0.03125 0.408202 0.03125 0.406251 0.029297 0.404297 0.029297 0.402345 0.027345 0.400391 0.027345
1 0.533204 0.677734 0.533204 0.718749 0.53125 0.720702 0.53125 0.785156 0.529298 0.787109 0.529298 0.822265 0.53125 0.824218 0.53125 0.826171 0.546875 0.826171 0.548827 0.824218 0.550781 0.824218 0.550781 0.789062 0.552735 0.787109 0.552735 0.718749 0.554687 0.716796 0.554687 0.68164 0.550781 0.677734
0 0.714843 0.601563 0.708983 0.607422 0.708983 0.634766 0.710937 0.634766 0.714843 0.638672 0.720703 0.638672 0.724609 0.634766 0.724609 0.623048 0.722657 0.621092 0.722657 0.607422 0.718749 0.603516 0.716797 0.603516
0 0.417968 0 0.417968 0.001953 0.416016 0.003906 0.417968 0.003906 0.421874 0.007812 0.423828 0.007812 0.425782 0.009765 0.427734 0.009765 0.43164 0.013671 0.433594 0.013671 0.4375 0.017576 0.439454 0.017576 0.441406 0.019533 0.445312 0.015623 0.445312 0.011718 0.447266 0.009765 0.447266 0.007812 0.445312 0.005859 0.445312 0.003906 0.44336 0.001953 0.435546 0.001953 0.433594 0
0 0.460937 0.445314 0.458985 0.447267 0.455077 0.447267 0.455077 0.460938 0.453126 0.462891 0.453126 0.476561 0.455077 0.476561 0.457031 0.478514 0.458985 0.478514 0.460937 0.48047 0.466797 0.48047 0.468749 0.478514 0.468749 0.476561 0.470703 0.474608 0.470703 0.462891 0.468749 0.460938 0.468749 0.447267 0.462891 0.447267
0 0.042969 0.498047 0.041015 0.5 0.029297 0.5 0.025392 0.503906 0.025392 0.511717 0.029297 0.515627 0.058595 0.515627 0.060547 0.51367 0.060547 0.511717 0.062501 0.509764 0.062501 0.505858 0.060547 0.503906 0.058595 0.503906 0.054687 0.5 0.044921 0.5
0 0.841796 0.173828 0.839845 0.175781 0.826173 0.175781 0.824219 0.177734 0.808593 0.177734 0.808593 0.185546 0.810547 0.187499 0.810547 0.189452 0.812499 0.191405 0.839845 0.191405 0.841796 0.189452 0.847656 0.189452 0.847656 0.183593 0.845702 0.18164 0.845702 0.179687 0.84375 0.177734 0.84375 0.175781
0 0.671874 0.593751 0.666017 0.59961 0.666017 0.61328 0.664063 0.615233 0.664063 0.628907 0.667968 0.628907 0.669923 0.63086 0.671874 0.63086 0.673828 0.632813 0.67578 0.63086 0.677734 0.63086 0.677734 0.628907 0.679688 0.626954 0.679688 0.61328 0.68164 0.611327 0.68164 0.59961 0.679688 0.59961 0.67578 0.595704 0.673828 0.595704
0 0.351562 0.18164 0.347656 0.185546 0.345704 0.185546 0.34375 0.187499 0.34375 0.203126 0.341796 0.205079 0.341796 0.218749 0.345704 0.218749 0.347656 0.220702 0.35547 0.220702 0.357422 0.218749 0.357422 0.216797 0.359376 0.214844 0.359376 0.201173 0.357422 0.19922 0.357422 0.185546 0.35547 0.185546
0 0.417968 0.316407 0.416016 0.318359 0.414062 0.318359 0.412108 0.320312 0.410156 0.320312 0.410156 0.34961 0.416016 0.355469 0.427734 0.355469 0.427734 0.353516 0.429688 0.351563 0.429688 0.335936 0.427734 0.333983 0.427734 0.320312 0.425782 0.320312 0.421874 0.316407
0 0.34961 0.312501 0.347656 0.314454 0.339844 0.314454 0.339844 0.330077 0.33789 0.33203 0.33789 0.345704 0.339844 0.347657 0.347656 0.347657 0.34961 0.34961 0.353516 0.34961 0.353516 0.330077 0.35547 0.328124 0.35547 0.314454 0.351562 0.314454
0 0.054687 0.542968 0.052735 0.544921 0.037109 0.544921 0.033203 0.548827 0.033203 0.556642 0.048829 0.556642 0.050781 0.558595 0.064452 0.558595 0.066406 0.560548 0.066406 0.558595 0.068358 0.556642 0.068358 0.554689 0.070312 0.552736 0.066406 0.548827 0.066406 0.546874 0.064452 0.544921 0.056641 0.544921
1 0.621094 0.541015 0.619142 0.542968 0.619142 0.544921 0.617188 0.546874 0.617188 0.552736 0.619142 0.554689 0.619142 0.560548 0.623048 0.560548 0.624999 0.562501 0.626953 0.560548 0.761718 0.560548 0.763672 0.558595 0.765624 0.558595 0.765624 0.544921 0.695312 0.544921 0.69336 0.542968 0.623048 0.542968
0 0.322267 0.347657 0.322267 0.34961 0.320313 0.351563 0.320313 0.353516 0.318359 0.355469 0.318359 0.369139 0.320313 0.371092 0.320313 0.386719 0.322267 0.386719 0.324218 0.388672 0.326173 0.388672 0.328124 0.390625 0.335938 0.390625 0.335938 0.388672 0.33789 0.386719 0.33789 0.376954 0.335938 0.375002 0.335938 0.359375 0.333984 0.357422 0.333984 0.34961 0.330078 0.34961 0.328124 0.347657
0 0.890625 0.136719 0.888671 0.138672 0.888671 0.140625 0.886719 0.142578 0.886719 0.148437 0.888671 0.148437 0.892577 0.152343 0.912109 0.152343 0.914063 0.154296 0.916015 0.152343 0.921875 0.152343 0.923829 0.15039 0.92578 0.15039 0.92578 0.148437 0.927734 0.146484 0.927734 0.144531 0.92578 0.142578 0.92578 0.140625 0.923829 0.138672 0.923829 0.136719
0 0.539064 0.224608 0.535155 0.228514 0.535155 0.244141 0.533204 0.246094 0.533204 0.261717 0.53711 0.261717 0.539064 0.26367 0.544921 0.26367 0.546875 0.261717 0.546875 0.244141 0.544921 0.242188 0.544921 0.224608
0 0.326173 0.306642 0.324218 0.308595 0.322267 0.308595 0.320313 0.310548 0.318359 0.310548 0.318359 0.345704 0.33203 0.345704 0.33203 0.341798 0.333984 0.339845 0.333984 0.324218 0.335938 0.322265 0.335938 0.312501 0.333984 0.312501 0.330078 0.308595 0.328124 0.308595
0 0.53711 0.597657 0.535155 0.59961 0.535155 0.601563 0.533204 0.603516 0.533204 0.632813 0.535155 0.632813 0.539064 0.636719 0.541015 0.634766 0.546875 0.634766 0.546875 0.63086 0.548827 0.628907 0.548827 0.601563 0.542969 0.601563 0.541015 0.59961 0.539064 0.59961
0 0.01172 0.687499 0.01172 0.693361 0.009766 0.695314 0.009766 0.705079 0.021483 0.705079 0.023437 0.707032 0.042969 0.707032 0.044921 0.705079 0.044921 0.697267 0.042969 0.695314 0.042969 0.693361 0.035157 0.693361 0.033203 0.691405 0.023437 0.691405 0.021483 0.689452 0.013672 0.689452
0 0.042969 0.302736 0.039063 0.306642 0.037109 0.306642 0.037109 0.310548 0.039063 0.312501 0.039063 0.314454 0.041015 0.316407 0.054687 0.316407 0.056641 0.318359 0.068358 0.318359 0.070312 0.320312 0.070312 0.318359 0.072266 0.316407 0.072266 0.314454 0.074218 0.312501 0.074218 0.310548 0.072266 0.308595 0.072266 0.306642 0.070312 0.304689 0.070312 0.302736
0 0 0.076171 0 0.091798 0.00586 0.091798 0.007812 0.089845 0.007812 0.087889 0.009766 0.085936 0.007812 0.083983 0.007812 0.08203 0.00586 0.080077 0.00586 0.078124 0.001954 0.078124
0 0.921875 0.197267 0.919923 0.19922 0.892577 0.19922 0.890625 0.201173 0.890625 0.203126 0.888671 0.205079 0.890625 0.207032 0.890625 0.208985 0.892577 0.210938 0.892577 0.212891 0.902343 0.212891 0.904297 0.214844 0.92578 0.214844 0.92578 0.212891 0.927734 0.210938 0.927734 0.205079 0.923829 0.201173 0.923829 0.19922
0 0.003906 0.726561 0.003906 0.728517 0.001954 0.73047 0.001954 0.732423 0 0.734376 0 0.736329 0.001954 0.738282 0.001954 0.740235 0.007812 0.740235 0.009766 0.742188 0.015626 0.742188 0.017578 0.744141 0.019532 0.742188 0.031249 0.742188 0.031249 0.740235 0.033203 0.738282 0.033203 0.736329 0.031249 0.734376 0.031249 0.732423 0.029297 0.73047 0.029297 0.728517 0.027343 0.726561
0 0.460937 0.236329 0.458985 0.238282 0.458985 0.240235 0.457031 0.242188 0.457031 0.244141 0.455077 0.246094 0.455077 0.248047 0.458985 0.251953 0.458985 0.253906 0.462891 0.257812 0.462891 0.259764 0.464843 0.261717 0.464843 0.26367 0.462891 0.265623 0.464843 0.26758 0.464843 0.269533 0.466797 0.271486 0.466797 0.273439 0.478515 0.273439 0.480469 0.275391 0.482423 0.273439 0.482423 0.271486 0.484375 0.269533 0.484375 0.26367 0.482423 0.261717 0.482423 0.259764 0.480469 0.257812 0.480469 0.255859 0.478515 0.253906 0.478515 0.251953 0.476563 0.25 0.476563 0.248047 0.474609 0.246094 0.474609 0.244141 0.472657 0.242188 0.472657 0.240235 0.470703 0.238282 0.462891 0.238282
0 0.359376 0.585939 0.357422 0.587892 0.353516 0.587892 0.353516 0.589845 0.351562 0.591798 0.351562 0.605469 0.353516 0.607422 0.353516 0.621092 0.357422 0.625001 0.363282 0.625001 0.365233 0.626954 0.365233 0.625001 0.367187 0.623048 0.367187 0.589845 0.365233 0.589845 0.363282 0.587892 0.361328 0.587892
0 0.031249 0.617186 0.029297 0.619139 0.029297 0.621092 0.027343 0.623048 0.029297 0.625001 0.029297 0.632813 0.058595 0.632813 0.058595 0.63086 0.060547 0.628907 0.060547 0.625001 0.058595 0.623048 0.058595 0.621092 0.056641 0.621092 0.052735 0.617186
0 0.023437 0.632813 0.017578 0.638672 0.017578 0.640625 0.019532 0.642578 0.019532 0.644531 0.021483 0.646484 0.021483 0.648437 0.048829 0.648437 0.050781 0.650389 0.052735 0.648437 0.058595 0.648437 0.058595 0.642578 0.056641 0.640625 0.056641 0.638672 0.054687 0.636719 0.054687 0.634766 0.029297 0.634766 0.027343 0.632813
0 0.363282 0.18164 0.363282 0.216797 0.367187 0.220702 0.376953 0.220702 0.378907 0.218749 0.380859 0.218749 0.380859 0.185546 0.378907 0.185546 0.374999 0.18164
0 0.400391 0.435546 0.398437 0.437499 0.396485 0.437499 0.394531 0.439452 0.390625 0.439452 0.390625 0.455079 0.392579 0.457032 0.392579 0.474608 0.396485 0.474608 0.398437 0.476561 0.400391 0.474608 0.402345 0.474608 0.404297 0.472655 0.406251 0.472655 0.406251 0.458985 0.404297 0.457032 0.404297 0.441405 0.402345 0.439452 0.402345 0.437499
0 0.029297 0.576171 0.029297 0.578124 0.027343 0.580077 0.027343 0.58203 0.025392 0.583983 0.060547 0.583983 0.058595 0.58203 0.058595 0.580077 0.054687 0.576171
0 0.408202 0.103516 0.406251 0.105469 0.406251 0.107422 0.402345 0.111328 0.402345 0.138672 0.404297 0.138672 0.408202 0.142578 0.414062 0.142578 0.416016 0.144531 0.416016 0.140625 0.417968 0.138672 0.417968 0.123045 0.416016 0.121092 0.416016 0.107422 0.412108 0.103516
0 0.419922 0.234376 0.417968 0.236329 0.414062 0.236329 0.412108 0.238282 0.412108 0.240235 0.410156 0.242188 0.410156 0.244141 0.412108 0.246094 0.412108 0.248047 0.414062 0.25 0.414062 0.251953 0.416016 0.253906 0.416016 0.255859 0.417968 0.257812 0.417968 0.261717 0.419922 0.26367 0.419922 0.265623 0.421874 0.26758 0.421874 0.269533 0.423828 0.271486 0.423828 0.273439 0.433594 0.273439 0.4375 0.269533 0.4375 0.259764 0.435546 0.257812 0.435546 0.255859 0.433594 0.253906 0.433594 0.251953 0.43164 0.25 0.43164 0.248047 0.429688 0.246094 0.429688 0.244141 0.427734 0.242188 0.427734 0.240235 0.425782 0.238282 0.425782 0.236329 0.421874 0.236329