0 0.875 0.41211 0.873047 0.414062 0.871094 0.414062 0.867188 0.41797 0.865235 0.41797 0.861327 0.421876 0.859374 0.421876 0.861327 0.423828 0.861327 0.425782 0.863283 0.427734 0.865235 0.425782 0.867188 0.425782 0.869141 0.423828 0.871094 0.423828 0.873047 0.421876 0.875 0.421876 0.876953 0.419922 0.878906 0.419922 0.876953 0.41797 0.876953 0.416016 0.875 0.414062
0 0.201173 0.919923 0.201173 0.927735 0.216796 0.927735 0.216796 0.921875 0.203125 0.921875
0 0.876953 0.466798 0.875 0.468749 0.873047 0.468749 0.871094 0.470703 0.869141 0.470703 0.867188 0.472655 0.865235 0.472655 0.863283 0.474609 0.861327 0.474609 0.861327 0.476564 0.863283 0.478515 0.863283 0.482421 0.865235 0.482421 0.869141 0.478515 0.871094 0.478515 0.875 0.474609 0.876953 0.474609 0.878906 0.472655 0.878906 0.468749
0 0.798829 0.134765 0.794923 0.138671 0.79297 0.138671 0.789061 0.142577 0.787109 0.142577 0.785156 0.144531 0.787109 0.146485 0.787109 0.148437 0.789061 0.150391 0.789061 0.152343 0.796876 0.144531 0.798829 0.144531 0.802735 0.140625 0.802735 0.138671 0.800782 0.136719 0.800782 0.134765
0 0.794923 0.464843 0.79297 0.466798 0.789061 0.466798 0.787109 0.468749 0.785156 0.468749 0.783203 0.470703 0.779297 0.470703 0.779297 0.474609 0.78125 0.476564 0.78125 0.480469 0.783203 0.478515 0.785156 0.478515 0.787109 0.476564 0.791014 0.476564 0.79297 0.474609 0.796876 0.474609 0.796876 0.466798
0 0.876953 0.310546 0.875 0.3125 0.873047 0.3125 0.871094 0.314452 0.869141 0.314452 0.867188 0.316406 0.865235 0.316406 0.865235 0.31836 0.867188 0.320312 0.867188 0.322266 0.869141 0.320312 0.876953 0.320312 0.878906 0.31836 0.880858 0.31836 0.880858 0.3125 0.882811 0.310546
0 0.203125 0.939453 0.203125 0.941407 0.205078 0.943359 0.205078 0.947267 0.218751 0.947267 0.218751 0.941407 0.205078 0.941407
0 0.017579 0.927735 0.017579 0.945313 0.023437 0.945313 0.023437 0.927735
0 0.550781 0.992189 0.550781 0.99414 0.548828 0.996094 0.548828 0.998046 0.546876 1 0.546876 1 0.544923 1 0.544923 1 0.54297 1 0.54297 1 0.541017 1 0.54297 1 0.546876 1 0.548828 1 0.550781 1 0.550781 1 0.552734 1 0.552734 1 0.554687 1 0.554687 1 0.55664 1 0.55664 1 0.558593 1 0.558593 1 0.560546 0.998046 0.560546 0.996094 0.55664 0.996094 0.554687 0.99414 0.552734 0.99414
0 0.388672 0.861329 0.388672 0.869141 0.386719 0.871093 0.386719 0.876953 0.392578 0.876953 0.394531 0.878907 0.394531 0.871093 0.396484 0.869141 0.396484 0.861329
1 0.124999 0.669922 0.124999 0.699218 0.138672 0.699218 0.138672 0.669922
0 0.873047 0.275391 0.873047 0.277345 0.871094 0.279296 0.871094 0.285156 0.869141 0.287108 0.869141 0.289062 0.875 0.289062 0.875 0.287108 0.876953 0.285156 0.876953 0.279296 0.878906 0.277345 0.878906 0.275391
0 0.878906 0.363282 0.876953 0.365234 0.875 0.365234 0.871094 0.36914 0.869141 0.36914 0.865235 0.373046 0.863283 0.373046 0.865235 0.375 0.865235 0.376954 0.867188 0.378906 0.869141 0.376954 0.873047 0.376954 0.875 0.375 0.878906 0.375
0 0.798829 0.214843 0.796876 0.216797 0.794923 0.216797 0.791014 0.220703 0.789061 0.220703 0.787109 0.222657 0.785156 0.222657 0.787109 0.224609 0.787109 0.226563 0.789061 0.228515 0.79297 0.224609 0.794923 0.224609 0.798829 0.220703 0.800782 0.220703 0.802735 0.218751
0 0.851562 0.810547 0.851562 0.826171 0.857421 0.826171 0.857421 0.818359 0.859374 0.816405 0.859374 0.810547
0 0.808593 0.654296 0.808593 0.671874 0.810546 0.669922 0.816408 0.669922 0.816408 0.654296
0 0.734375 0.564453 0.734375 0.566407 0.732422 0.568359 0.732422 0.570313 0.738281 0.570313 0.740234 0.572265 0.746092 0.572265 0.748048 0.574219 0.748048 0.572265 0.750001 0.570313 0.750001 0.568359 0.74414 0.568359 0.742187 0.566407 0.736328 0.566407
0 0.623047 0.945313 0.623047 0.951173 0.63672 0.951173 0.63672 0.947267 0.624999 0.947267
1 0.13086 0.636718 0.13086 0.648438 0.128907 0.65039 0.128907 0.662111 0.136719 0.662111 0.138672 0.664062 0.138672 0.65039 0.140625 0.648438 0.140625 0.636718
0 0.888673 0.107422 0.888673 0.113282 0.904296 0.113282 0.904296 0.107422
0 0.878906 0.812499 0.878906 0.826171 0.884767 0.826171 0.884767 0.812499
0 0.728516 0.634767 0.726564 0.636718 0.724611 0.636718 0.720702 0.640624 0.718749 0.640624 0.716796 0.642578 0.714843 0.642578 0.714843 0.64453 0.716796 0.646484 0.716796 0.648438 0.718749 0.646484 0.720702 0.646484 0.722655 0.64453 0.724611 0.64453 0.726564 0.642578 0.728516 0.642578 0.730469 0.640624 0.732422 0.640624 0.732422 0.638672 0.730469 0.636718 0.730469 0.634767
0 0.560546 0.939453 0.560546 0.951173 0.562499 0.949219 0.566407 0.949219 0.566407 0.939453
0 0.703126 0.775392 0.703126 0.777344 0.701173 0.779298 0.701173 0.78711 0.722655 0.78711 0.722655 0.777344 0.708985 0.777344 0.707032 0.775392
0 0.876953 0.128905 0.876953 0.136719 0.892579 0.136719 0.892579 0.130859 0.878906 0.130859
0 0.882811 0.255858 0.880858 0.257813 0.876953 0.257813 0.875 0.259767 0.871094 0.259767 0.869141 0.261719 0.865235 0.261719 0.865235 0.265625 0.867188 0.267579 0.867188 0.271485 0.869141 0.26953 0.873047 0.26953 0.875 0.267579 0.876953 0.267579 0.878906 0.265625 0.880858 0.265625 0.880858 0.261719 0.882811 0.259767
0 0.878906 0.388672 0.876953 0.390626 0.873047 0.390626 0.871094 0.392578 0.869141 0.392578 0.867188 0.394532 0.863283 0.394532 0.863283 0.398438 0.865235 0.40039 0.865235 0.40625 0.867188 0.404298 0.869141 0.404298 0.873047 0.40039 0.875 0.40039 0.876953 0.398438 0.878906 0.398438
1 0.191405 0.990234 0.191405 1 0.189452 1 0.189452 1 0.19922 1 0.19922 0.992189 0.193358 0.992189
0 0.76953 0.044922 0.767577 0.046876 0.765624 0.046876 0.763671 0.048828 0.761718 0.048828 0.759765 0.050782 0.757813 0.050782 0.75586 0.052734 0.753907 0.052734 0.751954 0.054688 0.750001 0.054688 0.751954 0.05664 0.751954 0.058594 0.753907 0.060548 0.75586 0.058594 0.761718 0.058594 0.763671 0.05664 0.767577 0.05664 0.76953 0.054688
1 0.330077 0.78125 0.330077 0.791016 0.328124 0.79297 0.328124 0.810547 0.326171 0.812499 0.326171 0.822265 0.339844 0.822265 0.341797 0.824219 0.341797 0.804687 0.34375 0.802733 0.34375 0.783204 0.33203 0.783204
0 0.875 0.476564 0.871094 0.480469 0.869141 0.480469 0.865235 0.484375 0.863283 0.484375 0.861327 0.482421 0.863283 0.484375 0.863283 0.486327 0.865235 0.488281 0.865235 0.490235 0.867188 0.488281 0.869141 0.488281 0.871094 0.486327 0.873047 0.486327 0.875 0.484375 0.876953 0.484375 0.878906 0.482421 0.880858 0.482421 0.878906 0.480469 0.878906 0.478515 0.876953 0.476564
0 0.794923 0.30664 0.789061 0.3125 0.787109 0.3125 0.785156 0.314452 0.789061 0.31836 0.791014 0.316406 0.79297 0.316406 0.796876 0.3125 0.798829 0.3125 0.796876 0.310546 0.796876 0.308594
0 0.312501 0.36914 0.312501 0.373046 0.310548 0.375 0.310548 0.378906 0.326171 0.378906 0.328124 0.38086 0.328124 0.376954 0.330077 0.375 0.330077 0.373046 0.322266 0.373046 0.320313 0.371094 0.314454 0.371094
0 0.876953 0.332032 0.875 0.333984 0.871094 0.333984 0.869141 0.335938 0.867188 0.335938 0.865235 0.33789 0.861327 0.33789 0.861327 0.339844 0.863283 0.341796 0.863283 0.34375 0.865235 0.345704 0.865235 0.347656 0.867188 0.345704 0.869141 0.345704 0.871094 0.34375 0.873047 0.34375 0.875 0.341796 0.876953 0.341796 0.878906 0.339844 0.880858 0.339844 0.878906 0.33789 0.878906 0.335938 0.876953 0.333984
0 0.156251 0.916015 0.156251 0.921875 0.175782 0.921875 0.175782 0.916015
0 0.794923 0.316406 0.79297 0.31836 0.791014 0.31836 0.789061 0.320312 0.787109 0.320312 0.785156 0.322266 0.783203 0.322266 0.783203 0.324218 0.785156 0.326172 0.785156 0.330078 0.787109 0.328124 0.789061 0.328124 0.791014 0.326172 0.79297 0.326172 0.794923 0.324218 0.796876 0.324218 0.796876 0.322266 0.794923 0.320312
0 0.882811 0.167969 0.880858 0.169921 0.876953 0.169921 0.875 0.171875 0.873047 0.171875 0.871094 0.173827 0.867188 0.173827 0.869141 0.175781 0.869141 0.177735 0.871094 0.179687 0.871094 0.181641 0.875 0.181641 0.876953 0.179687 0.878906 0.179687 0.884767 0.173827 0.884767 0.171875 0.882811 0.169921
0 0.765624 0.978517 0.757813 0.986328 0.75586 0.986328 0.750001 0.992189 0.753907 0.996094 0.757813 0.992189 0.759765 0.992189 0.765624 0.986328 0.767577 0.986328 0.76953 0.984374 0.767577 0.982423 0.767577 0.980468
0 0.039063 0.554687 0.039063 0.556641 0.03711 0.558593 0.03711 0.560547 0.048828 0.560547 0.048828 0.554687
0 0.878906 0.376954 0.876953 0.378906 0.875 0.378906 0.873047 0.38086 0.871094 0.38086 0.869141 0.382812 0.867188 0.382812 0.865235 0.384766 0.863283 0.384766 0.865235 0.386718 0.865235 0.388672 0.867188 0.390626 0.869141 0.388672 0.871094 0.388672 0.873047 0.386718 0.875 0.386718 0.876953 0.384766 0.878906 0.384766 0.878906 0.382812 0.880858 0.38086 0.880858 0.378906
0 0.916016 0.874999 0.916016 0.890625 0.923828 0.890625 0.923828 0.882813 0.92578 0.880859 0.92578 0.874999
0 0.794923 0.330078 0.79297 0.332032 0.789061 0.332032 0.787109 0.333984 0.78125 0.333984 0.78125 0.335938 0.783203 0.33789 0.783203 0.339844 0.785156 0.33789 0.789061 0.33789 0.791014 0.335938 0.796876 0.335938 0.796876 0.333984 0.794923 0.332032
0 0.587892 0.958984 0.587892 0.960936 0.585939 0.962891 0.585939 0.964845 0.583983 0.966796 0.583983 0.968751 0.58203 0.970702 0.58203 0.972656 0.580077 0.974608 0.580077 0.976562 0.578125 0.978517 0.580077 0.978517 0.58203 0.980468 0.583983 0.980468 0.585939 0.982423 0.585939 0.980468 0.587892 0.978517 0.587892 0.976562 0.589845 0.974608 0.589845 0.972656 0.591798 0.970702 0.591798 0.968751 0.59375 0.966796 0.59375 0.964845 0.595703 0.962891 0.595703 0.960936 0.589845 0.960936
0 0.880858 0.203125 0.878906 0.205079 0.875 0.205079 0.873047 0.207031 0.871094 0.207031 0.869141 0.208985 0.865235 0.208985 0.865235 0.210937 0.867188 0.212891 0.867188 0.216797 0.869141 0.214843 0.873047 0.214843 0.875 0.212891 0.876953 0.212891 0.878906 0.210937 0.882811 0.210937 0.882811 0.208985 0.880858 0.207031
0 0.876953 0.119142 0.876953 0.124999 0.878906 0.123048 0.892579 0.123048 0.892579 0.119142
0 0.750001 0.677734 0.736328 0.691406 0.740234 0.695312 0.74414 0.691406 0.746092 0.691406 0.750001 0.6875 0.751954 0.6875 0.751954 0.685546 0.753907 0.683594 0.751954 0.68164 0.751954 0.679688
0 0.023437 0.806642 0.023437 0.820314 0.027343 0.820314 0.027343 0.806642
0 0.896484 0.876953 0.896484 0.888671 0.904296 0.888671 0.904296 0.876953
0 0.902343 0.544921 0.90039 0.546875 0.90039 0.548829 0.894531 0.554687 0.894531 0.556641 0.892579 0.558593 0.894531 0.560547 0.894531 0.562501 0.896484 0.564453 0.908204 0.552735 0.904296 0.548829 0.904296 0.546875
0 0.933595 0.597657 0.931642 0.599608 0.92578 0.599608 0.923828 0.601563 0.917969 0.601563 0.917969 0.603517 0.919922 0.605469 0.919922 0.607423 0.921875 0.605469 0.933595 0.605469
0 0.990234 0.810547 0.986328 0.814453 0.986328 0.816405 0.984375 0.818359 0.984375 0.824219 0.986328 0.826171 0.990234 0.826171 0.992187 0.824219 0.992187 0.818359 0.99414 0.816405 0.99414 0.810547
0 0.732422 0.625001 0.730469 0.626952 0.716796 0.626952 0.716796 0.634767 0.726564 0.634767 0.728516 0.632812 0.730469 0.632812 0.732422 0.634767
0 0.478516 0.384766 0.476563 0.386718 0.470702 0.386718 0.470702 0.402344 0.476563 0.402344 0.476563 0.394532 0.478516 0.392578
0 0.869141 0.876953 0.869141 0.882813 0.867188 0.884765 0.867188 0.890625 0.875 0.890625 0.875 0.876953
0 0.894531 0.617186 0.894531 0.625001 0.892579 0.626952 0.892579 0.634767 0.898437 0.634767 0.90039 0.632812 0.90039 0.628906 0.902343 0.626952 0.902343 0.617186
0 0.060548 0.769532 0.058595 0.771483 0.052734 0.771483 0.052734 0.775392 0.054686 0.777344 0.054686 0.783204 0.056639 0.78125 0.062501 0.78125 0.062501 0.777344 0.060548 0.775392
0 0.802735 0.187499 0.800782 0.189453 0.798829 0.189453 0.794923 0.193359 0.79297 0.193359 0.791014 0.195313 0.789061 0.195313 0.785156 0.199219 0.783203 0.199219 0.785156 0.201171 0.785156 0.203125 0.787109 0.205079 0.787109 0.207031 0.791014 0.203125 0.79297 0.203125 0.796876 0.199219 0.798829 0.199219 0.802735 0.195313 0.804687 0.195313 0.804687 0.193359 0.802735 0.191407
1 0.039063 0.570313 0.039063 0.578125 0.056639 0.578125 0.058595 0.580079 0.058595 0.570313
1 0.816408 0.296874 0.816408 0.326172 0.824219 0.326172 0.824219 0.322266 0.826172 0.320312 0.826172 0.31836 0.828125 0.316406 0.828125 0.310546 0.826172 0.310546 0.822266 0.30664 0.822266 0.296874
0 0.76953 0.05664 0.767577 0.058594 0.763671 0.058594 0.761718 0.060548 0.759765 0.060548 0.757813 0.0625 0.753907 0.0625 0.753907 0.064454 0.75586 0.066406 0.75586 0.070312 0.757813 0.06836 0.761718 0.06836 0.763671 0.066406 0.767577 0.066406 0.767577 0.0625 0.76953 0.060548
0 0.550781 0.044922 0.550781 0.050782 0.548828 0.052734 0.548828 0.058594 0.554687 0.058594 0.55664 0.060548 0.55664 0.054688 0.558593 0.052734 0.558593 0.046876 0.552734 0.046876
0 0.880858 0.179687 0.878906 0.181641 0.876953 0.181641 0.875 0.183593 0.873047 0.183593 0.869141 0.187499 0.867188 0.187499 0.865235 0.189453 0.863283 0.189453 0.865235 0.191407 0.867188 0.191407 0.871094 0.195313 0.873047 0.193359 0.875 0.193359 0.878906 0.189453 0.880858 0.189453 0.882811 0.187499 0.884767 0.187499 0.882811 0.185547 0.882811 0.183593 0.880858 0.181641
0 0.056639 0.669922 0.052734 0.673828 0.054686 0.675782 0.056639 0.675782 0.062501 0.68164 0.066407 0.677734 0.064454 0.675782 0.062501 0.675782
0 0.015626 0.998046 0.015626 1 0.021485 1 0.021485 0.998046
0 0.742187 0.669922 0.736328 0.675782 0.736328 0.677734 0.730469 0.683594 0.732422 0.683594 0.734375 0.685546 0.740234 0.679688 0.742187 0.679688 0.746092 0.675782 0.74414 0.673828 0.74414 0.671874
0 0.175782 0.904297 0.173829 0.906251 0.158203 0.906251 0.158203 0.912109 0.175782 0.912109
0 0.101561 0.738282 0.101561 0.74414 0.099608 0.746094 0.099608 0.751954 0.107423 0.751954 0.107423 0.738282
0 0.894531 0.539063 0.890626 0.542969 0.890626 0.544921 0.88672 0.548829 0.892579 0.554687 0.892579 0.552735 0.894531 0.550781 0.894531 0.548829 0.896484 0.546875 0.896484 0.544921 0.898437 0.542969
0 0.878906 0 0.878906 0 0.880858 0.001952 0.880858 0.007812 0.882811 0.009766 0.882811 0.013672 0.884767 0.011718 0.888673 0.011718 0.888673 0.009766 0.88672 0.007812 0.88672 0.001952 0.884767 0 0.884767 0
0 0.79297 0.476564 0.791014 0.478515 0.787109 0.478515 0.785156 0.480469 0.783203 0.480469 0.78125 0.482421 0.777344 0.482421 0.777344 0.484375 0.779297 0.486327 0.779297 0.488281 0.78125 0.490235 0.78125 0.492187 0.783203 0.490235 0.787109 0.490235 0.789061 0.488281 0.794923 0.488281 0.796876 0.486327 0.796876 0.482421 0.794923 0.480469 0.794923 0.478515
0 0.876953 0.453126 0.875 0.455077 0.873047 0.455077 0.871094 0.457032 0.869141 0.457032 0.867188 0.458983 0.865235 0.458983 0.863283 0.460937 0.861327 0.460937 0.863283 0.462892 0.863283 0.464843 0.865235 0.466798 0.865235 0.468749 0.867188 0.466798 0.869141 0.466798 0.871094 0.464843 0.873047 0.464843 0.875 0.462892 0.876953 0.462892 0.876953 0.460937 0.878906 0.458983 0.878906 0.455077
0 0.794923 0.4375 0.79297 0.439454 0.789061 0.439454 0.787109 0.441405 0.785156 0.441405 0.783203 0.443359 0.779297 0.443359 0.78125 0.443359 0.785156 0.447266 0.789061 0.447266 0.791014 0.445311 0.79297 0.445311 0.794923 0.443359 0.796876 0.443359 0.798829 0.441405
0 0.203125 0.886719 0.203125 0.892579 0.216796 0.892579 0.216796 0.886719
0 0.814452 0.708984 0.812499 0.710938 0.810546 0.710938 0.808593 0.71289 0.80664 0.71289 0.808593 0.714844 0.808593 0.716796 0.812499 0.720704 0.812499 0.722656 0.814452 0.72461 0.816408 0.722656 0.820313 0.722656 0.820313 0.720704 0.81836 0.71875 0.81836 0.716796 0.816408 0.714844 0.816408 0.71289 0.814452 0.710938
0 0.876953 0.433594 0.875 0.435548 0.873047 0.435548 0.871094 0.4375 0.869141 0.4375 0.867188 0.439454 0.865235 0.4375 0.863283 0.439454 0.861327 0.439454 0.861327 0.441405 0.863283 0.443359 0.863283 0.445311 0.865235 0.447266 0.865235 0.44922 0.869141 0.445311 0.871094 0.445311 0.876953 0.439454 0.878906 0.439454 0.880858 0.4375 0.878906 0.435548 0.878906 0.433594
0 0.939453 0.873047 0.937501 0.874999 0.931642 0.874999 0.931642 0.886719 0.937501 0.886719 0.939453 0.888671
0 0.089844 0.740234 0.089844 0.742188 0.087891 0.74414 0.087891 0.746094 0.085938 0.748048 0.085938 0.75 0.091797 0.75 0.09375 0.751954 0.09375 0.746094 0.095703 0.74414 0.095703 0.740234
0 0.804687 0.158203 0.802735 0.160157 0.798829 0.160157 0.796876 0.162109 0.791014 0.162109 0.789061 0.164063 0.785156 0.164063 0.785156 0.167969 0.787109 0.169921 0.787109 0.173827 0.796876 0.173827 0.802735 0.167969 0.804687 0.167969 0.80664 0.166015 0.80664 0.160157
0 0.158203 0.884765 0.158203 0.892579 0.160156 0.890625 0.175782 0.890625 0.175782 0.884765
0 0.074218 0.771483 0.074218 0.773438 0.076171 0.775392 0.076171 0.779298 0.078124 0.78125 0.078124 0.783204 0.083985 0.783204 0.083985 0.78125 0.082032 0.779298 0.082032 0.775392 0.080077 0.773438 0.080077 0.771483
0 0.095703 0.611329 0.09375 0.61328 0.09375 0.615235 0.091797 0.617186 0.09375 0.617186 0.095703 0.61914 0.097656 0.61914 0.099608 0.621095 0.101561 0.621095 0.103517 0.623046 0.10547 0.623046 0.107423 0.625001 0.107423 0.623046 0.109376 0.621095 0.109376 0.61914 0.107423 0.61914 0.10547 0.617186 0.103517 0.617186 0.099608 0.61328 0.097656 0.61328
0 0.062501 0.771483 0.062501 0.773438 0.064454 0.775392 0.064454 0.779298 0.066407 0.78125 0.066407 0.783204 0.074218 0.783204 0.074218 0.78125 0.072265 0.779298 0.072265 0.775392 0.070312 0.773438 0.070312 0.771483
0 0.996093 0.812499 0.996093 0.816405 0.99414 0.818359 0.99414 0.824219 0.992187 0.826171 1 0.826171 1 0.818359 1 0.816405 1 0.812499
0 0.796876 0.445311 0.794923 0.447266 0.791014 0.447266 0.789061 0.44922 0.783203 0.44922 0.78125 0.451171 0.777344 0.451171 0.777344 0.453126 0.779297 0.455077 0.779297 0.458983 0.78125 0.457032 0.783203 0.457032 0.785156 0.455077 0.789061 0.455077 0.791014 0.453126 0.79297 0.453126 0.794923 0.451171 0.798829 0.451171 0.798829 0.44922 0.796876 0.447266
0 0.878906 0.191407 0.875 0.195313 0.873047 0.195313 0.871094 0.197265 0.869141 0.195313 0.867188 0.197265 0.865235 0.197265 0.867188 0.199219 0.867188 0.201171 0.869141 0.203125 0.869141 0.205079 0.871094 0.203125 0.873047 0.203125 0.875 0.201171 0.876953 0.201171 0.878906 0.199219 0.880858 0.199219 0.882811 0.197265 0.884767 0.197265 0.882811 0.195313 0.882811 0.193359 0.880858 0.191407
0 0.888673 0.65625 0.884767 0.660156 0.884767 0.662111 0.880858 0.666016 0.884767 0.666016 0.88672 0.667968 0.888673 0.666016 0.888673 0.664062 0.890626 0.662111 0.890626 0.660156 0.892579 0.658202 0.890626 0.658202
0 0.156251 0.933595 0.156251 0.941407 0.173829 0.941407 0.173829 0.933595
0 0.142578 0.95703 0.142578 0.958984 0.14453 0.960936 0.14453 0.964845 0.156251 0.964845 0.156251 0.958984 0.14453 0.958984
0 0.929686 0.585937 0.927733 0.587891 0.92578 0.587891 0.921875 0.591797 0.919922 0.591797 0.917969 0.593751 0.916016 0.593751 0.917969 0.595703 0.917969 0.597657 0.919922 0.599608 0.923828 0.595703 0.92578 0.595703 0.929686 0.591797 0.931642 0.591797 0.931642 0.589845 0.929686 0.587891
0 0.839845 0.414062 0.839845 0.421876 0.837889 0.423828 0.837889 0.429688 0.841798 0.429688 0.841798 0.423828 0.843751 0.421876 0.843751 0.416016 0.841798 0.416016
0 0.203125 0.929686 0.203125 0.937501 0.216796 0.937501 0.216796 0.929686
0 0.785156 0.10547 0.783203 0.107422 0.78125 0.107422 0.779297 0.109376 0.777344 0.109376 0.775391 0.111327 0.773438 0.111327 0.771486 0.113282 0.76953 0.113282 0.777344 0.121093 0.78125 0.117188 0.783203 0.117188 0.787109 0.113282 0.789061 0.113282 0.789061 0.107422 0.787109 0.107422
0 0.800782 0.236329 0.798829 0.238281 0.79297 0.238281 0.791014 0.240235 0.785156 0.240235 0.785156 0.248047 0.787109 0.246095 0.791014 0.246095 0.79297 0.244141 0.796876 0.244141 0.798829 0.242187 0.802735 0.242187 0.802735 0.240235 0.800782 0.238281
5 0.824219 0.962891 0.822266 0.964845 0.810546 0.964845 0.808593 0.966796 0.804687 0.966796 0.802735 0.968751 0.798829 0.968751 0.796876 0.970702 0.79297 0.970702 0.785156 0.978517 0.783203 0.978517 0.775391 0.986328 0.775391 0.98828 0.771486 0.992189 0.771486 0.99414 0.76953 0.996094 0.76953 0.998046 0.767577 1 0.767577 1 0.765624 1 0.765624 1 0.763671 1 0.763671 1 0.765624 1 0.765624 1 0.767577 1 0.767577 1 0.76953 1 0.76953 1 0.771486 1 0.771486 1 0.773438 1 0.773438 1 0.775391 1 0.779297 1 0.78125 1 0.785156 1 0.787109 1 0.791014 1 0.79297 1 0.796876 1 0.800782 1 0.802735 1 0.808593 1 0.810546 1 0.814452 1 0.816408 1 0.830078 1 0.832031 1 0.833984 1 0.837889 1 0.839845 1 0.845704 1 0.847657 1 0.849609 1 0.851562 1 0.855468 1 0.857421 1 0.859374 1 0.871094 1 0.871094 1 0.873047 1 0.873047 1 0.875 1 0.875 1 0.876953 1 0.876953 1 0.878906 1 0.878906 1 0.880858 1 0.880858 1 0.878906 1 0.878906 1 0.876953 1 0.876953 0.998046 0.875 0.996094 0.875 0.99414 0.873047 0.992189 0.873047 0.990234 0.871094 0.98828 0.871094 0.986328 0.869141 0.984374 0.869141 0.982423 0.861327 0.974608 0.859374 0.974608 0.857421 0.972656 0.855468 0.972656 0.853515 0.970702 0.849609 0.970702 0.847657 0.968751 0.845704 0.968751 0.843751 0.966796 0.841798 0.966796 0.839845 0.964845 0.826172 0.964845
0 0.083985 0.771483 0.083985 0.773438 0.085938 0.775392 0.085938 0.779298 0.087891 0.78125 0.087891 0.783204 0.095703 0.783204 0.095703 0.78125 0.09375 0.779298 0.09375 0.775392 0.091797 0.773438 0.091797 0.771483
0 0.830078 0.658202 0.830078 0.664062 0.832031 0.666016 0.832031 0.671874 0.837889 0.671874 0.837889 0.658202
0 0.738281 0.601563 0.736328 0.603517 0.716796 0.603517 0.716796 0.607423 0.718749 0.609374 0.718749 0.61328 0.720702 0.611329 0.736328 0.611329 0.736328 0.609374 0.738281 0.607423
0 0.107423 0.603517 0.101561 0.609374 0.103517 0.611329 0.10547 0.611329 0.109376 0.615235 0.111329 0.615235 0.115234 0.61914 0.115234 0.617186 0.117187 0.615235 0.117187 0.61328
0 0.880858 0.160157 0.878906 0.162109 0.876953 0.162109 0.875 0.164063 0.873047 0.164063 0.871094 0.166015 0.869141 0.166015 0.871094 0.167969 0.871094 0.169921 0.875 0.169921 0.876953 0.167969 0.878906 0.167969 0.884767 0.162109 0.882811 0.162109
0 0.259765 0.404298 0.257812 0.40625 0.255859 0.40625 0.253906 0.408204 0.251953 0.408204 0.25 0.410156 0.248047 0.410156 0.246095 0.41211 0.244142 0.41211 0.246095 0.414062 0.246095 0.416016 0.248047 0.41797 0.248047 0.419922 0.25 0.41797 0.251953 0.41797 0.253906 0.416016 0.255859 0.416016 0.257812 0.414062 0.259765 0.414062 0.261718 0.41211 0.263671 0.41211 0.261718 0.410156 0.261718 0.408204 0.259765 0.40625
0 0.908204 0.814453 0.908204 0.830077 0.914063 0.830077 0.914063 0.814453
0 0.917969 0.003906 0.916016 0.00586 0.91211 0.00586 0.910157 0.007812 0.904296 0.007812 0.904296 0.009766 0.906249 0.011718 0.906249 0.013672 0.908204 0.011718 0.919922 0.011718 0.919922 0.009766 0.917969 0.007812
0 0.734375 0.652344 0.730469 0.65625 0.728516 0.65625 0.724611 0.660156 0.722655 0.660156 0.720702 0.662111 0.724611 0.666016 0.724611 0.667968 0.726564 0.669922 0.734375 0.662111 0.736328 0.662111 0.740234 0.658202
0 0.142578 0.966796 0.142578 0.974608 0.156251 0.974608 0.156251 0.968751 0.14453 0.968751
0 0.800782 0.244141 0.798829 0.246095 0.794923 0.246095 0.79297 0.248047 0.791014 0.248047 0.789061 0.250001 0.785156 0.250001 0.785156 0.251953 0.787109 0.253907 0.787109 0.257813 0.789061 0.255858 0.791014 0.255858 0.79297 0.253907 0.794923 0.253907 0.796876 0.251953 0.798829 0.251953 0.800782 0.250001 0.802735 0.250001 0.802735 0.248047 0.800782 0.246095
0 0.017579 0.908203 0.017579 0.916015 0.015626 0.917969 0.015626 0.923829 0.019532 0.923829 0.021485 0.925781 0.021485 0.917969 0.023437 0.916015 0.023437 0.908203
0 0.908204 0.876953 0.908204 0.882813 0.906249 0.884765 0.906249 0.888671 0.910157 0.888671 0.91211 0.890625 0.91211 0.884765 0.914063 0.882813 0.914063 0.876953
0 0.882811 0.244141 0.880858 0.246095 0.876953 0.246095 0.875 0.248047 0.873047 0.248047 0.871094 0.250001 0.867188 0.250001 0.867188 0.251953 0.869141 0.253907 0.869141 0.257813 0.871094 0.255858 0.873047 0.255858 0.875 0.253907 0.876953 0.253907 0.878906 0.251953 0.880858 0.251953 0.880858 0.250001 0.882811 0.248047
0 0.880858 0.320312 0.878906 0.322266 0.875 0.322266 0.873047 0.324218 0.869141 0.324218 0.867188 0.326172 0.863283 0.326172 0.863283 0.328124 0.865235 0.330078 0.865235 0.333984 0.867188 0.332032 0.873047 0.332032 0.875 0.330078 0.880858 0.330078
0 0.917969 0 0.916016 0 0.914063 0 0.91211 0 0.910157 0 0.906249 0 0.904296 0 0.902343 0 0.90039 0 0.902343 0 0.906249 0.003906 0.908204 0.001952 0.910157 0.001952 0.91211 0 0.916016 0 0.917969 0 0.919922 0 0.919922 0 0.917969 0
0 0.984375 0.34961 0.982423 0.351562 0.96875 0.351562 0.964844 0.355468 0.966797 0.357422 0.966797 0.359374 0.96875 0.361328 0.970702 0.359374 0.974608 0.359374 0.976564 0.357422 0.984375 0.357422
0 0.896484 0.847657 0.896484 0.855469 0.914063 0.855469 0.914063 0.847657
0 0.937501 0.617186 0.935548 0.61914 0.923828 0.61914 0.923828 0.626952 0.931642 0.626952 0.933595 0.625001 0.937501 0.625001
0 0.796876 0.267579 0.794923 0.26953 0.791014 0.26953 0.789061 0.271485 0.787109 0.271485 0.785156 0.273436 0.78125 0.273436 0.78125 0.275391 0.783203 0.277345 0.783203 0.281251 0.785156 0.279296 0.789061 0.279296 0.791014 0.277345 0.79297 0.277345 0.794923 0.275391 0.798829 0.275391 0.798829 0.273436 0.796876 0.271485
0 0.158203 0.896485 0.158203 0.902343 0.175782 0.902343 0.175782 0.896485
0 0.021485 0.882813 0.021485 0.886719 0.019532 0.888671 0.019532 0.898437 0.017579 0.900391 0.017579 0.904297 0.02539 0.904297 0.02539 0.884765 0.023437 0.884765
0 0.050781 0.68164 0.050781 0.685546 0.052734 0.685546 0.056639 0.689454 0.058595 0.689454 0.060548 0.691406 0.066407 0.685546 0.060548 0.685546 0.058595 0.683594 0.052734 0.683594
0 0.810546 0.554687 0.810546 0.570313 0.81836 0.570313 0.81836 0.554687
0 0.882811 0.148437 0.880858 0.150391 0.878906 0.150391 0.876953 0.152343 0.875 0.152343 0.873047 0.154297 0.871094 0.154297 0.869141 0.156249 0.867188 0.156249 0.869141 0.158203 0.869141 0.160157 0.871094 0.162109 0.871094 0.164063 0.873047 0.162109 0.875 0.162109 0.876953 0.160157 0.878906 0.160157 0.882811 0.156249 0.882811 0.154297 0.884767 0.152343 0.882811 0.150391
0 0.732422 0.64453 0.730469 0.646484 0.728516 0.646484 0.724611 0.65039 0.722655 0.65039 0.718749 0.654296 0.716796 0.654296 0.718749 0.65625 0.718749 0.658202 0.720702 0.660156 0.722655 0.658202 0.724611 0.658202 0.728516 0.654296 0.730469 0.654296 0.734375 0.65039 0.736328 0.652344 0.736328 0.648438 0.734375 0.646484 0.734375 0.64453
1 0.033202 0.61328 0.033202 0.617186 0.031249 0.61914 0.031249 0.621095 0.046875 0.621095 0.048828 0.623046 0.048828 0.615235 0.035158 0.615235
0 0.384766 0.968751 0.384766 0.976562 0.382813 0.978517 0.382813 0.986328 0.386719 0.986328 0.388672 0.98828 0.388672 0.978517 0.390625 0.976562 0.390625 0.968751
0 0.970702 0.371094 0.96875 0.373046 0.96875 0.375 0.966797 0.376954 0.96875 0.378906 0.982423 0.378906 0.986328 0.375 0.986328 0.371094
0 0.773438 0.06836 0.771486 0.070312 0.763671 0.070312 0.761718 0.072266 0.753907 0.072266 0.753907 0.076172 0.75586 0.078126 0.75586 0.082032 0.761718 0.082032 0.765624 0.078126 0.767577 0.078126 0.773438 0.072266
1 0.033202 0.583985 0.033202 0.589845 0.050781 0.589845 0.052734 0.591797 0.052734 0.583985
0 0.015626 0.976562 0.015626 0.984374 0.013673 0.986328 0.013673 0.992189 0.019532 0.992189 0.019532 0.976562
0 0.777344 0.087889 0.775391 0.089844 0.773438 0.089844 0.771486 0.091798 0.76953 0.091798 0.765624 0.095704 0.763671 0.095704 0.761718 0.097655 0.759765 0.097655 0.761718 0.09961 0.761718 0.101561 0.763671 0.103516 0.763671 0.10547 0.765624 0.107422 0.767577 0.10547 0.771486 0.10547 0.773438 0.103516 0.775391 0.103516 0.777344 0.101561 0.78125 0.101561 0.78125 0.09961 0.779297 0.097655 0.779297 0.091798 0.777344 0.089844
0 0.218751 0.874999 0.216796 0.876953 0.203125 0.876953 0.203125 0.882813 0.220704 0.882813 0.220704 0.880859 0.218751 0.878907
0 0.796876 0.361328 0.794923 0.363282 0.79297 0.363282 0.791014 0.365234 0.787109 0.365234 0.785156 0.367188 0.783203 0.367188 0.783203 0.373046 0.785156 0.371094 0.789061 0.371094 0.791014 0.36914 0.796876 0.36914
0 0.878906 0.421876 0.876953 0.423828 0.875 0.423828 0.873047 0.425782 0.871094 0.425782 0.869141 0.427734 0.867188 0.427734 0.865235 0.429688 0.863283 0.429688 0.863283 0.431642 0.865235 0.433594 0.865235 0.435548 0.867188 0.4375 0.869141 0.435548 0.871094 0.435548 0.873047 0.433594 0.875 0.433594 0.876953 0.431642 0.878906 0.431642
0 0.156251 0.943359 0.156251 0.947267 0.154298 0.949219 0.154298 0.953125 0.173829 0.953125 0.173829 0.945313 0.158203 0.945313
0 0.896484 0.097655 0.896484 0.10547 0.910157 0.10547 0.910157 0.097655
0 0.878906 0.40039 0.876953 0.402344 0.873047 0.402344 0.869141 0.40625 0.867188 0.40625 0.865235 0.408204 0.863283 0.40625 0.861327 0.40625 0.863283 0.408204 0.863283 0.410156 0.865235 0.41211 0.865235 0.414062 0.867188 0.41211 0.871094 0.41211 0.873047 0.410156 0.875 0.410156 0.876953 0.408204 0.880858 0.408204 0.880858 0.40625 0.878906 0.404298
0 0.156251 0.925781 0.156251 0.931641 0.173829 0.931641 0.173829 0.925781
0 0.802735 0.201171 0.800782 0.203125 0.798829 0.203125 0.796876 0.205079 0.794923 0.205079 0.791014 0.208985 0.789061 0.208985 0.787109 0.210937 0.785156 0.210937 0.787109 0.212891 0.787109 0.214843 0.789061 0.216797 0.789061 0.218751 0.791014 0.216797 0.79297 0.216797 0.796876 0.212891 0.798829 0.212891 0.802735 0.208985 0.804687 0.208985 0.804687 0.207031 0.802735 0.205079
0 0.919922 0.845703 0.919922 0.855469 0.943359 0.855469 0.943359 0.847657 0.921875 0.847657
0 0.203125 0.912109 0.203125 0.919923 0.216796 0.919923 0.216796 0.914063 0.205078 0.914063
0 0.937501 0.605469 0.935548 0.607423 0.931642 0.607423 0.929686 0.609374 0.927733 0.609374 0.92578 0.611329 0.921875 0.611329 0.921875 0.61914 0.923828 0.617186 0.935548 0.617186 0.935548 0.611329 0.937501 0.609374
0 0.800782 0.171875 0.796876 0.175781 0.785156 0.175781 0.785156 0.177735 0.787109 0.179687 0.787109 0.183593 0.789061 0.181641 0.791014 0.181641 0.79297 0.179687 0.794923 0.179687 0.796876 0.177735 0.800782 0.177735 0.802735 0.175781 0.804687 0.175781
0 0.876953 0.876953 0.876953 0.890625 0.882811 0.890625 0.882811 0.884765 0.884767 0.882813 0.884767 0.878907 0.878906 0.878907
0 0.882811 0.0625 0.882811 0.064454 0.880858 0.066406 0.880858 0.070312 0.878906 0.072266 0.878906 0.07422 0.880858 0.076172 0.880858 0.078126 0.882811 0.080078 0.882811 0.076172 0.884767 0.07422 0.884767 0.06836 0.88672 0.066406 0.88672 0.064454 0.884767 0.064454
0 0.794923 0.124999 0.79297 0.126953 0.789061 0.126953 0.787109 0.128905 0.78125 0.128905 0.78125 0.130859 0.783203 0.132814 0.783203 0.134765 0.785156 0.136719 0.785156 0.138671 0.787109 0.136719 0.789061 0.136719 0.79297 0.132814 0.794923 0.132814 0.794923 0.130859 0.796876 0.128905 0.796876 0.126953
0 0.621094 0.953125 0.621094 0.960936 0.63672 0.960936 0.63672 0.955079 0.623047 0.955079
0 0.796876 0.386718 0.794923 0.388672 0.789061 0.388672 0.787109 0.390626 0.78125 0.390626 0.78125 0.398438 0.783203 0.396484 0.787109 0.396484 0.789061 0.394532 0.794923 0.394532 0.794923 0.390626 0.796876 0.388672
0 0.78125 0.404298 0.78125 0.41211 0.783203 0.410156 0.798829 0.410156 0.798829 0.404298
0 0.972655 0.31836 0.970702 0.320312 0.970702 0.322266 0.966797 0.326172 0.970702 0.326172 0.972655 0.328124 0.974608 0.328124 0.976564 0.330078 0.98047 0.330078 0.982423 0.332032 0.984375 0.330078 0.984375 0.328124 0.986328 0.326172 0.984375 0.326172 0.982423 0.324218 0.98047 0.324218 0.976564 0.320312 0.974608 0.320312