1 0.732423 0.384765 0.732423 0.38867 0.730469 0.390627 0.730469 0.404296 0.771485 0.404296 0.775391 0.40039 0.777342 0.40039 0.779297 0.398438 0.779297 0.396485 0.777342 0.394532 0.777342 0.390627 0.775391 0.38867 0.775391 0.386717 0.771485 0.386717 0.76953 0.384765
10 0.501954 0.503908 0.501954 0.519529 0.5 0.521486 0.5 0.537108 0.503905 0.537108 0.50586 0.539064 0.511717 0.539064 0.513672 0.541017 0.517578 0.541017 0.519533 0.54297 0.521483 0.541017 0.521483 0.539064 0.523438 0.537108 0.523438 0.535155 0.525389 0.533202 0.546877 0.533202 0.548828 0.535155 0.548828 0.541017 0.546877 0.54297 0.546877 0.546875 0.558594 0.546875 0.560545 0.548828 0.572266 0.548828 0.574217 0.550781 0.574217 0.509766 0.546877 0.509766 0.546877 0.521486 0.544922 0.523439 0.535156 0.523439 0.533205 0.521486 0.523438 0.521486 0.521483 0.519529 0.521483 0.50586 0.503905 0.50586
9 0.398437 0.496093 0.396482 0.498046 0.394532 0.498046 0.392577 0.499998 0.388671 0.499998 0.38672 0.501955 0.384765 0.501955 0.382814 0.503908 0.378904 0.503908 0.378904 0.513671 0.380859 0.513671 0.384765 0.517577 0.38672 0.517577 0.388671 0.519529 0.392577 0.519529 0.394532 0.521486 0.396482 0.521486 0.398437 0.523439 0.408204 0.523439 0.410155 0.525391 0.425782 0.525391 0.429688 0.521486 0.429688 0.517577 0.431643 0.515624 0.431643 0.501955 0.427733 0.498046 0.400392 0.498046
10 0.509766 0.619141 0.509766 0.640625 0.507811 0.642578 0.507811 0.662109 0.511717 0.662109 0.513672 0.664062 0.515627 0.664062 0.517578 0.666014 0.521483 0.666014 0.523438 0.667967 0.525389 0.667967 0.527344 0.669924 0.527344 0.660156 0.529295 0.658203 0.529295 0.650392 0.53125 0.648436 0.558594 0.648436 0.560545 0.650392 0.58789 0.650392 0.589844 0.652345 0.589844 0.648436 0.591795 0.646483 0.591795 0.638672 0.59375 0.63672 0.59375 0.632814 0.535156 0.632814 0.533205 0.630858 0.533205 0.628905 0.53125 0.626952 0.53125 0.623047 0.521483 0.623047 0.519533 0.621094 0.511717 0.621094
10 0.435548 0.462889 0.433593 0.464845 0.390626 0.464845 0.378904 0.476562 0.373048 0.476562 0.371093 0.478515 0.365236 0.478515 0.363281 0.480467 0.357421 0.480467 0.357421 0.49414 0.384765 0.49414 0.38672 0.496093 0.396482 0.496093 0.398437 0.49414 0.400392 0.496093 0.414064 0.496093 0.414064 0.476562 0.416015 0.474609 0.435548 0.474609
9 0.191407 0 0.189452 0 0.187501 0 0.185546 0 0.183596 0 0.181641 0 0.171874 0 0.171874 0.001954 0.17578 0.001954 0.177735 0.003907 0.179686 0.003907 0.183596 0.007812 0.185546 0.007812 0.189452 0.011718 0.203124 0.011718 0.205079 0.013671 0.20703 0.011718 0.224608 0.011718 0.224608 0 0.208985 0 0.20703 0
0 0.751952 0.341797 0.750001 0.34375 0.746096 0.34375 0.724608 0.365234 0.724608 0.367186 0.722657 0.369139 0.722657 0.371096 0.724608 0.373048 0.724608 0.375001 0.726563 0.375001 0.730469 0.378906 0.732423 0.378906 0.734374 0.380859 0.746096 0.369139 0.748047 0.369139 0.757813 0.359375 0.757813 0.357423 0.759764 0.35547 0.759764 0.353517 0.761719 0.351561 0.759764 0.349608 0.759764 0.347655 0.757813 0.345703 0.755858 0.345703
10 0.445311 0.904297 0.44336 0.906249 0.416015 0.906249 0.414064 0.908202 0.384765 0.908202 0.384765 0.912111 0.382814 0.914064 0.382814 0.917969 0.380859 0.919922 0.374999 0.919922 0.373048 0.921875 0.369142 0.921875 0.367187 0.923828 0.361326 0.923828 0.361326 0.929686 0.363281 0.931642 0.363281 0.9375 0.382814 0.9375 0.388671 0.943359 0.388671 0.945311 0.390626 0.947264 0.392577 0.945311 0.447266 0.945311 0.447266 0.92578 0.445311 0.923828
0 0.925781 0.634767 0.923827 0.63672 0.916015 0.63672 0.914064 0.638672 0.910154 0.638672 0.908203 0.640625 0.904298 0.640625 0.904298 0.648436 0.912109 0.656251 0.921876 0.656251 0.923827 0.658203 0.955077 0.658203 0.955077 0.656251 0.957032 0.654298 0.957032 0.650392 0.958982 0.648436 0.958982 0.640625 0.957032 0.640625 0.955077 0.638672 0.953126 0.638672 0.951171 0.63672 0.937499 0.63672 0.935548 0.634767
0 0.962892 0.597657 0.960937 0.59961 0.953126 0.59961 0.951171 0.601563 0.943359 0.601563 0.943359 0.611327 0.945314 0.613283 0.945314 0.615236 0.968749 0.615236 0.968749 0.605468 0.966798 0.603516 0.966798 0.59961 0.964843 0.59961
0 0.750001 0.892576 0.750001 0.896486 0.748047 0.898438 0.748047 0.902344 0.750001 0.904297 0.750001 0.906249 0.751952 0.908202 0.751952 0.910155 0.791014 0.910155 0.792969 0.912111 0.794924 0.910155 0.794924 0.908202 0.79883 0.904297 0.79883 0.896486 0.794924 0.892576
10 0.367187 0.800783 0.367187 0.804688 0.369142 0.806641 0.369142 0.814452 0.371093 0.816405 0.371093 0.822267 0.373048 0.824219 0.373048 0.83203 0.374999 0.833983 0.374999 0.837892 0.441405 0.837892 0.441405 0.800783
0 0.156251 0.998046 0.154296 0.999999 0.148436 0.999999 0.146485 1 0.146485 1 0.14453 1 0.14453 1 0.146485 1 0.146485 1 0.183596 1 0.185546 1 0.187501 1 0.191407 1 0.191407 1 0.189452 1 0.189452 1 0.185546 1 0.183596 0.999999 0.158202 0.999999
10 0.513672 0.953126 0.513672 0.966795 0.511717 0.968752 0.511717 0.988283 0.513672 0.990235 0.513672 0.994141 0.515627 0.994141 0.517578 0.996094 0.525389 0.996094 0.525389 0.994141 0.527344 0.992188 0.527344 0.988283 0.529295 0.98633 0.529295 0.984373 0.533205 0.980468 0.542967 0.980468 0.544922 0.982421 0.558594 0.982421 0.560545 0.984373 0.572266 0.984373 0.574217 0.98633 0.574217 0.972657 0.572266 0.970704 0.572266 0.955079 0.533205 0.955079 0.53125 0.953126
10 0.445311 0.242189 0.44336 0.244142 0.416015 0.244142 0.414064 0.246094 0.388671 0.246094 0.38672 0.248047 0.359376 0.248047 0.359376 0.255858 0.357421 0.257811 0.357421 0.265625 0.371093 0.265625 0.374999 0.269531 0.374999 0.271484 0.392577 0.271484 0.392577 0.263673 0.394532 0.26172 0.41797 0.26172 0.419921 0.263673 0.419921 0.273436 0.445311 0.273436
10 0.369142 0.146483 0.369142 0.158203 0.367187 0.160155 0.367187 0.171876 0.402343 0.171876 0.404298 0.173828 0.437499 0.173828 0.439454 0.175781 0.439454 0.169923 0.441405 0.16797 0.441405 0.15625 0.44336 0.154297 0.44336 0.148439 0.371093 0.148439
10 0.361326 0.572264 0.361326 0.605468 0.445311 0.605468 0.447266 0.607421 0.447266 0.59961 0.44922 0.597657 0.44922 0.583985 0.451171 0.582032 0.451171 0.574217 0.363281 0.574217
9 0.519533 0.386717 0.517578 0.38867 0.507811 0.38867 0.507811 0.408205 0.529295 0.408205 0.53125 0.406248 0.537111 0.406248 0.539061 0.404296 0.544922 0.404296 0.546877 0.402343 0.548828 0.402343 0.548828 0.40039 0.550783 0.398438 0.550783 0.394532 0.548828 0.394532 0.546877 0.392579 0.542967 0.392579 0.541016 0.390627 0.537111 0.390627 0.535156 0.38867 0.521483 0.38867
9 0.169923 0.888671 0.167968 0.890623 0.158202 0.890623 0.156251 0.892576 0.154296 0.892576 0.152345 0.894533 0.15039 0.894533 0.148436 0.896486 0.148436 0.900391 0.15039 0.902344 0.15039 0.906249 0.156251 0.912111 0.187501 0.912111 0.191407 0.908202 0.193358 0.908202 0.195313 0.906249 0.195313 0.894533 0.191407 0.890623 0.171874 0.890623
10 0.507811 0.841798 0.507811 0.871092 0.515627 0.871092 0.517578 0.873045 0.527344 0.873045 0.529295 0.875002 0.537111 0.875002 0.539061 0.876954 0.546877 0.876954 0.548828 0.878907 0.548828 0.876954 0.550783 0.875002 0.550783 0.871092 0.554688 0.867187 0.589844 0.867187 0.589844 0.849609 0.570312 0.849609 0.568361 0.847656 0.550783 0.847656 0.548828 0.845703 0.529295 0.845703 0.527344 0.84375 0.509766 0.84375
10 0.421876 0.646483 0.421876 0.650392 0.419921 0.652345 0.419921 0.660156 0.41797 0.662109 0.41797 0.667967 0.416015 0.669924 0.416015 0.671876 0.414064 0.673829 0.396482 0.673829 0.394532 0.671876 0.376954 0.671876 0.374999 0.669924 0.374999 0.679687 0.376954 0.68164 0.376954 0.691407 0.394532 0.691407 0.396482 0.69336 0.41211 0.69336 0.414064 0.695313 0.431643 0.695313 0.433593 0.697266 0.433593 0.69336 0.435548 0.691407 0.435548 0.683593 0.437499 0.68164 0.437499 0.673829 0.439454 0.671876 0.439454 0.664062 0.441405 0.662109 0.441405 0.654298 0.44336 0.652345 0.44336 0.648436 0.423827 0.648436
10 0.582033 0.289062 0.580078 0.291015 0.507811 0.291015 0.507811 0.304688 0.509766 0.30664 0.509766 0.320313 0.542967 0.320313 0.544922 0.322266 0.578123 0.322266 0.580078 0.324219 0.580078 0.30664 0.582033 0.304688
9 0.513672 0.931642 0.513672 0.933595 0.511717 0.935548 0.511717 0.939453 0.509766 0.941406 0.509766 0.945311 0.511717 0.947264 0.511717 0.951173 0.535156 0.951173 0.537111 0.94922 0.546877 0.94922 0.548828 0.947264 0.550783 0.947264 0.552734 0.945311 0.554688 0.945311 0.554688 0.943359 0.556639 0.941406 0.554688 0.939453 0.554688 0.9375 0.552734 0.935548 0.550783 0.935548 0.546877 0.931642
10 0.50586 0.410158 0.50586 0.423827 0.503905 0.425779 0.503905 0.439452 0.519533 0.439452 0.521483 0.441405 0.537111 0.441405 0.539061 0.443358 0.552734 0.443358 0.554688 0.445314 0.570312 0.445314 0.572266 0.447267 0.572266 0.429689 0.574217 0.427736 0.574217 0.41211 0.507811 0.41211
10 0.427733 0.05078 0.427733 0.060547 0.425782 0.0625 0.402343 0.0625 0.400392 0.060547 0.374999 0.060547 0.373048 0.058595 0.373048 0.066406 0.371093 0.068358 0.371093 0.076173 0.427733 0.076173 0.429688 0.078126 0.429688 0.087889 0.431643 0.085937 0.451171 0.085937 0.451171 0.070311 0.44922 0.068358 0.44922 0.05078
0 0.890625 0.69336 0.890625 0.699218 0.888671 0.701171 0.888671 0.707033 0.910154 0.707033 0.912109 0.708986 0.923827 0.708986 0.925781 0.707033 0.925781 0.705076 0.927736 0.703124 0.927736 0.697266 0.925781 0.695313 0.925781 0.69336
9 0.513672 0.884766 0.513672 0.888671 0.511717 0.890623 0.511717 0.898438 0.509766 0.900391 0.509766 0.904297 0.554688 0.904297 0.558594 0.900391 0.560545 0.900391 0.560545 0.898438 0.5625 0.896486 0.5625 0.892576 0.556639 0.886718 0.537111 0.886718 0.535156 0.884766
10 0.408204 0.351561 0.406249 0.353517 0.380859 0.353517 0.380859 0.35547 0.378904 0.357423 0.378904 0.359375 0.376954 0.361328 0.376954 0.363281 0.374999 0.365234 0.374999 0.367186 0.373048 0.369139 0.371093 0.369139 0.369142 0.371096 0.367187 0.371096 0.365236 0.373048 0.353515 0.373048 0.353515 0.380859 0.351564 0.382812 0.351564 0.38867 0.371093 0.38867 0.373048 0.390627 0.390626 0.390627 0.392577 0.392579 0.41211 0.392579 0.414064 0.394532 0.431643 0.394532 0.433593 0.396485 0.433593 0.382812 0.435548 0.380859 0.435548 0.367186 0.429688 0.367186 0.427733 0.365234 0.421876 0.365234 0.419921 0.363281 0.419921 0.373048 0.41797 0.375001 0.410155 0.375001 0.408204 0.373048