0 0.867186 0.140627 0.867186 0.142581 0.865235 0.144534 0.865235 0.146488 0.875 0.146488 0.875 0.142581 0.869142 0.142581
0 0.490234 0.218747 0.490234 0.226561 0.492185 0.224608 0.501955 0.224608 0.501955 0.220701 0.492185 0.220701
0 0.507812 0 0.507812 0.001951 0.519533 0.001951 0.519533 0
0 0.117189 0.853519 0.117189 0.855472 0.115233 0.857425 0.115233 0.861333 0.113282 0.863277 0.113282 0.865231 0.117189 0.865231 0.11914 0.863277 0.11914 0.861333 0.121096 0.859379 0.121096 0.855472 0.11914 0.855472
0 0.822266 0.324216 0.822266 0.326169 0.820315 0.328123 0.820315 0.330076 0.824216 0.330076 0.826173 0.332029 0.830079 0.332029 0.83203 0.333983 0.83203 0.328123 0.828124 0.328123 0.826173 0.326169 0.824216 0.326169
0 0.824216 0.37695 0.824216 0.378903 0.822266 0.380857 0.822266 0.38281 0.826173 0.38281 0.828124 0.384763 0.830079 0.384763 0.83203 0.386717 0.83203 0.384763 0.833986 0.38281 0.833986 0.380857 0.830079 0.380857 0.828124 0.378903 0.826173 0.378903
0 0.378908 0.96094 0.376953 0.962894 0.369139 0.962894 0.371095 0.964847 0.371095 0.966801 0.373045 0.964847 0.378908 0.964847
0 0.851564 0.173827 0.851564 0.175781 0.849608 0.177734 0.853515 0.177734 0.855471 0.179688 0.857422 0.179688 0.859373 0.181641 0.859373 0.177734 0.857422 0.177734 0.855471 0.175781 0.853515 0.175781
0 0.820315 0.332029 0.818359 0.333983 0.822266 0.333983 0.824216 0.335936 0.826173 0.335936 0.828124 0.33789 0.830079 0.335936 0.830079 0.333983 0.826173 0.333983 0.824216 0.332029
0 0.79883 0.374996 0.79883 0.37695 0.796875 0.378903 0.796875 0.380857 0.806639 0.380857 0.808595 0.38281 0.808595 0.380857 0.810545 0.378903 0.810545 0.37695 0.800781 0.37695
0 0.910156 0.275388 0.910156 0.277342 0.908205 0.279295 0.908205 0.281249 0.912112 0.281249 0.914063 0.283202 0.916013 0.283202 0.91797 0.285156 0.91797 0.281249 0.91992 0.279295 0.91992 0.277342 0.912112 0.277342
0 0.166016 0.267575 0.166016 0.275388 0.177737 0.275388 0.177737 0.269528 0.167967 0.269528
0 0.4375 0.210934 0.4375 0.214841 0.447265 0.214841 0.447265 0.210934
0 0.398438 0.306643 0.398438 0.312504 0.408202 0.312504 0.408202 0.308597 0.400388 0.308597
0 0.802732 0.34375 0.802732 0.345704 0.800781 0.347657 0.800781 0.34961 0.806639 0.34961 0.808595 0.351564 0.808595 0.347657 0.806639 0.345704 0.804688 0.345704
0 0.796875 0.439451 0.796875 0.441404 0.794923 0.443358 0.796875 0.443358 0.79883 0.445311 0.800781 0.445311 0.802732 0.447265 0.802732 0.445311 0.804688 0.443358 0.802732 0.443358 0.800781 0.441404 0.79883 0.441404
0 0.404295 0.320309 0.402344 0.322262 0.394531 0.322262 0.394531 0.326169 0.402344 0.326169 0.402344 0.324216 0.404295 0.322262
0 0.376953 0.394531 0.375002 0.396484 0.375002 0.398438 0.380859 0.398438 0.38281 0.400391 0.38281 0.398438 0.384766 0.396484 0.38281 0.396484 0.380859 0.394531
0 0.455078 0.236328 0.455078 0.240235 0.460936 0.240235 0.460936 0.236328
0 0.33789 0.5957 0.33789 0.597653 0.335939 0.599607 0.335939 0.60156 0.341796 0.60156 0.343752 0.603513 0.343752 0.60156 0.345703 0.599607 0.345703 0.597653 0.339846 0.597653
0 0.394531 0.414065 0.394531 0.416018 0.404295 0.416018 0.404295 0.414065
0 0.398438 0.201175 0.398438 0.203129 0.396486 0.205082 0.396486 0.20898 0.394531 0.210934 0.394531 0.212887 0.400388 0.212887 0.400388 0.20898 0.402344 0.207036 0.402344 0.203129 0.400388 0.203129
0 0.060548 0.714842 0.060548 0.716795 0.058592 0.718749 0.058592 0.720702 0.056642 0.722656 0.062499 0.722656 0.062499 0.720702 0.064455 0.718749 0.064455 0.716795 0.062499 0.716795
0 0.529297 0.152348 0.529297 0.154293 0.537111 0.154293 0.539062 0.156246 0.539062 0.154293 0.541018 0.152348
0 0.386717 0.451172 0.384766 0.453125 0.394531 0.453125 0.394531 0.451172
0 0.451171 0.996094 0.451171 1 0.457029 1 0.458985 1 0.458985 1 0.460936 1 0.457029 1 0.455078 0.998047 0.453127 0.998047
0 0.84375 0.333983 0.84375 0.335936 0.847657 0.335936 0.849608 0.33789 0.851564 0.33789 0.853515 0.339843 0.853515 0.335936 0.849608 0.335936 0.847657 0.333983
0 0.017579 0.726562 0.017579 0.728516 0.015623 0.73047 0.015623 0.732423 0.013672 0.734376 0.015623 0.734376 0.017579 0.73633 0.017579 0.734376 0.019529 0.732423 0.019529 0.73047 0.021485 0.728516 0.019529 0.728516
0 0.388673 0.439451 0.388673 0.445311 0.396486 0.445311 0.396486 0.443358 0.398438 0.441404 0.398438 0.439451
0 0.423829 0.306643 0.423829 0.308597 0.433594 0.308597 0.433594 0.306643
0 0.148438 0.654294 0.148438 0.658201 0.146482 0.660154 0.146482 0.664062 0.150389 0.664062 0.152345 0.666015 0.152345 0.662108 0.154296 0.660154 0.154296 0.656248 0.150389 0.656248
0 0.800781 0.121093 0.800781 0.123046 0.79883 0.125 0.802732 0.125 0.804688 0.126953 0.806639 0.126953 0.808595 0.128907 0.808595 0.126953 0.810545 0.125 0.806639 0.125 0.804688 0.123046 0.802732 0.123046
0 0.037107 0.73047 0.037107 0.732423 0.035157 0.734376 0.035157 0.73633 0.033201 0.738283 0.039063 0.738283 0.039063 0.73633 0.041014 0.734376 0.041014 0.732423 0.039063 0.732423
0 0.593751 0.13086 0.593751 0.132814 0.60156 0.132814 0.603516 0.134767 0.603516 0.13086
0 0.037107 0.74219 0.037107 0.744144 0.035157 0.746097 0.035157 0.748051 0.033201 0.750004 0.037107 0.750004 0.039063 0.751957 0.039063 0.750004 0.041014 0.748051 0.041014 0.744144 0.039063 0.744144
0 0.904298 0.132814 0.904298 0.138674 0.916013 0.138674 0.914063 0.136721 0.914063 0.134767 0.906249 0.134767
0 0.853515 0.142581 0.853515 0.144534 0.851564 0.146488 0.851564 0.148441 0.855471 0.148441 0.857422 0.150394 0.859373 0.150394 0.861329 0.152348 0.861329 0.150394 0.863279 0.148441 0.863279 0.146488 0.859373 0.146488 0.857422 0.144534 0.855471 0.144534
0 0.466799 0.185548 0.466799 0.189455 0.476563 0.189455 0.476563 0.185548
0 0.134767 0.328123 0.134767 0.333983 0.132811 0.335936 0.132811 0.339843 0.140625 0.339843 0.140625 0.328123
0 0.812501 0.402344 0.812501 0.404298 0.810545 0.406251 0.814452 0.406251 0.816408 0.408205 0.818359 0.408205 0.820315 0.410158 0.820315 0.408205 0.822266 0.406251 0.818359 0.406251 0.816408 0.404298 0.814452 0.404298
0 0.04297 0.744144 0.04297 0.748051 0.041014 0.750004 0.041014 0.751957 0.04297 0.751957 0.044921 0.753902 0.044921 0.751957 0.046877 0.750004 0.046877 0.748051 0.048828 0.746097 0.044921 0.746097
0 0.46875 0.179688 0.46875 0.183594 0.476563 0.183594 0.476563 0.181641 0.478514 0.179688
0 0.521483 0.16406 0.521483 0.166013 0.523439 0.167967 0.523439 0.16992 0.531248 0.16992 0.533204 0.171874 0.533204 0.166013 0.523439 0.166013
0 0.140625 0.679689 0.140625 0.683596 0.138674 0.685549 0.138674 0.689456 0.142581 0.689456 0.144531 0.691409 0.144531 0.685549 0.146482 0.683596 0.146482 0.679689
0 0.369139 0.425777 0.367188 0.427731 0.367188 0.429684 0.369139 0.429684 0.371095 0.431637 0.373045 0.431637 0.375002 0.433591 0.375002 0.431637 0.376953 0.429684 0.375002 0.427731 0.373045 0.427731 0.371095 0.425777
0 0.083984 0.908206 0.083984 0.91016 0.082033 0.912113 0.082033 0.914067 0.080077 0.916011 0.082033 0.916011 0.08594 0.919918 0.08594 0.917965 0.087891 0.916011 0.087891 0.914067 0.089841 0.912113 0.089841 0.91016 0.08594 0.91016
0 0.769532 0.443358 0.767576 0.445311 0.769532 0.445311 0.771482 0.447265 0.773438 0.447265 0.775389 0.449218 0.779296 0.445311 0.777345 0.447265 0.775389 0.445311 0.773438 0.445311 0.771482 0.443358
0 0.402344 0.929685 0.402344 0.931639 0.400388 0.933592 0.406251 0.933592 0.408202 0.935546 0.408202 0.931639 0.404295 0.931639
0 0.492185 0.226561 0.490234 0.228515 0.490234 0.230468 0.499999 0.230468 0.499999 0.226561
0 0.216794 0.296876 0.214844 0.29883 0.20703 0.29883 0.20703 0.302737 0.216794 0.302737
0 0.476563 0.029299 0.474607 0.031252 0.474607 0.033206 0.48047 0.033206 0.482421 0.035159 0.482421 0.031252 0.48047 0.031252 0.478514 0.029299
0 0.369139 0.935546 0.367188 0.937499 0.365232 0.937499 0.363281 0.939452 0.359375 0.939452 0.359375 0.941406 0.361331 0.94336 0.361331 0.945313 0.363281 0.94336 0.365232 0.94336 0.367188 0.941406 0.371095 0.941406 0.371095 0.939452 0.369139 0.937499
0 0.525391 0.160153 0.525391 0.16406 0.533204 0.16406 0.535155 0.166013 0.535155 0.162107 0.527346 0.162107
0 0.423829 0.29883 0.423829 0.30469 0.435549 0.30469 0.435549 0.29883
0 0.453127 0.246096 0.453127 0.250002 0.458985 0.250002 0.458985 0.248049 0.460936 0.246096
0 0.496092 0.044918 0.494141 0.046871 0.494141 0.048825 0.501955 0.048825 0.503905 0.050778 0.503905 0.048825 0.505861 0.046871 0.501955 0.046871 0.499999 0.044918
0 0.005858 0.695317 0.005858 0.699215 0.003907 0.701168 0.003907 0.703121 0.007814 0.703121 0.009765 0.705075 0.009765 0.701168 0.011721 0.699215 0.011721 0.69727 0.007814 0.69727
0 0.429687 0.951173 0.429687 0.953127 0.427736 0.95508 0.427736 0.957033 0.435549 0.957033 0.4375 0.958987 0.4375 0.957033 0.439451 0.95508 0.439451 0.953127 0.431643 0.953127
0 0.357424 0.597653 0.357424 0.599607 0.355468 0.60156 0.355468 0.603513 0.361331 0.603513 0.363281 0.605467 0.363281 0.603513 0.365232 0.60156 0.363281 0.60156 0.361331 0.599607 0.359375 0.599607
0 0.716798 0.646481 0.716798 0.648434 0.714842 0.650387 0.724611 0.650387 0.726562 0.652341 0.726562 0.650387 0.728518 0.648434 0.718749 0.648434
0 0.443358 0.185548 0.443358 0.189455 0.451171 0.189455 0.453127 0.191408 0.453127 0.189455 0.455078 0.187501 0.453127 0.185548
0 0.462892 0.207036 0.462892 0.20898 0.46875 0.20898 0.470705 0.207036 0.472656 0.207036
0 0.564453 0.144534 0.564453 0.146488 0.562502 0.148441 0.562502 0.154293 0.560546 0.156246 0.560546 0.1582 0.566404 0.1582 0.566404 0.156246 0.56836 0.154293 0.56836 0.148441 0.570311 0.146488 0.570311 0.144534
0 0.17383 0.347657 0.17383 0.34961 0.171874 0.351564 0.171874 0.357424 0.177737 0.357424 0.177737 0.347657
0 0.152345 0.857425 0.152345 0.859379 0.150389 0.861333 0.150389 0.863277 0.148438 0.865231 0.152345 0.865231 0.154296 0.867184 0.154296 0.865231 0.156252 0.863277 0.156252 0.861333 0.158203 0.859379 0.158203 0.857425
0 0.109375 0.669922 0.109375 0.673829 0.107419 0.675782 0.107419 0.679689 0.109375 0.679689 0.111326 0.681643 0.111326 0.675782 0.113282 0.673829 0.113282 0.669922
0 0.498048 0.021485 0.498048 0.027345 0.507812 0.027345 0.509763 0.029299 0.509763 0.023438 0.501955 0.023438 0.499999 0.025392 0.498048 0.023438
0 0.431643 0.992187 0.429687 0.99414 0.429687 0.998047 0.4375 0.998047 0.4375 0.996094 0.439451 0.99414 0.433594 0.99414
0 0.914063 0.197268 0.914063 0.199222 0.912112 0.201175 0.912112 0.203129 0.916013 0.203129 0.91797 0.205082 0.921876 0.205082 0.923827 0.207036 0.923827 0.205082 0.925783 0.203129 0.923827 0.201175 0.921876 0.201175 0.91992 0.199222 0.916013 0.199222
0 0.408202 0.900393 0.408202 0.906253 0.414064 0.906253 0.416015 0.908206 0.416015 0.902346 0.410158 0.902346
0 0.128904 0.908206 0.128904 0.91016 0.126954 0.912113 0.126954 0.914067 0.124998 0.916011 0.124998 0.917965 0.128904 0.917965 0.13086 0.919918 0.13086 0.917965 0.132811 0.916011 0.132811 0.914067 0.134767 0.912113 0.134767 0.91016 0.13086 0.91016
0 0.583982 0.152348 0.583982 0.166013 0.589845 0.166013 0.589845 0.152348
0 0.783203 0.410158 0.783203 0.412112 0.781252 0.414065 0.781252 0.416018 0.783203 0.416018 0.785154 0.417972 0.78711 0.417972 0.789061 0.419925 0.791017 0.417972 0.791017 0.416018 0.792967 0.414065 0.789061 0.414065 0.78711 0.412112 0.785154 0.412112
0 0.400388 0.300783 0.400388 0.30469 0.412108 0.30469 0.412108 0.300783
0 0.39258 0.417972 0.39258 0.423832 0.402344 0.423832 0.402344 0.421879 0.404295 0.419925 0.394531 0.419925
0 0.484376 0.513673 0.484376 0.515626 0.486328 0.51758 0.486328 0.519533 0.494141 0.519533 0.494141 0.51758 0.496092 0.515626 0.486328 0.515626
0 0.373045 0.406251 0.371095 0.408205 0.375002 0.408205 0.376953 0.410158 0.378908 0.410158 0.380859 0.412112 0.380859 0.410158 0.38281 0.408205 0.380859 0.408205 0.378908 0.406251
0 0.140625 0.892579 0.140625 0.896486 0.138674 0.898439 0.138674 0.900393 0.140625 0.900393 0.142581 0.902346 0.142581 0.898439 0.144531 0.896486 0.144531 0.894532 0.142581 0.894532
0 0.201172 0.316411 0.201172 0.324216 0.210937 0.324216 0.210937 0.320309 0.212893 0.318355 0.212893 0.316411
0 0.890627 0.228515 0.890627 0.230468 0.888671 0.232422 0.888671 0.234375 0.892578 0.234375 0.894529 0.236328 0.896484 0.236328 0.898436 0.238282 0.898436 0.234375 0.900392 0.232422 0.900392 0.230468 0.892578 0.230468
0 0.453127 0.986326 0.453127 0.98828 0.451171 0.990233 0.451171 0.992187 0.458985 0.992187 0.460936 0.99414 0.460936 0.992187 0.462892 0.990233 0.458985 0.990233 0.457029 0.98828 0.455078 0.98828
0 0.148438 0.332029 0.148438 0.341796 0.154296 0.341796 0.154296 0.332029
0 0.154296 0.371089 0.154296 0.38281 0.160159 0.38281 0.160159 0.371089
0 0.451171 0.16406 0.451171 0.166013 0.449221 0.167967 0.455078 0.167967 0.457029 0.16992 0.457029 0.166013 0.453127 0.166013
0 0.353517 0.611327 0.353517 0.613281 0.351561 0.615234 0.353517 0.617188 0.359375 0.617188 0.361331 0.619141 0.361331 0.617188 0.363281 0.615234 0.359375 0.615234 0.357424 0.613281 0.355468 0.613281
0 0.550782 0.16406 0.550782 0.16992 0.560546 0.16992 0.560546 0.16406
0 0.816408 0.341796 0.814452 0.34375 0.816408 0.34375 0.818359 0.345704 0.820315 0.345704 0.822266 0.347657 0.822266 0.345704 0.824216 0.34375 0.822266 0.341796
0 0.767576 0.363284 0.767576 0.365238 0.765625 0.367191 0.767576 0.367191 0.769532 0.369145 0.771482 0.369145 0.773438 0.371089 0.773438 0.369145 0.775389 0.367191 0.775389 0.365238 0.769532 0.365238
0 0.128904 0.847658 0.128904 0.849612 0.126954 0.851565 0.126954 0.853519 0.124998 0.855472 0.124998 0.857425 0.128904 0.857425 0.13086 0.859379 0.13086 0.857425 0.132811 0.855472 0.132811 0.853519 0.134767 0.851565 0.134767 0.849612 0.13086 0.849612
0 0.179688 0.265621 0.179688 0.271482 0.193359 0.271482 0.193359 0.265621
0 0.882813 0.849612 0.882813 0.851565 0.880857 0.853519 0.880857 0.855472 0.878907 0.857425 0.878907 0.859379 0.880857 0.859379 0.884764 0.863277 0.884764 0.861333 0.88672 0.859379 0.88672 0.855472 0.888671 0.853519 0.888671 0.851565 0.884764 0.851565
0 0.384766 0.990233 0.38281 0.992187 0.380859 0.992187 0.378908 0.99414 0.380859 0.996094 0.380859 0.998047 0.38281 0.996094 0.384766 0.996094 0.386717 0.99414 0.388673 0.99414 0.388673 0.992187 0.386717 0.990233
0 0.496092 0.201175 0.496092 0.203129 0.494141 0.205082 0.494141 0.207036 0.505861 0.207036 0.505861 0.205082 0.507812 0.203129 0.507812 0.201175
0 0.027343 0.703121 0.027343 0.707028 0.025392 0.708982 0.025392 0.710935 0.027343 0.710935 0.03125 0.714842 0.03125 0.710935 0.033201 0.708982 0.033201 0.705075 0.029299 0.705075
0 0.460936 0.20898 0.460936 0.214841 0.46875 0.214841 0.46875 0.210934 0.462892 0.210934
0 0.111326 0.914067 0.111326 0.916011 0.109375 0.917965 0.109375 0.919918 0.107419 0.921871 0.107419 0.923825 0.109375 0.923825 0.111326 0.925778 0.111326 0.923825 0.113282 0.921871 0.113282 0.919918 0.115233 0.917965 0.115233 0.916011 0.113282 0.916011
0 0.128904 0.888672 0.128904 0.890625 0.126954 0.892579 0.126954 0.894532 0.124998 0.896486 0.128904 0.896486 0.13086 0.898439 0.13086 0.896486 0.132811 0.894532 0.132811 0.892579 0.134767 0.890625 0.134767 0.888672
0 0.939454 0.207036 0.939454 0.20898 0.937499 0.210934 0.937499 0.212887 0.941405 0.212887 0.943361 0.214841 0.945312 0.214841 0.947268 0.216794 0.947268 0.214841 0.949219 0.212887 0.947268 0.212887 0.943361 0.20898 0.941405 0.20898
0 0.445314 0.173827 0.445314 0.179688 0.455078 0.179688 0.455078 0.175781 0.447265 0.175781
0 0.478514 0.019532 0.476563 0.021485 0.48047 0.021485 0.482421 0.023438 0.484376 0.023438 0.486328 0.025392 0.486328 0.023438 0.488284 0.021485 0.486328 0.019532
0 0.714842 0.740237 0.714842 0.74219 0.712891 0.744144 0.714842 0.746097 0.716798 0.746097 0.720705 0.750004 0.720705 0.748051 0.722655 0.746097 0.720705 0.744144 0.718749 0.744144
0 0.144531 0.863277 0.144531 0.867184 0.142581 0.869138 0.142581 0.873044 0.146482 0.873044 0.148438 0.874998 0.148438 0.873044 0.150389 0.871091 0.150389 0.869138 0.152345 0.867184 0.148438 0.867184
0 0.882813 0.162107 0.882813 0.16406 0.880857 0.166013 0.884764 0.166013 0.88672 0.167967 0.888671 0.167967 0.890627 0.16992 0.890627 0.167967 0.892578 0.166013 0.892578 0.16406 0.884764 0.16406
0 0.785154 0.460939 0.785154 0.462892 0.783203 0.464846 0.783203 0.466799 0.789061 0.466799 0.791017 0.468753 0.794923 0.464846 0.791017 0.464846 0.789061 0.462892 0.78711 0.462892
0 0.703126 0.740237 0.70117 0.74219 0.70117 0.744144 0.69922 0.746097 0.70117 0.746097 0.705078 0.750004 0.707033 0.750004 0.708984 0.751957 0.708984 0.750004 0.71094 0.748051 0.71094 0.746097 0.708984 0.744144 0.707033 0.744144
0 0.792967 0.138674 0.792967 0.140627 0.791017 0.142581 0.791017 0.144534 0.79883 0.144534 0.800781 0.146488 0.800781 0.144534 0.802732 0.142581 0.79883 0.142581 0.796875 0.140627 0.794923 0.140627
0 0.792967 0.365238 0.792967 0.367191 0.791017 0.369145 0.794923 0.369145 0.796875 0.371089 0.79883 0.371089 0.800781 0.373043 0.800781 0.371089 0.802732 0.369145 0.79883 0.369145 0.796875 0.367191 0.794923 0.367191
0 0.478514 0.265621 0.478514 0.271482 0.488284 0.271482 0.488284 0.269528 0.490234 0.267575 0.48047 0.267575
0 0.427736 0.958987 0.42578 0.96094 0.42578 0.962894 0.429687 0.962894 0.431643 0.964847 0.433594 0.964847 0.435549 0.966801 0.435549 0.964847 0.4375 0.962894 0.4375 0.96094 0.433594 0.96094 0.431643 0.958987
0 0.351561 0.617188 0.351561 0.623048 0.357424 0.623048 0.359375 0.625001 0.359375 0.623048 0.361331 0.621094 0.357424 0.621094 0.355468 0.619141 0.353517 0.619141
0 0.558595 0.142581 0.558595 0.144534 0.55664 0.146488 0.55664 0.148441 0.554689 0.150394 0.554689 0.152348 0.552732 0.154293 0.552732 0.156246 0.558595 0.156246 0.560546 0.154293 0.560546 0.148441 0.562502 0.146488 0.562502 0.144534 0.560546 0.144534
0 0.503905 0.005858 0.503905 0.007811 0.501955 0.009765 0.501955 0.011718 0.51367 0.011718 0.51367 0.009765 0.515626 0.007811 0.507812 0.007811 0.505861 0.009765 0.503905 0.007811
0 0.931641 0.162107 0.931641 0.16406 0.92969 0.166013 0.935547 0.166013 0.937499 0.167967 0.941405 0.16406 0.933592 0.16406
0 0.277342 0.945313 0.277342 0.947266 0.279298 0.94922 0.279298 0.953127 0.281249 0.95508 0.281249 0.957033 0.285156 0.957033 0.285156 0.95508 0.283205 0.953127 0.283205 0.94922 0.281249 0.947266 0.281249 0.945313
0 0.251956 0.990233 0.25 0.992187 0.246093 0.992187 0.246093 0.996094 0.248049 0.998047 0.248049 1 0.25 1 0.253907 1 0.253907 0.996094 0.251956 0.99414
0 0.361331 0.589839 0.359375 0.591793 0.359375 0.593746 0.357424 0.5957 0.365232 0.5957 0.367188 0.597653 0.367188 0.5957 0.369139 0.593746 0.367188 0.593746 0.365232 0.591793 0.363281 0.591793
0 0.052734 0.734376 0.052734 0.73633 0.050784 0.738283 0.050784 0.740237 0.048828 0.74219 0.048828 0.744144 0.050784 0.744144 0.052734 0.746097 0.052734 0.744144 0.054686 0.74219 0.054686 0.740237 0.056642 0.738283 0.056642 0.73633 0.054686 0.73633
0 0.861329 0.210934 0.861329 0.212887 0.859373 0.214841 0.863279 0.214841 0.865235 0.216794 0.867186 0.216794 0.869142 0.214841 0.869142 0.212887 0.863279 0.212887
0 0.011721 0.73633 0.011721 0.740237 0.009765 0.74219 0.009765 0.744144 0.013672 0.744144 0.015623 0.746097 0.015623 0.74219 0.017579 0.740237 0.017579 0.738283 0.013672 0.738283
0 0.064455 0.839844 0.064455 0.841798 0.062499 0.843752 0.062499 0.845705 0.060548 0.847658 0.062499 0.847658 0.064455 0.849612 0.064455 0.847658 0.066406 0.845705 0.066406 0.841798
0 0.462892 0.236328 0.462892 0.242189 0.474607 0.242189 0.474607 0.236328
0 0.236329 0.267575 0.236329 0.273435 0.246093 0.273435 0.246093 0.271482 0.248049 0.269528 0.248049 0.267575
0 0.16406 0.374996 0.16406 0.378903 0.166016 0.380857 0.166016 0.384763 0.171874 0.384763 0.171874 0.380857 0.169923 0.378903 0.169923 0.374996
0 0.333983 0.60156 0.333983 0.603513 0.332032 0.605467 0.335939 0.605467 0.33789 0.60742 0.339846 0.60742 0.341796 0.609374 0.341796 0.60742 0.343752 0.605467 0.341796 0.603513 0.335939 0.603513
0 0.48047 0.009765 0.48047 0.011718 0.482421 0.011718 0.484376 0.013671 0.486328 0.013671 0.488284 0.015625 0.488284 0.013671 0.490234 0.011718 0.488284 0.009765
0 0.457029 0.968754 0.457029 0.970699 0.455078 0.972652 0.458985 0.972652 0.460936 0.974606 0.462892 0.974606 0.464843 0.976559 0.464843 0.974606 0.466799 0.972652 0.466799 0.970699 0.458985 0.970699
0 0.402344 0.925778 0.402344 0.927732 0.404295 0.927732 0.406251 0.929685 0.408202 0.929685 0.410158 0.931639 0.410158 0.925778
0 0.796875 0.132814 0.794923 0.134767 0.79883 0.134767 0.800781 0.136721 0.802732 0.136721 0.804688 0.138674 0.804688 0.136721 0.806639 0.134767 0.802732 0.134767 0.800781 0.132814
0 0.152345 0.884765 0.152345 0.886719 0.150389 0.888672 0.150389 0.890625 0.148438 0.892579 0.148438 0.894532 0.152345 0.894532 0.154296 0.896486 0.154296 0.892579 0.156252 0.890625 0.156252 0.886719 0.154296 0.886719
0 0.158203 0.898439 0.158203 0.900393 0.156252 0.902346 0.156252 0.904299 0.154296 0.906253 0.158203 0.906253 0.160159 0.908206 0.160159 0.906253 0.16211 0.904299 0.16211 0.902346 0.16406 0.900393 0.160159 0.900393
0 0.339846 0.591793 0.33789 0.593746 0.343752 0.593746 0.345703 0.5957 0.345703 0.591793
0 0.818359 0.392577 0.818359 0.394531 0.816408 0.396484 0.818359 0.396484 0.820315 0.398438 0.822266 0.398438 0.824216 0.400391 0.828124 0.396484 0.824216 0.396484 0.822266 0.394531 0.820315 0.394531
0 0.380859 0.968754 0.378908 0.970699 0.371095 0.970699 0.371095 0.972652 0.373045 0.974606 0.373045 0.976559 0.375002 0.974606 0.376953 0.974606 0.378908 0.972652 0.38281 0.972652 0.380859 0.970699
0 0.576173 0.150394 0.576173 0.1582 0.574218 0.160153 0.574218 0.166013 0.582031 0.166013 0.582031 0.150394
0 0.140625 0.851565 0.140625 0.853519 0.138674 0.855472 0.138674 0.857425 0.136718 0.859379 0.140625 0.859379 0.142581 0.861333 0.142581 0.859379 0.144531 0.857425 0.144531 0.855472 0.146482 0.853519 0.142581 0.853519
0 0.111326 0.853519 0.109375 0.855472 0.109375 0.857425 0.105469 0.861333 0.109375 0.861333 0.111326 0.863277 0.111326 0.861333 0.113282 0.859379 0.113282 0.857425 0.115233 0.855472 0.113282 0.855472
0 0.214844 0.277342 0.214844 0.283202 0.226564 0.283202 0.226564 0.277342
0 0.023436 0.738283 0.023436 0.740237 0.021485 0.74219 0.021485 0.744144 0.019529 0.746097 0.023436 0.746097 0.025392 0.748051 0.025392 0.744144 0.027343 0.74219 0.027343 0.740237 0.025392 0.740237
0 0.074219 0.812497 0.074219 0.816403 0.072263 0.818357 0.072263 0.822264 0.07617 0.822264 0.078126 0.824217 0.078126 0.82031 0.080077 0.818357 0.080077 0.81445 0.07617 0.81445
0 0.087891 0.867184 0.087891 0.871091 0.08594 0.873044 0.08594 0.876951 0.087891 0.876951 0.089841 0.874998 0.091797 0.876951 0.091797 0.874998 0.093749 0.873044 0.093749 0.869138 0.089841 0.869138
0 0.367188 0.421879 0.367188 0.423832 0.371095 0.423832 0.373045 0.425777 0.375002 0.425777 0.376953 0.427731 0.376953 0.423832 0.375002 0.423832 0.373045 0.421879
0 0.001952 0.734376 0.001952 0.73633 0 0.738283 0 0.740237 0 0.74219 0.001952 0.74219 0.003907 0.744144 0.003907 0.74219 0.005858 0.740237 0.005858 0.738283 0.007814 0.73633 0.003907 0.73633
0 0.494141 0.050778 0.494141 0.052732 0.498048 0.052732 0.499999 0.054685 0.501955 0.054685 0.503905 0.056638 0.503905 0.054685 0.505861 0.052732 0.505861 0.050778 0.503905 0.052732 0.501955 0.050778
0 0.419922 0.98828 0.419922 0.99414 0.42578 0.99414 0.427736 0.996094 0.427736 0.99414 0.429687 0.992187 0.429687 0.990233 0.421873 0.990233
0 0.429687 0.984373 0.429687 0.98828 0.431643 0.990233 0.435549 0.990233 0.4375 0.992187 0.4375 0.990233 0.439451 0.98828 0.435549 0.98828 0.433594 0.986326 0.431643 0.986326
0 0.16406 0.345704 0.16211 0.347657 0.16211 0.351564 0.160159 0.353517 0.160159 0.357424 0.166016 0.357424 0.166016 0.34961 0.16406 0.347657
0 0.4375 0.205082 0.4375 0.20898 0.449221 0.20898 0.449221 0.207036 0.447265 0.205082
0 0.804688 0.367191 0.804688 0.369145 0.806639 0.369145 0.808595 0.371089 0.810545 0.371089 0.812501 0.373043 0.816408 0.369145 0.812501 0.369145 0.810545 0.367191
0 0.599609 0.095707 0.599609 0.097661 0.597658 0.099605 0.597658 0.101559 0.61328 0.101559 0.61328 0.099605 0.615236 0.097661 0.615236 0.095707
0 0.343752 0.572267 0.343752 0.574221 0.341796 0.576174 0.341796 0.578128 0.347654 0.578128 0.34961 0.580081 0.34961 0.578128 0.351561 0.576174 0.351561 0.574221 0.345703 0.574221
0 0.529297 0.146488 0.529297 0.150394 0.539062 0.150394 0.539062 0.148441 0.541018 0.146488
0 0.853515 0.314457 0.853515 0.316411 0.851564 0.318355 0.851564 0.320309 0.855471 0.320309 0.857422 0.322262 0.859373 0.322262 0.861329 0.324216 0.861329 0.322262 0.863279 0.320309 0.863279 0.318355 0.859373 0.318355 0.857422 0.316411 0.855471 0.316411
0 0.648437 0.656248 0.648437 0.658201 0.646486 0.660154 0.646486 0.662108 0.650392 0.662108 0.652343 0.664062 0.654299 0.664062 0.65625 0.666015 0.65625 0.664062 0.658201 0.662108 0.65625 0.662108 0.652343 0.658201 0.650392 0.658201
0 0.259764 0.986326 0.257813 0.98828 0.255857 0.98828 0.255857 0.992187 0.257813 0.99414 0.257813 1 0.259764 0.998047 0.263671 0.998047 0.263671 0.996094 0.26172 0.99414 0.26172 0.990233 0.259764 0.98828
0 0.072263 0.615234 0.072263 0.619141 0.070313 0.621094 0.070313 0.623048 0.07617 0.623048 0.078126 0.625001 0.078126 0.623048 0.080077 0.621094 0.080077 0.619141 0.078126 0.619141 0.07617 0.617188 0.074219 0.617188
0 0.498048 0.039066 0.496092 0.041019 0.496092 0.042973 0.507812 0.042973 0.507812 0.039066
0 0.404295 0.919918 0.402344 0.921871 0.402344 0.923825 0.412108 0.923825 0.414064 0.921871 0.410158 0.921871 0.408202 0.919918
0 0.771482 0.414065 0.769532 0.416018 0.769532 0.417972 0.767576 0.419925 0.771482 0.419925 0.773438 0.421879 0.775389 0.421879 0.777345 0.423832 0.779296 0.421879 0.779296 0.419925 0.781252 0.417972 0.777345 0.417972 0.775389 0.416018 0.773438 0.416018
0 0.300783 0.564454 0.300783 0.56836 0.298827 0.570314 0.298827 0.574221 0.302734 0.574221 0.304689 0.576174 0.304689 0.572267 0.306641 0.570314 0.306641 0.566407 0.302734 0.566407
0 0.205079 0.308597 0.205079 0.314457 0.214844 0.314457 0.214844 0.308597
0 0.11914 0.906253 0.11914 0.908206 0.117189 0.91016 0.117189 0.912113 0.115233 0.914067 0.11914 0.914067 0.121096 0.916011 0.121096 0.914067 0.123047 0.912113 0.123047 0.91016 0.124998 0.908206 0.121096 0.908206
0 0.472656 0.166013 0.472656 0.171874 0.48047 0.171874 0.48047 0.16992 0.482421 0.167967 0.482421 0.166013
0 0.878907 0.107419 0.878907 0.113279 0.888671 0.113279 0.888671 0.107419
0 0.13086 0.861333 0.128904 0.863277 0.128904 0.865231 0.126954 0.867184 0.128904 0.867184 0.132811 0.871091 0.132811 0.867184 0.134767 0.865231 0.134767 0.861333
0 0.156252 0.656248 0.156252 0.660154 0.154296 0.662108 0.154296 0.666015 0.156252 0.666015 0.158203 0.667968 0.158203 0.666015 0.160159 0.664062 0.160159 0.662108 0.16211 0.660154 0.16211 0.658201 0.158203 0.658201
0 0.107419 0.439451 0.107419 0.445311 0.105469 0.447265 0.105469 0.451172 0.111326 0.451172 0.111326 0.441404 0.113282 0.439451
0 0.531248 0.140627 0.531248 0.142581 0.529297 0.144534 0.541018 0.144534 0.541018 0.140627
0 0.13086 0.341796 0.13086 0.353517 0.136718 0.353517 0.134767 0.351564 0.134767 0.341796
0 0.062499 0.888672 0.062499 0.890625 0.060548 0.892579 0.060548 0.894532 0.058592 0.896486 0.060548 0.896486 0.062499 0.898439 0.062499 0.896486 0.064455 0.894532 0.064455 0.892579 0.066406 0.890625 0.064455 0.890625
0 0.472656 0.041019 0.472656 0.042973 0.478514 0.042973 0.48047 0.044918 0.48047 0.042973 0.482421 0.041019
0 0.859373 0.156246 0.859373 0.1582 0.857422 0.160153 0.861329 0.160153 0.863279 0.162107 0.865235 0.162107 0.867186 0.16406 0.867186 0.162107 0.869142 0.160153 0.865235 0.160153 0.863279 0.1582 0.861329 0.1582
0 0.441407 0.191408 0.441407 0.195315 0.453127 0.195315 0.453127 0.193362 0.451171 0.191408
0 0.451171 0.160153 0.453127 0.162107 0.453127 0.16406 0.458985 0.16406 0.460936 0.166013 0.460936 0.162107 0.453127 0.162107
0 0.416015 0.322262 0.416015 0.328123 0.427736 0.328123 0.427736 0.322262
0 0.384766 0.615234 0.384766 0.621094 0.386717 0.621094 0.388673 0.623048 0.390624 0.623048 0.39258 0.625001 0.39258 0.623048 0.394531 0.621094 0.394531 0.619141 0.390624 0.619141 0.388673 0.617188 0.386717 0.617188
0 0.794923 0.386717 0.792967 0.38867 0.792967 0.390624 0.791017 0.392577 0.794923 0.392577 0.796875 0.394531 0.79883 0.394531 0.800781 0.396484 0.800781 0.394531 0.802732 0.392577 0.802732 0.390624 0.800781 0.390624 0.79883 0.38867 0.796875 0.38867
0 0.095704 0.82031 0.093749 0.822264 0.093749 0.824217 0.091797 0.82617 0.091797 0.828124 0.093749 0.828124 0.095704 0.830077 0.095704 0.82617 0.097655 0.824217 0.097655 0.82031
0 0.791017 0.371089 0.789061 0.373043 0.789061 0.374996 0.791017 0.374996 0.792967 0.37695 0.796875 0.37695 0.796875 0.373043 0.794923 0.373043 0.792967 0.371089
0 0.124998 0.361331 0.124998 0.373043 0.13086 0.373043 0.13086 0.361331
0 0.439451 0.962894 0.4375 0.964847 0.443358 0.964847 0.445314 0.966801 0.445314 0.964847 0.447265 0.962894
0 0.115233 0.874998 0.115233 0.876951 0.113282 0.878905 0.113282 0.880858 0.111326 0.882812 0.111326 0.884765 0.115233 0.884765 0.117189 0.882812 0.117189 0.880858 0.11914 0.878905 0.11914 0.876951 0.117189 0.876951
0 0.353517 0.367191 0.353517 0.373043 0.351561 0.374996 0.351561 0.380857 0.357424 0.380857 0.357424 0.367191
0 0.291013 0.98828 0.291013 0.990233 0.292969 0.992187 0.292969 0.998047 0.29492 1 0.29492 1 0.296876 1 0.300783 1 0.300783 0.998047 0.298827 0.996094 0.298827 0.992187 0.296876 0.990233 0.296876 0.98828
0 0.136718 0.861333 0.136718 0.865231 0.134767 0.867184 0.134767 0.869138 0.136718 0.869138 0.138674 0.871091 0.138674 0.869138 0.140625 0.867184 0.140625 0.865231 0.142581 0.863277 0.140625 0.861333
0 0.804688 0.33789 0.804688 0.34375 0.806639 0.34375 0.808595 0.345704 0.812501 0.345704 0.812501 0.34375 0.814452 0.341796 0.810545 0.341796 0.808595 0.339843 0.806639 0.339843
0 0.531248 0.132814 0.531248 0.138674 0.542968 0.138674 0.542968 0.132814
0 0.136718 0.378903 0.136718 0.384763 0.134767 0.386717 0.134767 0.390624 0.140625 0.390624 0.140625 0.378903
0 0.083984 0.837891 0.083984 0.839844 0.082033 0.841798 0.082033 0.843752 0.080077 0.845705 0.083984 0.845705 0.08594 0.847658 0.08594 0.845705 0.087891 0.843752 0.087891 0.841798 0.089841 0.839844 0.089841 0.837891
0 0.136718 0.912113 0.136718 0.914067 0.134767 0.916011 0.134767 0.917965 0.132811 0.919918 0.134767 0.919918 0.136718 0.921871 0.136718 0.919918 0.138674 0.917965 0.138674 0.916011 0.140625 0.914067 0.140625 0.912113
0 0.460936 0.248049 0.460936 0.253909 0.470705 0.253909 0.470705 0.250002 0.462892 0.250002
0 0.378908 0.55078 0.378908 0.552733 0.376953 0.554686 0.380859 0.554686 0.38281 0.55664 0.384766 0.55664 0.386717 0.558593 0.386717 0.55078
0 0.88672 0.146488 0.88672 0.152348 0.894529 0.152348 0.896484 0.154293 0.896484 0.150394 0.892578 0.150394 0.890627 0.148441 0.888671 0.148441
0 0.591795 0.140627 0.589845 0.142581 0.589845 0.144534 0.599609 0.144534 0.599609 0.140627
0 0.478514 0.181641 0.478514 0.185548 0.486328 0.185548 0.488284 0.187501 0.488284 0.183594 0.48047 0.183594
0 0.457029 0.261723 0.457029 0.265621 0.46875 0.265621 0.46875 0.261723
0 0.152345 0.896486 0.152345 0.900393 0.150389 0.902346 0.150389 0.906253 0.152345 0.906253 0.154296 0.904299 0.154296 0.902346 0.156252 0.900393 0.156252 0.898439 0.154296 0.898439
0 0.482421 0 0.482421 0.001951 0.488284 0.001951 0.490234 0.003904 0.490234 0 0.484376 0
0 0.521483 0.16992 0.521483 0.171874 0.523439 0.173827 0.523439 0.175781 0.531248 0.175781 0.533204 0.177734 0.533204 0.173827 0.531248 0.171874 0.523439 0.171874
0 0.058592 0.898439 0.056642 0.900393 0.056642 0.902346 0.052734 0.906253 0.054686 0.906253 0.056642 0.908206 0.058592 0.906253 0.058592 0.904299 0.062499 0.900393 0.060548 0.900393
0 0.380859 0.289062 0.380859 0.300783 0.386717 0.300783 0.386717 0.289062
0 0.771482 0.435544 0.771482 0.437498 0.769532 0.439451 0.769532 0.441404 0.771482 0.441404 0.773438 0.443358 0.775389 0.443358 0.777345 0.445311 0.779296 0.443358 0.779296 0.441404 0.781252 0.439451 0.777345 0.439451 0.775389 0.437498 0.773438 0.437498
0 0.117189 0.359378 0.117189 0.365238 0.115233 0.367191 0.115233 0.371089 0.123047 0.371089 0.123047 0.359378
0 0.79883 0.126953 0.79883 0.128907 0.796875 0.13086 0.802732 0.13086 0.804688 0.132814 0.804688 0.13086 0.806639 0.128907 0.800781 0.128907
0 0.390624 0.423832 0.390624 0.429684 0.400388 0.429684 0.400388 0.425777 0.39258 0.425777
0 0.369139 0.94922 0.367188 0.951173 0.365232 0.951173 0.365232 0.957033 0.367188 0.95508 0.369139 0.95508 0.371095 0.953127 0.375002 0.953127 0.375002 0.951173 0.373045 0.94922
0 0.499999 0.189455 0.499999 0.193362 0.509763 0.193362 0.509763 0.189455
0 0.406251 0.912113 0.406251 0.914067 0.404295 0.916011 0.404295 0.917965 0.410158 0.917965 0.412108 0.919918 0.412108 0.917965 0.414064 0.916011 0.412108 0.916011 0.410158 0.914067 0.408202 0.914067
0 0.146482 0.404298 0.146482 0.412112 0.144531 0.414065 0.144531 0.419925 0.150389 0.419925 0.148438 0.417972 0.148438 0.406251
0 0.148438 0.914067 0.148438 0.916011 0.146482 0.917965 0.146482 0.919918 0.144531 0.921871 0.144531 0.923825 0.148438 0.923825 0.150389 0.925778 0.150389 0.923825 0.152345 0.921871 0.152345 0.919918 0.154296 0.917965 0.152345 0.917965
0 0.052734 0.865231 0.052734 0.869138 0.050784 0.871091 0.050784 0.874998 0.054686 0.874998 0.054686 0.871091 0.056642 0.869138 0.056642 0.867184 0.054686 0.867184
0 0.810545 0.347657 0.810545 0.353517 0.814452 0.353517 0.816408 0.355471 0.818359 0.355471 0.820315 0.357424 0.820315 0.355471 0.822266 0.353517 0.820315 0.353517 0.818359 0.351564 0.816408 0.351564 0.814452 0.34961 0.812501 0.34961
0 0.025392 0.029299 0.025392 0.031252 0.023436 0.033206 0.023436 0.035159 0.029299 0.041019 0.029299 0.039066 0.03125 0.037113 0.03125 0.035159
0 0.177737 0.257816 0.177737 0.263668 0.187501 0.263668 0.187501 0.261723 0.189452 0.25977 0.183594 0.25977 0.181639 0.257816
0 0.855471 0.16406 0.855471 0.166013 0.853515 0.167967 0.853515 0.16992 0.857422 0.16992 0.859373 0.171874 0.861329 0.171874 0.863279 0.173827 0.863279 0.171874 0.865235 0.16992 0.865235 0.167967 0.861329 0.167967 0.859373 0.166013 0.857422 0.166013
0 0.912112 0.205082 0.912112 0.207036 0.910156 0.20898 0.910156 0.210934 0.916013 0.210934 0.91797 0.212887 0.921876 0.20898 0.91797 0.20898 0.916013 0.207036 0.914063 0.207036
0 0.429687 0.611327 0.429687 0.613281 0.427736 0.615234 0.431643 0.615234 0.433594 0.617188 0.435549 0.617188 0.4375 0.619141 0.4375 0.617188 0.439451 0.615234 0.439451 0.613281 0.431643 0.613281
0 0.474607 0.193362 0.474607 0.197268 0.484376 0.197268 0.484376 0.195315 0.476563 0.195315
0 0.492185 0.052732 0.492185 0.058592 0.499999 0.058592 0.501955 0.060545 0.501955 0.056638 0.499999 0.056638 0.498048 0.054685 0.494141 0.054685
0 0.810545 0.355471 0.808595 0.357424 0.808595 0.359378 0.814452 0.359378 0.816408 0.361331 0.816408 0.359378 0.818359 0.357424 0.816408 0.357424 0.814452 0.355471
0 0.785154 0.402344 0.783203 0.404298 0.783203 0.406251 0.78711 0.406251 0.789061 0.408205 0.791017 0.408205 0.792967 0.410158 0.792967 0.408205 0.794923 0.406251 0.792967 0.404298 0.791017 0.404298 0.789061 0.402344
0 0.48047 0.261723 0.48047 0.265621 0.490234 0.265621 0.490234 0.261723
0 0.775389 0.314457 0.775389 0.316411 0.773438 0.318355 0.777345 0.318355 0.779296 0.320309 0.781252 0.320309 0.783203 0.322262 0.783203 0.320309 0.785154 0.318355 0.785154 0.316411 0.777345 0.316411
0 0.464843 0.195315 0.464843 0.199222 0.472656 0.199222 0.472656 0.195315
0 0.591795 0.132814 0.591795 0.138674 0.599609 0.138674 0.60156 0.140627 0.60156 0.134767 0.593751 0.134767
0 0.160159 0.384763 0.160159 0.396484 0.166016 0.396484 0.166016 0.386717 0.16406 0.384763
0 0.082033 0.816403 0.082033 0.818357 0.080077 0.82031 0.080077 0.824217 0.082033 0.824217 0.083984 0.82617 0.083984 0.822264 0.08594 0.82031 0.08594 0.816403
0 0.453127 0.240235 0.453127 0.244142 0.460936 0.244142 0.460936 0.242189 0.455078 0.242189
0 0.126954 0.919918 0.126954 0.921871 0.124998 0.923825 0.124998 0.925778 0.126954 0.925778 0.128904 0.927732 0.13086 0.925778 0.13086 0.923825 0.132811 0.921871 0.128904 0.921871
0 0.134767 0.365238 0.134767 0.374996 0.140625 0.374996 0.140625 0.365238
0 0.060548 0.738283 0.060548 0.740237 0.058592 0.74219 0.058592 0.744144 0.056642 0.746097 0.058592 0.746097 0.062499 0.750004 0.062499 0.746097 0.064455 0.744144 0.064455 0.740237 0.062499 0.740237
0 0.107419 0.841798 0.105469 0.843752 0.105469 0.845705 0.103518 0.847658 0.103518 0.849612 0.101562 0.851565 0.107419 0.851565 0.109375 0.853519 0.109375 0.851565 0.111326 0.849612 0.111326 0.847658 0.113282 0.845705 0.113282 0.843752 0.109375 0.843752
0 0.13086 0.445311 0.13086 0.457032 0.136718 0.457032 0.136718 0.445311
0 0.482421 0.003904 0.48047 0.005858 0.48047 0.007811 0.488284 0.007811 0.490234 0.009765 0.490234 0.007811 0.492185 0.005858 0.492185 0.003904 0.490234 0.005858 0.488284 0.003904
0 0.142581 0.882812 0.142581 0.886719 0.140625 0.888672 0.140625 0.890625 0.142581 0.892579 0.144531 0.892579 0.146482 0.890625 0.146482 0.888672 0.148438 0.886719 0.148438 0.884765 0.144531 0.884765
0 0.166016 0.689456 0.166016 0.693363 0.16406 0.695317 0.16406 0.699215 0.169923 0.699215 0.169923 0.695317 0.171874 0.693363 0.171874 0.689456
0 0.400388 0.292969 0.400388 0.29883 0.412108 0.29883 0.412108 0.292969
0 0.769532 0.326169 0.767576 0.328123 0.767576 0.330076 0.765625 0.332029 0.769532 0.332029 0.771482 0.333983 0.775389 0.333983 0.777345 0.335936 0.777345 0.333983 0.779296 0.332029 0.777345 0.332029 0.773438 0.328123 0.771482 0.328123
0 0.355468 0.605467 0.355468 0.60742 0.353517 0.609374 0.361331 0.609374 0.363281 0.611327 0.363281 0.609374 0.365232 0.60742 0.357424 0.60742
0 0.792967 0.443358 0.792967 0.445311 0.791017 0.447265 0.791017 0.449218 0.794923 0.449218 0.796875 0.451172 0.79883 0.451172 0.800781 0.453125 0.800781 0.451172 0.802732 0.449218 0.800781 0.447265 0.79883 0.447265 0.796875 0.445311 0.794923 0.445311
0 0.410158 0.34375 0.410158 0.34961 0.421873 0.34961 0.421873 0.345704 0.412108 0.345704
0 0.398438 0.939452 0.398438 0.941406 0.396486 0.94336 0.404295 0.94336 0.406251 0.945313 0.406251 0.94336 0.408202 0.941406 0.400388 0.941406
0 0.16211 0.888672 0.16211 0.892579 0.160159 0.894532 0.160159 0.896486 0.16406 0.896486 0.166016 0.898439 0.166016 0.894532 0.167967 0.892579 0.167967 0.890625 0.16406 0.890625
0 0.79883 0.351564 0.79883 0.353517 0.796875 0.355471 0.796875 0.357424 0.800781 0.357424 0.802732 0.359378 0.804688 0.359378 0.806639 0.361331 0.806639 0.357424 0.802732 0.353517 0.800781 0.353517
0 0.876951 0.263668 0.876951 0.265621 0.875 0.267575 0.878907 0.267575 0.880857 0.269528 0.882813 0.269528 0.884764 0.271482 0.884764 0.269528 0.88672 0.267575 0.88672 0.265621 0.878907 0.265621
0 0.789061 0.398438 0.78711 0.400391 0.789061 0.400391 0.791017 0.402344 0.792967 0.402344 0.794923 0.404298 0.794923 0.402344 0.796875 0.400391 0.796875 0.398438
0 0.499999 0.017578 0.499999 0.023438 0.501955 0.021485 0.511719 0.021485 0.511719 0.019532 0.501955 0.019532
0 0.412108 0.351564 0.412108 0.355471 0.419922 0.355471 0.419922 0.351564
0 0.732419 0.753902 0.732419 0.755856 0.730469 0.757809 0.730469 0.759762 0.734376 0.759762 0.736327 0.761716 0.738283 0.761716 0.740233 0.763669 0.740233 0.761716 0.742189 0.759762 0.742189 0.757809 0.738283 0.757809 0.736327 0.755856 0.734376 0.755856
0 0.402344 0.96094 0.402344 0.962894 0.408202 0.962894 0.410158 0.964847 0.410158 0.962894 0.412108 0.96094
0 0.183594 0.248049 0.183594 0.257816 0.193359 0.257816 0.193359 0.250002 0.185545 0.250002
0 0.126954 0.374996 0.126954 0.386717 0.132811 0.386717 0.132811 0.374996
0 0.371095 0.94336 0.369139 0.945313 0.363281 0.945313 0.365232 0.947266 0.365232 0.94922 0.367188 0.947266 0.373045 0.947266 0.371095 0.945313
0 0.482421 0.16992 0.482421 0.173827 0.490234 0.173827 0.490234 0.171874 0.484376 0.171874
0 0.796875 0.359378 0.794923 0.361331 0.794923 0.363284 0.796875 0.363284 0.79883 0.365238 0.800781 0.365238 0.802732 0.367191 0.804688 0.365238 0.804688 0.361331 0.802732 0.361331 0.800781 0.359378
0 0.785154 0.378903 0.785154 0.380857 0.783203 0.38281 0.78711 0.38281 0.789061 0.384763 0.791017 0.384763 0.792967 0.386717 0.792967 0.384763 0.794923 0.38281 0.791017 0.38281 0.789061 0.380857 0.78711 0.380857
0 0.138674 0.404298 0.138674 0.417972 0.142581 0.417972 0.142581 0.414065 0.144531 0.412112 0.144531 0.404298
0 0.464843 0.189455 0.464843 0.193362 0.472656 0.193362 0.474607 0.191408 0.466799 0.191408
0 0.814452 0.152348 0.814452 0.154293 0.812501 0.156246 0.816408 0.156246 0.818359 0.1582 0.820315 0.1582 0.822266 0.160153 0.822266 0.1582 0.824216 0.156246 0.824216 0.154293 0.816408 0.154293
0 0.390624 0.99414 0.388673 0.996094 0.386717 0.996094 0.384766 0.998047 0.38281 0.998047 0.38281 1 0.384766 1 0.39258 1 0.39258 0.998047 0.390624 0.996094
0 0.121096 0.876951 0.121096 0.878905 0.11914 0.880858 0.11914 0.882812 0.117189 0.884765 0.117189 0.886719 0.121096 0.886719 0.123047 0.888672 0.123047 0.884765 0.124998 0.882812 0.124998 0.878905 0.123047 0.878905
0 0.388673 0.447265 0.386717 0.449218 0.396486 0.449218 0.396486 0.447265
0 0.150389 0.371089 0.150389 0.37695 0.148438 0.378903 0.148438 0.38281 0.150389 0.380857 0.152345 0.380857 0.152345 0.371089
0 0.828124 0.146488 0.826173 0.148441 0.830079 0.148441 0.83203 0.150394 0.833986 0.150394 0.835937 0.152348 0.835937 0.150394 0.837893 0.148441 0.833986 0.148441 0.83203 0.146488
0 0.812501 0.318355 0.812501 0.320309 0.810545 0.322262 0.812501 0.322262 0.814452 0.324216 0.816408 0.324216 0.818359 0.326169 0.820315 0.324216 0.820315 0.322262 0.822266 0.320309 0.814452 0.320309
0 0.464843 0.94336 0.464843 0.945313 0.462892 0.947266 0.466799 0.947266 0.46875 0.94922 0.470705 0.94922 0.472656 0.951173 0.472656 0.94922 0.474607 0.947266 0.470705 0.947266 0.46875 0.945313 0.466799 0.945313
0 0.238279 0.257816 0.238279 0.265621 0.25 0.265621 0.25 0.261723 0.248049 0.25977 0.248049 0.257816
0 0.474607 0.199222 0.474607 0.203129 0.482421 0.203129 0.482421 0.201175 0.484376 0.199222
0 0.150389 0.406251 0.150389 0.417972 0.152345 0.417972 0.152345 0.410158 0.154296 0.408205 0.154296 0.406251
0 0.195314 0.341796 0.195314 0.34375 0.197266 0.345704 0.197266 0.34961 0.205079 0.34961 0.205079 0.34375 0.197266 0.34375
0 0.117189 0.644527 0.117189 0.654294 0.11914 0.654294 0.121096 0.656248 0.121096 0.652341 0.123047 0.650387 0.123047 0.646481 0.11914 0.646481
0 0.810545 0.408205 0.808595 0.410158 0.812501 0.410158 0.814452 0.412112 0.816408 0.412112 0.818359 0.414065 0.818359 0.410158 0.816408 0.410158 0.814452 0.408205
0 0.001952 0.707028 0.001952 0.714842 0.005858 0.714842 0.005858 0.710935 0.007814 0.708982 0.007814 0.707028
0 0.759768 0.374996 0.759768 0.37695 0.757812 0.378903 0.757812 0.380857 0.761718 0.380857 0.763674 0.38281 0.765625 0.38281 0.767576 0.384763 0.767576 0.38281 0.769532 0.380857 0.769532 0.378903 0.765625 0.378903 0.763674 0.37695 0.761718 0.37695
0 0.742189 0.734376 0.742189 0.73633 0.740233 0.738283 0.74414 0.738283 0.746096 0.740237 0.748047 0.740237 0.749998 0.74219 0.749998 0.740237 0.751954 0.738283 0.751954 0.73633 0.74414 0.73633
0 0.501955 0.013671 0.501955 0.017578 0.51367 0.017578 0.51367 0.013671
0 0.369139 0.435544 0.365232 0.439451 0.367188 0.441404 0.369139 0.441404 0.373045 0.445311 0.373045 0.443358 0.375002 0.441404 0.375002 0.439451 0.373045 0.439451
0 0.759768 0.431637 0.759768 0.433591 0.757812 0.435544 0.757812 0.437498 0.761718 0.437498 0.763674 0.439451 0.765625 0.439451 0.767576 0.441404 0.767576 0.439451 0.769532 0.437498 0.767576 0.437498 0.763674 0.433591 0.761718 0.433591
0 0.068362 0.841798 0.068362 0.845705 0.066406 0.847658 0.066406 0.851565 0.070313 0.851565 0.072263 0.853519 0.072263 0.849612 0.074219 0.847658 0.074219 0.845705 0.072263 0.845705
0 0.470705 0.042973 0.470705 0.044918 0.46875 0.046871 0.472656 0.046871 0.474607 0.048825 0.476563 0.048825 0.478514 0.050778 0.478514 0.048825 0.48047 0.046871 0.478514 0.044918 0.472656 0.044918
0 0.566404 0.822264 0.566404 0.828124 0.576173 0.828124 0.578125 0.830077 0.578125 0.828124 0.580081 0.82617 0.580081 0.824217 0.56836 0.824217
0 0.779296 0.30469 0.779296 0.306643 0.777345 0.308597 0.777345 0.31055 0.783203 0.31055 0.785154 0.312504 0.785154 0.31055 0.78711 0.308597 0.78711 0.306643 0.781252 0.306643
0 0.375002 0.400391 0.373045 0.402344 0.373045 0.404298 0.380859 0.404298 0.38281 0.406251 0.38281 0.404298 0.384766 0.402344 0.380859 0.402344 0.378908 0.400391
0 0.390624 0.60156 0.390624 0.603513 0.388673 0.605467 0.390624 0.605467 0.39258 0.60742 0.394531 0.60742 0.396486 0.609374 0.396486 0.60742 0.398438 0.605467 0.398438 0.603513 0.39258 0.603513
0 0.035157 0.714842 0.035157 0.718749 0.033201 0.720702 0.033201 0.722656 0.037107 0.726562 0.037107 0.724609 0.039063 0.722656 0.039063 0.720702 0.041014 0.718749 0.041014 0.716795 0.037107 0.716795
0 0.505861 0.171874 0.505861 0.175781 0.507812 0.173827 0.515626 0.173827 0.515626 0.171874
0 0.394531 0.94922 0.394531 0.95508 0.396486 0.95508 0.398438 0.957033 0.400388 0.957033 0.402344 0.958987 0.402344 0.957033 0.404295 0.95508 0.404295 0.953127 0.400388 0.953127 0.398438 0.951173 0.396486 0.951173
0 0.767576 0.447265 0.767576 0.449218 0.765625 0.451172 0.767576 0.451172 0.769532 0.453125 0.771482 0.453125 0.773438 0.455078 0.773438 0.453125 0.775389 0.451172 0.773438 0.449218 0.769532 0.449218
0 0.42578 0.966801 0.42578 0.968754 0.423829 0.970699 0.427736 0.970699 0.429687 0.972652 0.431643 0.972652 0.433594 0.974606 0.433594 0.968754 0.427736 0.968754
0 0.830079 0.140627 0.830079 0.142581 0.828124 0.144534 0.837893 0.144534 0.839844 0.146488 0.839844 0.144534 0.841794 0.142581 0.837893 0.142581 0.835937 0.140627
0 0.146482 0.855472 0.146482 0.857425 0.144531 0.859379 0.144531 0.861333 0.146482 0.861333 0.148438 0.863277 0.148438 0.861333 0.150389 0.859379 0.150389 0.857425 0.152345 0.855472
0 0.435549 0.968754 0.435549 0.970699 0.441407 0.970699 0.443358 0.972652 0.443358 0.970699 0.445314 0.968754
0 0.054686 0.712889 0.054686 0.714842 0.052734 0.716795 0.052734 0.718749 0.050784 0.720702 0.056642 0.720702 0.056642 0.718749 0.058592 0.716795 0.058592 0.714842 0.056642 0.714842
0 0.156252 0.916011 0.156252 0.917965 0.154296 0.919918 0.154296 0.921871 0.152345 0.923825 0.152345 0.925778 0.154296 0.925778 0.156252 0.927732 0.156252 0.925778 0.158203 0.923825 0.158203 0.921871 0.160159 0.919918 0.160159 0.917965 0.158203 0.917965
0 0.455078 0.230468 0.455078 0.234375 0.462892 0.234375 0.462892 0.232422 0.457029 0.232422
0 0.42578 0.251956 0.42578 0.257816 0.427736 0.255863 0.435549 0.255863 0.435549 0.253909 0.4375 0.251956
0 0.124998 0.443358 0.124998 0.455078 0.128904 0.455078 0.128904 0.443358
0 0.783203 0.328123 0.783203 0.330076 0.781252 0.332029 0.783203 0.332029 0.785154 0.333983 0.78711 0.333983 0.789061 0.335936 0.789061 0.333983 0.791017 0.332029 0.789061 0.332029 0.78711 0.330076 0.785154 0.330076
0 0.92969 0.167967 0.92969 0.16992 0.931641 0.16992 0.933592 0.171874 0.935547 0.171874 0.937499 0.173827 0.937499 0.171874 0.939454 0.16992 0.939454 0.167967 0.937499 0.16992 0.935547 0.167967
0 0.142581 0.914067 0.142581 0.916011 0.140625 0.917965 0.140625 0.919918 0.138674 0.921871 0.140625 0.921871 0.142581 0.923825 0.142581 0.921871 0.144531 0.919918 0.144531 0.917965 0.146482 0.916011 0.146482 0.914067
0 0.128904 0.648434 0.128904 0.650387 0.126954 0.652341 0.126954 0.654294 0.124998 0.656248 0.124998 0.658201 0.128904 0.658201 0.13086 0.660154 0.13086 0.656248 0.132811 0.654294 0.132811 0.650387 0.13086 0.650387
0 0.089841 0.847658 0.087891 0.849612 0.087891 0.851565 0.083984 0.855472 0.08594 0.855472 0.089841 0.859379 0.091797 0.857425 0.091797 0.855472 0.093749 0.853519 0.093749 0.851565 0.095704 0.849612 0.091797 0.849612
0 0.908205 0.126953 0.908205 0.13086 0.916013 0.13086 0.916013 0.128907 0.910156 0.128907
0 0.820315 0.38281 0.820315 0.384763 0.818359 0.386717 0.818359 0.38867 0.820315 0.38867 0.824216 0.392577 0.826173 0.392577 0.828124 0.394531 0.828124 0.392577 0.830079 0.390624 0.830079 0.386717 0.828124 0.386717 0.826173 0.384763 0.822266 0.384763
0 0.169923 0.859379 0.169923 0.861333 0.167967 0.863277 0.167967 0.865231 0.166016 0.867184 0.166016 0.869138 0.169923 0.869138 0.171874 0.871091 0.171874 0.869138 0.17383 0.867184 0.17383 0.865231 0.175781 0.863277 0.175781 0.861333 0.171874 0.861333
0 0.152345 0.38281 0.152345 0.394531 0.154296 0.392577 0.158203 0.392577 0.158203 0.38867 0.156252 0.386717 0.156252 0.384763 0.154296 0.384763
0 0.339846 0.583988 0.339846 0.585941 0.33789 0.587895 0.33789 0.589839 0.345703 0.589839 0.347654 0.591793 0.347654 0.587895 0.345703 0.585941 0.341796 0.585941
0 0.69922 0.748051 0.697264 0.750004 0.697264 0.751957 0.695313 0.753902 0.697264 0.753902 0.69922 0.755856 0.70117 0.755856 0.703126 0.757809 0.705078 0.757809 0.707033 0.759762 0.708984 0.757809 0.708984 0.755856 0.71094 0.753902 0.708984 0.753902 0.707033 0.751957 0.705078 0.751957 0.703126 0.750004 0.70117 0.750004
0 0.406251 0.953127 0.406251 0.95508 0.404295 0.957033 0.404295 0.958987 0.412108 0.958987 0.414064 0.96094 0.414064 0.957033 0.412108 0.957033 0.410158 0.95508 0.408202 0.95508
0 0.42578 0.333983 0.423829 0.335936 0.414064 0.335936 0.414064 0.339843 0.421873 0.339843 0.423829 0.341796 0.423829 0.33789 0.42578 0.335936
0 0.507812 0.156246 0.507812 0.160153 0.517577 0.160153 0.517577 0.156246
0 0.84375 0.187501 0.84375 0.189455 0.841794 0.191408 0.841794 0.193362 0.845702 0.193362 0.847657 0.195315 0.849608 0.195315 0.851564 0.197268 0.853515 0.195315 0.853515 0.193362 0.855471 0.191408 0.851564 0.191408 0.849608 0.189455 0.845702 0.189455
0 0.34961 0.625001 0.34961 0.630862 0.355468 0.630862 0.357424 0.632815 0.357424 0.630862 0.359375 0.628908 0.359375 0.626955 0.351561 0.626955
0 0.439451 0.199222 0.439451 0.203129 0.447265 0.203129 0.449221 0.205082 0.449221 0.199222
0 0.019529 0.037113 0.019529 0.039066 0.017579 0.041019 0.023436 0.046871 0.027343 0.042973 0.025392 0.041019 0.023436 0.041019
0 0.378908 0.38867 0.378908 0.390624 0.376953 0.392577 0.380859 0.392577 0.38281 0.394531 0.384766 0.394531 0.386717 0.396484 0.386717 0.394531 0.388673 0.392577 0.384766 0.392577 0.38281 0.390624 0.380859 0.390624
0 0.03125 0.738283 0.03125 0.740237 0.029299 0.74219 0.029299 0.744144 0.027343 0.746097 0.027343 0.748051 0.033201 0.748051 0.033201 0.746097 0.035157 0.744144 0.035157 0.74219 0.037107 0.740237 0.033201 0.740237
0 0.46875 0.220701 0.46875 0.226561 0.478514 0.226561 0.478514 0.220701
0 0.464843 0.201175 0.462892 0.203129 0.462892 0.205082 0.472656 0.205082 0.472656 0.201175
0 0.496092 0.472659 0.496092 0.474613 0.498048 0.476566 0.498048 0.480464 0.499999 0.47852 0.507812 0.47852 0.507812 0.472659
0 0.457029 0.226561 0.457029 0.230468 0.464843 0.230468 0.464843 0.226561
0 0.378908 0.986326 0.376953 0.98828 0.378908 0.990233 0.378908 0.992187 0.380859 0.990233 0.38281 0.990233 0.384766 0.98828 0.386717 0.98828 0.386717 0.986326
0 0.791017 0.308597 0.791017 0.31055 0.789061 0.312504 0.789061 0.314457 0.792967 0.314457 0.794923 0.316411 0.796875 0.316411 0.79883 0.318355 0.79883 0.316411 0.800781 0.314457 0.800781 0.312504 0.796875 0.312504 0.794923 0.31055 0.792967 0.31055
0 0.818359 0.166013 0.818359 0.167967 0.816408 0.16992 0.818359 0.16992 0.822266 0.173827 0.824216 0.173827 0.826173 0.175781 0.826173 0.173827 0.828124 0.171874 0.828124 0.16992 0.824216 0.16992 0.822266 0.167967 0.820315 0.167967
0 0.183594 0.378903 0.183594 0.386717 0.197266 0.386717 0.197266 0.378903
0 0.902342 0.111326 0.902342 0.117186 0.912112 0.117186 0.912112 0.111326
0 0.880857 0.257816 0.880857 0.25977 0.878907 0.261723 0.878907 0.263668 0.88672 0.263668 0.888671 0.265621 0.888671 0.263668 0.890627 0.261723 0.890627 0.25977 0.882813 0.25977
0 0.914063 0.263668 0.914063 0.267575 0.916013 0.267575 0.91797 0.269528 0.91992 0.269528 0.921876 0.271482 0.923827 0.269528 0.923827 0.267575 0.925783 0.265621 0.916013 0.265621
0 0.365232 0.441404 0.365232 0.443358 0.363281 0.445311 0.369139 0.451172 0.371095 0.449218 0.371095 0.445311 0.369139 0.443358 0.367188 0.443358
0 0.068362 0.626955 0.068362 0.628908 0.066406 0.630862 0.066406 0.632815 0.074219 0.632815 0.07617 0.634768 0.07617 0.632815 0.078126 0.630862 0.078126 0.628908 0.070313 0.628908
0 0.417966 0.992187 0.417966 0.99414 0.416015 0.996094 0.416015 0.998047 0.419922 0.998047 0.421873 1 0.423829 1 0.42578 1 0.42578 1 0.427736 0.998047 0.42578 0.998047 0.423829 0.996094 0.419922 0.996094 0.417966 0.99414
0 0.476563 0.546873 0.476563 0.552733 0.486328 0.552733 0.486328 0.546873
0 0.457029 0.218747 0.457029 0.224608 0.466799 0.224608 0.466799 0.220701 0.458985 0.220701
0 0.486328 0.248049 0.486328 0.251956 0.494141 0.251956 0.494141 0.248049
0 0.781252 0.390624 0.781252 0.392577 0.779296 0.394531 0.779296 0.396484 0.781252 0.396484 0.785154 0.400391 0.78711 0.398438 0.78711 0.396484 0.789061 0.394531 0.78711 0.394531 0.785154 0.392577 0.783203 0.392577
0 0.902342 0.830077 0.902342 0.832031 0.900392 0.833984 0.900392 0.837891 0.898436 0.839844 0.898436 0.841798 0.902342 0.841798 0.904298 0.843752 0.904298 0.837891 0.906249 0.835938 0.906249 0.832031 0.904298 0.832031
0 0.910156 0.121093 0.910156 0.126953 0.91797 0.126953 0.91797 0.123046 0.912112 0.123046
0 0.369139 0.5957 0.369139 0.597653 0.367188 0.599607 0.369139 0.60156 0.376953 0.60156 0.376953 0.597653 0.371095 0.597653
0 0.158203 0.333983 0.158203 0.339843 0.156252 0.341796 0.156252 0.345704 0.16211 0.345704 0.16211 0.335936 0.160159 0.335936
0 0.158203 0.685549 0.158203 0.689456 0.156252 0.691409 0.156252 0.695317 0.158203 0.695317 0.160159 0.69727 0.160159 0.695317 0.16211 0.693363 0.16211 0.691409 0.16406 0.689456 0.16406 0.687503 0.160159 0.687503
0 0.015623 0.699215 0.015623 0.703121 0.013672 0.705075 0.013672 0.707028 0.017579 0.707028 0.019529 0.708982 0.019529 0.707028 0.021485 0.705075 0.021485 0.703121 0.023436 0.701168 0.017579 0.701168
0 0.91797 0.193362 0.91797 0.195315 0.916013 0.197268 0.91992 0.197268 0.921876 0.199222 0.923827 0.199222 0.925783 0.201175 0.925783 0.199222 0.927734 0.197268 0.927734 0.195315 0.91992 0.195315
0 0.398438 0.400391 0.398438 0.406251 0.408202 0.406251 0.408202 0.400391
0 0.484376 0.16406 0.484376 0.16992 0.492185 0.16992 0.492185 0.16406
0 0.117189 0.373043 0.117189 0.384763 0.121096 0.384763 0.123047 0.386717 0.123047 0.374996 0.11914 0.374996
0 0.123047 0.857425 0.123047 0.859379 0.121096 0.861333 0.121096 0.863277 0.11914 0.865231 0.121096 0.865231 0.124998 0.869138 0.124998 0.867184 0.126954 0.865231 0.126954 0.861333 0.128904 0.859379 0.124998 0.859379
0 0.087891 0.896486 0.087891 0.898439 0.08594 0.900393 0.08594 0.902346 0.083984 0.904299 0.083984 0.906253 0.08594 0.906253 0.087891 0.908206 0.087891 0.906253 0.089841 0.904299 0.089841 0.902346 0.091797 0.900393 0.091797 0.898439 0.089841 0.898439
0 0.04297 0.732423 0.04297 0.734376 0.041014 0.73633 0.041014 0.738283 0.039063 0.740237 0.039063 0.74219 0.04297 0.74219 0.044921 0.744144 0.044921 0.74219 0.046877 0.740237 0.046877 0.738283 0.048828 0.73633 0.046877 0.73633
0 0.841794 0.33789 0.841794 0.339843 0.839844 0.341796 0.84375 0.341796 0.845702 0.34375 0.847657 0.34375 0.849608 0.345704 0.849608 0.34375 0.851564 0.341796 0.851564 0.339843 0.84375 0.339843
0 0.154296 0.410158 0.154296 0.421879 0.160159 0.421879 0.160159 0.410158
0 0.488284 0.232422 0.488284 0.240235 0.490234 0.238282 0.499999 0.238282 0.499999 0.234375 0.490234 0.234375
0 0.220701 0.261723 0.220701 0.267575 0.232421 0.267575 0.232421 0.261723
0 0.871093 0.212887 0.871093 0.214841 0.869142 0.216794 0.869142 0.218747 0.873049 0.218747 0.875 0.220701 0.876951 0.220701 0.878907 0.222654 0.878907 0.220701 0.880857 0.218747 0.880857 0.216794 0.876951 0.216794 0.875 0.214841 0.873049 0.214841
0 0.851564 0.322262 0.849608 0.324216 0.849608 0.326169 0.851564 0.326169 0.853515 0.328123 0.855471 0.328123 0.857422 0.330076 0.859373 0.328123 0.859373 0.324216 0.857422 0.324216 0.855471 0.322262
0 0.419922 0.896486 0.419922 0.900393 0.417966 0.902346 0.417966 0.904299 0.42578 0.904299 0.427736 0.906253 0.427736 0.904299 0.429687 0.902346 0.429687 0.900393 0.42578 0.900393 0.423829 0.898439 0.421873 0.898439
0 0.499999 0.181641 0.499999 0.187501 0.509763 0.187501 0.509763 0.185548 0.511719 0.183594 0.501955 0.183594
0 0.818359 0.335936 0.816408 0.33789 0.816408 0.339843 0.822266 0.339843 0.824216 0.341796 0.824216 0.339843 0.826173 0.33789 0.824216 0.33789 0.822266 0.335936
0 0.496092 0.033206 0.496092 0.039066 0.498048 0.037113 0.507812 0.037113 0.507812 0.035159 0.498048 0.035159
0 0.873049 0.687503 0.873049 0.689456 0.871093 0.691409 0.871093 0.693363 0.878907 0.693363 0.880857 0.695317 0.880857 0.693363 0.882813 0.691409 0.878907 0.691409 0.876951 0.689456 0.875 0.689456
0 0.769532 0.353517 0.769532 0.359378 0.771482 0.359378 0.773438 0.361331 0.775389 0.361331 0.777345 0.363284 0.779296 0.361331 0.779296 0.359378 0.781252 0.357424 0.777345 0.357424 0.775389 0.355471 0.771482 0.355471
0 0.435549 0.214841 0.435549 0.218747 0.445314 0.218747 0.445314 0.216794 0.4375 0.216794
0 0.533204 0.126953 0.533204 0.13086 0.542968 0.13086 0.544924 0.132814 0.544924 0.126953
0 0.273436 0.691409 0.273436 0.695317 0.271484 0.69727 0.271484 0.701168 0.275391 0.701168 0.277342 0.703121 0.277342 0.69727 0.279298 0.695317 0.279298 0.691409
0 0.11914 0.441404 0.11914 0.453125 0.123047 0.453125 0.123047 0.443358 0.124998 0.441404
0 0.38281 0.457032 0.38281 0.460939 0.390624 0.460939 0.390624 0.457032
0 0.878907 0.171874 0.878907 0.175781 0.880857 0.175781 0.882813 0.177734 0.884764 0.177734 0.88672 0.179688 0.88672 0.177734 0.888671 0.175781 0.888671 0.173827 0.880857 0.173827
0 0.898436 0.216794 0.898436 0.218747 0.896484 0.220701 0.896484 0.222654 0.900392 0.222654 0.902342 0.224608 0.906249 0.224608 0.908205 0.226561 0.908205 0.224608 0.910156 0.222654 0.910156 0.220701 0.906249 0.220701 0.904298 0.218747 0.900392 0.218747
0 0.445314 0.935546 0.445314 0.937499 0.443358 0.939452 0.443358 0.941406 0.451171 0.941406 0.453127 0.94336 0.453127 0.941406 0.455078 0.939452 0.455078 0.937499 0.447265 0.937499
0 0.390624 0.335936 0.390624 0.341796 0.400388 0.341796 0.400388 0.335936
0 0.371095 0.414065 0.371095 0.416018 0.369139 0.417972 0.369139 0.419925 0.373045 0.419925 0.375002 0.421879 0.376953 0.421879 0.378908 0.423832 0.378908 0.421879 0.380859 0.419925 0.378908 0.419925 0.375002 0.416018 0.373045 0.416018
0 0.478514 0.187501 0.478514 0.189455 0.476563 0.191408 0.476563 0.193362 0.488284 0.193362 0.488284 0.189455 0.486328 0.187501
0 0.107419 0.882812 0.107419 0.886719 0.105469 0.888672 0.105469 0.890625 0.107419 0.890625 0.109375 0.892579 0.109375 0.890625 0.111326 0.888672 0.111326 0.886719
0 0.431643 0.224608 0.431643 0.230468 0.443358 0.230468 0.443358 0.226561 0.433594 0.226561
0 0.470705 0.16992 0.470705 0.177734 0.478514 0.177734 0.478514 0.175781 0.48047 0.173827 0.472656 0.173827 0.470705 0.171874
0 0.150389 0.681643 0.150389 0.685549 0.148438 0.687503 0.148438 0.691409 0.150389 0.691409 0.152345 0.693363 0.152345 0.689456 0.154296 0.687503 0.154296 0.683596 0.152345 0.683596
0 0.458985 0.253909 0.458985 0.25977 0.46875 0.25977 0.46875 0.257816 0.470705 0.255863 0.460936 0.255863
0 0.447265 0.167967 0.447265 0.173827 0.457029 0.173827 0.457029 0.171874 0.455078 0.16992 0.449221 0.16992
0 0.498048 0.029299 0.498048 0.033206 0.507812 0.033206 0.507812 0.029299
0 0.156252 0.865231 0.156252 0.867184 0.154296 0.869138 0.154296 0.873044 0.152345 0.874998 0.152345 0.876951 0.156252 0.876951 0.158203 0.878905 0.160159 0.876951 0.160159 0.874998 0.16211 0.873044 0.16211 0.871091 0.16406 0.869138 0.16211 0.869138 0.160159 0.867184 0.158203 0.867184
0 0.757812 0.443358 0.753905 0.447265 0.757812 0.447265 0.759768 0.449218 0.761718 0.449218 0.763674 0.451172 0.763674 0.449218 0.765625 0.447265 0.765625 0.445311 0.759768 0.445311
0 0.476563 0.023438 0.476563 0.027345 0.478514 0.027345 0.48047 0.029299 0.482421 0.029299 0.484376 0.031252 0.484376 0.029299 0.486328 0.027345 0.484376 0.025392 0.478514 0.025392
0 0.505861 0.001951 0.505861 0.007811 0.507812 0.005858 0.517577 0.005858 0.517577 0.003904 0.507812 0.003904
0 0.087891 0.816403 0.087891 0.82031 0.08594 0.822264 0.08594 0.82617 0.087891 0.82617 0.089841 0.828124 0.089841 0.82617 0.091797 0.824217 0.091797 0.822264 0.093749 0.82031 0.093749 0.818357 0.089841 0.818357
0 0.410158 0.933592 0.410158 0.935546 0.412108 0.935546 0.414064 0.937499 0.416015 0.937499 0.417966 0.939452 0.417966 0.937499 0.419922 0.935546 0.419922 0.933592 0.417966 0.935546 0.416015 0.933592
0 0.482421 0.52344 0.482421 0.525393 0.484376 0.527347 0.484376 0.5293 0.494141 0.5293 0.494141 0.52344
0 0.537111 0.488278 0.537111 0.494139 0.548826 0.494139 0.548826 0.488278
0 0.146482 0.38281 0.146482 0.386717 0.144531 0.38867 0.144531 0.392577 0.150389 0.392577 0.150389 0.38281 0.148438 0.384763
0 0.873049 0.123046 0.873049 0.125 0.871093 0.126953 0.871093 0.128907 0.882813 0.128907 0.882813 0.123046
0 0.062499 0.861333 0.062499 0.865231 0.060548 0.867184 0.060548 0.871091 0.066406 0.871091 0.066406 0.861333
0 0.167967 0.33789 0.167967 0.341796 0.166016 0.34375 0.166016 0.347657 0.169923 0.347657 0.171874 0.34961 0.171874 0.33789
0 0.068362 0.890625 0.066406 0.892579 0.066406 0.894532 0.064455 0.896486 0.064455 0.900393 0.068362 0.900393 0.070313 0.898439 0.070313 0.896486 0.072263 0.894532 0.072263 0.892579 0.070313 0.892579
0 0.595702 0.11914 0.595702 0.123046 0.603516 0.123046 0.605467 0.125 0.605467 0.123046 0.607423 0.121093 0.607423 0.11914
0 0.593751 0.123046 0.593751 0.128907 0.603516 0.128907 0.605467 0.13086 0.605467 0.128907 0.607423 0.126953 0.607423 0.125 0.605467 0.126953 0.603516 0.125 0.595702 0.125
0 0.048828 0.708982 0.048828 0.710935 0.046877 0.712889 0.046877 0.714842 0.044921 0.716795 0.044921 0.718749 0.050784 0.718749 0.050784 0.716795 0.052734 0.714842 0.052734 0.712889 0.054686 0.710935 0.050784 0.710935
0 0.455078 0.976559 0.455078 0.978513 0.453127 0.980466 0.453127 0.982419 0.460936 0.982419 0.462892 0.984373 0.462892 0.982419 0.464843 0.980466 0.464843 0.978513 0.457029 0.978513
0 0.847657 0.326169 0.845702 0.328123 0.845702 0.330076 0.84375 0.332029 0.847657 0.332029 0.849608 0.333983 0.853515 0.333983 0.855471 0.335936 0.855471 0.333983 0.857422 0.332029 0.855471 0.332029 0.851564 0.328123 0.849608 0.328123
0 0.423829 0.972652 0.421873 0.974606 0.421873 0.976559 0.429687 0.976559 0.431643 0.978513 0.431643 0.974606 0.429687 0.974606 0.427736 0.972652
0 0.939454 0.148441 0.939454 0.150394 0.937499 0.152348 0.939454 0.152348 0.941405 0.154293 0.943361 0.154293 0.945312 0.156246 0.945312 0.154293 0.947268 0.152348 0.947268 0.150394 0.941405 0.150394
0 0.054686 0.857425 0.054686 0.861333 0.052734 0.863277 0.054686 0.865231 0.056642 0.865231 0.058592 0.867184 0.058592 0.863277 0.060548 0.861333 0.060548 0.859379 0.056642 0.859379
0 0.412108 0.925778 0.412108 0.931639 0.416015 0.931639 0.417966 0.933592 0.417966 0.931639 0.419922 0.929685 0.419922 0.927732 0.414064 0.927732
0 0.789061 0.148441 0.789061 0.150394 0.78711 0.152348 0.791017 0.152348 0.792967 0.154293 0.794923 0.154293 0.796875 0.156246 0.796875 0.154293 0.79883 0.152348 0.79883 0.150394 0.791017 0.150394
0 0.373045 0.410158 0.373045 0.414065 0.375002 0.414065 0.376953 0.416018 0.378908 0.416018 0.380859 0.417972 0.380859 0.416018 0.38281 0.414065 0.378908 0.414065 0.376953 0.412112 0.375002 0.412112
0 0.367188 0.60742 0.367188 0.609374 0.365232 0.611327 0.365232 0.613281 0.371095 0.613281 0.373045 0.615234 0.373045 0.613281 0.375002 0.611327 0.373045 0.611327 0.371095 0.609374 0.369139 0.609374
0 0.099611 0.91016 0.099611 0.912113 0.097655 0.914067 0.097655 0.916011 0.095704 0.917965 0.095704 0.919918 0.097655 0.919918 0.099611 0.921871 0.099611 0.919918 0.101562 0.917965 0.101562 0.916011 0.103518 0.914067 0.103518 0.912113 0.101562 0.912113
0 0.146482 0.894532 0.146482 0.898439 0.144531 0.900393 0.144531 0.902346 0.148438 0.906253 0.148438 0.902346 0.150389 0.900393 0.150389 0.896486 0.148438 0.896486
0 0.144531 0.367191 0.144531 0.378903 0.146482 0.378903 0.148438 0.37695 0.148438 0.371089 0.150389 0.369145 0.150389 0.367191
0 0.378908 0.974606 0.376953 0.976559 0.375002 0.976559 0.375002 0.980466 0.376953 0.978513 0.378908 0.978513 0.380859 0.976559 0.38281 0.976559 0.38281 0.974606
0 0.859373 0.216794 0.859373 0.218747 0.857422 0.220701 0.857422 0.222654 0.863279 0.222654 0.865235 0.224608 0.867186 0.222654 0.867186 0.218747 0.861329 0.218747
0 0.113282 0.904299 0.113282 0.906253 0.111326 0.908206 0.111326 0.91016 0.109375 0.912113 0.111326 0.912113 0.113282 0.914067 0.115233 0.912113 0.115233 0.91016 0.117189 0.908206 0.117189 0.906253 0.115233 0.906253
0 0.136718 0.341796 0.136718 0.351564 0.142581 0.351564 0.142581 0.341796
0 0.078126 0.906253 0.078126 0.908206 0.07617 0.91016 0.07617 0.912113 0.074219 0.914067 0.080077 0.914067 0.080077 0.912113 0.082033 0.91016 0.082033 0.908206 0.080077 0.908206
0 0.779296 0.470706 0.779296 0.476566 0.785154 0.476566 0.78711 0.47852 0.791017 0.474613 0.78711 0.474613 0.785154 0.472659 0.781252 0.472659
0 0.17383 0.33789 0.17383 0.345704 0.177737 0.345704 0.179688 0.347657 0.179688 0.33789
0 0.435549 0.220701 0.435549 0.224608 0.447265 0.224608 0.447265 0.222654 0.445314 0.220701
0 0.507812 0.162107 0.507812 0.166013 0.517577 0.166013 0.517577 0.162107
0 0.566404 0.832031 0.566404 0.837891 0.578125 0.837891 0.580081 0.839844 0.580081 0.832031
0 0.187501 0.363284 0.187501 0.371089 0.199216 0.371089 0.199216 0.369145 0.197266 0.367191 0.197266 0.363284
0 0.46875 0.048825 0.46875 0.054685 0.476563 0.054685 0.478514 0.056638 0.478514 0.052732 0.476563 0.050778 0.470705 0.050778
0 0.384766 0.978513 0.38281 0.980466 0.380859 0.980466 0.378908 0.982419 0.375002 0.982419 0.376953 0.984373 0.376953 0.986326 0.378908 0.984373 0.386717 0.984373 0.386717 0.982419 0.384766 0.980466
0 0.429687 0.236328 0.431643 0.238282 0.431643 0.240235 0.441407 0.240235 0.441407 0.238282 0.431643 0.238282
0 0.691406 0.443358 0.691406 0.453125 0.697264 0.453125 0.697264 0.443358
0 0.820315 0.134767 0.820315 0.136721 0.818359 0.138674 0.822266 0.138674 0.824216 0.140627 0.826173 0.140627 0.828124 0.142581 0.828124 0.140627 0.830079 0.138674 0.826173 0.138674 0.824216 0.136721 0.822266 0.136721
0 0.48047 0.175781 0.48047 0.181641 0.490234 0.181641 0.490234 0.175781
0 0.103518 0.667968 0.103518 0.671875 0.101562 0.673829 0.101562 0.677736 0.103518 0.677736 0.105469 0.679689 0.105469 0.675782 0.107419 0.673829 0.107419 0.669922 0.105469 0.669922
0 0.888671 0.269528 0.888671 0.271482 0.88672 0.273435 0.888671 0.273435 0.890627 0.275388 0.892578 0.275388 0.894529 0.277342 0.894529 0.275388 0.896484 0.273435 0.896484 0.271482 0.890627 0.271482
0 0.648437 0.496092 0.648437 0.499999 0.646486 0.501952 0.646486 0.503906 0.648437 0.503906 0.650392 0.505859 0.650392 0.501952 0.652343 0.499999 0.652343 0.498045 0.650392 0.498045
0 0.367188 0.60156 0.367188 0.605467 0.369139 0.60742 0.371095 0.60742 0.373045 0.609374 0.375002 0.60742 0.375002 0.605467 0.376953 0.603513 0.369139 0.603513
0 0.449221 0.251956 0.449221 0.255863 0.455078 0.255863 0.457029 0.257816 0.457029 0.253909 0.451171 0.253909
0 0.472656 0.033206 0.472656 0.039066 0.482421 0.039066 0.482421 0.037113 0.48047 0.035159 0.474607 0.035159
0 0.906249 0.699215 0.906249 0.705075 0.914063 0.705075 0.916013 0.707028 0.916013 0.701168 0.908205 0.701168
0 0.937499 0.154293 0.937499 0.156246 0.935547 0.1582 0.935547 0.160153 0.943361 0.160153 0.945312 0.162107 0.945312 0.160153 0.947268 0.1582 0.943361 0.1582 0.941405 0.156246 0.939454 0.156246
0 0.460936 0.95508 0.460936 0.958987 0.462892 0.958987 0.464843 0.96094 0.466799 0.96094 0.46875 0.962894 0.46875 0.96094 0.470705 0.958987 0.470705 0.957033 0.462892 0.957033
0 0.433594 0.976559 0.433594 0.978513 0.431643 0.980466 0.439451 0.980466 0.441407 0.982419 0.441407 0.980466 0.443358 0.978513 0.439451 0.978513 0.4375 0.976559
0 0.431643 0.232422 0.431643 0.236328 0.441407 0.236328 0.441407 0.234375 0.443358 0.232422
0 0.124998 0.675782 0.124998 0.679689 0.123047 0.681643 0.123047 0.683596 0.126954 0.683596 0.128904 0.685549 0.128904 0.681643 0.13086 0.679689 0.13086 0.675782
0 0.462892 0.244142 0.462892 0.248049 0.472656 0.248049 0.472656 0.244142
0 0.642579 0.669922 0.642579 0.675782 0.650392 0.675782 0.652343 0.677736 0.652343 0.675782 0.654299 0.673829 0.654299 0.671875 0.644529 0.671875
0 0.445314 0.181641 0.445314 0.183594 0.453127 0.183594 0.455078 0.185548 0.455078 0.181641
0 0.105469 0.822264 0.105469 0.82617 0.103518 0.828124 0.103518 0.832031 0.107419 0.832031 0.107419 0.830077 0.109375 0.828124 0.109375 0.82617 0.111326 0.824217 0.107419 0.824217
0 0.105469 0.912113 0.105469 0.914067 0.103518 0.916011 0.103518 0.917965 0.101562 0.919918 0.101562 0.921871 0.103518 0.921871 0.105469 0.923825 0.105469 0.921871 0.107419 0.919918 0.107419 0.917965 0.109375 0.916011 0.109375 0.914067 0.107419 0.914067
0 0.365232 0.923825 0.363281 0.925778 0.361331 0.925778 0.359375 0.927732 0.355468 0.927732 0.355468 0.929685 0.357424 0.931639 0.357424 0.933592 0.361331 0.929685 0.363281 0.929685 0.365232 0.927732
0 0.330076 0.621094 0.328125 0.623048 0.328125 0.625001 0.333983 0.625001 0.335939 0.626955 0.335939 0.625001 0.33789 0.623048 0.335939 0.623048 0.333983 0.621094
0 0.156252 0.347657 0.156252 0.357424 0.158203 0.355471 0.158203 0.353517 0.160159 0.351564 0.160159 0.347657
0 0.089841 0.876951 0.089841 0.880858 0.087891 0.882812 0.087891 0.886719 0.091797 0.886719 0.093749 0.888672 0.093749 0.884765 0.095704 0.882812 0.095704 0.878905 0.091797 0.878905
0 0.595702 0.105465 0.595702 0.111326 0.609374 0.111326 0.61133 0.113279 0.61133 0.105465
0 0.341796 0.580081 0.339846 0.582035 0.341796 0.582035 0.343752 0.583988 0.345703 0.583988 0.347654 0.585941 0.347654 0.583988 0.34961 0.582035 0.347654 0.580081
0 0.478514 0.013671 0.478514 0.017578 0.486328 0.017578 0.488284 0.019532 0.488284 0.017578 0.486328 0.015625 0.48047 0.015625
0 0.060548 0.873044 0.060548 0.874998 0.058592 0.876951 0.058592 0.880858 0.062499 0.880858 0.064455 0.882812 0.064455 0.878905 0.066406 0.876951 0.066406 0.873044
0 0.066406 0.716795 0.066406 0.718749 0.064455 0.720702 0.064455 0.722656 0.062499 0.724609 0.062499 0.726562 0.066406 0.726562 0.068362 0.728516 0.068362 0.726562 0.070313 0.724609 0.070313 0.722656 0.072263 0.720702 0.072263 0.718749 0.068362 0.718749
0 0.837893 0.34961 0.837893 0.351564 0.835937 0.353517 0.835937 0.355471 0.84375 0.355471 0.845702 0.357424 0.845702 0.355471 0.847657 0.353517 0.847657 0.351564 0.839844 0.351564
0 0.332032 0.60742 0.332032 0.609374 0.330076 0.611327 0.33789 0.611327 0.339846 0.613281 0.339846 0.609374 0.333983 0.609374
0 0.849608 0.179688 0.847657 0.181641 0.847657 0.183594 0.851564 0.183594 0.853515 0.185548 0.855471 0.185548 0.857422 0.187501 0.857422 0.185548 0.859373 0.183594 0.857422 0.181641 0.855471 0.181641 0.853515 0.179688
0 0.527346 0.154293 0.527346 0.160153 0.537111 0.160153 0.539062 0.162107 0.539062 0.1582 0.535155 0.1582 0.533204 0.156246 0.529297 0.156246
0 0.068362 0.902346 0.068362 0.904299 0.066406 0.906253 0.066406 0.908206 0.064455 0.91016 0.064455 0.912113 0.068362 0.912113 0.070313 0.914067 0.070313 0.912113 0.072263 0.91016 0.072263 0.908206 0.074219 0.906253 0.072263 0.906253
0 0.505861 0.166013 0.505861 0.16992 0.517577 0.16992 0.515626 0.167967 0.507812 0.167967
0 0.091797 0.837891 0.091797 0.839844 0.089841 0.841798 0.089841 0.843752 0.087891 0.845705 0.087891 0.847658 0.089841 0.845705 0.091797 0.847658 0.093749 0.847658 0.095704 0.845705 0.095704 0.843752 0.097655 0.841798 0.097655 0.839844 0.093749 0.839844
0 0.332032 0.613281 0.332032 0.615234 0.330076 0.617188 0.330076 0.619141 0.335939 0.619141 0.33789 0.621094 0.33789 0.619141 0.339846 0.617188 0.339846 0.615234 0.333983 0.615234
0 0.400388 0.962894 0.400388 0.968754 0.406251 0.968754 0.408202 0.970699 0.408202 0.968754 0.410158 0.966801 0.408202 0.964847 0.402344 0.964847
0 0.394531 0.406251 0.394531 0.412112 0.404295 0.412112 0.404295 0.410158 0.406251 0.408205 0.398438 0.408205 0.396486 0.406251
0 0.064455 0.830077 0.064455 0.832031 0.062499 0.833984 0.062499 0.835938 0.060548 0.837891 0.060548 0.839844 0.062499 0.839844 0.064455 0.837891 0.066406 0.839844 0.068362 0.839844 0.068362 0.837891 0.070313 0.835938 0.070313 0.832031 0.066406 0.832031
0 0.914063 0.117186 0.912112 0.11914 0.912112 0.121093 0.91992 0.121093 0.91992 0.117186
0 0.25 0.253909 0.25 0.25977 0.26172 0.25977 0.26172 0.253909
0 0.595702 0.113279 0.595702 0.117186 0.609374 0.117186 0.61133 0.11914 0.61133 0.115233 0.609374 0.113279
0 0.113282 0.441404 0.113282 0.451172 0.117189 0.451172 0.117189 0.441404
0 0.869142 0.13086 0.869142 0.136721 0.878907 0.136721 0.878907 0.13086
0 0 0.695317 0 0.699215 0 0.701168 0 0.703121 0 0.703121 0.001952 0.705075 0.001952 0.701168 0.003907 0.699215 0.003907 0.695317
0 0.470705 0.20898 0.470705 0.214841 0.48047 0.214841 0.48047 0.20898
0 0.117189 0.916011 0.117189 0.917965 0.115233 0.919918 0.115233 0.921871 0.113282 0.923825 0.117189 0.927732 0.117189 0.925778 0.11914 0.923825 0.11914 0.921871 0.121096 0.919918 0.121096 0.917965 0.11914 0.917965
0 0.753905 0.361331 0.749998 0.365238 0.751954 0.365238 0.75586 0.369145 0.757812 0.369145 0.759768 0.371089 0.761718 0.369145 0.761718 0.367191 0.763674 0.365238 0.759768 0.365238 0.757812 0.363284 0.75586 0.363284
0 0.099611 0.898439 0.099611 0.900393 0.097655 0.902346 0.097655 0.904299 0.095704 0.906253 0.095704 0.908206 0.101562 0.908206 0.101562 0.906253 0.103518 0.904299 0.103518 0.902346 0.105469 0.900393 0.101562 0.900393
0 0.460936 0.216794 0.460936 0.218747 0.46875 0.218747 0.46875 0.216794
0 0.001952 0.972652 0.001952 0.974606 0 0.976559 0 0.978513 0 0.980466 0 0.982419 0.001952 0.982419 0.003907 0.984373 0.003907 0.982419 0.005858 0.980466 0.005858 0.978513 0.007814 0.976559 0.007814 0.974606 0.003907 0.974606
0 0.072263 0.865231 0.072263 0.869138 0.070313 0.871091 0.070313 0.873044 0.074219 0.873044 0.07617 0.874998 0.07617 0.871091 0.078126 0.869138 0.078126 0.865231
0 0.25 0.267575 0.25 0.277342 0.251956 0.275388 0.26172 0.275388 0.26172 0.267575