0 0.119139 0.230467 0.115234 0.234373 0.115234 0.236327 0.109374 0.242186 0.109374 0.244139 0.105469 0.248046 0.107424 0.248046 0.109374 0.249999 0.111329 0.249999 0.113279 0.251952 0.115234 0.251952 0.117189 0.253905 0.117189 0.251952 0.119139 0.249999 0.119139 0.248046 0.121094 0.246093 0.121094 0.244139 0.123049 0.242186 0.123049 0.240233 0.124999 0.23828 0.124999 0.236327 0.126954 0.234373 0.124999 0.234373 0.123049 0.23242 0.121094 0.23242
0 1 0.939454 1 0.941408 0.998049 0.941408 0.998049 0.958986 1 0.958986 1 0.951174 1 0.94922
0 0.410154 0.15625 0.408204 0.158203 0.408204 0.160156 0.406249 0.162109 0.406249 0.164062 0.404299 0.166016 0.404299 0.167969 0.402344 0.169922 0.404299 0.169922 0.406249 0.171875 0.408204 0.171875 0.410154 0.173828 0.412109 0.171875 0.412109 0.169922 0.417969 0.164062 0.417969 0.162109 0.419923 0.160156 0.416014 0.160156 0.414063 0.158203 0.412109 0.158203
0 0.183593 0.494141 0.181643 0.496094 0.181643 0.498047 0.179688 0.500001 0.179688 0.501954 0.175783 0.50586 0.175783 0.507813 0.173828 0.509767 0.179688 0.515626 0.181643 0.513673 0.181643 0.51172 0.187498 0.50586 0.187498 0.503907 0.191407 0.500001 0.189453 0.498047 0.187498 0.498047
0 0.294921 0.046874 0.279296 0.0625 0.285156 0.06836 0.287111 0.066406 0.289061 0.066406 0.292971 0.0625 0.294921 0.0625 0.296876 0.060547 0.298826 0.060547 0.302735 0.05664 0.304686 0.05664
0 0.457033 0.720704 0.457033 0.72461 0.458983 0.726564 0.458983 0.73047 0.476563 0.73047 0.476563 0.720704
0 0.347655 0.003908 0.345705 0.005861 0.345705 0.007815 0.339845 0.01367 0.339845 0.015623 0.335935 0.01953 0.34375 0.027342 0.35742 0.01367
0 0.386719 0.73633 0.386719 0.746096 0.406249 0.746096 0.408204 0.748049 0.408204 0.73633
0 0.105469 0.226561 0.105469 0.228514 0.103514 0.230467 0.103514 0.23242 0.101564 0.234373 0.101564 0.236327 0.099609 0.23828 0.101564 0.23828 0.105469 0.242186 0.105469 0.240233 0.107424 0.23828 0.107424 0.236327 0.109374 0.234373 0.109374 0.23242 0.111329 0.230467 0.109374 0.230467
0 0.679689 0.748049 0.677734 0.750002 0.654295 0.750002 0.654295 0.759764 0.679689 0.759764
0 0.093749 0.339842 0.083984 0.349608 0.085939 0.351561 0.087889 0.351561 0.091799 0.355468 0.093749 0.353515 0.093749 0.351561 0.097654 0.347655 0.097654 0.345702 0.099609 0.343748 0.097654 0.343748
0 0.005861 0.712891 0.003906 0.714844 0.003906 0.716798 0.001951 0.718751 0.001951 0.720704 0.000001 0.722657 0.001951 0.722657 0.003906 0.72461 0.005861 0.72461 0.009766 0.728517 0.01172 0.728517 0.013671 0.73047 0.015625 0.73047 0.01758 0.732423 0.01758 0.73047 0.019531 0.728517 0.019531 0.726564 0.021485 0.72461 0.021485 0.722657 0.019531 0.722657 0.015625 0.718751 0.013671 0.718751 0.009766 0.714844 0.007811 0.714844
0 0.078125 0.874999 0.078125 0.890624 0.085939 0.890624 0.085939 0.884765 0.083984 0.882811 0.083984 0.874999
0 0.265626 0.882811 0.263671 0.884765 0.261717 0.884765 0.259766 0.886718 0.255861 0.886718 0.257812 0.888671 0.257812 0.890624 0.261717 0.894531 0.261717 0.896484 0.263671 0.898437 0.263671 0.90039 0.267577 0.904297 0.267577 0.90625 0.269531 0.908203 0.279296 0.898437 0.271486 0.890624 0.271486 0.888671
0 0.074219 0.375 0.06836 0.380859 0.06836 0.382813 0.0625 0.388672 0.064455 0.388672 0.066405 0.390625 0.06836 0.390625 0.070314 0.392579 0.08203 0.380859 0.080079 0.378906 0.078125 0.378906
0 0.351565 0 0.34375 0 0.34961 0.001955 0.35547 0 0.35742 0 0.359375 0 0.35742 0 0.35547 0
0 0.089844 0.839845 0.089844 0.845705 0.087889 0.847658 0.087889 0.851564 0.095704 0.851564 0.097654 0.853518 0.097654 0.839845
0 0.216797 0.439451 0.214842 0.441404 0.214842 0.443358 0.208982 0.449217 0.208982 0.45117 0.207032 0.453124 0.208982 0.455077 0.210937 0.455077 0.214842 0.458983 0.216797 0.45703 0.216797 0.455077 0.218752 0.453124 0.218752 0.45117 0.222657 0.447264 0.222657 0.445311 0.224607 0.443358 0.222657 0.443358 0.220702 0.441404 0.218752 0.441404
0 0.041015 0.73047 0.033205 0.738283 0.035156 0.738283 0.03711 0.740236 0.039061 0.740236 0.041015 0.742189 0.04297 0.742189 0.04492 0.744143 0.046875 0.744143 0.04883 0.746096 0.04883 0.744143 0.05078 0.742189 0.05078 0.740236 0.052735 0.738283 0.05078 0.738283 0.046875 0.734377 0.04492 0.734377
0 0.158203 0.175781 0.154298 0.179688 0.154298 0.181641 0.150388 0.185548 0.156248 0.191407 0.160158 0.187501 0.160158 0.185548 0.166018 0.179688 0.164063 0.179688 0.162108 0.177735 0.160158 0.177735
12 1 0 1 0 0.845702 0 0.843751 0 0.843751 0 0.841797 0 0.841797 0 0.837892 0 0.837892 0 0.835937 0 0.835937 0 0.833986 0.000002 0.833986 0.023436 0.835937 0.025389 0.835937 0.072266 0.837892 0.074219 0.837892 0.121092 0.839842 0.123045 0.839842 0.167969 0.841797 0.169922 0.841797 0.216799 0.843751 0.218752 0.843751 0.265625 0.845702 0.267578 0.845702 0.314455 0.847656 0.316408 0.847656 0.341795 0.849611 0.343748 0.849611 0.345702 0.851562 0.347655 0.851562 0.351561 0.853516 0.353515 0.853516 0.355468 0.855471 0.357421 0.855471 0.359374 0.857421 0.357421 0.966799 0.357421 0.968749 0.355468 1 0.355468 1 0.351561 1 0.351561 1 0.347655 1 0.347655 1 0.289063 1 0.28711 1 0.171875 1 0.169922 1 0.054687 1 0.052734 1 0 1 0 1 0 1 0 1 0
0 0.070314 0.28125 0.06836 0.283203 0.06836 0.285157 0.066405 0.28711 0.066405 0.289063 0.0625 0.292969 0.0625 0.294923 0.060545 0.296876 0.0625 0.296876 0.064455 0.298829 0.066405 0.298829 0.06836 0.300782 0.070314 0.298829 0.070314 0.296876 0.072265 0.294923 0.072265 0.292969 0.07617 0.289063 0.07617 0.28711 0.078125 0.285157 0.07617 0.285157 0.074219 0.283203 0.072265 0.283203
0 0.998049 0.560546 0.998049 0.570312 1 0.570312 1 0.572265 1 0.560546
0 0.35547 0.066406 0.345705 0.076172 0.34961 0.080079 0.34961 0.082032 0.351565 0.083985 0.36328 0.072266 0.36133 0.070313 0.359375 0.070313
0 0.257812 0.740236 0.257812 0.748049 0.279296 0.748049 0.279296 0.740236
0 0.091799 0.28125 0.089844 0.283203 0.089844 0.285157 0.083984 0.291016 0.083984 0.292969 0.08203 0.294923 0.083984 0.296876 0.085939 0.296876 0.089844 0.300782 0.091799 0.298829 0.091799 0.296876 0.097654 0.291016 0.097654 0.289063 0.099609 0.28711 0.097654 0.285157 0.095704 0.285157
0 0.376954 0.203126 0.373045 0.207033 0.373045 0.208986 0.367189 0.214846 0.36914 0.216799 0.371094 0.216799 0.375 0.220705 0.378905 0.216799 0.378905 0.214846 0.384764 0.208986 0.382814 0.207033 0.380859 0.207033
1 0.103514 0.765623 0.101564 0.767577 0.093749 0.767577 0.093749 0.773436 0.095704 0.775389 0.095704 0.785156 0.097654 0.787109 0.097654 0.792968 0.107424 0.792968 0.107424 0.787109 0.105469 0.785156 0.105469 0.773436 0.103514 0.771483
1 0.347655 0.249999 0.345705 0.251952 0.345705 0.253905 0.34375 0.255859 0.34375 0.257812 0.339845 0.261718 0.339845 0.263671 0.335935 0.267578 0.335935 0.269531 0.333985 0.271484 0.333985 0.273438 0.33008 0.277344 0.33008 0.279297 0.32617 0.283203 0.32617 0.285157 0.32422 0.28711 0.32422 0.289063 0.322265 0.291016 0.32617 0.291016 0.328125 0.292969 0.33008 0.292969 0.33203 0.294923 0.335935 0.294923 0.33789 0.296876 0.339845 0.294923 0.339845 0.292969 0.341795 0.291016 0.341795 0.289063 0.345705 0.285157 0.345705 0.283203 0.347655 0.28125 0.347655 0.279297 0.351565 0.275391 0.351565 0.273438 0.353515 0.271484 0.353515 0.269531 0.35742 0.265625 0.35742 0.263671 0.359375 0.261718 0.359375 0.259765 0.36133 0.257812 0.359375 0.257812 0.35742 0.255859 0.35547 0.255859 0.351565 0.251952 0.34961 0.251952
0 0.085939 0.873045 0.085939 0.880858 0.099609 0.880858 0.099609 0.873045
0 0.996094 0.970701 0.996094 1 0.998049 0.999999 1 0.999999 1 0.986327 1 0.984374 1 0.970701
0 0.007811 0.367187 0 0.378906 0 0.380859 0.000001 0.380859 0.003906 0.384766 0.009766 0.378906 0.009766 0.376953 0.015625 0.371093 0.013671 0.371093 0.01172 0.36914 0.009766 0.36914
0 0.242187 0.888671 0.238282 0.892577 0.238282 0.894531 0.232422 0.90039 0.234376 0.902343 0.234376 0.904297 0.240237 0.910156 0.240237 0.912109 0.246092 0.917969 0.246092 0.919922 0.248047 0.921875 0.251952 0.917969 0.253906 0.917969 0.257812 0.914063 0.259766 0.914063 0.257812 0.912109 0.257812 0.910156 0.253906 0.90625 0.253906 0.904297 0.248047 0.898437 0.248047 0.896484 0.244142 0.892577 0.244142 0.890624
0 0.998049 0.623048 0.998049 0.638674 1 0.638674 1 0.640627 1 0.623048
0 0.173828 0.19336 0.169923 0.197267 0.169923 0.19922 0.164063 0.20508 0.169923 0.210939 0.175783 0.20508 0.175783 0.203126 0.181643 0.197267 0.179688 0.197267 0.177733 0.195314 0.175783 0.195314
0 0.328125 0.115232 0.320311 0.123045 0.31836 0.123045 0.3125 0.128905 0.314455 0.130858 0.316406 0.130858 0.322265 0.136717 0.328125 0.130858 0.328125 0.128905 0.335935 0.121092 0.333985 0.119139 0.33203 0.119139
0 0.304686 0.740236 0.304686 0.748049 0.32422 0.748049 0.32422 0.740236
0 0.970704 0.726564 0.968749 0.728517 0.92578 0.728517 0.92578 0.73047 0.927735 0.732423 0.927735 0.738283 0.92969 0.740236 0.92969 0.742189 0.93164 0.740236 0.95117 0.740236 0.953125 0.738283 0.974609 0.738283 0.974609 0.73633 0.972654 0.734377 0.972654 0.73047 0.970704 0.728517
0 0.281251 0.160156 0.265626 0.175781 0.275391 0.185548 0.292971 0.167969 0.291016 0.167969 0.287111 0.164062 0.285156 0.164062
1 0.156248 0.939454 0.156248 0.941408 0.154298 0.943361 0.154298 0.945314 0.152343 0.947267 0.152343 0.94922 0.150388 0.951174 0.150388 0.953127 0.148438 0.95508 0.148438 0.957033 0.146483 0.958986 0.146483 0.96094 0.144533 0.962893 0.146483 0.962893 0.150388 0.966795 0.152343 0.966795 0.154298 0.968748 0.156248 0.966795 0.156248 0.964842 0.158203 0.962893 0.158203 0.96094 0.160158 0.958986 0.160158 0.957033 0.162108 0.95508 0.162108 0.953127 0.164063 0.951174 0.164063 0.94922 0.166018 0.947267 0.166018 0.945314 0.167968 0.943361 0.164063 0.943361 0.162108 0.941408 0.158203 0.941408
0 0.111329 0.8125 0.111329 0.826173 0.117189 0.826173 0.119139 0.828126 0.119139 0.8125
14 0.960939 0 0.958984 0 0.939455 0 0.9375 0 0.91797 0 0.916015 0 0.91211 0 0.910156 0 0.908205 0 0.90625 0 0.902345 0 0.90039 0 0.898436 0 0.896485 0 0.89258 0 0.890625 0 0.888671 0 0.88672 0 0.882811 0 0.880861 0 0.878906 0 0.876951 0 0.873046 0 0.833986 0 0.833986 0 0.826172 0 0.826172 0 0.818362 0 0.818362 0 0.814452 0 0.814452 0 0.812502 0 0.812502 0 0.810547 0 0.810547 0 0.808592 0 0.808592 0 0.806642 0 0.806642 0 0.804687 0 0.804687 0 0.802732 0 0.802732 0.058594 0.804687 0.060547 0.804687 0.267578 0.806642 0.269531 0.806642 0.294923 0.808592 0.296876 0.808592 0.316408 0.810547 0.318361 0.810547 0.328123 0.812502 0.330076 0.812502 0.341795 0.814452 0.343748 0.814452 0.353515 0.816407 0.355468 0.816407 0.361327 0.818362 0.363281 0.818362 0.365234 0.820312 0.367187 0.820312 0.36914 0.822267 0.371093 0.822267 0.373047 0.824217 0.375 0.824217 0.376953 0.828126 0.380859 0.828126 0.382813 0.830077 0.384766 0.830077 0.386719 0.832031 0.388672 0.832031 0.390625 0.833986 0.392579 0.833986 0.394532 0.835937 0.396485 0.835937 0.398438 0.845702 0.408204 0.845702 0.410157 0.861326 0.425783 0.861326 0.427736 0.869141 0.435545 0.871096 0.435545 0.875001 0.439451 0.876951 0.439451 0.878906 0.441404 0.880861 0.441404 0.882811 0.443358 0.884766 0.443358 0.888671 0.447264 0.890625 0.447264 0.89258 0.449217 0.894531 0.449217 0.896485 0.45117 0.898436 0.45117 0.902345 0.455077 0.904295 0.455077 0.90625 0.45703 0.910156 0.45703 0.91211 0.458983 0.914061 0.458983 0.916015 0.460936 0.91992 0.460936 0.921875 0.46289 0.92383 0.46289 0.92578 0.464843 0.92969 0.464843 0.93164 0.466796 0.933595 0.466796 0.935545 0.468749 0.939455 0.468749 0.941405 0.470702 0.970704 0.470702 0.972654 0.472656 0.974609 0.470702 0.999999 0.470702 1 0.468749 1 0.468749 1 0.466796 1 0.466796 1 0.464843 1 0.464843 1 0.46289 1 0.46289 1 0.460936 1 0.460936 1 0.458983 1 0.458983 1 0.45703 1 0.45703 1 0.455077 1 0.455077 1 0.45117 1 0.45117 1 0.447264 1 0.447264 1 0.443358 1 0.443358 1 0.439451 1 0.439451 1 0.435545 1 0.435545 1 0.431643 1 0.431643 1 0.427736 1 0.425783 1 0.416017 1 0.414064 1 0.404298 1 0.402345 1 0.394532 1 0.392579 1 0.384766 1 0.382813 1 0.373047 1 0.371093 1 0.367187 1 0.343748 1 0.341795 1 0.292969 1 0.291016 1 0.244139 1 0.242186 1 0.195314 1 0.19336 1 0.14453 1 0.142577 1 0.095704 1 0.093751 1 0.046874 1 0.044921 1 0 1 0 1 0 1 0 1 0 1 0 1 0 1 0 1 0 1 0 1 0 1 0 1 0 1 0 1 0 1 0 1 0 1 0 1 0 1 0 1 0 1 0 1 0 1 0 1 0 1 0 1 0 1 0 1 0 1 0 1 0 1 0 1 0 1 0 1 0 1 0 1 0 1 0 1 0 1 0 1 0 1 0 1 0 1 0 0.992189 0 0.990234 0 0.978514 0 0.976564 0 0.962889 0
0 0.255861 0.154296 0.250001 0.160156 0.248047 0.160156 0.244142 0.164062 0.246092 0.166016 0.248047 0.166016 0.251952 0.169922 0.257812 0.164062 0.259766 0.164062 0.263671 0.160156 0.261717 0.158203 0.259766 0.158203