0 0.406249 0.164062 0.406249 0.166016 0.404296 0.16797 0.404296 0.171875 0.402344 0.173828 0.402344 0.175782 0.400391 0.177734 0.400391 0.179687 0.404296 0.179687 0.406249 0.181641 0.410157 0.181641 0.412109 0.183595 0.412109 0.181641 0.414062 0.179687 0.414062 0.177734 0.416014 0.175782 0.416014 0.169921 0.414062 0.16797 0.414062 0.166016 0.408204 0.166016
0 0.867188 0.388672 0.865235 0.390626 0.865235 0.392577 0.861328 0.396484 0.861328 0.398438 0.857423 0.402343 0.857423 0.404297 0.853515 0.408202 0.853515 0.410156 0.84961 0.414063 0.84961 0.416015 0.847657 0.417968 0.847657 0.421876 0.84961 0.423827 0.851562 0.423827 0.857423 0.429688 0.859375 0.429688 0.86328 0.425781 0.86328 0.423827 0.867188 0.419922 0.867188 0.417968 0.873046 0.412109 0.873046 0.410156 0.876953 0.406251 0.876953 0.404297 0.880858 0.40039 0.880858 0.396484 0.873046 0.388672
0 0.300782 0.029298 0.298829 0.031249 0.298829 0.033203 0.294921 0.03711 0.294921 0.039062 0.289064 0.044923 0.289064 0.046874 0.285156 0.050782 0.285156 0.052735 0.287108 0.052735 0.289064 0.054687 0.291016 0.054687 0.294921 0.058594 0.298829 0.054687 0.298829 0.052735 0.302734 0.048828 0.302734 0.046874 0.308594 0.041016 0.308594 0.039062 0.310547 0.03711 0.310547 0.033203 0.308594 0.033203 0.304687 0.029298
0 0.708986 0.804687 0.708986 0.806641 0.70703 0.808595 0.70703 0.810546 0.705078 0.8125 0.705078 0.816407 0.703125 0.818359 0.703125 0.820312 0.701173 0.822266 0.701173 0.82422 0.699217 0.826171 0.699217 0.830079 0.697265 0.832032 0.697265 0.833984 0.695312 0.835938 0.695312 0.839843 0.697265 0.839843 0.699217 0.841796 0.701173 0.841796 0.703125 0.84375 0.70703 0.84375 0.708986 0.841796 0.708986 0.839843 0.710938 0.837891 0.710938 0.835938 0.712891 0.833984 0.712891 0.832032 0.714843 0.830079 0.714843 0.826171 0.716796 0.82422 0.716796 0.822266 0.718751 0.820312 0.718751 0.818359 0.720704 0.816407 0.720704 0.814454 0.722656 0.8125 0.722656 0.808595 0.720704 0.806641 0.714843 0.806641 0.712891 0.804687
0 0.699217 0.783203 0.697265 0.785157 0.697265 0.787109 0.695312 0.789062 0.695312 0.791016 0.69336 0.79297 0.69336 0.794921 0.691407 0.796875 0.691407 0.798828 0.689452 0.800782 0.689452 0.802734 0.687499 0.804687 0.687499 0.806641 0.685547 0.808595 0.685547 0.810546 0.683594 0.8125 0.683594 0.814454 0.681642 0.816407 0.681642 0.818359 0.679687 0.820312 0.679687 0.822266 0.677734 0.82422 0.677734 0.826171 0.675782 0.828125 0.675782 0.832032 0.677734 0.833984 0.681642 0.833984 0.683594 0.835938 0.685547 0.835938 0.687499 0.837891 0.689452 0.837891 0.691407 0.835938 0.691407 0.833984 0.69336 0.832032 0.69336 0.830079 0.695312 0.828125 0.695312 0.826171 0.697265 0.82422 0.697265 0.822266 0.699217 0.820312 0.699217 0.818359 0.701173 0.816407 0.701173 0.8125 0.703125 0.810546 0.703125 0.808595 0.705078 0.806641 0.705078 0.804687 0.70703 0.802734 0.70703 0.800782 0.708986 0.798828 0.708986 0.796875 0.710938 0.794921 0.710938 0.789062 0.708986 0.789062 0.705078 0.785157 0.703125 0.785157 0.701173 0.783203
0 0.591798 0.761719 0.589845 0.763671 0.589845 0.765625 0.585937 0.769532 0.585937 0.771484 0.583985 0.773437 0.583985 0.775391 0.580077 0.779296 0.580077 0.78125 0.578124 0.783203 0.578124 0.787109 0.580077 0.787109 0.583985 0.791016 0.585937 0.791016 0.58789 0.79297 0.589845 0.79297 0.591798 0.791016 0.591798 0.789062 0.59375 0.787109 0.59375 0.785157 0.595703 0.783203 0.595703 0.78125 0.597655 0.779296 0.597655 0.777345 0.599611 0.775391 0.599611 0.773437 0.601563 0.771484 0.601563 0.765625 0.599611 0.765625 0.597655 0.763671 0.595703 0.763671 0.59375 0.761719
0 0.984376 0.865234 0.980468 0.869141 0.980468 0.871093 0.972655 0.878905 0.972655 0.880859 0.964845 0.888672 0.964845 0.890625 0.960937 0.89453 0.964845 0.898438 0.964845 0.900391 0.96875 0.904297 0.970703 0.904297 0.974611 0.908204 0.976563 0.90625 0.976563 0.904297 0.982421 0.898438 0.982421 0.896484 0.988281 0.890625 0.988281 0.888672 0.990234 0.886718 0.990234 0.884766 0.992186 0.882813 0.992186 0.880859 0.994141 0.878905 0.994141 0.876954 0.996094 0.875 0.996094 0.873046 0.994141 0.871093 0.994141 0.869141 0.990234 0.865234
0 0.757813 0.417968 0.75586 0.419922 0.753905 0.419922 0.751952 0.421876 0.751952 0.423827 0.748047 0.427734 0.748047 0.429688 0.746095 0.43164 0.746095 0.433594 0.742187 0.437501 0.742187 0.439452 0.740235 0.441406 0.740235 0.44336 0.738282 0.445313 0.746095 0.453126 0.75 0.453126 0.753905 0.449218 0.753905 0.447265 0.763673 0.437501 0.763673 0.435547 0.769531 0.429688 0.769531 0.425781 0.767578 0.425781 0.763673 0.421876 0.761718 0.421876
0 0.931641 0.773437 0.929688 0.775391 0.929688 0.777345 0.923828 0.783203 0.923828 0.785157 0.917968 0.791016 0.917968 0.79297 0.916015 0.794921 0.916015 0.796875 0.917968 0.798828 0.921876 0.798828 0.923828 0.800782 0.925781 0.800782 0.929688 0.804687 0.933594 0.800782 0.933594 0.798828 0.935546 0.796875 0.935546 0.794921 0.939454 0.791016 0.939454 0.789062 0.941406 0.787109 0.941406 0.785157 0.943359 0.783203 0.943359 0.779296 0.941406 0.777345 0.939454 0.777345 0.935546 0.773437
0 0.871093 0.605469 0.869141 0.607423 0.869141 0.609374 0.865235 0.613282 0.865235 0.615235 0.859375 0.621094 0.859375 0.623048 0.85547 0.626953 0.85547 0.628907 0.851562 0.632812 0.851562 0.634766 0.85547 0.638673 0.85547 0.640624 0.859375 0.644532 0.861328 0.644532 0.86328 0.642578 0.865235 0.642578 0.867188 0.640624 0.867188 0.638673 0.873046 0.632812 0.873046 0.63086 0.878906 0.624999 0.878906 0.623048 0.882814 0.61914 0.882814 0.613282 0.880858 0.611328 0.878906 0.611328 0.873046 0.605469
0 0.943359 0.664062 0.937501 0.669923 0.937501 0.671874 0.927733 0.681641 0.927733 0.683594 0.921876 0.689453 0.921876 0.691407 0.925781 0.695312 0.927733 0.695312 0.931641 0.699219 0.933594 0.699219 0.935546 0.697266 0.937501 0.697266 0.947267 0.6875 0.947267 0.685546 0.957032 0.675782 0.957032 0.671874 0.955077 0.669923 0.953124 0.669923 0.947267 0.664062
0 0.820313 0.464844 0.816405 0.468751 0.816405 0.470702 0.814453 0.472656 0.814453 0.47461 0.810548 0.478515 0.810548 0.480469 0.808593 0.482422 0.808593 0.484376 0.804688 0.488281 0.804688 0.490235 0.802735 0.492188 0.802735 0.49414 0.798827 0.498047 0.798827 0.500001 0.800782 0.501953 0.802735 0.501953 0.80664 0.50586 0.8125 0.50586 0.814453 0.503906 0.814453 0.501953 0.820313 0.496094 0.820313 0.49414 0.824218 0.490235 0.824218 0.488281 0.830079 0.482422 0.830079 0.480469 0.832031 0.478515 0.832031 0.472656 0.830079 0.470702 0.828126 0.470702 0.822266 0.464844
0 0.242186 0 0.240234 0 0.240234 0 0.238281 0 0.238281 0 0.236329 0 0.236329 0.003907 0.234376 0.00586 0.234376 0.007812 0.232421 0.009765 0.232421 0.013673 0.234376 0.015624 0.234376 0.017578 0.242186 0.017578 0.244141 0.019532 0.248047 0.019532 0.248047 0.017578 0.249999 0.015624 0.249999 0.011719 0.251954 0.009765 0.251954 0.007812 0.253907 0.00586 0.253907 0.001953 0.255859 0 0.255859 0 0.253907 0 0.251954 0 0.249999 0 0.248047 0 0.246094 0
0 0.75 0.810546 0.748047 0.8125 0.746095 0.8125 0.746095 0.814454 0.74414 0.816407 0.74414 0.818359 0.742187 0.820312 0.742187 0.822266 0.740235 0.82422 0.740235 0.828125 0.738282 0.830079 0.738282 0.832032 0.736329 0.833984 0.736329 0.835938 0.734374 0.837891 0.734374 0.841796 0.732422 0.84375 0.732422 0.845704 0.730469 0.847655 0.730469 0.849609 0.728517 0.851562 0.728517 0.853516 0.730469 0.855468 0.732422 0.855468 0.734374 0.857421 0.736329 0.857421 0.738282 0.859375 0.740235 0.859375 0.742187 0.861329 0.74414 0.859375 0.746095 0.859375 0.746095 0.857421 0.748047 0.855468 0.748047 0.853516 0.75 0.851562 0.75 0.847655 0.751952 0.845704 0.751952 0.84375 0.753905 0.841796 0.753905 0.837891 0.75586 0.835938 0.75586 0.833984 0.757813 0.832032 0.757813 0.828125 0.759765 0.826171 0.759765 0.82422 0.761718 0.822266 0.761718 0.814454 0.757813 0.814454 0.75586 0.8125 0.753905 0.8125 0.751952 0.810546
0 0.53125 0.416015 0.529297 0.417968 0.527345 0.417968 0.527345 0.419922 0.525389 0.421876 0.525389 0.425781 0.523437 0.427734 0.523437 0.43164 0.521484 0.433594 0.521484 0.439452 0.519532 0.441406 0.519532 0.445313 0.517579 0.447265 0.517579 0.451172 0.515624 0.453126 0.515624 0.457031 0.513671 0.458985 0.513671 0.460938 0.515624 0.46289 0.517579 0.46289 0.521484 0.466797 0.53125 0.466797 0.533202 0.464844 0.533202 0.46289 0.535158 0.460938 0.535158 0.455077 0.53711 0.453126 0.53711 0.449218 0.539063 0.447265 0.539063 0.441406 0.541015 0.439452 0.541015 0.435547 0.542968 0.433594 0.542968 0.429688 0.544923 0.427734 0.544923 0.421876 0.546876 0.419922 0.546876 0.417968 0.542968 0.417968 0.541015 0.416015
0 0.783204 0 0.781249 0 0.779296 0 0.771483 0 0.771483 0 0.773439 0 0.775391 0 0.781249 0 0.783204 0 0.791014 0 0.79297 0 0.798827 0 0.800782 0 0.804688 0.001953 0.80664 0.001953 0.808593 0.003907 0.814453 0 0.814453 0 0.818358 0 0.818358 0 0.816405 0 0.814453 0 0.808593 0 0.80664 0 0.800782 0 0.798827 0 0.79297 0 0.791014 0 0.787109 0 0.785157 0
0 0.146484 0.654298 0.142579 0.658203 0.142579 0.660157 0.140624 0.66211 0.140624 0.664062 0.142579 0.666016 0.142579 0.667969 0.158202 0.667969 0.160158 0.669923 0.175781 0.669923 0.177733 0.671874 0.177733 0.669923 0.179688 0.667969 0.179688 0.664062 0.177733 0.66211 0.177733 0.660157 0.169923 0.660157 0.167968 0.658203 0.158202 0.658203 0.15625 0.656249 0.148437 0.656249
0 0.921876 0.417968 0.919923 0.419922 0.917968 0.419922 0.916015 0.421876 0.916015 0.423827 0.910158 0.429688 0.910158 0.43164 0.90625 0.435547 0.90625 0.437501 0.902345 0.441406 0.902345 0.44336 0.900389 0.445313 0.900389 0.447265 0.898437 0.449218 0.898437 0.451172 0.896484 0.453126 0.896484 0.455077 0.898437 0.455077 0.904297 0.460938 0.90625 0.458985 0.908202 0.458985 0.910158 0.457031 0.91211 0.457031 0.914063 0.455077 0.916015 0.455077 0.917968 0.453126 0.919923 0.453126 0.921876 0.451172 0.923828 0.451172 0.923828 0.449218 0.925781 0.447265 0.925781 0.44336 0.927733 0.441406 0.927733 0.437501 0.929688 0.435547 0.929688 0.425781
0 0.013671 0.814454 0.011718 0.816407 0.003905 0.816407 0 0.820312 0 0.830079 0.001953 0.832032 0.001953 0.837891 0.003905 0.839843 0.003905 0.84375 0.00586 0.845704 0.00586 0.851562 0.007813 0.853516 0.007813 0.855468 0.015626 0.855468 0.017578 0.857421 0.023439 0.851562 0.023439 0.84375 0.021483 0.841796 0.021483 0.837891 0.019531 0.835938 0.019531 0.830079 0.017578 0.828125 0.017578 0.820312 0.015626 0.818359 0.015626 0.816407
0 0.964845 0.673828 0.953124 0.685546 0.953124 0.6875 0.943359 0.697266 0.943359 0.701171 0.945311 0.703125 0.947267 0.703125 0.951172 0.707032 0.953124 0.707032 0.96289 0.697266 0.96289 0.695312 0.974611 0.683594
0 0.878906 0.787109 0.876953 0.789062 0.876953 0.791016 0.871093 0.796875 0.871093 0.798828 0.865235 0.804687 0.865235 0.806641 0.861328 0.810546 0.861328 0.816407 0.86328 0.818359 0.865235 0.818359 0.869141 0.822266 0.873046 0.822266 0.876953 0.818359 0.876953 0.816407 0.886719 0.806641 0.886719 0.804687 0.892579 0.798828 0.892579 0.796875 0.890624 0.794921 0.890624 0.79297 0.884766 0.787109
0 1 0.837891 1 0.841796 1 0.841796 0.996094 0.849609 0.996094 0.851562 0.992186 0.855468 0.992186 0.857421 0.990234 0.859375 0.990234 0.861329 0.998047 0.869141 1 0.865234 1 0.865234 1 0.859375 1 0.857421 1 0.855468 1 0.853516 1 0.851562 1 0.847655 1 0.845704 1 0.84375
0 0.90625 0.746094 0.902345 0.75 0.902345 0.751953 0.896484 0.757812 0.896484 0.759766 0.890624 0.765625 0.890624 0.767578 0.886719 0.771484 0.886719 0.775391 0.890624 0.779296 0.890624 0.78125 0.894532 0.785157 0.896484 0.785157 0.910158 0.771484 0.910158 0.769532 0.921876 0.757812 0.921876 0.753907 0.917968 0.75 0.916015 0.75 0.91211 0.746094
0 0.994141 0.828125 0.992186 0.830079 0.988281 0.830079 0.986329 0.832032 0.986329 0.833984 0.982421 0.837891 0.982421 0.839843 0.976563 0.845704 0.976563 0.847655 0.974611 0.849609 0.974611 0.857421 0.976563 0.857421 0.978516 0.859375 0.982421 0.859375 0.984376 0.861329 0.986329 0.859375 0.988281 0.859375 0.990234 0.857421 0.990234 0.855468 0.992186 0.853516 0.992186 0.851562 0.994141 0.849609 0.994141 0.847655 0.996094 0.845704 0.996094 0.84375 0.998047 0.841796 0.998047 0.839843 0.999999 0.837891 0.999999 0.835938 1 0.833984 0.999999 0.832032 0.999999 0.830079 0.996094 0.830079
0 0.978516 0.808595 0.970703 0.816407 0.970703 0.818359 0.96875 0.820312 0.96875 0.822266 0.966798 0.82422 0.966798 0.826171 0.964845 0.828125 0.964845 0.830079 0.96289 0.832032 0.96289 0.833984 0.960937 0.835938 0.960937 0.837891 0.96289 0.839843 0.96289 0.841796 0.964845 0.84375 0.964845 0.845704 0.966798 0.84375 0.96875 0.84375 0.970703 0.841796 0.972655 0.841796 0.976563 0.837891 0.978516 0.837891 0.988281 0.828125 0.988281 0.826171 0.996094 0.818359 0.994141 0.818359 0.992186 0.816407 0.990234 0.816407 0.988281 0.814454 0.986329 0.814454 0.982421 0.810546 0.980468 0.810546
0 0.941406 0.826171 0.939454 0.828125 0.939454 0.830079 0.935546 0.833984 0.935546 0.835938 0.929688 0.841796 0.929688 0.84375 0.925781 0.847655 0.925781 0.849609 0.923828 0.851562 0.923828 0.855468 0.925781 0.855468 0.929688 0.859375 0.931641 0.859375 0.935546 0.86328 0.943359 0.855468 0.943359 0.853516 0.949219 0.847655 0.949219 0.845704 0.953124 0.841796 0.953124 0.839843 0.955077 0.837891 0.955077 0.835938 0.945311 0.826171
0 0.556641 0.43164 0.552733 0.435547 0.552733 0.437501 0.550781 0.439452 0.550781 0.445313 0.548828 0.447265 0.548828 0.453126 0.546876 0.455077 0.546876 0.458985 0.544923 0.460938 0.544923 0.466797 0.542968 0.468751 0.542968 0.47461 0.544923 0.476563 0.556641 0.476563 0.558594 0.478515 0.562501 0.47461 0.562501 0.470702 0.564454 0.468751 0.564454 0.460938 0.566406 0.458985 0.566406 0.453126 0.568359 0.451172 0.568359 0.44336 0.570311 0.441406 0.570311 0.435547 0.566406 0.43164
0 0.787109 0.445313 0.785157 0.447265 0.785157 0.449218 0.779296 0.455077 0.779296 0.457031 0.773439 0.46289 0.773439 0.464844 0.769531 0.468751 0.769531 0.472656 0.777344 0.480469 0.783204 0.480469 0.783204 0.478515 0.789062 0.472656 0.789062 0.470702 0.791014 0.468751 0.791014 0.466797 0.794922 0.46289 0.794922 0.460938 0.798827 0.457031 0.798827 0.453126 0.794922 0.449218 0.794922 0.447265 0.79297 0.445313
0 0.769531 0.433594 0.767578 0.435547 0.767578 0.437501 0.761718 0.44336 0.761718 0.445313 0.75586 0.451172 0.75586 0.453126 0.753905 0.455077 0.753905 0.460938 0.75586 0.460938 0.759765 0.464844 0.761718 0.464844 0.763673 0.466797 0.765626 0.466797 0.771483 0.460938 0.771483 0.458985 0.779296 0.451172 0.779296 0.449218 0.783204 0.445313 0.783204 0.441406 0.779296 0.437501 0.777344 0.437501 0.773439 0.433594
0 0.539063 0.21875 0.53711 0.220704 0.533202 0.220704 0.533202 0.222657 0.53125 0.224609 0.53125 0.228516 0.529297 0.230468 0.529297 0.234375 0.527345 0.236329 0.527345 0.240234 0.525389 0.242188 0.525389 0.244141 0.529297 0.244141 0.53125 0.246093 0.533202 0.246093 0.535158 0.248046 0.539063 0.248046 0.541015 0.25 0.541015 0.248046 0.542968 0.246093 0.542968 0.242188 0.544923 0.240234 0.544923 0.236329 0.546876 0.234375 0.546876 0.224609 0.544923 0.222657 0.542968 0.222657
0 0.53125 0.318359 0.529297 0.320313 0.529297 0.322267 0.525389 0.326172 0.525389 0.328125 0.523437 0.330079 0.525389 0.332031 0.525389 0.333984 0.527345 0.335938 0.53125 0.335938 0.533202 0.337892 0.535158 0.337892 0.53711 0.339843 0.541015 0.339843 0.542968 0.341797 0.544923 0.341797 0.546876 0.34375 0.550781 0.34375 0.552733 0.345704 0.556641 0.345704 0.558594 0.34375 0.558594 0.341797 0.560546 0.339843 0.560546 0.337892 0.562501 0.335938 0.562501 0.333984 0.560546 0.332031 0.560546 0.330079 0.558594 0.330079 0.556641 0.328125 0.554688 0.328125 0.552733 0.326172 0.550781 0.326172 0.548828 0.324218 0.544923 0.324218 0.542968 0.322267 0.541015 0.322267 0.539063 0.320313 0.53711 0.320313 0.535158 0.318359
0 0.992186 0.697266 0.988281 0.701171 0.988281 0.703125 0.982421 0.708983 0.982421 0.710937 0.976563 0.716796 0.976563 0.71875 0.972655 0.722657 0.972655 0.726562 0.974611 0.728516 0.976563 0.728516 0.980468 0.732421 0.984376 0.732421 0.986329 0.730469 0.986329 0.728516 0.992186 0.722657 0.992186 0.720703 0.998047 0.714844 0.998047 0.712891 1 0.708983 1 0.703125 0.999999 0.703125 0.996094 0.699219 0.994141 0.699219
0 0.740235 0.408202 0.736329 0.412109 0.736329 0.414063 0.730469 0.419922 0.730469 0.421876 0.724609 0.427734 0.724609 0.429688 0.722656 0.43164 0.722656 0.435547 0.724609 0.437501 0.726561 0.437501 0.732422 0.44336 0.734374 0.44336 0.736329 0.441406 0.736329 0.439452 0.742187 0.433594 0.742187 0.43164 0.748047 0.425781 0.748047 0.423827 0.751952 0.419922 0.746095 0.414063 0.746095 0.412109 0.742187 0.408202
0 0.720704 0.398438 0.718751 0.40039 0.718751 0.402343 0.716796 0.404297 0.716796 0.406251 0.712891 0.410156 0.712891 0.412109 0.708986 0.416015 0.708986 0.417968 0.70703 0.419922 0.70703 0.421876 0.703125 0.425781 0.703125 0.427734 0.701173 0.429688 0.701173 0.433594 0.703125 0.433594 0.70703 0.437501 0.708986 0.437501 0.710938 0.439452 0.714843 0.439452 0.716796 0.437501 0.716796 0.435547 0.720704 0.43164 0.720704 0.429688 0.724609 0.425781 0.724609 0.423827 0.728517 0.419922 0.728517 0.417968 0.732422 0.414063 0.732422 0.412109 0.736329 0.408202 0.734374 0.406251 0.734374 0.404297 0.732422 0.402343 0.730469 0.402343 0.726561 0.398438
0 0.947267 0.779296 0.945311 0.78125 0.945311 0.783203 0.943359 0.785157 0.943359 0.787109 0.941406 0.789062 0.941406 0.791016 0.937501 0.794921 0.937501 0.796875 0.935546 0.798828 0.935546 0.800782 0.933594 0.802734 0.933594 0.808595 0.935546 0.808595 0.937501 0.810546 0.939454 0.810546 0.941406 0.8125 0.943359 0.8125 0.945311 0.814454 0.949219 0.810546 0.949219 0.808595 0.953124 0.804687 0.953124 0.802734 0.957032 0.798828 0.957032 0.796875 0.960937 0.79297 0.960937 0.791016 0.96289 0.789062 0.96289 0.785157 0.960937 0.783203 0.958985 0.783203 0.957032 0.78125 0.955077 0.78125 0.953124 0.779296
0 0.337891 0.044923 0.335938 0.046874 0.335938 0.048828 0.333986 0.050782 0.333986 0.054687 0.33203 0.056641 0.33203 0.058594 0.330078 0.060548 0.330078 0.064453 0.328125 0.066407 0.328125 0.074219 0.33203 0.074219 0.333986 0.076171 0.335938 0.076171 0.337891 0.078124 0.341796 0.078124 0.343751 0.076171 0.343751 0.074219 0.345704 0.072266 0.345704 0.070312 0.347656 0.06836 0.347656 0.064453 0.349609 0.062499 0.349609 0.060548 0.351561 0.058594 0.351561 0.056641 0.353517 0.054687 0.353517 0.050782 0.351561 0.048828 0.347656 0.048828 0.345704 0.046874 0.343751 0.046874 0.341796 0.044923
0 0.679687 0.78125 0.677734 0.783203 0.675782 0.783203 0.675782 0.785157 0.673829 0.787109 0.673829 0.789062 0.671874 0.791016 0.671874 0.79297 0.669921 0.794921 0.669921 0.798828 0.667969 0.800782 0.667969 0.802734 0.666016 0.804687 0.666016 0.808595 0.664064 0.810546 0.664064 0.8125 0.662108 0.814454 0.662108 0.816407 0.660156 0.818359 0.660156 0.822266 0.662108 0.82422 0.664064 0.82422 0.666016 0.826171 0.667969 0.826171 0.669921 0.828125 0.673829 0.828125 0.673829 0.826171 0.675782 0.82422 0.675782 0.822266 0.677734 0.820312 0.677734 0.818359 0.679687 0.816407 0.679687 0.8125 0.681642 0.810546 0.681642 0.808595 0.683594 0.806641 0.683594 0.802734 0.685547 0.800782 0.685547 0.798828 0.687499 0.796875 0.687499 0.794921 0.689452 0.79297 0.689452 0.785157 0.681642 0.785157 0.679687 0.783203
0 1 0.708983 1 0.712891 1 0.714844 0.998047 0.720703 0.998047 0.722657 0.992186 0.728516 0.992186 0.730469 0.986329 0.736328 0.990234 0.740233 0.992186 0.740233 0.996094 0.744141 0.998047 0.744141 1 0.740233 1 0.738282 1 0.732421 1 0.730469 1 0.724609 1 0.722657 1 0.720703 1 0.71875 1 0.716796 1 0.714844 1 0.714844
0 0.878906 0.720703 0.875001 0.724609 0.875001 0.726562 0.869141 0.732421 0.869141 0.734375 0.86328 0.740233 0.86328 0.742187 0.857423 0.748046 0.857423 0.75 0.853515 0.753907 0.853515 0.757812 0.85547 0.759766 0.857423 0.759766 0.86328 0.765625 0.865235 0.763671 0.867188 0.763671 0.871093 0.759766 0.871093 0.757812 0.878906 0.75 0.878906 0.748046 0.886719 0.740233 0.886719 0.738282 0.890624 0.734375 0.890624 0.728516 0.882814 0.720703
0 0.927733 0.8125 0.923828 0.816407 0.923828 0.818359 0.919923 0.822266 0.919923 0.82422 0.914063 0.830079 0.914063 0.832032 0.910158 0.835938 0.910158 0.837891 0.908202 0.839843 0.908202 0.845704 0.910158 0.845704 0.91211 0.847655 0.914063 0.847655 0.916015 0.849609 0.917968 0.849609 0.919923 0.847655 0.921876 0.847655 0.923828 0.845704 0.923828 0.84375 0.927733 0.839843 0.927733 0.837891 0.931641 0.833984 0.931641 0.832032 0.935546 0.828125 0.935546 0.826171 0.939454 0.822266 0.937501 0.820312 0.937501 0.818359 0.935546 0.816407 0.933594 0.816407 0.929688 0.8125
0 0.509766 0.203125 0.507814 0.205079 0.507814 0.207032 0.503906 0.210937 0.503906 0.212891 0.500001 0.216796 0.500001 0.21875 0.496093 0.222657 0.496093 0.224609 0.494141 0.226562 0.496093 0.226562 0.500001 0.230468 0.501953 0.230468 0.505858 0.234375 0.507814 0.234375 0.509766 0.236329 0.511719 0.234375 0.511719 0.232421 0.515624 0.228516 0.515624 0.226562 0.517579 0.224609 0.517579 0.222657 0.521484 0.21875 0.521484 0.216796 0.523437 0.214845 0.523437 0.208984 0.517579 0.203125
0 0.511719 0.347656 0.509766 0.349609 0.509766 0.351563 0.507814 0.353517 0.507814 0.355468 0.505858 0.357422 0.505858 0.359375 0.503906 0.361329 0.505858 0.363281 0.505858 0.365234 0.507814 0.367188 0.511719 0.367188 0.513671 0.369142 0.515624 0.369142 0.517579 0.371093 0.521484 0.371093 0.523437 0.373047 0.527345 0.373047 0.529297 0.375 0.53125 0.375 0.533202 0.376954 0.53711 0.376954 0.539063 0.378906 0.544923 0.378906 0.544923 0.376954 0.546876 0.375 0.546876 0.373047 0.548828 0.371093 0.548828 0.365234 0.546876 0.363281 0.544923 0.363281 0.542968 0.361329 0.541015 0.361329 0.539063 0.359375 0.53711 0.359375 0.535158 0.357422 0.533202 0.357422 0.53125 0.355468 0.529297 0.355468 0.527345 0.353517 0.525389 0.353517 0.523437 0.351563 0.521484 0.351563 0.519532 0.349609 0.517579 0.349609 0.515624 0.347656
0 0.960937 0.845704 0.958985 0.847655 0.951172 0.847655 0.945311 0.853516 0.945311 0.855468 0.935546 0.865234 0.935546 0.867188 0.929688 0.873046 0.931641 0.873046 0.935546 0.876954 0.937501 0.876954 0.941406 0.880859 0.947267 0.880859 0.949219 0.882813 0.951172 0.880859 0.951172 0.878905 0.953124 0.876954 0.953124 0.875 0.957032 0.871093 0.957032 0.869141 0.960937 0.865234 0.960937 0.86328 0.96289 0.861329 0.96289 0.859375 0.964845 0.857421 0.964845 0.847655 0.96289 0.847655
0 0.837892 0.369142 0.835936 0.371093 0.833984 0.371093 0.832031 0.373047 0.832031 0.375 0.826171 0.380859 0.826171 0.382813 0.820313 0.388672 0.820313 0.390626 0.818358 0.392577 0.818358 0.398438 0.820313 0.398438 0.824218 0.402343 0.826171 0.402343 0.828126 0.404297 0.832031 0.404297 0.833984 0.402343 0.833984 0.40039 0.839844 0.394531 0.839844 0.392577 0.845702 0.386718 0.845702 0.384765 0.84961 0.380859 0.84961 0.375 0.847657 0.373047 0.845702 0.373047 0.841797 0.369142
0 0.976563 0.689453 0.972655 0.693358 0.972655 0.695312 0.96289 0.705078 0.96289 0.707032 0.955077 0.714844 0.958985 0.71875 0.960937 0.71875 0.964845 0.722657 0.970703 0.722657 0.972655 0.720703 0.972655 0.71875 0.978516 0.712891 0.978516 0.710937 0.984376 0.705078 0.984376 0.703125 0.990234 0.697266 0.988281 0.695312 0.988281 0.693358 0.986329 0.693358 0.984376 0.691407 0.982421 0.691407 0.980468 0.689453
0 0.794922 0.333984 0.79297 0.335938 0.79297 0.337892 0.789062 0.341797 0.789062 0.34375 0.785157 0.347656 0.785157 0.349609 0.781249 0.353517 0.781249 0.355468 0.779296 0.357422 0.777344 0.357422 0.777344 0.361329 0.779296 0.361329 0.781249 0.363281 0.783204 0.363281 0.787109 0.367188 0.789062 0.365234 0.791014 0.365234 0.794922 0.361329 0.794922 0.359375 0.802735 0.351563 0.802735 0.349609 0.80664 0.345704 0.80664 0.339843 0.804688 0.337892 0.802735 0.337892 0.798827 0.333984
0 0.96875 0.857421 0.966798 0.859375 0.966798 0.861329 0.960937 0.867188 0.960937 0.869141 0.957032 0.873046 0.957032 0.875 0.953124 0.878905 0.953124 0.880859 0.949219 0.884766 0.951172 0.886718 0.953124 0.886718 0.957032 0.890625 0.958985 0.888672 0.960937 0.888672 0.978516 0.871093 0.978516 0.869141 0.980468 0.867188 0.980468 0.865234 0.972655 0.857421
0 0.880858 0.402343 0.878906 0.404297 0.878906 0.406251 0.875001 0.410156 0.875001 0.412109 0.869141 0.417968 0.869141 0.419922 0.865235 0.423827 0.865235 0.425781 0.86328 0.427734 0.86328 0.43164 0.871093 0.439452 0.873046 0.439452 0.878906 0.433594 0.878906 0.43164 0.884766 0.425781 0.884766 0.423827 0.890624 0.417968 0.890624 0.416015 0.894532 0.412109 0.884766 0.402343
0 0.804688 0.453126 0.800782 0.457031 0.800782 0.458985 0.794922 0.464844 0.794922 0.466797 0.791014 0.470702 0.791014 0.472656 0.785157 0.478515 0.785157 0.480469 0.781249 0.484376 0.781249 0.488281 0.783204 0.490235 0.785157 0.490235 0.791014 0.496094 0.794922 0.496094 0.796875 0.49414 0.796875 0.492188 0.802735 0.486327 0.802735 0.484376 0.808593 0.478515 0.808593 0.476563 0.814453 0.470702 0.814453 0.468751 0.816405 0.466797 0.816405 0.46289 0.8125 0.458985 0.810548 0.458985
0 0.36914 0.140625 0.367187 0.142578 0.363282 0.142578 0.363282 0.146484 0.361329 0.148437 0.361329 0.154296 0.359374 0.15625 0.359374 0.160157 0.361329 0.160157 0.363282 0.162109 0.367187 0.162109 0.36914 0.164062 0.371095 0.164062 0.373047 0.166016 0.373047 0.164062 0.375 0.162109 0.375 0.160157 0.376952 0.158203 0.376952 0.154296 0.378905 0.152345 0.378905 0.150391 0.38086 0.148437 0.38086 0.146484 0.378905 0.144532 0.375 0.144532 0.373047 0.142578 0.371095 0.142578
0 0.580077 0.734375 0.578124 0.736328 0.576172 0.736328 0.574219 0.738282 0.574219 0.740233 0.572267 0.742187 0.572267 0.744141 0.570311 0.746094 0.570311 0.748046 0.568359 0.75 0.568359 0.751953 0.566406 0.753907 0.566406 0.755859 0.564454 0.757812 0.564454 0.759766 0.562501 0.761719 0.562501 0.763671 0.560546 0.765625 0.560546 0.767578 0.558594 0.769532 0.558594 0.771484 0.556641 0.773437 0.556641 0.775391 0.554688 0.777345 0.554688 0.779296 0.552733 0.78125 0.552733 0.785157 0.554688 0.787109 0.558594 0.787109 0.560546 0.789062 0.564454 0.789062 0.566406 0.791016 0.568359 0.791016 0.570311 0.789062 0.570311 0.787109 0.572267 0.785157 0.572267 0.783203 0.574219 0.78125 0.574219 0.777345 0.576172 0.775391 0.576172 0.773437 0.578124 0.771484 0.578124 0.767578 0.580077 0.765625 0.580077 0.761719 0.582032 0.759766 0.582032 0.757812 0.583985 0.755859 0.583985 0.751953 0.585937 0.75 0.585937 0.748046 0.58789 0.746094 0.58789 0.740233 0.585937 0.738282 0.583985 0.738282
0 0.609376 0.759766 0.607421 0.761719 0.607421 0.763671 0.605468 0.765625 0.605468 0.767578 0.603516 0.769532 0.603516 0.771484 0.601563 0.773437 0.601563 0.775391 0.599611 0.777345 0.599611 0.779296 0.597655 0.78125 0.597655 0.783203 0.595703 0.785157 0.595703 0.787109 0.59375 0.789062 0.59375 0.791016 0.591798 0.79297 0.591798 0.796875 0.59375 0.798828 0.59375 0.800782 0.595703 0.800782 0.597655 0.802734 0.599611 0.802734 0.601563 0.804687 0.605468 0.804687 0.607421 0.802734 0.607421 0.800782 0.609376 0.798828 0.609376 0.796875 0.611329 0.794921 0.611329 0.791016 0.613281 0.789062 0.613281 0.787109 0.615234 0.785157 0.615234 0.783203 0.617186 0.78125 0.617186 0.777345 0.619141 0.775391 0.619141 0.773437 0.621094 0.771484 0.621094 0.767578 0.623047 0.765625 0.621094 0.763671 0.617186 0.763671 0.615234 0.761719 0.613281 0.761719 0.611329 0.759766
0 0.138671 0.023437 0.136719 0.025391 0.136719 0.027344 0.134766 0.029298 0.134766 0.031249 0.132814 0.033203 0.132814 0.03711 0.134766 0.03711 0.138671 0.041016 0.140624 0.041016 0.144532 0.044923 0.146484 0.044923 0.150389 0.048828 0.152345 0.048828 0.15625 0.052735 0.158202 0.052735 0.16211 0.056641 0.164063 0.056641 0.167968 0.060548 0.169923 0.058594 0.171876 0.058594 0.173828 0.056641 0.173828 0.054687 0.175781 0.052735 0.175781 0.050782 0.177733 0.048828 0.177733 0.044923 0.175781 0.042969 0.173828 0.042969 0.171876 0.041016 0.169923 0.041016 0.166015 0.03711 0.164063 0.03711 0.16211 0.035157 0.160158 0.035157 0.158202 0.033203 0.15625 0.033203 0.152345 0.029298 0.150389 0.029298 0.148437 0.027344 0.146484 0.027344 0.142579 0.023437
0 0.046875 0.818359 0.046875 0.820312 0.044922 0.822266 0.044922 0.82422 0.04297 0.826171 0.04297 0.828125 0.044922 0.830079 0.044922 0.835938 0.046875 0.837891 0.046875 0.84375 0.048827 0.845704 0.048827 0.851562 0.050782 0.853516 0.050782 0.859375 0.052735 0.861329 0.052735 0.86328 0.054688 0.861329 0.05664 0.861329 0.058593 0.859375 0.068358 0.859375 0.070313 0.857421 0.070313 0.855468 0.072266 0.853516 0.072266 0.849609 0.070313 0.847655 0.070313 0.841796 0.068358 0.839843 0.068358 0.833984 0.066406 0.832032 0.066406 0.826171 0.064453 0.82422 0.064453 0.820312 0.058593 0.820312 0.05664 0.818359
0 0.70703 0.384765 0.705078 0.386718 0.705078 0.388672 0.699217 0.394531 0.699217 0.396484 0.695312 0.40039 0.695312 0.402343 0.689452 0.408202 0.689452 0.410156 0.685547 0.414063 0.695312 0.423827 0.701173 0.423827 0.703125 0.421876 0.703125 0.419922 0.70703 0.416015 0.70703 0.414063 0.712891 0.408202 0.712891 0.406251 0.716796 0.402343 0.716796 0.40039 0.718751 0.398438 0.718751 0.394531 0.714843 0.390626 0.714843 0.388672 0.710938 0.384765
0 0.908202 0.802734 0.90625 0.804687 0.90625 0.806641 0.902345 0.810546 0.902345 0.8125 0.896484 0.818359 0.896484 0.820312 0.892579 0.82422 0.892579 0.826171 0.888671 0.830079 0.888671 0.832032 0.890624 0.833984 0.892579 0.833984 0.898437 0.839843 0.900389 0.839843 0.90625 0.833984 0.90625 0.832032 0.916015 0.822266 0.916015 0.820312 0.921876 0.814454 0.921876 0.810546 0.914063 0.802734
0 0.11328 0.070312 0.111328 0.072266 0.111328 0.074219 0.107423 0.078124 0.107423 0.080078 0.10547 0.082032 0.107423 0.082032 0.109375 0.083983 0.111328 0.083983 0.11328 0.085937 0.115235 0.085937 0.117188 0.087891 0.119141 0.087891 0.123046 0.091796 0.125001 0.091796 0.126953 0.09375 0.128906 0.09375 0.130859 0.095703 0.132814 0.095703 0.134766 0.097657 0.136719 0.095703 0.138671 0.095703 0.138671 0.091796 0.140624 0.089844 0.140624 0.087891 0.138671 0.087891 0.134766 0.083983 0.132814 0.083983 0.128906 0.080078 0.126953 0.080078 0.123046 0.076171 0.121093 0.076171 0.117188 0.072266 0.115235 0.072266
0 0.119141 0.046874 0.117188 0.048828 0.115235 0.048828 0.115235 0.050782 0.11328 0.052735 0.11328 0.054687 0.111328 0.056641 0.111328 0.058594 0.109375 0.060548 0.111328 0.062499 0.111328 0.064453 0.11328 0.064453 0.115235 0.066407 0.117188 0.066407 0.119141 0.06836 0.121093 0.06836 0.123046 0.070312 0.125001 0.070312 0.126953 0.072266 0.128906 0.072266 0.132814 0.076171 0.134766 0.076171 0.136719 0.078124 0.138671 0.078124 0.140624 0.080078 0.142579 0.080078 0.144532 0.082032 0.146484 0.082032 0.148437 0.083983 0.154297 0.083983 0.154297 0.082032 0.15625 0.080078 0.15625 0.076171 0.158202 0.074219 0.158202 0.070312 0.15625 0.06836 0.154297 0.06836 0.150389 0.064453 0.148437 0.064453 0.146484 0.062499 0.144532 0.062499 0.142579 0.060548 0.140624 0.060548 0.136719 0.056641 0.134766 0.056641 0.132814 0.054687 0.130859 0.054687 0.128906 0.052735 0.126953 0.052735 0.123046 0.048828 0.121093 0.048828
0 0.322265 0.033203 0.320312 0.035157 0.31836 0.035157 0.316407 0.03711 0.316407 0.039062 0.314452 0.041016 0.314452 0.042969 0.3125 0.044923 0.3125 0.046874 0.310547 0.048828 0.310547 0.050782 0.308594 0.052735 0.308594 0.054687 0.306642 0.056641 0.306642 0.058594 0.304687 0.060548 0.304687 0.064453 0.306642 0.066407 0.308594 0.066407 0.3125 0.070312 0.314452 0.070312 0.316407 0.072266 0.320312 0.06836 0.320312 0.066407 0.322265 0.064453 0.322265 0.062499 0.324217 0.060548 0.324217 0.058594 0.326173 0.056641 0.326173 0.054687 0.328125 0.052735 0.328125 0.050782 0.330078 0.048828 0.330078 0.046874 0.33203 0.044923 0.33203 0.042969 0.333986 0.041016 0.33203 0.039062 0.330078 0.039062 0.326173 0.035157 0.324217 0.035157
0 0.999999 0.878905 0.996094 0.882813 0.996094 0.884766 0.990234 0.890625 0.990234 0.892579 0.982421 0.900391 0.982421 0.902343 0.978516 0.90625 0.986329 0.914063 0.992186 0.914063 0.994141 0.912109 0.998047 0.912109 0.999999 0.910155 0.999999 0.908204 1 0.90625 1 0.904297 1 0.900391 1 0.898438 1 0.89453 1 0.892579 1 0.890625 1 0.888672 1 0.886718 1 0.886718 1 0.878905
0 0.392578 0.154296 0.390626 0.15625 0.388673 0.15625 0.388673 0.158203 0.386718 0.160157 0.386718 0.164062 0.384765 0.166016 0.384765 0.169921 0.382813 0.171875 0.382813 0.173828 0.386718 0.173828 0.388673 0.175782 0.392578 0.175782 0.394531 0.177734 0.394531 0.175782 0.396483 0.173828 0.396483 0.169921 0.398439 0.16797 0.398439 0.164062 0.400391 0.162109 0.400391 0.158203 0.398439 0.15625 0.398439 0.154296
0 0.26172 0 0.259764 0.001953 0.259764 0.003907 0.257812 0.00586 0.257812 0.007812 0.255859 0.009765 0.255859 0.013673 0.253907 0.015624 0.253907 0.017578 0.251954 0.019532 0.251954 0.021485 0.249999 0.023437 0.249999 0.029298 0.253907 0.029298 0.257812 0.033203 0.259764 0.033203 0.263672 0.029298 0.263672 0.027344 0.265625 0.025391 0.265625 0.023437 0.267577 0.021485 0.267577 0.019532 0.26953 0.017578 0.26953 0.015624 0.271485 0.013673 0.271485 0.011719 0.273438 0.009765 0.273438 0.00586 0.271485 0.003907 0.265625 0.003907
0 0.277343 0.009765 0.277343 0.011719 0.27539 0.013673 0.27539 0.017578 0.273438 0.019532 0.273438 0.023437 0.271485 0.025391 0.271485 0.027344 0.26953 0.029298 0.26953 0.033203 0.267577 0.035157 0.267577 0.03711 0.265625 0.039062 0.267577 0.041016 0.271485 0.041016 0.273438 0.042969 0.27539 0.042969 0.277343 0.044923 0.281251 0.044923 0.281251 0.042969 0.283203 0.041016 0.283203 0.039062 0.285156 0.03711 0.285156 0.035157 0.287108 0.033203 0.287108 0.029298 0.289064 0.027344 0.289064 0.025391 0.291016 0.023437 0.291016 0.021485 0.292969 0.019532 0.292969 0.013673 0.289064 0.013673 0.287108 0.011719 0.285156 0.011719 0.283203 0.009765
0 0.726561 0.8125 0.726561 0.814454 0.724609 0.816407 0.724609 0.818359 0.722656 0.820312 0.722656 0.822266 0.720704 0.82422 0.720704 0.826171 0.718751 0.828125 0.718751 0.830079 0.716796 0.832032 0.716796 0.833984 0.714843 0.835938 0.714843 0.837891 0.712891 0.839843 0.712891 0.841796 0.710938 0.84375 0.710938 0.847655 0.712891 0.849609 0.714843 0.849609 0.716796 0.851562 0.718751 0.851562 0.720704 0.853516 0.724609 0.853516 0.726561 0.851562 0.726561 0.849609 0.728517 0.847655 0.728517 0.84375 0.730469 0.841796 0.730469 0.839843 0.732422 0.837891 0.732422 0.833984 0.734374 0.832032 0.734374 0.828125 0.736329 0.826171 0.736329 0.82422 0.738282 0.822266 0.738282 0.814454 0.732422 0.814454 0.730469 0.8125
0 0.871093 0.50586 0.869141 0.507813 0.867188 0.507813 0.865235 0.509765 0.865235 0.511719 0.859375 0.517578 0.859375 0.519531 0.85547 0.523439 0.85547 0.52539 0.84961 0.531251 0.84961 0.533203 0.847657 0.535156 0.847657 0.541015 0.84961 0.541015 0.853515 0.544922 0.85547 0.544922 0.857423 0.546874 0.859375 0.546874 0.861328 0.548828 0.867188 0.542969 0.867188 0.541015 0.873046 0.535156 0.873046 0.533203 0.880858 0.52539 0.880858 0.523439 0.886719 0.517578 0.884766 0.515626 0.882814 0.515626 0.878906 0.511719 0.876953 0.511719
0 0.533202 0.49414 0.53125 0.496094 0.53125 0.498047 0.529297 0.500001 0.529297 0.501953 0.527345 0.503906 0.527345 0.507813 0.525389 0.509765 0.525389 0.511719 0.523437 0.513672 0.523437 0.517578 0.521484 0.519531 0.521484 0.521485 0.519532 0.523439 0.519532 0.529297 0.521484 0.531251 0.529297 0.531251 0.53125 0.533203 0.53711 0.533203 0.53711 0.531251 0.539063 0.529297 0.539063 0.52539 0.541015 0.523439 0.541015 0.517578 0.542968 0.515626 0.542968 0.511719 0.544923 0.509765 0.544923 0.50586 0.546876 0.503906 0.546876 0.496094 0.53711 0.496094 0.535158 0.49414
0 0.898437 0.416015 0.894532 0.419922 0.894532 0.421876 0.888671 0.427734 0.888671 0.429688 0.880858 0.437501 0.880858 0.439452 0.876953 0.44336 0.878906 0.445313 0.878906 0.447265 0.880858 0.449218 0.880858 0.451172 0.882814 0.453126 0.886719 0.453126 0.888671 0.455077 0.894532 0.455077 0.894532 0.453126 0.896484 0.451172 0.896484 0.449218 0.898437 0.447265 0.898437 0.445313 0.900389 0.44336 0.900389 0.441406 0.902345 0.439452 0.902345 0.437501 0.90625 0.433594 0.90625 0.43164 0.908202 0.429688 0.908202 0.423827 0.90625 0.421876 0.90625 0.419922 0.904297 0.419922 0.902345 0.417968 0.900389 0.417968
0 0.621094 0.271484 0.619141 0.273438 0.619141 0.277343 0.617186 0.279297 0.617186 0.28125 0.621094 0.285155 0.64453 0.285155 0.646485 0.283204 0.646485 0.271484
0 0.031249 0.816407 0.029296 0.818359 0.025391 0.818359 0.021483 0.822266 0.021483 0.82422 0.019531 0.826171 0.019531 0.828125 0.021483 0.830079 0.021483 0.835938 0.023439 0.837891 0.023439 0.841796 0.025391 0.84375 0.025391 0.847655 0.027344 0.849609 0.027344 0.855468 0.029296 0.857421 0.029296 0.859375 0.031249 0.857421 0.039062 0.857421 0.04297 0.853516 0.044922 0.853516 0.044922 0.845704 0.04297 0.84375 0.04297 0.833984 0.041014 0.832032 0.041014 0.828125 0.039062 0.826171 0.039062 0.822266 0.037109 0.820312 0.037109 0.818359 0.033204 0.818359
0 1 0.261718 1 0.263672 1 0.263672 1 0.265625 1 0.267579 1 0.271484 1 0.273438 1 0.277343 1 0.279297 0.999999 0.283204 0.999999 0.285155 0.996094 0.289063 0.996094 0.291016 0.992186 0.294922 0.992186 0.298829 0.999999 0.306641 1 0.306641 1 0.304688 1 0.302734 1 0.296875 1 0.294922 1 0.289063 1 0.287109 1 0.28125 1 0.279297 1 0.277343 1 0.26953 1 0.263672 1 0.263672