8 0.046873 0.125 0.044922 0.126956 0.041018 0.126956 0.041018 0.132812 0.04297 0.132812 0.046873 0.136718 0.048825 0.136718 0.050785 0.138673 0.052737 0.138673 0.054689 0.136718 0.054689 0.134767 0.05664 0.132812 0.05664 0.128906 0.052737 0.125
8 0.169925 0.132812 0.166014 0.136718 0.164062 0.136718 0.16211 0.138673 0.16211 0.142579 0.164062 0.14453 0.164062 0.148435 0.169925 0.154297 0.181644 0.154297 0.181644 0.150391 0.183596 0.148435 0.183596 0.142579 0.181644 0.140624 0.181644 0.136718 0.179685 0.134767 0.179685 0.132812
8 0.20117 0.148435 0.199218 0.150391 0.193363 0.150391 0.193363 0.152341 0.191403 0.154297 0.191403 0.156252 0.189451 0.158203 0.189451 0.160158 0.191403 0.162109 0.191403 0.164064 0.193363 0.166014 0.193363 0.16797 0.195315 0.16992 0.195315 0.171876 0.197267 0.16992 0.203122 0.16992 0.205082 0.16797 0.205082 0.166014 0.207034 0.164064 0.207034 0.152341 0.205082 0.152341
8 0.982422 0.007813 0.98047 0.009768 0.978518 0.009768 0.976566 0.011719 0.974607 0.011719 0.974607 0.01758 0.976566 0.01953 0.978518 0.01953 0.982422 0.023436 0.988285 0.023436 0.988285 0.021486 0.990237 0.01953 0.992189 0.01953 0.994141 0.01758 0.994141 0.015625 0.992189 0.013674 0.992189 0.011719 0.990237 0.009768 0.990237 0.007813
8 0.167966 0.16992 0.164062 0.173826 0.164062 0.181643 0.166014 0.181643 0.167966 0.183594 0.171877 0.183594 0.173829 0.185549 0.177733 0.181643 0.177733 0.179688 0.179685 0.177732 0.179685 0.171876 0.177733 0.171876 0.175781 0.16992
8 0.982422 0 0.98047 0 0.976566 0 0.972655 0 0.972655 0 0.974607 0 0.974607 0 0.976566 0 0.978518 0 0.98047 0 0.982422 0.000001 0.984373 0.000001 0.984373 0 0.986325 0 0.986325 0 0.988285 0 0.988285 0 0.986325 0 0.986325 0 0.984373 0
8 0.154295 0.171876 0.152343 0.173826 0.148439 0.173826 0.148439 0.175782 0.146487 0.177732 0.146487 0.179688 0.144528 0.181643 0.144528 0.189455 0.152343 0.189455 0.154295 0.1875 0.158206 0.1875 0.158206 0.185549 0.160158 0.183594 0.160158 0.181643 0.16211 0.179688 0.16211 0.177732 0.160158 0.175782 0.160158 0.173826 0.156247 0.173826
8 0.218753 0.173826 0.216801 0.175782 0.214841 0.175782 0.214841 0.179688 0.212889 0.181643 0.212889 0.185549 0.214841 0.185549 0.216801 0.1875 0.216801 0.189455 0.220704 0.189455 0.224608 0.185549 0.22656 0.185549 0.228519 0.183594 0.228519 0.181643 0.22656 0.179688 0.22656 0.175782 0.220704 0.175782
8 0.197267 0.203123 0.197267 0.207029 0.195315 0.208985 0.195315 0.212891 0.208985 0.212891 0.208985 0.208985 0.205082 0.205079 0.199218 0.205079
8 0.30664 0.539062 0.304688 0.541017 0.296873 0.541017 0.296873 0.552735 0.298825 0.554685 0.300784 0.554685 0.304688 0.558596 0.308592 0.554685 0.310544 0.554685 0.314455 0.550779 0.316407 0.550779 0.318359 0.548829 0.318359 0.541017 0.312503 0.541017 0.310544 0.539062
8 0.562503 0.191406 0.560543 0.193361 0.558591 0.193361 0.558591 0.195311 0.556639 0.197267 0.556639 0.201173 0.558591 0.203123 0.558591 0.205079 0.562503 0.205079 0.564455 0.207029 0.566406 0.205079 0.57031 0.205079 0.57031 0.197267 0.568358 0.195311 0.568358 0.193361 0.566406 0.193361 0.564455 0.191406
8 0.095701 0.152341 0.091797 0.156252 0.089845 0.156252 0.089845 0.158203 0.087893 0.160158 0.087893 0.162109 0.101564 0.162109 0.101564 0.156252 0.099612 0.154297 0.099612 0.152341
8 0.351563 0.541017 0.349612 0.542968 0.34766 0.542968 0.3457 0.544923 0.343748 0.544923 0.343748 0.552735 0.34766 0.552735 0.349612 0.554685 0.359379 0.554685 0.363282 0.550779 0.363282 0.546873 0.361331 0.544923 0.361331 0.541017
8 0.998044 0.01758 0.996092 0.01953 0.994141 0.01953 0.992189 0.021486 0.990237 0.021486 0.990237 0.027342 0.992189 0.027342 0.994141 0.029298 0.996092 0.029298 1 0.033204 1 0.033204 1 0.035154 1 0.033204 1 0.033204 1 0.025392 1 0.021486 1 0.01953 1 0.01758
8 0.556639 0.160158 0.554688 0.162109 0.550784 0.162109 0.550784 0.164064 0.548824 0.166014 0.548824 0.16992 0.550784 0.171876 0.550784 0.173826 0.552736 0.173826 0.554688 0.175782 0.556639 0.173826 0.560543 0.173826 0.562503 0.171876 0.562503 0.16992 0.564455 0.16797 0.564455 0.166014 0.562503 0.164064 0.562503 0.162109 0.558591 0.162109
8 0.060544 0.136718 0.05664 0.140624 0.05664 0.14453 0.060544 0.148435 0.066407 0.148435 0.070311 0.14453 0.070311 0.136718
8 0.957032 0 0.957032 0 0.95508 0.000001 0.95508 0.001951 0.958984 0.005857 0.958984 0.007813 0.960936 0.009768 0.964847 0.009768 0.966799 0.011719 0.972655 0.011719 0.974607 0.009768 0.976566 0.009768 0.978518 0.007813 0.98047 0.007813 0.98047 0.000001 0.978518 0.000001 0.976566 0 0.972655 0 0.970703 0 0.968751 0 0.966799 0
8 0.341797 0.529299 0.339845 0.53125 0.337893 0.53125 0.335941 0.533205 0.333981 0.533205 0.328126 0.539062 0.330078 0.541017 0.332029 0.541017 0.335941 0.544923 0.337893 0.542968 0.339845 0.542968 0.343748 0.539062 0.3457 0.539062 0.3457 0.537111 0.343748 0.535156 0.343748 0.533205 0.341797 0.53125
8 0.078126 0.14453 0.076174 0.146485 0.074223 0.146485 0.070311 0.150391 0.072263 0.150391 0.074223 0.152341 0.074223 0.156252 0.078126 0.156252 0.080078 0.158203 0.08203 0.158203 0.083982 0.156252 0.085934 0.156252 0.085934 0.154297 0.087893 0.152341 0.087893 0.150391 0.085934 0.148435 0.083982 0.148435 0.080078 0.14453
8 0.189451 0.175782 0.1875 0.177732 0.185548 0.177732 0.183596 0.179688 0.181644 0.179688 0.173829 0.1875 0.175781 0.1875 0.179685 0.191406 0.181644 0.191406 0.185548 0.195311 0.1875 0.195311 0.189451 0.193361 0.195315 0.193361 0.195315 0.181643 0.193363 0.179688 0.193363 0.177732 0.191403 0.177732
8 0.126953 0.158203 0.12109 0.164064 0.12109 0.166014 0.119138 0.16797 0.119138 0.171876 0.117187 0.173826 0.117187 0.175782 0.12109 0.175782 0.12305 0.177732 0.126953 0.177732 0.128905 0.179688 0.132809 0.179688 0.134769 0.177732 0.136721 0.177732 0.140624 0.173826 0.142576 0.173826 0.142576 0.164064 0.140624 0.164064 0.138672 0.162109 0.138672 0.160158 0.128905 0.160158
8 0.556639 0.175782 0.556639 0.177732 0.554688 0.179688 0.554688 0.1875 0.556639 0.189455 0.556639 0.191406 0.560543 0.191406 0.566406 0.185549 0.566406 0.181643 0.564455 0.179688 0.564455 0.177732 0.562503 0.175782
8 0.208985 0.193361 0.20117 0.201173 0.203122 0.203123 0.205082 0.203123 0.208985 0.207029 0.220704 0.207029 0.220704 0.203123 0.222656 0.201173 0.222656 0.197267 0.218753 0.197267 0.214841 0.193361
8 0.541017 0.177732 0.539065 0.179688 0.539065 0.183594 0.537113 0.185549 0.537113 0.193361 0.539065 0.195311 0.539065 0.197267 0.546872 0.197267 0.550784 0.193361 0.552736 0.193361 0.552736 0.185549 0.550784 0.183594 0.550784 0.181643 0.548824 0.179688 0.548824 0.177732
8 0.146487 0.146485 0.144528 0.148435 0.142576 0.148435 0.140624 0.150391 0.138672 0.150391 0.138672 0.154297 0.140624 0.156252 0.140624 0.162109 0.144528 0.162109 0.146487 0.164064 0.148439 0.164064 0.150391 0.166014 0.152343 0.164064 0.156247 0.164064 0.158206 0.162109 0.158206 0.160158 0.160158 0.158203 0.160158 0.152341 0.154295 0.146485
8 0.164062 0.185549 0.156247 0.193361 0.158206 0.195311 0.158206 0.197267 0.160158 0.199217 0.160158 0.201173 0.16211 0.203123 0.171877 0.203123 0.171877 0.201173 0.173829 0.199217 0.173829 0.189455 0.171877 0.1875 0.171877 0.185549
8 0.998044 0 0.996092 0 0.990237 0 0.988285 0 0.988285 0 0.986325 0 0.990237 0.001951 0.990237 0.005857 0.992189 0.007813 1 0.007813 1 0.003907 1 0.000001 1 0 1 0 1 0 1 0
8 0.05664 0.103515 0.054689 0.10547 0.050785 0.10547 0.050785 0.109376 0.048825 0.111327 0.048825 0.113282 0.050785 0.113282 0.052737 0.115233 0.064456 0.115233 0.068359 0.111327 0.068359 0.109376 0.066407 0.107421 0.066407 0.10547 0.064456 0.103515
8 0.314455 0.521482 0.310544 0.525388 0.310544 0.529299 0.312503 0.53125 0.312503 0.535156 0.318359 0.535156 0.320311 0.537111 0.322262 0.537111 0.326174 0.533205 0.328126 0.533205 0.328126 0.527344 0.326174 0.527344 0.324222 0.525388 0.322262 0.525388 0.320311 0.523438 0.316407 0.523438
8 0.57031 0.173826 0.57031 0.175782 0.568358 0.177732 0.568358 0.185549 0.572262 0.185549 0.574222 0.1875 0.578125 0.1875 0.582029 0.183594 0.582029 0.177732 0.578125 0.173826
8 0.074223 0.109376 0.072263 0.111327 0.070311 0.111327 0.070311 0.113282 0.068359 0.115233 0.068359 0.121094 0.070311 0.121094 0.072263 0.123044 0.08203 0.123044 0.083982 0.121094 0.083982 0.113282 0.08203 0.113282 0.078126 0.109376