0 0.554686 0.978516 0.552734 0.980467 0.546875 0.980467 0.544924 0.982423 0.53906 0.982423 0.541016 0.984375 0.541016 0.986326 0.542968 0.988282 0.542968 0.990234 0.544924 0.988282 0.558593 0.988282 0.558593 0.986326 0.556642 0.984375 0.556642 0.982423 0.554686 0.980467
0 0.646485 0.974608 0.644529 0.976564 0.63867 0.976564 0.636719 0.978516 0.628909 0.978516 0.628909 0.980467 0.63086 0.982423 0.63086 0.986326 0.632811 0.984375 0.650393 0.984375 0.650393 0.982423 0.648436 0.980467 0.648436 0.978516 0.646485 0.976564
0 0.564452 0.986326 0.5625 0.988282 0.560549 0.988282 0.558593 0.990234 0.544924 0.990234 0.542968 0.992185 0.541016 0.990234 0.542968 0.992185 0.542968 0.994142 0.544924 0.996093 0.544924 0.998049 0.546875 1 0.548827 0.998049 0.554686 0.998049 0.556642 0.996093 0.564452 0.996093
0 0.966798 0.26367 0.966798 0.277344 0.96875 0.275393 1 0.275393 1 0.271485 1 0.269529 1 0.26367
0 0.957032 0.910155 0.955081 0.912111 0.949217 0.912111 0.947266 0.914062 0.941407 0.914062 0.941407 0.916014 0.943358 0.91797 0.943358 0.921873 0.945314 0.919922 0.951173 0.919922 0.953124 0.91797 0.958983 0.91797 0.958983 0.916014 0.957032 0.914062
0 0.814454 0.923829 0.812498 0.925781 0.808595 0.925781 0.806639 0.927737 0.802736 0.927737 0.802736 0.931639 0.804688 0.929688 0.816405 0.929688 0.816405 0.927737 0.814454 0.925781
0 0.681643 0.953124 0.679687 0.95508 0.673828 0.95508 0.671876 0.957031 0.667969 0.957031 0.666018 0.958983 0.660154 0.958983 0.660154 0.96289 0.66211 0.964842 0.66211 0.968749 0.664062 0.966798 0.671876 0.966798 0.673828 0.964842 0.683594 0.964842 0.683594 0.957031 0.681643 0.95508
0 0.898439 0.902345 0.896483 0.904296 0.890624 0.904296 0.888672 0.906252 0.882814 0.906252 0.882814 0.912111 0.884765 0.910155 0.888672 0.910155 0.890624 0.908204 0.89258 0.908204 0.894531 0.906252 0.898439 0.906252
0 0.599609 0.996093 0.597658 0.998049 0.593751 0.998049 0.591795 1 0.587892 1 0.585936 1 0.582033 1 0.582033 1 0.583984 1 0.583984 1 0.585936 1 0.585936 1 0.587892 1 0.591795 1 0.593751 1 0.595702 1 0.597658 1 0.601561 1 0.601561 1 0.599609 1
0 0.919923 0.279296 0.919923 0.296877 0.921874 0.294921 0.966798 0.294921 0.966798 0.289062 0.964842 0.287111 0.964842 0.279296
0 0.957032 0.21875 0.957032 0.22656 0.982423 0.22656 0.982423 0.21875
0 1 0.886719 1 0.888671 1 0.888671 1 0.890627 0.996092 0.890627 0.996092 0.892578 0.994141 0.89453 0.994141 0.896486 0.99219 0.898437 0.996092 0.898437 0.998048 0.900388 1 0.898437 1 0.898437 1 0.896486 1 0.896486 1 0.892578 1 0.890627