0 0.925777 0.40234 0.923833 0.4043 0.917959 0.4043 0.914071 0.408203 0.914071 0.410155 0.917959 0.414066 0.919924 0.412107 0.927741 0.412107 0.93165 0.408203 0.93165 0.406251 0.929686 0.4043 0.929686 0.40234
0 0.912106 0.363283 0.910162 0.365234 0.906253 0.365234 0.906253 0.369138 0.908197 0.369138 0.910162 0.371097 0.921868 0.371097 0.923833 0.369138 0.925777 0.369138 0.927741 0.367186 0.927741 0.363283
0 0.921868 0.318362 0.919924 0.320314 0.910162 0.320314 0.908197 0.322266 0.906253 0.322266 0.906253 0.328129 0.917959 0.328129 0.919924 0.330081 0.923833 0.326169 0.925777 0.326169 0.925777 0.322266
0 1 0.613281 0.998038 0.617184 0.998038 0.62891 1 0.630861 1 0.632813 1 0.632813 1 0.630861 1 0.62891 1 0.617184 1 0.615232 1 0.613281
0 0.93165 0.623047 0.929686 0.624999 0.929686 0.630861 0.93165 0.630861 0.933594 0.632813 0.935539 0.630861 0.945321 0.630861 0.947265 0.62891 0.947265 0.623047
0 0.964844 0.818358 0.9629 0.82031 0.949209 0.82031 0.947265 0.822262 0.945321 0.822262 0.945321 0.826173 0.947265 0.826173 0.949209 0.828125 0.960936 0.828125 0.9629 0.826173 0.966788 0.826173 0.966788 0.822262 0.964844 0.82031
0 0.9629 0.830077 0.960936 0.832028 0.949209 0.832028 0.947265 0.833987 0.945321 0.833987 0.945321 0.835939 0.947265 0.837891 0.947265 0.839843 0.949209 0.837891 0.960936 0.837891 0.9629 0.835939 0.9629 0.833987 0.964844 0.832028
0 0.921868 0.269531 0.919924 0.271482 0.904289 0.271482 0.9004 0.275393 0.9004 0.277345 0.902344 0.279297 0.902344 0.281249 0.917959 0.281249 0.919924 0.279297 0.925777 0.279297 0.925777 0.277345 0.923833 0.275393 0.923833 0.271482
0 0.958992 0.589845 0.958992 0.591796 0.957027 0.593748 0.957027 0.603515 0.958992 0.605466 0.958992 0.607425 0.9629 0.607425 0.966788 0.603515 0.966788 0.591796 0.964844 0.591796 0.9629 0.589845
0 0.917959 0.287111 0.916015 0.289063 0.904289 0.289063 0.904289 0.291015 0.902344 0.292967 0.902344 0.296878 0.904289 0.296878 0.906253 0.29883 0.908197 0.296878 0.917959 0.296878 0.917959 0.294919 0.919924 0.292967 0.919924 0.289063
0 0.945321 0.47656 0.945321 0.478519 0.943356 0.480471 0.943356 0.496093 0.945321 0.498044 0.945321 0.500004 0.947265 0.500004 0.949209 0.501956 0.949209 0.500004 0.951174 0.498044 0.951174 0.480471 0.949209 0.478519 0.949209 0.47656
0 0.99415 0.707033 0.99415 0.708984 0.992185 0.710937 0.992185 0.722655 0.99415 0.724607 0.99415 0.728518 0.998038 0.728518 1 0.724607 1 0.718751 1 0.716799 1 0.710937 0.998038 0.708984 0.998038 0.707033
1 0.240225 0.033202 0.240225 0.035154 0.238281 0.037106 0.238281 0.046872 0.240225 0.048831 0.240225 0.066405 0.24219 0.068357 0.24219 0.076171 0.244134 0.078123 0.244134 0.080075 0.246099 0.082034 0.246099 0.083985 0.250007 0.083985 0.251951 0.082034 0.251951 0.080075 0.253916 0.078123 0.253916 0.070316 0.251951 0.068357 0.251951 0.052735 0.250007 0.050783 0.250007 0.041017 0.248043 0.039065 0.248043 0.037106 0.246099 0.035154 0.246099 0.033202
0 0.947265 0.587893 0.945321 0.589845 0.939447 0.589845 0.937503 0.591796 0.93165 0.591796 0.929686 0.593748 0.927741 0.593748 0.929686 0.5957 0.929686 0.597659 0.93165 0.597659 0.933594 0.599611 0.935539 0.597659 0.947265 0.597659 0.951174 0.593748 0.951174 0.589845 0.949209 0.589845
0 0.986332 0.324217 0.986332 0.326169 0.984368 0.328129 0.984368 0.34375 0.986332 0.34375 0.988276 0.345702 0.988276 0.347654 0.992185 0.34375 0.99415 0.34375 0.99415 0.330081 0.990241 0.326169 0.988276 0.326169
0 0.914071 0.226562 0.912106 0.228514 0.9004 0.228514 0.9004 0.230465 0.898436 0.232424 0.898436 0.234376 0.9004 0.234376 0.902344 0.236328 0.904289 0.234376 0.914071 0.234376 0.916015 0.232424 0.917959 0.232424 0.917959 0.228514 0.916015 0.228514
0 0.990241 0.541013 0.986332 0.544924 0.986332 0.558594 0.988276 0.560545 0.988276 0.562498 0.992185 0.562498 0.992185 0.560545 0.99415 0.558594 0.99415 0.541013
0 0.998038 0.082034 0.99415 0.085938 0.99415 0.089841 0.996094 0.0918 0.996094 0.099607 0.998038 0.101559 0.998038 0.103518 1 0.103518 1 0.101559 1 0.099607 1 0.083985 1 0.082034
0 0.923833 0.0918 0.923833 0.099607 0.921868 0.101559 0.921868 0.10547 0.923833 0.107421 0.923833 0.109374 0.925777 0.107421 0.927741 0.107421 0.929686 0.10547 0.93165 0.10547 0.93165 0.099607 0.929686 0.097656 0.929686 0.0918
0 0.988276 0.566409 0.988276 0.56836 0.986332 0.570312 0.986332 0.574216 0.984368 0.576175 0.984368 0.580079 0.988276 0.583982 0.992185 0.583982 0.996094 0.580079 0.996094 0.576175 0.99415 0.574216 0.99415 0.56836 0.992185 0.566409
0 0.992185 0.249998 0.992185 0.25195 0.990241 0.253909 0.990241 0.265627 0.992185 0.267579 0.992185 0.269531 0.996094 0.269531 0.998038 0.267579 0.998038 0.261716 1 0.259764 1 0.253909 0.996094 0.249998
0 0.986332 0.41797 0.986332 0.419921 0.984368 0.421873 0.984368 0.43164 0.986332 0.433591 0.986332 0.43555 0.990241 0.43555 0.992185 0.433591 0.992185 0.421873 0.990241 0.419921 0.990241 0.41797
0 0.953118 0.884763 0.951174 0.886715 0.951174 0.890626 0.953118 0.892578 0.968753 0.892578 0.970697 0.890626 0.970697 0.886715 0.968753 0.884763
0 0.992185 0.464842 0.986332 0.470705 0.986332 0.474608 0.984368 0.47656 0.984368 0.480471 0.986332 0.482422 0.986332 0.484375 0.988276 0.486326 0.992185 0.486326 0.99415 0.484375 0.99415 0.468753 0.992185 0.466794
0 0.939447 0.537109 0.937503 0.539061 0.933594 0.539061 0.93165 0.541013 0.925777 0.541013 0.923833 0.542973 0.923833 0.544924 0.925777 0.546876 0.927741 0.544924 0.937503 0.544924 0.939447 0.542973 0.941412 0.542973 0.941412 0.537109
0 0.958992 0.798826 0.957027 0.800778 0.945321 0.800778 0.945321 0.802737 0.943356 0.804689 0.943356 0.80664 0.945321 0.808592 0.957027 0.808592 0.958992 0.80664 0.960936 0.80664 0.960936 0.802737 0.958992 0.800778
0 0.933594 0.0918 0.933594 0.093752 0.93165 0.095704 0.93165 0.097656 0.933594 0.099607 0.933594 0.103518 0.935539 0.10547 0.935539 0.107421 0.937503 0.107421 0.939447 0.109374 0.943356 0.10547 0.943356 0.103518 0.941412 0.101559 0.941412 0.095704 0.939447 0.093752 0.939447 0.0918
0 0.935539 0.486326 0.933594 0.488278 0.921868 0.488278 0.921868 0.490237 0.919924 0.492189 0.919924 0.494141 0.921868 0.496093 0.933594 0.496093 0.935539 0.494141 0.937503 0.494141 0.939447 0.492189 0.941412 0.492189 0.941412 0.490237 0.939447 0.488278 0.939447 0.486326
0 1 0.345702 0.998038 0.347654 0.998038 0.35742 1 0.359372 1 0.361331 1 0.361331 1 0.363283 1 0.361331 1 0.359372 1 0.347654 1 0.345702
1 0.214849 0.660153 0.212884 0.662112 0.175781 0.662112 0.173837 0.664064 0.169928 0.664064 0.169928 0.666016 0.167964 0.667968 0.167964 0.669919 0.169928 0.671879 0.169928 0.673831 0.171873 0.675782 0.173837 0.673831 0.214849 0.673831 0.220701 0.667968 0.220701 0.666016 0.218757 0.664064 0.218757 0.660153
0 1 0.003903 1 0.005862 1 0.007814 0.998038 0.009766 0.998038 0.011718 1 0.013669 1 0.017581 1 0.019533 1 0.021484 1 0.023436 1 0.025388 1 0.025388 1 0.023436 1 0.021484 1 0.019533 1 0.013669 1 0.011718 1 0.007814 1 0.003903
0 0.982424 0.082034 0.978515 0.085938 0.978515 0.089841 0.976571 0.0918 0.976571 0.099607 0.974606 0.101559 0.974606 0.10547 0.978515 0.109374 0.980459 0.107421 0.982424 0.107421 0.984368 0.10547 0.984368 0.103518 0.986332 0.101559 0.986332 0.083985 0.984368 0.082034
0 0.958992 0.843746 0.957027 0.845706 0.949209 0.845706 0.947265 0.847657 0.947265 0.849609 0.949209 0.851561 0.960936 0.851561 0.9629 0.849609 0.9629 0.845706 0.960936 0.845706
0 0.970697 0.181641 0.966788 0.185544 0.966788 0.189456 0.964844 0.191408 0.964844 0.197263 0.966788 0.199222 0.966788 0.201174 0.968753 0.199222 0.972662 0.199222 0.974606 0.197263 0.974606 0.185544 0.972662 0.183593 0.972662 0.181641
0 0.958992 0.181641 0.958992 0.183593 0.957027 0.185544 0.957027 0.191408 0.955083 0.193359 0.955083 0.199222 0.957027 0.199222 0.958992 0.201174 0.960936 0.199222 0.9629 0.199222 0.9629 0.185544 0.960936 0.183593 0.960936 0.181641
0 0.945321 0.611329 0.943356 0.613281 0.933594 0.613281 0.93165 0.615232 0.93165 0.619143 0.933594 0.621095 0.949209 0.621095 0.949209 0.615232
0 0.968753 0.904296 0.966788 0.906248 0.951174 0.906248 0.951174 0.91211 0.966788 0.91211 0.968753 0.910159 0.970697 0.910159 0.970697 0.906248
0 0.974606 0.396485 0.974606 0.398437 0.972662 0.400389 0.972662 0.414066 0.974606 0.416018 0.974606 0.41797 0.980459 0.41797 0.980459 0.416018 0.982424 0.414066 0.982424 0.408203 0.980459 0.406251 0.980459 0.396485
0 0.99415 0.683597 0.99415 0.685548 0.992185 0.6875 0.992185 0.697267 0.99415 0.699218 0.99415 0.70117 0.998038 0.705081 0.998038 0.703122 1 0.70117 1 0.695315 1 0.693363 1 0.6875 0.998038 0.683597
1 0.167964 0.042969 0.167964 0.04492 0.16602 0.046872 0.16602 0.054687 0.164055 0.056639 0.164055 0.074219 0.162111 0.076171 0.162111 0.087889 0.164055 0.089841 0.164055 0.093752 0.169928 0.093752 0.171873 0.095704 0.173837 0.093752 0.175781 0.093752 0.175781 0.072268 0.177725 0.070316 0.177725 0.050783 0.175781 0.048831 0.175781 0.046872 0.173837 0.04492 0.173837 0.042969
0 0.917959 0.423825 0.914071 0.427736 0.914071 0.433591 0.929686 0.433591 0.933594 0.429688 0.93165 0.427736 0.93165 0.425784 0.929686 0.425784 0.927741 0.423825
0 0.992185 0.634765 0.988276 0.638669 0.988276 0.64258 0.990241 0.644532 0.990241 0.652346 0.992185 0.652346 0.99415 0.654298 0.998038 0.650394 0.998038 0.636717 0.996094 0.636717 0.99415 0.634765
0 0.927741 0.380857 0.925777 0.382815 0.912106 0.382815 0.910162 0.384767 0.910162 0.390622 0.914071 0.390622 0.916015 0.38867 0.925777 0.38867 0.927741 0.386719 0.929686 0.386719 0.929686 0.380857
0 0.941412 0.599611 0.939447 0.601563 0.935539 0.601563 0.933594 0.603515 0.929686 0.603515 0.927741 0.605466 0.927741 0.607425 0.929686 0.609377 0.929686 0.611329 0.93165 0.611329 0.933594 0.609377 0.945321 0.609377 0.947265 0.607425 0.947265 0.605466 0.945321 0.603515 0.945321 0.601563 0.943356 0.601563
0 0.968753 0.89453 0.966788 0.896482 0.953118 0.896482 0.951174 0.898441 0.949209 0.898441 0.949209 0.902344 0.951174 0.902344 0.953118 0.904296 0.966788 0.904296 0.968753 0.902344 0.970697 0.902344 0.970697 0.898441 0.968753 0.896482
0 0.980459 0.031251 0.976571 0.035154 0.974606 0.035154 0.974606 0.039065 0.976571 0.041017 0.978515 0.041017 0.980459 0.042969 0.990241 0.042969 0.992185 0.04492 0.996094 0.04492 0.996094 0.042969 0.998038 0.041017 0.998038 0.039065 0.99415 0.035154 0.988276 0.035154 0.986332 0.033202 0.982424 0.033202
0 0.986332 0.275393 0.986332 0.277345 0.984368 0.279297 0.984368 0.283201 0.982424 0.28516 0.982424 0.289063 0.984368 0.291015 0.984368 0.294919 0.990241 0.294919 0.99415 0.291015 0.99415 0.28516 0.992185 0.283201 0.992185 0.277345 0.990241 0.275393
0 0.972662 0.974612 0.970697 0.976564 0.960936 0.976564 0.958992 0.978516 0.958992 0.982419 0.960936 0.982419 0.9629 0.984378 0.974606 0.984378 0.976571 0.982419 0.976571 0.980467 0.978515 0.978516 0.978515 0.976564 0.974606 0.976564
0 0.972662 0.349613 0.972662 0.351565 0.970697 0.353517 0.970697 0.355468 0.968753 0.35742 0.968753 0.359372 0.966788 0.361331 0.966788 0.363283 0.968753 0.365234 0.968753 0.367186 0.972662 0.367186 0.974606 0.365234 0.974606 0.363283 0.976571 0.361331 0.976571 0.355468 0.978515 0.353517 0.978515 0.351565 0.976571 0.349613
0 0.949209 0.716799 0.947265 0.718751 0.939447 0.718751 0.937503 0.720703 0.935539 0.720703 0.935539 0.724607 0.937503 0.726566 0.939447 0.724607 0.951174 0.724607 0.953118 0.722655 0.953118 0.718751 0.951174 0.718751
0 1 0.560545 1 0.562498 0.998038 0.564456 0.998038 0.576175 1 0.578127 1 0.580079 1 0.580079 1 0.578127 1 0.576175 1 0.564456 1 0.562498 1 0.560545
0 0.945321 0.089841 0.943356 0.0918 0.943356 0.095704 0.945321 0.097656 0.945321 0.101559 0.947265 0.103518 0.947265 0.10547 0.951174 0.10547 0.951174 0.103518 0.953118 0.101559 0.953118 0.097656 0.951174 0.095704 0.951174 0.0918 0.949209 0.089841
0 0.978515 0.201174 0.978515 0.203126 0.976571 0.205078 0.976571 0.208981 0.978515 0.21094 0.978515 0.220706 0.980459 0.220706 0.982424 0.218747 0.984368 0.218747 0.984368 0.212892 0.986332 0.21094 0.986332 0.205078 0.982424 0.201174
1 0.003897 0.078123 0.000009 0.082034 0.000009 0.085938 0.001953 0.087889 0.003897 0.087889 0.007806 0.0918 0.00977 0.0918 0.015623 0.097656 0.017588 0.097656 0.021476 0.101559 0.023441 0.101559 0.029294 0.107421 0.031259 0.107421 0.037112 0.113285 0.039056 0.113285 0.042964 0.117188 0.044929 0.117188 0.048838 0.121092 0.054691 0.121092 0.060544 0.115236 0.0586 0.113285 0.0586 0.111325 0.056635 0.109374 0.056635 0.107421 0.054691 0.10547 0.052726 0.10547 0.048838 0.101559 0.046873 0.101559 0.044929 0.099607 0.042964 0.099607 0.04102 0.097656 0.039056 0.097656 0.035147 0.093752 0.033203 0.093752 0.031259 0.0918 0.029294 0.0918 0.025385 0.087889 0.023441 0.087889 0.021476 0.085938 0.019532 0.085938 0.017588 0.083985 0.015623 0.083985 0.011715 0.080075 0.00977 0.080075 0.007806 0.078123
0 0.996094 0.41797 0.996094 0.419921 0.99415 0.421873 0.99415 0.43164 0.996094 0.433591 0.996094 0.43555 0.998038 0.43555 1 0.433591 1 0.421873 0.998038 0.419921 0.998038 0.41797
0 0.054691 0.240232 0.050782 0.244143 0.050782 0.248046 0.052726 0.249998 0.052726 0.25586 0.054691 0.257812 0.054691 0.259764 0.056635 0.261716 0.060544 0.257812 0.060544 0.242191 0.0586 0.240232
0 0.964844 0.085938 0.960936 0.089841 0.960936 0.095704 0.9629 0.097656 0.9629 0.103518 0.964844 0.10547 0.968753 0.10547 0.972662 0.101559 0.972662 0.087889 0.970697 0.085938
0 0.978515 0.042969 0.976571 0.04492 0.972662 0.04492 0.972662 0.052735 0.976571 0.052735 0.978515 0.054687 0.982424 0.054687 0.984368 0.056639 0.988276 0.056639 0.990241 0.05859 0.996094 0.05859 0.996094 0.056639 0.998038 0.054687 0.998038 0.052735 0.99415 0.048831 0.990241 0.048831 0.988276 0.046872 0.986332 0.046872 0.984368 0.04492 0.980459 0.04492
0 0.958992 0.78906 0.957027 0.791018 0.945321 0.791018 0.943356 0.792971 0.941412 0.792971 0.941412 0.794922 0.943356 0.796874 0.955083 0.796874 0.957027 0.794922 0.960936 0.794922 0.960936 0.792971 0.958992 0.791018
0 0.976571 0.419921 0.976571 0.421873 0.974606 0.423825 0.974606 0.427736 0.972662 0.429688 0.972662 0.43555 0.974606 0.437502 0.974606 0.439454 0.978515 0.439454 0.980459 0.437502 0.980459 0.43164 0.982424 0.429688 0.982424 0.423825 0.980459 0.421873 0.980459 0.419921
0 0.964844 0.871094 0.9629 0.873045 0.958992 0.873045 0.957027 0.874997 0.953118 0.874997 0.951174 0.876956 0.949209 0.876956 0.949209 0.878908 0.951174 0.878908 0.955083 0.882812 0.957027 0.880859 0.960936 0.880859 0.9629 0.878908 0.966788 0.878908 0.968753 0.876956 0.966788 0.874997 0.966788 0.873045
0 0.937503 0.513673 0.935539 0.515625 0.93165 0.515625 0.929686 0.517577 0.921868 0.517577 0.921868 0.521488 0.923833 0.519529 0.933594 0.519529 0.935539 0.517577 0.937503 0.519529 0.939447 0.519529 0.939447 0.515625
7 0.316416 0.28516 0.314451 0.287111 0.308598 0.287111 0.306633 0.289063 0.300781 0.289063 0.292963 0.296878 0.292963 0.29883 0.279293 0.312499 0.279293 0.314451 0.263678 0.330081 0.263678 0.332032 0.250007 0.345702 0.250007 0.347654 0.24219 0.355468 0.230463 0.355468 0.228519 0.353517 0.228519 0.351565 0.232428 0.347654 0.232428 0.345702 0.234372 0.34375 0.232428 0.341798 0.230463 0.341798 0.226555 0.337887 0.22461 0.339847 0.222666 0.339847 0.218757 0.34375 0.216793 0.34375 0.212884 0.347654 0.21094 0.347654 0.207031 0.351565 0.169928 0.351565 0.167964 0.349613 0.13477 0.349613 0.132805 0.347654 0.10352 0.347654 0.107429 0.347654 0.109373 0.349613 0.115226 0.349613 0.11719 0.351565 0.121099 0.351565 0.123043 0.353517 0.128896 0.353517 0.130861 0.355468 0.13477 0.355468 0.136714 0.35742 0.142587 0.35742 0.144531 0.359372 0.146476 0.359372 0.14844 0.361331 0.150384 0.361331 0.152349 0.363283 0.154293 0.363283 0.156258 0.365234 0.158202 0.365234 0.160146 0.367186 0.162111 0.367186 0.164055 0.369138 0.167964 0.369138 0.169928 0.371097 0.171873 0.371097 0.173837 0.373049 0.175781 0.373049 0.177725 0.375001 0.17969 0.375001 0.181634 0.376953 0.183599 0.376953 0.185543 0.378904 0.187508 0.378904 0.189452 0.380857 0.191417 0.380857 0.195305 0.384767 0.197269 0.384767 0.201178 0.38867 0.203122 0.38867 0.207031 0.392581 0.208975 0.392581 0.21094 0.394534 0.207031 0.398437 0.207031 0.400389 0.201178 0.406251 0.201178 0.408203 0.193361 0.416018 0.193361 0.41797 0.187508 0.423825 0.187508 0.425784 0.181634 0.43164 0.181634 0.433591 0.173837 0.441406 0.173837 0.443357 0.167964 0.44922 0.167964 0.451172 0.160146 0.458986 0.160146 0.460938 0.154293 0.466794 0.154293 0.468753 0.14844 0.474608 0.119135 0.474608 0.11719 0.47656 0.087885 0.47656 0.091794 0.47656 0.093758 0.478519 0.097646 0.478519 0.099611 0.480471 0.10352 0.480471 0.105464 0.482422 0.107429 0.482422 0.109373 0.484375 0.113281 0.484375 0.115226 0.486326 0.119135 0.486326 0.121099 0.488278 0.125008 0.488278 0.126952 0.490237 0.126952 0.494141 0.128896 0.496093 0.128896 0.500004 0.144531 0.500004 0.14844 0.503907 0.14844 0.505859 0.152349 0.509762 0.152349 0.511722 0.158202 0.517577 0.158202 0.519529 0.162111 0.52344 0.162111 0.525392 0.164055 0.527343 0.16602 0.525392 0.167964 0.525392 0.167964 0.505859 0.16602 0.503907 0.16602 0.482422 0.197269 0.451172 0.197269 0.44922 0.230463 0.416018 0.25586 0.441406 0.25586 0.443357 0.257804 0.445309 0.257804 0.447268 0.259769 0.44922 0.259769 0.451172 0.261713 0.453124 0.261713 0.455076 0.263678 0.457035 0.263678 0.458986 0.265622 0.460938 0.265622 0.46289 0.267586 0.464842 0.267586 0.466794 0.269531 0.468753 0.269531 0.470705 0.271475 0.472656 0.271475 0.474608 0.273439 0.47656 0.273439 0.478519 0.275384 0.480471 0.275384 0.482422 0.277348 0.484375 0.277348 0.486326 0.279293 0.488278 0.279293 0.490237 0.281257 0.492189 0.281257 0.494141 0.283201 0.496093 0.283201 0.498044 0.285166 0.500004 0.285166 0.501956 0.289054 0.505859 0.289054 0.507811 0.291019 0.509762 0.291019 0.507811 0.292963 0.505859 0.292963 0.503907 0.294928 0.501956 0.294928 0.496093 0.292963 0.494141 0.292963 0.486326 0.291019 0.484375 0.291019 0.47656 0.289054 0.474608 0.289054 0.466794 0.28711 0.464842 0.28711 0.457035 0.285166 0.455076 0.285166 0.447268 0.283201 0.445309 0.283201 0.437502 0.281257 0.43555 0.281257 0.427736 0.279293 0.425784 0.279293 0.41797 0.277348 0.416018 0.277348 0.412107 0.279293 0.410155 0.279293 0.408203 0.281257 0.406251 0.281257 0.4043 0.283201 0.40234 0.283201 0.400389 0.28711 0.396485 0.28711 0.394534 0.289054 0.392581 0.289054 0.390622 0.291019 0.38867 0.291019 0.386719 0.292963 0.384767 0.285166 0.376953 0.275384 0.386719 0.273439 0.386719 0.267586 0.392581 0.265622 0.390622 0.265622 0.375001 0.267586 0.373049 0.267586 0.371097 0.273439 0.365234 0.273439 0.363283 0.279293 0.35742 0.279293 0.355468 0.285166 0.349613 0.285166 0.347654 0.291019 0.341798 0.291019 0.339847 0.296872 0.333983 0.296872 0.332032 0.302725 0.326169 0.302725 0.324217 0.308598 0.318362 0.308598 0.316403 0.314451 0.310547 0.314451 0.308596 0.31836 0.304685 0.31836 0.302733 0.320304 0.300781 0.320304 0.294919 0.322269 0.292967 0.322269 0.291015
0 0.976571 0.253909 0.974606 0.25586 0.972662 0.25586 0.972662 0.273434 0.976571 0.273434 0.978515 0.275393 0.982424 0.271482 0.982424 0.265627 0.980459 0.263675 0.980459 0.25586 0.978515 0.25586
0 0.919924 0.296878 0.917959 0.29883 0.914071 0.29883 0.912106 0.300781 0.908197 0.300781 0.906253 0.302733 0.904289 0.302733 0.904289 0.308596 0.908197 0.308596 0.910162 0.306644 0.923833 0.306644 0.923833 0.29883 0.921868 0.29883
0 0.937503 0.697267 0.935539 0.699218 0.935539 0.703122 0.937503 0.705081 0.949209 0.705081 0.951174 0.703122 0.951174 0.70117 0.953118 0.699218 0.951174 0.699218 0.949209 0.697267
0 0.937503 0.664064 0.937503 0.666016 0.935539 0.667968 0.935539 0.671879 0.937503 0.673831 0.949209 0.673831 0.953118 0.669919 0.953118 0.666016 0.951174 0.664064
0 0.914071 0.171875 0.912106 0.173827 0.906253 0.173827 0.904289 0.175778 0.898436 0.175778 0.896492 0.177738 0.896492 0.17969 0.894527 0.181641 0.896492 0.181641 0.898436 0.183593 0.912106 0.183593 0.914071 0.181641 0.916015 0.181641 0.916015 0.175778 0.914071 0.173827
0 0.917959 0.257812 0.916015 0.259764 0.904289 0.259764 0.902344 0.261716 0.9004 0.261716 0.9004 0.265627 0.902344 0.267579 0.916015 0.267579 0.917959 0.265627 0.919924 0.265627 0.919924 0.263675 0.921868 0.261716
0 0.947265 0.64258 0.945321 0.644532 0.933594 0.644532 0.929686 0.648435 0.929686 0.652346 0.93165 0.654298 0.93165 0.65625 0.933594 0.654298 0.939447 0.654298 0.941412 0.652346 0.949209 0.652346 0.951174 0.650394 0.951174 0.644532 0.949209 0.644532
0 0.984368 0.494141 0.982424 0.496093 0.982424 0.509762 0.984368 0.509762 0.986332 0.511722 0.988276 0.509762 0.992185 0.509762 0.992185 0.498044 0.990241 0.496093 0.990241 0.494141
0 0.478518 0.886715 0.476553 0.888674 0.476553 0.892578 0.474609 0.89453 0.474609 0.900393 0.476553 0.902344 0.476553 0.906248 0.482426 0.906248 0.482426 0.904296 0.484371 0.902344 0.484371 0.888674 0.482426 0.886715
0 0.986332 0.177738 0.982424 0.181641 0.982424 0.187497 0.984368 0.189456 0.984368 0.195311 0.986332 0.197263 0.990241 0.197263 0.992185 0.195311 0.992185 0.17969 0.990241 0.177738
0 0.925777 0.560545 0.925777 0.562498 0.923833 0.564456 0.923833 0.56836 0.925777 0.56836 0.927741 0.570312 0.929686 0.56836 0.939447 0.56836 0.941412 0.566409 0.945321 0.566409 0.945321 0.562498 0.941412 0.562498 0.939447 0.560545
0 0.955083 0.734373 0.953118 0.736324 0.949209 0.736324 0.947265 0.738284 0.941412 0.738284 0.939447 0.740235 0.937503 0.740235 0.939447 0.742187 0.939447 0.744139 0.955083 0.744139 0.957027 0.742187 0.958992 0.742187 0.958992 0.738284
1 0.488279 0.949217 0.482426 0.955079 0.482426 1 0.484371 1 0.484371 1 0.488279 1 0.492188 1 0.494132 1 0.494132 0.982419 0.496097 0.980467 0.496097 0.957031 0.494132 0.955079 0.494132 0.951169 0.490244 0.951169
0 0.953118 0.724607 0.951174 0.726566 0.941412 0.726566 0.939447 0.728518 0.937503 0.728518 0.937503 0.730469 0.939447 0.73242 0.939447 0.734373 0.941412 0.73242 0.953118 0.73242 0.955083 0.730469 0.957027 0.730469 0.955083 0.728518 0.955083 0.726566
0 0.986332 0.615232 0.984368 0.617184 0.984368 0.621095 0.986332 0.623047 0.986332 0.62891 0.988276 0.630861 0.988276 0.632813 0.990241 0.634765 0.99415 0.630861 0.99415 0.617184 0.992185 0.615232
0 0.960936 0.945313 0.957027 0.949217 0.955083 0.949217 0.957027 0.951169 0.957027 0.953128 0.958992 0.953128 0.960936 0.955079 0.972662 0.955079 0.974606 0.953128 0.974606 0.951169 0.976571 0.949217 0.976571 0.947265 0.974606 0.947265 0.972662 0.945313
0 0.976571 0.466794 0.976571 0.468753 0.974606 0.470705 0.974606 0.482422 0.976571 0.484375 0.976571 0.486326 0.978515 0.486326 0.980459 0.488278 0.980459 0.486326 0.982424 0.484375 0.982424 0.470705 0.980459 0.468753 0.980459 0.466794
0 0.904289 0.123044 0.902344 0.125003 0.892583 0.125003 0.890618 0.126955 0.888674 0.126955 0.888674 0.130858 0.890618 0.13281 0.892583 0.130858 0.904289 0.130858 0.906253 0.128906 0.908197 0.128906 0.908197 0.125003 0.906253 0.125003
0 0.955083 0.767575 0.953118 0.769534 0.949209 0.769534 0.947265 0.771486 0.941412 0.771486 0.939447 0.773438 0.939447 0.779294 0.943356 0.779294 0.945321 0.777341 0.957027 0.777341 0.958992 0.77539 0.958992 0.771486
0 0.998038 0.466794 0.998038 0.468753 0.996094 0.470705 0.996094 0.486326 0.998038 0.484375 1 0.484375 1 0.482422 1 0.482422 1 0.470705 1 0.468753 1 0.466794
0 0.988276 0.398437 0.986332 0.400389 0.984368 0.400389 0.982424 0.40234 0.982424 0.406251 0.984368 0.408203 0.984368 0.414066 0.986332 0.416018 0.990241 0.416018 0.992185 0.414066 0.992185 0.408203 0.990241 0.406251 0.990241 0.400389
0 0.935539 0.505859 0.933594 0.507811 0.929686 0.507811 0.927741 0.509762 0.919924 0.509762 0.919924 0.515625 0.929686 0.515625 0.93165 0.513673 0.935539 0.513673 0.937503 0.511722 0.939447 0.513673 0.941412 0.511722 0.939447 0.509762 0.939447 0.507811 0.937503 0.507811
0 0.919924 0.351565 0.917959 0.353517 0.910162 0.353517 0.908197 0.355468 0.906253 0.355468 0.906253 0.359372 0.908197 0.359372 0.910162 0.361331 0.921868 0.361331 0.923833 0.359372 0.925777 0.359372 0.925777 0.35742 0.923833 0.355468 0.923833 0.353517 0.921868 0.353517
0 0.976571 0.98633 0.974606 0.988282 0.960936 0.988282 0.958992 0.990233 0.957027 0.990233 0.957027 0.994137 0.958992 0.994137 0.960936 0.996096 0.976571 0.996096 0.978515 0.994137 0.978515 0.990233 0.976571 0.988282
0 0.908197 0.16406 0.906253 0.166012 0.894527 0.166012 0.892583 0.167972 0.892583 0.171875 0.894527 0.173827 0.896492 0.171875 0.908197 0.171875 0.910162 0.169923 0.912106 0.169923 0.912106 0.166012 0.910162 0.166012
0 0.947265 0.632813 0.945321 0.634765 0.935539 0.634765 0.933594 0.636717 0.93165 0.636717 0.93165 0.640628 0.933594 0.640628 0.935539 0.64258 0.937503 0.640628 0.947265 0.640628 0.949209 0.638669 0.951174 0.638669 0.951174 0.634765 0.949209 0.634765
0 0.923833 0.371097 0.921868 0.373049 0.910162 0.373049 0.908197 0.375001 0.910162 0.376953 0.910162 0.378904 0.914071 0.378904 0.916015 0.376953 0.923833 0.376953 0.927741 0.373049 0.927741 0.371097
1 0.408201 0.744139 0.408201 0.765623 0.410165 0.767575 0.410165 0.787107 0.412109 0.78906 0.412109 0.791018 0.417962 0.791018 0.417962 0.78906 0.419927 0.787107 0.419927 0.777341 0.417962 0.77539 0.417962 0.757809 0.416018 0.755857 0.416018 0.74805 0.414053 0.746091 0.414053 0.744139
0 0.968753 0.201174 0.968753 0.203126 0.966788 0.205078 0.966788 0.21094 0.964844 0.212892 0.964844 0.216795 0.968753 0.220706 0.972662 0.220706 0.976571 0.216795 0.976571 0.21094 0.974606 0.208981 0.974606 0.203126 0.972662 0.201174
0 0.935539 0.496093 0.933594 0.498044 0.921868 0.498044 0.919924 0.500004 0.919924 0.501956 0.917959 0.503907 0.917959 0.505859 0.919924 0.505859 0.921868 0.507811 0.923833 0.505859 0.929686 0.505859 0.93165 0.503907 0.937503 0.503907 0.939447 0.501956 0.939447 0.498044 0.937503 0.498044
0 0.93165 0.443357 0.929686 0.445309 0.925777 0.445309 0.923833 0.447268 0.919924 0.447268 0.917959 0.44922 0.916015 0.44922 0.916015 0.453124 0.93165 0.453124 0.935539 0.44922 0.935539 0.445309 0.933594 0.445309
0 0.943356 0.56836 0.941412 0.570312 0.937503 0.570312 0.935539 0.572264 0.929686 0.572264 0.925777 0.576175 0.925777 0.580079 0.927741 0.58203 0.929686 0.580079 0.935539 0.580079 0.937503 0.578127 0.945321 0.578127 0.945321 0.576175 0.947265 0.574216 0.947265 0.570312 0.945321 0.570312
0 0.998038 0.396485 0.996094 0.398437 0.99415 0.398437 0.992185 0.400389 0.992185 0.406251 0.99415 0.408203 0.99415 0.416018 1 0.416018 1 0.398437
0 0.941412 0.580079 0.939447 0.58203 0.929686 0.58203 0.927741 0.583982 0.927741 0.589845 0.937503 0.589845 0.939447 0.587893 0.945321 0.587893 0.943356 0.585941 0.943356 0.583982 0.941412 0.58203
0 1 0.193359 0.998038 0.195311 0.99415 0.195311 0.99415 0.203126 0.996094 0.205078 0.996094 0.214844 0.998038 0.216795 1 0.214844 1 0.214844 1 0.212892 1 0.21094 1 0.205078 1 0.203126 1 0.195311 1 0.195311
0 0.001953 0.249998 0.000009 0.25195 0.000009 0.265627 0.001953 0.267579 0.001953 0.269531 0.003897 0.271482 0.003897 0.273434 0.005862 0.271482 0.007806 0.271482 0.007806 0.269531 0.00977 0.267579 0.00977 0.25195 0.007806 0.25195 0.005862 0.249998
0 0.904289 0.109374 0.902344 0.111325 0.890618 0.111325 0.888674 0.113285 0.886709 0.113285 0.886709 0.11914 0.888674 0.11914 0.890618 0.121092 0.892583 0.11914 0.904289 0.11914 0.906253 0.117188 0.908197 0.117188 0.908197 0.111325 0.906253 0.111325
0 0.375006 0.400389 0.375006 0.40234 0.373042 0.4043 0.373042 0.416018 0.375006 0.41797 0.380859 0.41797 0.380859 0.416018 0.382804 0.414066 0.382804 0.40234 0.380859 0.40234 0.378915 0.400389
0 0.996094 0.490237 0.996094 0.492189 0.99415 0.494141 0.99415 0.503907 0.996094 0.505859 0.996094 0.507811 0.998038 0.507811 1 0.509762 1 0.507811 1 0.501956 1 0.500004 1 0.494141 1 0.492189 1 0.490237
0 0.960936 0.777341 0.958992 0.779294 0.953118 0.779294 0.951174 0.781252 0.943356 0.781252 0.941412 0.783204 0.941412 0.787107 0.960936 0.787107 0.9629 0.785156 0.964844 0.785156 0.964844 0.783204 0.9629 0.781252 0.9629 0.779294
0 0.9629 0.25586 0.9629 0.257812 0.960936 0.259764 0.960936 0.267579 0.9629 0.269531 0.9629 0.271482 0.966788 0.271482 0.968753 0.269531 0.970697 0.269531 0.970697 0.265627 0.968753 0.263675 0.968753 0.257812 0.966788 0.25586
0 0.960936 0.810544 0.958992 0.812503 0.947265 0.812503 0.945321 0.814455 0.943356 0.814455 0.943356 0.816407 0.947265 0.82031 0.949209 0.818358 0.9629 0.818358 0.9629 0.816407 0.964844 0.814455 0.964844 0.812503 0.9629 0.812503
0 0.921868 0.474608 0.921868 0.47656 0.919924 0.478519 0.919924 0.480471 0.917959 0.482422 0.919924 0.482422 0.921868 0.484375 0.933594 0.484375 0.937503 0.480471 0.937503 0.478519 0.935539 0.47656 0.935539 0.474608
0 0.9629 0.851561 0.960936 0.853513 0.951174 0.853513 0.949209 0.855472 0.947265 0.855472 0.947265 0.857423 0.949209 0.859375 0.9629 0.859375 0.964844 0.857423 0.966788 0.857423 0.966788 0.853513 0.964844 0.853513
0 0.105464 0.130858 0.10352 0.13281 0.099611 0.13281 0.099611 0.138672 0.101555 0.140624 0.121099 0.140624 0.123043 0.138672 0.125008 0.138672 0.125008 0.136721 0.121099 0.13281 0.107429 0.13281
0 0.976571 0.021484 0.974606 0.023436 0.972662 0.023436 0.972662 0.027347 0.974606 0.027347 0.978515 0.031251 0.980459 0.029299 0.982424 0.031251 0.996094 0.031251 0.996094 0.029299 0.998038 0.027347 0.998038 0.025388 0.996094 0.023436 0.996094 0.021484
0 0.9629 0.861327 0.960936 0.863279 0.951174 0.863279 0.949209 0.865231 0.947265 0.865231 0.947265 0.869142 0.949209 0.871094 0.949209 0.873045 0.951174 0.871094 0.955083 0.871094 0.957027 0.869142 0.9629 0.869142 0.964844 0.86719 0.968753 0.86719
0 0.910162 0.335936 0.906253 0.339847 0.904289 0.339847 0.904289 0.34375 0.910162 0.349613 0.912106 0.347654 0.925777 0.347654 0.925777 0.345702 0.927741 0.34375 0.925777 0.341798 0.925777 0.339847 0.923833 0.337887 0.912106 0.337887
0 0.943356 0.757809 0.939447 0.76172 0.939447 0.767575 0.953118 0.767575 0.955083 0.765623 0.957027 0.767575 0.958992 0.765623 0.960936 0.765623 0.958992 0.763671 0.958992 0.76172 0.957027 0.759768 0.945321 0.759768
0 0.939447 0.527343 0.937503 0.529295 0.933594 0.529295 0.93165 0.531247 0.925777 0.531247 0.923833 0.533206 0.923833 0.535158 0.925777 0.535158 0.927741 0.537109 0.937503 0.537109 0.939447 0.535158 0.941412 0.535158 0.943356 0.533206 0.941412 0.531247 0.941412 0.529295
0 0.927741 0.414066 0.925777 0.416018 0.919924 0.416018 0.917959 0.41797 0.916015 0.41797 0.916015 0.421873 0.927741 0.421873 0.929686 0.423825 0.93165 0.423825 0.93165 0.421873 0.933594 0.419921 0.933594 0.41797 0.93165 0.416018 0.93165 0.414066
0 0.964844 0.277345 0.964844 0.279297 0.9629 0.281249 0.9629 0.291015 0.964844 0.292967 0.966788 0.292967 0.968753 0.294919 0.970697 0.292967 0.972662 0.292967 0.972662 0.287111 0.970697 0.28516 0.970697 0.279297 0.968753 0.277345
0 0.933594 0.453124 0.93165 0.455076 0.919924 0.455076 0.917959 0.457035 0.914071 0.457035 0.914071 0.46289 0.916015 0.46289 0.917959 0.464842 0.933594 0.464842 0.935539 0.46289 0.937503 0.46289 0.937503 0.458986 0.935539 0.457035 0.935539 0.455076
0 0.968753 0.324217 0.968753 0.326169 0.966788 0.328129 0.966788 0.337887 0.968753 0.339847 0.968753 0.34375 0.972662 0.34375 0.976571 0.339847 0.976571 0.328129 0.972662 0.324217
1 0.207031 0.054687 0.205087 0.056639 0.205087 0.05859 0.201178 0.062501 0.201178 0.070316 0.203122 0.072268 0.203122 0.093752 0.205087 0.0918 0.212884 0.0918 0.216793 0.087889 0.216793 0.074219 0.214849 0.072268 0.214849 0.05859 0.212884 0.056639 0.212884 0.054687
0 0.982424 0.345702 0.980459 0.347654 0.980459 0.353517 0.978515 0.355468 0.978515 0.361331 0.984368 0.361331 0.986332 0.363283 0.986332 0.345702
0 0.910162 0.142576 0.908197 0.144528 0.898436 0.144528 0.896492 0.146487 0.894527 0.146487 0.894527 0.152342 0.896492 0.154294 0.898436 0.152342 0.910162 0.152342 0.914071 0.148439 0.912106 0.146487 0.912106 0.144528
0 0.957027 0.935546 0.955083 0.937498 0.955083 0.94141 0.957027 0.943361 0.970697 0.943361 0.972662 0.94141 0.974606 0.94141 0.974606 0.937498 0.972662 0.937498 0.970697 0.935546
0 0.935539 0.519529 0.933594 0.521488 0.923833 0.521488 0.921868 0.52344 0.921868 0.527343 0.923833 0.529295 0.93165 0.529295 0.933594 0.527343 0.937503 0.527343 0.939447 0.525392 0.941412 0.525392 0.941412 0.521488 0.937503 0.521488
0 0.929686 0.43555 0.927741 0.437502 0.919924 0.437502 0.917959 0.439454 0.916015 0.439454 0.916015 0.441406 0.917959 0.441406 0.919924 0.443357 0.929686 0.443357 0.93165 0.441406 0.933594 0.441406 0.935539 0.439454 0.935539 0.437502 0.93165 0.437502
0 0.951174 0.705081 0.949209 0.707033 0.939447 0.707033 0.935539 0.710937 0.935539 0.712888 0.937503 0.712888 0.939447 0.714848 0.941412 0.712888 0.949209 0.712888 0.951174 0.710937 0.955083 0.710937 0.955083 0.708984
0 0.904289 0.246095 0.902344 0.248046 0.902344 0.253909 0.904289 0.25586 0.917959 0.25586 0.921868 0.25195 0.919924 0.249998 0.919924 0.248046 0.917959 0.248046 0.916015 0.246095
0 0.958992 0.923829 0.955083 0.927732 0.953118 0.927732 0.953118 0.929684 0.955083 0.931643 0.955083 0.933595 0.968753 0.933595 0.970697 0.931643 0.972662 0.931643 0.972662 0.927732 0.968753 0.923829
0 0.000009 0 0.000009 0 0 0 0 0.003903 0 0.005862 0 0.013669 0 0.013669 0.000009 0.015621 0.003897 0.015621 0.005862 0.013669 0.005862 0.011718 0.007806 0.009766 0.007806 0.007814 0.00977 0.005862 0.00977 0.003903 0.011715 0.001952 0.011715 0 0.00977 0 0.007806 0
0 0.908197 0.13281 0.906253 0.134769 0.896492 0.134769 0.894527 0.136721 0.892583 0.136721 0.892583 0.140624 0.912106 0.140624 0.912106 0.134769 0.910162 0.134769
0 0.939447 0.546876 0.937503 0.548828 0.933594 0.548828 0.93165 0.550779 0.925777 0.550779 0.925777 0.552732 0.923833 0.55469 0.923833 0.556642 0.925777 0.558594 0.939447 0.558594 0.943356 0.55469 0.943356 0.548828 0.941412 0.548828
0 0.955083 0.746091 0.953118 0.74805 0.949209 0.74805 0.947265 0.750002 0.941412 0.750002 0.939447 0.751954 0.937503 0.751954 0.937503 0.753905 0.941412 0.757809 0.943356 0.755857 0.955083 0.755857 0.955083 0.753905 0.957027 0.751954 0.957027 0.74805
0 0.978515 0.277345 0.974606 0.281249 0.974606 0.291015 0.978515 0.294919 0.982424 0.294919 0.982424 0.291015 0.980459 0.289063 0.980459 0.28516 0.982424 0.283201 0.982424 0.277345
0 0.949209 0.683597 0.947265 0.685548 0.937503 0.685548 0.935539 0.6875 0.933594 0.6875 0.933594 0.691404 0.935539 0.691404 0.937503 0.693363 0.951174 0.693363 0.953118 0.691404 0.953118 0.6875
0 0.927741 0.390622 0.925777 0.392581 0.916015 0.392581 0.912106 0.396485 0.912106 0.398437 0.914071 0.400389 0.927741 0.400389 0.93165 0.396485 0.933594 0.396485 0.93165 0.394534 0.93165 0.392581 0.929686 0.392581