0 0.667966 0.624999 0.667966 0.626948 0.666013 0.628909 0.666013 0.634769 0.664062 0.636718 0.664062 0.640629 0.666013 0.642579 0.666013 0.644528 0.667966 0.644528 0.669918 0.646489 0.671869 0.644528 0.671869 0.636718 0.673833 0.634769 0.673833 0.626948 0.671869 0.626948 0.669918 0.624999
0 0.923828 0.837895 0.919924 0.841794 0.919924 0.847654 0.917973 0.849615 0.917973 0.855463 0.919924 0.855463 0.921876 0.857424 0.923828 0.857424 0.923828 0.851565 0.92578 0.849615 0.92578 0.843755 0.927732 0.841794 0.92578 0.839845 0.92578 0.837895
0 0.982423 0.58008 0.982423 0.58594 0.984375 0.587889 0.992183 0.587889 0.994135 0.589839 0.996099 0.587889 0.998051 0.587889 0.998051 0.58008
0 0.792963 0.425783 0.792963 0.427732 0.791011 0.429682 0.791011 0.431643 0.789059 0.433592 0.791011 0.435542 0.791011 0.437503 0.792963 0.437503 0.796878 0.433592 0.796878 0.431643 0.798831 0.429682 0.798831 0.427732 0.796878 0.425783
0 0.837894 0.820315 0.837894 0.830074 0.835941 0.832035 0.835941 0.835934 0.837894 0.835934 0.839846 0.837895 0.841798 0.837895 0.84375 0.835934 0.84375 0.832035 0.845702 0.830074 0.845702 0.826175 0.84375 0.824214 0.84375 0.822265 0.841798 0.820315
0 0.724608 0.638668 0.720704 0.642579 0.720704 0.662108 0.722656 0.664057 0.724608 0.664057 0.726561 0.666018 0.728513 0.664057 0.730464 0.664057 0.730464 0.656248 0.732416 0.654298 0.732416 0.644528 0.730464 0.642579 0.730464 0.640629 0.728513 0.638668
0 0.912105 0.835934 0.912105 0.837895 0.910153 0.839845 0.910153 0.845705 0.9082 0.847654 0.9082 0.853514 0.910153 0.855463 0.910153 0.857424 0.914068 0.857424 0.91602 0.855463 0.91602 0.849615 0.917973 0.847654 0.917973 0.837895 0.91602 0.837895 0.914068 0.835934
0 0.533208 0.628909 0.533208 0.632808 0.537111 0.636718 0.539064 0.636718 0.54492 0.642579 0.552739 0.642579 0.552739 0.638668 0.550776 0.636718 0.548823 0.636718 0.54492 0.632808 0.542968 0.632808 0.539064 0.628909
0 0.917973 0.974612 0.91602 0.976562 0.914068 0.976562 0.912105 0.978511 0.914068 0.980472 0.914068 0.982422 0.92578 0.982422 0.927732 0.980472 0.929685 0.980472 0.929685 0.978511 0.927732 0.976562 0.927732 0.974612
0 0.976567 0.57813 0.972651 0.582029 0.970699 0.582029 0.970699 0.587889 0.968748 0.589839 0.968748 0.593749 0.970699 0.595699 0.970699 0.59766 0.976567 0.59766 0.978518 0.595699 0.978518 0.58008
0 0.884765 0.919923 0.880861 0.923834 0.878909 0.923834 0.878909 0.925783 0.876957 0.927732 0.878909 0.927732 0.880861 0.929682 0.896489 0.929682 0.896489 0.925783 0.894537 0.923834 0.894537 0.921872 0.886717 0.921872
0 0.906248 0.880864 0.904297 0.882814 0.904297 0.888674 0.902345 0.890623 0.902345 0.896483 0.900393 0.898432 0.902345 0.900394 0.9082 0.900394 0.9082 0.898432 0.910153 0.896483 0.910153 0.890623 0.912105 0.888674 0.912105 0.884763 0.910153 0.882814 0.910153 0.880864
0 0.941408 0.843755 0.939456 0.845705 0.939456 0.847654 0.937504 0.849615 0.937504 0.855463 0.935552 0.857424 0.935552 0.859374 0.937504 0.861323 0.941408 0.861323 0.943359 0.859374 0.943359 0.857424 0.945312 0.855463 0.945312 0.849615 0.947264 0.847654 0.945312 0.845705 0.945312 0.843755
0 0.595707 0.601558 0.593754 0.60352 0.589839 0.60352 0.589839 0.60938 0.587887 0.611329 0.587887 0.617189 0.593754 0.617189 0.593754 0.611329 0.595707 0.60938
0 0.974615 0.632808 0.974615 0.634769 0.972651 0.636718 0.972651 0.640629 0.988279 0.640629 0.988279 0.636718 0.986327 0.634769 0.986327 0.632808
0 0.804687 0.427732 0.802734 0.429682 0.800783 0.429682 0.798831 0.431643 0.798831 0.433592 0.794927 0.437503 0.796878 0.439452 0.800783 0.439452 0.804687 0.435542 0.804687 0.433592 0.806639 0.431643 0.806639 0.429682
0 0.951168 0.892573 0.949216 0.894534 0.947264 0.894534 0.947264 0.906254 0.955084 0.906254 0.955084 0.900394 0.957035 0.898432 0.957035 0.894534 0.955084 0.892573
0 0.785155 0.644528 0.783203 0.646489 0.781251 0.646489 0.781251 0.652349 0.779299 0.654298 0.779299 0.660158 0.781251 0.662108 0.783203 0.662108 0.785155 0.664057 0.787107 0.664057 0.787107 0.646489
8 0.863281 0.751957 0.861329 0.753906 0.85351 0.753906 0.851558 0.755856 0.841798 0.755856 0.837894 0.759766 0.837894 0.761715 0.832026 0.767576 0.832026 0.773435 0.833989 0.775385 0.833989 0.787105 0.835941 0.789066 0.835941 0.794926 0.837894 0.796875 0.837894 0.798825 0.839846 0.800786 0.839846 0.802736 0.841798 0.804685 0.841798 0.806646 0.847653 0.812494 0.849606 0.812494 0.859378 0.822265 0.876957 0.822265 0.878909 0.824214 0.880861 0.822265 0.884765 0.822265 0.886717 0.820315 0.888669 0.820315 0.890621 0.818354 0.894537 0.818354 0.89844 0.814455 0.89844 0.812494 0.906248 0.804685 0.906248 0.802736 0.912105 0.796875 0.912105 0.794926 0.91602 0.791015 0.91602 0.769537 0.904297 0.757817 0.900393 0.757817 0.89844 0.755856 0.894537 0.755856 0.892573 0.753906 0.888669 0.753906 0.886717 0.751957
0 0.970699 0.648438 0.966796 0.652349 0.968748 0.654298 0.968748 0.658209 0.974615 0.658209 0.976567 0.660158 0.980471 0.660158 0.982423 0.662108 0.984375 0.660158 0.984375 0.658209 0.986327 0.656248 0.984375 0.654298 0.984375 0.652349 0.978518 0.652349 0.976567 0.650388 0.972651 0.650388
0 0.851558 0.869145 0.849606 0.871094 0.847653 0.871094 0.847653 0.876954 0.845702 0.878903 0.845702 0.884763 0.849606 0.888674 0.855474 0.888674 0.855474 0.886725 0.857426 0.884763 0.857426 0.878903 0.859378 0.876954 0.859378 0.873043 0.857426 0.871094 0.857426 0.869145
0 0.51758 0.650388 0.51758 0.656248 0.523437 0.662108 0.529292 0.662108 0.529292 0.658209 0.525389 0.654298 0.525389 0.652349 0.523437 0.650388
0 0.888669 0.60352 0.886717 0.605469 0.884765 0.605469 0.882813 0.607419 0.880861 0.607419 0.880861 0.61524 0.878909 0.617189 0.878909 0.623049 0.880861 0.624999 0.882813 0.623049 0.886717 0.623049 0.888669 0.621088 0.890621 0.621088 0.890621 0.607419 0.888669 0.605469
0 0.935552 0.888674 0.933588 0.890623 0.931637 0.890623 0.931637 0.898432 0.929685 0.900394 0.929685 0.906254 0.931637 0.906254 0.933588 0.908203 0.935552 0.908203 0.935552 0.906254 0.937504 0.904292 0.937504 0.898432 0.939456 0.896483 0.939456 0.892573
0 0.855474 0.828125 0.855474 0.833985 0.85351 0.835934 0.85351 0.839845 0.855474 0.841794 0.855474 0.843755 0.859378 0.843755 0.861329 0.841794 0.861329 0.837895 0.863281 0.835934 0.863281 0.828125
0 0.962892 0.845705 0.960939 0.847654 0.957035 0.847654 0.957035 0.853514 0.955084 0.855463 0.955084 0.861323 0.957035 0.863284 0.960939 0.863284 0.960939 0.861323 0.962892 0.859374
0 0.87109 0.876954 0.87109 0.882814 0.869137 0.884763 0.869137 0.890623 0.867186 0.892573 0.869137 0.894534 0.87109 0.894534 0.875006 0.890623 0.875006 0.886725 0.876957 0.884763 0.876957 0.880864 0.875006 0.878903 0.875006 0.876954
0 0.552739 0.60938 0.550776 0.611329 0.548823 0.611329 0.546872 0.613278 0.546872 0.61524 0.548823 0.617189 0.550776 0.617189 0.554691 0.621088 0.556643 0.621088 0.560548 0.624999 0.560548 0.621088 0.562499 0.619138 0.562499 0.61524 0.560548 0.61524 0.556643 0.611329 0.554691 0.611329
0 0.990232 0.566411 0.988279 0.56836 0.986327 0.56836 0.986327 0.576169 0.998051 0.576169 1 0.57813 1 0.576169 1 0.576169 1 0.570309 0.998051 0.570309 0.996099 0.56836 0.992183 0.56836
1 0.966796 0.599609 0.962892 0.60352 0.962892 0.611329 0.960939 0.613278 0.960939 0.621088 0.962892 0.623049 0.972651 0.623049 0.972651 0.60352 0.970699 0.601558 0.968748 0.601558
0 0.988279 0.853514 0.984375 0.857424 0.982423 0.857424 0.982423 0.863284 0.980471 0.865234 0.980471 0.871094 0.982423 0.871094 0.984375 0.873043 0.990232 0.873043 0.990232 0.857424 0.988279 0.855463
0 0.962892 0.679688 0.958987 0.683598 0.960939 0.685548 0.960939 0.687497 0.968748 0.687497 0.970699 0.689458 0.976567 0.689458 0.976567 0.687497 0.978518 0.685548 0.978518 0.683598 0.976567 0.681637 0.976567 0.679688
0 0.917973 0.884763 0.91602 0.886725 0.914068 0.886725 0.914068 0.888674 0.912105 0.890623 0.912105 0.896483 0.910153 0.898432 0.910153 0.902343 0.912105 0.902343 0.914068 0.904292 0.917973 0.904292 0.917973 0.896483 0.919924 0.894534 0.919924 0.884763
0 0.611323 0.611329 0.60937 0.613278 0.607418 0.613278 0.607418 0.619138 0.605467 0.621088 0.605467 0.626948 0.607418 0.628909 0.611323 0.628909 0.613286 0.626948 0.613286 0.621088 0.615238 0.619138 0.615238 0.61524 0.613286 0.613278 0.613286 0.611329
0 0.863281 0.873043 0.861329 0.875005 0.861329 0.876954 0.859378 0.878903 0.859378 0.890623 0.867186 0.890623 0.867186 0.884763 0.869137 0.882814 0.869137 0.876954 0.867186 0.875005 0.867186 0.873043
0 0.865233 0.830074 0.865233 0.835934 0.863281 0.837895 0.863281 0.843755 0.867186 0.843755 0.87109 0.839845 0.87109 0.830074
0 0.894537 0.880864 0.896489 0.882814 0.896489 0.888674 0.894537 0.890623 0.894537 0.898432 0.89844 0.898432 0.900393 0.896483 0.900393 0.890623 0.902345 0.888674 0.902345 0.880864
0 0.886717 0.832035 0.884765 0.833985 0.882813 0.833985 0.882813 0.841794 0.880861 0.843755 0.880861 0.849615 0.882813 0.849615 0.884765 0.851565 0.886717 0.851565 0.886717 0.849615 0.888669 0.847654 0.888669 0.841794 0.890621 0.839845 0.890621 0.835934 0.888669 0.833985 0.888669 0.832035
0 0.707029 0.640629 0.705077 0.642579 0.705077 0.648438 0.703124 0.650388 0.703124 0.660158 0.710933 0.660158 0.710933 0.644528 0.712896 0.642579 0.710933 0.640629
0 0.984375 0.900394 0.984375 0.902343 0.982423 0.904292 0.984375 0.906254 0.984375 0.908203 0.986327 0.908203 0.988279 0.910153 0.992183 0.910153 0.994135 0.912114 0.996099 0.912114 0.998051 0.914063 1 0.914063 1 0.912114 1 0.910153 1 0.908203 1 0.906254 1 0.906254 0.998051 0.904292 0.994135 0.904292 0.992183 0.902343 0.990232 0.902343 0.988279 0.900394
0 0.873042 0.832035 0.873042 0.839845 0.87109 0.841794 0.87109 0.847654 0.873042 0.849615 0.876957 0.849615 0.878909 0.847654 0.878909 0.841794 0.880861 0.839845 0.880861 0.832035
0 0.996099 0.853514 0.992183 0.857424 0.992183 0.873043 0.994135 0.873043 0.996099 0.875005 0.998051 0.873043 1 0.873043 1 0.871094 1 0.857424 1 0.855463 0.998051 0.855463
0 0.628901 0.613278 0.628901 0.61524 0.62695 0.617189 0.62695 0.632808 0.632818 0.632808 0.63477 0.630858 0.63477 0.619138 0.632818 0.617189 0.632818 0.61524 0.630855 0.613278
0 0.523437 0.642579 0.521484 0.644528 0.521484 0.648438 0.523437 0.648438 0.52734 0.652349 0.529292 0.652349 0.533208 0.656248 0.537111 0.656248 0.539064 0.654298 0.539064 0.652349 0.535159 0.648438 0.533208 0.648438 0.52734 0.642579
0 0.7168 0.638668 0.714849 0.640629 0.714849 0.642579 0.712896 0.644528 0.712896 0.660158 0.714849 0.662108 0.7168 0.662108 0.718752 0.660158 0.718752 0.642579 0.720704 0.640629 0.718752 0.638668
0 0.603515 0.605469 0.59961 0.60938 0.597659 0.60938 0.597659 0.61524 0.595707 0.617189 0.595707 0.621088 0.59961 0.624999 0.603515 0.624999 0.603515 0.617189 0.605467 0.61524 0.605467 0.607419
0 0.896489 0.835934 0.894537 0.837895 0.892573 0.837895 0.892573 0.839845 0.890621 0.841794 0.890621 0.847654 0.888669 0.849615 0.888669 0.851565 0.890621 0.853514 0.890621 0.855463 0.892573 0.855463 0.894537 0.857424 0.896489 0.855463 0.89844 0.855463 0.89844 0.847654 0.900393 0.845705 0.900393 0.839845 0.89844 0.837895 0.89844 0.835934
0 0.5 0.681637 0.498049 0.683598 0.494144 0.683598 0.492192 0.685548 0.498049 0.691408 0.498049 0.693357 0.5 0.695318 0.505857 0.695318 0.507809 0.693357 0.509761 0.693357 0.509761 0.689458 0.507809 0.687497 0.505857 0.687497
0 0.951168 0.845705 0.947264 0.849615 0.947264 0.855463 0.945312 0.857424 0.945312 0.863284 0.947264 0.865234 0.947264 0.867183 0.951168 0.867183 0.955084 0.863284 0.95312 0.861323 0.95312 0.855463 0.955084 0.853514 0.955084 0.847654 0.95312 0.847654
0 0.968748 0.849615 0.966796 0.851565 0.964844 0.851565 0.964844 0.859374 0.962892 0.861323 0.962892 0.867183 0.964844 0.869145 0.966796 0.869145 0.968748 0.871094 0.968748 0.869145 0.970699 0.867183 0.970699 0.861323 0.972651 0.859374 0.972651 0.851565 0.970699 0.849615
0 0.917973 0.984371 0.91602 0.986332 0.914068 0.986332 0.914068 0.990231 0.91602 0.992192 0.929685 0.992192 0.931637 0.994142 0.931637 0.988281 0.929685 0.986332 0.929685 0.984371
0 0.660157 0.623049 0.658205 0.624999 0.656254 0.624999 0.656254 0.638668 0.654302 0.640629 0.654302 0.642579 0.656254 0.644528 0.660157 0.644528 0.662109 0.642579 0.662109 0.634769 0.664062 0.632808 0.664062 0.624999 0.662109 0.623049
0 0.833989 0.818354 0.832026 0.820315 0.828122 0.820315 0.828122 0.828125 0.82617 0.830074 0.82617 0.835934 0.828122 0.837895 0.828122 0.839845 0.832026 0.839845 0.832026 0.837895 0.833989 0.835934 0.833989 0.830074 0.835941 0.828125 0.835941 0.818354
0 0.283201 0.974612 0.281249 0.976562 0.279297 0.976562 0.279297 0.980472 0.283201 0.984371 0.283201 0.986332 0.287105 0.990231 0.29102 0.990231 0.292973 0.988281 0.292973 0.982422 0.285153 0.974612
0 0.923828 0.886725 0.921876 0.888674 0.921876 0.894534 0.919924 0.896483 0.919924 0.902343 0.921876 0.904292 0.927732 0.904292 0.927732 0.896483 0.929685 0.894534 0.929685 0.888674 0.927732 0.886725
0 0.933588 0.841794 0.931637 0.843755 0.929685 0.843755 0.929685 0.849615 0.927732 0.851565 0.927732 0.857424 0.929685 0.859374 0.929685 0.861323 0.933588 0.861323 0.933588 0.857424 0.935552 0.855463 0.935552 0.849615 0.937504 0.847654 0.937504 0.845705
0 0.878909 0.875005 0.878909 0.876954 0.876957 0.878903 0.878909 0.880864 0.878909 0.884763 0.876957 0.886725 0.876957 0.890623 0.875006 0.892573 0.876957 0.894534 0.876957 0.896483 0.880861 0.896483 0.882813 0.898432 0.882813 0.894534 0.884765 0.892573 0.884765 0.884763 0.886717 0.882814 0.886717 0.878903 0.884765 0.876954 0.884765 0.875005
0 0.650386 0.621088 0.648435 0.623049 0.646482 0.623049 0.646482 0.630858 0.644529 0.632808 0.644529 0.640629 0.646482 0.640629 0.648435 0.642579 0.652349 0.642579 0.652349 0.640629 0.654302 0.638668 0.654302 0.623049 0.652349 0.621088
0 0.888669 0.878903 0.888669 0.882814 0.886717 0.884763 0.886717 0.892573 0.884765 0.894534 0.886717 0.896483 0.888669 0.896483 0.890621 0.898432 0.892573 0.896483 0.892573 0.890623 0.894537 0.888674 0.894537 0.882814 0.892573 0.880864 0.890621 0.880864
0 0.792963 0.646489 0.791011 0.648438 0.789059 0.648438 0.789059 0.662108 0.791011 0.662108 0.792963 0.664057 0.792963 0.652349 0.794927 0.650388 0.794927 0.648438
0 0.533208 0.634769 0.531256 0.636718 0.52734 0.636718 0.52734 0.640629 0.531256 0.644528 0.533208 0.644528 0.535159 0.646489 0.537111 0.646489 0.541016 0.650388 0.541016 0.648438 0.542968 0.646489 0.541016 0.644528 0.541016 0.642579
0 0.968748 0.896483 0.968748 0.898432 0.966796 0.900394 0.966796 0.910153 0.974615 0.910153 0.974615 0.904292 0.976567 0.902343 0.976567 0.898432 0.974615 0.896483
0 0.638674 0.61524 0.638674 0.617189 0.636722 0.619138 0.636722 0.634769 0.638674 0.634769 0.640626 0.636718 0.642578 0.634769 0.642578 0.630858 0.644529 0.628909 0.644529 0.623049 0.646482 0.621088 0.646482 0.617189 0.640626 0.617189
0 0.798831 0.650388 0.796878 0.652349 0.794927 0.652349 0.794927 0.664057 0.796878 0.666018 0.800783 0.666018 0.802734 0.664057 0.802734 0.656248 0.800783 0.654298 0.800783 0.650388
0 0.298829 0.994142 0.296877 0.996091 0.292973 0.996091 0.292973 1 0.294924 1 0.296877 1 0.30078 1 0.306637 1 0.306637 1 0.308588 1 0.308588 1 0.306637 1 0.302732 0.996091 0.30078 0.996091
8 0.730464 0.718746 0.726561 0.722657 0.724608 0.722657 0.720704 0.726568 0.718752 0.726568 0.7168 0.728517 0.7168 0.730466 0.714849 0.732428 0.714849 0.736326 0.712896 0.738276 0.712896 0.740237 0.710933 0.742186 0.710933 0.746097 0.708981 0.748046 0.708981 0.761715 0.710933 0.763677 0.710933 0.775385 0.714849 0.779295 0.714849 0.781245 0.7168 0.783206 0.718752 0.783206 0.722656 0.787105 0.724608 0.787105 0.726561 0.789066 0.728513 0.789066 0.730464 0.791015 0.732416 0.791015 0.736332 0.794926 0.738283 0.794926 0.740235 0.796875 0.742188 0.794926 0.757815 0.794926 0.759768 0.792965 0.775394 0.792965 0.777347 0.791015 0.779299 0.791015 0.781251 0.789066 0.783203 0.789066 0.785155 0.787105 0.787107 0.787105 0.787107 0.785156 0.789059 0.783206 0.789059 0.781245 0.791011 0.779295 0.791011 0.777346 0.792963 0.775385 0.792963 0.751957 0.791011 0.749996 0.791011 0.748046 0.787107 0.744135 0.787107 0.742186 0.785155 0.740237 0.785155 0.738276 0.781251 0.734377 0.781251 0.732428 0.779299 0.730466 0.777347 0.730466 0.775394 0.728517 0.773443 0.728517 0.77148 0.726568 0.769527 0.726568 0.765624 0.722657 0.763672 0.722657 0.76172 0.720707 0.759768 0.720707 0.757815 0.718746
0 0.298829 0.984371 0.298829 0.990231 0.30078 0.992192 0.304685 0.992192 0.306637 0.994142 0.310552 0.994142 0.312504 0.996091 0.314456 0.994142 0.314456 0.990231 0.312504 0.990231 0.310552 0.988281 0.308588 0.988281 0.306637 0.986332 0.304685 0.986332 0.302732 0.984371
0 0.621094 0.613278 0.619143 0.61524 0.61719 0.61524 0.61719 0.619138 0.615238 0.621088 0.615238 0.628909 0.61719 0.630858 0.61719 0.632808 0.619143 0.632808 0.623046 0.628909 0.623046 0.623049 0.624998 0.621088 0.624998 0.61524 0.623046 0.613278
0 0.960939 0.892573 0.958987 0.894534 0.958987 0.898432 0.957035 0.900394 0.957035 0.906254 0.958987 0.906254 0.960939 0.908203 0.962892 0.908203 0.964844 0.906254 0.964844 0.900394 0.966796 0.898432 0.966796 0.894534 0.962892 0.894534
0 0.876957 0.941402 0.876957 0.943363 0.875006 0.945312 0.875006 0.951172 0.878909 0.951172 0.880861 0.953122 0.882813 0.951172 0.886717 0.951172 0.888669 0.949223 0.888669 0.945312 0.884765 0.945312 0.882813 0.943363 0.878909 0.943363
0 0.847653 0.824214 0.847653 0.830074 0.845702 0.832035 0.845702 0.837895 0.847653 0.839845 0.847653 0.841794 0.849606 0.841794 0.851558 0.839845 0.851558 0.835934 0.85351 0.833985 0.85351 0.828125 0.855474 0.826175 0.85351 0.824214
0 0.974615 0.853514 0.974615 0.863284 0.972651 0.865234 0.972651 0.871094 0.974615 0.873043 0.974615 0.875005 0.978518 0.875005 0.980471 0.873043 0.978518 0.871094 0.978518 0.865234 0.980471 0.863284 0.980471 0.853514
0 0.822267 0.373043 0.818362 0.376954 0.81641 0.376954 0.81641 0.382813 0.814458 0.384763 0.814458 0.390623 0.818362 0.390623 0.820314 0.392572 0.822267 0.390623 0.82617 0.390623 0.82617 0.388674 0.828122 0.386724 0.828122 0.373043
0 0.697268 0.638668 0.697268 0.640629 0.695316 0.642579 0.695316 0.648438 0.693365 0.650388 0.693365 0.658209 0.695316 0.660158 0.699221 0.660158 0.701173 0.658209 0.701173 0.650388 0.703124 0.648438 0.703124 0.642579 0.701173 0.640629 0.699221 0.640629
0 0.878909 0.929682 0.878909 0.931643 0.876957 0.933592 0.876957 0.939452 0.888669 0.939452 0.890621 0.941402 0.892573 0.939452 0.892573 0.935542 0.890621 0.933592 0.886717 0.933592 0.884765 0.931643 0.880861 0.931643