0 0.052734 0.572265 0.044923 0.580077 0.048826 0.583982 0.052734 0.580077 0.054688 0.580077 0.056642 0.578126 0.054688 0.576171 0.054688 0.57422
0 0.064454 0.583982 0.0625 0.585938 0.060546 0.585938 0.056642 0.589843 0.054688 0.589843 0.056642 0.591798 0.056642 0.593749 0.058592 0.595704 0.060546 0.593749 0.0625 0.593749 0.066408 0.589843 0.068362 0.589843 0.066408 0.587893 0.066408 0.585938
0 0.072265 0.525393 0.064454 0.533204 0.068362 0.53711 0.070311 0.535154 0.072265 0.535154 0.076173 0.531249 0.078127 0.531249
1 0.279299 0.636721 0.277345 0.638671 0.275391 0.638671 0.271483 0.642577 0.269534 0.642577 0.26758 0.644532 0.265626 0.644532 0.265626 0.648438 0.263672 0.650388 0.263672 0.65625 0.269534 0.65625 0.271483 0.654299 0.275391 0.654299 0.279299 0.650388 0.279299 0.648438 0.283202 0.644532 0.281248 0.642577 0.281248 0.640626 0.279299 0.638671
0 0.068362 0.601561 0.066408 0.603516 0.064454 0.603516 0.0625 0.605471 0.060546 0.605471 0.064454 0.609376 0.066408 0.607421 0.068362 0.607421 0.070311 0.605471 0.074219 0.605471 0.072265 0.603516 0.072265 0.601561
1 0.171876 0.605471 0.167968 0.609376 0.166014 0.609376 0.160157 0.615233 0.158203 0.615233 0.156249 0.617188 0.158203 0.619138 0.158203 0.621094 0.160157 0.623049 0.16406 0.619138 0.166014 0.619138 0.169922 0.615233 0.171876 0.615233 0.17578 0.611327 0.177733 0.611327
12 0.537108 0.119141 0.535154 0.121096 0.533205 0.121096 0.529297 0.125001 0.527343 0.125001 0.523435 0.128907 0.521486 0.128907 0.517578 0.132813 0.515624 0.132813 0.511721 0.136719 0.509767 0.136719 0.505859 0.140624 0.503905 0.140624 0.500001 0.14453 0.498047 0.14453 0.494139 0.148436 0.492185 0.148436 0.488282 0.152346 0.486328 0.152346 0.48242 0.156251 0.480471 0.156251 0.476563 0.160157 0.474609 0.160157 0.470701 0.164063 0.468752 0.164063 0.464844 0.167969 0.46289 0.167969 0.458986 0.171875 0.457032 0.171875 0.453124 0.17578 0.45117 0.17578 0.447267 0.179686 0.445313 0.179686 0.441405 0.183596 0.439451 0.183596 0.437502 0.185547 0.435548 0.185547 0.43164 0.189452 0.429686 0.189452 0.425782 0.193358 0.423829 0.193358 0.419921 0.197264 0.417967 0.197264 0.414063 0.201174 0.412109 0.201174 0.408201 0.20508 0.406252 0.20508 0.402344 0.208985 0.40039 0.208985 0.396487 0.212891 0.394533 0.212891 0.390625 0.216797 0.388671 0.216797 0.384767 0.220702 0.382813 0.220702 0.378906 0.224608 0.376951 0.224608 0.373048 0.228514 0.371094 0.228514 0.367186 0.232424 0.365232 0.232424 0.361329 0.23633 0.359375 0.23633 0.355467 0.240235 0.353518 0.240235 0.34961 0.244141 0.347656 0.244141 0.34961 0.246092 0.34961 0.248047 0.353518 0.251953 0.353518 0.253907 0.359375 0.259764 0.359375 0.261719 0.363283 0.265625 0.363283 0.26758 0.367186 0.271486 0.367186 0.273436 0.373048 0.279297 0.373048 0.281252 0.376951 0.285158 0.376951 0.287108 0.380859 0.291014 0.380859 0.292969 0.386717 0.29883 0.386717 0.300781 0.390625 0.304687 0.390625 0.306641 0.394533 0.310547 0.394533 0.312502 0.40039 0.318359 0.40039 0.320314 0.404298 0.324219 0.404298 0.32617 0.408201 0.33008 0.408201 0.332031 0.414063 0.337892 0.414063 0.339842 0.417967 0.343748 0.417967 0.345703 0.421875 0.349609 0.421875 0.351564 0.427736 0.35742 0.427736 0.359375 0.43164 0.363281 0.43164 0.365236 0.433594 0.367187 0.437502 0.363281 0.439451 0.363281 0.443359 0.359375 0.445313 0.359375 0.449221 0.355469 0.45117 0.355469 0.455078 0.351564 0.457032 0.351564 0.460936 0.347658 0.46289 0.347658 0.466798 0.343748 0.468752 0.343748 0.472655 0.339842 0.474609 0.339842 0.478517 0.335937 0.480471 0.335937 0.484374 0.332031 0.486328 0.332031 0.490236 0.328125 0.492185 0.328125 0.496093 0.324219 0.498047 0.324219 0.501955 0.320314 0.503905 0.320314 0.507813 0.316408 0.509767 0.316408 0.51367 0.312502 0.515624 0.312502 0.519532 0.308592 0.521486 0.308592 0.525389 0.304687 0.527343 0.304687 0.531251 0.300781 0.533205 0.300781 0.537108 0.296875 0.539062 0.296875 0.54297 0.292969 0.54492 0.292969 0.548828 0.289063 0.550782 0.289063 0.55469 0.285158 0.556639 0.285158 0.560547 0.281252 0.562501 0.281252 0.566404 0.277342 0.568358 0.277342 0.572266 0.273436 0.57422 0.273436 0.578124 0.269531 0.580077 0.269531 0.583985 0.265625 0.585939 0.265625 0.589843 0.261719 0.591797 0.261719 0.595705 0.257813 0.597654 0.257813 0.601562 0.253907 0.603516 0.253907 0.607424 0.250002 0.609373 0.250002 0.613281 0.246092 0.615235 0.246092 0.619139 0.242186 0.621092 0.242186 0.623047 0.240235 0.621092 0.23828 0.621092 0.23633 0.615235 0.230469 0.615235 0.228514 0.611327 0.224608 0.611327 0.222657 0.60547 0.216797 0.60547 0.214842 0.601562 0.210936 0.601562 0.208985 0.597654 0.20508 0.597654 0.203125 0.591797 0.197264 0.591797 0.195313 0.587889 0.191407 0.587889 0.189452 0.582031 0.183596 0.582031 0.181641 0.578124 0.177735 0.578124 0.17578 0.572266 0.169924 0.572266 0.167969 0.568358 0.164063 0.568358 0.162108 0.562501 0.156251 0.562501 0.154296 0.558593 0.150391 0.558593 0.148436 0.55469 0.14453 0.55469 0.142579 0.548828 0.136719 0.548828 0.134768 0.54492 0.130858 0.54492 0.128907 0.539062 0.123046 0.539062 0.121096
0 0.066408 0.593749 0.060546 0.59961 0.0625 0.601561 0.0625 0.603516 0.064454 0.601561 0.066408 0.601561 0.068362 0.59961 0.070311 0.59961 0.068362 0.597655 0.068362 0.595704
0 0.072265 0.607421 0.070311 0.609376 0.068362 0.609376 0.066408 0.611327 0.068362 0.613282 0.068362 0.615233 0.070311 0.613282 0.072265 0.613282 0.074219 0.611327 0.076173 0.611327 0.076173 0.609376 0.074219 0.607421
0 0.291013 0.646483 0.28711 0.650388 0.285156 0.650388 0.283202 0.652344 0.28711 0.65625 0.289064 0.654299 0.291013 0.654299 0.292967 0.652344 0.294921 0.652344 0.292967 0.650388 0.292967 0.648438
0 0.087892 0.447265 0.083984 0.45117 0.08203 0.45117 0.085938 0.455076 0.085938 0.457031 0.089846 0.460937 0.091795 0.458986 0.093749 0.458986 0.091795 0.457031 0.091795 0.455076 0.089846 0.453126 0.089846 0.45117 0.087892 0.44922
0 0.292967 0.66211 0.292967 0.664061 0.291013 0.666016 0.292967 0.667971 0.296875 0.664061 0.298829 0.664061 0.296875 0.66211
0 0.124999 0.423826 0.123045 0.425781 0.121096 0.425781 0.123045 0.427736 0.123045 0.429687 0.124999 0.431642 0.124999 0.433593 0.126953 0.435548 0.128907 0.433593 0.130861 0.433593 0.128907 0.431642 0.128907 0.429687 0.126953 0.427736 0.126953 0.425781
0 0.109377 0.650388 0.105469 0.654299 0.103515 0.654299 0.099611 0.658205 0.097657 0.658205 0.099611 0.660155 0.099611 0.66211 0.101561 0.660155 0.103515 0.660155 0.105469 0.658205 0.107423 0.658205 0.109377 0.65625 0.111326 0.65625 0.111326 0.654299 0.109377 0.652344
0 0.089846 0.613282 0.087892 0.615233 0.085938 0.615233 0.08203 0.619138 0.080076 0.619138 0.078127 0.621094 0.076173 0.621094 0.078127 0.623049 0.078127 0.624999 0.080076 0.623049 0.083984 0.623049 0.085938 0.621094 0.087892 0.621094 0.089846 0.619138 0.093749 0.619138 0.091795 0.617188 0.091795 0.615233
0 0.058592 0.578126 0.054688 0.582032 0.052734 0.582032 0.05078 0.583982 0.052734 0.585938 0.052734 0.587893 0.054688 0.585938 0.056642 0.585938 0.060546 0.582032 0.0625 0.582032
0 0.292967 0.65625 0.291013 0.658205 0.28711 0.658205 0.289064 0.660155 0.289064 0.66211 0.291013 0.660155 0.294921 0.660155 0.292967 0.658205
0 0.078127 0.611327 0.074219 0.615233 0.072265 0.615233 0.070311 0.617188 0.074219 0.621094 0.078127 0.617188 0.080076 0.617188 0.08203 0.615233
14 0.54492 0.105468 0.54297 0.107423 0.535154 0.107423 0.533205 0.109374 0.527343 0.109374 0.525389 0.111329 0.517578 0.111329 0.51367 0.115235 0.511721 0.115235 0.507813 0.119141 0.505859 0.119141 0.501955 0.123046 0.500001 0.123046 0.496093 0.126952 0.494139 0.126952 0.490236 0.130858 0.488282 0.130858 0.484374 0.134768 0.48242 0.134768 0.478517 0.138674 0.476563 0.138674 0.472655 0.142579 0.470701 0.142579 0.466798 0.146485 0.464844 0.146485 0.460936 0.150391 0.458986 0.150391 0.455078 0.154296 0.453124 0.154296 0.449221 0.158202 0.447267 0.158202 0.443359 0.162108 0.441405 0.162108 0.437502 0.166013 0.435548 0.166013 0.429686 0.171875 0.427736 0.171875 0.423829 0.17578 0.421875 0.17578 0.417967 0.179686 0.416017 0.179686 0.412109 0.183596 0.410155 0.183596 0.406252 0.187502 0.404298 0.187502 0.40039 0.191407 0.398436 0.191407 0.394533 0.195313 0.392579 0.195313 0.388671 0.199219 0.386717 0.199219 0.382813 0.203125 0.380859 0.203125 0.376951 0.20703 0.375002 0.20703 0.371094 0.210936 0.36914 0.210936 0.365232 0.214842 0.363283 0.214842 0.359375 0.218752 0.357421 0.218752 0.353518 0.222657 0.351564 0.222657 0.34961 0.224608 0.34961 0.226563 0.347656 0.228514 0.347656 0.232424 0.345702 0.234375 0.345702 0.23633 0.339844 0.242186 0.339844 0.244141 0.335936 0.248047 0.335936 0.250002 0.333982 0.251953 0.333982 0.255858 0.332033 0.257813 0.332033 0.26367 0.330079 0.265625 0.330079 0.275391 0.328125 0.277342 0.328125 0.306641 0.330079 0.308592 0.330079 0.314453 0.332033 0.316408 0.332033 0.320314 0.333982 0.322264 0.333982 0.324219 0.335936 0.32617 0.335936 0.328125 0.33789 0.33008 0.33789 0.332031 0.339844 0.333986 0.339844 0.335937 0.341798 0.337892 0.341798 0.341797 0.343748 0.343748 0.343748 0.347658 0.345702 0.349609 0.345702 0.351564 0.347656 0.353514 0.347656 0.355469 0.351564 0.359375 0.351564 0.36133 0.353518 0.363281 0.355467 0.363281 0.357421 0.365236 0.359375 0.365236 0.363283 0.369142 0.365232 0.369142 0.367186 0.371092 0.36914 0.371092 0.371094 0.373047 0.373048 0.373047 0.376951 0.376953 0.378906 0.376953 0.380859 0.378908 0.384767 0.378908 0.386717 0.380859 0.392579 0.380859 0.394533 0.382814 0.398436 0.382814 0.40039 0.384765 0.404298 0.384765 0.406252 0.386719 0.427736 0.386719 0.429686 0.38867 0.433594 0.384765 0.435548 0.384765 0.439451 0.380859 0.441405 0.380859 0.445313 0.376953 0.447267 0.376953 0.45117 0.373047 0.453124 0.373047 0.457032 0.369142 0.458986 0.369142 0.46289 0.365236 0.464844 0.365236 0.468752 0.36133 0.470701 0.36133 0.474609 0.35742 0.476563 0.35742 0.480471 0.353514 0.48242 0.353514 0.486328 0.349609 0.488282 0.349609 0.492185 0.345703 0.494139 0.345703 0.498047 0.341797 0.500001 0.341797 0.503905 0.337892 0.505859 0.337892 0.509767 0.333986 0.511721 0.333986 0.515624 0.33008 0.517578 0.33008 0.521486 0.32617 0.523435 0.32617 0.527343 0.322264 0.529297 0.322264 0.533205 0.318359 0.535154 0.318359 0.539062 0.314453 0.541016 0.314453 0.54492 0.310547 0.546874 0.310547 0.550782 0.306641 0.552736 0.306641 0.556639 0.302736 0.558593 0.302736 0.562501 0.29883 0.564455 0.29883 0.568358 0.29492 0.570312 0.29492 0.57422 0.291014 0.576174 0.291014 0.580077 0.287108 0.582031 0.287108 0.585939 0.283203 0.587889 0.283203 0.591797 0.279297 0.593751 0.279297 0.597654 0.275391 0.599608 0.275391 0.603516 0.271486 0.60547 0.271486 0.609373 0.26758 0.611327 0.26758 0.615235 0.26367 0.617189 0.26367 0.619139 0.261719 0.619139 0.259764 0.621092 0.257813 0.621092 0.255858 0.623047 0.253907 0.623047 0.251953 0.625001 0.250002 0.625001 0.248047 0.626954 0.246092 0.626954 0.244141 0.628908 0.242186 0.628908 0.240235 0.630858 0.23828 0.630858 0.23633 0.632812 0.234375 0.632812 0.232424 0.634766 0.230469 0.634766 0.228514 0.63672 0.226563 0.63672 0.220702 0.638674 0.218752 0.638674 0.214842 0.640623 0.212891 0.640623 0.201174 0.642577 0.199219 0.642577 0.185547 0.640623 0.183596 0.640623 0.17578 0.638674 0.17383 0.638674 0.167969 0.63672 0.166013 0.63672 0.162108 0.634766 0.160157 0.634766 0.154296 0.632812 0.152346 0.632812 0.148436 0.630858 0.146485 0.630858 0.14453 0.626954 0.140624 0.626954 0.138674 0.621092 0.132813 0.621092 0.130858 0.613281 0.123046 0.611327 0.123046 0.603516 0.115235 0.601562 0.115235 0.599608 0.11328 0.597654 0.11328 0.595705 0.111329 0.593751 0.111329 0.591797 0.109374 0.589843 0.109374 0.587889 0.107423 0.580077 0.107423 0.578124 0.105468
0 0.078127 0.53711 0.076173 0.539065 0.074219 0.539065 0.072265 0.541015 0.070311 0.541015 0.070311 0.54297 0.072265 0.544921 0.072265 0.546876 0.074219 0.544921 0.08203 0.544921 0.080076 0.54297 0.080076 0.541015 0.078127 0.539065