0 0.583986 0.925781 0.582033 0.927733 0.582033 0.929688 0.58008 0.93164 0.58008 0.933595 0.578126 0.935547 0.578126 0.937499 0.576173 0.939454 0.576173 0.941406 0.57422 0.943361 0.578126 0.943361 0.58008 0.945313 0.582033 0.945313 0.583986 0.947264 0.585939 0.945313 0.585939 0.943361 0.589845 0.939454 0.589845 0.933595 0.585939 0.929688 0.585939 0.927733
0 0.234374 0.697265 0.234374 0.710938 0.242186 0.710938 0.244139 0.71289 0.244139 0.70508 0.246093 0.703124 0.246093 0.697265
0 0.751953 0.919922 0.74414 0.927733 0.75 0.933595 0.75 0.935547 0.753906 0.939454 0.755859 0.937499 0.757812 0.937499 0.759765 0.935547 0.763672 0.935547 0.759765 0.93164 0.759765 0.929688 0.753906 0.923829 0.753906 0.921874
0 0.539064 0.679689 0.537111 0.681641 0.519532 0.681641 0.519532 0.689455 0.539064 0.689455
0 0.394531 0.93164 0.392578 0.933595 0.373047 0.933595 0.373047 0.939454 0.392578 0.939454 0.392578 0.935547 0.394531 0.933595
0 0.539064 0.664064 0.537111 0.666016 0.527345 0.666016 0.525392 0.667967 0.515626 0.667967 0.515626 0.671875 0.517579 0.67383 0.517579 0.679689 0.519532 0.677733 0.537111 0.677733 0.537111 0.671875 0.539064 0.669923
0 0.796875 0.958986 0.792969 0.962889 0.791016 0.962889 0.785156 0.968752 0.783203 0.968752 0.78125 0.970704 0.783203 0.972655 0.783203 0.974611 0.785156 0.976562 0.785156 0.978514 0.789062 0.974611 0.791016 0.974611 0.796875 0.968752 0.798828 0.968752 0.800781 0.966796 0.798828 0.964845 0.798828 0.962889 0.796875 0.960938
0 0.349609 0.662109 0.347656 0.664064 0.345703 0.664064 0.34375 0.666016 0.339843 0.666016 0.339843 0.685548 0.351562 0.685548 0.351562 0.675782 0.349609 0.67383
0 0.814453 0.888673 0.8125 0.890624 0.810547 0.890624 0.808594 0.89258 0.804688 0.89258 0.802734 0.894532 0.800781 0.894532 0.800781 0.896483 0.802734 0.898439 0.802734 0.90039 0.804688 0.902342 0.804688 0.904298 0.806641 0.902342 0.810547 0.902342 0.8125 0.90039 0.814453 0.90039 0.816406 0.898439 0.820313 0.898439 0.81836 0.896483 0.81836 0.894532 0.816406 0.89258 0.816406 0.890624
0 0.396484 0.691406 0.396484 0.693358 0.398438 0.695314 0.398438 0.701172 0.400391 0.703124 0.400391 0.70508 0.402344 0.703124 0.419922 0.703124 0.419922 0.691406
0 0.77539 0.978514 0.771484 0.982421 0.769531 0.982421 0.765625 0.986328 0.763672 0.986328 0.765625 0.98828 0.765625 0.990236 0.767578 0.992187 0.767578 0.994139 0.769531 0.992187 0.771484 0.992187 0.77539 0.98828 0.777344 0.98828 0.779297 0.986328 0.78125 0.986328 0.777344 0.982421 0.777344 0.98047
0 0.695312 0.880858 0.689452 0.886717 0.691405 0.886717 0.695312 0.890624 0.697265 0.890624 0.701171 0.894532 0.703124 0.894532 0.707031 0.898439 0.708984 0.896483 0.708984 0.894532 0.71289 0.890624 0.710937 0.890624 0.708984 0.888673 0.707031 0.888673 0.703124 0.884766 0.701171 0.884766 0.699218 0.882814 0.697265 0.882814
0 0.279296 0.687499 0.277343 0.689455 0.267577 0.689455 0.265624 0.691406 0.255858 0.691406 0.255858 0.697265 0.279296 0.697265
0 0.453125 0.677733 0.451172 0.679689 0.427735 0.679689 0.427735 0.683592 0.425781 0.685548 0.425781 0.687499 0.451172 0.687499 0.451172 0.683592 0.453125 0.681641
0 0.457032 0.845702 0.457032 0.853516 0.455079 0.855468 0.455079 0.861327 0.466797 0.861327 0.468751 0.863282 0.468751 0.847658 0.458985 0.847658
0 0.486329 0.67383 0.484376 0.675782 0.460938 0.675782 0.460938 0.683592 0.480469 0.683592 0.482423 0.685548 0.482423 0.683592 0.484376 0.681641 0.484376 0.677733 0.486329 0.675782
0 0.582033 0.707031 0.582033 0.716797 0.599608 0.716797 0.601561 0.718749 0.601561 0.714846 0.603514 0.71289 0.603514 0.708983 0.583986 0.708983
0 0.566408 0.660157 0.564454 0.662109 0.548829 0.662109 0.548829 0.67383 0.568361 0.67383 0.568361 0.667967 0.566408 0.666016
0 0.724609 0.855468 0.722656 0.857424 0.707031 0.857424 0.707031 0.869141 0.726562 0.869141 0.726562 0.863282 0.724609 0.861327
0 0.412109 0.753905 0.412109 0.767578 0.414063 0.765627 0.441407 0.765627 0.441407 0.76172 0.44336 0.759764 0.44336 0.755861 0.414063 0.755861
0 0.748046 0.814452 0.746093 0.816408 0.746093 0.81836 0.74414 0.820311 0.74414 0.822267 0.742187 0.824218 0.74414 0.824218 0.748046 0.828126 0.75 0.828126 0.751953 0.830077 0.753906 0.830077 0.757812 0.833984 0.759765 0.833984 0.761718 0.835936 0.765625 0.832033 0.765625 0.830077 0.771484 0.824218 0.769531 0.824218 0.767578 0.822267 0.763672 0.822267 0.761718 0.820311 0.759765 0.820311 0.757812 0.81836 0.753906 0.81836 0.751953 0.816408 0.75 0.816408
0 0.447266 0.884766 0.445313 0.886717 0.423828 0.886717 0.423828 0.890624 0.421875 0.89258 0.421875 0.896483 0.447266 0.896483
0 0.271483 0.755861 0.271483 0.767578 0.273437 0.765627 0.292968 0.765627 0.292968 0.757812 0.273437 0.757812
0 0.771484 0.849609 0.765625 0.855468 0.767578 0.857424 0.769531 0.857424 0.777344 0.865234 0.779297 0.865234 0.783203 0.869141 0.785156 0.867189 0.787109 0.867189 0.789062 0.865234 0.791016 0.865234 0.792969 0.863282 0.794922 0.863282 0.792969 0.863282 0.789062 0.859375 0.787109 0.859375 0.785156 0.857424 0.783203 0.857424 0.78125 0.855468 0.779297 0.855468 0.77539 0.851561 0.773437 0.851561
0 0.371094 0.742188 0.365234 0.748046 0.363281 0.748046 0.361328 0.749998 0.365234 0.753905 0.365234 0.755861 0.375 0.765627 0.375 0.767578 0.378906 0.771486 0.384766 0.765627 0.382812 0.763671 0.382812 0.76172 0.380859 0.759764 0.380859 0.757812 0.376953 0.753905 0.376953 0.751954 0.375 0.749998 0.375 0.748046 0.373047 0.746095 0.373047 0.744139
0 0.44336 0.84375 0.44336 0.865234 0.445313 0.863282 0.455079 0.863282 0.453125 0.861327 0.453125 0.855468 0.455079 0.853516 0.455079 0.845702 0.445313 0.845702
0 0.763672 0.906249 0.761718 0.908205 0.761718 0.910156 0.759765 0.912108 0.759765 0.914064 0.757812 0.916015 0.757812 0.917971 0.755859 0.919922 0.757812 0.921874 0.757812 0.923829 0.763672 0.929688 0.763672 0.93164 0.765625 0.933595 0.769531 0.929688 0.771484 0.929688 0.773437 0.927733 0.773437 0.925781 0.771484 0.923829 0.771484 0.921874 0.769531 0.919922 0.769531 0.917971 0.767578 0.916015 0.767578 0.914064 0.765625 0.912108 0.765625 0.910156 0.763672 0.908205
0 0.388672 0.898439 0.386719 0.90039 0.376953 0.90039 0.375 0.902342 0.363281 0.902342 0.363281 0.904298 0.365234 0.906249 0.365234 0.908205 0.367187 0.910156 0.367187 0.912108 0.36914 0.910156 0.376953 0.910156 0.378906 0.908205 0.386719 0.908205 0.386719 0.904298 0.388672 0.902342
0 0.279296 0.701172 0.277343 0.703124 0.255858 0.703124 0.255858 0.70508 0.257811 0.707031 0.257811 0.710938 0.259765 0.708983 0.277343 0.708983 0.277343 0.70508 0.279296 0.703124
0 0.298827 0.78711 0.296874 0.789062 0.289062 0.789062 0.287108 0.791017 0.277343 0.791017 0.277343 0.796876 0.298827 0.796876
0 0.583986 0.726563 0.583986 0.736329 0.605467 0.736329 0.605467 0.726563
0 0.324218 0.82617 0.324218 0.835936 0.341796 0.835936 0.341796 0.828126 0.326171 0.828126
0 0.582033 0.73828 0.582033 0.749998 0.583986 0.748046 0.605467 0.748046 0.605467 0.744139 0.603514 0.742188 0.603514 0.73828
0 0.677733 0.865234 0.67578 0.867189 0.666015 0.867189 0.666015 0.875 0.667968 0.876951 0.667968 0.886717 0.67578 0.886717 0.67578 0.876951 0.677733 0.875
0 0.572267 0.775389 0.572267 0.777344 0.570314 0.779296 0.570314 0.785155 0.568361 0.78711 0.568361 0.791017 0.566408 0.792969 0.566408 0.794921 0.57422 0.794921 0.576173 0.796876 0.576173 0.792969 0.578126 0.791017 0.578126 0.78711 0.58008 0.785155 0.58008 0.783203 0.582033 0.781252 0.582033 0.777344 0.57422 0.777344
0 0.701171 0.837892 0.701171 0.839843 0.699218 0.841799 0.699218 0.84375 0.697265 0.845702 0.699218 0.845702 0.703124 0.849609 0.705077 0.849609 0.708984 0.853516 0.710937 0.853516 0.71289 0.855468 0.718749 0.849609 0.716796 0.849609 0.71289 0.845702 0.710937 0.845702 0.707031 0.841799 0.705077 0.841799
0 0.318359 0.81836 0.318359 0.822267 0.320312 0.824218 0.320312 0.828126 0.322265 0.828126 0.322265 0.82617 0.324218 0.824218 0.326171 0.82617 0.341796 0.82617 0.341796 0.824218 0.339843 0.822267 0.339843 0.81836
0 0.609374 0.927733 0.60742 0.929688 0.60742 0.93164 0.603514 0.935547 0.603514 0.937499 0.599608 0.941406 0.599608 0.943361 0.597658 0.945313 0.60742 0.945313 0.609374 0.947264 0.609374 0.945313 0.611327 0.943361 0.611327 0.941406 0.61328 0.939454 0.61328 0.937499 0.615233 0.935547 0.611327 0.93164 0.611327 0.929688
0 0.636717 0.70508 0.636717 0.724607 0.646483 0.724607 0.646483 0.716797 0.64453 0.714846 0.64453 0.707031 0.638671 0.707031
0 0.435547 0.720704 0.435547 0.732422 0.458985 0.732422 0.458985 0.728514 0.457032 0.726563 0.457032 0.720704
0 0.263671 0.732422 0.263671 0.742188 0.283202 0.742188 0.283202 0.732422
0 0.312499 0.771486 0.312499 0.775389 0.310546 0.777344 0.310546 0.781252 0.312499 0.779296 0.332031 0.779296 0.332031 0.771486
0 0.624999 0.70508 0.624999 0.724607 0.634764 0.724607 0.634764 0.70508
0 0.4375 0.871093 0.435547 0.873048 0.417969 0.873048 0.417969 0.882814 0.4375 0.882814
0 0.429688 0.904298 0.429688 0.917971 0.449219 0.917971 0.451172 0.919922 0.451172 0.908205 0.441407 0.908205 0.439453 0.906249 0.431641 0.906249
0 0.455079 0.812501 0.455079 0.830077 0.464844 0.830077 0.464844 0.812501
0 0.277343 0.777344 0.277343 0.78711 0.296874 0.78711 0.298827 0.785155 0.30078 0.78711 0.308593 0.78711 0.308593 0.777344
0 0.466797 0.736329 0.466797 0.748046 0.486329 0.748046 0.486329 0.73828 0.468751 0.73828
0 0.453125 0.882814 0.453125 0.89258 0.478516 0.89258 0.480469 0.894532 0.480469 0.882814
0 0.634764 0.779296 0.634764 0.781252 0.632811 0.783203 0.632811 0.785155 0.630858 0.78711 0.630858 0.789062 0.628905 0.791017 0.628905 0.792969 0.630858 0.792969 0.632811 0.794921 0.634764 0.794921 0.636717 0.796876 0.636717 0.794921 0.638671 0.792969 0.638671 0.789062 0.640624 0.78711 0.640624 0.785155 0.642577 0.783203 0.642577 0.781252 0.636717 0.781252
0 0.51172 0.714846 0.509767 0.716797 0.490235 0.716797 0.490235 0.726563 0.492188 0.724607 0.51172 0.724607
0 0.585939 0.773437 0.585939 0.775389 0.583986 0.777344 0.583986 0.781252 0.582033 0.783203 0.582033 0.785155 0.58008 0.78711 0.58008 0.791017 0.578126 0.792969 0.578126 0.794921 0.589845 0.794921 0.591798 0.796876 0.591798 0.794921 0.589845 0.792969 0.591798 0.791017 0.591798 0.789062 0.593752 0.78711 0.593752 0.785155 0.595705 0.783203 0.595705 0.781252 0.597658 0.779296 0.595705 0.779296 0.593752 0.777344 0.591798 0.777344 0.589845 0.775389 0.587892 0.775389
0 0.431641 0.654298 0.431641 0.664064 0.447266 0.664064 0.447266 0.654298
0 0.67578 0.970704 0.673827 0.972655 0.671874 0.972655 0.669921 0.974611 0.666015 0.974611 0.666015 0.976562 0.667968 0.978514 0.667968 0.982421 0.669921 0.984377 0.669921 0.986328 0.671874 0.98828 0.671874 0.992187 0.673827 0.994139 0.673827 0.996094 0.67578 0.994139 0.677733 0.994139 0.679687 0.992187 0.68164 0.992187 0.68164 0.990236 0.679687 0.98828 0.679687 0.982421 0.677733 0.98047 0.677733 0.974611 0.67578 0.972655
0 0.535157 0.746095 0.533204 0.748046 0.513673 0.748046 0.513673 0.749998 0.51172 0.751954 0.51172 0.753905 0.509767 0.755861 0.537111 0.755861 0.539064 0.757812 0.539064 0.755861 0.537111 0.753905 0.537111 0.749998 0.535157 0.748046
0 0.535157 0.642577 0.535157 0.652343 0.552736 0.652343 0.552736 0.64844 0.554689 0.646484 0.554689 0.642577
0 0.291015 0.681641 0.291015 0.685548 0.292968 0.687499 0.292968 0.693358 0.304687 0.693358 0.304687 0.685548 0.298827 0.685548 0.296874 0.683592 0.292968 0.683592
0 0.64453 0.679689 0.642577 0.681641 0.632811 0.681641 0.632811 0.689455 0.634764 0.691406 0.634764 0.699217 0.636717 0.697265 0.642577 0.697265 0.642577 0.689455 0.64453 0.687499
0 0.71289 0.943361 0.710937 0.945313 0.710937 0.947264 0.707031 0.951172 0.708984 0.953123 0.708984 0.955079 0.710937 0.95703 0.710937 0.958986 0.71289 0.960938 0.71289 0.962889 0.714843 0.964845 0.714843 0.966796 0.716796 0.968752 0.716796 0.970704 0.718749 0.968752 0.720702 0.968752 0.722656 0.966796 0.726562 0.966796 0.724609 0.964845 0.724609 0.962889 0.722656 0.960938 0.722656 0.958986 0.718749 0.955079 0.718749 0.953123 0.716796 0.951172 0.716796 0.94922 0.714843 0.947264 0.714843 0.945313
0 0.425781 0.691406 0.425781 0.701172 0.427735 0.699217 0.447266 0.699217 0.447266 0.691406
0 0.57422 0.710938 0.572267 0.71289 0.554689 0.71289 0.554689 0.714846 0.552736 0.716797 0.552736 0.718749 0.572267 0.718749 0.57422 0.720704
0 0.482423 0.867189 0.482423 0.896483 0.494141 0.896483 0.494141 0.869141 0.484376 0.869141
0 0.388672 0.912108 0.386719 0.914064 0.36914 0.914064 0.36914 0.921874 0.378906 0.921874 0.380859 0.919922 0.388672 0.919922
0 0.705077 0.94922 0.703124 0.951172 0.701171 0.951172 0.697265 0.955079 0.695312 0.955079 0.695312 0.95703 0.697265 0.958986 0.697265 0.962889 0.699218 0.964845 0.699218 0.968752 0.701171 0.970704 0.701171 0.974611 0.703124 0.976562 0.703124 0.978514 0.708984 0.972655 0.710937 0.972655 0.71289 0.970704 0.71289 0.968752 0.710937 0.966796 0.710937 0.962889 0.708984 0.960938 0.708984 0.958986 0.707031 0.95703 0.707031 0.953123 0.705077 0.951172
0 0.447266 0.749998 0.447266 0.763671 0.449219 0.76172 0.472657 0.76172 0.472657 0.759764 0.470704 0.757812 0.470704 0.753905 0.468751 0.751954 0.468751 0.749998
0 0.283202 0.707031 0.283202 0.710938 0.285155 0.71289 0.285155 0.718749 0.287108 0.716797 0.302734 0.716797 0.302734 0.71289 0.304687 0.710938 0.304687 0.708983 0.285155 0.708983
0 0.171876 0.921874 0.171876 0.93164 0.181642 0.93164 0.183595 0.933595 0.183595 0.927733 0.185548 0.925781 0.185548 0.921874
0 0.353515 0.666016 0.353515 0.667967 0.351562 0.669923 0.351562 0.671875 0.371094 0.671875 0.373047 0.67383 0.373047 0.666016
0 0.630858 0.671875 0.628905 0.67383 0.621092 0.67383 0.621092 0.683592 0.623045 0.685548 0.623045 0.697265 0.624999 0.695314 0.632811 0.695314 0.632811 0.691406 0.630858 0.689455 0.630858 0.681641 0.632811 0.679689 0.630858 0.677733
0 0.326171 0.666016 0.326171 0.669923 0.328124 0.671875 0.328124 0.681641 0.330078 0.683592 0.330078 0.687499 0.33789 0.687499 0.33789 0.677733 0.335937 0.675782 0.335937 0.666016
0 0.429688 0.708983 0.429688 0.720704 0.431641 0.718749 0.449219 0.718749 0.449219 0.714846 0.447266 0.71289 0.447266 0.708983
0 0.404297 0.812501 0.404297 0.837892 0.414063 0.837892 0.416016 0.839843 0.416016 0.828126 0.414063 0.82617 0.414063 0.814452 0.40625 0.814452
0 0.601561 0.775389 0.599608 0.777344 0.599608 0.779296 0.597658 0.781252 0.597658 0.783203 0.595705 0.785155 0.595705 0.78711 0.593752 0.789062 0.593752 0.791017 0.591798 0.792969 0.593752 0.792969 0.595705 0.794921 0.597658 0.794921 0.599608 0.796876 0.601561 0.794921 0.601561 0.792969 0.603514 0.791017 0.603514 0.789062 0.605467 0.78711 0.605467 0.785155 0.60742 0.783203 0.603514 0.779296 0.603514 0.777344
0 0.523438 0.71289 0.523438 0.716797 0.521485 0.718749 0.521485 0.722656 0.548829 0.722656 0.548829 0.71289
0 0.550782 0.93164 0.539064 0.943361 0.541017 0.945313 0.54297 0.945313 0.548829 0.951172 0.560548 0.939454 0.558595 0.937499 0.556642 0.937499
0 0.4375 0.812501 0.4375 0.822267 0.439453 0.824218 0.439453 0.835936 0.449219 0.835936 0.449219 0.824218 0.451172 0.822267 0.451172 0.812501
0 0.50586 0.644532 0.50586 0.646484 0.507813 0.64844 0.507813 0.652343 0.523438 0.652343 0.525392 0.654298 0.525392 0.646484 0.507813 0.646484
0 0.333984 0.865234 0.333984 0.873048 0.351562 0.873048 0.353515 0.875 0.353515 0.865234
0 0.51172 0.701172 0.509767 0.703124 0.488282 0.703124 0.488282 0.71289 0.509767 0.71289 0.509767 0.707031 0.51172 0.70508
0 0.380859 0.888673 0.378906 0.890624 0.373047 0.890624 0.371094 0.89258 0.367187 0.89258 0.365234 0.894532 0.359375 0.894532 0.361328 0.896483 0.361328 0.898439 0.363281 0.90039 0.36914 0.90039 0.371094 0.898439 0.375 0.898439 0.376953 0.896483 0.380859 0.896483
0 0.458985 0.78711 0.458985 0.792969 0.457032 0.794921 0.457032 0.800779 0.476563 0.800779 0.476563 0.796876 0.478516 0.794921 0.478516 0.792969 0.47461 0.792969 0.472657 0.791017 0.466797 0.791017 0.464844 0.789062 0.460938 0.789062
0 0.410156 0.646484 0.408203 0.64844 0.402344 0.64844 0.400391 0.650391 0.392578 0.650391 0.392578 0.652343 0.394531 0.654298 0.394531 0.658201 0.402344 0.658201 0.402344 0.65625 0.404297 0.654298 0.410156 0.654298
0 0.390625 0.919922 0.388672 0.921874 0.380859 0.921874 0.378906 0.923829 0.371094 0.923829 0.371094 0.93164 0.373047 0.929688 0.388672 0.929688 0.388672 0.925781 0.390625 0.923829
0 0.482423 0.716797 0.480469 0.718749 0.472657 0.718749 0.470704 0.720704 0.462891 0.720704 0.462891 0.728514 0.482423 0.728514
0 0.435547 0.847658 0.433594 0.849609 0.425781 0.849609 0.423828 0.851561 0.416016 0.851561 0.416016 0.861327 0.435547 0.861327
0 0.619139 0.775389 0.617186 0.777344 0.617186 0.779296 0.615233 0.781252 0.615233 0.783203 0.61328 0.785155 0.61328 0.78711 0.611327 0.789062 0.617186 0.789062 0.619139 0.791017 0.623045 0.78711 0.623045 0.785155 0.628905 0.779296 0.624999 0.779296 0.623045 0.777344 0.621092 0.777344
0 0.429688 0.812501 0.429688 0.830077 0.435547 0.830077 0.4375 0.832033 0.4375 0.824218 0.435547 0.822267 0.435547 0.812501
0 0.259765 0.71289 0.259765 0.720704 0.277343 0.720704 0.279296 0.722656 0.279296 0.71289
0 0.509767 0.904298 0.507813 0.906249 0.500001 0.906249 0.498048 0.908205 0.488282 0.908205 0.488282 0.916015 0.507813 0.916015 0.507813 0.910156 0.509767 0.908205
0 0.316406 0.669923 0.316406 0.679689 0.318359 0.681641 0.318359 0.693358 0.320312 0.691406 0.326171 0.691406 0.326171 0.681641 0.324218 0.679689 0.324218 0.669923
0 0.498048 0.917971 0.496095 0.919922 0.488282 0.919922 0.488282 0.925781 0.507813 0.925781 0.507813 0.917971
0 0.283202 0.798828 0.283202 0.806642 0.302734 0.806642 0.302734 0.798828
0 0.576173 0.660157 0.576173 0.666016 0.57422 0.667967 0.57422 0.671875 0.576173 0.669923 0.595705 0.669923 0.595705 0.666016 0.597658 0.664064 0.597658 0.660157
0 0.624999 0.929688 0.619139 0.935547 0.619139 0.937499 0.61328 0.943361 0.615233 0.943361 0.619139 0.947264 0.621092 0.947264 0.623045 0.94922 0.626952 0.945313 0.626952 0.943361 0.632811 0.937499
0 0.396484 0.660157 0.394531 0.662109 0.376953 0.662109 0.376953 0.671875 0.378906 0.669923 0.394531 0.669923 0.394531 0.666016 0.396484 0.664064
0 0.492188 0.671875 0.492188 0.679689 0.509767 0.679689 0.509767 0.677733 0.51172 0.675782 0.51172 0.67383 0.513673 0.671875
0 0.478516 0.70508 0.476563 0.707031 0.457032 0.707031 0.457032 0.710938 0.458985 0.71289 0.458985 0.716797 0.460938 0.714846 0.478516 0.714846
0 0.324218 0.73828 0.322265 0.740236 0.298827 0.740236 0.298827 0.742188 0.30078 0.744139 0.30078 0.746095 0.302734 0.748046 0.302734 0.749998 0.324218 0.749998
0 0.728515 0.718749 0.726562 0.720704 0.724609 0.720704 0.720702 0.724607 0.718749 0.724607 0.726562 0.732422 0.726562 0.734373 0.732421 0.740236 0.740234 0.732422 0.734375 0.726563 0.734375 0.724607
0 0.697265 0.865234 0.697265 0.867189 0.695312 0.869141 0.695312 0.871093 0.693359 0.873048 0.693359 0.875 0.695312 0.875 0.699218 0.878907 0.701171 0.878907 0.705077 0.882814 0.707031 0.882814 0.708984 0.884766 0.710937 0.882814 0.710937 0.880858 0.714843 0.876951 0.71289 0.876951 0.708984 0.873048 0.707031 0.873048 0.703124 0.869141 0.701171 0.869141
0 0.490235 0.927733 0.490235 0.937499 0.51172 0.937499 0.513673 0.939454 0.513673 0.929688 0.492188 0.929688
0 0.738281 0.927733 0.738281 0.929688 0.736328 0.93164 0.736328 0.933595 0.734375 0.935547 0.734375 0.937499 0.740234 0.943361 0.740234 0.945313 0.746093 0.951172 0.75 0.947264 0.751953 0.947264 0.753906 0.945313 0.746093 0.937499 0.746093 0.935547
0 0.54297 0.695314 0.541017 0.697265 0.521485 0.697265 0.521485 0.708983 0.54297 0.708983
0 0.292968 0.732422 0.292968 0.740236 0.296874 0.740236 0.298827 0.73828 0.312499 0.73828 0.312499 0.732422
0 0.539064 0.73047 0.537111 0.732422 0.527345 0.732422 0.527345 0.73828 0.525392 0.740236 0.525392 0.744139 0.527345 0.742188 0.54297 0.742188 0.54297 0.740236 0.541017 0.73828 0.541017 0.734373 0.539064 0.732422
0 0.494141 0.736329 0.494141 0.740236 0.492188 0.742188 0.492188 0.744139 0.51172 0.744139 0.513673 0.746095 0.513673 0.736329
0 0.595705 0.93164 0.593752 0.933595 0.593752 0.935547 0.591798 0.937499 0.591798 0.939454 0.587892 0.943361 0.587892 0.945313 0.585939 0.947264 0.591798 0.947264 0.593752 0.94922 0.597658 0.94922 0.599608 0.951172 0.599608 0.94922 0.601561 0.947264 0.597658 0.947264 0.595705 0.945313 0.597658 0.943361 0.597658 0.941406 0.601561 0.937499 0.601561 0.935547 0.599608 0.935547
0 0.259765 0.945313 0.257811 0.947264 0.255858 0.947264 0.253905 0.94922 0.251952 0.94922 0.249999 0.951172 0.248046 0.951172 0.246093 0.953123 0.244139 0.953123 0.242186 0.955079 0.240233 0.955079 0.242186 0.95703 0.242186 0.958986 0.244139 0.960938 0.244139 0.962889 0.246093 0.964845 0.248046 0.962889 0.253905 0.962889 0.255858 0.960938 0.259765 0.960938 0.261718 0.958986 0.267577 0.958986 0.265624 0.95703 0.265624 0.955079 0.263671 0.953123 0.263671 0.951172 0.261718 0.94922 0.261718 0.947264
0 0.335937 0.792969 0.333984 0.794921 0.310546 0.794921 0.310546 0.798828 0.312499 0.800779 0.312499 0.806642 0.314452 0.804686 0.333984 0.804686 0.335937 0.802735
0 0.556642 0.728514 0.556642 0.734373 0.554689 0.736329 0.554689 0.740236 0.57422 0.740236 0.57422 0.728514
0 0.417969 0.812501 0.417969 0.832033 0.423828 0.832033 0.423828 0.822267 0.425781 0.820311 0.425781 0.812501
0 0.697265 0.916015 0.695312 0.917971 0.689452 0.917971 0.687499 0.919922 0.679687 0.919922 0.679687 0.921874 0.68164 0.923829 0.68164 0.927733 0.697265 0.927733
0 0.630858 0.654298 0.630858 0.662109 0.632811 0.664064 0.632811 0.67383 0.642577 0.67383 0.642577 0.666016 0.640624 0.664064 0.640624 0.65625 0.632811 0.65625
0 0.36914 0.81836 0.36914 0.833984 0.380859 0.833984 0.380859 0.81836
0 0.478516 0.925781 0.476563 0.927733 0.468751 0.927733 0.466797 0.929688 0.457032 0.929688 0.457032 0.941406 0.458985 0.939454 0.478516 0.939454
0 0.798828 0.863282 0.796875 0.865234 0.796875 0.867189 0.794922 0.869141 0.794922 0.871093 0.792969 0.873048 0.798828 0.878907 0.798828 0.880858 0.802734 0.884766 0.804688 0.882814 0.808594 0.882814 0.810547 0.880858 0.814453 0.880858 0.806641 0.873048 0.806641 0.871093
0 0.738281 0.876951 0.736328 0.878907 0.730468 0.878907 0.728515 0.880858 0.720702 0.880858 0.720702 0.882814 0.722656 0.884766 0.722656 0.888673 0.724609 0.890624 0.724609 0.89258 0.726562 0.890624 0.730468 0.890624 0.732421 0.888673 0.738281 0.888673
0 0.679687 0.847658 0.679687 0.849609 0.677733 0.851561 0.677733 0.853516 0.67578 0.855468 0.677733 0.855468 0.679687 0.857424 0.68164 0.857424 0.685546 0.861327 0.687499 0.861327 0.689452 0.863282 0.691405 0.861327 0.691405 0.859375 0.695312 0.855468 0.693359 0.855468 0.691405 0.853516 0.689452 0.853516 0.687499 0.851561 0.685546 0.851561 0.683593 0.849609 0.68164 0.849609
0 0.47461 0.650391 0.472657 0.652343 0.457032 0.652343 0.457032 0.660157 0.47461 0.660157
0 0.58008 0.693358 0.58008 0.697265 0.578126 0.699217 0.578126 0.703124 0.599608 0.703124 0.599608 0.693358
0 0.660155 0.968752 0.656249 0.972655 0.654296 0.972655 0.652343 0.974611 0.652343 0.98047 0.654296 0.982421 0.654296 0.992187 0.656249 0.994139 0.656249 1 0.658202 0.998046 0.660155 0.998046 0.662108 0.996094 0.666015 0.996094 0.666015 0.992187 0.664061 0.990236 0.664061 0.984377 0.662108 0.982421 0.662108 0.974611 0.660155 0.972655
0 0.335937 0.804686 0.333984 0.806642 0.326171 0.806642 0.324218 0.808594 0.314452 0.808594 0.314452 0.810545 0.312499 0.812501 0.312499 0.814452 0.314452 0.812501 0.333984 0.812501 0.333984 0.808594 0.335937 0.806642
0 0.328124 0.845702 0.328124 0.855468 0.330078 0.853516 0.347656 0.853516 0.347656 0.845702
0 0.451172 0.871093 0.451172 0.880858 0.480469 0.880858 0.480469 0.873048 0.453125 0.873048
0 0.734375 0.781252 0.732421 0.783203 0.726562 0.783203 0.724609 0.785155 0.720702 0.785155 0.718749 0.78711 0.71289 0.78711 0.71289 0.789062 0.714843 0.791017 0.714843 0.794921 0.716796 0.796876 0.716796 0.798828 0.718749 0.796876 0.724609 0.796876 0.726562 0.794921 0.730468 0.794921 0.732421 0.792969 0.738281 0.792969 0.738281 0.791017 0.736328 0.789062 0.736328 0.785155 0.734375 0.783203
0 0.386719 0.732422 0.384766 0.734373 0.382812 0.734373 0.378906 0.73828 0.376953 0.73828 0.378906 0.740236 0.378906 0.742188 0.380859 0.744139 0.380859 0.746095 0.382812 0.748046 0.382812 0.749998 0.384766 0.751954 0.384766 0.753905 0.386719 0.755861 0.386719 0.757812 0.388672 0.759764 0.388672 0.76172 0.390625 0.759764 0.396484 0.759764 0.396484 0.757812 0.394531 0.755861 0.394531 0.751954 0.392578 0.749998 0.392578 0.748046 0.390625 0.746095 0.390625 0.742188 0.388672 0.740236 0.388672 0.736329 0.386719 0.734373
0 0.548829 0.675782 0.548829 0.681641 0.546876 0.683592 0.546876 0.687499 0.564454 0.687499 0.564454 0.685548 0.566408 0.683592 0.566408 0.679689 0.568361 0.677733 0.568361 0.675782
0 0.296874 0.765627 0.294921 0.767578 0.287108 0.767578 0.285155 0.76953 0.27539 0.76953 0.27539 0.777344 0.277343 0.775389 0.296874 0.775389
0 0.572267 0.693358 0.570314 0.695314 0.550782 0.695314 0.550782 0.707031 0.57422 0.707031 0.57422 0.701172 0.572267 0.699217
0 0.26953 0.744139 0.26953 0.751954 0.294921 0.751954 0.294921 0.744139
0 0.404297 0.65625 0.404297 0.664064 0.419922 0.664064 0.421875 0.666016 0.421875 0.65625
0 0.351562 0.855468 0.349609 0.857424 0.332031 0.857424 0.332031 0.859375 0.333984 0.861327 0.333984 0.863282 0.349609 0.863282 0.349609 0.859375 0.351562 0.857424
0 0.314452 0.718749 0.312499 0.720704 0.291015 0.720704 0.291015 0.722656 0.292968 0.724607 0.292968 0.728514 0.314452 0.728514
0 0.408203 0.720704 0.408203 0.736329 0.410156 0.734373 0.429688 0.734373 0.429688 0.722656 0.410156 0.722656
0 0.486329 0.683592 0.486329 0.693358 0.509767 0.693358 0.509767 0.689455 0.51172 0.687499 0.51172 0.683592
0 0.615233 0.638674 0.615233 0.650391 0.617186 0.652343 0.617186 0.666016 0.619139 0.664064 0.630858 0.664064 0.628905 0.662109 0.628905 0.640625 0.617186 0.640625
0 0.373047 0.875 0.371094 0.876951 0.36914 0.876951 0.367187 0.878907 0.365234 0.878907 0.363281 0.880858 0.359375 0.880858 0.357422 0.882814 0.355468 0.882814 0.357422 0.884766 0.357422 0.886717 0.359375 0.888673 0.359375 0.890624 0.361328 0.888673 0.373047 0.888673
0 0.457032 0.904298 0.457032 0.916015 0.472657 0.916015 0.47461 0.917971 0.47461 0.916015 0.476563 0.914064 0.476563 0.910156 0.478516 0.908205 0.478516 0.906249 0.458985 0.906249
0 0.458985 0.685548 0.458985 0.689455 0.457032 0.691406 0.457032 0.693358 0.47461 0.693358 0.476563 0.695314 0.476563 0.691406 0.478516 0.689455 0.478516 0.687499 0.460938 0.687499
0 0.484376 0.650391 0.484376 0.65625 0.498048 0.65625 0.500001 0.658201 0.500001 0.654298 0.501954 0.652343 0.501954 0.650391
0 0.421875 0.789062 0.419922 0.791017 0.396484 0.791017 0.396484 0.796876 0.398438 0.798828 0.398438 0.804686 0.400391 0.802735 0.421875 0.802735
0 0.546876 0.740236 0.546876 0.742188 0.544923 0.744139 0.544923 0.749998 0.54297 0.751954 0.54297 0.753905 0.544923 0.751954 0.566408 0.751954 0.566408 0.748046 0.568361 0.746095 0.568361 0.742188 0.548829 0.742188
0 0.689452 0.89258 0.687499 0.894532 0.687499 0.896483 0.685546 0.898439 0.685546 0.90039 0.683593 0.902342 0.685546 0.902342 0.687499 0.904298 0.689452 0.904298 0.693359 0.908205 0.695312 0.908205 0.697265 0.910156 0.699218 0.910156 0.701171 0.912108 0.703124 0.910156 0.705077 0.910156 0.708984 0.906249 0.710937 0.906249 0.708984 0.906249 0.705077 0.902342 0.703124 0.902342 0.699218 0.898439 0.697265 0.898439 0.693359 0.894532 0.691405 0.894532
0 0.667968 0.898439 0.667968 0.921874 0.669921 0.919922 0.677733 0.919922 0.677733 0.898439
0 0.689452 0.964845 0.687499 0.966796 0.685546 0.966796 0.683593 0.968752 0.68164 0.968752 0.679687 0.970704 0.677733 0.970704 0.677733 0.972655 0.679687 0.974611 0.679687 0.976562 0.68164 0.978514 0.68164 0.98047 0.683593 0.982421 0.683593 0.986328 0.685546 0.98828 0.685546 0.990236 0.687499 0.992187 0.687499 0.994139 0.691405 0.990236 0.693359 0.990236 0.693359 0.984377 0.691405 0.982421 0.691405 0.972655 0.689452 0.970704
0 0.498048 0.748046 0.496095 0.749998 0.47461 0.749998 0.47461 0.751954 0.476563 0.753905 0.476563 0.757812 0.498048 0.757812
0 0.394531 0.816408 0.394531 0.820311 0.392578 0.822267 0.392578 0.832033 0.390625 0.833984 0.390625 0.837892 0.402344 0.837892 0.402344 0.81836 0.396484 0.81836
0 0.57422 0.67383 0.57422 0.681641 0.597658 0.681641 0.599608 0.683592 0.599608 0.67383
0 0.457032 0.894532 0.457032 0.90039 0.455079 0.902342 0.455079 0.906249 0.455079 0.904298 0.457032 0.902342 0.458985 0.904298 0.478516 0.904298 0.480469 0.906249 0.480469 0.896483 0.458985 0.896483
0 0.468751 0.81836 0.468751 0.839843 0.478516 0.839843 0.478516 0.81836
0 0.570314 0.929688 0.568361 0.93164 0.568361 0.933595 0.564454 0.937499 0.564454 0.939454 0.558595 0.945313 0.562501 0.945313 0.564454 0.947264 0.576173 0.935547
0 0.304687 0.759764 0.304687 0.773437 0.30664 0.771486 0.310546 0.771486 0.312499 0.76953 0.328124 0.76953 0.328124 0.759764