0 0.60742 0.996096 0.605472 0.998042 0.605472 0.999998 0.603513 1 0.603513 1 0.601565 1 0.601565 1 0.603513 1 0.605472 1 0.60742 1 0.611327 1 0.613286 1 0.615234 1 0.617193 1 0.619141 1 0.621089 1 0.624996 1 0.626955 1 0.628903 1 0.63281 1 0.634769 1 0.634769 1 0.636717 1 0.636717 1 0.638676 1 0.638676 1 0.634769 1 0.63281 1 0.630862 1 0.628903 1 0.624996 1 0.623048 1 0.619141 1 0.617193 0.999998 0.615234 0.999998 0.613286 0.998042 0.609379 0.998042
0 0.937505 0.886716 0.935546 0.888673 0.933598 0.888673 0.929691 0.892575 0.929691 0.898434 0.931639 0.90039 0.933598 0.90039 0.937505 0.904293 0.939453 0.904293 0.945308 0.910161 0.947267 0.910161 0.951174 0.914064 0.953122 0.914064 0.957029 0.917966 0.958989 0.917966 0.966791 0.910161 0.966791 0.902346 0.964844 0.902346 0.960936 0.898434 0.958989 0.898434 0.957029 0.896487 0.955082 0.896487 0.951174 0.892575 0.949215 0.892575 0.945308 0.888673 0.94336 0.888673 0.941401 0.886716
0 0.32226 0.408208 0.320312 0.410154 0.316405 0.410154 0.31055 0.416013 0.31055 0.417969 0.312498 0.419925 0.312498 0.425784 0.314457 0.42773 0.314457 0.433589 0.316405 0.435545 0.316405 0.441404 0.318364 0.44336 0.318364 0.447263 0.330074 0.447263 0.332033 0.445316 0.332033 0.44336 0.333981 0.441404 0.333981 0.437502 0.332033 0.435545 0.332033 0.425784 0.330074 0.423828 0.330074 0.414067 0.328126 0.41211 0.328126 0.408208
0 0.449223 0.568359 0.447264 0.570316 0.445316 0.570316 0.443357 0.572262 0.443357 0.574218 0.441409 0.576174 0.441409 0.580077 0.443357 0.580077 0.445316 0.582033 0.447264 0.582033 0.451171 0.585936 0.45313 0.585936 0.455078 0.587892 0.457026 0.587892 0.458985 0.589848 0.460933 0.589848 0.46484 0.593751 0.466799 0.593751 0.468747 0.595707 0.470706 0.593751 0.472654 0.593751 0.474613 0.591794 0.476561 0.591794 0.476561 0.585936 0.47852 0.583979 0.47852 0.582033 0.476561 0.582033 0.474613 0.580077 0.472654 0.580077 0.470706 0.578121 0.468747 0.578121 0.466799 0.576174 0.462892 0.576174 0.460933 0.574218 0.458985 0.574218 0.457026 0.572262 0.455078 0.572262 0.45313 0.570316 0.451171 0.570316
0 0.43945 0.699217 0.43945 0.707032 0.437502 0.708989 0.437502 0.712891 0.43945 0.712891 0.443357 0.716794 0.445316 0.716794 0.449223 0.720706 0.451171 0.720706 0.45313 0.722652 0.455078 0.722652 0.457026 0.724609 0.460933 0.724609 0.462892 0.726565 0.46484 0.726565 0.466799 0.728511 0.472654 0.728511 0.476561 0.724609 0.476561 0.714847 0.474613 0.714847 0.472654 0.712891 0.470706 0.712891 0.468747 0.710935 0.466799 0.710935 0.46484 0.708989 0.462892 0.708989 0.460933 0.707032 0.458985 0.707032 0.457026 0.705076 0.455078 0.705076 0.45313 0.70313 0.451171 0.70313 0.449223 0.701174 0.447264 0.701174 0.445316 0.699217
0 0.468747 0.64062 0.466799 0.642577 0.46484 0.642577 0.46484 0.644533 0.462892 0.646489 0.462892 0.652348 0.470706 0.660153 0.472654 0.660153 0.482428 0.669924 0.484375 0.669924 0.488282 0.666011 0.49023 0.666011 0.492189 0.664065 0.492189 0.662109 0.494137 0.660153 0.494137 0.658206 0.496097 0.65625 0.496097 0.654294 0.494137 0.654294 0.49023 0.650391 0.488282 0.650391 0.486323 0.648435 0.484375 0.648435 0.482428 0.646489 0.480468 0.646489 0.476561 0.642577 0.474613 0.642577 0.472654 0.64062
0 0.388669 0.591794 0.384762 0.595707 0.382814 0.595707 0.382814 0.597653 0.380855 0.599609 0.382814 0.601565 0.382814 0.603512 0.384762 0.605468 0.384762 0.607424 0.386721 0.609371 0.386721 0.611327 0.388669 0.613283 0.388669 0.615239 0.390628 0.617185 0.390628 0.619142 0.392576 0.621098 0.392576 0.623044 0.394535 0.625 0.394535 0.626957 0.396483 0.628903 0.398442 0.626957 0.40235 0.626957 0.406245 0.623044 0.408204 0.623044 0.410152 0.621098 0.410152 0.619142 0.412111 0.617185 0.410152 0.615239 0.410152 0.613283 0.406245 0.609371 0.406245 0.607424 0.40039 0.601565 0.40039 0.599609 0.396483 0.595707 0.396483 0.593751 0.394535 0.591794
0 0.82813 0.763673 0.826171 0.76563 0.824223 0.76563 0.822264 0.767576 0.822264 0.771488 0.820316 0.773435 0.820316 0.775391 0.841799 0.796879 0.845706 0.792967 0.847654 0.792967 0.849613 0.791011 0.851561 0.791011 0.85352 0.789064 0.85352 0.785152 0.851561 0.783206 0.851561 0.78125 0.83984 0.769532 0.837892 0.769532 0.832025 0.763673
0 0.566401 0.982422 0.564453 0.984378 0.562506 0.984378 0.562506 0.992183 0.564453 0.992183 0.566401 0.994139 0.56836 0.994139 0.570308 0.996096 0.574215 0.996096 0.576175 0.998042 0.578122 0.998042 0.580082 0.999998 0.582029 0.999998 0.583989 1 0.585937 1 0.587896 1 0.589844 1 0.593751 0.999998 0.591791 0.998042 0.591791 0.996096 0.589844 0.994139 0.589844 0.992183 0.587896 0.992183 0.585937 0.990237 0.583989 0.990237 0.582029 0.988281 0.578122 0.988281 0.576175 0.986325 0.574215 0.986325 0.572267 0.984378 0.570308 0.984378 0.56836 0.982422
0 0.414059 0.683597 0.412111 0.685544 0.410152 0.685544 0.410152 0.693359 0.412111 0.695315 0.412111 0.699217 0.414059 0.699217 0.416019 0.701174 0.417966 0.701174 0.421873 0.705076 0.423833 0.705076 0.42578 0.707032 0.42774 0.707032 0.429688 0.708989 0.435542 0.708989 0.437502 0.707032 0.437502 0.699217 0.43945 0.697261 0.43945 0.695315 0.437502 0.695315 0.435542 0.693359 0.433595 0.693359 0.431635 0.691403 0.429688 0.691403 0.42774 0.689456 0.42578 0.689456 0.423833 0.6875 0.421873 0.6875 0.419926 0.685544 0.417966 0.685544 0.416019 0.683597
0 0.673829 0.816402 0.669922 0.820314 0.667974 0.820314 0.666015 0.82227 0.666015 0.824217 0.664067 0.826173 0.664067 0.830075 0.666015 0.830075 0.669922 0.833988 0.671869 0.833988 0.673829 0.835934 0.675776 0.835934 0.677736 0.83789 0.679684 0.83789 0.683591 0.841793 0.68555 0.841793 0.687498 0.843749 0.689457 0.843749 0.693364 0.847652 0.695312 0.847652 0.697271 0.849608 0.699219 0.847652 0.703126 0.847652 0.703126 0.845705 0.705074 0.843749 0.705074 0.839847 0.707033 0.83789 0.707033 0.833988 0.705074 0.833988 0.703126 0.832032 0.701167 0.832032 0.699219 0.830075 0.697271 0.830075 0.695312 0.828129 0.693364 0.828129 0.689457 0.824217 0.687498 0.824217 0.68555 0.82227 0.683591 0.82227 0.681643 0.820314 0.679684 0.820314 0.677736 0.818358 0.675776 0.818358
0 0.902342 0.433589 0.896487 0.439458 0.896487 0.441404 0.894527 0.44336 0.894527 0.447263 0.896487 0.447263 0.898434 0.449219 0.900394 0.449219 0.902342 0.451175 0.904301 0.451175 0.906249 0.453122 0.908208 0.453122 0.910156 0.455078 0.912115 0.455078 0.914063 0.457034 0.916011 0.457034 0.91797 0.45898 0.919918 0.45898 0.921877 0.460936 0.927732 0.460936 0.927732 0.45898 0.925784 0.457034 0.927732 0.455078 0.929691 0.455078 0.931639 0.453122 0.931639 0.451175 0.929691 0.449219 0.927732 0.449219 0.925784 0.447263 0.923825 0.447263 0.919918 0.44336 0.91797 0.44336 0.916011 0.441404 0.914063 0.441404 0.912115 0.439458 0.910156 0.439458 0.906249 0.435545 0.904301 0.435545
0 0.972658 0.441404 0.972658 0.44336 0.966791 0.449219 0.964844 0.449219 0.964844 0.453122 0.962896 0.455078 0.962896 0.457034 0.966791 0.460936 0.970698 0.460936 0.972658 0.462893 0.976565 0.462893 0.978512 0.464839 0.98242 0.464839 0.984379 0.466795 0.988286 0.466795 0.990234 0.468751 0.994141 0.468751 0.996089 0.470707 0.996089 0.472654 0.998048 0.470707 0.998048 0.466795 0.999996 0.464839 0.999996 0.462893 1 0.460936 1 0.457034 0.999996 0.457034 0.998048 0.455078 0.996089 0.455078 0.994141 0.453122 0.992193 0.453122 0.990234 0.451175 0.988286 0.451175 0.984379 0.447263 0.98242 0.447263 0.980472 0.445316 0.978512 0.445316 0.976565 0.44336 0.974605 0.44336
0 0.435542 0.716794 0.435542 0.71875 0.433595 0.720706 0.433595 0.730467 0.435542 0.730467 0.437502 0.732424 0.441409 0.732424 0.443357 0.73438 0.445316 0.73438 0.447264 0.736326 0.451171 0.736326 0.45313 0.738282 0.455078 0.738282 0.457026 0.740238 0.460933 0.740238 0.462892 0.742185 0.46484 0.742185 0.466799 0.744141 0.468747 0.744141 0.472654 0.740238 0.472654 0.732424 0.470706 0.730467 0.466799 0.730467 0.46484 0.728511 0.462892 0.728511 0.460933 0.726565 0.457026 0.726565 0.455078 0.724609 0.451171 0.724609 0.449223 0.722652 0.447264 0.722652 0.445316 0.720706 0.441409 0.720706 0.43945 0.71875 0.437502 0.71875
0 0.476561 0.695315 0.476561 0.701174 0.474613 0.70313 0.474613 0.705076 0.472654 0.707032 0.474613 0.707032 0.476561 0.708989 0.480468 0.708989 0.482428 0.710935 0.484375 0.710935 0.486323 0.712891 0.49023 0.712891 0.492189 0.714847 0.494137 0.714847 0.496097 0.716794 0.498044 0.716794 0.500004 0.71875 0.503911 0.71875 0.505858 0.720706 0.507818 0.720706 0.509766 0.722652 0.511713 0.722652 0.513673 0.720706 0.51562 0.720706 0.51562 0.71875 0.51758 0.716794 0.51758 0.708989 0.513673 0.708989 0.511713 0.707032 0.509766 0.707032 0.507818 0.705076 0.503911 0.705076 0.501951 0.70313 0.498044 0.70313 0.496097 0.701174 0.492189 0.701174 0.49023 0.699217 0.488282 0.699217 0.486323 0.697261 0.482428 0.697261 0.480468 0.695315
0 0.623048 0.500001 0.621089 0.501957 0.621089 0.503904 0.615234 0.509762 0.615234 0.511719 0.611327 0.515621 0.611327 0.517577 0.609379 0.519533 0.609379 0.52148 0.611327 0.52148 0.613286 0.523436 0.615234 0.523436 0.619141 0.527348 0.623048 0.523436 0.623048 0.52148 0.628903 0.515621 0.628903 0.513675 0.63281 0.509762 0.63281 0.50586 0.630862 0.50586 0.628903 0.503904 0.626955 0.503904
0 0.966791 0.937499 0.962896 0.941411 0.960936 0.941411 0.960936 0.945314 0.958989 0.94727 0.958989 0.953128 0.960936 0.953128 0.962896 0.955075 0.964844 0.955075 0.966791 0.957031 0.968751 0.957031 0.970698 0.958987 0.974605 0.958987 0.976565 0.960934 0.978512 0.960934 0.980472 0.96289 0.98242 0.96289 0.984379 0.964846 0.986327 0.964846 0.988286 0.966792 0.990234 0.964846 0.994141 0.964846 0.996089 0.96289 0.996089 0.960934 0.998048 0.958987 0.998048 0.949216 0.994141 0.949216 0.992193 0.94727 0.990234 0.94727 0.988286 0.945314 0.984379 0.945314 0.98242 0.943357 0.980472 0.943357 0.978512 0.941411 0.974605 0.941411 0.972658 0.939455 0.970698 0.939455 0.968751 0.937499
0 0.494137 0.423828 0.49023 0.42773 0.488282 0.42773 0.488282 0.435545 0.49023 0.437502 0.492189 0.437502 0.496097 0.441404 0.498044 0.441404 0.501951 0.445316 0.507818 0.445316 0.509766 0.44336 0.511713 0.44336 0.511713 0.441404 0.513673 0.439458 0.513673 0.437502 0.507818 0.431643 0.505858 0.431643 0.501951 0.42773 0.500004 0.42773 0.496097 0.423828
0 0.242182 0.697261 0.238286 0.701174 0.236327 0.701174 0.23242 0.705076 0.230472 0.705076 0.228513 0.707032 0.230472 0.708989 0.230472 0.710935 0.234379 0.714847 0.234379 0.716794 0.238286 0.720706 0.238286 0.722652 0.240234 0.724609 0.240234 0.726565 0.244141 0.730467 0.244141 0.732424 0.248048 0.736326 0.248048 0.738282 0.249996 0.740238 0.251955 0.738282 0.255862 0.738282 0.25781 0.736326 0.263677 0.736326 0.265624 0.73438 0.265624 0.732424 0.269531 0.728511 0.261717 0.720706 0.261717 0.71875 0.248048 0.705076 0.248048 0.70313
0 0.83984 0.312502 0.837892 0.314449 0.835933 0.314449 0.832025 0.318361 0.830078 0.318361 0.82813 0.320317 0.826171 0.320317 0.822264 0.32422 0.820316 0.32422 0.816409 0.328122 0.814449 0.328122 0.812502 0.330078 0.810542 0.330078 0.806635 0.333981 0.804687 0.333981 0.804687 0.335937 0.806635 0.337893 0.806635 0.341796 0.808594 0.341796 0.812502 0.345698 0.814449 0.343752 0.816409 0.343752 0.818356 0.341796 0.820316 0.341796 0.824223 0.337893 0.826171 0.337893 0.82813 0.335937 0.830078 0.335937 0.832025 0.333981 0.833985 0.333981 0.835933 0.332035 0.837892 0.332035 0.841799 0.328122 0.843747 0.328122 0.845706 0.326176 0.847654 0.326176 0.845706 0.32422 0.845706 0.322264 0.843747 0.320317 0.843747 0.318361 0.841799 0.316405 0.841799 0.314449
0 0.212896 0.693359 0.210937 0.695315 0.205082 0.695315 0.203122 0.697261 0.201175 0.697261 0.201175 0.699217 0.199215 0.701174 0.199215 0.70313 0.201175 0.705076 0.201175 0.707032 0.203122 0.708989 0.203122 0.710935 0.205082 0.712891 0.205082 0.714847 0.20703 0.716794 0.20703 0.71875 0.208989 0.720706 0.208989 0.722652 0.210937 0.724609 0.210937 0.726565 0.212896 0.728511 0.212896 0.730467 0.214844 0.732424 0.222658 0.732424 0.226565 0.728511 0.228513 0.728511 0.230472 0.726565 0.230472 0.720706 0.228513 0.71875 0.228513 0.716794 0.224606 0.712891 0.224606 0.710935 0.220699 0.707032 0.220699 0.705076 0.218751 0.70313 0.218751 0.701174 0.214844 0.697261 0.214844 0.695315
0 0.371093 0.519533 0.369145 0.52148 0.365238 0.52148 0.361331 0.525392 0.361331 0.533207 0.371093 0.542968 0.373052 0.542968 0.380855 0.550783 0.382814 0.550783 0.386721 0.554686 0.394535 0.554686 0.396483 0.55273 0.396483 0.550783 0.398442 0.548827 0.398442 0.546871 0.40039 0.544924 0.40039 0.542968 0.396483 0.539066 0.394535 0.539066 0.382814 0.527348 0.380855 0.527348 0.373052 0.519533
0 1 0.460936 1 0.462893 1 0.462893 1 0.464839 0.999996 0.466795 0.999996 0.480469 1 0.480469 1 0.482425 1 0.482425 1 0.484371 1 0.484371 1 0.486327 1 0.486327 1 0.482425 1 0.482425 1 0.472654 1 0.472654 1 0.470707 1 0.470707 1 0.468751 1 0.468751 1 0.466795 1 0.466795 1 0.464839 1 0.464839 1 0.462893 1 0.462893
0 0.992193 0.312502 0.988286 0.316405 0.988286 0.318361 0.986327 0.320317 0.986327 0.326176 0.988286 0.326176 0.990234 0.328122 0.994141 0.328122 0.996089 0.330078 0.998048 0.330078 0.999996 0.332035 1 0.332035 1 0.333981 1 0.333981 1 0.335937 1 0.335937 1 0.337893 1 0.337893 1 0.33984 1 0.33984 1 0.341796 1 0.33984 1 0.33984 1 0.337893 1 0.330078 1 0.328122 1 0.32422 1 0.32422 1 0.322264 1 0.322264 1 0.320317 1 0.320317 1 0.318361 1 0.318361 1 0.316405 0.999996 0.316405 0.998048 0.314449 0.994141 0.314449
0 0.792966 0.234373 0.791018 0.236329 0.789059 0.236329 0.787111 0.238285 0.785152 0.238285 0.783204 0.240232 0.781245 0.240232 0.779297 0.242188 0.777349 0.242188 0.77539 0.244144 0.773442 0.244144 0.771483 0.24609 0.769535 0.24609 0.767576 0.248046 0.765628 0.248046 0.763669 0.250003 0.761721 0.250003 0.765628 0.253905 0.765628 0.255861 0.769535 0.259764 0.771483 0.259764 0.773442 0.26172 0.77539 0.259764 0.777349 0.259764 0.779297 0.257808 0.781245 0.257808 0.783204 0.255861 0.785152 0.255861 0.787111 0.253905 0.789059 0.253905 0.791018 0.251949 0.792966 0.251949 0.794926 0.250003 0.796873 0.250003 0.798833 0.248046 0.80078 0.248046 0.80078 0.24609 0.798833 0.244144 0.798833 0.238285 0.796873 0.236329 0.796873 0.234373
0 0.498044 0.513675 0.496097 0.515621 0.494137 0.515621 0.49023 0.519533 0.49023 0.531251 0.492189 0.531251 0.494137 0.533207 0.498044 0.533207 0.500004 0.535153 0.501951 0.535153 0.503911 0.53711 0.507818 0.53711 0.509766 0.539066 0.511713 0.539066 0.513673 0.541012 0.51758 0.541012 0.519527 0.542968 0.521487 0.542968 0.523435 0.544924 0.525394 0.544924 0.527342 0.542968 0.527342 0.541012 0.529301 0.539066 0.529301 0.535153 0.531249 0.533207 0.531249 0.529295 0.529301 0.527348 0.529301 0.525392 0.525394 0.525392 0.523435 0.523436 0.521487 0.523436 0.519527 0.52148 0.51562 0.52148 0.513673 0.519533 0.509766 0.519533 0.507818 0.517577 0.505858 0.517577 0.503911 0.515621 0.500004 0.515621
0 0.468747 0.556642 0.468747 0.558598 0.466799 0.560544 0.466799 0.562501 0.46484 0.564457 0.46484 0.566403 0.466799 0.566403 0.470706 0.570316 0.472654 0.570316 0.474613 0.572262 0.476561 0.572262 0.480468 0.576174 0.482428 0.576174 0.486323 0.580077 0.488282 0.580077 0.49023 0.582033 0.492189 0.582033 0.494137 0.583979 0.498044 0.583979 0.498044 0.582033 0.500004 0.580077 0.500004 0.578121 0.501951 0.576174 0.501951 0.572262 0.500004 0.572262 0.498044 0.570316 0.496097 0.570316 0.492189 0.566403 0.49023 0.566403 0.488282 0.564457 0.486323 0.564457 0.484375 0.562501 0.482428 0.562501 0.47852 0.558598 0.476561 0.558598 0.474613 0.556642
0 0.533208 0.816402 0.531249 0.818358 0.523435 0.818358 0.521487 0.820314 0.521487 0.82227 0.519527 0.824217 0.519527 0.826173 0.51758 0.828129 0.51758 0.830075 0.513673 0.833988 0.513673 0.835934 0.511713 0.83789 0.511713 0.839847 0.509766 0.841793 0.509766 0.843749 0.507818 0.845705 0.507818 0.847652 0.511713 0.851564 0.519527 0.851564 0.523435 0.847652 0.523435 0.845705 0.529301 0.839847 0.529301 0.83789 0.535156 0.832032 0.535156 0.830075 0.539063 0.826173 0.539063 0.820314 0.537104 0.820314
0 0.650386 0.503904 0.638676 0.515621 0.636717 0.515621 0.626955 0.525392 0.626955 0.527348 0.624996 0.529295 0.624996 0.531251 0.623048 0.533207 0.623048 0.53711 0.624996 0.539066 0.626955 0.539066 0.630862 0.542968 0.634769 0.542968 0.636717 0.541012 0.640624 0.541012 0.644531 0.53711 0.644531 0.535153 0.650386 0.529295 0.650386 0.527348 0.656253 0.52148 0.656253 0.519533 0.66016 0.515621 0.66016 0.509762 0.6582 0.507816 0.6582 0.50586 0.652346 0.50586
0 0.851561 0.751956 0.849613 0.753902 0.847654 0.753902 0.847654 0.761717 0.849613 0.763673 0.849613 0.769532 0.851561 0.771488 0.851561 0.775391 0.85352 0.777347 0.85352 0.783206 0.855468 0.785152 0.855468 0.787108 0.857427 0.785152 0.863282 0.785152 0.86523 0.783206 0.867189 0.783206 0.867189 0.78125 0.869137 0.779293 0.869137 0.777347 0.867189 0.775391 0.867189 0.771488 0.86523 0.769532 0.86523 0.763673 0.863282 0.761717 0.863282 0.757815 0.861323 0.755858 0.861323 0.753902 0.85352 0.753902
0 0.330074 0.580077 0.326167 0.583979 0.326167 0.587892 0.328126 0.589848 0.328126 0.595707 0.330074 0.597653 0.330074 0.601565 0.332033 0.603512 0.332033 0.607424 0.333981 0.609371 0.333981 0.615239 0.335941 0.617185 0.335941 0.619142 0.341795 0.619142 0.343755 0.617185 0.347662 0.617185 0.34961 0.615239 0.34961 0.613283 0.351557 0.611327 0.351557 0.609371 0.353517 0.607424 0.351557 0.605468 0.351557 0.603512 0.34961 0.601565 0.34961 0.599609 0.347662 0.597653 0.347662 0.595707 0.345702 0.593751 0.345702 0.591794 0.343755 0.589848 0.343755 0.587892 0.341795 0.585936 0.341795 0.583979 0.339848 0.582033 0.339848 0.580077
0 0.460933 0.400393 0.460933 0.402339 0.457026 0.406252 0.457026 0.408208 0.455078 0.410154 0.455078 0.41211 0.45313 0.414067 0.455078 0.416013 0.455078 0.417969 0.458985 0.421872 0.460933 0.421872 0.468747 0.429687 0.470706 0.429687 0.476561 0.435545 0.482428 0.435545 0.484375 0.437502 0.486323 0.435545 0.486323 0.42773 0.488282 0.425784 0.49023 0.425784 0.494137 0.421872 0.494137 0.417969 0.492189 0.417969 0.49023 0.416013 0.488282 0.416013 0.486323 0.414067 0.484375 0.414067 0.482428 0.41211 0.480468 0.41211 0.476561 0.408208 0.474613 0.408208 0.472654 0.406252 0.470706 0.406252 0.468747 0.404295 0.466799 0.404295 0.46484 0.402339 0.462892 0.402339
0 0.56836 0.636718 0.566401 0.638674 0.558598 0.638674 0.556639 0.64062 0.548825 0.64062 0.546877 0.642577 0.537104 0.642577 0.535156 0.644533 0.527342 0.644533 0.527342 0.658206 0.529301 0.660153 0.531249 0.658206 0.54297 0.658206 0.544918 0.65625 0.556639 0.65625 0.558598 0.654294 0.570308 0.654294 0.570308 0.64062 0.56836 0.638674
0 0.662107 0.517577 0.66016 0.519533 0.66016 0.52148 0.6582 0.523436 0.6582 0.525392 0.656253 0.527348 0.656253 0.529295 0.654293 0.531251 0.654293 0.533207 0.652346 0.535153 0.652346 0.544924 0.6582 0.544924 0.66016 0.542968 0.664067 0.542968 0.664067 0.541012 0.666015 0.539066 0.666015 0.53711 0.667974 0.535153 0.667974 0.533207 0.669922 0.531251 0.669922 0.529295 0.671869 0.527348 0.671869 0.523436 0.669922 0.52148 0.669922 0.519533 0.664067 0.519533
0 0.560546 0.0332 0.546877 0.046874 0.546877 0.04883 0.533208 0.062504 0.535156 0.062504 0.539063 0.066406 0.541011 0.066406 0.544918 0.070309 0.552732 0.062504 0.554691 0.062504 0.56836 0.04883 0.570308 0.04883 0.576175 0.042971 0.574215 0.042971 0.570308 0.039059 0.56836 0.039059 0.564453 0.035156 0.562506 0.035156
0 0.449223 0.513675 0.447264 0.515621 0.443357 0.515621 0.441409 0.517577 0.441409 0.519533 0.43945 0.52148 0.43945 0.525392 0.437502 0.527348 0.43945 0.527348 0.441409 0.529295 0.445316 0.529295 0.447264 0.531251 0.449223 0.531251 0.451171 0.533207 0.45313 0.533207 0.455078 0.535153 0.457026 0.535153 0.458985 0.53711 0.462892 0.53711 0.46484 0.539066 0.466799 0.539066 0.468747 0.541012 0.470706 0.539066 0.472654 0.539066 0.476561 0.535153 0.476561 0.527348 0.474613 0.525392 0.472654 0.525392 0.470706 0.523436 0.468747 0.523436 0.466799 0.52148 0.462892 0.52148 0.460933 0.519533 0.458985 0.519533 0.457026 0.517577 0.455078 0.517577 0.45313 0.515621 0.451171 0.515621
0 0.589844 0.638674 0.589844 0.64062 0.587896 0.642577 0.587896 0.644533 0.585937 0.646489 0.585937 0.648435 0.583989 0.650391 0.583989 0.652348 0.582029 0.654294 0.582029 0.658206 0.580082 0.660153 0.580082 0.662109 0.578122 0.664065 0.578122 0.666011 0.576175 0.667968 0.576175 0.669924 0.574215 0.67187 0.574215 0.673826 0.572267 0.675783 0.572267 0.677739 0.574215 0.677739 0.576175 0.679685 0.578122 0.679685 0.580082 0.681641 0.582029 0.681641 0.583989 0.683597 0.585937 0.683597 0.587896 0.685544 0.587896 0.683597 0.589844 0.681641 0.589844 0.677739 0.591791 0.675783 0.591791 0.673826 0.593751 0.67187 0.593751 0.667968 0.595698 0.666011 0.595698 0.662109 0.597658 0.660153 0.597658 0.65625 0.599606 0.654294 0.599606 0.652348 0.601565 0.650391 0.601565 0.646489 0.603513 0.644533 0.603513 0.642577 0.601565 0.64062 0.597658 0.64062 0.595698 0.638674
0 0.884765 0.695315 0.884765 0.697261 0.882818 0.699217 0.882818 0.710935 0.884765 0.710935 0.888673 0.714847 0.89062 0.714847 0.89258 0.716794 0.894527 0.716794 0.896487 0.71875 0.898434 0.71875 0.902342 0.722652 0.904301 0.722652 0.906249 0.724609 0.908208 0.724609 0.910156 0.722652 0.914063 0.722652 0.914063 0.710935 0.912115 0.710935 0.908208 0.707032 0.906249 0.707032 0.904301 0.705076 0.902342 0.705076 0.898434 0.701174 0.896487 0.701174 0.89258 0.697261 0.89062 0.697261 0.888673 0.695315
0 0.42774 0.619142 0.42774 0.621098 0.42578 0.623044 0.42578 0.625 0.423833 0.626957 0.431635 0.634762 0.433595 0.634762 0.445316 0.646489 0.45313 0.646489 0.455078 0.644533 0.455078 0.632815 0.45313 0.630859 0.451171 0.630859 0.443357 0.623044 0.441409 0.623044 0.437502 0.619142
0 0.449223 0.417969 0.447264 0.419925 0.445316 0.419925 0.445316 0.429687 0.447264 0.429687 0.451171 0.433589 0.45313 0.433589 0.455078 0.435545 0.457026 0.435545 0.460933 0.439458 0.462892 0.439458 0.466799 0.44336 0.468747 0.44336 0.472654 0.447263 0.474613 0.447263 0.47852 0.44336 0.47852 0.437502 0.476561 0.437502 0.470706 0.431643 0.468747 0.431643 0.460933 0.423828 0.458985 0.423828 0.45313 0.417969
0 0.367186 0.652348 0.359371 0.660153 0.359371 0.662109 0.361331 0.664065 0.361331 0.667968 0.363279 0.669924 0.363279 0.673826 0.365238 0.675783 0.365238 0.679685 0.367186 0.681641 0.367186 0.685544 0.369145 0.6875 0.369145 0.689456 0.371093 0.691403 0.373052 0.689456 0.376948 0.689456 0.378907 0.6875 0.380855 0.6875 0.384762 0.683597 0.386721 0.683597 0.386721 0.681641 0.388669 0.679685 0.388669 0.677739 0.386721 0.675783 0.386721 0.673826 0.384762 0.67187 0.384762 0.667968 0.382814 0.666011 0.382814 0.662109 0.380855 0.660153 0.380855 0.658206 0.378907 0.65625 0.378907 0.654294 0.375 0.654294 0.373052 0.652348
0 0.480468 0.796879 0.47852 0.798826 0.47852 0.800782 0.476561 0.802738 0.476561 0.804684 0.474613 0.806641 0.474613 0.808597 0.472654 0.810543 0.472654 0.812499 0.468747 0.816402 0.468747 0.818358 0.466799 0.820314 0.466799 0.82227 0.46484 0.824217 0.46484 0.826173 0.462892 0.828129 0.462892 0.830075 0.460933 0.832032 0.462892 0.832032 0.46484 0.833988 0.46484 0.835934 0.468747 0.835934 0.470706 0.83789 0.474613 0.83789 0.476561 0.839847 0.476561 0.83789 0.47852 0.835934 0.47852 0.833988 0.480468 0.832032 0.480468 0.830075 0.482428 0.828129 0.482428 0.826173 0.484375 0.824217 0.484375 0.82227 0.486323 0.820314 0.486323 0.818358 0.488282 0.816402 0.488282 0.814455 0.49023 0.812499 0.49023 0.810543 0.492189 0.808597 0.492189 0.806641 0.494137 0.804684 0.494137 0.800782 0.492189 0.798826 0.492189 0.796879
0 0.480468 0.716794 0.480468 0.730467 0.484375 0.730467 0.486323 0.732424 0.49023 0.732424 0.492189 0.73438 0.496097 0.73438 0.498044 0.736326 0.501951 0.736326 0.503911 0.738282 0.507818 0.738282 0.509766 0.740238 0.511713 0.740238 0.511713 0.73438 0.513673 0.732424 0.513673 0.726565 0.509766 0.726565 0.507818 0.724609 0.503911 0.724609 0.501951 0.722652 0.496097 0.722652 0.494137 0.720706 0.49023 0.720706 0.488282 0.71875 0.484375 0.71875 0.482428 0.716794
0 0.480468 0.224612 0.480468 0.226558 0.474613 0.232426 0.47852 0.236329 0.480468 0.236329 0.492189 0.248046 0.494137 0.248046 0.501951 0.255861 0.503911 0.255861 0.505858 0.253905 0.509766 0.253905 0.513673 0.250003 0.513673 0.248046 0.51562 0.24609 0.51562 0.244144 0.513673 0.244144 0.509766 0.240232 0.507818 0.240232 0.503911 0.236329 0.501951 0.236329 0.498044 0.232426 0.496097 0.232426 0.492189 0.228514 0.49023 0.228514 0.486323 0.224612
0 0.886713 0.47461 0.882818 0.478513 0.880858 0.478513 0.878911 0.480469 0.878911 0.49023 0.884765 0.49023 0.886713 0.492186 0.89258 0.492186 0.894527 0.494142 0.898434 0.494142 0.900394 0.496099 0.906249 0.496099 0.908208 0.498045 0.910156 0.496099 0.914063 0.496099 0.916011 0.494142 0.91797 0.494142 0.91797 0.492186 0.919918 0.49023 0.919918 0.484371 0.916011 0.484371 0.914063 0.482425 0.910156 0.482425 0.908208 0.480469 0.904301 0.480469 0.902342 0.478513 0.898434 0.478513 0.896487 0.476566 0.89062 0.476566 0.888673 0.47461
0 0.992193 0.886716 0.990234 0.888673 0.988286 0.888673 0.988286 0.892575 0.984379 0.896487 0.984379 0.898434 0.986327 0.90039 0.986327 0.902346 0.990234 0.902346 0.992193 0.904293 0.996089 0.904293 0.998048 0.906249 1 0.906249 1 0.908205 1 0.908205 1 0.910161 1 0.910161 1 0.912107 1 0.912107 1 0.914064 1 0.910161 1 0.908205 1 0.906249 1 0.904293 1 0.902346 1 0.90039 1 0.898434 1 0.898434 1 0.896487 1 0.896487 1 0.894531 1 0.894531 1 0.892575 1 0.892575 1 0.890629 1 0.890629 1 0.888673 0.999996 0.888673 0.998048 0.886716
0 0.316405 0.527348 0.312498 0.531251 0.31055 0.531251 0.308591 0.533207 0.31055 0.535153 0.31055 0.53711 0.314457 0.541012 0.314457 0.542968 0.318364 0.546871 0.318364 0.548827 0.320312 0.550783 0.320312 0.55273 0.324219 0.556642 0.324219 0.558598 0.326167 0.560544 0.330074 0.560544 0.333981 0.556642 0.335941 0.556642 0.335941 0.554686 0.337888 0.55273 0.337888 0.550783 0.339848 0.548827 0.337888 0.546871 0.337888 0.544924 0.332033 0.539066 0.332033 0.53711 0.326167 0.531251 0.326167 0.529295 0.324219 0.527348
0 0.433595 0.738282 0.431635 0.740238 0.429688 0.740238 0.429688 0.748044 0.431635 0.748044 0.435542 0.751956 0.437502 0.751956 0.43945 0.753902 0.441409 0.753902 0.443357 0.755858 0.445316 0.755858 0.449223 0.759761 0.451171 0.759761 0.45313 0.761717 0.455078 0.759761 0.457026 0.759761 0.462892 0.753902 0.462892 0.75 0.458985 0.75 0.457026 0.748044 0.455078 0.748044 0.45313 0.746097 0.449223 0.746097 0.447264 0.744141 0.445316 0.744141 0.443357 0.742185 0.43945 0.742185 0.437502 0.740238 0.435542 0.740238
0 0.376948 0.183591 0.375 0.185547 0.373052 0.185547 0.371093 0.187503 0.369145 0.187503 0.365238 0.191406 0.363279 0.191406 0.361331 0.193362 0.359371 0.193362 0.357424 0.195308 0.355464 0.195308 0.353517 0.197264 0.351557 0.197264 0.347662 0.201177 0.345702 0.201177 0.343755 0.203123 0.341795 0.203123 0.341795 0.208982 0.343755 0.210938 0.343755 0.21484 0.345702 0.216797 0.347662 0.216797 0.34961 0.21484 0.351557 0.21484 0.353517 0.212894 0.355464 0.212894 0.357424 0.210938 0.361331 0.210938 0.363279 0.208982 0.365238 0.208982 0.367186 0.207035 0.369145 0.207035 0.371093 0.205079 0.373052 0.205079 0.375 0.203123 0.378907 0.203123 0.380855 0.201177 0.382814 0.201177 0.382814 0.191406 0.378907 0.187503 0.378907 0.185547
0 0.972658 0.468751 0.972658 0.470707 0.970698 0.472654 0.968751 0.472654 0.968751 0.484371 0.970698 0.484371 0.972658 0.486327 0.976565 0.486327 0.978512 0.488284 0.980472 0.488284 0.98242 0.49023 0.984379 0.49023 0.986327 0.492186 0.990234 0.492186 0.992193 0.494142 0.994141 0.494142 0.996089 0.496099 1 0.496099 1 0.494142 1 0.492186 1 0.482425 0.999996 0.482425 0.996089 0.478513 0.994141 0.478513 0.992193 0.476566 0.990234 0.476566 0.988286 0.47461 0.986327 0.47461 0.984379 0.472654 0.98242 0.472654 0.980472 0.470707 0.974605 0.470707
0 0.519527 0.953128 0.51758 0.955075 0.513673 0.955075 0.513673 0.957031 0.511713 0.958987 0.511713 0.960934 0.509766 0.96289 0.509766 0.966792 0.511713 0.966792 0.513673 0.968748 0.51562 0.968748 0.51758 0.970705 0.519527 0.970705 0.521487 0.972661 0.523435 0.972661 0.527342 0.976563 0.529301 0.976563 0.531249 0.978519 0.533208 0.978519 0.535156 0.980466 0.537104 0.980466 0.539063 0.982422 0.541011 0.982422 0.54297 0.984378 0.544918 0.982422 0.546877 0.982422 0.548825 0.980466 0.550784 0.980466 0.550784 0.978519 0.552732 0.976563 0.552732 0.970705 0.550784 0.970705 0.548825 0.968748 0.546877 0.968748 0.54297 0.964846 0.541011 0.964846 0.539063 0.96289 0.537104 0.96289 0.535156 0.960934 0.533208 0.960934 0.529301 0.957031 0.527342 0.957031 0.525394 0.955075 0.523435 0.955075 0.521487 0.953128
0 0.925784 0.419925 0.921877 0.423828 0.919918 0.423828 0.919918 0.425784 0.91797 0.42773 0.91797 0.439458 0.919918 0.439458 0.921877 0.441404 0.925784 0.441404 0.927732 0.44336 0.929691 0.44336 0.931639 0.445316 0.933598 0.445316 0.935546 0.447263 0.937505 0.447263 0.939453 0.449219 0.94336 0.449219 0.945308 0.451175 0.947267 0.451175 0.949215 0.453122 0.951174 0.453122 0.953122 0.455078 0.953122 0.453122 0.955082 0.451175 0.955082 0.449219 0.957029 0.447263 0.957029 0.44336 0.958989 0.441404 0.958989 0.439458 0.957029 0.439458 0.953122 0.435545 0.951174 0.435545 0.949215 0.433589 0.947267 0.433589 0.945308 0.431643 0.94336 0.431643 0.939453 0.42773 0.937505 0.42773 0.935546 0.425784 0.933598 0.425784 0.929691 0.421872 0.927732 0.421872
0 0.953122 0.865238 0.951174 0.867184 0.951174 0.86914 0.949215 0.871096 0.949215 0.873043 0.947267 0.874999 0.947267 0.880858 0.949215 0.880858 0.951174 0.882814 0.953122 0.882814 0.955082 0.88477 0.957029 0.88477 0.958989 0.886716 0.960936 0.886716 0.962896 0.888673 0.964844 0.888673 0.966791 0.890629 0.968751 0.890629 0.970698 0.892575 0.972658 0.892575 0.974605 0.894531 0.976565 0.894531 0.978512 0.896487 0.980472 0.894531 0.98242 0.894531 0.984379 0.892575 0.986327 0.892575 0.986327 0.888673 0.988286 0.886716 0.988286 0.876955 0.984379 0.876955 0.98242 0.874999 0.978512 0.874999 0.976565 0.873043 0.972658 0.873043 0.970698 0.871096 0.966791 0.871096 0.964844 0.86914 0.960936 0.86914 0.958989 0.867184 0.955082 0.867184
0 0.994141 0.23047 0.994141 0.232426 0.992193 0.234373 0.992193 0.236329 0.990234 0.238285 0.990234 0.240232 0.988286 0.242188 0.988286 0.244144 0.986327 0.24609 0.988286 0.248046 0.990234 0.248046 0.992193 0.250003 0.996089 0.250003 0.996089 0.248046 0.998048 0.24609 0.998048 0.244144 0.999996 0.242188 0.999996 0.240232 1 0.238285 1 0.234373 0.999996 0.232426 0.999996 0.23047
0 0.560546 0.591794 0.558598 0.593751 0.556639 0.593751 0.552732 0.597653 0.550784 0.597653 0.546877 0.601565 0.544918 0.601565 0.54297 0.603512 0.541011 0.603512 0.537104 0.607424 0.535156 0.607424 0.531249 0.611327 0.529301 0.611327 0.529301 0.615239 0.531249 0.617185 0.531249 0.619142 0.533208 0.621098 0.537104 0.621098 0.539063 0.619142 0.541011 0.619142 0.54297 0.617185 0.544918 0.617185 0.546877 0.615239 0.548825 0.615239 0.550784 0.613283 0.552732 0.613283 0.556639 0.609371 0.558598 0.609371 0.560546 0.607424 0.562506 0.607424 0.564453 0.605468 0.566401 0.605468 0.56836 0.603512 0.570308 0.603512 0.56836 0.601565 0.56836 0.599609
0 0.34961 0.554686 0.34961 0.556642 0.345702 0.560544 0.345702 0.562501 0.343755 0.564457 0.347662 0.568359 0.347662 0.570316 0.355464 0.578121 0.355464 0.580077 0.363279 0.587892 0.363279 0.589848 0.367186 0.593751 0.369145 0.591794 0.375 0.591794 0.378907 0.587892 0.378907 0.583979 0.376948 0.582033 0.376948 0.580077 0.371093 0.574218 0.371093 0.572262 0.365238 0.566403 0.365238 0.564457 0.359371 0.558598 0.359371 0.556642 0.357424 0.554686
0 0.523435 0.464839 0.521487 0.466795 0.521487 0.468751 0.519527 0.470707 0.519527 0.472654 0.51758 0.47461 0.51758 0.476566 0.519527 0.478513 0.521487 0.478513 0.525394 0.482425 0.527342 0.482425 0.531249 0.486327 0.533208 0.486327 0.537104 0.49023 0.539063 0.49023 0.54297 0.494142 0.544918 0.494142 0.548825 0.498045 0.550784 0.498045 0.552732 0.496099 0.552732 0.49023 0.554691 0.488284 0.554691 0.484371 0.552732 0.482425 0.550784 0.482425 0.546877 0.478513 0.544918 0.478513 0.539063 0.472654 0.537104 0.472654 0.533208 0.468751 0.531249 0.468751 0.527342 0.464839
0 0.468747 0.75 0.46484 0.753902 0.46484 0.755858 0.462892 0.757815 0.462892 0.763673 0.46484 0.763673 0.466799 0.76563 0.468747 0.76563 0.470706 0.767576 0.472654 0.767576 0.474613 0.769532 0.476561 0.769532 0.47852 0.771488 0.480468 0.771488 0.482428 0.773435 0.484375 0.773435 0.486323 0.775391 0.488282 0.775391 0.49023 0.777347 0.492189 0.777347 0.494137 0.779293 0.496097 0.777347 0.498044 0.777347 0.500004 0.775391 0.501951 0.775391 0.501951 0.76563 0.500004 0.76563 0.498044 0.763673 0.496097 0.763673 0.494137 0.761717 0.492189 0.761717 0.49023 0.759761 0.486323 0.759761 0.484375 0.757815 0.482428 0.757815 0.480468 0.755858 0.47852 0.755858 0.476561 0.753902 0.474613 0.753902 0.472654 0.751956 0.470706 0.751956
0 0.523435 0.337893 0.519527 0.341796 0.51758 0.341796 0.51562 0.343752 0.51562 0.351567 0.51758 0.353513 0.51758 0.367187 0.519527 0.369143 0.519527 0.376958 0.531249 0.376958 0.533208 0.378904 0.537104 0.375002 0.541011 0.375002 0.54297 0.373046 0.54297 0.369143 0.541011 0.367187 0.541011 0.361328 0.539063 0.359372 0.539063 0.351567 0.537104 0.349611 0.537104 0.343752 0.535156 0.341796 0.535156 0.337893
0 0.974605 0.78125 0.972658 0.783206 0.972658 0.785152 0.970698 0.787108 0.970698 0.798826 0.972658 0.798826 0.974605 0.800782 0.976565 0.800782 0.978512 0.802738 0.980472 0.802738 0.98242 0.804684 0.984379 0.804684 0.986327 0.806641 0.988286 0.806641 0.990234 0.808597 0.992193 0.808597 0.994141 0.810543 0.996089 0.810543 0.998048 0.812499 0.999996 0.812499 1 0.814455 1 0.812499 1 0.810543 1 0.810543 1 0.808597 1 0.798826 1 0.796879 1 0.794923 1 0.794923 1 0.792967 0.998048 0.792967 0.996089 0.791011 0.994141 0.791011 0.992193 0.789064 0.990234 0.789064 0.988286 0.787108 0.986327 0.787108 0.984379 0.785152 0.980472 0.785152 0.978512 0.783206 0.976565 0.783206
0 0.29687 0.414067 0.291015 0.419925 0.291015 0.425784 0.292974 0.42773 0.292974 0.441404 0.294922 0.44336 0.294922 0.449219 0.29687 0.449219 0.298829 0.451175 0.300777 0.449219 0.304684 0.449219 0.306643 0.447263 0.31055 0.447263 0.31055 0.433589 0.308591 0.431643 0.308591 0.417969 0.304684 0.414067
0 0.503911 0.810543 0.501951 0.812499 0.501951 0.814455 0.498044 0.818358 0.498044 0.820314 0.496097 0.82227 0.496097 0.824217 0.492189 0.828129 0.492189 0.830075 0.488282 0.833988 0.488282 0.835934 0.486323 0.83789 0.486323 0.839847 0.488282 0.841793 0.500004 0.841793 0.501951 0.843749 0.501951 0.841793 0.503911 0.839847 0.503911 0.83789 0.505858 0.835934 0.505858 0.833988 0.507818 0.832032 0.507818 0.830075 0.509766 0.828129 0.509766 0.826173 0.511713 0.824217 0.511713 0.82227 0.513673 0.820314 0.513673 0.818358 0.51562 0.816402 0.51562 0.814455 0.513673 0.814455 0.509766 0.810543
0 0.486323 0.625 0.484375 0.626957 0.484375 0.628903 0.482428 0.630859 0.480468 0.630859 0.484375 0.634762 0.486323 0.634762 0.492189 0.64062 0.494137 0.64062 0.498044 0.644533 0.500004 0.644533 0.505858 0.650391 0.507818 0.650391 0.511713 0.654294 0.51758 0.654294 0.521487 0.650391 0.521487 0.642577 0.519527 0.642577 0.51758 0.64062 0.51562 0.64062 0.511713 0.636718 0.509766 0.636718 0.507818 0.634762 0.505858 0.634762 0.503911 0.632815 0.501951 0.632815 0.498044 0.628903 0.496097 0.628903 0.494137 0.626957 0.492189 0.626957 0.49023 0.625
0 0.47852 0.73438 0.47852 0.736326 0.476561 0.738282 0.476561 0.740238 0.474613 0.742185 0.474613 0.744141 0.472654 0.746097 0.472654 0.748044 0.474613 0.748044 0.476561 0.75 0.47852 0.75 0.480468 0.751956 0.482428 0.751956 0.484375 0.753902 0.486323 0.753902 0.49023 0.757815 0.492189 0.757815 0.494137 0.759761 0.496097 0.759761 0.498044 0.761717 0.500004 0.761717 0.501951 0.763673 0.503911 0.761717 0.503911 0.759761 0.507818 0.755858 0.507818 0.748044 0.505858 0.748044 0.503911 0.746097 0.501951 0.746097 0.500004 0.744141 0.498044 0.744141 0.496097 0.742185 0.492189 0.742185 0.49023 0.740238 0.488282 0.740238 0.486323 0.738282 0.484375 0.738282 0.482428 0.736326 0.480468 0.736326
0 0.412111 0.546871 0.408204 0.550783 0.406245 0.550783 0.404297 0.55273 0.404297 0.554686 0.40235 0.556642 0.408204 0.562501 0.410152 0.562501 0.417966 0.570316 0.419926 0.570316 0.423833 0.574218 0.433595 0.574218 0.433595 0.572262 0.435542 0.570316 0.435542 0.568359 0.437502 0.566403 0.437502 0.564457 0.435542 0.562501 0.433595 0.562501 0.429688 0.558598 0.42774 0.558598 0.423833 0.554686 0.421873 0.554686 0.417966 0.550783 0.416019 0.550783
0 0.40235 0.699217 0.398442 0.70313 0.398442 0.705076 0.394535 0.708989 0.394535 0.712891 0.396483 0.712891 0.398442 0.714847 0.40039 0.714847 0.40235 0.716794 0.404297 0.716794 0.406245 0.71875 0.410152 0.71875 0.412111 0.720706 0.414059 0.720706 0.416019 0.722652 0.417966 0.722652 0.419926 0.724609 0.421873 0.724609 0.423833 0.726565 0.42578 0.726565 0.42774 0.728511 0.431635 0.728511 0.431635 0.720706 0.433595 0.71875 0.433595 0.712891 0.431635 0.712891 0.429688 0.710935 0.42578 0.710935 0.423833 0.708989 0.421873 0.708989 0.419926 0.707032 0.417966 0.707032 0.416019 0.705076 0.414059 0.705076 0.412111 0.70313 0.408204 0.70313 0.406245 0.701174 0.404297 0.701174
0 0.376948 0.55273 0.375 0.554686 0.375 0.556642 0.373052 0.558598 0.373052 0.564457 0.375 0.566403 0.375 0.570316 0.376948 0.570316 0.378907 0.572262 0.380855 0.572262 0.384762 0.576174 0.386721 0.576174 0.388669 0.578121 0.390628 0.578121 0.392576 0.580077 0.40039 0.580077 0.404297 0.576174 0.406245 0.576174 0.406245 0.570316 0.404297 0.568359 0.40235 0.568359 0.396483 0.562501 0.394535 0.562501 0.388669 0.556642 0.386721 0.556642 0.382814 0.55273
0 0.435542 0.535153 0.433595 0.53711 0.431635 0.53711 0.431635 0.539066 0.429688 0.541012 0.429688 0.542968 0.42774 0.544924 0.42774 0.548827 0.429688 0.548827 0.431635 0.550783 0.433595 0.550783 0.435542 0.55273 0.437502 0.55273 0.43945 0.554686 0.443357 0.554686 0.445316 0.556642 0.447264 0.556642 0.449223 0.558598 0.451171 0.558598 0.45313 0.560544 0.455078 0.560544 0.457026 0.562501 0.458985 0.562501 0.460933 0.564457 0.46484 0.560544 0.46484 0.558598 0.466799 0.556642 0.466799 0.554686 0.468747 0.55273 0.468747 0.546871 0.46484 0.546871 0.462892 0.544924 0.458985 0.544924 0.457026 0.542968 0.45313 0.542968 0.451171 0.541012 0.449223 0.541012 0.447264 0.539066 0.443357 0.539066 0.441409 0.53711 0.437502 0.53711
0 0.353517 0.615239 0.34961 0.619142 0.347662 0.619142 0.345702 0.621098 0.343755 0.621098 0.341795 0.623044 0.339848 0.623044 0.339848 0.625 0.341795 0.626957 0.341795 0.630859 0.343755 0.632815 0.343755 0.634762 0.345702 0.636718 0.345702 0.64062 0.347662 0.642577 0.347662 0.646489 0.34961 0.648435 0.34961 0.650391 0.351557 0.650391 0.353517 0.648435 0.361331 0.648435 0.363279 0.646489 0.367186 0.646489 0.367186 0.644533 0.369145 0.642577 0.369145 0.64062 0.367186 0.638674 0.367186 0.636718 0.365238 0.634762 0.365238 0.632815 0.363279 0.630859 0.363279 0.626957 0.361331 0.625 0.361331 0.623044 0.359371 0.621098 0.359371 0.619142 0.357424 0.617185 0.357424 0.615239
0 0.480468 0.589848 0.476561 0.593751 0.474613 0.593751 0.474613 0.597653 0.472654 0.599609 0.472654 0.601565 0.474613 0.603512 0.476561 0.603512 0.482428 0.609371 0.484375 0.609371 0.488282 0.613283 0.49023 0.613283 0.496097 0.619142 0.498044 0.619142 0.501951 0.623044 0.507818 0.623044 0.511713 0.619142 0.511713 0.609371 0.509766 0.609371 0.505858 0.605468 0.503911 0.605468 0.500004 0.601565 0.498044 0.601565 0.494137 0.597653 0.492189 0.597653 0.488282 0.593751 0.486323 0.593751 0.482428 0.589848
0 0.980472 0.908205 0.978512 0.910161 0.974605 0.910161 0.972658 0.912107 0.970698 0.912107 0.970698 0.914064 0.968751 0.91602 0.968751 0.923825 0.972658 0.923825 0.974605 0.925781 0.978512 0.925781 0.980472 0.927737 0.986327 0.927737 0.988286 0.929684 0.992193 0.929684 0.994141 0.93164 0.998048 0.93164 0.999996 0.933596 1 0.93164 1 0.93164 1 0.927737 1 0.925781 1 0.919922 1 0.919922 1 0.917966 0.999996 0.917966 0.998048 0.91602 0.994141 0.91602 0.992193 0.914064 0.990234 0.914064 0.988286 0.912107 0.986327 0.912107 0.984379 0.910161 0.98242 0.910161
0 0.998048 0.833988 0.996089 0.835934 0.996089 0.83789 0.994141 0.839847 0.994141 0.843749 0.992193 0.845705 0.994141 0.845705 0.998048 0.849608 0.999996 0.849608 1 0.85352 1 0.85352 1 0.857423 1 0.857423 1 0.861325 1 0.861325 1 0.865238 1 0.863281 1 0.863281 1 0.861325 1 0.861325 1 0.859379 1 0.857423 1 0.849608 1 0.849608 1 0.847652 1 0.847652 1 0.845705 1 0.845705 1 0.843749 1 0.843749 1 0.839847 1 0.839847 1 0.83789 1 0.83789 1 0.835934 1 0.835934 1 0.833988
0 0.449223 0.597653 0.443357 0.603512 0.443357 0.611327 0.447264 0.615239 0.449223 0.615239 0.458985 0.625 0.460933 0.625 0.466799 0.630859 0.476561 0.630859 0.47852 0.628903 0.482428 0.628903 0.482428 0.626957 0.484375 0.625 0.484375 0.619142 0.482428 0.617185 0.482428 0.615239 0.480468 0.615239 0.476561 0.611327 0.474613 0.611327 0.472654 0.609371 0.470706 0.609371 0.466799 0.605468 0.46484 0.605468 0.462892 0.603512 0.460933 0.603512 0.457026 0.599609 0.455078 0.599609 0.45313 0.597653
0 0.937505 0.449219 0.929691 0.457034 0.927732 0.457034 0.931639 0.460936 0.931639 0.462893 0.933598 0.464839 0.935546 0.464839 0.937505 0.466795 0.939453 0.466795 0.941401 0.468751 0.945308 0.468751 0.947267 0.470707 0.949215 0.470707 0.951174 0.472654 0.953122 0.472654 0.955082 0.47461 0.957029 0.47461 0.958989 0.476566 0.966791 0.476566 0.966791 0.466795 0.964844 0.464839 0.962896 0.464839 0.960936 0.462893 0.958989 0.462893 0.955082 0.45898 0.953122 0.45898 0.951174 0.457034 0.949215 0.457034 0.947267 0.455078 0.945308 0.455078 0.941401 0.451175 0.939453 0.451175
0 0.416019 0.574218 0.412111 0.578121 0.412111 0.580077 0.410152 0.582033 0.410152 0.583979 0.408204 0.585936 0.410152 0.587892 0.412111 0.587892 0.419926 0.595707 0.421873 0.595707 0.42774 0.601565 0.429688 0.599609 0.431635 0.599609 0.443357 0.587892 0.441409 0.587892 0.437502 0.583979 0.435542 0.583979 0.433595 0.582033 0.431635 0.582033 0.429688 0.580077 0.42774 0.580077 0.423833 0.576174 0.421873 0.576174 0.419926 0.574218
0 0.937505 0.482425 0.933598 0.486327 0.933598 0.488284 0.931639 0.49023 0.931639 0.492186 0.933598 0.494142 0.933598 0.496099 0.935546 0.496099 0.937505 0.498045 0.941401 0.498045 0.94336 0.500001 0.945308 0.500001 0.947267 0.501957 0.951174 0.501957 0.953122 0.503904 0.955082 0.503904 0.957029 0.50586 0.966791 0.496099 0.966791 0.492186 0.962896 0.492186 0.960936 0.49023 0.958989 0.49023 0.957029 0.488284 0.953122 0.488284 0.951174 0.486327 0.949215 0.486327 0.947267 0.484371 0.94336 0.484371 0.941401 0.482425
0 0.978512 0.496099 0.974605 0.500001 0.974605 0.50586 0.972658 0.507816 0.972658 0.509762 0.974605 0.511719 0.976565 0.511719 0.978512 0.513675 0.98242 0.513675 0.984379 0.515621 0.986327 0.515621 0.988286 0.517577 0.990234 0.517577 0.992193 0.519533 0.996089 0.519533 0.998048 0.52148 0.999996 0.52148 1 0.523436 1 0.52148 1 0.52148 1 0.509762 1 0.509762 1 0.507816 1 0.507816 1 0.50586 0.999996 0.50586 0.998048 0.503904 0.994141 0.503904 0.992193 0.501957 0.990234 0.501957 0.988286 0.500001 0.984379 0.500001 0.98242 0.498045 0.980472 0.498045
0 0.572267 0.464839 0.56836 0.468751 0.566401 0.468751 0.566401 0.470707 0.564453 0.472654 0.564453 0.476566 0.566401 0.476566 0.570308 0.480469 0.572267 0.480469 0.576175 0.484371 0.578122 0.484371 0.582029 0.488284 0.583989 0.488284 0.587896 0.492186 0.589844 0.492186 0.591791 0.494142 0.593751 0.494142 0.597658 0.49023 0.599606 0.49023 0.599606 0.478513 0.597658 0.478513 0.593751 0.47461 0.591791 0.47461 0.589844 0.472654 0.587896 0.472654 0.585937 0.470707 0.583989 0.470707 0.580082 0.466795 0.578122 0.466795 0.576175 0.464839