0 0.306643 0.433592 0.298827 0.441408 0.298827 0.445312 0.300782 0.447266 0.300782 0.44922 0.302732 0.44922 0.306643 0.453124 0.308593 0.453124 0.312498 0.457032 0.314453 0.457032 0.318358 0.460936 0.320313 0.460936 0.322263 0.46289 0.328123 0.46289 0.332034 0.458986 0.332034 0.457032 0.335939 0.453124 0.335939 0.44922 0.333984 0.447266 0.332034 0.447266 0.328123 0.443358 0.326173 0.443358 0.322263 0.439454 0.320313 0.439454 0.316408 0.435546 0.314453 0.435546 0.312498 0.433592
0 1 0.70703 1 0.710938 1 0.712892 0.998046 0.716796 0.998046 0.724608 1 0.724608 1 0.726562 1 0.726562 1 0.728516 1 0.728516 1 0.730469 1 0.730469 1 0.732423 1 0.732423 1 0.734374 1 0.734374 1 0.736328 1 0.736328 1 0.738281 1 0.738281 1 0.740235 1 0.740235 1 0.742189 1 0.740235 1 0.738281 1 0.736328 1 0.734374 1 0.730469 1 0.728516 1 0.726562 1 0.726562 1 0.724608 1 0.724608 1 0.722658 1 0.722658 1 0.720704 1 0.720704 1 0.71875 1 0.71875 1 0.714846 1 0.714846 1 0.712892 1 0.712892 1 0.710938 1 0.710938 1 0.708984 1 0.708984
0 0.73828 0.183594 0.73633 0.185548 0.73633 0.187498 0.734375 0.189452 0.734375 0.191406 0.73242 0.19336 0.73242 0.195314 0.73047 0.197264 0.73047 0.199218 0.726565 0.203126 0.726565 0.205076 0.72461 0.20703 0.72461 0.208984 0.722654 0.210938 0.722654 0.212892 0.720704 0.214842 0.722654 0.214842 0.726565 0.21875 0.728515 0.21875 0.73242 0.222658 0.740235 0.214842 0.740235 0.212892 0.748045 0.205076 0.748045 0.195314 0.746096 0.19336 0.746096 0.187498 0.74414 0.185548 0.74414 0.183594
0 0.23828 0.998045 0.234375 1 0.234375 1 0.232419 1 0.232419 1 0.228514 1 0.228514 1 0.224609 1 0.224609 1 0.222654 1 0.222654 1 0.218749 1 0.218749 1 0.216799 1 0.216799 1 0.218749 1 0.218749 1 0.224609 1 0.226564 1 0.232419 1 0.232419 1 0.234375 1 0.234375 1 0.23633 1 0.23633 1 0.23828 1 0.23828 1 0.240235 1 0.240235 1 0.24219 1 0.24219 1 0.24414 1 0.24414 1 0.246095 1 0.246095 1 0.248045 1 0.248045 1 0.25 1 0.25 1 0.248045 1 0.248045 1 0.24219 0.998045
0 0.126955 0.105467 0.123045 0.109375 0.123045 0.111329 0.11914 0.115233 0.11914 0.117187 0.115235 0.121095 0.115235 0.123045 0.11133 0.126953 0.11133 0.128907 0.109374 0.130861 0.109374 0.138673 0.115235 0.138673 0.11914 0.142577 0.121095 0.140627 0.123045 0.140627 0.125 0.138673 0.125 0.136719 0.128905 0.132811 0.128905 0.130861 0.13281 0.126953 0.13281 0.124999 0.136721 0.121095 0.136721 0.119141 0.138671 0.117187 0.138671 0.111329 0.136721 0.109375 0.134765 0.109375 0.13086 0.105467
0 0.289062 0.351561 0.287112 0.353515 0.285157 0.353515 0.285157 0.355469 0.283201 0.357423 0.283201 0.361327 0.285157 0.361327 0.289062 0.365235 0.291017 0.365235 0.294922 0.369139 0.296877 0.369139 0.300782 0.373047 0.302732 0.373047 0.306643 0.376955 0.310548 0.376955 0.310548 0.375001 0.312498 0.373047 0.312498 0.371093 0.314453 0.369139 0.314453 0.365235 0.312498 0.363281 0.312498 0.361327 0.310548 0.361327 0.308593 0.359377 0.306643 0.359377 0.304687 0.357423 0.302732 0.357423 0.300782 0.355469 0.298827 0.355469 0.296877 0.353515 0.294922 0.353515 0.292967 0.351561
0 0.457034 0.484376 0.451173 0.490234 0.451173 0.492188 0.449218 0.494142 0.449218 0.496095 0.453123 0.5 0.455079 0.5 0.460939 0.505858 0.462889 0.505858 0.468749 0.511719 0.470704 0.511719 0.474609 0.515624 0.478514 0.515624 0.48047 0.517578 0.48242 0.517578 0.48633 0.513673 0.48633 0.511719 0.490235 0.507812 0.490235 0.503907 0.48828 0.501953 0.48828 0.5 0.48633 0.5 0.48242 0.496095 0.48047 0.496095 0.478514 0.494142 0.476565 0.494142 0.472654 0.490234 0.470704 0.490234 0.466799 0.48633 0.464844 0.48633 0.462889 0.484376
0 0.802733 0.60547 0.798828 0.609375 0.798828 0.611329 0.796872 0.613283 0.796872 0.615233 0.794922 0.617187 0.794922 0.621094 0.796872 0.623048 0.798828 0.623048 0.800783 0.624999 0.802733 0.624999 0.804688 0.626952 0.806643 0.626952 0.808593 0.628906 0.810548 0.628906 0.812498 0.63086 0.814453 0.63086 0.816408 0.632814 0.818358 0.632814 0.820314 0.634764 0.822263 0.634764 0.824219 0.636718 0.826174 0.636718 0.828124 0.638672 0.830079 0.638672 0.832029 0.640626 0.833984 0.640626 0.835939 0.638672 0.835939 0.636718 0.837889 0.634764 0.837889 0.632814 0.839844 0.63086 0.839844 0.626952 0.841799 0.624999 0.839844 0.623048 0.839844 0.621094 0.837889 0.621094 0.835939 0.619141 0.833984 0.619141 0.832029 0.617187 0.830079 0.617187 0.828124 0.615233 0.824219 0.615233 0.822263 0.613283 0.820314 0.613283 0.818358 0.611329 0.816408 0.611329 0.814453 0.609375 0.812498 0.609375 0.810548 0.607421 0.808593 0.607421 0.806643 0.60547
0 0.560548 0.701172 0.558593 0.703126 0.558593 0.70508 0.556643 0.70703 0.556643 0.708984 0.554688 0.710938 0.554688 0.71875 0.556643 0.71875 0.558593 0.720704 0.560548 0.720704 0.564453 0.724608 0.566408 0.724608 0.568358 0.726562 0.570313 0.726562 0.572263 0.728516 0.574218 0.728516 0.578124 0.732423 0.580079 0.732423 0.582034 0.734374 0.583984 0.732423 0.583984 0.730469 0.585939 0.728516 0.585939 0.726562 0.587889 0.724608 0.587889 0.722658 0.589844 0.720704 0.589844 0.71875 0.591799 0.716796 0.589844 0.716796 0.585939 0.712892 0.583984 0.712892 0.580079 0.708984 0.578124 0.708984 0.574218 0.70508 0.572263 0.70508 0.568358 0.701172
0 0.865235 0.134765 0.86328 0.136719 0.86328 0.138673 0.86133 0.140627 0.86133 0.142577 0.859375 0.144531 0.859375 0.146485 0.85742 0.148439 0.85742 0.150389 0.85547 0.152343 0.85547 0.154297 0.853515 0.156251 0.853515 0.158204 0.851565 0.160155 0.851565 0.166016 0.85547 0.166016 0.85742 0.16797 0.86328 0.16797 0.86328 0.166016 0.865235 0.164063 0.865235 0.162109 0.867185 0.160155 0.867185 0.158204 0.86914 0.156251 0.86914 0.152343 0.871096 0.150389 0.871096 0.148439 0.873046 0.146485 0.873046 0.144531 0.875001 0.142577 0.875001 0.136719 0.86914 0.136719 0.867185 0.134765
0 0.150391 0.068358 0.150391 0.070311 0.148436 0.072265 0.148436 0.074219 0.146486 0.076173 0.146486 0.078123 0.144531 0.080077 0.144531 0.082031 0.142576 0.083985 0.142576 0.085939 0.140626 0.087889 0.140626 0.089843 0.138671 0.091797 0.138671 0.097655 0.142576 0.101563 0.144531 0.101563 0.146486 0.099609 0.148436 0.099609 0.150391 0.097655 0.150391 0.095701 0.154296 0.091797 0.154296 0.089843 0.156251 0.087889 0.156251 0.085939 0.160157 0.082031 0.160157 0.080077 0.162112 0.078123 0.162112 0.072265 0.160157 0.072265 0.156251 0.068358
0 0.347654 0.810547 0.343749 0.814455 0.343749 0.816405 0.341799 0.818359 0.341799 0.820313 0.339844 0.822267 0.339844 0.824221 0.337889 0.826171 0.337889 0.828125 0.335939 0.830079 0.335939 0.832033 0.333984 0.833983 0.333984 0.835937 0.332034 0.837891 0.332034 0.839845 0.330078 0.841798 0.330078 0.84961 0.335939 0.84961 0.337889 0.851564 0.341799 0.851564 0.343749 0.853515 0.345704 0.853515 0.347654 0.851564 0.347654 0.84961 0.349609 0.847656 0.349609 0.845703 0.351564 0.843749 0.351564 0.841798 0.353514 0.839845 0.353514 0.837891 0.35547 0.835937 0.35547 0.833983 0.357419 0.832033 0.357419 0.830079 0.359375 0.828125 0.359375 0.826171 0.36133 0.824221 0.36133 0.820313 0.36328 0.818359 0.36133 0.816405 0.359375 0.816405 0.35547 0.812501 0.353514 0.812501 0.351564 0.810547
0 0.666017 0.447266 0.660157 0.453124 0.660157 0.455078 0.658202 0.457032 0.658202 0.458986 0.654297 0.46289 0.654297 0.464844 0.652341 0.466798 0.652341 0.468752 0.650392 0.470702 0.650392 0.478514 0.652341 0.480468 0.652341 0.482422 0.654297 0.484376 0.662107 0.484376 0.664062 0.482422 0.664062 0.480468 0.666017 0.478514 0.666017 0.476564 0.669922 0.472656 0.669922 0.470702 0.673827 0.466798 0.673827 0.464844 0.675783 0.46289 0.675783 0.460936 0.677733 0.458986 0.677733 0.455078 0.669922 0.447266
0 0.656252 0.316405 0.654297 0.318359 0.654297 0.320313 0.650392 0.324217 0.650392 0.326171 0.648436 0.328125 0.648436 0.330079 0.644531 0.333983 0.644531 0.335937 0.642576 0.337891 0.642576 0.339845 0.640626 0.341795 0.640626 0.345703 0.642576 0.347657 0.642576 0.349611 0.644531 0.351561 0.652341 0.351561 0.654297 0.349611 0.654297 0.347657 0.658202 0.343749 0.658202 0.341795 0.662107 0.337891 0.662107 0.335937 0.667967 0.330079 0.667967 0.328125 0.669922 0.326171 0.667967 0.324217 0.667967 0.320313 0.666017 0.320313 0.664062 0.318359 0.662107 0.318359 0.660157 0.316405
0 0.400391 0.404298 0.398436 0.406249 0.396486 0.406249 0.394531 0.408202 0.394531 0.410156 0.390626 0.414064 0.390626 0.421876 0.392576 0.421876 0.394531 0.423826 0.396486 0.423826 0.398436 0.42578 0.400391 0.42578 0.402341 0.427734 0.404296 0.427734 0.406252 0.429688 0.408202 0.429688 0.410157 0.431642 0.412112 0.431642 0.414062 0.433592 0.416017 0.433592 0.417967 0.435546 0.419922 0.435546 0.419922 0.433592 0.421877 0.431642 0.421877 0.429688 0.423827 0.427734 0.423827 0.42578 0.425782 0.423826 0.425782 0.421876 0.423827 0.419922 0.421877 0.419922 0.417967 0.416014 0.416017 0.416014 0.412112 0.41211 0.410157 0.41211 0.406252 0.408202 0.404296 0.408202
0 0.125 0.26953 0.123045 0.271484 0.11914 0.271484 0.11914 0.273438 0.115235 0.277345 0.115235 0.279296 0.11719 0.279296 0.11914 0.28125 0.121095 0.28125 0.123045 0.283203 0.125 0.283203 0.128905 0.287108 0.13086 0.287108 0.13281 0.289062 0.134765 0.289062 0.136721 0.291015 0.138671 0.291015 0.140626 0.292969 0.146486 0.292969 0.150391 0.289062 0.150391 0.285157 0.146486 0.28125 0.144531 0.28125 0.142576 0.279296 0.140626 0.279296 0.136721 0.275391 0.134765 0.275391 0.13281 0.273438 0.13086 0.273438 0.128905 0.271484 0.126955 0.271484
0 0.601565 0.638672 0.597654 0.642576 0.595704 0.642576 0.591799 0.646484 0.589844 0.646484 0.589844 0.648438 0.587889 0.650392 0.587889 0.654296 0.589844 0.65625 0.589844 0.660158 0.591799 0.662108 0.593749 0.662108 0.597654 0.666016 0.599609 0.666016 0.603515 0.66992 0.60547 0.66992 0.609375 0.673828 0.61133 0.673828 0.615235 0.677736 0.617185 0.677736 0.621095 0.68164 0.623045 0.679686 0.623045 0.677736 0.625001 0.675782 0.625001 0.673828 0.626956 0.671874 0.626956 0.66992 0.630861 0.666016 0.630861 0.664062 0.632811 0.662108 0.632811 0.660158 0.634766 0.658204 0.632811 0.658204 0.628906 0.654296 0.626956 0.654296 0.625001 0.652342 0.623045 0.652342 0.621095 0.650392 0.61914 0.650392 0.615235 0.646484 0.61328 0.646484 0.61133 0.64453 0.609375 0.64453 0.60547 0.640626 0.603515 0.640626
0 0.962889 0.68164 0.960939 0.683594 0.960939 0.685548 0.957029 0.689452 0.957029 0.691406 0.955079 0.69336 0.955079 0.701172 0.957029 0.701172 0.958984 0.703126 0.960939 0.703126 0.962889 0.70508 0.964844 0.70508 0.966794 0.70703 0.96875 0.70703 0.970705 0.708984 0.97461 0.708984 0.976565 0.710938 0.978515 0.710938 0.98047 0.712892 0.98242 0.712892 0.984375 0.714846 0.98633 0.714846 0.98828 0.716796 0.990235 0.716796 0.992185 0.71875 0.994141 0.716796 0.994141 0.714846 0.996096 0.712892 0.996096 0.710938 0.998046 0.708984 0.998046 0.699218 0.996096 0.699218 0.994141 0.697264 0.992185 0.697264 0.990235 0.695314 0.98828 0.695314 0.98633 0.69336 0.984375 0.69336 0.98242 0.691406 0.98047 0.691406 0.978515 0.689452 0.976565 0.689452 0.97461 0.687502 0.972655 0.687502 0.970705 0.685548 0.96875 0.685548 0.966794 0.683594 0.964844 0.683594
0 0.259766 0.41211 0.259766 0.416014 0.25781 0.417968 0.25781 0.423826 0.259766 0.42578 0.261721 0.42578 0.263671 0.427734 0.265626 0.427734 0.267576 0.429688 0.271486 0.429688 0.273436 0.431642 0.275391 0.431642 0.277341 0.433592 0.279296 0.433592 0.281252 0.435546 0.283201 0.435546 0.285157 0.4375 0.289062 0.433592 0.289062 0.423826 0.287112 0.421876 0.285157 0.421876 0.283201 0.419922 0.281252 0.419922 0.279296 0.417968 0.275391 0.417968 0.273436 0.416014 0.271486 0.416014 0.269531 0.414064 0.267576 0.414064 0.265626 0.41211
0 0.212889 0.392579 0.210939 0.394532 0.210939 0.396483 0.208983 0.398437 0.208983 0.404298 0.210939 0.404298 0.214844 0.408202 0.216799 0.408202 0.218749 0.410156 0.220704 0.410156 0.222654 0.41211 0.224609 0.41211 0.228514 0.416014 0.230469 0.416014 0.232419 0.417968 0.23828 0.417968 0.23828 0.416014 0.240235 0.414064 0.240235 0.41211 0.24219 0.410156 0.24219 0.406249 0.240235 0.404298 0.23828 0.404298 0.23633 0.402344 0.234375 0.402344 0.232419 0.40039 0.228514 0.40039 0.226564 0.398437 0.224609 0.398437 0.222654 0.396483 0.220704 0.396483 0.218749 0.394532 0.216799 0.394532 0.214844 0.392579
0 0.478514 0.751952 0.474609 0.755859 0.474609 0.757813 0.470704 0.761717 0.470704 0.763671 0.468749 0.765625 0.468749 0.767579 0.464844 0.771483 0.464844 0.773437 0.462889 0.775391 0.462889 0.781249 0.464844 0.783203 0.466799 0.783203 0.470704 0.787111 0.474609 0.787111 0.476565 0.785157 0.476565 0.783203 0.478514 0.781249 0.478514 0.779295 0.48047 0.777345 0.48047 0.775391 0.48242 0.773437 0.48242 0.771483 0.484375 0.769533 0.484375 0.767579 0.48633 0.765625 0.48633 0.753905 0.48242 0.753905 0.48047 0.751952
0 0.763671 0.666016 0.759766 0.66992 0.757811 0.66992 0.755861 0.671874 0.755861 0.677736 0.757811 0.677736 0.759766 0.679686 0.763671 0.679686 0.765626 0.68164 0.767576 0.68164 0.769531 0.683594 0.771487 0.683594 0.773436 0.685548 0.775392 0.685548 0.777342 0.687502 0.781252 0.687502 0.783202 0.689452 0.785157 0.689452 0.787107 0.691406 0.789062 0.689452 0.789062 0.687502 0.791017 0.685548 0.791017 0.675782 0.787107 0.675782 0.785157 0.673828 0.781252 0.673828 0.779297 0.671874 0.777342 0.671874 0.775392 0.66992 0.771487 0.66992 0.769531 0.66797 0.765626 0.66797
0 0.720704 0.361327 0.720704 0.363281 0.718749 0.365235 0.718749 0.367189 0.716799 0.369139 0.716799 0.371093 0.714844 0.373047 0.714844 0.375001 0.712889 0.376955 0.712889 0.378905 0.710939 0.380859 0.710939 0.382813 0.708984 0.384767 0.708984 0.392579 0.710939 0.394532 0.712889 0.394532 0.714844 0.396483 0.716799 0.394532 0.718749 0.394532 0.722654 0.390625 0.722654 0.388671 0.726565 0.384767 0.726565 0.382813 0.728515 0.380859 0.728515 0.378905 0.73242 0.375001 0.73242 0.373047 0.734375 0.371093 0.734375 0.367189 0.73242 0.365235 0.73047 0.365235 0.728515 0.363281 0.726565 0.363281 0.72461 0.361327
0 0.460939 0.632814 0.458984 0.634764 0.457034 0.634764 0.455079 0.636718 0.455079 0.638672 0.451173 0.642576 0.451173 0.64453 0.447263 0.648438 0.447263 0.650392 0.445313 0.652342 0.445313 0.65625 0.447263 0.65625 0.451173 0.660158 0.457034 0.660158 0.462889 0.654296 0.462889 0.652342 0.470704 0.64453 0.470704 0.640626 0.466799 0.636718 0.464844 0.636718
0 0.310548 0.880858 0.306643 0.884766 0.306643 0.88672 0.302732 0.890624 0.302732 0.892578 0.300782 0.894532 0.300782 0.896486 0.296877 0.90039 0.296877 0.902344 0.292967 0.906252 0.292967 0.908202 0.291017 0.910156 0.291017 0.914064 0.292967 0.916014 0.294922 0.916014 0.296877 0.917968 0.298827 0.917968 0.300782 0.919922 0.304687 0.919922 0.304687 0.917968 0.306643 0.916014 0.306643 0.914064 0.308593 0.91211 0.308593 0.910156 0.310548 0.908202 0.310548 0.904298 0.312498 0.902344 0.312498 0.90039 0.314453 0.898436 0.314453 0.896486 0.316408 0.894532 0.316408 0.892578 0.318358 0.890624 0.318358 0.88672 0.316408 0.88672
0 0.382811 0.998045 0.378905 1 0.376956 1 0.371095 1 0.371095 1 0.36914 1 0.36914 1 0.371095 1 0.375 1 0.376956 1 0.378905 1 0.380861 1 0.384766 1 0.386721 1 0.388671 1 0.390626 1 0.394531 1 0.396486 1 0.398436 1 0.398436 1 0.400391 1 0.400391 1 0.402341 1 0.402341 1 0.404296 1 0.404296 1 0.406252 1 0.406252 1 0.408202 1 0.408202 1 0.406252 1 0.404296 1 0.398436 1 0.396486 1 0.392576 0.999999 0.384766 0.999999
0 0.164062 0.287108 0.162112 0.289062 0.158201 0.289062 0.156251 0.291015 0.156251 0.292969 0.154296 0.294923 0.154296 0.300781 0.156251 0.300781 0.158201 0.302735 0.160157 0.302735 0.164062 0.306639 0.166017 0.306639 0.167967 0.308593 0.169922 0.308593 0.171877 0.310547 0.173827 0.310547 0.177732 0.314451 0.179687 0.314451 0.181642 0.316405 0.183592 0.316405 0.185548 0.318359 0.187498 0.318359 0.191408 0.314451 0.191408 0.312501 0.195313 0.308593 0.193358 0.306639 0.193358 0.304689 0.191408 0.302735 0.191408 0.300781 0.189453 0.298827 0.185548 0.298827 0.183592 0.296874 0.179687 0.296874 0.177732 0.294923 0.175782 0.294923 0.173827 0.292969 0.169922 0.292969
0 0.683593 0.624999 0.679688 0.628906 0.677733 0.628906 0.675783 0.63086 0.675783 0.640626 0.677733 0.640626 0.679688 0.642576 0.683593 0.642576 0.685548 0.64453 0.687498 0.64453 0.689453 0.646484 0.691408 0.646484 0.693358 0.648438 0.695313 0.648438 0.697263 0.650392 0.701174 0.650392 0.703124 0.652342 0.705079 0.652342 0.707029 0.654296 0.710939 0.650392 0.710939 0.648438 0.712889 0.646484 0.712889 0.64453 0.714844 0.642576 0.714844 0.640626 0.712889 0.640626 0.710939 0.638672 0.708984 0.638672 0.707029 0.636718 0.705079 0.636718 0.703124 0.634764 0.701174 0.634764 0.699219 0.632814 0.697263 0.632814 0.695313 0.63086 0.693358 0.63086 0.691408 0.628906 0.689453 0.628906 0.687498 0.626952 0.685548 0.626952
0 0.339844 0.378905 0.337889 0.380859 0.337889 0.382813 0.335939 0.384767 0.335939 0.38672 0.333984 0.388671 0.333984 0.390625 0.335939 0.392579 0.337889 0.392579 0.341799 0.396483 0.343749 0.396483 0.347654 0.40039 0.349609 0.40039 0.353514 0.404298 0.35547 0.404298 0.357419 0.406249 0.359375 0.406249 0.36133 0.408202 0.365235 0.408202 0.365235 0.406249 0.36719 0.404298 0.36719 0.402344 0.36914 0.40039 0.36914 0.398437 0.371095 0.396483 0.371095 0.394532 0.36914 0.392579 0.36914 0.390625 0.36719 0.390625 0.365235 0.388671 0.36328 0.388671 0.36133 0.38672 0.359375 0.38672 0.357419 0.384767 0.353514 0.384767 0.351564 0.382813 0.349609 0.382813 0.347654 0.380859 0.345704 0.380859 0.343749 0.378905
0 0.697263 0.248048 0.693358 0.251952 0.693358 0.253906 0.691408 0.25586 0.691408 0.257814 0.689453 0.259764 0.689453 0.261718 0.687498 0.263672 0.687498 0.265626 0.685548 0.26758 0.685548 0.26953 0.683593 0.271484 0.683593 0.273438 0.681643 0.275391 0.681643 0.277345 0.679688 0.279296 0.679688 0.28125 0.677733 0.283203 0.677733 0.285157 0.679688 0.287108 0.679688 0.289062 0.685548 0.289062 0.687498 0.291015 0.689453 0.291015 0.691408 0.289062 0.695313 0.289062 0.697263 0.287108 0.697263 0.285157 0.699219 0.283203 0.699219 0.28125 0.701174 0.279296 0.701174 0.277345 0.703124 0.275391 0.703124 0.273438 0.705079 0.271484 0.705079 0.26953 0.707029 0.26758 0.707029 0.265626 0.708984 0.263672 0.708984 0.261718 0.710939 0.259764 0.708984 0.257814 0.708984 0.25586 0.701174 0.248048
0 0.449218 0.431642 0.443358 0.4375 0.443358 0.445312 0.445313 0.445312 0.447263 0.447266 0.449218 0.447266 0.451173 0.44922 0.453123 0.44922 0.455079 0.45117 0.457034 0.45117 0.458984 0.453124 0.460939 0.453124 0.462889 0.455078 0.464844 0.455078 0.466799 0.457032 0.472654 0.457032 0.472654 0.455078 0.474609 0.453124 0.474609 0.45117 0.476565 0.44922 0.476565 0.443358 0.474609 0.441408 0.472654 0.441408 0.470704 0.439454 0.468749 0.439454 0.466799 0.4375 0.464844 0.4375 0.462889 0.435546 0.460939 0.435546 0.458984 0.433592 0.457034 0.433592 0.455079 0.431642
0 0.765626 0.585939 0.763671 0.587889 0.761721 0.587889 0.759766 0.589843 0.759766 0.591797 0.757811 0.593751 0.757811 0.595705 0.755861 0.597655 0.755861 0.601563 0.757811 0.603517 0.759766 0.603517 0.761721 0.60547 0.763671 0.60547 0.765626 0.607421 0.767576 0.607421 0.769531 0.609375 0.771487 0.609375 0.773436 0.611329 0.775392 0.611329 0.777342 0.613283 0.779297 0.613283 0.781252 0.615233 0.783202 0.615233 0.785157 0.617187 0.787107 0.615233 0.789062 0.615233 0.789062 0.613283 0.791017 0.611329 0.791017 0.609375 0.792967 0.607421 0.792967 0.603517 0.791017 0.601563 0.789062 0.601563 0.785157 0.597655 0.783202 0.597655 0.779297 0.593751 0.777342 0.593751 0.773436 0.589843 0.771487 0.589843 0.769531 0.587889 0.767576 0.587889
0 0.099609 0.142577 0.097654 0.144531 0.097654 0.146485 0.095704 0.148439 0.095704 0.150389 0.091799 0.154297 0.091799 0.156251 0.087888 0.160155 0.087888 0.162109 0.085939 0.164063 0.085939 0.166016 0.083983 0.16797 0.083983 0.169921 0.085939 0.171875 0.085939 0.173828 0.087888 0.175782 0.087888 0.179687 0.089844 0.18164 0.089844 0.183594 0.095704 0.183594 0.097654 0.18164 0.097654 0.179687 0.099609 0.177733 0.099609 0.175782 0.101564 0.173828 0.101564 0.171875 0.105469 0.16797 0.105469 0.166016 0.107419 0.164063 0.107419 0.162109 0.109374 0.160155 0.109374 0.158204 0.11133 0.156251 0.11133 0.154297 0.11328 0.152343 0.11328 0.146485 0.109374 0.146485 0.107419 0.144531 0.101564 0.144531
0 0.589844 0.417968 0.589844 0.419922 0.587889 0.421876 0.587889 0.423826 0.585939 0.42578 0.585939 0.427734 0.583984 0.429688 0.583984 0.431642 0.582034 0.433592 0.582034 0.435546 0.580079 0.4375 0.580079 0.439454 0.578124 0.441408 0.578124 0.447266 0.580079 0.44922 0.580079 0.45117 0.582034 0.45117 0.583984 0.453124 0.587889 0.44922 0.587889 0.447266 0.591799 0.443358 0.591799 0.441408 0.595704 0.4375 0.595704 0.435546 0.599609 0.431642 0.599609 0.429688 0.601565 0.427734 0.601565 0.421876 0.597654 0.417968
0 0.98633 0.984375 0.98047 0.990233 0.98047 0.992187 0.97461 0.998045 0.97461 0.999999 0.96875 1 0.96875 1 0.964844 1 0.964844 1 0.966794 1 0.966794 1 0.972655 1 0.978515 1 0.98047 1 0.98047 1 0.984375 1 0.984375 1 0.98633 1 0.98633 1 0.990235 1 0.990235 1 0.994141 0.999999 0.994141 0.998045 0.996096 0.996095 0.996096 0.992187 0.994141 0.990233 0.994141 0.988279 0.990235 0.984375
0 0.375 0.47461 0.375 0.478514 0.373045 0.480468 0.373045 0.48828 0.375 0.490234 0.375 0.492188 0.376956 0.492188 0.378905 0.494142 0.380861 0.494142 0.382811 0.496095 0.384766 0.496095 0.386721 0.498046 0.390626 0.498046 0.392576 0.5 0.394531 0.5 0.396486 0.501953 0.398436 0.501953 0.400391 0.503907 0.402341 0.503907 0.404296 0.505858 0.412112 0.505858 0.414062 0.503907 0.414062 0.501953 0.416017 0.5 0.416017 0.498046 0.417967 0.496095 0.417967 0.492188 0.416017 0.490234 0.414062 0.490234 0.412112 0.48828 0.410157 0.48828 0.408202 0.48633 0.406252 0.48633 0.404296 0.484376 0.400391 0.484376 0.398436 0.482422 0.396486 0.482422 0.394531 0.480468 0.392576 0.480468 0.390626 0.478514 0.388671 0.478514 0.386721 0.476564 0.384766 0.476564 0.382811 0.47461
0 0.36328 0.947266 0.36133 0.94922 0.359375 0.94922 0.357419 0.951173 0.357419 0.953124 0.35547 0.955078 0.35547 0.957031 0.351564 0.960936 0.351564 0.96289 0.349609 0.964844 0.349609 0.966797 0.347654 0.968751 0.347654 0.970702 0.345704 0.972656 0.345704 0.974609 0.343749 0.976563 0.345704 0.978517 0.345704 0.980467 0.347654 0.980467 0.349609 0.982421 0.351564 0.982421 0.353514 0.984375 0.357419 0.984375 0.359375 0.982421 0.359375 0.980467 0.36133 0.978517 0.36133 0.976563 0.36328 0.974609 0.36328 0.972656 0.365235 0.970702 0.365235 0.968751 0.36719 0.966797 0.36719 0.964844 0.36914 0.96289 0.36914 0.960936 0.371095 0.958985 0.371095 0.955078
0 0.853515 0.70703 0.851565 0.708984 0.851565 0.710938 0.845705 0.716796 0.845705 0.71875 0.843749 0.720704 0.845705 0.720704 0.847654 0.722658 0.851565 0.722658 0.853515 0.724608 0.85547 0.724608 0.85742 0.726562 0.859375 0.726562 0.86133 0.728516 0.865235 0.728516 0.867185 0.730469 0.86914 0.730469 0.871096 0.732423 0.876951 0.726562 0.876951 0.720704 0.875001 0.720704 0.871096 0.716796 0.86914 0.716796 0.867185 0.714846 0.865235 0.714846 0.86328 0.712892 0.86133 0.712892 0.85742 0.708984 0.85547 0.708984
0 0.541017 0.648438 0.537107 0.652342 0.537107 0.654296 0.535157 0.65625 0.535157 0.658204 0.533202 0.660158 0.533202 0.662108 0.531252 0.664062 0.531252 0.666016 0.529297 0.66797 0.529297 0.673828 0.535157 0.679686 0.539062 0.675782 0.539062 0.673828 0.541017 0.671874 0.541017 0.66992 0.544922 0.666016 0.544922 0.664062 0.546877 0.662108 0.546877 0.660158 0.548827 0.658204 0.550783 0.658204
0 0.808593 0.687502 0.808593 0.689452 0.806643 0.691406 0.806643 0.69336 0.804688 0.695314 0.804688 0.697264 0.802733 0.699218 0.802733 0.70508 0.806643 0.70508 0.808593 0.70703 0.812498 0.70703 0.814453 0.708984 0.818358 0.708984 0.820314 0.710938 0.824219 0.710938 0.826174 0.712892 0.830079 0.712892 0.832029 0.714846 0.835939 0.714846 0.837889 0.716796 0.839844 0.714846 0.839844 0.712892 0.841799 0.710938 0.841799 0.703126 0.839844 0.703126 0.837889 0.701172 0.835939 0.701172 0.833984 0.699218 0.832029 0.699218 0.830079 0.697264 0.826174 0.697264 0.824219 0.695314 0.822263 0.695314 0.820314 0.69336 0.818358 0.69336 0.816408 0.691406 0.814453 0.691406 0.812498 0.689452 0.810548 0.689452
0 0.173827 0.371093 0.171877 0.373047 0.167967 0.373047 0.166017 0.375001 0.166017 0.376955 0.164062 0.378905 0.164062 0.384767 0.166017 0.384767 0.169922 0.388671 0.171877 0.388671 0.175782 0.392579 0.177732 0.392579 0.181642 0.396483 0.183592 0.396483 0.185548 0.398437 0.189453 0.398437 0.191408 0.396483 0.193358 0.396483 0.195313 0.394532 0.195313 0.392579 0.197268 0.390625 0.197268 0.388671 0.199218 0.38672 0.199218 0.384767 0.197268 0.382813 0.195313 0.382813 0.193358 0.380859 0.191408 0.380859 0.189453 0.378905 0.187498 0.378905 0.185548 0.376955 0.183592 0.376955 0.181642 0.375001 0.179687 0.375001 0.177732 0.373047 0.175782 0.373047
0 0.808593 0.226562 0.806643 0.228516 0.806643 0.23047 0.800783 0.236328 0.800783 0.238282 0.798828 0.240236 0.798828 0.242186 0.796872 0.24414 0.796872 0.246094 0.794922 0.248048 0.794922 0.25586 0.796872 0.25586 0.798828 0.257814 0.800783 0.257814 0.802733 0.259764 0.806643 0.259764 0.808593 0.257814 0.808593 0.25586 0.812498 0.251952 0.812498 0.250002 0.814453 0.248048 0.814453 0.246094 0.818358 0.242186 0.818358 0.240236 0.820314 0.238282 0.820314 0.23242 0.814453 0.226562
0 0.886721 0.726562 0.884766 0.728516 0.884766 0.730469 0.880861 0.734374 0.880861 0.744139 0.884766 0.744139 0.886721 0.746093 0.890626 0.746093 0.892576 0.748047 0.898437 0.748047 0.900392 0.750001 0.904297 0.750001 0.906252 0.751952 0.910157 0.751952 0.912107 0.753905 0.916017 0.750001 0.916017 0.738281 0.912107 0.738281 0.910157 0.736328 0.908202 0.736328 0.906252 0.734374 0.902342 0.734374 0.900392 0.732423 0.898437 0.732423 0.896487 0.730469 0.892576 0.730469 0.890626 0.728516 0.888671 0.728516
0 0.48242 0.44922 0.48242 0.45117 0.48047 0.453124 0.48047 0.455078 0.478514 0.457032 0.478514 0.460936 0.48047 0.460936 0.48242 0.46289 0.484375 0.46289 0.48828 0.466798 0.490235 0.466798 0.492185 0.468752 0.49414 0.468752 0.498045 0.472656 0.5 0.472656 0.501956 0.47461 0.509766 0.47461 0.509766 0.472656 0.511721 0.470702 0.511721 0.468752 0.513671 0.466798 0.513671 0.458986 0.509766 0.458986 0.507811 0.457032 0.505861 0.457032 0.503906 0.455078 0.5 0.455078 0.498045 0.453124 0.496095 0.453124 0.49414 0.45117 0.490235 0.45117 0.48828 0.44922
0 0.435548 0.916014 0.433593 0.917968 0.431643 0.917968 0.429688 0.919922 0.429688 0.921876 0.427732 0.92383 0.427732 0.92578 0.425782 0.927734 0.425782 0.929688 0.423827 0.931642 0.423827 0.933592 0.419922 0.9375 0.419922 0.939454 0.417967 0.941408 0.417967 0.943358 0.416017 0.945312 0.416017 0.947266 0.414062 0.94922 0.414062 0.951173 0.412112 0.953124 0.412112 0.957031 0.414062 0.958985 0.414062 0.960936 0.416017 0.960936 0.417967 0.96289 0.421877 0.96289 0.423827 0.964844 0.425782 0.964844 0.427732 0.966797 0.433593 0.966797 0.435548 0.964844 0.437498 0.964844 0.437498 0.96289 0.439453 0.960936 0.439453 0.958985 0.441408 0.957031 0.441408 0.955078 0.443358 0.953124 0.443358 0.94922 0.445313 0.947266 0.445313 0.945312 0.447263 0.943358 0.447263 0.939454 0.449218 0.9375 0.449218 0.935546 0.451173 0.933592 0.451173 0.931642 0.453123 0.929688 0.453123 0.92383 0.451173 0.921876 0.451173 0.919922 0.447263 0.919922 0.445313 0.917968 0.441408 0.917968 0.439453 0.916014
0 0.511721 0.699218 0.509766 0.701172 0.509766 0.703126 0.503906 0.708984 0.503906 0.710938 0.498045 0.716796 0.498045 0.71875 0.49414 0.722658 0.49414 0.724608 0.501956 0.732423 0.507811 0.732423 0.509766 0.730469 0.509766 0.728516 0.511721 0.726562 0.511721 0.724608 0.513671 0.722658 0.513671 0.720704 0.517576 0.716796 0.517576 0.714846 0.519531 0.712892 0.519531 0.710938 0.521486 0.708984 0.521486 0.70703 0.517576 0.703126 0.517576 0.701172 0.515626 0.699218
0 0.228514 0.322267 0.224609 0.326171 0.224609 0.328125 0.220704 0.332033 0.220704 0.333983 0.222654 0.335937 0.222654 0.337891 0.224609 0.337891 0.226564 0.339845 0.228514 0.339845 0.230469 0.341795 0.234375 0.341795 0.23633 0.343749 0.23828 0.343749 0.240235 0.345703 0.24219 0.345703 0.24414 0.347657 0.248045 0.347657 0.25 0.345703 0.251955 0.345703 0.251955 0.341795 0.253905 0.339845 0.253905 0.333983 0.251955 0.332033 0.25 0.332033 0.248045 0.330079 0.246095 0.330079 0.24414 0.328125 0.24219 0.328125 0.240235 0.326171 0.23828 0.326171 0.23633 0.324217 0.234375 0.324217 0.232419 0.322267
0 0.275391 0.939454 0.271486 0.943358 0.271486 0.945312 0.267576 0.94922 0.267576 0.951173 0.261721 0.957031 0.261721 0.958985 0.25781 0.96289 0.25781 0.964844 0.25586 0.966797 0.25586 0.972656 0.25781 0.972656 0.261721 0.976563 0.263671 0.976563 0.265626 0.978517 0.267576 0.978517 0.271486 0.974609 0.271486 0.972656 0.273436 0.970702 0.273436 0.968751 0.275391 0.966797 0.275391 0.964844 0.277341 0.96289 0.277341 0.960936 0.279296 0.958985 0.279296 0.957031 0.281252 0.955078 0.281252 0.953124 0.283201 0.951173 0.283201 0.94922 0.285157 0.947266 0.285157 0.943358 0.281252 0.943358 0.277341 0.939454
0 0.447263 0.806639 0.445313 0.808593 0.441408 0.808593 0.441408 0.810547 0.439453 0.812501 0.439453 0.814455 0.437498 0.816405 0.437498 0.818359 0.435548 0.820313 0.435548 0.822267 0.433593 0.824221 0.433593 0.826171 0.431643 0.828125 0.431643 0.830079 0.429688 0.832033 0.429688 0.833983 0.427732 0.835937 0.427732 0.841798 0.429688 0.841798 0.433593 0.845703 0.435548 0.845703 0.437498 0.847656 0.441408 0.847656 0.441408 0.845703 0.443358 0.843749 0.443358 0.841798 0.445313 0.839845 0.445313 0.835937 0.447263 0.833983 0.447263 0.832033 0.449218 0.830079 0.449218 0.826171 0.451173 0.824221 0.451173 0.822267 0.453123 0.820313 0.453123 0.812501
0 0.496095 0.574219 0.49414 0.576173 0.492185 0.576173 0.490235 0.578127 0.48633 0.578127 0.48633 0.580077 0.484375 0.582031 0.484375 0.583985 0.48242 0.585939 0.48242 0.587889 0.48047 0.589843 0.48047 0.593751 0.478514 0.595705 0.478514 0.597655 0.476565 0.599609 0.476565 0.601563 0.474609 0.603517 0.474609 0.60547 0.472654 0.607421 0.472654 0.609375 0.476565 0.613283 0.476565 0.615233 0.478514 0.617187 0.48242 0.617187 0.484375 0.619141 0.484375 0.617187 0.48633 0.615233 0.48633 0.611329 0.48828 0.609375 0.48828 0.607421 0.490235 0.60547 0.490235 0.603517 0.492185 0.601563 0.492185 0.599609 0.496095 0.595705 0.496095 0.593751 0.5 0.589843 0.5 0.587889 0.501956 0.585939 0.501956 0.578127 0.5 0.578127
0 0.921872 0.65625 0.912107 0.666016 0.912107 0.671874 0.914062 0.673828 0.916017 0.673828 0.919923 0.677736 0.921872 0.677736 0.925783 0.68164 0.927733 0.68164 0.931643 0.685548 0.933593 0.685548 0.937498 0.689452 0.945314 0.689452 0.947264 0.687502 0.947264 0.685548 0.949219 0.683594 0.949219 0.68164 0.951174 0.679686 0.951174 0.671874 0.949219 0.671874 0.947264 0.66992 0.945314 0.66992 0.943358 0.66797 0.941409 0.66797 0.939453 0.666016 0.937498 0.666016 0.933593 0.662108 0.931643 0.662108 0.929688 0.660158 0.927733 0.660158 0.925783 0.658204 0.923828 0.658204
0 0.640626 0.601563 0.632811 0.609375 0.632811 0.619141 0.636721 0.619141 0.638671 0.621094 0.640626 0.621094 0.642576 0.623048 0.646486 0.623048 0.648436 0.624999 0.650392 0.624999 0.652341 0.626952 0.656252 0.626952 0.658202 0.628906 0.660157 0.628906 0.662107 0.63086 0.666017 0.63086 0.667967 0.632814 0.669922 0.63086 0.673827 0.63086 0.673827 0.628906 0.675783 0.626952 0.675783 0.617187 0.673827 0.617187 0.671878 0.615233 0.667967 0.615233 0.666017 0.613283 0.664062 0.613283 0.662107 0.611329 0.660157 0.611329 0.658202 0.609375 0.656252 0.609375 0.654297 0.607421 0.650392 0.607421 0.648436 0.60547 0.646486 0.60547 0.644531 0.603517 0.642576 0.603517
0 0.994141 0.042968 0.98828 0.048829 0.98633 0.048829 0.984375 0.05078 0.984375 0.052734 0.98633 0.054688 0.98633 0.056641 0.98828 0.056641 0.990235 0.058595 0.992185 0.058595 0.994141 0.060546 0.996096 0.060546 0.998046 0.062499 1 0.062499 1 0.066407 1 0.066407 1 0.068358 1 0.068358 1 0.070311 1 0.070311 1 0.072265 1 0.068358 1 0.066407 1 0.064453 1 0.058595 1 0.058595 1 0.056641 1 0.056641 1 0.052734 1 0.052734 1 0.05078 1 0.05078 1 0.048829 1 0.048829 0.998046 0.044922 0.996096 0.044922
0 0.332034 0.999999 0.328123 1 0.328123 1 0.326173 1 0.326173 1 0.324218 1 0.324218 1 0.320313 1 0.320313 1 0.318358 1 0.318358 1 0.316408 1 0.316408 1 0.314453 1 0.314453 1 0.320313 1 0.322263 1 0.326173 1 0.326173 1 0.328123 1 0.328123 1 0.330078 1 0.330078 1 0.332034 1 0.332034 1 0.333984 1 0.333984 1 0.335939 1 0.335939 1 0.337889 1 0.337889 1 0.339844 1 0.339844 1 0.337889 1 0.335939 1 0.333984 0.999999