0 0.224611 0.248045 0.224611 0.251952 0.222655 0.253906 0.222655 0.259766 0.220702 0.261719 0.220702 0.263673 0.224611 0.263673 0.226564 0.265626 0.226564 0.263673 0.228517 0.261719 0.228517 0.255859 0.230469 0.253906 0.230469 0.251952 0.228517 0.251952
0 0.27539 0.123047 0.27539 0.125 0.273437 0.126953 0.273437 0.13086 0.271485 0.132814 0.271485 0.134767 0.269532 0.136721 0.269532 0.13867 0.27539 0.13867 0.277343 0.140623 0.277343 0.13867 0.279296 0.136721 0.279296 0.132814 0.281249 0.13086 0.281249 0.128907 0.283205 0.126953 0.283205 0.125 0.277343 0.125
0 0.898437 0.031252 0.898437 0.035155 0.896484 0.037108 0.896484 0.044922 0.894531 0.046875 0.894531 0.050782 0.904295 0.050782 0.906252 0.052736 0.906252 0.048829 0.908204 0.046875 0.908204 0.039062 0.910157 0.037108 0.910157 0.033201 0.900389 0.033201
0 0.578126 0.992186 0.572264 0.998046 0.576174 1 0.578126 1 0.583984 1 0.58789 1 0.582032 0.998046 0.582032 0.996093
0 0.556642 0.478517 0.556642 0.48047 0.558595 0.482424 0.558595 0.484373 0.560548 0.486326 0.560548 0.48828 0.5625 0.490233 0.5625 0.492187 0.564453 0.490233 0.566406 0.490233 0.564453 0.48828 0.564453 0.486326 0.5625 0.484373 0.5625 0.482424 0.560548 0.48047 0.560548 0.478517
0 0.494139 0.154297 0.492186 0.156251 0.490234 0.156251 0.490234 0.158204 0.492186 0.160158 0.492186 0.164065 0.496092 0.160158 0.498049 0.160158 0.496092 0.158204 0.496092 0.156251
0 0.136719 0.667971 0.136719 0.66992 0.134766 0.671873 0.134766 0.673827 0.132813 0.67578 0.136719 0.67578 0.138672 0.677734 0.140624 0.677734 0.142577 0.679687 0.14453 0.677734 0.14453 0.67578 0.146482 0.673827 0.14453 0.673827 0.140624 0.66992 0.138672 0.66992
1 0.703125 0.820313 0.701172 0.822267 0.699219 0.822267 0.697266 0.82422 0.693361 0.82422 0.695313 0.826174 0.695313 0.828127 0.697266 0.830076 0.697266 0.83203 0.699219 0.833983 0.699219 0.835937 0.701172 0.83789 0.701172 0.839844 0.703125 0.841797 0.703125 0.84375 0.705077 0.845704 0.705077 0.847657 0.70703 0.849611 0.70703 0.851564 0.708983 0.853518 0.708983 0.855467 0.710939 0.85742 0.712892 0.855467 0.714845 0.855467 0.71875 0.851564 0.720703 0.851564 0.71875 0.849611 0.71875 0.847657 0.716798 0.845704 0.716798 0.84375 0.714845 0.841797 0.714845 0.839844 0.710939 0.835937 0.710939 0.833983 0.708983 0.83203 0.708983 0.830076 0.70703 0.828127 0.70703 0.826174 0.705077 0.82422 0.705077 0.822267
0 0.048826 0.623046 0.044921 0.626953 0.046874 0.628906 0.048826 0.628906 0.052736 0.632813 0.054688 0.632813 0.058594 0.63672 0.060547 0.63672 0.064452 0.640627 0.064452 0.63672 0.066405 0.634767 0.066405 0.63086 0.064452 0.63086 0.0625 0.628906 0.058594 0.628906 0.056641 0.626953 0.054688 0.626953 0.052736 0.624999 0.050783 0.624999
0 0.662109 0.958986 0.660156 0.96094 0.656251 0.96094 0.660156 0.964842 0.660156 0.966795 0.662109 0.968749 0.666015 0.968749 0.666015 0.966795 0.664062 0.964842 0.664062 0.962889 0.662109 0.96094
0 0.271485 0.10547 0.271485 0.107423 0.269532 0.109377 0.269532 0.113279 0.267579 0.115233 0.267579 0.117186 0.271485 0.117186 0.273437 0.11914 0.27539 0.117186 0.27539 0.115233 0.279296 0.11133 0.277343 0.109377 0.27539 0.109377
0 0.228517 0.156251 0.228517 0.160158 0.226564 0.162111 0.226564 0.167967 0.224611 0.16992 0.224611 0.171874 0.228517 0.171874 0.230469 0.173827 0.230469 0.16992 0.232422 0.167967 0.232422 0.162111 0.234375 0.160158 0.234375 0.158204 0.230469 0.158204
0 0.248048 0.175781 0.248048 0.181641 0.246095 0.183594 0.246095 0.187501 0.248048 0.187501 0.251953 0.191404 0.251953 0.187501 0.253906 0.185548 0.253906 0.179688 0.255859 0.177734 0.255859 0.175781
0 0.417967 0.892578 0.410156 0.900392 0.412109 0.900392 0.414062 0.902345 0.416014 0.902345 0.417967 0.904298 0.419924 0.904298 0.421876 0.906252 0.427734 0.900392 0.425782 0.898438 0.423829 0.898438
0 0.029295 0.722654 0.029295 0.726561 0.027343 0.728514 0.027343 0.734375 0.02539 0.736328 0.02539 0.738282 0.033204 0.738282 0.033204 0.732421 0.035157 0.730468 0.035157 0.724607 0.031252 0.724607
0 0.19336 0.710938 0.189454 0.714845 0.19336 0.718751 0.195312 0.718751 0.201171 0.724607 0.203124 0.722654 0.203124 0.720705 0.205076 0.718751 0.203124 0.718751 0.199218 0.714845 0.197265 0.714845
0 0.644531 0.890624 0.642578 0.892578 0.640625 0.892578 0.640625 0.894531 0.642578 0.896485 0.642578 0.900392 0.644531 0.902345 0.644531 0.906252 0.646483 0.908205 0.646483 0.910154 0.648436 0.908205 0.650389 0.908205 0.650389 0.906252 0.648436 0.904298 0.648436 0.900392 0.646483 0.898438 0.646483 0.894531 0.644531 0.892578
0 0.482423 0.156251 0.482423 0.160158 0.484375 0.162111 0.484375 0.167967 0.486328 0.166014 0.490234 0.166014 0.490234 0.162111 0.488281 0.160158 0.488281 0.156251
0 0.244142 0.744142 0.240233 0.748049 0.246095 0.753905 0.246095 0.755858 0.250001 0.759765 0.251953 0.757812 0.251953 0.755858 0.255859 0.751951 0.253906 0.751951 0.250001 0.748049 0.248048 0.748049
0 0.179687 0.378904 0.179687 0.380858 0.177734 0.382811 0.177734 0.384765 0.175781 0.386718 0.175781 0.388672 0.173829 0.390625 0.173829 0.392579 0.175781 0.392579 0.179687 0.396485 0.179687 0.394532 0.18164 0.392579 0.18164 0.390625 0.183592 0.388672 0.183592 0.386718 0.185545 0.384765 0.185545 0.382811 0.187502 0.380858 0.18164 0.380858
0 0.220702 0.14453 0.220702 0.146484 0.218749 0.148437 0.218749 0.15039 0.216797 0.152344 0.216797 0.154297 0.214844 0.156251 0.218749 0.156251 0.220702 0.158204 0.220702 0.156251 0.222655 0.154297 0.222655 0.15039 0.224611 0.148437 0.224611 0.146484 0.222655 0.146484
0 0.449219 0.919922 0.445313 0.923828 0.447266 0.923828 0.451171 0.927735 0.453124 0.927735 0.45703 0.931642 0.458986 0.931642 0.460939 0.933596 0.462891 0.931642 0.462891 0.929689 0.464844 0.927735 0.462891 0.927735 0.460939 0.925782 0.458986 0.925782 0.45703 0.923828 0.455077 0.923828 0.453124 0.921875 0.451171 0.921875
1 0.492186 0.166014 0.490234 0.167967 0.490234 0.179688 0.492186 0.181641 0.492186 0.197265 0.494139 0.195311 0.496092 0.197265 0.501954 0.197265 0.501954 0.191404 0.500001 0.189455 0.500001 0.175781 0.498049 0.173827 0.498049 0.166014
0 0.574217 0.726561 0.572264 0.728514 0.568359 0.728514 0.568359 0.730468 0.570311 0.732421 0.570311 0.734375 0.572264 0.736328 0.572264 0.740235 0.574217 0.742189 0.574217 0.744142 0.585937 0.744142 0.583984 0.742189 0.583984 0.740235 0.580079 0.736328 0.580079 0.734375 0.576174 0.730468 0.576174 0.728514
0 0.515623 0.302733 0.515623 0.30664 0.51367 0.308593 0.51367 0.3125 0.515623 0.3125 0.519532 0.316407 0.519532 0.302733
0 0.675782 0.99414 0.67383 0.996093 0.671877 0.996093 0.67383 0.998046 0.67383 1 0.675782 1 0.675782 1 0.677735 1 0.677735 1 0.68164 1 0.679688 1 0.679688 1 0.677735 0.998046 0.677735 0.996093
0 0.945314 0.013671 0.945314 0.015625 0.943357 0.017578 0.943357 0.021485 0.941405 0.023438 0.941405 0.027345 0.939452 0.029299 0.939452 0.031252 0.941405 0.033201 0.941405 0.035155 0.943357 0.037108 0.943357 0.035155 0.945314 0.033201 0.945314 0.031252 0.947267 0.029299 0.947267 0.025392 0.94922 0.023438 0.94922 0.021485 0.951172 0.019531 0.951172 0.017578 0.94922 0.017578
0 0.623047 0.83203 0.619141 0.835937 0.617188 0.835937 0.617188 0.83789 0.619141 0.839844 0.619141 0.841797 0.621094 0.84375 0.621094 0.845704 0.623047 0.847657 0.623047 0.849611 0.625 0.847657 0.628905 0.847657 0.628905 0.845704 0.626952 0.84375 0.626952 0.841797 0.625 0.839844 0.625 0.835937 0.623047 0.833983
0 0.029295 0.699217 0.029295 0.716798 0.033204 0.716798 0.035157 0.718751 0.035157 0.708984 0.03711 0.707031 0.03711 0.699217
0 0.066405 0.732421 0.066405 0.736328 0.064452 0.738282 0.064452 0.744142 0.0625 0.746096 0.0625 0.749998 0.068358 0.749998 0.070314 0.751951 0.070314 0.748049 0.072267 0.746096 0.072267 0.740235 0.07422 0.738282 0.07422 0.736328 0.072267 0.736328 0.070314 0.734375 0.068358 0.734375
0 0.408203 0.246092 0.40625 0.248045 0.404298 0.248045 0.404298 0.249999 0.40625 0.251952 0.40625 0.255859 0.408203 0.257813 0.408203 0.259766 0.410156 0.257813 0.414062 0.257813 0.412109 0.255859 0.412109 0.253906 0.410156 0.251952 0.410156 0.249999 0.408203 0.248045
0 0.357421 0.339844 0.357421 0.341798 0.355468 0.343751 0.355468 0.345705 0.353515 0.347658 0.36133 0.355467 0.363283 0.353514 0.371094 0.353514
0 0.611327 0.822267 0.609374 0.82422 0.605469 0.82422 0.605469 0.826174 0.607421 0.828127 0.607421 0.83203 0.609374 0.833983 0.609374 0.835937 0.611327 0.833983 0.617188 0.833983 0.615236 0.83203 0.615236 0.830076 0.613283 0.828127 0.613283 0.826174 0.611327 0.82422
0 0.10742 0.660157 0.10742 0.664064 0.109377 0.664064 0.111329 0.666017 0.113282 0.666017 0.115235 0.667971 0.117188 0.667971 0.11914 0.66992 0.11914 0.664064 0.115235 0.664064 0.113282 0.66211 0.109377 0.66211
0 0.292969 0.046875 0.292969 0.048829 0.291016 0.050782 0.291016 0.052736 0.289063 0.054689 0.289063 0.056643 0.28711 0.058592 0.28711 0.060545 0.291016 0.060545 0.292969 0.062499 0.292969 0.060545 0.294921 0.058592 0.294921 0.054689 0.296874 0.052736 0.296874 0.050782
0 0.154297 0.371095 0.154297 0.375002 0.152345 0.376955 0.152345 0.382811 0.150392 0.384765 0.150392 0.388672 0.15625 0.388672 0.158203 0.390625 0.158203 0.386718 0.160156 0.384765 0.160156 0.378904 0.162108 0.376955 0.162108 0.373048 0.15625 0.373048
0 0.359373 0.093749 0.357421 0.095703 0.353515 0.095703 0.353515 0.097656 0.355468 0.09961 0.355468 0.103516 0.357421 0.10547 0.357421 0.107423 0.359373 0.10547 0.36133 0.10547 0.36133 0.101563 0.359373 0.09961
0 0.15625 0.330077 0.15625 0.332031 0.154297 0.333984 0.154297 0.335937 0.152345 0.337891 0.152345 0.339844 0.150392 0.341798 0.150392 0.343751 0.154297 0.343751 0.15625 0.345705 0.15625 0.343751 0.158203 0.341798 0.158203 0.339844 0.160156 0.337891 0.160156 0.335937 0.162108 0.333984 0.162108 0.332031 0.158203 0.332031
0 0.593752 0.574219 0.591795 0.576172 0.589843 0.576172 0.589843 0.578125 0.591795 0.580079 0.591795 0.583986 0.593752 0.585939 0.593752 0.587893 0.59961 0.587893 0.59961 0.585939 0.597657 0.583986 0.597657 0.582032 0.595705 0.580079 0.595705 0.578125 0.593752 0.576172
0 0.007811 0.884764 0.007811 0.890624 0.005858 0.892578 0.005858 0.898438 0.007811 0.898438 0.009764 0.900392 0.009764 0.898438 0.01172 0.896485 0.01172 0.890624 0.013673 0.888671 0.013673 0.886718 0.009764 0.886718
0 0.298827 0.779295 0.292969 0.785156 0.294921 0.785156 0.296874 0.787109 0.298827 0.787109 0.30078 0.789062 0.302736 0.789062 0.304689 0.791016 0.308594 0.787109 0.306642 0.785156 0.304689 0.785156
0 0.935547 0.046875 0.933594 0.048829 0.933594 0.050782 0.931641 0.052736 0.931641 0.054689 0.929688 0.056643 0.929688 0.058592 0.931641 0.060545 0.933594 0.060545 0.935547 0.062499 0.935547 0.060545 0.937499 0.058592 0.937499 0.056643 0.939452 0.054689 0.939452 0.052736 0.941405 0.050782 0.941405 0.048829 0.937499 0.048829
0 0.208986 0.314454 0.208986 0.316407 0.207033 0.318361 0.207033 0.324217 0.205076 0.32617 0.205076 0.328124 0.208986 0.328124 0.210938 0.330077 0.210938 0.328124 0.212891 0.32617 0.212891 0.320314 0.214844 0.318361 0.214844 0.316407 0.210938 0.316407
0 0.929688 0.015625 0.929688 0.023438 0.927736 0.025392 0.927736 0.033201 0.931641 0.033201 0.933594 0.035155 0.933594 0.027345 0.935547 0.025392 0.935547 0.017578 0.931641 0.017578
0 0.007811 0.865234 0.007811 0.867187 0.005858 0.869141 0.005858 0.873048 0.003906 0.875001 0.003906 0.876955 0.005858 0.876955 0.009764 0.880862 0.009764 0.878908 0.01172 0.876955 0.01172 0.873048 0.013673 0.871094 0.013673 0.869141 0.01172 0.869141
0 0.556642 0.644529 0.552733 0.648436 0.554686 0.65039 0.554686 0.652343 0.556642 0.654297 0.556642 0.65625 0.554686 0.658203 0.554686 0.660157 0.556642 0.66211 0.556642 0.664064 0.558595 0.66211 0.560548 0.66211 0.5625 0.660157 0.564453 0.660157 0.5625 0.658203 0.5625 0.65625 0.560548 0.654297 0.560548 0.652343 0.558595 0.65039 0.558595 0.648436 0.556642 0.646483
0 0.376952 0.86328 0.373046 0.867187 0.382814 0.876955 0.388672 0.871094 0.386719 0.871094 0.382814 0.867187 0.380861 0.867187
0 0.023437 0.761719 0.023437 0.763672 0.021484 0.765625 0.021484 0.775393 0.02539 0.775393 0.02539 0.773439 0.027343 0.771486 0.027343 0.765625 0.029295 0.763672 0.029295 0.761719
0 0.925783 0 0.925783 0 0.923826 0 0.923826 0.003908 0.921874 0.005857 0.921874 0.007811 0.923826 0.007811 0.925783 0.009764 0.927736 0.009764 0.929688 0.011718 0.929688 0.001955 0.931641 0.000001 0.931641 0
0 0.27539 0.783202 0.271485 0.787109 0.273437 0.787109 0.277343 0.791016 0.279296 0.791016 0.283205 0.794923 0.289063 0.789062 0.28711 0.789062 0.285158 0.787109 0.281249 0.787109 0.279296 0.785156 0.277343 0.785156
0 0.996093 0.082033 0.996093 0.089842 0.99414 0.091796 0.99414 0.097656 0.996093 0.09961 0.998046 0.09961 1 0.103516 1 0.09961 1 0.097656 1 0.089842 1 0.087889 1 0.083987 0.998046 0.083987
0 0.738281 0.892578 0.736329 0.894531 0.736329 0.896485 0.738281 0.898438 0.738281 0.900392 0.740234 0.902345 0.740234 0.904298 0.748045 0.904298 0.742187 0.898438 0.742187 0.896485
0 0.656251 0.929689 0.654298 0.931642 0.654298 0.933596 0.656251 0.935545 0.656251 0.939452 0.658204 0.941405 0.658204 0.943359 0.664062 0.943359 0.662109 0.941405 0.662109 0.939452 0.660156 0.937498 0.660156 0.935545 0.658204 0.933596 0.658204 0.931642
0 0.494139 0.197265 0.492186 0.199218 0.488281 0.199218 0.488281 0.210939 0.494139 0.210939
0 0.041015 0.806639 0.041015 0.808593 0.039062 0.810546 0.039062 0.816406 0.03711 0.81836 0.03711 0.822267 0.035157 0.82422 0.035157 0.826174 0.03711 0.826174 0.039062 0.828127 0.041015 0.828127 0.042968 0.830076 0.042968 0.828127 0.044921 0.826174 0.044921 0.820313 0.046874 0.81836 0.046874 0.814453 0.048826 0.8125 0.048826 0.810546 0.046874 0.810546 0.044921 0.808593 0.042968 0.808593
0 0.308594 0.802732 0.302736 0.808593 0.304689 0.808593 0.306642 0.810546 0.308594 0.810546 0.3125 0.814453 0.314453 0.814453 0.316405 0.816406 0.316405 0.814453 0.318358 0.8125
0 0.94922 0.041015 0.94922 0.044922 0.947267 0.046875 0.947267 0.056643 0.945314 0.058592 0.945314 0.062499 0.953125 0.062499 0.953125 0.060545 0.955078 0.058592 0.955078 0.056643 0.957031 0.054689 0.957031 0.052736 0.958983 0.050782 0.958983 0.048829 0.960936 0.046875 0.960936 0.044922 0.957031 0.044922 0.955078 0.042968 0.951172 0.042968
0 0.013673 0.771486 0.013673 0.773439 0.01172 0.775393 0.01172 0.779295 0.009764 0.781249 0.009764 0.785156 0.007811 0.787109 0.007811 0.789062 0.013673 0.789062 0.013673 0.787109 0.015626 0.785156 0.015626 0.781249 0.017579 0.779295 0.017579 0.777342 0.019531 0.775393 0.019531 0.773439 0.015626 0.773439
0 0.187502 0.240236 0.187502 0.242189 0.185545 0.244143 0.185545 0.248045 0.183592 0.249999 0.183592 0.251952 0.18164 0.253906 0.18164 0.255859 0.189454 0.255859 0.189454 0.253906 0.191407 0.251952 0.191407 0.246092 0.19336 0.244143 0.19336 0.242189 0.189454 0.242189
0 0.572264 0.685547 0.570311 0.687501 0.566406 0.687501 0.566406 0.689454 0.568359 0.691408 0.568359 0.697264 0.570311 0.699217 0.570311 0.703124 0.574217 0.703124 0.574217 0.695315 0.572264 0.693361
0 0.226564 0.224608 0.226564 0.226562 0.224611 0.228515 0.224611 0.230469 0.222655 0.232422 0.228517 0.232422 0.230469 0.234375 0.234375 0.234375 0.236328 0.236329 0.236328 0.234375 0.238281 0.232422 0.238281 0.230469 0.236328 0.230469 0.234375 0.228515 0.232422 0.228515 0.230469 0.226562 0.228517 0.226562
0 0.435546 0.496094 0.433593 0.498047 0.427734 0.498047 0.427734 0.500001 0.429687 0.501954 0.429687 0.505861 0.43164 0.507814 0.43164 0.511717 0.433593 0.51367 0.433593 0.515624 0.435546 0.51367 0.441407 0.51367 0.441407 0.511717 0.439455 0.509768 0.439455 0.505861 0.437498 0.503907 0.437498 0.500001 0.435546 0.498047
0 0.453124 0.560549 0.451171 0.562502 0.445313 0.562502 0.445313 0.564451 0.447266 0.566405 0.447266 0.572265 0.449219 0.574219 0.449219 0.578125 0.453124 0.574219 0.455077 0.574219 0.455077 0.568358 0.453124 0.566405
0 0.533202 0.597655 0.531249 0.599609 0.529296 0.599609 0.527344 0.601562 0.525391 0.601562 0.525391 0.603516 0.527344 0.605469 0.527344 0.607423 0.529296 0.609376 0.529296 0.611329 0.531249 0.613283 0.531249 0.615236 0.535154 0.611329 0.537111 0.611329 0.537111 0.609376 0.535154 0.607423 0.535154 0.601562 0.533202 0.599609
0 0.48047 0.101563 0.48047 0.117186 0.482423 0.115233 0.488281 0.115233 0.488281 0.109377 0.486328 0.107423 0.486328 0.101563
0 0.187502 0.259766 0.187502 0.26758 0.185545 0.269533 0.185545 0.275389 0.189454 0.275389 0.189454 0.273436 0.191407 0.271482 0.191407 0.269533 0.19336 0.26758 0.19336 0.265626 0.195312 0.263673 0.195312 0.261719 0.189454 0.261719
0 0.316405 0.011718 0.316405 0.013671 0.314453 0.015625 0.314453 0.017578 0.3125 0.019531 0.3125 0.021485 0.316405 0.021485 0.318358 0.023438 0.318358 0.021485 0.320311 0.019531 0.320311 0.017578 0.322267 0.015625 0.322267 0.013671 0.318358 0.013671
0 0.332031 0.019531 0.332031 0.021485 0.333984 0.023438 0.333984 0.027345 0.335937 0.029299 0.335937 0.031252 0.337889 0.029299 0.341799 0.029299 0.341799 0.025392 0.339842 0.023438 0.339842 0.019531
0 0.902342 0.011718 0.902342 0.013671 0.900389 0.015625 0.900389 0.021485 0.898437 0.023438 0.898437 0.025392 0.904295 0.025392 0.906252 0.027345 0.906252 0.019531 0.908204 0.017578 0.908204 0.011718
0 0.533202 0.382811 0.533202 0.388672 0.535154 0.390625 0.535154 0.398439 0.537111 0.396485 0.541016 0.396485 0.541016 0.394532 0.539064 0.392579 0.539064 0.386718 0.537111 0.384765 0.537111 0.382811
0 0 0.498047 0 0.500001 0 0.501954 0 0.503907 0 0.505861 0 0.505861 0 0.509768 0 0.509768 0 0.51367 0.001953 0.509768 0.003906 0.509768 0.001953 0.507814 0 0.507814 0 0.501954 0 0.501954
0 0.335937 0.830076 0.333984 0.83203 0.333984 0.833983 0.332031 0.835937 0.337889 0.835937 0.339842 0.83789 0.343751 0.83789 0.345704 0.839844 0.345704 0.83789 0.347657 0.835937 0.347657 0.833983 0.343751 0.833983 0.341799 0.83203 0.337889 0.83203
0 0.548827 0.64258 0.546875 0.644529 0.546875 0.646483 0.544922 0.648436 0.544922 0.65039 0.546875 0.652343 0.546875 0.65625 0.548827 0.658203 0.548827 0.660157 0.552733 0.65625 0.554686 0.65625 0.554686 0.654297 0.552733 0.652343 0.552733 0.65039 0.55078 0.648436 0.55078 0.646483 0.548827 0.644529
0 0.91211 0 0.91211 0 0.910157 0 0.910157 0 0.908204 0 0.908204 0.000001 0.906252 0.001955 0.906252 0.003908 0.914062 0.011718 0.914062 0.009764 0.916015 0.007811 0.916015 0.001955 0.917968 0.000001 0.917968 0 0.919921 0 0.919921 0 0.914062 0
0 0.923826 0.039062 0.923826 0.041015 0.921874 0.042968 0.921874 0.046875 0.919921 0.048829 0.919921 0.050782 0.917968 0.052736 0.917968 0.054689 0.921874 0.054689 0.923826 0.056643 0.925783 0.056643 0.927736 0.058592 0.927736 0.056643 0.929688 0.054689 0.929688 0.052736 0.931641 0.050782 0.931641 0.048829 0.933594 0.046875 0.931641 0.044922 0.929688 0.044922