0 0.30078 0.560546 0.296875 0.564454 0.296875 0.576173 0.298828 0.578124 0.298828 0.580077 0.30078 0.582031 0.302732 0.582031 0.304685 0.583985 0.306638 0.583985 0.308591 0.585939 0.312503 0.585939 0.314456 0.587889 0.318361 0.587889 0.320314 0.589843 0.3457 0.589843 0.34766 0.591797 0.363281 0.591797 0.365234 0.593751 0.378903 0.593751 0.380856 0.595705 0.384768 0.595705 0.386721 0.593751 0.390626 0.593751 0.390626 0.591797 0.392579 0.589843 0.392579 0.585939 0.394532 0.583985 0.394532 0.574219 0.392579 0.572266 0.392579 0.570312 0.390626 0.570312 0.386721 0.566407 0.384768 0.566407 0.382816 0.564454 0.353518 0.564454 0.351565 0.5625 0.322267 0.5625 0.320314 0.560546
0 0.023436 0.498048 0.021483 0.500001 0.015625 0.500001 0.015625 0.503906 0.013672 0.505859 0.013672 0.511717 0.011719 0.513671 0.011719 0.519533 0.013672 0.521483 0.013672 0.523437 0.015625 0.525391 0.015625 0.527345 0.046876 0.527345 0.048829 0.529298 0.078126 0.529298 0.080079 0.531249 0.083985 0.527345 0.085938 0.527345 0.08789 0.525391 0.08789 0.517579 0.089843 0.515625 0.089843 0.507813 0.08789 0.507813 0.083985 0.503906 0.082032 0.503906 0.080079 0.501952 0.052734 0.501952 0.050781 0.500001 0.025389 0.500001
0 0.626956 0.394532 0.624997 0.396483 0.619139 0.396483 0.61328 0.402344 0.611327 0.402344 0.609375 0.404298 0.609375 0.470704 0.611327 0.472655 0.61328 0.472655 0.617186 0.476562 0.626956 0.476562 0.628909 0.478516 0.650389 0.478516 0.650389 0.474608 0.652342 0.472655 0.652342 0.458985 0.650389 0.457031 0.650389 0.435546 0.648437 0.433595 0.648437 0.41211 0.646484 0.410156 0.646484 0.398437 0.642578 0.398437 0.640625 0.396483 0.638672 0.396483 0.63672 0.394532
0 0.33203 0.435546 0.330078 0.4375 0.330078 0.439453 0.326173 0.443361 0.326173 0.445311 0.32422 0.447265 0.32422 0.460939 0.326173 0.462889 0.326173 0.46875 0.328125 0.470704 0.328125 0.472655 0.410154 0.472655 0.412107 0.474608 0.419924 0.466797 0.419924 0.460939 0.421877 0.458985 0.421877 0.453127 0.419924 0.451173 0.419924 0.449219 0.417972 0.447265 0.417972 0.445311 0.416012 0.443361 0.416012 0.441407 0.41406 0.439453 0.41406 0.4375 0.333983 0.4375
0 0.623044 0.30078 0.621091 0.302733 0.617186 0.302733 0.615233 0.304687 0.611327 0.304687 0.611327 0.308595 0.609375 0.310545 0.609375 0.380859 0.61328 0.380859 0.615233 0.382813 0.619139 0.382813 0.621091 0.384767 0.632814 0.384767 0.634767 0.382813 0.640625 0.382813 0.640625 0.380859 0.642578 0.378905 0.642578 0.376951 0.644531 0.375001 0.644531 0.34375 0.646484 0.341796 0.646484 0.310545 0.644531 0.308595 0.642578 0.308595 0.63672 0.302733 0.624997 0.302733
0 0.250002 0.259766 0.248049 0.26172 0.246096 0.26172 0.244143 0.263671 0.242191 0.263671 0.242191 0.265624 0.240232 0.267578 0.240232 0.273436 0.238279 0.27539 0.238279 0.285156 0.240232 0.28711 0.240232 0.291017 0.265624 0.291017 0.267577 0.292968 0.294922 0.292968 0.296875 0.294922 0.322267 0.294922 0.32422 0.296875 0.326173 0.294922 0.328125 0.294922 0.33203 0.291017 0.333983 0.291017 0.333983 0.285156 0.335936 0.283202 0.335936 0.27539 0.333983 0.273436 0.333983 0.267578 0.33203 0.267578 0.330078 0.265624 0.328125 0.265624 0.326173 0.263671 0.289063 0.263671 0.287111 0.26172 0.251955 0.26172
0 0.212893 0.593751 0.21094 0.595705 0.21094 0.597655 0.208987 0.599609 0.208987 0.601563 0.207028 0.603516 0.207028 0.617186 0.208987 0.61914 0.208987 0.621094 0.21094 0.623048 0.21094 0.625002 0.212893 0.626952 0.212893 0.628906 0.23242 0.628906 0.234373 0.63086 0.253907 0.63086 0.25586 0.632814 0.275387 0.632814 0.277347 0.634764 0.285158 0.626952 0.285158 0.621094 0.287111 0.61914 0.287111 0.613282 0.285158 0.611328 0.285158 0.609375 0.283205 0.607421 0.283205 0.60547 0.281252 0.603516 0.281252 0.601563 0.2793 0.599609 0.2793 0.597655 0.248049 0.597655 0.246096 0.595705 0.214846 0.595705
0 0.582029 0.578124 0.580077 0.580077 0.578124 0.580077 0.576171 0.582031 0.572266 0.582031 0.572266 0.595705 0.570313 0.597655 0.570313 0.623048 0.56836 0.625002 0.56836 0.664061 0.5918 0.664061 0.595705 0.660157 0.597658 0.660157 0.599611 0.658203 0.599611 0.642579 0.601563 0.640625 0.601563 0.607421 0.603516 0.60547 0.603516 0.582031 0.5918 0.582031 0.58984 0.580077 0.583982 0.580077
0 0.240232 0.390625 0.238279 0.392579 0.238279 0.394532 0.236326 0.396483 0.236326 0.398437 0.234373 0.400391 0.234373 0.41211 0.236326 0.414064 0.236326 0.416014 0.238279 0.417968 0.238279 0.419922 0.296875 0.419922 0.298828 0.421876 0.30078 0.419922 0.302732 0.419922 0.306638 0.416014 0.308591 0.416014 0.308591 0.41211 0.310544 0.410156 0.310544 0.404298 0.308591 0.402344 0.308591 0.398437 0.306638 0.396483 0.304685 0.396483 0.30078 0.392579 0.242191 0.392579
0 0.94922 0.421876 0.947268 0.42383 0.945314 0.42383 0.941409 0.427734 0.939456 0.427734 0.939456 0.457031 0.937497 0.458985 0.937497 0.486328 0.939456 0.488282 0.941409 0.488282 0.947268 0.49414 0.960937 0.49414 0.962889 0.496094 0.964842 0.49414 0.9707 0.49414 0.9707 0.492186 0.972653 0.490236 0.972653 0.474608 0.9707 0.472655 0.9707 0.443361 0.968748 0.441407 0.968748 0.427734 0.966795 0.427734 0.962889 0.42383 0.960937 0.42383 0.958983 0.421876
0 0.798825 0.318361 0.796872 0.320311 0.787108 0.320311 0.787108 0.322265 0.785155 0.324219 0.785155 0.333984 0.783203 0.335938 0.783203 0.353516 0.78125 0.35547 0.78125 0.373047 0.779297 0.375001 0.779297 0.382813 0.78125 0.382813 0.783203 0.384767 0.785155 0.384767 0.787108 0.386717 0.789061 0.386717 0.791014 0.388671 0.800785 0.388671 0.802737 0.386717 0.806643 0.386717 0.808595 0.384767 0.8125 0.384767 0.818359 0.378905 0.818359 0.35547 0.816406 0.353516 0.816406 0.328126 0.8125 0.324219 0.8125 0.322265 0.808595 0.318361
0 0.794919 0.402344 0.792967 0.404298 0.791014 0.404298 0.789061 0.406249 0.785155 0.406249 0.775392 0.416014 0.775392 0.431641 0.773439 0.433595 0.773439 0.462889 0.771487 0.464843 0.771487 0.48047 0.773439 0.48242 0.775392 0.48242 0.779297 0.486328 0.796872 0.486328 0.798825 0.488282 0.800785 0.486328 0.808595 0.486328 0.810548 0.484374 0.810548 0.46875 0.8125 0.466797 0.8125 0.433595 0.814454 0.431641 0.814454 0.416014 0.8125 0.414064 0.8125 0.41211 0.810548 0.410156 0.810548 0.408202 0.808595 0.406249 0.802737 0.406249 0.800785 0.404298 0.796872 0.404298
0 0.316409 0.519533 0.312503 0.523437 0.312503 0.525391 0.306638 0.531249 0.306638 0.535157 0.308591 0.53711 0.308591 0.542968 0.316409 0.55078 0.341794 0.55078 0.343747 0.552734 0.36914 0.552734 0.371092 0.554688 0.380856 0.544922 0.380856 0.542968 0.382816 0.541015 0.382816 0.539064 0.380856 0.53711 0.380856 0.535157 0.378903 0.533203 0.378903 0.529298 0.376951 0.527345 0.376951 0.525391 0.359375 0.525391 0.357423 0.523437 0.337889 0.523437 0.335936 0.521483 0.318361 0.521483
0 0.30078 0.761718 0.292969 0.76953 0.292969 0.773438 0.291017 0.775391 0.291017 0.78125 0.292969 0.783203 0.292969 0.787111 0.294922 0.789061 0.296875 0.789061 0.302732 0.794923 0.36914 0.794923 0.371092 0.792969 0.371092 0.791015 0.373045 0.789061 0.373045 0.787111 0.374998 0.785157 0.374998 0.78125 0.373045 0.779296 0.373045 0.773438 0.36914 0.76953 0.36914 0.76758 0.365234 0.763672 0.302732 0.763672
0 0.304685 0.60547 0.302732 0.607421 0.298828 0.607421 0.298828 0.609375 0.296875 0.611328 0.296875 0.613282 0.294922 0.615236 0.294922 0.617186 0.292969 0.61914 0.292969 0.621094 0.294922 0.623048 0.294922 0.625002 0.296875 0.626952 0.296875 0.63086 0.298828 0.632814 0.298828 0.634764 0.330078 0.634764 0.33203 0.636718 0.361329 0.636718 0.363281 0.638672 0.365234 0.636718 0.367187 0.636718 0.36914 0.634764 0.373045 0.634764 0.373045 0.63086 0.374998 0.628906 0.374998 0.623048 0.376951 0.621094 0.376951 0.61914 0.374998 0.617186 0.374998 0.615236 0.373045 0.613282 0.357423 0.613282 0.355471 0.611328 0.339842 0.611328 0.337889 0.609375 0.32422 0.609375 0.322267 0.607421 0.306638 0.607421
0 0.30078 0.474608 0.298828 0.476562 0.236326 0.476562 0.236326 0.478516 0.234373 0.48047 0.234373 0.48242 0.23242 0.484374 0.23242 0.488282 0.230468 0.490236 0.230468 0.49414 0.23242 0.496094 0.23242 0.498048 0.236326 0.501952 0.236326 0.503906 0.238279 0.505859 0.30078 0.505859 0.308591 0.498048 0.308591 0.49414 0.310544 0.492186 0.310544 0.488282 0.308591 0.486328 0.308591 0.48242
0 0.238279 0.351562 0.230468 0.359374 0.230468 0.363281 0.23242 0.365235 0.23242 0.371093 0.234373 0.373047 0.234373 0.375001 0.236326 0.376951 0.236326 0.378905 0.238279 0.380859 0.308591 0.380859 0.310544 0.382813 0.312503 0.380859 0.312503 0.378905 0.316409 0.375001 0.316409 0.36914 0.318361 0.367189 0.318361 0.363281 0.316409 0.361328 0.316409 0.359374 0.314456 0.357423 0.314456 0.35547 0.312503 0.353516 0.312503 0.351562
0 0.884766 0.310545 0.882813 0.312499 0.876955 0.312499 0.875002 0.314453 0.869144 0.314453 0.869144 0.328126 0.867185 0.330077 0.867185 0.35547 0.865232 0.357423 0.865232 0.382813 0.863279 0.384767 0.863279 0.396483 0.865232 0.396483 0.867185 0.398437 0.869144 0.398437 0.873049 0.402344 0.875002 0.402344 0.876955 0.404298 0.890625 0.404298 0.892577 0.406249 0.89453 0.404298 0.898436 0.404298 0.900388 0.402344 0.9043 0.402344 0.906253 0.400391 0.910158 0.400391 0.910158 0.398437 0.912111 0.396483 0.912111 0.394532 0.914064 0.392579 0.914064 0.388671 0.916017 0.386717 0.916017 0.384767 0.91797 0.382813 0.91797 0.351562 0.916017 0.349608 0.916017 0.320311 0.914064 0.320311 0.912111 0.318361 0.910158 0.318361 0.908206 0.316407 0.906253 0.316407 0.9043 0.314453 0.90234 0.314453 0.900388 0.312499 0.886719 0.312499
0 0.621091 0.595705 0.621091 0.599609 0.619139 0.601563 0.619139 0.607421 0.617186 0.609375 0.617186 0.634764 0.615233 0.636718 0.615233 0.662111 0.617186 0.664061 0.617186 0.667969 0.621091 0.667969 0.623044 0.669923 0.648437 0.669923 0.648437 0.662111 0.650389 0.660157 0.650389 0.646484 0.652342 0.64453 0.652342 0.628906 0.654295 0.626952 0.654295 0.613282 0.656248 0.611328 0.656248 0.603516 0.654295 0.601563 0.654295 0.599609 0.652342 0.597655 0.638672 0.597655 0.63672 0.595705
0 0.009767 0.576173 0.009767 0.578124 0.007814 0.580077 0.007814 0.585939 0.009767 0.587889 0.009767 0.597655 0.007814 0.599609 0.007814 0.603516 0.009767 0.60547 0.011719 0.60547 0.015625 0.609375 0.019531 0.609375 0.021483 0.611328 0.025389 0.611328 0.027342 0.613282 0.029294 0.611328 0.089843 0.611328 0.093748 0.607421 0.095701 0.607421 0.097654 0.60547 0.097654 0.603516 0.099607 0.601563 0.099607 0.595705 0.101559 0.593751 0.101559 0.587889 0.099607 0.585939 0.099607 0.582031 0.097654 0.582031 0.095701 0.580077 0.093748 0.580077 0.091795 0.578124 0.089843 0.578124 0.08789 0.576173
0 0.320314 0.642579 0.318361 0.64453 0.314456 0.64453 0.312503 0.646484 0.310544 0.646484 0.308591 0.648437 0.304685 0.648437 0.304685 0.650391 0.302732 0.652345 0.302732 0.654295 0.30078 0.656249 0.30078 0.658203 0.298828 0.660157 0.298828 0.662111 0.30078 0.664061 0.30078 0.666015 0.306638 0.671876 0.306638 0.673827 0.308591 0.675781 0.341794 0.675781 0.343747 0.677734 0.376951 0.677734 0.378903 0.679688 0.380856 0.677734 0.380856 0.675781 0.382816 0.673827 0.382816 0.671876 0.384768 0.669923 0.384768 0.660157 0.382816 0.658203 0.382816 0.656249 0.380856 0.654295 0.380856 0.652345 0.371092 0.652345 0.36914 0.650391 0.359375 0.650391 0.357423 0.648437 0.3457 0.648437 0.343747 0.646484 0.333983 0.646484 0.33203 0.64453 0.322267 0.64453
0 0.308591 0.683593 0.304685 0.6875 0.302732 0.6875 0.30078 0.689454 0.30078 0.701173 0.298828 0.703124 0.298828 0.71289 0.304685 0.718751 0.363281 0.718751 0.365234 0.720702 0.367187 0.718751 0.371092 0.718751 0.373045 0.716797 0.374998 0.716797 0.376951 0.714843 0.380856 0.714843 0.380856 0.708985 0.382816 0.707032 0.382816 0.701173 0.380856 0.69922 0.380856 0.697266 0.378903 0.695312 0.378903 0.693358 0.374998 0.693358 0.373045 0.691408 0.36914 0.691408 0.367187 0.689454 0.363281 0.689454 0.361329 0.6875 0.335936 0.6875 0.333983 0.685546 0.310544 0.685546