0 0.224607 0.257811 0.224607 0.267579 0.226562 0.265624 0.234374 0.265624 0.236329 0.26367 0.24414 0.26367 0.24414 0.257811
0 0.734373 0.578125 0.734373 0.58008 0.732422 0.582029 0.732422 0.583984 0.730467 0.585938 0.730467 0.587893 0.728517 0.589843 0.728517 0.591797 0.732422 0.591797 0.734373 0.593752 0.736328 0.591797 0.736328 0.589843 0.738284 0.587893 0.738284 0.585938 0.740234 0.583984 0.740234 0.582029 0.742189 0.58008 0.736328 0.58008
0 0.123049 0.500002 0.121094 0.501952 0.107421 0.501952 0.107421 0.503907 0.109376 0.505861 0.109376 0.509765 0.111327 0.507811 0.124999 0.507811 0.124999 0.505861 0.123049 0.503907
0 0.173828 0.406248 0.173828 0.41992 0.179689 0.41992 0.181639 0.421875 0.181639 0.416016 0.179689 0.414062 0.179689 0.406248
0 0.601564 0.888671 0.601564 0.890626 0.599609 0.89258 0.599609 0.89453 0.597659 0.896484 0.597659 0.898439 0.595703 0.900389 0.597659 0.900389 0.601564 0.904298 0.603514 0.904298 0.60547 0.906252 0.60547 0.904298 0.60742 0.902343 0.60742 0.898439 0.609375 0.896484 0.609375 0.89453 0.611326 0.89258 0.611326 0.890626 0.603514 0.890626
0 0.453123 0.513674 0.453123 0.517578 0.451172 0.519533 0.451172 0.523437 0.466795 0.523437 0.466795 0.515624 0.455078 0.515624
0 0.558591 0.523437 0.558591 0.525392 0.556641 0.527341 0.556641 0.529296 0.562502 0.529296 0.564453 0.53125 0.568358 0.53125 0.570313 0.533205 0.570313 0.53125 0.572264 0.529296 0.572264 0.527341 0.566408 0.527341 0.564453 0.525392 0.560546 0.525392
0 0.611326 0.824221 0.611326 0.82617 0.609375 0.828125 0.609375 0.832029 0.60742 0.833983 0.60742 0.835938 0.609375 0.835938 0.611326 0.837893 0.613281 0.835938 0.613281 0.833983 0.617187 0.830079 0.617187 0.828125 0.619143 0.82617 0.613281 0.82617
0 0.843752 0.583984 0.843752 0.585938 0.841797 0.587893 0.841797 0.589843 0.847658 0.589843 0.849608 0.591797 0.853514 0.591797 0.855469 0.593752 0.855469 0.591797 0.857419 0.589843 0.857419 0.587893 0.851563 0.587893 0.849608 0.585938 0.845703 0.585938
0 0.214845 0.281251 0.21289 0.283205 0.203123 0.283205 0.201173 0.285155 0.189451 0.285155 0.189451 0.28711 0.191406 0.289064 0.191406 0.291014 0.193361 0.292968 0.193361 0.294923 0.195312 0.292968 0.201173 0.292968 0.203123 0.291014 0.208984 0.291014 0.210939 0.289064 0.216795 0.289064 0.216795 0.28711 0.214845 0.285155
0 0.023436 0.087889 0.021486 0.089843 0.015625 0.089843 0.013669 0.091798 0.007813 0.091798 0.007813 0.097657 0.023436 0.097657
0 0.835936 0 0.835936 0 0.833986 0 0.833986 0 0.83203 0.001953 0.83203 0.003907 0.83008 0.005857 0.83008 0.007812 0.83203 0.007812 0.833986 0.009766 0.835936 0.009766 0.837891 0.011721 0.837891 0.009766 0.839841 0.007812 0.839841 0.005857 0.841797 0.003907 0.841797 0.001953 0.843752 0 0.841797 0 0.839841 0
0 0.953127 0.57617 0.949221 0.58008 0.951171 0.58008 0.953127 0.582029 0.957032 0.582029 0.958982 0.583984 0.960938 0.583984 0.962888 0.585938 0.962888 0.583984 0.964844 0.582029 0.964844 0.58008 0.960938 0.58008 0.958982 0.578125 0.955077 0.578125
0 0.283203 0.51172 0.283203 0.517578 0.298831 0.517578 0.298831 0.51172
0 0.652343 0.515624 0.652343 0.521483 0.658204 0.521483 0.660154 0.523437 0.666016 0.523437 0.667971 0.525392 0.667971 0.519533 0.66211 0.519533 0.660154 0.517578 0.654298 0.517578
0 0.730467 0.607424 0.730467 0.609373 0.728517 0.611328 0.728517 0.613282 0.726561 0.615237 0.726561 0.617186 0.728517 0.617186 0.732422 0.621096 0.732422 0.619141 0.734373 0.617186 0.734373 0.615237 0.736328 0.613282 0.736328 0.611328 0.738284 0.609373 0.732422 0.609373
0 0.595703 0.503907 0.595703 0.505861 0.593748 0.507811 0.593748 0.509765 0.60742 0.509765 0.609375 0.51172 0.609375 0.505861 0.597659 0.505861
0 0.162111 0.33203 0.162111 0.339843 0.164061 0.337888 0.175783 0.337888 0.175783 0.33203
0 0.201173 0.484376 0.201173 0.490234 0.214845 0.490234 0.214845 0.48828 0.21289 0.48633 0.21289 0.484376
0 0.740234 0.226563 0.738284 0.228518 0.738284 0.230467 0.736328 0.232422 0.736328 0.234376 0.734373 0.236326 0.738284 0.240235 0.742189 0.236326 0.742189 0.234376 0.746095 0.230467 0.744139 0.230467
0 0.193361 0.414062 0.193361 0.421875 0.21289 0.421875 0.21289 0.41992 0.210939 0.417971 0.210939 0.414062
0 0.874998 0.435547 0.874998 0.437501 0.873047 0.439451 0.873047 0.441405 0.871092 0.44336 0.871092 0.445315 0.873047 0.445315 0.874998 0.447264 0.874998 0.445315 0.876953 0.44336 0.876953 0.441405 0.878908 0.439451 0.878908 0.437501 0.876953 0.437501
0 0 0.074217 0 0.076171 0 0.076171 0 0.078126 0 0.080081 0 0.083985 0 0.085939 0 0.087889 0 0.085939 0.000002 0.085939 0.000002 0.083985 0 0.08203 0 0.078126 0 0.076171
0 0.589842 0.96289 0.589842 0.966799 0.587892 0.968748 0.587892 0.972658 0.593748 0.972658 0.593748 0.964844 0.591797 0.964844
0 0.224607 0.505861 0.224607 0.509765 0.222657 0.51172 0.222657 0.513674 0.240235 0.513674 0.240235 0.505861
0 0.166017 0.406248 0.166017 0.41992 0.171873 0.41992 0.171873 0.406248
0 0.792968 0.529296 0.791018 0.53125 0.791018 0.533205 0.789062 0.535155 0.794923 0.535155 0.796874 0.537109 0.802735 0.537109 0.804685 0.539064 0.804685 0.533205 0.80078 0.533205 0.798829 0.53125 0.794923 0.53125
0 0.240235 0.394531 0.240235 0.39844 0.238279 0.400389 0.238279 0.402344 0.248046 0.402344 0.250001 0.404299 0.250001 0.402344 0.251952 0.400389 0.250001 0.400389 0.248046 0.39844 0.246096 0.39844 0.24414 0.396485 0.242185 0.396485
0 0.642576 0.812498 0.642576 0.814453 0.640626 0.816407 0.640626 0.822266 0.63867 0.824221 0.63867 0.82617 0.640626 0.82617 0.642576 0.828125 0.644532 0.828125 0.646482 0.830079 0.646482 0.828125 0.648438 0.82617 0.648438 0.824221 0.650393 0.822266 0.650393 0.820311 0.652343 0.818362 0.652343 0.816407 0.648438 0.816407 0.646482 0.814453 0.644532 0.814453
0 0.1875 0.503907 0.1875 0.509765 0.201173 0.509765 0.201173 0.505861 0.189451 0.505861
0 0.49414 0.48633 0.49414 0.490234 0.492189 0.492189 0.492189 0.494139 0.507812 0.494139 0.509768 0.496093 0.509768 0.494139 0.511718 0.492189 0.511718 0.490234 0.503907 0.490234 0.501951 0.48828 0.496095 0.48828
0 0.539063 0.492189 0.539063 0.494139 0.537107 0.496093 0.537107 0.498048 0.55078 0.498048 0.552735 0.500002 0.552735 0.498048 0.554686 0.496093 0.554686 0.494139 0.541013 0.494139
0 0.621092 0.874999 0.621092 0.876954 0.619143 0.878908 0.619143 0.882812 0.617187 0.884767 0.617187 0.886717 0.623048 0.886717 0.624998 0.888671 0.624998 0.882812 0.626954 0.880858 0.626954 0.876954 0.623048 0.876954
0 0.201173 0.386718 0.201173 0.388672 0.203123 0.390627 0.203123 0.394531 0.216795 0.394531 0.218751 0.396485 0.218751 0.394531 0.220701 0.392576 0.220701 0.390627 0.21289 0.390627 0.210939 0.388672 0.203123 0.388672
0 0.226562 0.468749 0.226562 0.470704 0.228518 0.472659 0.228518 0.474608 0.24414 0.474608 0.24414 0.472659 0.242185 0.470704 0.242185 0.468749
0 0.509768 0.498048 0.509768 0.500002 0.507812 0.501952 0.507812 0.503907 0.521485 0.503907 0.523435 0.505861 0.523435 0.503907 0.52539 0.501952 0.52539 0.500002 0.511718 0.500002
0 0.677732 0.734375 0.677732 0.73633 0.675782 0.73828 0.675782 0.744138 0.673827 0.746093 0.673827 0.748047 0.677732 0.748047 0.679688 0.750002 0.679688 0.748047 0.681638 0.746093 0.681638 0.742189 0.683594 0.740234 0.683594 0.73828 0.681638 0.73828
0 0.177733 0.339843 0.175783 0.341797 0.162111 0.341797 0.162111 0.347656 0.175783 0.347656 0.175783 0.343752 0.177733 0.341797
0 0.798829 0.421875 0.798829 0.427733 0.796874 0.429688 0.796874 0.433592 0.798829 0.433592 0.80078 0.435547 0.80078 0.433592 0.802735 0.431643 0.802735 0.425779 0.804685 0.423829 0.804685 0.421875
0 0.712889 0.548827 0.712889 0.55664 0.71875 0.55664 0.720706 0.558594 0.726561 0.558594 0.728517 0.560549 0.728517 0.552736 0.722656 0.552736 0.720706 0.550781 0.714844 0.550781
0 0.523435 0.482421 0.523435 0.48828 0.535157 0.48828 0.537107 0.490234 0.539063 0.48828 0.539063 0.48633 0.541013 0.484376 0.52539 0.484376
0 0.863281 0.457032 0.863281 0.458986 0.86133 0.460936 0.86133 0.462891 0.859375 0.464845 0.859375 0.466795 0.857419 0.468749 0.857419 0.470704 0.863281 0.470704 0.865236 0.472659 0.865236 0.470704 0.867187 0.468749 0.867187 0.466795 0.869142 0.464845 0.869142 0.462891 0.871092 0.460936 0.869142 0.460936 0.867187 0.458986 0.865236 0.458986
0 0.255857 0.369141 0.255857 0.371096 0.253907 0.373046 0.253907 0.375 0.251952 0.376955 0.255857 0.380859 0.257813 0.378904 0.257813 0.376955 0.261718 0.373046 0.259763 0.373046
0 0.726561 0.236326 0.726561 0.23828 0.724611 0.240235 0.724611 0.244139 0.722656 0.246094 0.722656 0.248048 0.728517 0.248048 0.730467 0.249998 0.730467 0.244139 0.732422 0.24219 0.732422 0.23828 0.728517 0.23828
0 0.396482 0.474608 0.396482 0.482421 0.416016 0.482421 0.416016 0.474608
3 0.726561 0.57617 0.726561 0.578125 0.724611 0.58008 0.724611 0.582029 0.722656 0.583984 0.722656 0.585938 0.720706 0.587893 0.720706 0.591797 0.71875 0.593752 0.71875 0.595701 0.716794 0.597656 0.716794 0.59961 0.714844 0.601565 0.714844 0.605469 0.712889 0.607424 0.712889 0.609373 0.710938 0.611328 0.710938 0.615237 0.708983 0.617186 0.708983 0.619141 0.707033 0.621096 0.707033 0.623045 0.705078 0.625 0.705078 0.628904 0.703127 0.630858 0.703127 0.632813 0.701172 0.634768 0.701172 0.636717 0.699216 0.638672 0.699216 0.642576 0.697266 0.64453 0.697266 0.646485 0.695311 0.64844 0.695311 0.650389 0.69336 0.652344 0.69336 0.656248 0.691405 0.658202 0.691405 0.660157 0.689455 0.662112 0.689455 0.666016 0.6875 0.66797 0.6875 0.66992 0.685549 0.671874 0.685549 0.673829 0.683594 0.675783 0.683594 0.679688 0.681638 0.681642 0.681638 0.683592 0.679688 0.685546 0.679688 0.687501 0.677732 0.689456 0.677732 0.693359 0.675782 0.695314 0.675782 0.697264 0.673827 0.699218 0.673827 0.701173 0.671876 0.703127 0.671876 0.707031 0.669921 0.708986 0.669921 0.710936 0.667971 0.71289 0.667971 0.716799 0.666016 0.718749 0.666016 0.720703 0.66406 0.722658 0.66406 0.724608 0.66211 0.726562 0.66211 0.730466 0.660154 0.732421 0.660154 0.734375 0.658204 0.73633 0.658204 0.73828 0.656249 0.740234 0.656249 0.742189 0.660154 0.742189 0.66211 0.744138 0.66406 0.744138 0.666016 0.746093 0.669921 0.746093 0.671876 0.748047 0.671876 0.746093 0.673827 0.744138 0.673827 0.73828 0.675782 0.73633 0.675782 0.734375 0.677732 0.732421 0.681638 0.73633 0.683594 0.73633 0.685549 0.73828 0.685549 0.740234 0.683594 0.742189 0.683594 0.746093 0.681638 0.748047 0.681638 0.751951 0.683594 0.751951 0.685549 0.753906 0.685549 0.751951 0.6875 0.750002 0.6875 0.748047 0.689455 0.746093 0.689455 0.744138 0.691405 0.742189 0.691405 0.73828 0.69336 0.73633 0.69336 0.734375 0.695311 0.732421 0.695311 0.730466 0.697266 0.728517 0.697266 0.724608 0.699216 0.722658 0.699216 0.720703 0.701172 0.718749 0.701172 0.716799 0.703127 0.714845 0.703127 0.710936 0.705078 0.708986 0.705078 0.707031 0.707033 0.705077 0.707033 0.701173 0.708983 0.699218 0.708983 0.697264 0.710938 0.695314 0.710938 0.693359 0.712889 0.691405 0.712889 0.687501 0.714844 0.685546 0.714844 0.683592 0.716794 0.681642 0.716794 0.679688 0.71875 0.677733 0.71875 0.673829 0.720706 0.671874 0.720706 0.66992 0.722656 0.66797 0.722656 0.666016 0.724611 0.664061 0.724611 0.660157 0.726561 0.658202 0.726561 0.656248 0.728517 0.654298 0.728517 0.652344 0.730467 0.650389 0.730467 0.646485 0.732422 0.64453 0.732422 0.642576 0.734373 0.640626 0.734373 0.638672 0.736328 0.636717 0.736328 0.632813 0.738284 0.630858 0.738284 0.628904 0.740234 0.626954 0.740234 0.623045 0.742189 0.621096 0.742189 0.619141 0.744139 0.617186 0.744139 0.615237 0.746095 0.613282 0.746095 0.609373 0.748045 0.607424 0.748045 0.605469 0.75 0.603514 0.75 0.601565 0.751951 0.59961 0.751951 0.595701 0.753906 0.593752 0.753906 0.591797 0.755862 0.589843 0.755862 0.587893 0.757812 0.585938 0.757812 0.583984 0.751951 0.583984 0.75 0.582029 0.742189 0.582029 0.742189 0.583984 0.740234 0.585938 0.740234 0.587893 0.738284 0.589843 0.738284 0.591797 0.734373 0.595701 0.732422 0.593752 0.728517 0.593752 0.726561 0.591797 0.726561 0.589843 0.728517 0.587893 0.728517 0.585938 0.730467 0.583984 0.730467 0.582029 0.732422 0.58008 0.732422 0.578125 0.728517 0.578125
0 0.66406 0.746093 0.66406 0.748047 0.66211 0.750002 0.66211 0.753906 0.660154 0.755861 0.660154 0.759765 0.658204 0.761719 0.658204 0.763674 0.660154 0.763674 0.66211 0.765624 0.66406 0.765624 0.666016 0.767578 0.667971 0.765624 0.667971 0.763674 0.669921 0.761719 0.669921 0.759765 0.671876 0.75781 0.671876 0.755861 0.673827 0.753906 0.673827 0.751951 0.675782 0.750002 0.671876 0.750002 0.669921 0.748047 0.666016 0.748047
0 0.248046 0.378904 0.242185 0.384768 0.24414 0.384768 0.248046 0.388672 0.250001 0.388672 0.253907 0.392576 0.253907 0.386718 0.250001 0.382813 0.250001 0.380859
0 0.904298 0.560549 0.902343 0.562499 0.902343 0.564453 0.900393 0.566408 0.904298 0.566408 0.906248 0.568357 0.912109 0.568357 0.914065 0.570312 0.917971 0.570312 0.919921 0.572266 0.921876 0.570312 0.921876 0.568357 0.923826 0.566408 0.919921 0.566408 0.917971 0.564453 0.912109 0.564453 0.910154 0.562499 0.906248 0.562499
0 0.181639 0.408203 0.181639 0.412107 0.183595 0.414062 0.183595 0.41992 0.1875 0.41992 0.1875 0.408203
0 0.716794 0.619141 0.716794 0.621096 0.714844 0.623045 0.714844 0.625 0.712889 0.626954 0.712889 0.628904 0.710938 0.630858 0.710938 0.632813 0.71875 0.632813 0.720706 0.634768 0.720706 0.632813 0.722656 0.630858 0.722656 0.626954 0.724611 0.625 0.724611 0.623045 0.722656 0.623045 0.720706 0.621096 0.71875 0.621096