0 0.183598 0.009768 0.181638 0.011721 0.179686 0.011721 0.177734 0.01367 0.177734 0.029296 0.179686 0.03125 0.18555 0.03125 0.187502 0.029296 0.187502 0.01367
0 0.976562 0.515622 0.97461 0.517576 0.97461 0.519531 0.972657 0.521484 0.97461 0.523438 0.97461 0.525392 0.980466 0.531249 0.980466 0.533203 0.982426 0.535157 0.990234 0.535157 0.990234 0.533203 0.992186 0.531249 0.992186 0.529295 0.98633 0.523438 0.98633 0.521484 0.980466 0.515622
0 0.025394 0.23633 0.025394 0.238284 0.023434 0.240232 0.023434 0.24414 0.021482 0.246094 0.021482 0.248048 0.01953 0.250002 0.01953 0.255859 0.021482 0.257813 0.021482 0.259767 0.027346 0.259767 0.027346 0.257813 0.029298 0.255859 0.029298 0.253905 0.03125 0.251951 0.03125 0.250002 0.033202 0.248048 0.033202 0.246094 0.035154 0.24414 0.035154 0.238284 0.033202 0.23633
0 0.105468 0.001951 0.105468 0.003905 0.103516 0.005859 0.103516 0.01367 0.101564 0.015624 0.101564 0.021486 0.103516 0.02344 0.105468 0.02344 0.10742 0.025388 0.111332 0.025388 0.113284 0.02344 0.113284 0.005859 0.115236 0.003905 0.113284 0.003905 0.111332 0.001951
0 0.990234 0.417968 0.988282 0.419921 0.988282 0.425783 0.992186 0.429686 0.992186 0.43164 0.99609 0.435548 0.99805 0.435548 1 0.43164 1 0.427732 0.99805 0.423829 0.99805 0.421875 0.994138 0.417968
0 0.216798 0.015624 0.216798 0.037112 0.218751 0.039061 0.222655 0.039061 0.224607 0.037112 0.226559 0.037112 0.226559 0.019532 0.224607 0.017578 0.222655 0.017578 0.220703 0.015624
0 0.005857 0.212893 0.003905 0.214842 0.001953 0.214842 0.001953 0.216796 0.000001 0.21875 0.000001 0.222658 0 0.224612 0 0.230468 0.000001 0.232422 0.005857 0.232422 0.005857 0.230468 0.00781 0.228514 0.00781 0.22656 0.009769 0.224612 0.009769 0.222658 0.011721 0.220703 0.011721 0.214842 0.009769 0.212893
0 0.00781 0.11133 0.005857 0.113279 0.005857 0.136721 0.00781 0.13867 0.013673 0.13867 0.013673 0.136721 0.015625 0.134767 0.015625 0.113279 0.013673 0.113279 0.011721 0.11133
0 0.117188 0.001951 0.117188 0.003905 0.115236 0.005859 0.115236 0.02344 0.117188 0.025388 0.11914 0.025388 0.121092 0.027342 0.123044 0.025388 0.124996 0.025388 0.123044 0.02344 0.123044 0.001951
2 0.365234 0.527346 0.365234 0.531249 0.363282 0.533203 0.363282 0.542967 0.36133 0.544921 0.36133 0.552737 0.359378 0.554686 0.359378 0.564455 0.357418 0.566404 0.357418 0.57422 0.355466 0.576174 0.355466 0.585938 0.353514 0.587892 0.353514 0.595703 0.351562 0.597656 0.351562 0.605467 0.34961 0.607421 0.34961 0.617185 0.347658 0.619139 0.347658 0.626955 0.345706 0.628904 0.345706 0.638674 0.343754 0.640628 0.343754 0.648438 0.341794 0.650392 0.341794 0.656249 0.339842 0.658202 0.339842 0.666018 0.341794 0.667967 0.341794 0.671875 0.343754 0.671875 0.347658 0.675783 0.34961 0.675783 0.353514 0.679685 0.357418 0.679685 0.359378 0.681639 0.36133 0.681639 0.363282 0.683593 0.369138 0.683593 0.371091 0.685547 0.375002 0.685547 0.376954 0.687501 0.382811 0.687501 0.384763 0.689455 0.388675 0.689455 0.390627 0.691404 0.396483 0.691404 0.398435 0.693357 0.404299 0.693357 0.406251 0.695312 0.410156 0.695312 0.412108 0.697265 0.417971 0.697265 0.419924 0.69922 0.423828 0.69922 0.42578 0.701174 0.431644 0.701174 0.433596 0.703127 0.4375 0.703127 0.439452 0.705076 0.445316 0.705076 0.447268 0.70703 0.453125 0.70703 0.455077 0.708984 0.458981 0.708984 0.46094 0.710938 0.466797 0.710938 0.468749 0.712892 0.472653 0.712892 0.474613 0.714846 0.480469 0.714846 0.482421 0.716794 0.482421 0.712892 0.484373 0.710938 0.484373 0.705076 0.486326 0.703127 0.486326 0.695312 0.488278 0.693357 0.488278 0.685547 0.490237 0.683593 0.490237 0.677737 0.492189 0.675783 0.492189 0.667967 0.494141 0.666018 0.494141 0.660156 0.496094 0.658202 0.496094 0.650392 0.498046 0.648438 0.498046 0.640628 0.499998 0.638674 0.499998 0.632812 0.50195 0.630858 0.50195 0.623047 0.50391 0.621093 0.50391 0.615237 0.505862 0.613283 0.505862 0.605467 0.507814 0.603513 0.507814 0.597656 0.509766 0.595703 0.509766 0.587892 0.511718 0.585938 0.511718 0.578122 0.51367 0.576174 0.51367 0.570312 0.515622 0.568358 0.515622 0.564455 0.51367 0.562501 0.51367 0.560547 0.507814 0.560547 0.505862 0.558594 0.498046 0.558594 0.496094 0.55664 0.490237 0.55664 0.488278 0.554686 0.480469 0.554686 0.478517 0.552737 0.472653 0.552737 0.470701 0.550783 0.462893 0.550783 0.46094 0.548829 0.455077 0.548829 0.453125 0.546875 0.445316 0.546875 0.443356 0.544921 0.4375 0.544921 0.435548 0.542967 0.427732 0.542967 0.42578 0.541013 0.419924 0.541013 0.417971 0.539065 0.410156 0.539065 0.408203 0.537111 0.402347 0.537111 0.400387 0.535157 0.392579 0.535157 0.390627 0.533203 0.384763 0.533203 0.382811 0.531249 0.375002 0.531249 0.37305 0.529295 0.367186 0.529295
0 0.04297 0.035158 0.041018 0.037112 0.039066 0.037112 0.039066 0.044923 0.041018 0.044923 0.04297 0.046876 0.046874 0.046876 0.048826 0.048831 0.050779 0.048831 0.052731 0.050779 0.058595 0.050779 0.058595 0.046876 0.060547 0.044923 0.058595 0.042969 0.058595 0.041014 0.052731 0.041014 0.050779 0.039061 0.046874 0.039061
0 0.978514 0.500002 0.978514 0.501956 0.976562 0.503904 0.976562 0.509766 0.98633 0.519531 0.988282 0.519531 0.990234 0.521484 0.992186 0.519531 0.994138 0.519531 0.994138 0.517576 0.99609 0.515622 0.992186 0.51172 0.992186 0.509766 0.982426 0.500002
0 0.242191 0.021486 0.238279 0.025388 0.238279 0.041014 0.240231 0.042969 0.240231 0.044923 0.242191 0.044923 0.244143 0.042969 0.246095 0.042969 0.246095 0.035158 0.248047 0.033204 0.248047 0.025388 0.244143 0.021486
0 0.98633 0.433594 0.98633 0.437502 0.988282 0.439456 0.988282 0.441404 0.990234 0.443358 0.990234 0.445312 0.992186 0.447266 0.992186 0.44922 0.994138 0.451174 0.99609 0.451174 0.99805 0.453123 1 0.451174 1 0.451174 1 0.44922 1 0.447266 1 0.445312 0.99609 0.441404 0.99609 0.439456 0.994138 0.437502 0.994138 0.435548 0.992186 0.433594
0 0.076171 0.064451 0.074219 0.066406 0.074219 0.070313 0.076171 0.072267 0.076171 0.078124 0.078123 0.080078 0.078123 0.082032 0.085939 0.082032 0.085939 0.080078 0.087891 0.078124 0.087891 0.076169 0.085939 0.074221 0.085939 0.072267 0.083987 0.070313 0.083987 0.068359 0.082035 0.066406 0.082035 0.064451
0 0.097659 0 0.093748 0.001951 0.093748 0.007813 0.091796 0.009768 0.091796 0.015624 0.093748 0.017578 0.093748 0.019532 0.0957 0.019532 0.097659 0.021486 0.099611 0.021486 0.099611 0.015624 0.101564 0.01367 0.101564 0.005859 0.103516 0.003905 0.103516 0 0.101564 0 0.099611 0
0 0.972657 0.533203 0.970706 0.535157 0.970706 0.539065 0.976562 0.544921 0.976562 0.546875 0.982426 0.552737 0.984378 0.552737 0.98633 0.550783 0.988282 0.550783 0.988282 0.546875 0.982426 0.541013 0.982426 0.539065 0.976562 0.533203
0 0.984378 0.466795 0.980466 0.470703 0.980466 0.474611 0.992186 0.486329 0.99805 0.486329 0.99805 0.482421 0.99609 0.480467 0.99609 0.478513 0.992186 0.474611 0.992186 0.472657 0.988282 0.468749 0.988282 0.466795
0 0.99805 0.406249 0.99609 0.408203 0.994138 0.408203 0.994138 0.414065 1 0.419921 1 0.421875 1 0.425783 1 0.425783 1 0.427732 1 0.425783 1 0.423829 1 0.421875 1 0.419921
0 0.98633 0.451174 0.984378 0.453123 0.982426 0.453123 0.982426 0.457031 0.984378 0.458984 0.984378 0.460939 0.990234 0.466795 0.990234 0.468749 0.992186 0.470703 0.994138 0.470703 0.99609 0.472657 0.99805 0.470703 0.99805 0.468749 1 0.466795 0.99805 0.464846 0.99805 0.462893 0.994138 0.458984 0.994138 0.457031 0.992186 0.455076 0.992186 0.453123 0.990234 0.451174
0 0.126956 0.003905 0.124996 0.005859 0.124996 0.02344 0.126956 0.025388 0.128908 0.025388 0.13086 0.027342 0.132812 0.025388 0.134765 0.025388 0.134765 0.007813 0.132812 0.005859 0.132812 0.003905
0 0.861327 0.464846 0.859375 0.466795 0.857423 0.466795 0.857423 0.476565 0.855471 0.478513 0.855471 0.486329 0.857423 0.488283 0.857423 0.490232 0.861327 0.490232 0.863279 0.488283 0.865231 0.488283 0.865231 0.478513 0.867191 0.476565 0.867191 0.468749 0.865231 0.466795 0.865231 0.464846
1 0.878903 0.373048 0.876951 0.375002 0.874999 0.375002 0.874999 0.376951 0.873047 0.378905 0.873047 0.380858 0.871095 0.382812 0.871095 0.394531 0.869143 0.396485 0.869143 0.408203 0.880863 0.408203 0.880863 0.400393 0.882815 0.398438 0.882815 0.384766 0.884767 0.382812 0.884767 0.373048
0 0.97461 0.548829 0.972657 0.550783 0.970706 0.550783 0.966794 0.554686 0.968753 0.55664 0.968753 0.558594 0.970706 0.560547 0.972657 0.560547 0.978514 0.566404 0.980466 0.566404 0.982426 0.568358 0.984378 0.568358 0.984378 0.566404 0.98633 0.564455 0.98633 0.562501 0.980466 0.55664 0.980466 0.554686
0 0.982426 0.484375 0.980466 0.486329 0.980466 0.488283 0.978514 0.490232 0.980466 0.492186 0.980466 0.49414 0.984378 0.498048 0.984378 0.500002 0.98633 0.501956 0.990234 0.501956 0.992186 0.500002 0.994138 0.500002 0.994138 0.496094 0.988282 0.490232 0.988282 0.488283 0.984378 0.484375