0 0.769534 0.246093 0.767581 0.248044 0.765627 0.248044 0.765627 0.253904 0.767581 0.255861 0.767581 0.263672 0.773441 0.263672 0.775394 0.261721 0.775394 0.255861 0.773441 0.253904 0.773441 0.246093
0 0.515629 0.931641 0.513676 0.933592 0.515629 0.93555 0.515629 0.937501 0.527349 0.937501 0.529303 0.939452 0.529303 0.931641
0 0.361331 0.189455 0.361331 0.193357 0.359378 0.195314 0.361331 0.197265 0.363285 0.197265 0.367191 0.201174 0.369144 0.201174 0.373051 0.205076 0.378911 0.205076 0.378911 0.201174 0.375004 0.197265 0.373051 0.197265 0.365238 0.189455
0 0.880859 0.248044 0.878906 0.250001 0.876953 0.250001 0.876953 0.263672 0.878906 0.265623 0.882812 0.265623 0.884766 0.263672 0.886719 0.263672 0.886719 0.257812 0.884766 0.255861 0.884766 0.248044
0 0.783207 0.246093 0.783207 0.261721 0.785161 0.263672 0.792974 0.263672 0.792974 0.257812 0.79102 0.255861 0.79102 0.246093
0 0.958979 0.914062 0.957026 0.916013 0.957026 0.919922 0.960932 0.923831 0.960932 0.925781 0.964839 0.92969 0.968745 0.92969 0.970698 0.927732 0.970698 0.925781 0.972652 0.923831 0.964839 0.916013 0.962885 0.916013 0.960932 0.914062
0 0.517583 0.953122 0.517583 0.95508 0.515629 0.957031 0.529303 0.957031 0.531256 0.95508 0.529303 0.953122
0 0.929692 0.95508 0.919926 0.964841 0.921879 0.966799 0.921879 0.96875 0.927739 0.96875 0.937505 0.958982 0.935552 0.957031 0.935552 0.95508
0 0.667974 0.810547 0.666021 0.812498 0.666021 0.814456 0.664068 0.816407 0.667974 0.820315 0.667974 0.822266 0.671881 0.826175 0.677729 0.826175 0.679682 0.824217 0.673821 0.818358 0.673821 0.816407
0 0.953119 0.919922 0.945319 0.927732 0.945319 0.92969 0.947272 0.931641 0.947272 0.933592 0.951166 0.933592 0.958979 0.925781 0.958979 0.923831 0.955072 0.919922
0 0.765627 0.832034 0.765627 0.833986 0.763674 0.835937 0.763674 0.837888 0.767581 0.841796 0.769534 0.841796 0.775394 0.847656 0.777347 0.845705 0.781254 0.845705 0.781254 0.843747 0.779301 0.841796 0.779301 0.839845 0.771487 0.832034
0 0.919926 0.93555 0.914066 0.94141 0.912113 0.94141 0.910159 0.943361 0.910159 0.947262 0.912113 0.94922 0.912113 0.951171 0.916019 0.951171 0.921879 0.945312 0.923832 0.945312 0.925786 0.943361 0.925786 0.94141 0.927739 0.939452 0.927739 0.937501 0.925786 0.937501 0.923832 0.93555
0 0.927739 0.945312 0.921879 0.951171 0.919926 0.951171 0.916019 0.95508 0.914066 0.95508 0.914066 0.96289 0.919926 0.96289 0.925786 0.957031 0.925786 0.95508 0.931645 0.94922
0 0.742188 0.294921 0.742188 0.308591 0.744141 0.310549 0.746094 0.310549 0.748047 0.3125 0.75 0.3125 0.75 0.310549 0.751954 0.308591 0.751954 0.294921
0 0.753907 0.296872 0.753907 0.308591 0.75586 0.310549 0.759768 0.310549 0.761721 0.308591 0.761721 0.30664 0.759768 0.304689 0.759768 0.296872
0 0.689449 0.794919 0.687495 0.796877 0.685542 0.796877 0.685542 0.800779 0.683589 0.802736 0.687495 0.806638 0.687495 0.808596 0.689449 0.810547 0.695309 0.810547 0.697262 0.812498 0.697262 0.810547 0.699215 0.808596 0.697262 0.806638 0.697262 0.804688 0.695309 0.802736 0.695309 0.800779
0 0.652348 0.634765 0.648442 0.638674 0.646488 0.638674 0.642582 0.642576 0.640628 0.642576 0.640628 0.650393 0.642582 0.650393 0.644535 0.652344 0.646488 0.652344 0.654302 0.644533 0.656255 0.644533 0.660161 0.640625 0.658208 0.638674 0.658208 0.636716 0.656255 0.634765
0 0.947272 0.939452 0.933599 0.953122 0.935552 0.953122 0.937505 0.95508 0.937505 0.957031 0.941412 0.957031 0.953119 0.945312 0.951166 0.945312 0.947272 0.94141
1 0.85742 0.939452 0.85156 0.945312 0.867187 0.960939 0.867187 0.96289 0.880859 0.97656 0.882812 0.974609 0.884766 0.974609 0.884766 0.972658 0.886719 0.970701 0.882812 0.966799 0.882812 0.964841 0.873046 0.95508 0.873046 0.953122 0.865233 0.945312 0.865233 0.943361 0.861327 0.939452
1 1 0.132809 1 0.134767 0.992186 0.134767 0.990232 0.136718 0.990232 0.144529 1 0.144529 1 0.138669 1 0.136718
0 0.75586 0.697263 0.753907 0.699221 0.751954 0.699221 0.746094 0.705081 0.744141 0.705081 0.742188 0.707032 0.742188 0.708983 0.744141 0.71094 0.744141 0.712891 0.746094 0.714842 0.75 0.714842 0.753907 0.71094 0.753907 0.708983 0.757813 0.705081 0.757813 0.699221
1 0.597655 0.994139 0.595702 0.996097 0.593749 0.996097 0.593749 1 0.611329 1 0.615236 1 0.617189 1 0.617189 1 0.619143 1 0.601562 0.996097 0.599609 0.996097
0 0.949213 0.908203 0.943365 0.914062 0.941412 0.914062 0.939459 0.916013 0.939459 0.919922 0.941412 0.921873 0.941412 0.923831 0.943365 0.925781 0.947272 0.921873 0.949213 0.921873 0.953119 0.917971 0.955072 0.917971 0.955072 0.916013 0.957026 0.914062 0.955072 0.912112 0.955072 0.910154 0.953119 0.908203
0 0.906252 0.947262 0.900392 0.953122 0.898439 0.953122 0.896486 0.95508 0.896486 0.960939 0.898439 0.96289 0.902346 0.96289 0.908206 0.957031 0.910159 0.957031 0.912113 0.95508 0.912113 0.953122 0.910159 0.951171 0.910159 0.94922 0.908206 0.94922
0 0.83984 0.244142 0.835934 0.248044 0.835934 0.261721 0.837887 0.263672 0.841794 0.263672 0.843747 0.261721 0.8457 0.261721 0.8457 0.244142
0 0.753907 0.843747 0.751954 0.845705 0.751954 0.847656 0.75 0.849607 0.753907 0.853515 0.75586 0.853515 0.761721 0.859375 0.761721 0.857424 0.765627 0.853515 0.763674 0.851564 0.763674 0.849607 0.757813 0.843747
1 0.640628 0.882813 0.638675 0.884764 0.640628 0.886722 0.640628 0.888673 0.644535 0.892575 0.644535 0.894533 0.652348 0.902343 0.652348 0.904294 0.656255 0.908203 0.658208 0.906252 0.662115 0.906252 0.662115 0.904294 0.660161 0.902343 0.660161 0.900392 0.652348 0.892575 0.652348 0.890624 0.644535 0.882813
1 0.654302 0.742189 0.652348 0.74414 0.652348 0.746091 0.650395 0.748049 0.654302 0.751951 0.654302 0.753908 0.660161 0.759768 0.660161 0.761719 0.666021 0.767579 0.666021 0.76953 0.669928 0.773438 0.671881 0.771487 0.677729 0.771487 0.677729 0.76953 0.679682 0.767579 0.673821 0.761719 0.673821 0.759768 0.664068 0.75 0.664068 0.748049 0.658208 0.742189
0 0.935552 0.921873 0.931645 0.925781 0.929692 0.925781 0.927739 0.927732 0.927739 0.92969 0.925786 0.931641 0.925786 0.93555 0.927739 0.93555 0.929692 0.937501 0.935552 0.931641 0.937505 0.931641 0.939459 0.92969 0.939459 0.927732 0.941412 0.925781 0.939459 0.923831 0.939459 0.921873
0 0.708982 0.658204 0.697262 0.669923 0.699215 0.671874 0.699215 0.673825 0.703122 0.673825 0.705075 0.671874 0.707028 0.671874 0.712888 0.666014 0.714841 0.666014 0.716794 0.664063 0.714841 0.662112 0.714841 0.660155 0.712888 0.658204
0 0.943365 0.92969 0.941412 0.931641 0.939459 0.931641 0.937505 0.933592 0.935552 0.933592 0.935552 0.93555 0.931645 0.939452 0.931645 0.94141 0.929692 0.943361 0.929692 0.945312 0.933599 0.94922 0.931645 0.951171 0.937505 0.945312 0.939459 0.945312 0.947272 0.937501 0.947272 0.93555 0.945319 0.933592 0.945319 0.931641
0 0.554683 0.339847 0.55273 0.341798 0.55273 0.343749 0.550776 0.3457 0.55859 0.353517 0.56445 0.353517 0.566403 0.35156 0.566403 0.347657 0.55859 0.339847
0 0.783207 0.298829 0.783207 0.310549 0.785161 0.3125 0.789067 0.3125 0.789067 0.298829
0 0.517583 0.986329 0.517583 0.98828 0.515629 0.990237 0.515629 0.994139 0.533209 0.994139 0.533209 0.986329
0 0.824214 0.248044 0.82226 0.250001 0.820307 0.250001 0.820307 0.263672 0.82226 0.263672 0.824214 0.265623 0.828121 0.265623 0.828121 0.250001 0.826168 0.248044
0 0.517583 0.974609 0.517583 0.97656 0.515629 0.978518 0.517583 0.978518 0.519536 0.980469 0.527349 0.980469 0.529303 0.978518 0.531256 0.978518 0.529303 0.97656 0.529303 0.974609
0 0.517583 0.996097 0.515629 0.998048 0.517583 0.999999 0.517583 1 0.519536 0.999999 0.535151 0.999999 0.535151 0.996097
0 0.005856 0.265623 0.003902 0.267581 0 0.267581 0 0.269531 0 0.271483 0 0.27344 0 0.27344 0 0.275391 0 0.27344 0.001949 0.27344 0.003902 0.271483 0.007809 0.271483 0.007809 0.269531 0.005856 0.267581
1 0.599609 0.828126 0.597655 0.830077 0.595702 0.830077 0.595702 0.832034 0.593749 0.833986 0.593749 0.835937 0.603515 0.845705 0.603515 0.847656 0.611329 0.855466 0.615236 0.851564 0.617189 0.851564 0.615236 0.849607 0.615236 0.847656 0.613283 0.845705 0.613283 0.843747 0.609376 0.839845 0.609376 0.837888 0.607422 0.835937 0.607422 0.833986 0.605469 0.832034 0.605469 0.830077 0.603515 0.828126
0 0.515629 0.910154 0.515629 0.927732 0.517583 0.927732 0.519536 0.92969 0.523443 0.92969 0.523443 0.912112 0.521489 0.910154
0 0.806646 0.294921 0.804693 0.296872 0.800786 0.296872 0.800786 0.3125 0.804693 0.316408 0.806646 0.314451 0.8086 0.314451 0.8086 0.296872
0 0.958979 0.927732 0.949213 0.937501 0.949213 0.94141 0.951166 0.943361 0.957026 0.943361 0.960932 0.939452 0.960932 0.937501 0.964839 0.933592 0.964839 0.931641 0.960932 0.927732
0 0.767581 0.294921 0.765627 0.296872 0.761721 0.296872 0.761721 0.302732 0.763674 0.304689 0.763674 0.3125 0.769534 0.3125 0.771487 0.310549 0.771487 0.296872 0.769534 0.296872
1 0.609376 0.753908 0.607422 0.75586 0.607422 0.757811 0.603515 0.761719 0.605469 0.76367 0.605469 0.771487 0.625002 0.791017 0.628909 0.791017 0.634768 0.785158 0.634768 0.781249 0.625002 0.771487 0.625002 0.76953 0.617189 0.761719 0.615236 0.761719 0.611329 0.757811 0.611329 0.753908
0 0.775394 0.994139 0.773441 0.996097 0.773441 0.998048 0.771487 0.999999 0.771487 1 0.775394 1 0.775394 1 0.779301 1 0.785161 1 0.785161 1 0.787114 1 0.785161 1 0.785161 1
1 0.730468 0.94922 0.730468 0.951171 0.728514 0.953122 0.728514 0.95508 0.734374 0.960939 0.734374 0.96289 0.740234 0.96875 0.742188 0.96875 0.744141 0.970701 0.748047 0.966799 0.744141 0.96289 0.744141 0.960939 0.738281 0.95508 0.738281 0.953122 0.734374 0.94922
0 0.566403 0.921873 0.566403 0.925781 0.56445 0.927732 0.56445 0.92969 0.568356 0.933592 0.57031 0.933592 0.578123 0.94141 0.583982 0.94141 0.583982 0.937501 0.582029 0.93555 0.582029 0.933592 0.578123 0.92969 0.578123 0.927732 0.574216 0.923831 0.572263 0.923831 0.57031 0.921873