0 0.027343 0.880861 0.025392 0.88281 0.02344 0.88281 0.02344 0.884768 0.021481 0.886716 0.021481 0.892579 0.02344 0.894527 0.035158 0.894527 0.037109 0.896486 0.048827 0.896486 0.050778 0.898434 0.052738 0.896486 0.05469 0.896486 0.056641 0.894527 0.056641 0.888674 0.050778 0.88281 0.037109 0.88281 0.035158 0.880861
9 0.224606 0.074214 0.224606 0.076172 0.226566 0.07812 0.226566 0.080078 0.228517 0.082026 0.228517 0.085942 0.230469 0.08789 0.230469 0.089849 0.23242 0.091797 0.23242 0.093755 0.234372 0.095702 0.234372 0.09766 0.236332 0.099608 0.236332 0.101566 0.238283 0.103515 0.238283 0.105473 0.240235 0.107421 0.240235 0.111326 0.242186 0.113284 0.242186 0.119139 0.244138 0.121097 0.244138 0.125003 0.246098 0.12695 0.246098 0.128908 0.251952 0.134763 0.251952 0.136721 0.257815 0.142574 0.257815 0.144533 0.259767 0.146481 0.261718 0.146481 0.265621 0.150387 0.267581 0.150387 0.269533 0.152345 0.271484 0.152345 0.275387 0.156251 0.277347 0.156251 0.279299 0.158198 0.287113 0.150387 0.287113 0.148438 0.294919 0.140626 0.294919 0.138668 0.292968 0.136721 0.292968 0.134763 0.291016 0.132814 0.291016 0.128908 0.289065 0.12695 0.289065 0.123044 0.287113 0.121097 0.287113 0.119139 0.285153 0.11719 0.285153 0.115232 0.265621 0.095702 0.26367 0.095702 0.259767 0.091797 0.257815 0.091797 0.253904 0.08789 0.251952 0.08789 0.248049 0.083984 0.246098 0.083984 0.244138 0.082026 0.240235 0.082026 0.238283 0.080078 0.236332 0.080078 0.234372 0.07812 0.230469 0.07812 0.228517 0.076172 0.226566 0.076172
0 0.628906 0.583984 0.626954 0.585942 0.623051 0.585942 0.623051 0.587891 0.621091 0.589849 0.621091 0.593755 0.623051 0.595702 0.623051 0.599608 0.625002 0.59766 0.640623 0.59766 0.642575 0.595702 0.660155 0.595702 0.662107 0.593755 0.664066 0.593755 0.664066 0.585942 0.660155 0.585942 0.658203 0.583984
9 0.007811 0.550778 0.007811 0.554684 0.00586 0.556642 0.00586 0.564454 0.003908 0.566402 0.003908 0.572267 0.00586 0.574214 0.00586 0.57812 0.007811 0.580078 0.007811 0.582026 0.009763 0.582026 0.011723 0.583984 0.013674 0.583984 0.015626 0.582026 0.017577 0.582026 0.021481 0.57812 0.021481 0.572267 0.02344 0.570308 0.02344 0.550778
9 0.169921 0.447264 0.16797 0.449222 0.164058 0.449222 0.154301 0.458982 0.154301 0.460939 0.142575 0.472658 0.152341 0.482418 0.154301 0.48047 0.156252 0.48047 0.169921 0.466794 0.169921 0.464846 0.171873 0.462888 0.171873 0.460939 0.173825 0.458982 0.173825 0.457034 0.175784 0.455076 0.175784 0.449222 0.171873 0.449222
9 0 0.533206 0 0.535154 0 0.535154 0 0.542966 0 0.544924 0 0.554684 0 0.554684 0 0.556642 0 0.556642 0 0.55859 0 0.55859 0 0.560549 0 0.560549 0 0.55859 0 0.55859 0 0.556642 0 0.556642 0 0.554684 0 0.554684 0 0.552736 0 0.552736 0 0.550778 0 0.550778 0 0.54883 0 0.54883 0 0.546872 0 0.546872 0.001957 0.544924 0.003908 0.544924 0.00586 0.542966 0.00586 0.541018 0.007811 0.53906 0.001957 0.53906 0 0.537112 0 0.537112 0 0.535154 0 0.535154 0 0.533206
9 0.191405 0.091797 0.189453 0.093755 0.183591 0.093755 0.183591 0.09766 0.181639 0.099608 0.181639 0.109379 0.179688 0.111326 0.179688 0.121097 0.177736 0.123044 0.177736 0.134763 0.175784 0.136721 0.175784 0.146481 0.177736 0.148438 0.177736 0.156251 0.179688 0.158198 0.179688 0.160157 0.181639 0.162105 0.181639 0.16601 0.183591 0.167969 0.183591 0.171875 0.18555 0.173833 0.18555 0.177739 0.187502 0.179687 0.187502 0.183593 0.189453 0.185552 0.189453 0.187499 0.191405 0.189457 0.191405 0.191404 0.193357 0.193362 0.193357 0.195311 0.195316 0.197268 0.197268 0.197268 0.208985 0.185552 0.208985 0.181644 0.210937 0.179687 0.210937 0.171875 0.212888 0.169927 0.212888 0.128908 0.210937 0.12695 0.210937 0.121097 0.208985 0.119139 0.208985 0.111326 0.207034 0.109379 0.207034 0.105473 0.205074 0.103515 0.205074 0.101566 0.203123 0.099608 0.203123 0.09766 0.197268 0.091797
0 0.05469 0.818356 0.050778 0.822261 0.050778 0.826167 0.048827 0.828125 0.048827 0.833989 0.046875 0.835938 0.046875 0.841802 0.044924 0.84375 0.044924 0.851561 0.046875 0.851561 0.048827 0.853519 0.05469 0.853519 0.056641 0.851561 0.056641 0.849613 0.058593 0.847655 0.058593 0.841802 0.060544 0.839843 0.060544 0.835938 0.062504 0.833989 0.062504 0.818356
9 0.257815 0.351562 0.248049 0.361332 0.246098 0.361332 0.238283 0.369143 0.238283 0.37305 0.236332 0.374998 0.236332 0.378903 0.238283 0.380861 0.238283 0.384768 0.240235 0.384768 0.242186 0.382809 0.244138 0.382809 0.246098 0.380861 0.248049 0.380861 0.250001 0.378903 0.251952 0.378903 0.255855 0.374998 0.257815 0.374998 0.261718 0.371091 0.26367 0.371091 0.267581 0.367186 0.269533 0.367186 0.265621 0.363279 0.265621 0.361332 0.259767 0.355467 0.259767 0.353519
0 0.94336 0.857426 0.941408 0.859373 0.937497 0.859373 0.919925 0.876955 0.919925 0.88281 0.921876 0.884768 0.921876 0.886716 0.925779 0.886716 0.929691 0.88281 0.931642 0.88281 0.937497 0.876955 0.939457 0.876955 0.945311 0.871092 0.947263 0.871092 0.949223 0.869143 0.949223 0.863279
11 0.222654 0.50977 0.205074 0.527342 0.203123 0.527342 0.187502 0.542966 0.205074 0.560549 0.218751 0.546872 0.218751 0.544924 0.234372 0.5293 0.234372 0.527342 0.236332 0.525394 0.236332 0.523437 0.238283 0.521488 0.238283 0.51953 0.240235 0.517582 0.238283 0.515624 0.238283 0.513676 0.236332 0.511718 0.234372 0.513676 0.228517 0.513676 0.226566 0.511718 0.224606 0.511718
9 0.11914 0.533206 0.115237 0.537112 0.113277 0.537112 0.113277 0.542966 0.111326 0.544924 0.111326 0.554684 0.109374 0.556642 0.109374 0.570308 0.111326 0.572267 0.111326 0.574214 0.113277 0.576173 0.113277 0.57812 0.115237 0.57812 0.121092 0.572267 0.121092 0.570308 0.123043 0.56836 0.123043 0.566402 0.125003 0.564454 0.125003 0.562496 0.126955 0.560549 0.126955 0.554684 0.128906 0.552736 0.128906 0.546872 0.130858 0.544924 0.130858 0.537112 0.128906 0.535154 0.126955 0.535154 0.125003 0.533206
0 0.47461 0.54883 0.472658 0.550778 0.472658 0.562496 0.470707 0.564454 0.470707 0.576173 0.472658 0.576173 0.47461 0.57812 0.478513 0.57812 0.480473 0.576173 0.480473 0.552736 0.478513 0.550778 0.476561 0.550778
0 0.513674 0.439452 0.511722 0.44141 0.507811 0.44141 0.503908 0.445316 0.503908 0.447264 0.507811 0.45117 0.507811 0.453128 0.513674 0.458982 0.513674 0.460939 0.517577 0.464846 0.521488 0.464846 0.52344 0.462888 0.527343 0.462888 0.527343 0.460939 0.529294 0.458982 0.529294 0.457034 0.531254 0.455076 0.531254 0.453128 0.519528 0.44141 0.515625 0.44141
0 0.458981 0.566402 0.45703 0.56836 0.45703 0.570308 0.455078 0.572267 0.455078 0.591796 0.45703 0.593755 0.460941 0.593755 0.464844 0.589849 0.464844 0.583984 0.466795 0.582026 0.466795 0.574214 0.464844 0.572267 0.464844 0.570308 0.462892 0.570308
9 0.05469 0.53906 0.05469 0.544924 0.052738 0.546872 0.052738 0.560549 0.050778 0.562496 0.050778 0.576173 0.048827 0.57812 0.048827 0.583984 0.050778 0.583984 0.05469 0.587891 0.058593 0.587891 0.060544 0.585942 0.062504 0.585942 0.064456 0.583984 0.064456 0.582026 0.066407 0.580078 0.066407 0.57812 0.068359 0.576173 0.068359 0.574214 0.07031 0.572267 0.07031 0.570308 0.072262 0.56836 0.072262 0.566402 0.074222 0.564454 0.074222 0.542966 0.07031 0.542966 0.068359 0.541018 0.056641 0.541018
0 0.697267 0.51953 0.695316 0.521488 0.693356 0.521488 0.693356 0.523437 0.691404 0.525394 0.691404 0.527342 0.693356 0.5293 0.693356 0.533206 0.697267 0.533206 0.699219 0.535154 0.703122 0.535154 0.705082 0.537112 0.708985 0.537112 0.710937 0.53906 0.714848 0.53906 0.716799 0.541018 0.722654 0.541018 0.724606 0.53906 0.724606 0.533206 0.722654 0.531248 0.722654 0.5293 0.720702 0.5293 0.718751 0.527342 0.716799 0.527342 0.712888 0.523437 0.710937 0.523437 0.708985 0.521488 0.707033 0.521488 0.705082 0.51953
9 0.314451 0 0.314451 0.00977 0.316403 0.011718 0.316403 0.013677 0.318362 0.015624 0.318362 0.017582 0.320314 0.019529 0.320314 0.021488 0.322266 0.023436 0.322266 0.025394 0.326169 0.029301 0.328129 0.029301 0.335935 0.037112 0.341798 0.031248 0.341798 0.029301 0.347652 0.023436 0.345701 0.021488 0.345701 0.019529 0.333983 0.007812 0.33008 0.007812 0.328129 0.005864 0.326169 0.005864 0.324217 0.003906 0.320314 0.003906 0.318362 0.001958 0.316403 0.001958
0 0.765629 0.460939 0.761718 0.464846 0.761718 0.466794 0.759766 0.468752 0.759766 0.4707 0.78125 0.492188 0.783201 0.49023 0.785153 0.49023 0.789064 0.486323 0.789064 0.482418 0.78125 0.474606 0.78125 0.472658 0.769532 0.460939
0 0.447263 0.761724 0.445312 0.763671 0.44336 0.763671 0.441409 0.765629 0.437498 0.765629 0.437498 0.792972 0.447263 0.792972 0.447263 0.791014 0.449215 0.789065 0.449215 0.779295 0.451175 0.777348 0.451175 0.763671 0.449215 0.763671
9 0.207034 0.414058 0.201171 0.419922 0.199219 0.419922 0.187502 0.43164 0.18555 0.43164 0.177736 0.439452 0.177736 0.44141 0.175784 0.443357 0.175784 0.445316 0.177736 0.447264 0.177736 0.449222 0.181639 0.453128 0.193357 0.453128 0.197268 0.449222 0.199219 0.449222 0.203123 0.445316 0.205074 0.445316 0.207034 0.443357 0.207034 0.44141 0.210937 0.437504 0.210937 0.435545 0.2168 0.429692 0.2168 0.427734 0.218751 0.425786
0 0.597656 0.621097 0.595705 0.623044 0.591793 0.623044 0.591793 0.62695 0.593753 0.628909 0.593753 0.632814 0.617188 0.632814 0.61914 0.634763 0.621091 0.632814 0.625002 0.632814 0.625002 0.62695 0.621091 0.623044 0.603519 0.623044 0.601559 0.621097
9 0.560544 0.076172 0.554689 0.082026 0.552738 0.082026 0.541012 0.093755 0.53906 0.093755 0.529294 0.103515 0.527343 0.103515 0.515625 0.115232 0.513674 0.115232 0.503908 0.125003 0.501956 0.125003 0.49023 0.136721 0.488279 0.136721 0.484376 0.140626 0.486327 0.142574 0.486327 0.144533 0.488279 0.146481 0.488279 0.148438 0.49219 0.152345 0.49219 0.154292 0.494142 0.156251 0.494142 0.158198 0.496093 0.160157 0.496093 0.162105 0.499996 0.158198 0.501956 0.158198 0.509762 0.150387 0.511722 0.150387 0.519528 0.142574 0.521488 0.142574 0.529294 0.134763 0.531254 0.134763 0.53906 0.12695 0.541012 0.12695 0.546875 0.121097 0.548826 0.121097 0.556641 0.113284 0.558592 0.113284 0.566406 0.105473 0.568358 0.105473 0.576173 0.09766 0.578124 0.09766 0.580076 0.095702 0.580076 0.093755 0.578124 0.091797 0.578124 0.089849 0.576173 0.08789 0.576173 0.085942 0.574221 0.083984 0.574221 0.082026 0.572269 0.080078 0.572269 0.07812 0.562503 0.07812
0 0.916013 0.316407 0.914062 0.318355 0.914062 0.320313 0.91211 0.322261 0.91211 0.328125 0.933594 0.349613 0.935545 0.347655 0.937497 0.347655 0.937497 0.343749 0.939457 0.341802 0.939457 0.337895 0.929691 0.328125 0.929691 0.326167 0.921876 0.318355 0.917965 0.318355
11 0.753903 0.994136 0.753903 1 0.751952 1 0.751952 1 0.75 1 0.75 1 0.757815 1 0.759766 1 0.765629 1 0.767581 1 0.775387 1 0.777347 1 0.783201 1 0.785153 1 0.792967 1 0.794919 1 0.800782 1 0.802733 1 0.808596 1 0.808596 1 0.816402 1 0.814451 1 0.814451 1 0.812499 1 0.812499 1 0.810548 1 0.810548 1 0.808596 1 0.796879 1 0.794919 1 0.783201 1 0.78125 0.998041 0.769532 0.998041 0.767581 0.996094 0.755863 0.996094
11 0.697267 0.074214 0.691404 0.080078 0.689453 0.080078 0.679687 0.089849 0.677735 0.089849 0.673824 0.093755 0.679687 0.099608 0.681638 0.099608 0.697267 0.115232 0.699219 0.115232 0.708985 0.125003 0.718751 0.115232 0.720702 0.115232 0.728517 0.107421 0.712888 0.091797 0.712888 0.089849
11 0.574221 0.187499 0.546875 0.214841 0.556641 0.224611 0.564455 0.216799 0.566406 0.216799 0.578124 0.205081 0.580076 0.205081 0.583987 0.201175 0.582027 0.199217 0.582027 0.197268 0.576173 0.191404 0.576173 0.189457
0 0.072262 0.826167 0.07031 0.828125 0.07031 0.832031 0.068359 0.833989 0.068359 0.839843 0.066407 0.841802 0.066407 0.847655 0.064456 0.849613 0.064456 0.857426 0.072262 0.857426 0.076173 0.853519 0.076173 0.849613 0.078125 0.847655 0.078125 0.839843 0.080076 0.837895 0.080076 0.833989 0.078125 0.832031 0.078125 0.828125 0.074222 0.828125
0 0.832031 0.207028 0.83008 0.208986 0.826168 0.208986 0.824217 0.210935 0.820313 0.210935 0.820313 0.216799 0.824217 0.220705 0.833982 0.220705 0.835934 0.222652 0.8457 0.222652 0.84766 0.224611 0.851563 0.224611 0.851563 0.222652 0.853515 0.220705 0.853515 0.210935 0.843749 0.210935 0.841797 0.208986 0.833982 0.208986
0 0.730469 0.492188 0.726565 0.496094 0.726565 0.503905 0.728517 0.505864 0.730469 0.505864 0.736331 0.511718 0.738283 0.511718 0.742186 0.515624 0.744137 0.515624 0.748049 0.51953 0.75 0.51953 0.753903 0.515624 0.753903 0.513676 0.751952 0.511718 0.751952 0.50977 0.744137 0.501958 0.744137 0.5 0.736331 0.492188
9 0.63672 0.017582 0.634768 0.019529 0.630857 0.019529 0.628906 0.021488 0.626954 0.021488 0.623051 0.025394 0.621091 0.025394 0.617188 0.029301 0.615237 0.029301 0.613285 0.031248 0.611325 0.031248 0.607422 0.035153 0.60547 0.035153 0.60547 0.037112 0.607422 0.039061 0.607422 0.041018 0.609374 0.042966 0.609374 0.046872 0.611325 0.04883 0.611325 0.050778 0.613285 0.04883 0.617188 0.04883 0.61914 0.046872 0.621091 0.046872 0.623051 0.044924 0.626954 0.044924 0.630857 0.041018 0.632809 0.041018 0.638672 0.035153 0.640623 0.035153 0.644535 0.031248 0.646486 0.031248 0.648437 0.029301 0.648437 0.027342 0.650389 0.025394 0.650389 0.023436 0.65234 0.021488 0.65234 0.019529 0.648437 0.019529 0.646486 0.017582
9 0.533206 0.066402 0.529294 0.070308 0.527343 0.070308 0.52344 0.074214 0.521488 0.074214 0.515625 0.080078 0.513674 0.080078 0.505859 0.08789 0.503908 0.08789 0.499996 0.091797 0.499996 0.093755 0.496093 0.09766 0.496093 0.099608 0.494142 0.101566 0.494142 0.119139 0.498045 0.123044 0.503908 0.123044 0.513674 0.113284 0.515625 0.113284 0.525391 0.103515 0.525391 0.101566 0.529294 0.09766 0.529294 0.095702 0.531254 0.093755 0.531254 0.091797 0.533206 0.089849 0.533206 0.08789 0.535157 0.085942 0.535157 0.083984 0.537109 0.082026 0.537109 0.072267 0.535157 0.070308 0.535157 0.06836
11 0.558592 0.923828 0.558592 0.929691 0.556641 0.93164 0.556641 0.94141 0.554689 0.943357 0.554689 0.955075 0.552738 0.957034 0.552738 0.966794 0.550778 0.968752 0.550778 0.974606 0.554689 0.974606 0.556641 0.976564 0.562503 0.976564 0.564455 0.978512 0.568358 0.978512 0.57031 0.98047 0.57031 0.976564 0.572269 0.974606 0.572269 0.966794 0.574221 0.964846 0.574221 0.957034 0.576173 0.955075 0.576173 0.949223 0.578124 0.947264 0.578124 0.939452 0.580076 0.937504 0.580076 0.929691 0.582027 0.927733 0.582027 0.923828
0 0.11914 0.896486 0.117189 0.898434 0.111326 0.898434 0.109374 0.900392 0.107423 0.900392 0.107423 0.908204 0.109374 0.910151 0.109374 0.912109 0.140624 0.912109 0.142575 0.910151 0.142575 0.902339 0.13672 0.896486
0 0.904296 0.328125 0.902344 0.330072 0.900393 0.330072 0.900393 0.337895 0.910159 0.347655 0.910159 0.349613 0.919925 0.359373 0.925779 0.359373 0.929691 0.355467 0.929691 0.353519 0.927731 0.351562 0.927731 0.349613 0.917965 0.339843 0.917965 0.337895 0.910159 0.330072 0.908199 0.330072 0.906247 0.328125
0 0 0.871092 0 0.874997 0 0.884768 0 0.884768 0 0.886716 0 0.886716 0 0.888674 0.00586 0.888674 0.00586 0.886716 0.007811 0.884768 0.007811 0.874997 0 0.874997 0 0.87305 0 0.87305
11 0.822265 0.623044 0.814451 0.630857 0.812499 0.630857 0.806645 0.636721 0.810548 0.640627 0.810548 0.642574 0.816402 0.648438 0.816402 0.650386 0.822265 0.656251 0.822265 0.658198 0.826168 0.662105 0.826168 0.664062 0.824217 0.66601 0.824217 0.667969 0.822265 0.669927 0.826168 0.673833 0.828128 0.673833 0.835934 0.681645 0.839845 0.677738 0.841797 0.677738 0.839845 0.67578 0.839845 0.673833 0.837894 0.671875 0.837894 0.669927 0.835934 0.667969 0.8457 0.658198 0.8457 0.656251 0.851563 0.650386 0.839845 0.638668 0.837894 0.638668
11 0.773435 0 0.755863 0 0.761718 0 0.763669 0 0.777347 0.00977 0.779298 0.00977 0.787113 0.017582 0.796879 0.007812 0.79883 0.007812 0.804685 0.001958 0.791016 0 0.789064 0
0 0.513674 0.775389 0.509762 0.779295 0.507811 0.779295 0.507811 0.783201 0.505859 0.785159 0.505859 0.791014 0.503908 0.792972 0.503908 0.806637 0.505859 0.808595 0.513674 0.808595 0.513674 0.804689 0.515625 0.802732 0.515625 0.796877 0.517577 0.794919 0.517577 0.789065 0.519528 0.787107 0.519528 0.779295 0.517577 0.779295
0 0.783201 0.251953 0.783201 0.253911 0.78125 0.255859 0.779298 0.255859 0.779298 0.263671 0.777347 0.26563 0.777347 0.275389 0.775387 0.277348 0.775387 0.283201 0.783201 0.283201 0.785153 0.285159 0.787113 0.283201 0.789064 0.283201 0.789064 0.253911 0.785153 0.253911
0 0.076173 0.886716 0.074222 0.888674 0.068359 0.888674 0.066407 0.890621 0.064456 0.890621 0.064456 0.892579 0.066407 0.894527 0.066407 0.898434 0.068359 0.900392 0.068359 0.902339 0.097657 0.902339 0.099608 0.900392 0.099608 0.898434 0.10156 0.896486 0.10156 0.892579 0.097657 0.888674 0.078125 0.888674
9 0.470707 0.156251 0.451175 0.17578 0.449215 0.17578 0.427732 0.197268 0.427732 0.199217 0.421877 0.205081 0.421877 0.207028 0.419925 0.208986 0.419925 0.210935 0.417965 0.212893 0.417965 0.214841 0.416014 0.216799 0.416014 0.218747 0.414062 0.220705 0.414062 0.242183 0.416014 0.244141 0.423828 0.244141 0.42578 0.242183 0.429691 0.242183 0.431643 0.240235 0.433594 0.240235 0.435546 0.238276 0.439449 0.238276 0.449215 0.228518 0.449215 0.226559 0.460941 0.214841 0.460941 0.212893 0.464844 0.208986 0.464844 0.207028 0.468747 0.203123 0.468747 0.201175 0.472658 0.197268 0.472658 0.195311 0.47461 0.193362 0.47461 0.191404 0.478513 0.187499 0.478513 0.185552 0.482424 0.181644 0.482424 0.179687 0.486327 0.17578 0.486327 0.173833 0.488279 0.171875 0.482424 0.16601 0.480473 0.16601
0 0.091794 0.824219 0.087891 0.828125 0.085939 0.828125 0.085939 0.832031 0.083987 0.833989 0.083987 0.84375 0.082028 0.845708 0.082028 0.853519 0.083987 0.855468 0.093754 0.855468 0.093754 0.851561 0.095705 0.849613 0.095705 0.84375 0.097657 0.841802 0.097657 0.835938 0.099608 0.833989 0.099608 0.828125 0.097657 0.826167 0.097657 0.824219
9 0.041013 0.523437 0.039061 0.525394 0.037109 0.525394 0.035158 0.527342 0.035158 0.5293 0.031246 0.533206 0.031246 0.535154 0.029295 0.537112 0.029295 0.53906 0.027343 0.541018 0.027343 0.544924 0.025392 0.546872 0.025392 0.570308 0.02344 0.572267 0.02344 0.57812 0.021481 0.580078 0.021481 0.582026 0.035158 0.582026 0.037109 0.580078 0.037109 0.57812 0.041013 0.574214 0.041013 0.572267 0.042972 0.570308 0.042972 0.564454 0.044924 0.562496 0.044924 0.55859 0.046875 0.556642 0.046875 0.537112 0.044924 0.535154 0.044924 0.5293 0.042972 0.527342 0.042972 0.525394
9 0.001957 0.062496 0.001957 0.064454 0 0.066402 0 0.072267 0 0.074214 0 0.080078 0 0.082026 0 0.085942 0 0.08789 0 0.093755 0 0.095702 0 0.107421 0 0.109379 0 0.111326 0 0.115232 0 0.11719 0 0.119139 0 0.121097 0.011723 0.121097 0.011723 0.119139 0.013674 0.11719 0.017577 0.11719 0.02344 0.111326 0.02344 0.105473 0.025392 0.103515 0.025392 0.093755 0.027343 0.091797 0.027343 0.082026 0.029295 0.080078 0.029295 0.070308 0.031246 0.06836 0.031246 0.064454 0.003908 0.064454
11 0.306637 0.394527 0.296879 0.404298 0.296879 0.406245 0.279299 0.423827 0.279299 0.425786 0.269533 0.435545 0.285153 0.45117 0.292968 0.443357 0.294919 0.443357 0.306637 0.43164 0.308596 0.43164 0.320314 0.419922 0.322266 0.419922 0.326169 0.416016 0.324217 0.414058 0.322266 0.414058 0.318362 0.410151 0.316403 0.410151 0.310548 0.404298 0.310548 0.40234 0.308596 0.400392 0.308596 0.398434 0.306637 0.396485
9 0.128906 0.082026 0.126955 0.083984 0.126955 0.085942 0.125003 0.08789 0.125003 0.089849 0.123043 0.091797 0.123043 0.093755 0.121092 0.095702 0.121092 0.09766 0.11914 0.099608 0.11914 0.101566 0.117189 0.103515 0.117189 0.105473 0.115237 0.107421 0.115237 0.109379 0.113277 0.111326 0.113277 0.113284 0.111326 0.115232 0.111326 0.121097 0.109374 0.123044 0.109374 0.130857 0.107423 0.132814 0.107423 0.146481 0.109374 0.148438 0.109374 0.150387 0.113277 0.154292 0.115237 0.154292 0.117189 0.152345 0.11914 0.152345 0.121092 0.150387 0.123043 0.150387 0.125003 0.148438 0.126955 0.148438 0.128906 0.146481 0.128906 0.144533 0.132809 0.140626 0.132809 0.138668 0.134769 0.136721 0.134769 0.134763 0.13672 0.132814 0.13672 0.128908 0.138672 0.12695 0.138672 0.125003 0.140624 0.123044 0.140624 0.11719 0.142575 0.115232 0.142575 0.107421 0.144535 0.105473 0.144535 0.099608 0.146486 0.09766 0.146486 0.08789 0.142575 0.08789 0.140624 0.085942 0.13672 0.085942 0.134769 0.083984 0.130858 0.083984
11 0.697267 0.964846 0.697267 0.974606 0.695316 0.976564 0.695316 0.998041 0.693356 1 0.693356 1 0.714848 1 0.716799 1 0.716799 1 0.718751 1 0.718751 0.978512 0.720702 0.976564 0.720702 0.966794 0.699219 0.966794
9 0.10156 0.511718 0.099608 0.513676 0.097657 0.513676 0.095705 0.515624 0.091794 0.515624 0.089842 0.517582 0.089842 0.51953 0.083987 0.525394 0.083987 0.527342 0.080076 0.531248 0.080076 0.533206 0.078125 0.535154 0.078125 0.562496 0.076173 0.564454 0.076173 0.589849 0.099608 0.589849 0.099608 0.585942 0.10156 0.583984 0.10156 0.576173 0.103519 0.574214 0.103519 0.566402 0.105471 0.564454 0.105471 0.55859 0.107423 0.556642 0.107423 0.54883 0.109374 0.546872 0.109374 0.53906 0.111326 0.537112 0.111326 0.5293 0.109374 0.527342 0.109374 0.521488 0.103519 0.515624 0.103519 0.513676
9 0.085939 0.076172 0.083987 0.07812 0.083987 0.080078 0.082028 0.082026 0.082028 0.083984 0.080076 0.085942 0.080076 0.08789 0.078125 0.089849 0.078125 0.125003 0.080076 0.12695 0.080076 0.130857 0.082028 0.132814 0.082028 0.136721 0.083987 0.136721 0.085939 0.134763 0.087891 0.134763 0.089842 0.132814 0.091794 0.132814 0.093754 0.130857 0.095705 0.130857 0.097657 0.128908 0.097657 0.12695 0.099608 0.125003 0.099608 0.123044 0.10156 0.121097 0.10156 0.115232 0.103519 0.113284 0.103519 0.103515 0.105471 0.101566 0.105471 0.091797 0.107423 0.089849 0.107423 0.083984 0.105471 0.082026 0.105471 0.080078 0.097657 0.080078 0.095705 0.07812 0.087891 0.07812
0 0.751952 0.474606 0.75 0.476563 0.75 0.48047 0.748049 0.482418 0.748049 0.484376 0.753903 0.49023 0.753903 0.492188 0.763669 0.501958 0.767581 0.501958 0.771484 0.498042 0.773435 0.498042 0.771484 0.496094 0.771484 0.494136 0.763669 0.486323 0.763669 0.484376 0.757815 0.478512 0.755863 0.478512
11 0.865232 0.691404 0.859377 0.697269 0.857426 0.697269 0.84766 0.707028 0.8457 0.707028 0.835934 0.716799 0.833982 0.716799 0.83008 0.720705 0.832031 0.722653 0.832031 0.724611 0.833982 0.726559 0.835934 0.724611 0.839845 0.724611 0.849612 0.734371 0.857426 0.726559 0.859377 0.726559 0.871095 0.714841 0.873047 0.714841 0.878909 0.708987 0.874998 0.705081 0.874998 0.703122 0.869143 0.697269 0.869143 0.695311
9 0 0.306637 0 0.312501 0 0.314449 0 0.32422 0 0.326167 0 0.330072 0 0.332031 0 0.332031 0 0.335938 0 0.335938 0 0.337895 0 0.337895 0 0.339843 0 0.339843 0 0.341802 0.001957 0.341802 0.003908 0.343749 0.009763 0.343749 0.011723 0.345708 0.019529 0.345708 0.021481 0.347655 0.029295 0.347655 0.031246 0.349613 0.033206 0.347655 0.041013 0.347655 0.042972 0.345708 0.046875 0.345708 0.048827 0.343749 0.050778 0.343749 0.052738 0.341802 0.056641 0.341802 0.056641 0.339843 0.058593 0.337895 0.056641 0.335938 0.056641 0.33399 0.052738 0.330072 0.052738 0.328125 0.046875 0.322261 0.044924 0.322261 0.039061 0.316407 0.033206 0.316407 0.031246 0.314449 0.017577 0.314449 0.015626 0.312501 0.001957 0.312501 0 0.310543 0 0.310543 0 0.308596 0 0.308596
9 0.283202 0.027342 0.279299 0.031248 0.277347 0.031248 0.273436 0.035153 0.271484 0.035153 0.267581 0.039061 0.265621 0.039061 0.26367 0.041018 0.267581 0.044924 0.267581 0.046872 0.273436 0.052736 0.273436 0.054685 0.279299 0.060548 0.279299 0.062496 0.283202 0.066402 0.283202 0.06836 0.287113 0.072267 0.287113 0.074214 0.292968 0.080078 0.292968 0.082026 0.296879 0.085942 0.296879 0.08789 0.300782 0.091797 0.302734 0.091797 0.306637 0.095702 0.308596 0.095702 0.310548 0.09766 0.3125 0.09766 0.314451 0.099608 0.318362 0.099608 0.320314 0.101566 0.326169 0.101566 0.326169 0.089849 0.324217 0.08789 0.324217 0.082026 0.322266 0.080078 0.322266 0.076172 0.320314 0.074214 0.320314 0.072267 0.318362 0.070308 0.318362 0.06836 0.316403 0.066402 0.316403 0.064454 0.314451 0.062496 0.314451 0.060548 0.298831 0.044924 0.298831 0.042966