0 0.785155 0.300781 0.781249 0.304688 0.779296 0.304688 0.771485 0.312499 0.769532 0.312499 0.767579 0.314453 0.769532 0.316407 0.769532 0.318361 0.771485 0.32031 0.779296 0.312499 0.781249 0.312499 0.787108 0.306642 0.787108 0.304688 0.785155 0.302735
0 0.630857 0.855471 0.626951 0.859374 0.624998 0.859374 0.621093 0.863282 0.61914 0.863282 0.615234 0.86719 0.613281 0.86719 0.615234 0.869139 0.615234 0.871093 0.617187 0.873047 0.617187 0.875 0.61914 0.876954 0.623046 0.873047 0.624998 0.873047 0.628904 0.869139 0.630857 0.869139 0.634768 0.865236 0.636721 0.865236 0.634768 0.863282 0.634768 0.861328 0.63281 0.859374 0.63281 0.85742
1 0.027346 0.072266 0.025393 0.07422 0.015624 0.07422 0.015624 0.078123 0.017576 0.080077 0.017576 0.085939 0.019529 0.087893 0.019529 0.09375 0.021482 0.095703 0.021482 0.103514 0.023435 0.105468 0.023435 0.11133 0.025393 0.113284 0.025393 0.117187 0.027346 0.115233 0.03711 0.115233 0.03711 0.11133 0.035157 0.109376 0.035157 0.103514 0.033205 0.10156 0.033205 0.095703 0.031252 0.09375 0.031252 0.085939 0.029299 0.083985 0.029299 0.078123 0.027346 0.076174
0 0.386717 0.63867 0.382811 0.642578 0.380858 0.642578 0.376952 0.646486 0.374999 0.646486 0.374999 0.64844 0.376952 0.650389 0.376952 0.652343 0.378905 0.654297 0.378905 0.65625 0.380858 0.658204 0.380858 0.660158 0.382811 0.662108 0.382811 0.664061 0.384764 0.666015 0.384764 0.667969 0.386717 0.669923 0.386717 0.671877 0.388669 0.669923 0.390627 0.669923 0.394533 0.666015 0.396486 0.666015 0.396486 0.664061 0.394533 0.662108 0.394533 0.658204 0.39258 0.65625 0.39258 0.654297 0.390627 0.652343 0.390627 0.64844 0.388669 0.646486 0.388669 0.642578 0.386717 0.640624
0 0.880861 0.960938 0.878908 0.962892 0.876956 0.962892 0.874998 0.964846 0.871092 0.964846 0.869139 0.966795 0.867186 0.966795 0.867186 0.968749 0.869139 0.970703 0.869139 0.972657 0.871092 0.970703 0.874998 0.970703 0.876956 0.968749 0.878908 0.968749 0.880861 0.966795 0.884767 0.966795 0.882814 0.964846 0.882814 0.962892
0 0.132812 0.599612 0.130859 0.601561 0.126953 0.601561 0.126953 0.605469 0.128906 0.607422 0.128906 0.615233 0.130859 0.617187 0.130859 0.621095 0.132812 0.619141 0.13867 0.619141 0.13867 0.617187 0.136717 0.615233 0.136717 0.61133 0.134764 0.609376 0.134764 0.603515 0.132812 0.601561
0 0.035157 0.052732 0.033205 0.054686 0.025393 0.054686 0.025393 0.05664 0.027346 0.058594 0.027346 0.064455 0.029299 0.066405 0.029299 0.072266 0.031252 0.07422 0.031252 0.076174 0.033205 0.07422 0.041016 0.07422 0.041016 0.072266 0.039063 0.070312 0.039063 0.064455 0.03711 0.062501 0.03711 0.05664 0.035157 0.054686
0 0.578124 0.033203 0.574219 0.03711 0.572265 0.03711 0.574219 0.039064 0.574219 0.041014 0.580077 0.046875 0.580077 0.048829 0.58203 0.050783 0.585936 0.046875 0.583983 0.044921 0.583983 0.042968 0.58203 0.041014 0.58203 0.039064 0.580077 0.03711 0.580077 0.035157
0 0.460936 0.091796 0.457031 0.095703 0.457031 0.097657 0.458983 0.099611 0.458983 0.10156 0.460936 0.103514 0.460936 0.105468 0.462889 0.107422 0.462889 0.109376 0.464842 0.11133 0.464842 0.113284 0.470706 0.107422 0.468748 0.105468 0.468748 0.103514 0.464842 0.099611 0.464842 0.097657 0.462889 0.095703 0.462889 0.09375
0 0.289062 0.169922 0.283204 0.17578 0.281251 0.17578 0.277345 0.179687 0.279298 0.181641 0.279298 0.183595 0.281251 0.185549 0.281251 0.187498 0.285157 0.183595 0.287109 0.183595 0.291015 0.179687 0.292968 0.179687 0.292968 0.177733 0.291015 0.17578 0.291015 0.17383 0.289062 0.171876
0 0.79883 0.318361 0.796877 0.32031 0.794919 0.32031 0.791014 0.324218 0.789061 0.324218 0.785155 0.328126 0.783202 0.328126 0.785155 0.33008 0.785155 0.332033 0.787108 0.333983 0.787108 0.335937 0.789061 0.333983 0.791014 0.333983 0.794919 0.33008 0.796877 0.33008 0.800783 0.326172 0.802736 0.326172 0.800783 0.324218 0.800783 0.322264 0.79883 0.32031
0 0.642579 0.390626 0.638674 0.394529 0.638674 0.396483 0.640626 0.398437 0.640626 0.400391 0.642579 0.402345 0.642579 0.404299 0.644532 0.406248 0.644532 0.408202 0.644532 0.406248 0.646485 0.404299 0.646485 0.402345 0.644532 0.400391 0.644532 0.394529 0.642579 0.39258
0 0.017576 0.324218 0.015624 0.326172 0.009765 0.326172 0.009765 0.328126 0.011718 0.33008 0.011718 0.333983 0.01367 0.335937 0.01367 0.339844 0.015624 0.341798 0.015624 0.343752 0.017576 0.341798 0.021482 0.341798 0.021482 0.33789 0.019529 0.335937 0.019529 0.33008 0.017576 0.328126
0 0.421874 0.900391 0.417968 0.904295 0.416015 0.904295 0.412109 0.908202 0.410156 0.908202 0.40625 0.91211 0.404298 0.91211 0.40625 0.914064 0.40625 0.916018 0.408203 0.917967 0.408203 0.919921 0.410156 0.921875 0.410156 0.923829 0.414062 0.919921 0.416015 0.919921 0.423826 0.91211 0.425779 0.91211 0.427732 0.910156 0.425779 0.908202 0.425779 0.906248 0.423826 0.904295 0.423826 0.902345
0 0.791014 0.310545 0.787108 0.314453 0.785155 0.314453 0.781249 0.318361 0.779296 0.318361 0.77539 0.322264 0.773438 0.322264 0.77539 0.324218 0.777344 0.324218 0.781249 0.328126 0.794919 0.314453
1 0.195314 0.777344 0.193361 0.779298 0.185544 0.779298 0.185544 0.785155 0.187502 0.787109 0.187502 0.796874 0.189455 0.798827 0.189455 0.810546 0.191408 0.8125 0.191408 0.822265 0.193361 0.824218 0.193361 0.83008 0.195314 0.828126 0.205078 0.828126 0.205078 0.824218 0.203125 0.822265 0.203125 0.814454 0.201173 0.8125 0.201173 0.804689 0.199219 0.802735 0.199219 0.79297 0.197267 0.791016 0.197267 0.783201 0.195314 0.781252
0 0.857422 0.408202 0.84961 0.416017 0.847657 0.416017 0.841799 0.421874 0.847657 0.427736 0.851563 0.423828 0.853516 0.423828 0.853516 0.421874 0.859375 0.416017 0.861328 0.417967 0.861328 0.416017 0.859375 0.414063 0.859375 0.41211 0.857422 0.410156
0 0.468748 0.931639 0.468748 0.933593 0.466795 0.935547 0.466795 0.939455 0.464842 0.941404 0.464842 0.945312 0.462889 0.947266 0.462889 0.94922 0.464842 0.951173 0.466795 0.951173 0.470706 0.955077 0.470706 0.953123 0.472658 0.951173 0.472658 0.94922 0.474612 0.947266 0.474612 0.945312 0.476564 0.943358 0.476564 0.941404 0.478517 0.939455 0.476564 0.937501 0.474612 0.937501
0 0.869139 0.921875 0.865233 0.925782 0.865233 0.927736 0.867186 0.929686 0.867186 0.935547 0.869139 0.937501 0.869139 0.941404 0.873045 0.937501 0.874998 0.937501 0.876956 0.935547 0.874998 0.933593 0.874998 0.931639 0.873045 0.929686 0.873045 0.927736 0.871092 0.925782 0.871092 0.923829
0 0.121094 0.429685 0.117188 0.433593 0.115236 0.433593 0.115236 0.439454 0.117188 0.441408 0.117188 0.451173 0.119141 0.453127 0.119141 0.464846 0.121094 0.466795 0.121094 0.472656 0.123047 0.470703 0.125 0.470703 0.128906 0.466795 0.130859 0.466795 0.130859 0.464846 0.128906 0.462892 0.128906 0.45703 0.126953 0.455076 0.126953 0.449219 0.125 0.447265 0.125 0.441408 0.123047 0.439454 0.123047 0.433593 0.121094 0.431639
0 0.417968 0.109376 0.417968 0.11133 0.419921 0.113284 0.419921 0.117187 0.421874 0.119141 0.421874 0.123048 0.423826 0.125002 0.423826 0.126951 0.427732 0.123048 0.429685 0.123048 0.427732 0.121094 0.427732 0.119141 0.425779 0.117187 0.425779 0.115233 0.423826 0.113284 0.423826 0.11133 0.421874 0.109376
0 0.845704 0.847656 0.843752 0.849609 0.843752 0.851563 0.841799 0.853517 0.843752 0.855471 0.843752 0.85742 0.845704 0.859374 0.845704 0.861328 0.847657 0.863282 0.847657 0.865236 0.84961 0.86719 0.855469 0.861328 0.853516 0.859374 0.853516 0.85742 0.847657 0.851563 0.847657 0.849609
0 0.314455 0.179687 0.310549 0.183595 0.308596 0.183595 0.310549 0.185549 0.310549 0.187498 0.312502 0.189452 0.312502 0.191406 0.314455 0.19336 0.314455 0.195314 0.316408 0.197267 0.316408 0.199217 0.320313 0.195314 0.322266 0.195314 0.320313 0.19336 0.320313 0.191406 0.318361 0.189452 0.318361 0.187498 0.316408 0.185549 0.316408 0.183595 0.314455 0.181641
0 0.326172 0.171876 0.322266 0.17578 0.320313 0.17578 0.318361 0.177733 0.320313 0.179687 0.320313 0.181641 0.322266 0.183595 0.322266 0.185549 0.324219 0.187498 0.324219 0.189452 0.326172 0.191406 0.332031 0.185549 0.332031 0.183595 0.330078 0.181641 0.330078 0.179687 0.328125 0.177733 0.328125 0.17578 0.326172 0.17383
0 0.156251 0.708986 0.156251 0.718751 0.158204 0.720705 0.158204 0.73047 0.160157 0.728516 0.166016 0.728516 0.166016 0.720705 0.164063 0.718751 0.164063 0.708986
0 0.435549 0.181641 0.431643 0.185549 0.429685 0.185549 0.429685 0.187498 0.431643 0.189452 0.431643 0.19336 0.433596 0.195314 0.433596 0.201171 0.435549 0.203124 0.435549 0.205078 0.437501 0.203124 0.439455 0.203124 0.441407 0.201171 0.44336 0.201171 0.44336 0.199217 0.441407 0.197267 0.441407 0.195314 0.439455 0.19336 0.439455 0.189452 0.437501 0.187498 0.437501 0.185549 0.435549 0.183595
0 0.882814 0.886719 0.878908 0.890627 0.876956 0.890627 0.876956 0.892576 0.878908 0.89453 0.878908 0.900391 0.880861 0.902345 0.880861 0.906248 0.882814 0.904295 0.884767 0.904295 0.88672 0.902345 0.888673 0.902345 0.888673 0.900391 0.88672 0.898438 0.88672 0.896484 0.884767 0.89453 0.884767 0.890627 0.882814 0.888673
0 0.55469 0.072266 0.550779 0.076174 0.548826 0.076174 0.548826 0.078123 0.550779 0.080077 0.550779 0.085939 0.552737 0.087893 0.552737 0.091796 0.556643 0.087893 0.558595 0.087893 0.558595 0.085939 0.556643 0.083985 0.556643 0.078123 0.55469 0.076174
0 0.433596 0.908202 0.431643 0.910156 0.429685 0.910156 0.425779 0.914064 0.423826 0.914064 0.419921 0.917967 0.419921 0.921875 0.421874 0.923829 0.421874 0.925782 0.423826 0.923829 0.425779 0.923829 0.427732 0.921875 0.429685 0.921875 0.433596 0.917967 0.435549 0.917967 0.437501 0.916018 0.439455 0.916018 0.435549 0.91211 0.435549 0.910156
0 0.623046 0.839845 0.621093 0.841799 0.617187 0.841799 0.615234 0.843748 0.611328 0.843748 0.609375 0.845702 0.60547 0.845702 0.60547 0.847656 0.607422 0.849609 0.607422 0.851563 0.609375 0.849609 0.615234 0.849609 0.617187 0.847656 0.624998 0.847656 0.624998 0.845702 0.623046 0.843748
0 0.587889 0.835937 0.583983 0.839845 0.58203 0.839845 0.58203 0.841799 0.583983 0.843748 0.583983 0.847656 0.585936 0.849609 0.585936 0.853517 0.587889 0.855471 0.587889 0.85742 0.589841 0.855471 0.591794 0.855471 0.593752 0.853517 0.595705 0.853517 0.595705 0.851563 0.593752 0.849609 0.593752 0.847656 0.591794 0.845702 0.591794 0.843748 0.589841 0.841799 0.589841 0.839845 0.587889 0.837891
0 0.76172 0.27539 0.748045 0.289062 0.749998 0.291016 0.749998 0.29297 0.751951 0.294924 0.753904 0.294924 0.759768 0.289062 0.76172 0.289062 0.767579 0.283205 0.763673 0.279297 0.763673 0.277344
0 0.904296 0.851563 0.904296 0.853517 0.906249 0.855471 0.906249 0.861328 0.908202 0.863282 0.908202 0.865236 0.910155 0.863282 0.916013 0.863282 0.91406 0.861328 0.91406 0.859374 0.912107 0.85742 0.912107 0.855471 0.910155 0.853517 0.910155 0.851563
0 0.009765 0.072266 0.007812 0.07422 0.001953 0.07422 0.001953 0.078123 0.003906 0.080077 0.003906 0.087893 0.005859 0.089842 0.005859 0.09375 0.007812 0.091796 0.009765 0.091796 0.011718 0.089842 0.015624 0.089842 0.015624 0.087893 0.01367 0.085939 0.01367 0.082031 0.011718 0.080077 0.011718 0.076174 0.009765 0.07422
1 0.103513 0.396483 0.10156 0.398437 0.089843 0.398437 0.089843 0.402345 0.091796 0.404299 0.091796 0.41211 0.093749 0.414063 0.093749 0.421874 0.095702 0.423828 0.095702 0.431639 0.097655 0.433593 0.097655 0.441408 0.099607 0.443358 0.099607 0.447265 0.10156 0.445311 0.11133 0.445311 0.11133 0.439454 0.109377 0.437501 0.109377 0.427736 0.107424 0.425782 0.107424 0.416017 0.105471 0.414063 0.105471 0.404299 0.103513 0.402345
0 0.062498 0.462892 0.058592 0.466795 0.056639 0.466795 0.056639 0.47461 0.058592 0.476564 0.058592 0.484375 0.060545 0.482421 0.066409 0.482421 0.066409 0.478513 0.064451 0.476564 0.064451 0.468749 0.062498 0.466795
0 0.207031 0.955077 0.205078 0.95703 0.197267 0.95703 0.197267 0.960938 0.199219 0.962892 0.199219 0.970703 0.201173 0.972657 0.201173 0.976565 0.210937 0.976565 0.210937 0.972657 0.208984 0.970703 0.208984 0.960938 0.207031 0.958984
0 0.837893 0.39258 0.83594 0.394529 0.832029 0.394529 0.832029 0.396483 0.833982 0.398437 0.833982 0.400391 0.83594 0.402345 0.83594 0.404299 0.837893 0.406248 0.837893 0.408202 0.839846 0.410156 0.839846 0.41211 0.841799 0.410156 0.843752 0.410156 0.845704 0.408202 0.847657 0.408202 0.845704 0.406248 0.845704 0.404299 0.841799 0.400391 0.841799 0.398437 0.839846 0.396483 0.839846 0.394529
0 0.490234 0.109376 0.486329 0.113284 0.484376 0.113284 0.482423 0.115233 0.484376 0.117187 0.484376 0.119141 0.488282 0.123048 0.488282 0.125002 0.490234 0.126951 0.490234 0.128905 0.492188 0.130859 0.496093 0.126951 0.498046 0.126951 0.498046 0.125002 0.496093 0.123048 0.496093 0.121094 0.49414 0.119141 0.49414 0.117187 0.492188 0.115233 0.492188 0.113284 0.490234 0.11133
0 0.566407 0.853517 0.564454 0.855471 0.562501 0.855471 0.560548 0.85742 0.558595 0.85742 0.558595 0.859374 0.560548 0.861328 0.560548 0.865236 0.562501 0.86719 0.562501 0.871093 0.564454 0.873047 0.564454 0.875 0.566407 0.873047 0.56836 0.873047 0.570313 0.871093 0.574219 0.871093 0.574219 0.869139 0.572265 0.86719 0.572265 0.865236 0.570313 0.863282 0.570313 0.861328 0.56836 0.859374 0.56836 0.85742 0.566407 0.855471
0 0.769532 0.285154 0.765626 0.289062 0.763673 0.289062 0.759768 0.29297 0.757814 0.29297 0.753904 0.296873 0.751951 0.296873 0.759768 0.304688 0.773438 0.291016 0.771485 0.289062 0.771485 0.287108
0 0.363282 0.197267 0.361329 0.199217 0.361329 0.201171 0.359376 0.203124 0.359376 0.205078 0.361329 0.207032 0.361329 0.210935 0.363282 0.212889 0.363282 0.216797 0.365235 0.218751 0.365235 0.220705 0.367188 0.218751 0.369141 0.218751 0.369141 0.216797 0.367188 0.214843 0.367188 0.208986 0.365235 0.207032 0.365235 0.201171 0.363282 0.199217
1 0.251952 0.939455 0.251952 0.943358 0.253906 0.945312 0.253906 0.955077 0.255858 0.95703 0.255858 0.964846 0.257811 0.966795 0.257811 0.974611 0.259764 0.976565 0.259764 0.986329 0.261717 0.988283 0.261717 0.992186 0.273439 0.992186 0.273439 0.988283 0.271487 0.986329 0.271487 0.980468 0.269533 0.978514 0.269533 0.970703 0.267581 0.968749 0.267581 0.962892 0.265623 0.960938 0.265623 0.953123 0.26367 0.951173 0.26367 0.945312 0.261717 0.943358 0.261717 0.939455
0 0.867186 0.423828 0.861328 0.429685 0.861328 0.431639 0.855469 0.437501 0.857422 0.437501 0.861328 0.441408 0.867186 0.435547 0.869139 0.435547 0.871092 0.433593 0.871092 0.431639 0.869139 0.429685 0.869139 0.427736 0.867186 0.425782
0 0.044922 0.271487 0.042969 0.273436 0.039063 0.273436 0.03711 0.27539 0.033205 0.27539 0.033205 0.279297 0.035157 0.281251 0.035157 0.291016 0.03711 0.29297 0.03711 0.296873 0.039063 0.294924 0.041016 0.294924 0.042969 0.29297 0.046875 0.29297 0.046875 0.283205 0.044922 0.281251
1 0.626951 0.105468 0.621093 0.11133 0.61914 0.11133 0.617187 0.113284 0.61914 0.115233 0.61914 0.117187 0.621093 0.119141 0.621093 0.121094 0.623046 0.123048 0.623046 0.125002 0.624998 0.126951 0.624998 0.128905 0.626951 0.130859 0.626951 0.132813 0.628904 0.134767 0.628904 0.136721 0.630857 0.13867 0.630857 0.140624 0.63281 0.142578 0.63281 0.144531 0.634768 0.146485 0.634768 0.148439 0.636721 0.150389 0.636721 0.152342 0.638674 0.154296 0.638674 0.15625 0.640626 0.158204 0.640626 0.160158 0.642579 0.162107 0.642579 0.164061 0.648438 0.158204 0.650391 0.158204 0.652344 0.15625 0.650391 0.154296 0.650391 0.152342 0.648438 0.150389 0.648438 0.148439 0.646485 0.146485 0.646485 0.144531 0.644532 0.142578 0.644532 0.140624 0.642579 0.13867 0.642579 0.136721 0.640626 0.134767 0.640626 0.132813 0.638674 0.130859 0.638674 0.128905 0.636721 0.126951 0.636721 0.125002 0.634768 0.123048 0.634768 0.121094 0.63281 0.119141 0.63281 0.117187 0.630857 0.115233 0.630857 0.113284 0.628904 0.11133 0.628904 0.109376 0.626951 0.107422
0 0.189455 0.601561 0.187502 0.603515 0.181639 0.603515 0.181639 0.605469 0.183592 0.607422 0.183592 0.61133 0.185544 0.613279 0.185544 0.617187 0.187502 0.619141 0.187502 0.621095 0.191408 0.617187 0.193361 0.617187 0.193361 0.615233 0.191408 0.613279 0.191408 0.607422 0.189455 0.605469
0 0.804689 0.326172 0.79883 0.332033 0.796877 0.332033 0.794919 0.333983 0.796877 0.335937 0.796877 0.33789 0.79883 0.339844 0.79883 0.341798 0.802736 0.33789 0.804689 0.33789 0.808595 0.333983 0.810547 0.333983 0.806642 0.33008 0.806642 0.328126
0 0.570313 0.060548 0.566407 0.064455 0.566407 0.066405 0.56836 0.068359 0.56836 0.072266 0.570313 0.07422 0.570313 0.080077 0.572265 0.082031 0.572265 0.083985 0.574219 0.082031 0.576171 0.082031 0.578124 0.080077 0.580077 0.080077 0.578124 0.078123 0.578124 0.076174 0.576171 0.07422 0.576171 0.072266 0.574219 0.070312 0.574219 0.068359 0.572265 0.066405 0.572265 0.064455 0.570313 0.062501
0 0.726564 0.542968 0.724611 0.544922 0.722657 0.544922 0.720705 0.546876 0.718752 0.546876 0.720705 0.548829 0.720705 0.550783 0.722657 0.552733 0.722657 0.554686 0.724611 0.55664 0.724611 0.558594 0.726564 0.560548 0.728516 0.558594 0.732422 0.558594 0.732422 0.55664 0.730469 0.554686 0.730469 0.552733 0.728516 0.550783 0.728516 0.546876 0.726564 0.544922
0 0.085938 0.453127 0.082031 0.45703 0.080079 0.45703 0.080079 0.462892 0.082031 0.464846 0.082031 0.472656 0.083984 0.470703 0.085938 0.470703 0.08789 0.468749 0.089843 0.468749 0.089843 0.466795 0.08789 0.464846 0.08789 0.458984 0.085938 0.45703
0 0.501952 0.095703 0.496093 0.10156 0.498046 0.103514 0.498046 0.105468 0.499999 0.107422 0.499999 0.109376 0.501952 0.11133 0.501952 0.113284 0.503905 0.115233 0.503905 0.117187 0.505858 0.119141 0.505858 0.121094 0.509763 0.117187 0.511721 0.117187 0.513674 0.115233 0.511721 0.113284 0.511721 0.11133 0.509763 0.109376 0.509763 0.107422 0.505858 0.103514 0.505858 0.10156 0.503905 0.099611 0.503905 0.097657
0 0.910155 0.919921 0.910155 0.921875 0.908202 0.923829 0.908202 0.925782 0.906249 0.927736 0.908202 0.929686 0.908202 0.931639 0.910155 0.933593 0.910155 0.935547 0.912107 0.937501 0.912107 0.939455 0.91406 0.941404 0.91406 0.943358 0.916013 0.945312 0.916013 0.943358 0.917971 0.941404 0.917971 0.939455 0.919924 0.937501 0.917971 0.935547 0.917971 0.933593 0.916013 0.931639 0.916013 0.929686 0.91406 0.927736 0.91406 0.925782 0.912107 0.923829 0.912107 0.921875
0 0.30078 0.185549 0.296874 0.189452 0.296874 0.191406 0.298827 0.19336 0.298827 0.195314 0.30078 0.197267 0.30078 0.201171 0.302733 0.203124 0.302733 0.205078 0.304685 0.203124 0.306638 0.203124 0.308596 0.201171 0.310549 0.201171 0.308596 0.199217 0.308596 0.197267 0.304685 0.19336 0.304685 0.191406 0.302733 0.189452 0.302733 0.187498
0 0.046875 0.144531 0.044922 0.146485 0.042969 0.146485 0.041016 0.148439 0.039063 0.148439 0.039063 0.152342 0.041016 0.154296 0.041016 0.164061 0.042969 0.166015 0.042969 0.169922 0.044922 0.167969 0.046875 0.167969 0.048827 0.166015 0.050781 0.166015 0.050781 0.162107 0.048827 0.160158 0.048827 0.150389 0.046875 0.148439
0 0.55469 0.85742 0.552737 0.859374 0.546873 0.859374 0.548826 0.861328 0.548826 0.863282 0.550779 0.865236 0.550779 0.86719 0.552737 0.869139 0.552737 0.871093 0.55469 0.873047 0.55469 0.875 0.556643 0.876954 0.558595 0.875 0.560548 0.875 0.562501 0.873047 0.560548 0.871093 0.560548 0.86719 0.558595 0.865236 0.558595 0.863282 0.556643 0.861328 0.556643 0.859374
0 0.007812 0.398437 0.005859 0.400391 0.003906 0.400391 0.001953 0.402345 0 0.402345 0 0.406248 0 0.408202 0 0.416017 0.001953 0.417967 0.001953 0.425782 0.003906 0.427736 0.003906 0.431639 0.005859 0.429685 0.01367 0.429685 0.01367 0.425782 0.011718 0.423828 0.011718 0.416017 0.009765 0.414063 0.009765 0.404299 0.007812 0.402345
0 0.054686 0.251953 0.052733 0.253906 0.050781 0.253906 0.048827 0.25586 0.044922 0.25586 0.044922 0.259763 0.046875 0.261717 0.046875 0.271487 0.048827 0.273436 0.048827 0.277344 0.050781 0.27539 0.052733 0.27539 0.054686 0.273436 0.058592 0.273436 0.058592 0.269533 0.056639 0.267579 0.056639 0.257814 0.054686 0.25586
0 0.61914 0.888673 0.615234 0.892576 0.613281 0.892576 0.615234 0.89453 0.615234 0.896484 0.617187 0.898438 0.617187 0.900391 0.61914 0.902345 0.61914 0.904295 0.621093 0.906248 0.621093 0.908202 0.623046 0.906248 0.628904 0.906248 0.626951 0.904295 0.626951 0.902345 0.624998 0.900391 0.624998 0.898438 0.623046 0.896484 0.623046 0.89453 0.621093 0.892576 0.621093 0.890627
0 0.535156 0.052732 0.535156 0.054686 0.537108 0.05664 0.537108 0.058594 0.539062 0.060548 0.539062 0.062501 0.541015 0.064455 0.541015 0.066405 0.548826 0.066405 0.546873 0.064455 0.546873 0.062501 0.541015 0.05664 0.541015 0.054686 0.539062 0.052732
0 0.10156 0.669923 0.099607 0.671877 0.091796 0.671877 0.091796 0.67578 0.093749 0.677734 0.093749 0.685545 0.095702 0.687499 0.095702 0.695314 0.097655 0.697268 0.097655 0.701171 0.099607 0.699217 0.105471 0.699217 0.105471 0.69336 0.103513 0.691406 0.103513 0.677734 0.10156 0.67578
0 0.44336 0.910156 0.441407 0.91211 0.441407 0.916018 0.439455 0.917967 0.437501 0.917967 0.435549 0.919921 0.435549 0.921875 0.431643 0.925782 0.437501 0.931639 0.441407 0.927736 0.44336 0.927736 0.447266 0.923829 0.449219 0.923829 0.451172 0.921875 0.449219 0.919921 0.449219 0.917967 0.445313 0.914064 0.445313 0.91211
0 0.859375 0.417967 0.855469 0.421874 0.855469 0.423828 0.84961 0.429685 0.851563 0.431639 0.851563 0.433593 0.853516 0.435547 0.853516 0.437501 0.859375 0.431639 0.859375 0.429685 0.865233 0.423828 0.865233 0.421874 0.86328 0.421874
0 0.451172 0.568359 0.447266 0.572267 0.445313 0.572267 0.441407 0.57617 0.439455 0.57617 0.441407 0.578124 0.441407 0.580077 0.44336 0.582031 0.44336 0.583985 0.445313 0.585939 0.445313 0.587888 0.457031 0.57617 0.453125 0.572267 0.453125 0.570313
0 0.39258 0.839845 0.384764 0.847656 0.382811 0.847656 0.376952 0.853517 0.380858 0.85742 0.380858 0.859374 0.382811 0.861328 0.396486 0.847656 0.394533 0.845702 0.394533 0.843748 0.39258 0.841799
0 0.777344 0.294924 0.773438 0.298827 0.771485 0.298827 0.765626 0.304688 0.763673 0.304688 0.76172 0.306642 0.767579 0.312499 0.77539 0.304688 0.777344 0.304688 0.783202 0.298827 0.781249 0.298827
0 0.578124 0.841799 0.572265 0.847656 0.572265 0.849609 0.574219 0.851563 0.574219 0.853517 0.576171 0.855471 0.576171 0.859374 0.578124 0.861328 0.578124 0.863282 0.583983 0.85742 0.583983 0.855471 0.58203 0.853517 0.58203 0.851563 0.580077 0.849609 0.580077 0.845702 0.578124 0.843748
0 0.041016 0.373046 0.039063 0.375 0.035157 0.375 0.035157 0.376954 0.03711 0.378908 0.03711 0.380862 0.039063 0.382811 0.039063 0.386719 0.041016 0.388672 0.041016 0.390626 0.044922 0.386719 0.046875 0.386719 0.046875 0.384765 0.044922 0.382811 0.044922 0.380862 0.042969 0.378908 0.042969 0.376954 0.041016 0.375
0 0.603517 0.927736 0.601564 0.929686 0.599611 0.929686 0.597658 0.931639 0.593752 0.931639 0.595705 0.933593 0.595705 0.935547 0.597658 0.937501 0.597658 0.939455 0.599611 0.941404 0.599611 0.943358 0.603517 0.947266 0.603517 0.94922 0.60547 0.951173 0.60547 0.953123 0.607422 0.955077 0.607422 0.95703 0.609375 0.958984 0.617187 0.951173 0.615234 0.94922 0.615234 0.947266 0.613281 0.945312 0.613281 0.943358 0.609375 0.939455 0.609375 0.937501 0.607422 0.935547 0.607422 0.933593 0.60547 0.931639 0.60547 0.929686
0 0.525391 0.058594 0.521486 0.062501 0.519533 0.062501 0.51758 0.064455 0.519533 0.066405 0.519533 0.068359 0.521486 0.070312 0.521486 0.072266 0.523439 0.07422 0.523439 0.076174 0.525391 0.078123 0.525391 0.080077 0.527344 0.082031 0.53125 0.078123 0.533203 0.078123 0.533203 0.076174 0.53125 0.07422 0.53125 0.072266 0.529297 0.070312 0.529297 0.066405 0.527344 0.064455 0.527344 0.062501 0.525391 0.060548
0 0.140623 0.570313 0.13867 0.572267 0.136717 0.572267 0.134764 0.57422 0.130859 0.57422 0.130859 0.57617 0.132812 0.578124 0.132812 0.583985 0.134764 0.585939 0.134764 0.591796 0.136717 0.59375 0.136717 0.599612 0.13867 0.601561 0.13867 0.607422 0.140623 0.609376 0.140623 0.61133 0.142576 0.609376 0.144529 0.609376 0.14844 0.605469 0.150393 0.605469 0.150393 0.603515 0.14844 0.601561 0.14844 0.595704 0.146487 0.59375 0.146487 0.589842 0.144529 0.587888 0.144529 0.582031 0.142576 0.580077 0.142576 0.57422 0.140623 0.572267
0 0.066409 0.251953 0.062498 0.25586 0.060545 0.25586 0.060545 0.259763 0.062498 0.261717 0.062498 0.267579 0.064451 0.269533 0.064451 0.273436 0.066409 0.271487 0.072267 0.271487 0.072267 0.269533 0.070314 0.267579 0.070314 0.263671 0.068362 0.261717 0.068362 0.25586 0.066409 0.253906
0 0.439455 0.103514 0.435549 0.107422 0.435549 0.109376 0.437501 0.11133 0.437501 0.113284 0.439455 0.115233 0.439455 0.117187 0.441407 0.119141 0.441407 0.121094 0.445313 0.117187 0.447266 0.117187 0.449219 0.115233 0.44336 0.109376 0.44336 0.107422
0 0.734375 0.650389 0.728516 0.65625 0.728516 0.658204 0.730469 0.660158 0.730469 0.662108 0.732422 0.664061 0.732422 0.666015 0.734375 0.667969 0.734375 0.669923 0.736328 0.671877 0.736328 0.673826 0.738281 0.671877 0.740234 0.671877 0.742187 0.669923 0.744139 0.669923 0.742187 0.667969 0.742187 0.666015 0.740234 0.664061 0.740234 0.662108 0.738281 0.660158 0.738281 0.658204 0.736328 0.65625 0.736328 0.654297 0.734375 0.652343
0 0.50781 0.066405 0.505858 0.068359 0.503905 0.068359 0.501952 0.070312 0.499999 0.070312 0.501952 0.072266 0.501952 0.07422 0.505858 0.078123 0.505858 0.080077 0.50781 0.082031 0.50781 0.083985 0.509763 0.085939 0.511721 0.083985 0.51758 0.083985 0.515627 0.082031 0.515627 0.080077 0.513674 0.078123 0.513674 0.076174 0.511721 0.07422 0.511721 0.072266 0.509763 0.070312 0.509763 0.068359
0 0.630857 0.41211 0.628904 0.414063 0.623046 0.414063 0.623046 0.416017 0.624998 0.417967 0.624998 0.41992 0.626951 0.421874 0.626951 0.423828 0.628904 0.425782 0.628904 0.429685 0.630857 0.431639 0.630857 0.433593 0.63281 0.435547 0.63281 0.437501 0.636721 0.433593 0.638674 0.433593 0.640626 0.431639 0.638674 0.429685 0.638674 0.427736 0.636721 0.425782 0.636721 0.423828 0.634768 0.421874 0.634768 0.41992 0.63281 0.417967 0.63281 0.416017 0.630857 0.414063
0 0.558595 0.041014 0.55469 0.044921 0.556643 0.046875 0.556643 0.048829 0.558595 0.050783 0.558595 0.052732 0.560548 0.054686 0.560548 0.05664 0.562501 0.058594 0.562501 0.060548 0.566407 0.05664 0.564454 0.054686 0.564454 0.052732 0.562501 0.050783 0.562501 0.048829 0.560548 0.046875 0.560548 0.044921 0.558595 0.042968
1 0.232424 0.933593 0.232424 0.941404 0.234376 0.943358 0.234376 0.958984 0.23633 0.960938 0.23633 0.976565 0.238282 0.978514 0.238282 0.986329 0.240235 0.984375 0.251952 0.984375 0.251952 0.980468 0.25 0.978514 0.25 0.970703 0.248047 0.968749 0.248047 0.960938 0.246094 0.958984 0.246094 0.94922 0.244141 0.947266 0.244141 0.939455 0.242188 0.937501 0.242188 0.933593
0 0.603517 0.898438 0.601564 0.900391 0.599611 0.900391 0.595705 0.904295 0.593752 0.904295 0.599611 0.910156 0.599611 0.91211 0.60547 0.917967 0.607422 0.916018 0.607422 0.914064 0.609375 0.91211 0.609375 0.910156 0.607422 0.908202 0.607422 0.906248 0.60547 0.904295 0.60547 0.902345 0.603517 0.900391
0 0.460936 0.617187 0.457031 0.621095 0.457031 0.623049 0.458983 0.624998 0.458983 0.626952 0.460936 0.628906 0.460936 0.632813 0.462889 0.634767 0.462889 0.636717 0.466795 0.632813 0.468748 0.632813 0.470706 0.630859 0.468748 0.628906 0.468748 0.626952 0.462889 0.621095 0.462889 0.619141
0 0.601564 0.046875 0.597658 0.050783 0.595705 0.050783 0.589841 0.05664 0.587889 0.05664 0.585936 0.058594 0.587889 0.060548 0.587889 0.062501 0.589841 0.064455 0.591794 0.062501 0.593752 0.062501 0.597658 0.058594 0.599611 0.058594 0.603517 0.054686 0.60547 0.054686 0.603517 0.052732 0.603517 0.050783 0.601564 0.048829
0 0.203125 0.798827 0.203125 0.800781 0.205078 0.802735 0.205078 0.808592 0.207031 0.810546 0.207031 0.816407 0.208984 0.818361 0.208984 0.822265 0.210937 0.820311 0.214843 0.820311 0.214843 0.818361 0.21289 0.816407 0.21289 0.810546 0.210937 0.808592 0.210937 0.802735 0.208984 0.800781 0.208984 0.798827
0 0.980469 0.65625 0.980469 0.658204 0.978515 0.660158 0.978515 0.662108 0.976563 0.664061 0.976563 0.666015 0.978515 0.666015 0.980469 0.667969 0.982421 0.667969 0.984374 0.669923 0.986327 0.669923 0.990233 0.673826 0.992186 0.673826 0.994139 0.67578 0.996092 0.67578 0.998044 0.677734 0.998044 0.67578 1 0.673826 1 0.671877 1 0.669923 1 0.669923 0.996092 0.666015 0.994139 0.666015 0.990233 0.662108 0.98828 0.662108 0.984374 0.658204 0.982421 0.658204
0 0.132812 0.535157 0.130859 0.537111 0.128906 0.537111 0.126953 0.539065 0.125 0.539065 0.125 0.541014 0.126953 0.542968 0.126953 0.546876 0.128906 0.548829 0.128906 0.554686 0.130859 0.55664 0.130859 0.558594 0.132812 0.55664 0.13867 0.55664 0.13867 0.554686 0.136717 0.552733 0.136717 0.546876 0.134764 0.544922 0.134764 0.539065 0.132812 0.537111
0 0.585936 0.943358 0.58203 0.947266 0.580077 0.947266 0.580077 0.94922 0.58203 0.951173 0.58203 0.953123 0.583983 0.955077 0.583983 0.95703 0.585936 0.958984 0.585936 0.960938 0.587889 0.962892 0.587889 0.964846 0.591794 0.960938 0.593752 0.960938 0.593752 0.958984 0.591794 0.95703 0.591794 0.955077 0.589841 0.953123 0.589841 0.951173 0.587889 0.94922 0.587889 0.947266 0.585936 0.945312
0 0.574219 0.941404 0.572265 0.943358 0.564454 0.943358 0.564454 0.945312 0.566407 0.947266 0.566407 0.953123 0.56836 0.955077 0.56836 0.960938 0.570313 0.962892 0.570313 0.964846 0.572265 0.962892 0.580077 0.962892 0.580077 0.960938 0.578124 0.958984 0.578124 0.953123 0.576171 0.951173 0.576171 0.945312 0.574219 0.943358
0 0.50781 0.947266 0.50781 0.955077 0.509763 0.95703 0.509763 0.964846 0.513674 0.964846 0.515627 0.966795 0.515627 0.958984 0.51758 0.95703 0.51758 0.951173 0.513674 0.951173 0.511721 0.94922 0.509763 0.94922
0 0.386717 0.759764 0.384764 0.761718 0.382811 0.761718 0.380858 0.763672 0.378905 0.763672 0.378905 0.765625 0.380858 0.767579 0.380858 0.769533 0.382811 0.771483 0.382811 0.77539 0.384764 0.777344 0.384764 0.779298 0.386717 0.777344 0.388669 0.777344 0.390627 0.77539 0.39258 0.77539 0.39258 0.773436 0.390627 0.771483 0.390627 0.769533 0.388669 0.767579 0.388669 0.763672 0.386717 0.761718
0 0.117188 0.591796 0.113283 0.595704 0.11133 0.595704 0.11133 0.601561 0.113283 0.603515 0.113283 0.609376 0.115236 0.607422 0.117188 0.607422 0.119141 0.605469 0.121094 0.605469 0.121094 0.603515 0.119141 0.601561 0.119141 0.595704 0.117188 0.59375
0 0.341795 0.212889 0.339842 0.214843 0.337889 0.214843 0.335937 0.216797 0.333984 0.216797 0.335937 0.218751 0.335937 0.220705 0.337889 0.222659 0.337889 0.224608 0.339842 0.226562 0.339842 0.228516 0.341795 0.226562 0.343748 0.226562 0.345701 0.224608 0.347654 0.224608 0.345701 0.222659 0.345701 0.220705 0.343748 0.218751 0.343748 0.216797 0.341795 0.214843
0 0.132812 0.472656 0.130859 0.47461 0.125 0.47461 0.125 0.476564 0.126953 0.478513 0.126953 0.484375 0.128906 0.486329 0.128906 0.492186 0.130859 0.49414 0.130859 0.500001 0.132812 0.501955 0.132812 0.503904 0.134764 0.501955 0.13867 0.501955 0.13867 0.498047 0.136717 0.496094 0.136717 0.488283 0.134764 0.486329 0.134764 0.478513 0.132812 0.476564
0 0.185544 0.875 0.183592 0.876954 0.177733 0.876954 0.177733 0.880857 0.179686 0.882811 0.179686 0.888673 0.181639 0.890627 0.181639 0.89453 0.183592 0.892576 0.189455 0.892576 0.189455 0.888673 0.187502 0.886719 0.187502 0.880857 0.185544 0.878908
0 0.146487 0.710936 0.144529 0.71289 0.142576 0.71289 0.140623 0.714843 0.136717 0.714843 0.136717 0.716797 0.13867 0.718751 0.13867 0.722654 0.140623 0.724608 0.140623 0.728516 0.142576 0.73047 0.142576 0.732424 0.144529 0.73047 0.152345 0.73047 0.152345 0.728516 0.150393 0.726562 0.150393 0.722654 0.14844 0.720705 0.14844 0.714843 0.146487 0.71289
0 0.371094 0.791016 0.369141 0.79297 0.363282 0.79297 0.363282 0.79492 0.365235 0.796874 0.365235 0.798827 0.367188 0.800781 0.367188 0.802735 0.369141 0.804689 0.369141 0.806643 0.371094 0.804689 0.376952 0.804689 0.376952 0.802735 0.374999 0.800781 0.374999 0.798827 0.373046 0.796874 0.373046 0.79492 0.371094 0.79297