0 0.064453 0.976565 0.064453 0.984374 0.082032 0.984374 0.082032 0.980467 0.083985 0.978516 0.083985 0.976565
0 0.34375 0.978516 0.34375 0.98633 0.363281 0.98633 0.363281 0.978516
0 0.460935 0.068361 0.45703 0.072268 0.458982 0.074219 0.458982 0.07617 0.464845 0.082033 0.464845 0.083984 0.466798 0.085936 0.470703 0.082033 0.468751 0.080077 0.468751 0.078126 0.462893 0.072268 0.462893 0.070312
0 0.945312 0.667967 0.94336 0.669923 0.939454 0.669923 0.939454 0.675781 0.941407 0.677733 0.941407 0.683595 0.949218 0.683595 0.949218 0.68164 0.947265 0.679688 0.947265 0.67383 0.945312 0.671874
0 0.855469 0.556641 0.851564 0.560548 0.849612 0.560548 0.851564 0.5625 0.853517 0.5625 0.857422 0.566407 0.859375 0.564451 0.86328 0.564451
0 0.171875 0.01172 0.169922 0.013671 0.164064 0.013671 0.166017 0.015627 0.166017 0.017578 0.167969 0.01953 0.167969 0.021485 0.169922 0.023437 0.169922 0.025392 0.171875 0.023437 0.173827 0.023437 0.173827 0.01953 0.171875 0.017578
0 0.95117 0.693361 0.95117 0.695312 0.953123 0.697268 0.953123 0.703126 0.955076 0.705077 0.955076 0.707033 0.960939 0.707033 0.960939 0.705077 0.958986 0.703126 0.958986 0.697268 0.957033 0.695312 0.957033 0.693361
0 0.179686 0.09375 0.177733 0.095701 0.173827 0.095701 0.173827 0.099608 0.17578 0.101564 0.17578 0.107422 0.177733 0.105471 0.181643 0.105471 0.181643 0.101564 0.179686 0.099608
0 0.585936 0.929689 0.585936 0.93164 0.583983 0.933592 0.589841 0.933592 0.591799 0.935547 0.597657 0.935547 0.59961 0.937499 0.59961 0.93164 0.587888 0.93164
0 0.619141 0.972657 0.619141 0.982423 0.634768 0.982423 0.634768 0.974609 0.621094 0.974609
0 0.105469 0.236327 0.105469 0.238283 0.107422 0.240234 0.107422 0.242186 0.107422 0.240234 0.105469 0.238283
0 0.289065 0.533204 0.289065 0.537111 0.291018 0.539062 0.291018 0.54492 0.29297 0.546876 0.29297 0.550783 0.294923 0.548827 0.300781 0.548827 0.300781 0.546876 0.298828 0.54492 0.298828 0.539062 0.296876 0.537111 0.296876 0.533204
0 0.478514 0.144532 0.478514 0.146484 0.476561 0.148439 0.480467 0.152342 0.480467 0.154297 0.482419 0.156249 0.48633 0.152342 0.488282 0.152342 0.48633 0.150391 0.484377 0.150391
0 0.070311 0.173828 0.070311 0.185545 0.076174 0.185545 0.076174 0.173828
0 0.421877 0.005857 0.417971 0.009764 0.419924 0.01172 0.419924 0.013671 0.421877 0.015627 0.421877 0.017578 0.423829 0.01953 0.425782 0.017578 0.427735 0.017578 0.425782 0.015627 0.425782 0.013671 0.423829 0.01172 0.423829 0.009764 0.421877 0.007813
0 0.501951 0.173828 0.498046 0.177735 0.499998 0.179687 0.499998 0.181642 0.501951 0.183594 0.501951 0.185545 0.503904 0.187501 0.503904 0.189452 0.505862 0.191408 0.507814 0.189452 0.507814 0.187501 0.509767 0.185545 0.507814 0.183594 0.507814 0.181642 0.503904 0.177735 0.503904 0.17578
0 0.416014 0.044923 0.412108 0.04883 0.414061 0.050781 0.414061 0.052733 0.417971 0.05664 0.417971 0.058595 0.419924 0.060547 0.423829 0.05664 0.421877 0.054688 0.421877 0.052733 0.417971 0.04883 0.417971 0.046874
0 0.533204 0.878907 0.529299 0.882814 0.533204 0.886721 0.535156 0.886721 0.541014 0.892579 0.541014 0.890623 0.542967 0.888672
0 0.314455 0.929689 0.314455 0.939454 0.330076 0.939454 0.330076 0.935547 0.332034 0.933592 0.332034 0.93164 0.316407 0.93164
0 0.394529 0.939454 0.394529 0.947264 0.410156 0.947264 0.410156 0.941406 0.396487 0.941406
0 0.447266 0.759767 0.443361 0.763674 0.441408 0.763674 0.439451 0.765625 0.441408 0.767576 0.441408 0.769532 0.447266 0.77539 0.447266 0.777342 0.449219 0.779297 0.451172 0.777342 0.453124 0.777342 0.455077 0.77539 0.45703 0.77539 0.455077 0.773439 0.455077 0.771483 0.451172 0.767576 0.451172 0.765625 0.449219 0.763674 0.449219 0.761718
0 0.488282 0.125002 0.488282 0.13086 0.496093 0.13086 0.496093 0.126953 0.490235 0.126953
0 0.23047 0.566407 0.23047 0.580079 0.236328 0.580079 0.236328 0.566407
0 0.169922 0.054688 0.169922 0.05664 0.171875 0.058595 0.171875 0.064454 0.173827 0.066405 0.173827 0.070312 0.17578 0.068361 0.181643 0.068361 0.181643 0.066405 0.179686 0.064454 0.179686 0.062498 0.177733 0.060547 0.177733 0.058595 0.17578 0.05664 0.17578 0.054688
0 0.001952 0.878907 0.001952 0.884765 0.011721 0.884765 0.013673 0.886721 0.013673 0.878907
0 0.470703 0.794921 0.464845 0.80078 0.470703 0.806642 0.470703 0.808594 0.474609 0.8125 0.478514 0.808594 0.476561 0.806642 0.476561 0.804687 0.474609 0.802735 0.474609 0.80078 0.472656 0.798828 0.472656 0.796877
0 0.156249 0.998047 0.156249 1 0.154296 1 0.154296 1 0.169922 1 0.169922 0.998047
0 0.439451 0.078126 0.435545 0.082033 0.433593 0.082033 0.443361 0.091798 0.443361 0.089843 0.445314 0.087891 0.443361 0.085936 0.443361 0.083984 0.441408 0.082033 0.441408 0.080077
1 0.027342 0.396484 0.025389 0.398436 0.023437 0.398436 0.019531 0.402343 0.017579 0.402343 0.015626 0.404298 0.013673 0.404298 0.009768 0.408201 0.007811 0.408201 0.005858 0.410157 0.003905 0.410157 0 0.414064 0 0.414064 0 0.417971 0 0.419922 0 0.423829 0.001952 0.421873 0.003905 0.421873 0.007811 0.417971 0.009768 0.417971 0.011721 0.416015 0.013673 0.416015 0.017579 0.412108 0.019531 0.412108 0.021484 0.410157 0.023437 0.410157 0.025389 0.408201 0.027342 0.408201 0.031252 0.404298 0.033205 0.404298 0.029295 0.400391 0.029295 0.398436
0 0.404298 0.027344 0.402345 0.029295 0.400392 0.029295 0.400392 0.031251 0.402345 0.033202 0.402345 0.035158 0.404298 0.037109 0.404298 0.039065 0.40625 0.041016 0.40625 0.042967 0.410156 0.039065 0.408203 0.037109 0.408203 0.035158 0.40625 0.033202 0.40625 0.031251 0.404298 0.029295
0 0.425782 0.060547 0.421877 0.064454 0.427735 0.070312 0.427735 0.072268 0.43164 0.07617 0.435545 0.072268 0.429687 0.066405 0.429687 0.064454
0 0.886717 0.591796 0.884764 0.593751 0.882812 0.593751 0.880859 0.595703 0.878906 0.595703 0.88867 0.605468 0.890623 0.603517 0.89258 0.603517 0.894533 0.601561 0.896486 0.601561
0 0.466798 0.121094 0.464845 0.123046 0.460935 0.123046 0.460935 0.125002 0.462893 0.126953 0.462893 0.128904 0.464845 0.13086 0.464845 0.132811 0.466798 0.134767 0.466798 0.136718 0.468751 0.134767 0.470703 0.134767 0.472656 0.132811 0.474609 0.132811 0.472656 0.13086 0.472656 0.128904 0.468751 0.125002 0.468751 0.123046
0 0.138674 0.017578 0.136717 0.01953 0.132811 0.01953 0.132811 0.021485 0.134764 0.023437 0.134764 0.027344 0.136717 0.029295 0.136717 0.033202 0.138674 0.035158 0.138674 0.037109 0.140627 0.035158 0.14258 0.035158 0.144532 0.033202 0.146485 0.033202 0.144532 0.031251 0.144532 0.029295 0.14258 0.027344 0.14258 0.025392 0.140627 0.023437 0.140627 0.021485 0.138674 0.01953
0 0.044921 0.960936 0.044921 0.966795 0.056642 0.966795 0.058595 0.96875 0.058595 0.962892 0.046874 0.962892
0 0.384766 0 0.38086 0 0.38086 0.001955 0.382813 0.003906 0.382813 0.005857 0.384766 0.007813 0.384766 0.009764 0.388671 0.005857 0.388671 0.003906 0.386719 0.001955 0.386719 0 0.384766 0
0 0.429687 0.935547 0.429687 0.943361 0.449219 0.943361 0.449219 0.939454 0.451172 0.937499 0.451172 0.935547
0 0.507814 0.156249 0.507814 0.164063 0.517577 0.164063 0.517577 0.158205 0.509767 0.158205
0 0.259765 0.769532 0.259765 0.777342 0.257812 0.779297 0.257812 0.785156 0.26367 0.785156 0.26367 0.777342 0.265623 0.77539 0.265623 0.769532
0 0.902344 0.605468 0.898438 0.609375 0.896486 0.609375 0.906249 0.61914 0.910154 0.615233 0.906249 0.611326 0.906249 0.609375
0 0.207033 0.169921 0.20508 0.171877 0.199217 0.171877 0.199217 0.173828 0.20117 0.17578 0.20117 0.179687 0.203127 0.181642 0.203127 0.185545 0.20508 0.187501 0.20508 0.189452 0.207033 0.187501 0.212891 0.187501 0.212891 0.185545 0.210938 0.183594 0.210938 0.179687 0.208985 0.177735 0.208985 0.173828 0.207033 0.171877
0 0.451172 0.097657 0.449219 0.099608 0.447266 0.099608 0.445314 0.101564 0.443361 0.101564 0.451172 0.109373 0.453124 0.107422 0.45703 0.107422 0.455077 0.105471 0.455077 0.103515 0.453124 0.101564 0.453124 0.099608
0 0.97656 0.8125 0.972655 0.816407 0.974607 0.818359 0.974607 0.820315 0.97656 0.822266 0.97656 0.824217 0.978518 0.826173 0.98047 0.824217 0.982423 0.824217 0.98047 0.822266 0.98047 0.820315 0.978518 0.818359 0.978518 0.816407 0.97656 0.814452
0 0.919923 0.632813 0.91797 0.634764 0.914064 0.634764 0.914064 0.63672 0.916017 0.638671 0.916017 0.642578 0.91797 0.64453 0.91797 0.646485 0.919923 0.64453 0.921875 0.64453 0.923828 0.642578 0.925781 0.642578 0.923828 0.640627 0.923828 0.638671 0.921875 0.63672 0.921875 0.634764
0 0.26367 0.179687 0.261718 0.181642 0.257812 0.181642 0.257812 0.187501 0.259765 0.189452 0.259765 0.197266 0.261718 0.195315 0.265623 0.195315 0.265623 0.189452 0.26367 0.187501
0 0.019531 0.054688 0.015626 0.058595 0.017579 0.060547 0.017579 0.062498 0.019531 0.064454 0.019531 0.066405 0.021484 0.068361 0.025389 0.064454 0.023437 0.062498 0.023437 0.060547 0.021484 0.058595 0.021484 0.05664
0 0.253907 0.658202 0.253907 0.67383 0.261718 0.67383 0.261718 0.667967 0.259765 0.666016 0.259765 0.658202
0 0.138674 0 0.136717 0 0.130859 0 0.130859 0 0.132811 0 0.132811 0 0.134764 0 0.134764 0.005857 0.136717 0.007813 0.136717 0.009764 0.138674 0.007813 0.14258 0.007813 0.14258 0.003906 0.140627 0.001955 0.140627 0 0.138674 0
0 0.060547 0.134767 0.058595 0.136718 0.054689 0.136718 0.054689 0.138674 0.056642 0.140625 0.056642 0.142577 0.058595 0.144532 0.058595 0.146484 0.060547 0.148439 0.060547 0.150391 0.0625 0.148439 0.066406 0.148439 0.066406 0.146484 0.064453 0.144532 0.064453 0.142577 0.0625 0.140625 0.0625 0.138674 0.060547 0.136718
0 0.064453 0.36914 0.0625 0.371095 0.060547 0.371095 0.058595 0.373047 0.054689 0.373047 0.052737 0.374998 0.050779 0.374998 0.054689 0.378905 0.054689 0.380861 0.056642 0.382812 0.0625 0.376954 0.064453 0.376954 0.068358 0.373047
0 0.183596 0.460939 0.183596 0.470705 0.20117 0.470705 0.20117 0.46289 0.185548 0.46289
0 0.099611 0.308592 0.099611 0.316406 0.097658 0.318362 0.097658 0.32422 0.103516 0.32422 0.105469 0.326171 0.105469 0.318362 0.107422 0.316406 0.107422 0.308592
0 0.289065 0.916017 0.289065 0.925782 0.308592 0.925782 0.308592 0.923826 0.310549 0.921875 0.310549 0.919924 0.300781 0.919924 0.298828 0.917968 0.291018 0.917968
0 0.080079 0.345702 0.080079 0.347658 0.078126 0.349609 0.078126 0.351565 0.076174 0.353516 0.076174 0.355467 0.080079 0.359374 0.082032 0.357423 0.082032 0.355467 0.085937 0.351565 0.085937 0.349609 0.08789 0.347658 0.082032 0.347658
1 0.261718 0.705077 0.259765 0.707033 0.253907 0.707033 0.253907 0.71875 0.25586 0.720701 0.25586 0.734373 0.265623 0.734373 0.265623 0.728515 0.26367 0.726564 0.26367 0.712891 0.261718 0.710936
0 0.410156 0 0.408203 0 0.40625 0 0.40625 0 0.408203 0 0.408203 0 0.410156 0 0.410156 0 0.412108 0 0.412108 0.001955 0.416014 0 0.417971 0 0.416014 0 0.416014 0 0.412108 0 0.412108 0
0 0.361329 0.58203 0.359376 0.583986 0.355471 0.583986 0.355471 0.585937 0.357423 0.587889 0.357423 0.589844 0.359376 0.591796 0.359376 0.593751 0.361329 0.595703 0.361329 0.597658 0.363281 0.595703 0.367187 0.595703 0.367187 0.593751 0.365234 0.591796 0.365234 0.589844 0.363281 0.587889 0.363281 0.585937 0.361329 0.583986
0 0.882812 0.992188 0.882812 0.996095 0.880859 0.998047 0.880859 0.999998 0.896486 0.999998 0.898438 1 0.898438 0.999998 0.900391 0.998047 0.896486 0.998047 0.894533 0.996095 0.890623 0.996095 0.88867 0.99414 0.884764 0.99414
0 0.105469 0.283203 0.105469 0.289061 0.103516 0.291017 0.103516 0.296875 0.109374 0.296875 0.109374 0.291017 0.111327 0.289061 0.111327 0.283203
0 0.476561 0.089843 0.472656 0.09375 0.470703 0.09375 0.474609 0.097657 0.474609 0.099608 0.478514 0.103515 0.482419 0.099608 0.480467 0.097657 0.480467 0.095701 0.478514 0.09375 0.478514 0.091798
0 0.248049 0.876955 0.248049 0.886721 0.250001 0.886721 0.251954 0.888672 0.253907 0.888672 0.25586 0.890623 0.25586 0.884765 0.253907 0.882814 0.253907 0.876955
0 0.910154 0.61914 0.910154 0.624999 0.908201 0.626954 0.908201 0.632813 0.916017 0.632813 0.916017 0.61914
0 0.248049 0.246093 0.246096 0.248048 0.242186 0.248048 0.242186 0.253907 0.244139 0.255858 0.244139 0.261721 0.246096 0.259765 0.251954 0.259765 0.251954 0.257814 0.250001 0.255858 0.250001 0.25 0.248049 0.248048
0 0.275391 0.345702 0.275391 0.347658 0.277344 0.349609 0.277344 0.353516 0.279297 0.355467 0.279297 0.357423 0.283202 0.357423 0.283202 0.355467 0.281249 0.353516 0.281249 0.349609 0.279297 0.347658 0.279297 0.345702
0 0.378908 0.513673 0.376955 0.515624 0.373045 0.515624 0.373045 0.52539 0.375002 0.523438 0.38086 0.523438 0.38086 0.519531 0.378908 0.51758
0 0.392577 0.01172 0.390624 0.013671 0.390624 0.015627 0.388671 0.017578 0.398439 0.027344 0.400392 0.027344 0.402345 0.025392 0.402345 0.023437 0.396487 0.017578 0.396487 0.015627
1 0.199217 0.988281 0.199217 1 0.216796 1 0.218749 1 0.234375 1 0.236328 1 0.236328 0.999998 0.238281 0.998047 0.238281 0.992188 0.220702 0.992188 0.218749 0.990232 0.20117 0.990232
0 0.43164 0.023437 0.427735 0.027344 0.43164 0.031251 0.43164 0.033202 0.435545 0.037109 0.439451 0.033202 0.435545 0.029295 0.435545 0.027344
0 0.017579 0.98633 0.017579 0.992188 0.031252 0.992188 0.031252 0.98633
0 0.193359 0.091798 0.191406 0.09375 0.187501 0.09375 0.187501 0.095701 0.189454 0.097657 0.189454 0.103515 0.191406 0.105471 0.191406 0.109373 0.193359 0.107422 0.195312 0.107422 0.195312 0.101564 0.193359 0.099608
0 0.240233 0.576172 0.240233 0.593751 0.250001 0.593751 0.250001 0.576172
0 0.291018 0.341795 0.289065 0.34375 0.287107 0.34375 0.287107 0.345702 0.289065 0.347658 0.289065 0.349609 0.291018 0.351565 0.291018 0.353516 0.294923 0.353516 0.294923 0.351565 0.29297 0.349609 0.29297 0.345702 0.291018 0.34375
0 0.015626 0.017578 0.015626 0.01953 0.013673 0.021485 0.013673 0.025392 0.015626 0.027344 0.015626 0.031251 0.017579 0.029295 0.019531 0.029295 0.019531 0.027344 0.017579 0.025392 0.017579 0.021485 0.015626 0.01953
0 0.511719 0.189452 0.507814 0.193359 0.511719 0.197266 0.511719 0.199217 0.513672 0.201173 0.517577 0.197266 0.513672 0.193359 0.513672 0.191408
0 0.26367 0.386719 0.261718 0.38867 0.257812 0.38867 0.257812 0.390626 0.259765 0.392577 0.259765 0.396484 0.261718 0.398436 0.261718 0.400391 0.265623 0.396484 0.267581 0.396484 0.267581 0.394533 0.265623 0.392577 0.265623 0.390626 0.26367 0.38867
0 0.955076 0.708984 0.955076 0.710936 0.957033 0.712891 0.957033 0.716798 0.958986 0.71875 0.958986 0.720701 0.960939 0.71875 0.964844 0.71875 0.964844 0.714843 0.962891 0.712891 0.962891 0.708984
0 0.220702 0.083984 0.220702 0.085936 0.222654 0.087891 0.222654 0.089843 0.224612 0.091798 0.224612 0.095701 0.226564 0.097657 0.226564 0.099608 0.228517 0.097657 0.23047 0.097657 0.23047 0.095701 0.228517 0.09375 0.228517 0.087891 0.226564 0.085936 0.226564 0.083984
0 0.056642 0.26953 0.054689 0.271486 0.052737 0.271486 0.048827 0.275389 0.046874 0.275389 0.046874 0.277344 0.048827 0.279296 0.048827 0.283203 0.052737 0.279296 0.054689 0.279296 0.058595 0.275389 0.060547 0.275389 0.058595 0.273437 0.058595 0.271486
0 0.642578 0.964843 0.642578 0.966795 0.640626 0.96875 0.640626 0.970702 0.644531 0.970702 0.646484 0.972657 0.650389 0.972657 0.652342 0.974609 0.652342 0.970702 0.654294 0.96875 0.654294 0.966795 0.644531 0.966795
0 0.25586 0.826173 0.25586 0.843748 0.261718 0.843748 0.261718 0.835938 0.26367 0.833982 0.26367 0.826173
0 0.111327 0.23242 0.107422 0.236327 0.107422 0.238283 0.109374 0.240234 0.109374 0.246093 0.111327 0.248048 0.111327 0.251951 0.11328 0.25 0.11719 0.25 0.11719 0.248048 0.115232 0.246093 0.115232 0.242186 0.11328 0.240234 0.11328 0.236327 0.111327 0.234376
0 0.259765 0.980467 0.257812 0.982423 0.236328 0.982423 0.236328 0.990232 0.238281 0.990232 0.240233 0.992188 0.259765 0.992188