1 0.199219 0.57422 0.195315 0.578124 0.195315 0.589845 0.19336 0.591797 0.19336 0.615236 0.191406 0.617188 0.191406 0.640624 0.189452 0.642579 0.189452 0.664063 0.187498 0.666015 0.187498 0.689454 0.185548 0.691406 0.185548 0.714842 0.183594 0.716797 0.183594 0.730467 0.185548 0.732422 0.185548 0.734374 0.222656 0.734374 0.222656 0.732422 0.22461 0.730467 0.22461 0.718749 0.226564 0.716797 0.226564 0.693358 0.228514 0.691406 0.228514 0.66797 0.230469 0.666015 0.230469 0.644531 0.232423 0.642579 0.232423 0.61914 0.234377 0.617188 0.234377 0.593749 0.236327 0.591797 0.236327 0.580079 0.232423 0.576172 0.205077 0.576172 0.203127 0.57422
1 0.894531 0.630858 0.892577 0.632813 0.888672 0.632813 0.888672 0.642579 0.886718 0.644531 0.886718 0.664063 0.884764 0.666015 0.884764 0.685547 0.882814 0.687499 0.882814 0.707031 0.88086 0.708983 0.88086 0.730467 0.878906 0.732422 0.878906 0.751955 0.876952 0.753906 0.876952 0.773439 0.875002 0.775391 0.875002 0.794923 0.873048 0.796875 0.873048 0.816407 0.871094 0.818359 0.871094 0.828125 0.873048 0.830077 0.873048 0.832032 0.896485 0.832032 0.898439 0.833984 0.919922 0.833984 0.921876 0.835939 0.921876 0.824218 0.923826 0.822266 0.923826 0.806641 0.925781 0.804689 0.925781 0.789064 0.927735 0.787109 0.927735 0.771484 0.929689 0.769532 0.929689 0.753906 0.931639 0.751955 0.931639 0.73633 0.933593 0.734374 0.933593 0.720705 0.935547 0.718749 0.935547 0.703124 0.937501 0.701172 0.937501 0.685547 0.939451 0.683595 0.939451 0.66797 0.941406 0.666015 0.941406 0.65039 0.94336 0.648438 0.94336 0.640624 0.941406 0.638672 0.941406 0.63672 0.939451 0.634765 0.917968 0.634765 0.916014 0.632813 0.896485 0.632813
0 0.197265 0.107422 0.19336 0.111329 0.191406 0.111329 0.187498 0.115233 0.185548 0.115233 0.18164 0.11914 0.179686 0.11914 0.179686 0.124999 0.18164 0.126954 0.18164 0.130858 0.183594 0.132813 0.183594 0.134765 0.185548 0.136717 0.185548 0.140624 0.187498 0.14258 0.187498 0.144531 0.189452 0.146483 0.189452 0.15039 0.191406 0.152342 0.191406 0.154297 0.19336 0.156249 0.19336 0.160156 0.195315 0.162108 0.195315 0.166015 0.197265 0.167967 0.197265 0.169923 0.199219 0.171875 0.199219 0.175781 0.201173 0.177733 0.201173 0.179688 0.203127 0.18164 0.203127 0.185548 0.205077 0.185548 0.208985 0.189455 0.210939 0.1875 0.21289 0.1875 0.216798 0.183592 0.218752 0.183592 0.220702 0.18164 0.222656 0.18164 0.226564 0.177733 0.228514 0.177733 0.228514 0.17383 0.230469 0.171875 0.230469 0.167967 0.228514 0.166015 0.228514 0.164063 0.226564 0.162108 0.226564 0.158205 0.22461 0.156249 0.22461 0.152342 0.222656 0.15039 0.222656 0.148438 0.220702 0.146483 0.220702 0.14258 0.218752 0.140624 0.218752 0.138672 0.216798 0.136717 0.216798 0.132813 0.214844 0.130858 0.214844 0.128906 0.21289 0.126954 0.21289 0.123047 0.210939 0.121095 0.210939 0.117188 0.208985 0.115233 0.208985 0.113281 0.207031 0.111329 0.207031 0.109374 0.205077 0.107422
1 0.958984 0.628906 0.95703 0.630858 0.955076 0.630858 0.955076 0.644531 0.953126 0.646483 0.953126 0.673829 0.951172 0.675781 0.951172 0.703124 0.949218 0.705079 0.949218 0.734374 0.947264 0.73633 0.947264 0.763673 0.945314 0.765625 0.945314 0.792968 0.94336 0.794923 0.94336 0.822266 0.941406 0.824218 0.941406 0.839843 0.94336 0.841798 0.94336 0.84375 0.945314 0.841798 0.984376 0.841798 0.98633 0.839843 0.98633 0.824218 0.98828 0.822266 0.98828 0.791016 0.990234 0.789064 0.990234 0.757814 0.992188 0.755858 0.992188 0.722656 0.994143 0.720705 0.994143 0.689454 0.996093 0.687499 0.996093 0.656249 0.998047 0.654297 0.998047 0.630858 0.960939 0.630858
1 1 0.644531 1 0.646483 1 0.646483 1 0.662108 1 0.664063 1 0.695313 1 0.697265 1 0.728515 1 0.730467 1 0.759766 0.998047 0.761717 0.998047 0.792968 0.996093 0.794923 0.996093 0.826173 0.994143 0.828125 0.994143 0.84375 0.996093 0.845702 0.996093 0.847657 1 0.847657 1 0.849609 1 0.847657 1 0.847657 1 0.837891 1 0.835939 1 0.816407 1 0.814452 1 0.794923 1 0.792968 1 0.773439 1 0.771484 1 0.751955 1 0.75 1 0.730467 1 0.728515 1 0.708983 1 0.707031 1 0.687499 1 0.685547 1 0.666015 1 0.664063 1 0.652345 1 0.65039 1 0.648438 1 0.648438 1 0.646483 1 0.646483 1 0.644531
0 0.71289 0.265625 0.708986 0.269532 0.708986 0.292968 0.710936 0.294923 0.773436 0.294923 0.77539 0.292968 0.77539 0.291016 0.777344 0.289061 0.777344 0.28125 0.77539 0.279298 0.77539 0.269532 0.773436 0.267577 0.773436 0.265625
0 0.88086 0.08789 0.876952 0.091797 0.876952 0.095704 0.875002 0.097656 0.875002 0.115233 0.876952 0.117188 0.949218 0.117188 0.951172 0.11914 0.955076 0.115233 0.95703 0.115233 0.95703 0.113281 0.958984 0.111329 0.958984 0.109374 0.960939 0.107422 0.960939 0.101563 0.958984 0.099608 0.958984 0.093749 0.955076 0.089845 0.953126 0.089845 0.951172 0.08789
0 0.695311 0.183592 0.693361 0.185548 0.630857 0.185548 0.626953 0.189455 0.626953 0.210939 0.628907 0.212891 0.628907 0.214843 0.695311 0.214843 0.699219 0.210939 0.701174 0.210939 0.701174 0.201173 0.699219 0.199218 0.699219 0.1875
0 0.882814 0.220702 0.88086 0.222657 0.878906 0.222657 0.876952 0.224609 0.876952 0.25 0.894531 0.25 0.896485 0.251952 0.91211 0.251952 0.914064 0.253907 0.927735 0.253907 0.929689 0.255859 0.94336 0.255859 0.945314 0.257814 0.949218 0.253907 0.951172 0.253907 0.951172 0.240234 0.953126 0.238282 0.953126 0.230468 0.947264 0.224609 0.947264 0.222657 0.884764 0.222657
0 0.720703 0.138672 0.718749 0.140624 0.716799 0.140624 0.716799 0.152342 0.714844 0.154297 0.714844 0.166015 0.716799 0.167967 0.716799 0.169923 0.718749 0.167967 0.77539 0.167967 0.779298 0.164063 0.779298 0.144531 0.773436 0.138672
1 0.476563 0.583986 0.474608 0.585938 0.470704 0.585938 0.470704 0.597656 0.46875 0.599611 0.46875 0.621095 0.466796 0.623047 0.466796 0.646483 0.464842 0.648438 0.464842 0.671874 0.462892 0.673829 0.462892 0.695313 0.460938 0.697265 0.460938 0.720705 0.458984 0.722656 0.458984 0.746092 0.45703 0.748048 0.45703 0.769532 0.455079 0.771484 0.455079 0.785157 0.45703 0.787109 0.45703 0.791016 0.496092 0.791016 0.496092 0.789064 0.498046 0.787109 0.498046 0.777343 0.5 0.775391 0.5 0.755858 0.501954 0.753906 0.501954 0.734374 0.503904 0.732422 0.503904 0.71289 0.505858 0.710938 0.505858 0.691406 0.507812 0.689454 0.507812 0.669922 0.509767 0.66797 0.509767 0.648438 0.511721 0.646483 0.511721 0.626954 0.513671 0.624999 0.513671 0.60547 0.515625 0.603515 0.515625 0.591797 0.513671 0.589845 0.513671 0.58789 0.496092 0.58789 0.494142 0.585938 0.478517 0.585938
0 0.978518 0.302734 0.976563 0.304686 0.976563 0.306641 0.974609 0.308593 0.974609 0.339843 1 0.339843 1 0.337891 1 0.335936 1 0.324218 1 0.322266 1 0.310548 1 0.308593 1 0.306641 1 0.304686 0.980468 0.304686
1 0.791015 0.61914 0.791015 0.628906 0.789061 0.630858 0.789061 0.652345 0.787111 0.654297 0.787111 0.673829 0.785156 0.675781 0.785156 0.697265 0.783202 0.69922 0.783202 0.720705 0.781248 0.722656 0.781248 0.742189 0.779298 0.74414 0.779298 0.765625 0.777344 0.76758 0.777344 0.787109 0.77539 0.789064 0.77539 0.810548 0.773436 0.8125 0.773436 0.822266 0.77539 0.822266 0.777344 0.824218 0.794923 0.824218 0.796873 0.826173 0.814452 0.826173 0.816406 0.828125 0.816406 0.814452 0.81836 0.8125 0.81836 0.796875 0.820314 0.794923 0.820314 0.779298 0.822265 0.777343 0.822265 0.759766 0.824219 0.757814 0.824219 0.742189 0.826173 0.740233 0.826173 0.724608 0.828127 0.722656 0.828127 0.707031 0.830077 0.705079 0.830077 0.689454 0.832031 0.687499 0.832031 0.669922 0.833985 0.66797 0.833985 0.652345 0.835939 0.65039 0.835939 0.634765 0.837889 0.632813 0.837889 0.624999 0.835939 0.623047 0.835939 0.621095 0.798827 0.621095 0.796873 0.61914
0 0.779298 0.21875 0.777344 0.220702 0.749998 0.220702 0.748048 0.222657 0.718749 0.222657 0.716799 0.224609 0.71289 0.224609 0.71289 0.228516 0.710936 0.230468 0.710936 0.240234 0.71289 0.242189 0.71289 0.251952 0.714844 0.253907 0.718749 0.253907 0.720703 0.251952 0.787111 0.251952 0.791015 0.248048 0.791015 0.236327 0.789061 0.234375 0.789061 0.226564 0.787111 0.224609 0.787111 0.222657 0.785156 0.220702 0.781248 0.220702
0 0.884764 0.130858 0.882814 0.132813 0.88086 0.132813 0.88086 0.134765 0.878906 0.136717 0.878906 0.160156 0.88086 0.162108 0.88086 0.164063 0.937501 0.164063 0.939451 0.162108 0.939451 0.15039 0.941406 0.148438 0.941406 0.136717 0.937501 0.132813 0.935547 0.132813 0.933593 0.130858
1 0.253906 0.576172 0.251952 0.578124 0.251952 0.589845 0.250001 0.591797 0.250001 0.615236 0.248048 0.617188 0.248048 0.640624 0.246094 0.642579 0.246094 0.66797 0.244139 0.669922 0.244139 0.693358 0.242189 0.695313 0.242189 0.718749 0.240235 0.720705 0.240235 0.73633 0.25586 0.73633 0.257814 0.738281 0.273439 0.738281 0.275389 0.740233 0.279297 0.73633 0.279297 0.728515 0.281251 0.726563 0.281251 0.708983 0.283202 0.707031 0.283202 0.689454 0.285156 0.687499 0.285156 0.669922 0.28711 0.66797 0.28711 0.652345 0.289064 0.65039 0.289064 0.632813 0.291014 0.630858 0.291014 0.613281 0.292968 0.611329 0.292968 0.593749 0.294922 0.591797 0.294922 0.583986 0.292968 0.582031 0.292968 0.580079 0.291014 0.578124 0.259764 0.578124 0.257814 0.576172
0 0.164061 0.376952 0.156248 0.384767 0.154298 0.384767 0.142577 0.396485 0.140623 0.396485 0.128906 0.408203 0.126953 0.408203 0.115236 0.419921 0.113282 0.419921 0.109374 0.423828 0.109374 0.427735 0.107424 0.429687 0.107424 0.433594 0.109374 0.435546 0.109374 0.437501 0.121094 0.449219 0.124999 0.449219 0.126953 0.451171 0.130861 0.447267 0.132811 0.447267 0.140623 0.439453 0.142577 0.439453 0.148436 0.433594 0.15039 0.433594 0.158202 0.42578 0.160156 0.42578 0.166015 0.419921 0.167969 0.419921 0.173827 0.414062 0.175781 0.414062 0.183594 0.406251 0.185548 0.406251 0.187498 0.404296 0.187498 0.396485 0.179686 0.38867 0.179686 0.386719 0.171873 0.378908 0.166015 0.378908
0 0.77539 0.175781 0.773436 0.177733 0.755861 0.177733 0.753907 0.179688 0.738282 0.179688 0.736328 0.18164 0.718749 0.18164 0.716799 0.183592 0.714844 0.183592 0.714844 0.185548 0.71289 0.1875 0.71289 0.208984 0.714844 0.210939 0.714844 0.212891 0.716799 0.212891 0.718749 0.214843 0.720703 0.212891 0.779298 0.212891 0.779298 0.210939 0.781248 0.208984 0.781248 0.197266 0.779298 0.195314 0.779298 0.18164 0.777344 0.179688 0.777344 0.177733
1 0.734374 0.60547 0.730469 0.609374 0.730469 0.61914 0.728515 0.621095 0.728515 0.640624 0.726561 0.642579 0.726561 0.662108 0.724611 0.664063 0.724611 0.683595 0.722657 0.685547 0.722657 0.705079 0.720703 0.707031 0.720703 0.724608 0.718749 0.726563 0.718749 0.746092 0.716799 0.748048 0.716799 0.76758 0.714844 0.769532 0.714844 0.789064 0.71289 0.791016 0.71289 0.800782 0.716799 0.804689 0.718749 0.804689 0.720703 0.806641 0.732423 0.806641 0.734374 0.808593 0.746094 0.808593 0.748048 0.810548 0.759765 0.810548 0.761719 0.8125 0.761719 0.810548 0.763673 0.808593 0.763673 0.802734 0.765623 0.800782 0.765623 0.787109 0.767577 0.785157 0.767577 0.771484 0.769531 0.769532 0.769531 0.757814 0.771486 0.755858 0.771486 0.742189 0.773436 0.740233 0.773436 0.726563 0.77539 0.724608 0.77539 0.710938 0.777344 0.708983 0.777344 0.697265 0.779298 0.695313 0.779298 0.68164 0.781248 0.679688 0.781248 0.666015 0.783202 0.664063 0.783202 0.652345 0.785156 0.65039 0.785156 0.63672 0.787111 0.634765 0.787111 0.621095 0.789061 0.61914 0.789061 0.613281 0.787111 0.611329 0.787111 0.609374 0.767577 0.609374 0.765623 0.607422 0.746094 0.607422 0.74414 0.60547
0 0.462892 0.033204 0.458984 0.037111 0.45703 0.037111 0.451171 0.04297 0.449217 0.04297 0.443359 0.048829 0.441405 0.048829 0.4375 0.052736 0.435546 0.052736 0.429688 0.058595 0.427734 0.058595 0.42578 0.060547 0.42578 0.064454 0.42383 0.066406 0.42383 0.072265 0.421875 0.07422 0.421875 0.076172 0.429688 0.083983 0.429688 0.085938 0.435546 0.091797 0.441405 0.091797 0.464842 0.068358 0.466796 0.068358 0.486329 0.048829 0.486329 0.046874 0.484375 0.044922 0.482421 0.044922 0.474608 0.037111 0.472655 0.037111 0.46875 0.033204
1 0.36133 0.576172 0.359376 0.578124 0.357422 0.578124 0.357422 0.591797 0.355468 0.593749 0.355468 0.623047 0.353518 0.624999 0.353518 0.654297 0.351563 0.656249 0.351563 0.683595 0.349609 0.685547 0.349609 0.714842 0.347655 0.716797 0.347655 0.730467 0.349609 0.732422 0.349609 0.734374 0.36328 0.734374 0.365234 0.73633 0.378905 0.73633 0.380859 0.738281 0.384767 0.734374 0.384767 0.722656 0.386717 0.720705 0.386717 0.697265 0.388672 0.695313 0.388672 0.671874 0.390626 0.669922 0.390626 0.646483 0.39258 0.644531 0.39258 0.621095 0.39453 0.61914 0.39453 0.595704 0.396484 0.593749 0.396484 0.582031 0.39453 0.580079 0.39453 0.578124 0.36328 0.578124
0 0.691407 0.222657 0.689453 0.224609 0.658203 0.224609 0.656249 0.226564 0.624999 0.226564 0.623045 0.228516 0.621095 0.228516 0.621095 0.238282 0.623045 0.240234 0.623045 0.25 0.624999 0.25 0.626953 0.251952 0.689453 0.251952 0.691407 0.253907 0.693361 0.251952 0.695311 0.251952 0.695311 0.240234 0.697265 0.238282 0.697265 0.226564 0.695311 0.226564
1 0.310547 0.57422 0.308593 0.576172 0.306639 0.576172 0.306639 0.585938 0.304689 0.58789 0.304689 0.607422 0.302735 0.609374 0.302735 0.628906 0.300781 0.630858 0.300781 0.652345 0.298826 0.654297 0.298826 0.673829 0.296876 0.675781 0.296876 0.695313 0.294922 0.697265 0.294922 0.716797 0.292968 0.718749 0.292968 0.728515 0.294922 0.728515 0.296876 0.730467 0.328126 0.730467 0.330076 0.732422 0.332031 0.730467 0.332031 0.718749 0.333985 0.716797 0.333985 0.693358 0.335938 0.691406 0.335938 0.66797 0.337889 0.666015 0.337889 0.644531 0.339843 0.642579 0.339843 0.61914 0.341797 0.617188 0.341797 0.593749 0.343751 0.591797 0.343751 0.576172 0.312501 0.576172
0 0.251952 0.248048 0.244139 0.255859 0.242189 0.255859 0.226564 0.271484 0.22461 0.271484 0.210939 0.285157 0.208985 0.285157 0.203127 0.291016 0.203127 0.292968 0.201173 0.294923 0.201173 0.300782 0.214844 0.314452 0.22461 0.314452 0.230469 0.308593 0.232423 0.308593 0.240235 0.300782 0.242189 0.300782 0.250001 0.292968 0.251952 0.292968 0.259764 0.285157 0.261718 0.285157 0.269531 0.277343 0.271485 0.277343 0.275389 0.273439 0.275389 0.271484 0.273439 0.269532 0.273439 0.265625 0.265626 0.257814 0.265626 0.255859 0.257814 0.248048
0 0.5 0.058595 0.494142 0.064454 0.492188 0.064454 0.480467 0.076172 0.478517 0.076172 0.466796 0.08789 0.464842 0.08789 0.453125 0.099608 0.451171 0.099608 0.447267 0.103515 0.447267 0.107422 0.455079 0.115233 0.455079 0.117188 0.462892 0.124999 0.466796 0.124999 0.46875 0.126954 0.478517 0.117188 0.480467 0.117188 0.496092 0.101563 0.498046 0.101563 0.513671 0.085938 0.515625 0.085938 0.523437 0.078124 0.523437 0.07422 0.507812 0.058595
0 1 0.169923 1 0.171875 1 0.171875 1 0.17383 0.984376 0.17383 0.984376 0.175781 0.982422 0.177733 0.982422 0.191407 0.984376 0.193358 0.984376 0.205076 0.98633 0.207032 0.98828 0.205076 1 0.205076 1 0.203125 1 0.203125 1 0.199218 1 0.1875 1 0.185548 1 0.17383 1 0.169923
1 0.578125 0.582031 0.57617 0.583986 0.572266 0.583986 0.572266 0.589845 0.570312 0.591797 0.570312 0.60547 0.568358 0.607422 0.568358 0.621095 0.566408 0.623047 0.566408 0.63672 0.564454 0.638672 0.564454 0.652345 0.5625 0.654297 0.5625 0.66797 0.560545 0.669922 0.560545 0.683595 0.558595 0.685547 0.558595 0.697265 0.556641 0.69922 0.556641 0.71289 0.554687 0.714842 0.554687 0.728515 0.552733 0.730467 0.552733 0.74414 0.550783 0.746092 0.550783 0.759766 0.548829 0.761717 0.548829 0.775391 0.546875 0.777343 0.546875 0.783201 0.548829 0.785157 0.548829 0.787109 0.5625 0.787109 0.564454 0.789064 0.580079 0.789064 0.582033 0.791016 0.595704 0.791016 0.597658 0.792968 0.599608 0.791016 0.601562 0.791016 0.603516 0.789064 0.60547 0.789064 0.60547 0.779298 0.60742 0.777343 0.60742 0.757814 0.609374 0.755858 0.609374 0.734374 0.611328 0.732422 0.611328 0.71289 0.613282 0.710938 0.613282 0.691406 0.615233 0.689454 0.615233 0.669922 0.617187 0.66797 0.617187 0.648438 0.619141 0.646483 0.619141 0.624999 0.621095 0.623047 0.621095 0.603515 0.623045 0.601563 0.623045 0.591797 0.621095 0.589845 0.621095 0.58789 0.611328 0.58789 0.609374 0.585938 0.597658 0.585938 0.595704 0.583986 0.585937 0.583986 0.583983 0.582031
0 0.609374 0.091797 0.60742 0.093749 0.60742 0.095704 0.60547 0.097656 0.60547 0.11914 0.609374 0.123047 0.662107 0.123047 0.664062 0.124999 0.66797 0.121095 0.669924 0.121095 0.669924 0.095704 0.666016 0.091797
0 0.529296 0.085938 0.521483 0.093749 0.519533 0.093749 0.509767 0.103515 0.507812 0.103515 0.496092 0.115233 0.494142 0.115233 0.484375 0.124999 0.482421 0.124999 0.478517 0.128906 0.478517 0.132813 0.480467 0.134765 0.480467 0.136717 0.484375 0.140624 0.484375 0.14258 0.48828 0.146483 0.48828 0.148438 0.492188 0.152342 0.492188 0.154297 0.494142 0.156249 0.5 0.156249 0.513671 0.14258 0.515625 0.14258 0.539062 0.11914 0.541016 0.11914 0.552733 0.107422 0.552733 0.103515 0.535158 0.085938
1 0.416017 0.572264 0.412109 0.576172 0.410155 0.576172 0.410155 0.58789 0.408205 0.589845 0.408205 0.613281 0.40625 0.615236 0.40625 0.640624 0.404296 0.642579 0.404296 0.666015 0.402343 0.66797 0.402343 0.691406 0.400392 0.693358 0.400392 0.716797 0.398438 0.718749 0.398438 0.74414 0.396484 0.746092 0.396484 0.769532 0.39453 0.771484 0.39453 0.787109 0.445313 0.787109 0.445313 0.775391 0.447267 0.773439 0.447267 0.755858 0.449217 0.753906 0.449217 0.734374 0.451171 0.732422 0.451171 0.71289 0.453125 0.710938 0.453125 0.693358 0.455079 0.691406 0.455079 0.671874 0.45703 0.669922 0.45703 0.652345 0.458984 0.65039 0.458984 0.630858 0.460938 0.628906 0.460938 0.609374 0.462892 0.607422 0.462892 0.589845 0.464842 0.58789 0.464842 0.576172 0.447267 0.576172 0.445313 0.57422 0.427734 0.57422 0.42578 0.572264
0 0.617187 0.134765 0.613282 0.138672 0.611328 0.138672 0.611328 0.164063 0.613282 0.166015 0.613282 0.167967 0.615233 0.166015 0.675782 0.166015 0.679686 0.162108 0.68164 0.162108 0.68164 0.138672 0.679686 0.138672 0.677736 0.136717 0.619141 0.136717
1 0.634766 0.591797 0.632812 0.593749 0.630857 0.593749 0.628907 0.595704 0.626953 0.595704 0.626953 0.60547 0.624999 0.607422 0.624999 0.626954 0.623045 0.628906 0.623045 0.646483 0.621095 0.648438 0.621095 0.66797 0.619141 0.669922 0.619141 0.689454 0.617187 0.691406 0.617187 0.710938 0.615233 0.71289 0.615233 0.732422 0.613282 0.734374 0.613282 0.751955 0.611328 0.753906 0.611328 0.773439 0.609374 0.775391 0.609374 0.785157 0.611328 0.787109 0.634766 0.787109 0.63672 0.789064 0.656249 0.789064 0.658203 0.791016 0.660157 0.791016 0.662107 0.789064 0.662107 0.779298 0.664062 0.777343 0.664062 0.757814 0.666016 0.755858 0.666016 0.738281 0.66797 0.73633 0.66797 0.716797 0.669924 0.714842 0.669924 0.695313 0.671874 0.693358 0.671874 0.673829 0.673828 0.671874 0.673828 0.652345 0.675782 0.65039 0.675782 0.632813 0.677736 0.630858 0.677736 0.611329 0.679686 0.609374 0.679686 0.595704 0.660157 0.595704 0.658203 0.593749 0.642578 0.593749 0.640624 0.591797
0 0.892577 0.261718 0.890626 0.263673 0.888672 0.263673 0.888672 0.265625 0.886718 0.267577 0.886718 0.279298 0.888672 0.28125 0.888672 0.291016 0.890626 0.292968 0.890626 0.294923 0.960939 0.294923 0.964843 0.291016 0.964843 0.275391 0.962889 0.273439 0.962889 0.263673 0.960939 0.261718