1 0.273438 0 0.271483 0 0.255859 0 0.255859 0 0.253907 0 0.253907 0 0.251954 0 0.251954 0 0.249999 0 0.249999 0 0.248047 0 0.248047 0.00586 0.246095 0.007813 0.246095 0.009766 0.248047 0.011719 0.248047 0.013671 0.249999 0.015624 0.249999 0.017577 0.251954 0.019532 0.253907 0.019532 0.255859 0.021485 0.257811 0.021485 0.259766 0.023438 0.261719 0.021485 0.263671 0.021485 0.265626 0.019532 0.267578 0.019532 0.267578 0.017577 0.269531 0.015624 0.269531 0.013671 0.271483 0.011719 0.271483 0.009766 0.273438 0.007813 0.273438 0 0.275391 0 0.275391 0 0.277343 0 0.277343 0 0.279298 0 0.279298 0 0.275391 0
0 0.564454 0.874999 0.558594 0.88086 0.558594 0.886719 0.55664 0.888672 0.55664 0.898438 0.554687 0.900391 0.554687 0.90625 0.560547 0.91211 0.570311 0.91211 0.572266 0.910156 0.574219 0.910156 0.574219 0.902344 0.576171 0.900391 0.576171 0.886719 0.578126 0.884766 0.578126 0.878907 0.576171 0.878907 0.572266 0.874999
0 0.425782 0.851563 0.421875 0.855469 0.419922 0.855469 0.419922 0.859374 0.41797 0.861327 0.41797 0.867188 0.416015 0.869141 0.416015 0.874999 0.414063 0.876952 0.414063 0.882813 0.416015 0.884766 0.416015 0.888672 0.419922 0.888672 0.421875 0.890625 0.423827 0.888672 0.433594 0.888672 0.433594 0.873047 0.435546 0.871094 0.435546 0.855469 0.433594 0.853516 0.433594 0.851563
0 0.560547 0.921875 0.558594 0.923828 0.552735 0.923828 0.552735 0.927734 0.550782 0.929688 0.550782 0.939453 0.548827 0.941406 0.548827 0.949219 0.550782 0.951172 0.550782 0.955078 0.554687 0.955078 0.55664 0.957031 0.564454 0.957031 0.564454 0.951172 0.566407 0.949219 0.566407 0.9375 0.568359 0.935547 0.568359 0.927734 0.566407 0.925781 0.566407 0.923828 0.562499 0.923828
1 0.626953 0.031249 0.623046 0.035157 0.621093 0.035157 0.621093 0.039063 0.619141 0.041016 0.619141 0.048827 0.617189 0.05078 0.617189 0.058594 0.615234 0.060547 0.615234 0.06836 0.613281 0.070313 0.613281 0.078125 0.611329 0.080078 0.611329 0.089844 0.609374 0.091797 0.609374 0.099609 0.607422 0.101563 0.607422 0.109375 0.605469 0.111328 0.605469 0.119141 0.603514 0.121094 0.603514 0.128906 0.601562 0.130859 0.601562 0.136719 0.603514 0.138672 0.603514 0.140625 0.621093 0.140625 0.623046 0.142578 0.623046 0.140625 0.625001 0.138672 0.625001 0.136719 0.626953 0.134767 0.626953 0.130859 0.628905 0.128906 0.628905 0.121094 0.63086 0.119141 0.63086 0.111328 0.632813 0.109375 0.632813 0.101563 0.634765 0.099609 0.634765 0.091797 0.636718 0.089844 0.636718 0.080078 0.638672 0.078125 0.638672 0.070313 0.640625 0.06836 0.640625 0.060547 0.642577 0.058594 0.642577 0.05078 0.644532 0.048827 0.644532 0.041016 0.646485 0.039063 0.646485 0.035157 0.644532 0.035157 0.640625 0.031249
0 0.794921 0.96875 0.794921 0.986328 0.792969 0.988281 0.792969 1 0.794921 1 0.794921 1 0.796876 1 0.810548 1 0.810548 1 0.8125 1 0.8125 0.996095 0.814453 0.99414 0.814453 0.980469 0.816408 0.978517 0.816408 0.972656 0.814453 0.972656 0.8125 0.970703 0.810548 0.970703 0.808593 0.96875
0 0.501953 0.919922 0.5 0.921875 0.496093 0.921875 0.494141 0.923828 0.494141 0.925781 0.492188 0.927734 0.492188 0.935547 0.490233 0.9375 0.490233 0.943359 0.492188 0.945313 0.492188 0.947266 0.494141 0.949219 0.501953 0.949219 0.503905 0.951172 0.50586 0.949219 0.50586 0.947266 0.507812 0.945313 0.507812 0.923828 0.50586 0.923828
0 0.640625 0.9375 0.638672 0.939453 0.636718 0.939453 0.634765 0.941406 0.63086 0.941406 0.63086 0.947266 0.628905 0.949219 0.628905 0.960937 0.626953 0.962891 0.626953 0.970703 0.628905 0.972656 0.628905 0.974609 0.642577 0.974609 0.642577 0.970703 0.644532 0.96875 0.644532 0.960937 0.646485 0.958984 0.646485 0.953125 0.648437 0.951172 0.648437 0.945313 0.646485 0.943359 0.646485 0.939453 0.642577 0.939453
0 0.300782 0.9375 0.296874 0.941406 0.294922 0.941406 0.289062 0.947266 0.28711 0.947266 0.28125 0.953125 0.279298 0.953125 0.277343 0.955078 0.277343 0.958984 0.275391 0.960937 0.275391 0.964844 0.279298 0.964844 0.28125 0.966797 0.285158 0.966797 0.28711 0.96875 0.292969 0.962891 0.294922 0.962891 0.302734 0.955078 0.304686 0.955078 0.308594 0.951172 0.308594 0.943359 0.306641 0.941406 0.306641 0.939453 0.302734 0.939453
0 0.263671 0.890625 0.259766 0.89453 0.257811 0.89453 0.253907 0.898438 0.251954 0.898438 0.248047 0.902344 0.246095 0.902344 0.242187 0.90625 0.240235 0.90625 0.236328 0.910156 0.236328 0.91211 0.234375 0.914063 0.23828 0.917969 0.23828 0.919922 0.242187 0.923828 0.24414 0.921875 0.246095 0.921875 0.249999 0.917969 0.251954 0.917969 0.253907 0.916016 0.255859 0.916016 0.257811 0.914063 0.259766 0.914063 0.263671 0.910156 0.265626 0.910156 0.269531 0.90625 0.269531 0.904297 0.273438 0.900391 0.271483 0.898438 0.271483 0.896485 0.269531 0.89453 0.269531 0.892578 0.265626 0.892578
1 0.732422 0.082031 0.73047 0.083983 0.728515 0.083983 0.726562 0.085938 0.726562 0.087891 0.72461 0.089844 0.72461 0.09375 0.722655 0.095703 0.722655 0.101563 0.720703 0.103516 0.720703 0.111328 0.71875 0.113281 0.71875 0.119141 0.716798 0.121094 0.716798 0.128906 0.714843 0.130859 0.714843 0.136719 0.712891 0.138672 0.712891 0.142578 0.710938 0.144531 0.710938 0.146484 0.708983 0.148437 0.708983 0.15039 0.707031 0.152344 0.708983 0.152344 0.710938 0.154297 0.712891 0.154297 0.714843 0.15625 0.716798 0.15625 0.71875 0.158203 0.720703 0.15625 0.728515 0.15625 0.732422 0.152344 0.732422 0.15039 0.736327 0.146484 0.736327 0.142578 0.738282 0.140625 0.738282 0.132812 0.740234 0.130859 0.740234 0.125 0.742187 0.123047 0.742187 0.115234 0.744142 0.113281 0.744142 0.105469 0.746094 0.103516 0.746094 0.097656 0.748046 0.095703 0.748046 0.089844 0.746094 0.087891 0.746094 0.085938 0.740234 0.085938 0.738282 0.083983 0.734375 0.083983
1 0.90039 0.089844 0.898438 0.091797 0.898438 0.09375 0.896486 0.095703 0.896486 0.101563 0.894531 0.103516 0.894531 0.111328 0.892578 0.113281 0.892578 0.123047 0.890626 0.125 0.890626 0.136719 0.888671 0.138672 0.888671 0.15039 0.886719 0.152344 0.886719 0.162109 0.884766 0.164062 0.884766 0.169922 0.890626 0.169922 0.892578 0.171875 0.896486 0.171875 0.898438 0.173828 0.904297 0.173828 0.90625 0.175781 0.90625 0.171875 0.908202 0.169922 0.908202 0.164062 0.910157 0.162109 0.910157 0.15625 0.912109 0.154297 0.912109 0.148437 0.914062 0.146484 0.914062 0.138672 0.916017 0.136719 0.916017 0.128906 0.917969 0.126953 0.917969 0.119141 0.919922 0.117187 0.919922 0.111328 0.921874 0.109375 0.921874 0.101563 0.923829 0.099609 0.923829 0.095703 0.919922 0.091797 0.902342 0.091797
1 0.701171 0.066405 0.701171 0.06836 0.699219 0.070313 0.699219 0.078125 0.697267 0.080078 0.697267 0.091797 0.695312 0.09375 0.695312 0.105469 0.693359 0.107422 0.693359 0.119141 0.691407 0.121094 0.691407 0.132812 0.689452 0.134767 0.689452 0.140625 0.691407 0.142578 0.707031 0.142578 0.708983 0.140625 0.708983 0.134767 0.710938 0.132812 0.710938 0.123047 0.712891 0.121094 0.712891 0.111328 0.714843 0.109375 0.714843 0.099609 0.716798 0.097656 0.716798 0.087891 0.71875 0.085938 0.71875 0.076172 0.720703 0.074219 0.720703 0.06836 0.703124 0.06836
0 0.533203 0.921875 0.533203 0.927734 0.531251 0.929688 0.531251 0.941406 0.529296 0.943359 0.529296 0.957031 0.531251 0.958984 0.531251 0.960937 0.533203 0.962891 0.535156 0.960937 0.544923 0.960937 0.544923 0.957031 0.546875 0.955078 0.546875 0.925781 0.544923 0.923828 0.544923 0.921875
1 0.638672 0 0.638672 0 0.636718 0 0.636718 0 0.634765 0 0.634765 0 0.632813 0 0.632813 0 0.63086 0 0.63086 0 0.628905 0 0.628905 0 0.626953 0 0.626953 0 0.625001 0 0.625001 0 0.623046 0 0.623046 0 0.621093 0 0.621093 0 0.619141 0 0.619141 0 0.617189 0 0.617189 0 0.615234 0 0.615234 0 0.613281 0 0.613281 0 0.611329 0 0.611329 0 0.609374 0 0.609374 0 0.607422 0 0.607422 0 0.605469 0 0.605469 0 0.603514 0 0.603514 0 0.601562 0 0.601562 0 0.59961 0 0.59961 0 0.597657 0 0.597657 0 0.595702 0 0.595702 0 0.59375 0 0.59375 0 0.591798 0 0.591798 0 0.59375 0 0.59375 0 0.59961 0 0.601562 0 0.605469 0 0.607422 0.001954 0.613281 0.001954 0.615234 0.003907 0.623046 0.003907 0.623046 0.001954 0.625001 0 0.625001 0 0.626953 0 0.626953 0 0.628905 0 0.628905 0 0.63086 0 0.63086 0 0.632813 0 0.632813 0 0.634765 0 0.634765 0 0.636718 0 0.636718 0 0.638672 0 0.638672 0 0.640625 0 0.640625 0 0.642577 0 0.642577 0 0.644532 0 0.644532 0 0.646485 0 0.646485 0 0.648437 0 0.648437 0 0.650392 0 0.650392 0 0.652344 0 0.652344 0 0.654297 0 0.654297 0 0.656249 0 0.656249 0 0.658204 0 0.658204 0 0.660156 0 0.660156 0 0.662109 0 0.662109 0 0.664064 0 0.664064 0 0.666016 0 0.666016 0 0.667968 0 0.667968 0 0.669921 0 0.669921 0 0.667968 0 0.667968 0 0.666016 0 0.664064 0 0.662109 0 0.658204 0 0.656249 0 0.654297 0 0.652344 0
0 0.445313 0.742187 0.443358 0.74414 0.437499 0.74414 0.437499 0.748048 0.435546 0.750001 0.435546 0.757812 0.433594 0.759765 0.433594 0.767579 0.431642 0.769531 0.431642 0.77539 0.433594 0.777343 0.433594 0.781251 0.439454 0.781251 0.441406 0.783204 0.449218 0.783204 0.451173 0.781251 0.451173 0.779296 0.453125 0.777343 0.453125 0.761718 0.455078 0.759765 0.455078 0.746093 0.451173 0.742187
0 0.923829 0.986328 0.919922 0.990234 0.917969 0.990234 0.916017 0.992187 0.916017 1 0.914062 1 0.914062 1 0.939453 1 0.939453 1 0.937501 1 0.937501 0.990234 0.933593 0.986328
1 0.871094 0.083983 0.869139 0.085938 0.869139 0.101563 0.867187 0.103516 0.867187 0.111328 0.865235 0.113281 0.865235 0.121094 0.863282 0.123047 0.863282 0.132812 0.861327 0.134767 0.861327 0.142578 0.859375 0.144531 0.859375 0.152344 0.857423 0.154297 0.857423 0.162109 0.855468 0.164062 0.855468 0.16797 0.857423 0.169922 0.878906 0.169922 0.878906 0.164062 0.880859 0.162109 0.880859 0.154297 0.882814 0.152344 0.882814 0.144531 0.884766 0.142578 0.884766 0.134767 0.886719 0.132812 0.886719 0.123047 0.888671 0.121094 0.888671 0.113281 0.890626 0.111328 0.890626 0.103516 0.892578 0.101563 0.892578 0.09375 0.894531 0.091797 0.894531 0.087891 0.890626 0.087891 0.888671 0.085938 0.873047 0.085938
1 0.234375 0 0.232423 0 0.230468 0 0.228516 0 0.226563 0 0.226563 0 0.224608 0 0.224608 0 0.222656 0 0.222656 0 0.220704 0 0.220704 0 0.216796 0 0.216796 0 0.218751 0.001954 0.218751 0.003907 0.220704 0.00586 0.220704 0.007813 0.222656 0.009766 0.222656 0.011719 0.226563 0.011719 0.228516 0.009766 0.240235 0.009766 0.240235 0.007813 0.242187 0.00586 0.242187 0 0.24414 0 0.24414 0 0.246095 0 0.246095 0 0.248047 0 0.248047 0 0.249999 0 0.249999 0 0.251954 0 0.251954 0 0.249999 0 0.249999 0 0.236328 0
1 0.447266 0 0.447266 0.003907 0.445313 0.00586 0.445313 0.015624 0.443358 0.017577 0.443358 0.027344 0.441406 0.029296 0.441406 0.041016 0.439454 0.042969 0.439454 0.052735 0.437499 0.054688 0.437499 0.066405 0.435546 0.06836 0.435546 0.078125 0.433594 0.080078 0.433594 0.089844 0.431642 0.091797 0.431642 0.097656 0.433594 0.099609 0.439454 0.099609 0.441406 0.101563 0.445313 0.101563 0.447266 0.103516 0.449218 0.101563 0.455078 0.101563 0.455078 0.097656 0.45703 0.095703 0.45703 0.089844 0.458985 0.087891 0.458985 0.082031 0.460938 0.080078 0.460938 0.074219 0.46289 0.072266 0.46289 0.066405 0.464845 0.064453 0.464845 0.058594 0.466797 0.056641 0.466797 0.05078 0.46875 0.048827 0.46875 0.042969 0.470702 0.041016 0.470702 0.035157 0.472657 0.033202 0.472657 0.027344 0.474609 0.025391 0.474609 0.019532 0.476562 0.017577 0.476562 0.011719 0.478516 0.009766 0.478516 0.00586 0.476562 0.003907 0.476562 0.001954 0.46875 0.001954 0.466797 0 0.458985 0 0.45703 0
0 0.531251 0.869141 0.529296 0.871094 0.525391 0.871094 0.523436 0.873047 0.519532 0.873047 0.519532 0.888672 0.517579 0.890625 0.517579 0.904297 0.521484 0.908203 0.523436 0.90625 0.533203 0.90625 0.533203 0.902344 0.535156 0.900391 0.535156 0.892578 0.537108 0.890625 0.537108 0.884766 0.539063 0.882813 0.539063 0.876952 0.537108 0.874999 0.537108 0.873047 0.535156 0.873047
1 0.814453 0.085938 0.8125 0.087891 0.8125 0.089844 0.810548 0.091797 0.810548 0.097656 0.808593 0.099609 0.808593 0.109375 0.806641 0.111328 0.806641 0.123047 0.804688 0.125 0.804688 0.134767 0.802733 0.136719 0.802733 0.148437 0.800781 0.15039 0.800781 0.160156 0.798828 0.162109 0.798828 0.16797 0.800781 0.16797 0.802733 0.169922 0.822265 0.169922 0.822265 0.166015 0.82422 0.164062 0.82422 0.154297 0.826172 0.152344 0.826172 0.142578 0.828124 0.140625 0.828124 0.130859 0.830079 0.128906 0.830079 0.121094 0.832032 0.119141 0.832032 0.109375 0.833984 0.107422 0.833984 0.097656 0.835936 0.095703 0.835936 0.091797 0.833984 0.091797 0.830079 0.087891 0.816408 0.087891
0 0.464845 0.74414 0.458985 0.750001 0.458985 0.763673 0.45703 0.765626 0.45703 0.779296 0.458985 0.781251 0.458985 0.783204 0.464845 0.783204 0.466797 0.785157 0.46875 0.783204 0.474609 0.783204 0.474609 0.765626 0.476562 0.763673 0.476562 0.746093 0.472657 0.746093 0.470702 0.74414
0 0.580078 0.925781 0.576171 0.929688 0.574219 0.929688 0.574219 0.933594 0.572266 0.935547 0.572266 0.943359 0.570311 0.945313 0.570311 0.951172 0.568359 0.953125 0.568359 0.958984 0.570311 0.960937 0.570311 0.962891 0.574219 0.962891 0.576171 0.964844 0.580078 0.964844 0.582031 0.966797 0.585938 0.962891 0.585938 0.960937 0.58789 0.958984 0.58789 0.957031 0.589843 0.955078 0.589843 0.949219 0.591798 0.947266 0.591798 0.935547 0.59375 0.933594 0.59375 0.929688 0.591798 0.929688 0.589843 0.927734 0.58789 0.927734 0.585938 0.925781
1 0.656249 0.035157 0.654297 0.03711 0.652344 0.03711 0.650392 0.039063 0.648437 0.039063 0.646485 0.041016 0.646485 0.048827 0.644532 0.05078 0.644532 0.058594 0.642577 0.060547 0.642577 0.06836 0.640625 0.070313 0.640625 0.078125 0.638672 0.080078 0.638672 0.089844 0.636718 0.091797 0.636718 0.099609 0.634765 0.101563 0.634765 0.109375 0.632813 0.111328 0.632813 0.119141 0.63086 0.121094 0.63086 0.128906 0.628905 0.130859 0.628905 0.136719 0.626953 0.138672 0.626953 0.142578 0.628905 0.144531 0.646485 0.144531 0.648437 0.146484 0.652344 0.142578 0.652344 0.138672 0.654297 0.136719 0.654297 0.128906 0.656249 0.126953 0.656249 0.117187 0.658204 0.115234 0.658204 0.107422 0.660156 0.105469 0.660156 0.097656 0.662109 0.095703 0.662109 0.087891 0.664064 0.085938 0.664064 0.078125 0.666016 0.076172 0.666016 0.066405 0.667968 0.064453 0.667968 0.056641 0.669921 0.054688 0.669921 0.046875 0.671876 0.044922 0.671876 0.041016 0.669921 0.039063 0.669921 0.03711 0.658204 0.03711
0 0.443358 0.89453 0.441406 0.896485 0.435546 0.896485 0.433594 0.898438 0.427734 0.898438 0.427734 0.90625 0.425782 0.908203 0.425782 0.923828 0.423827 0.925781 0.423827 0.933594 0.425782 0.933594 0.429687 0.9375 0.435546 0.9375 0.437499 0.935547 0.443358 0.935547 0.443358 0.917969 0.445313 0.916016 0.445313 0.898438 0.443358 0.896485
0 0.82422 0.974609 0.820312 0.978517 0.81836 0.978517 0.81836 0.992187 0.816408 0.99414 0.816408 1 0.81836 1 0.822265 1 0.830079 1 0.833984 1 0.833984 0.992187 0.835936 0.990234 0.835936 0.978517 0.832032 0.978517 0.830079 0.976562 0.826172 0.976562
1 0.59375 0.027344 0.589843 0.031249 0.58789 0.031249 0.585938 0.033202 0.585938 0.039063 0.583986 0.041016 0.583986 0.05078 0.582031 0.052735 0.582031 0.0625 0.580078 0.064453 0.580078 0.074219 0.578126 0.076172 0.578126 0.085938 0.576171 0.087891 0.576171 0.097656 0.574219 0.099609 0.574219 0.109375 0.572266 0.111328 0.572266 0.121094 0.570311 0.123047 0.570311 0.128906 0.572266 0.128906 0.576171 0.132812 0.591798 0.132812 0.59375 0.134767 0.595702 0.132812 0.595702 0.130859 0.597657 0.128906 0.597657 0.123047 0.59961 0.121094 0.59961 0.109375 0.601562 0.107422 0.601562 0.095703 0.603514 0.09375 0.603514 0.082031 0.605469 0.080078 0.605469 0.06836 0.607422 0.066405 0.607422 0.054688 0.609374 0.052735 0.609374 0.041016 0.611329 0.039063 0.611329 0.033202 0.607422 0.029296 0.595702 0.029296
1 0.972656 0.115234 0.972656 0.121094 0.970704 0.123047 0.970704 0.136719 0.968749 0.138672 0.968749 0.15039 0.966797 0.152344 0.966797 0.164062 0.964844 0.166015 0.964844 0.179687 0.962892 0.18164 0.962892 0.1875 0.966797 0.191406 0.976563 0.191406 0.978516 0.193359 0.980468 0.191406 0.984375 0.191406 0.986328 0.189453 0.990235 0.189453 0.990235 0.185548 0.992188 0.183595 0.992188 0.175781 0.99414 0.173828 0.99414 0.16797 0.996095 0.166015 0.996095 0.158203 0.998047 0.15625 0.998047 0.148437 1 0.146484 1 0.140625 1 0.138672 1 0.130859 1 0.128906 1 0.125 1 0.123047 0.996095 0.123047 0.99414 0.121094 0.98828 0.121094 0.986328 0.119141 0.982423 0.119141 0.980468 0.117187 0.974608 0.117187
1 1 0.125 1 0.126953 1 0.128906 1 0.130859 1 0.132812 1 0.138672 1 0.140625 1 0.146484 1 0.148437 1 0.154297 1 0.15625 1 0.162109 0.998047 0.164062 0.998047 0.169922 0.996095 0.171875 0.996095 0.177734 0.99414 0.179687 0.99414 0.185548 0.992188 0.1875 0.992188 0.193359 0.990235 0.195312 0.990235 0.197265 0.998047 0.197265 1 0.199218 1 0.197265 1 0.197265 1 0.193359 1 0.191406 1 0.18164 1 0.179687 1 0.171875 1 0.169922 1 0.160156 1 0.158203 1 0.15039 1 0.148437 1 0.138672 1 0.136719 1 0.128906 1 0.128906 1 0.126953 1 0.126953
0 0.476562 0.90625 0.470702 0.91211 0.470702 0.917969 0.46875 0.919922 0.46875 0.933594 0.466797 0.935547 0.466797 0.941406 0.46875 0.941406 0.472657 0.945313 0.474609 0.945313 0.476562 0.947266 0.482421 0.947266 0.484376 0.945313 0.484376 0.927734 0.486329 0.925781 0.486329 0.910156 0.482421 0.90625
1 0.835936 0.240234 0.835936 0.242187 0.833984 0.24414 0.833984 0.246093 0.832032 0.248046 0.832032 0.251954 0.830079 0.253907 0.830079 0.25586 0.828124 0.257812 0.828124 0.261718 0.826172 0.263671 0.826172 0.267579 0.82422 0.269532 0.82422 0.271485 0.822265 0.273438 0.822265 0.277343 0.820312 0.279296 0.820312 0.281249 0.81836 0.283204 0.81836 0.28711 0.816408 0.289063 0.816408 0.291016 0.814453 0.292969 0.814453 0.296874 0.8125 0.298827 0.8125 0.300782 0.810548 0.302735 0.810548 0.306641 0.808593 0.308594 0.808593 0.310547 0.806641 0.312499 0.806641 0.316407 0.804688 0.31836 0.804688 0.320313 0.802733 0.322266 0.802733 0.324219 0.800781 0.326172 0.800781 0.330077 0.798828 0.33203 0.798828 0.333985 0.796876 0.335938 0.796876 0.339844 0.794921 0.341797 0.794921 0.34375 0.792969 0.345703 0.792969 0.347655 0.796876 0.347655 0.798828 0.34961 0.802733 0.34961 0.804688 0.351563 0.808593 0.351563 0.810548 0.353516 0.814453 0.353516 0.816408 0.355469 0.820312 0.355469 0.822265 0.357422 0.822265 0.355469 0.82422 0.353516 0.82422 0.351563 0.826172 0.34961 0.826172 0.345703 0.828124 0.34375 0.828124 0.339844 0.830079 0.337891 0.830079 0.335938 0.832032 0.333985 0.832032 0.330077 0.833984 0.328125 0.833984 0.324219 0.835936 0.322266 0.835936 0.320313 0.837891 0.31836 0.837891 0.314452 0.839844 0.312499 0.839844 0.310547 0.841796 0.308594 0.841796 0.304688 0.843751 0.302735 0.843751 0.298827 0.845703 0.296874 0.845703 0.294921 0.847656 0.292969 0.847656 0.289063 0.849611 0.28711 0.849611 0.283204 0.851563 0.281249 0.851563 0.275391 0.853515 0.273438 0.853515 0.269532 0.855468 0.267579 0.855468 0.263671 0.857423 0.261718 0.857423 0.25586 0.859375 0.253907 0.859375 0.250001 0.861327 0.248046 0.861327 0.246093 0.859375 0.246093 0.855468 0.242187 0.837891 0.242187
0 0.501953 0.869141 0.501953 0.873047 0.5 0.874999 0.5 0.884766 0.498048 0.886719 0.498048 0.89453 0.496093 0.896485 0.496093 0.900391 0.498048 0.900391 0.5 0.902344 0.507812 0.902344 0.509765 0.900391 0.513672 0.900391 0.513672 0.89453 0.515624 0.892578 0.515624 0.878907 0.517579 0.876952 0.517579 0.871094 0.513672 0.871094 0.51172 0.869141
1 0.478516 0.031249 0.474609 0.035157 0.472657 0.035157 0.472657 0.041016 0.470702 0.042969 0.470702 0.052735 0.46875 0.054688 0.46875 0.064453 0.466797 0.066405 0.466797 0.076172 0.464845 0.078125 0.464845 0.087891 0.46289 0.089844 0.46289 0.099609 0.460938 0.101563 0.460938 0.107422 0.464845 0.111328 0.478516 0.111328 0.482421 0.107422 0.482421 0.103516 0.484376 0.101563 0.484376 0.09375 0.486329 0.091797 0.486329 0.083983 0.488281 0.082031 0.488281 0.072266 0.490233 0.070313 0.490233 0.0625 0.492188 0.060547 0.492188 0.052735 0.494141 0.05078 0.494141 0.042969 0.496093 0.041016 0.496093 0.03711 0.494141 0.03711 0.492188 0.035157 0.486329 0.035157 0.484376 0.033202 0.480469 0.033202
0 0.685547 0.947266 0.683595 0.949219 0.68164 0.949219 0.677735 0.953125 0.67578 0.953125 0.67578 0.958984 0.673828 0.960937 0.673828 0.974609 0.671876 0.976562 0.671876 0.984375 0.673828 0.986328 0.673828 0.988281 0.68164 0.988281 0.683595 0.990234 0.6875 0.986328 0.6875 0.982422 0.689452 0.980469 0.689452 0.970703 0.691407 0.96875 0.691407 0.960937 0.693359 0.958984 0.693359 0.953125 0.691407 0.951172 0.691407 0.947266
1 0.203125 0 0.203125 0 0.201172 0 0.201172 0 0.19922 0 0.19922 0 0.197265 0 0.197265 0 0.195312 0 0.195312 0 0.19336 0 0.19336 0 0.191405 0 0.191405 0 0.19336 0 0.19336 0.001954 0.195312 0.003907 0.197265 0.003907 0.201172 0.007813 0.203125 0.00586 0.208984 0.00586 0.212892 0.001954 0.212892 0 0.218751 0 0.218751 0 0.220704 0 0.220704 0 0.222656 0 0.222656 0 0.224608 0 0.224608 0 0.220704 0
0 0.314453 0.949219 0.302734 0.960937 0.300782 0.960937 0.292969 0.96875 0.292969 0.970703 0.294922 0.972656 0.294922 0.974609 0.296874 0.976562 0.296874 0.978517 0.302734 0.978517 0.304686 0.980469 0.306641 0.978517 0.312501 0.978517 0.314453 0.976562 0.314453 0.974609 0.318361 0.970703 0.318361 0.96875 0.322265 0.964844 0.322265 0.962891 0.324218 0.960937 0.324218 0.958984 0.322265 0.957031 0.322265 0.955078 0.320313 0.953125 0.318361 0.953125
1 0.373047 0 0.371092 0 0.36914 0 0.367188 0 0.365235 0 0.365235 0 0.36328 0 0.36328 0 0.361328 0 0.361328 0.009766 0.359376 0.011719 0.359376 0.019532 0.357421 0.021485 0.357421 0.031249 0.355469 0.033202 0.355469 0.042969 0.353516 0.044922 0.353516 0.052735 0.351564 0.054688 0.351564 0.064453 0.349609 0.066405 0.349609 0.076172 0.347656 0.078125 0.347656 0.082031 0.345704 0.083983 0.343749 0.083983 0.343749 0.085938 0.345704 0.087891 0.345704 0.089844 0.347656 0.091797 0.355469 0.091797 0.357421 0.09375 0.365235 0.09375 0.367188 0.095703 0.371092 0.091797 0.371092 0.087891 0.373047 0.085938 0.373047 0.076172 0.375 0.074219 0.375 0.066405 0.376952 0.064453 0.376952 0.056641 0.378907 0.054688 0.378907 0.044922 0.380859 0.042969 0.380859 0.035157 0.382812 0.033202 0.382812 0.023438 0.384767 0.021485 0.384767 0.013671 0.386719 0.011719 0.386719 0.003907 0.388672 0.001954 0.388672 0 0.390624 0 0.390624 0 0.388672 0 0.388672 0 0.375 0
1 0.841796 0.099609 0.839844 0.101563 0.839844 0.103516 0.837891 0.105469 0.837891 0.113281 0.835936 0.115234 0.835936 0.126953 0.833984 0.128906 0.833984 0.140625 0.832032 0.142578 0.832032 0.154297 0.830079 0.15625 0.830079 0.162109 0.832032 0.164062 0.832032 0.166015 0.845703 0.166015 0.847656 0.16797 0.847656 0.166015 0.849611 0.164062 0.849611 0.160156 0.851563 0.158203 0.851563 0.15039 0.853515 0.148437 0.853515 0.140625 0.855468 0.138672 0.855468 0.130859 0.857423 0.128906 0.857423 0.121094 0.859375 0.119141 0.859375 0.111328 0.861327 0.109375 0.861327 0.105469 0.859375 0.103516 0.851563 0.103516 0.849611 0.101563 0.843751 0.101563
1 0.939453 0 0.937501 0 0.933593 0 0.931641 0 0.925781 0 0.925781 0 0.923829 0 0.923829 0 0.921874 0 0.921874 0 0.919922 0 0.919922 0 0.917969 0 0.917969 0 0.916017 0 0.916017 0 0.914062 0 0.914062 0 0.912109 0 0.912109 0 0.910157 0 0.910157 0 0.908202 0 0.908202 0 0.90625 0 0.90625 0.001954 0.904297 0.003907 0.904297 0.00586 0.902342 0.007813 0.902342 0.011719 0.90039 0.013671 0.90039 0.015624 0.898438 0.017577 0.898438 0.019532 0.896486 0.021485 0.896486 0.025391 0.894531 0.027344 0.894531 0.029296 0.892578 0.031249 0.892578 0.033202 0.890626 0.035157 0.890626 0.046875 0.892578 0.048827 0.892578 0.05078 0.894531 0.052735 0.894531 0.054688 0.90039 0.054688 0.902342 0.056641 0.908202 0.056641 0.910157 0.058594 0.912109 0.056641 0.914062 0.056641 0.916017 0.054688 0.917969 0.054688 0.917969 0.052735 0.919922 0.05078 0.919922 0.048827 0.921874 0.046875 0.921874 0.042969 0.923829 0.041016 0.923829 0.039063 0.925781 0.03711 0.925781 0.035157 0.927734 0.033202 0.927734 0.029296 0.929689 0.027344 0.929689 0.025391 0.931641 0.023438 0.931641 0.019532 0.933593 0.017577 0.933593 0.015624 0.935546 0.013671 0.935546 0.009766 0.937501 0.007813 0.937501 0.00586 0.939453 0.003907 0.939453 0.001954 0.941405 0 0.941405 0 0.94336 0 0.94336 0 0.945313 0 0.945313 0 0.947265 0 0.947265 0 0.94922 0 0.94922 0 0.951172 0 0.951172 0 0.953125 0 0.953125 0 0.955077 0 0.955077 0 0.953125 0 0.94922 0 0.947265 0 0.94336 0 0.941405 0
1 0.791016 0 0.789061 0 0.785157 0 0.783204 0 0.777345 0 0.777345 0 0.77539 0 0.77539 0 0.773437 0 0.773437 0 0.771485 0 0.771485 0 0.76953 0 0.76953 0 0.767578 0 0.767578 0 0.765625 0 0.765625 0 0.763673 0 0.763673 0 0.761718 0 0.761718 0 0.759766 0 0.759766 0 0.757813 0 0.757813 0 0.755858 0 0.755858 0 0.753906 0 0.753906 0 0.751954 0 0.751954 0 0.750001 0 0.750001 0 0.748046 0 0.748046 0 0.746094 0 0.746094 0 0.744142 0.001954 0.744142 0.003907 0.742187 0.00586 0.742187 0.009766 0.740234 0.011719 0.740234 0.013671 0.738282 0.015624 0.738282 0.025391 0.742187 0.025391 0.744142 0.027344 0.750001 0.027344 0.751954 0.029296 0.755858 0.029296 0.757813 0.031249 0.761718 0.031249 0.763673 0.033202 0.767578 0.029296 0.76953 0.029296 0.771485 0.027344 0.771485 0.025391 0.773437 0.023438 0.773437 0.021485 0.77539 0.019532 0.77539 0.017577 0.777345 0.015624 0.777345 0.011719 0.779297 0.009766 0.779297 0.007813 0.781249 0.00586 0.781249 0.001954 0.783204 0 0.783204 0 0.785157 0 0.785157 0 0.787109 0 0.787109 0 0.789061 0 0.789061 0 0.791016 0 0.791016 0 0.792969 0 0.792969 0 0.794921 0 0.794921 0 0.796876 0 0.796876 0 0.798828 0 0.798828 0 0.800781 0 0.800781 0 0.802733 0 0.802733 0 0.804688 0 0.804688 0 0.806641 0 0.806641 0 0.808593 0 0.808593 0 0.810548 0 0.810548 0 0.8125 0 0.8125 0 0.810548 0 0.810548 0 0.806641 0 0.804688 0 0.802733 0 0.800781 0 0.796876 0 0.794921 0 0.792969 0
0 0.888671 0.976562 0.886719 0.978517 0.882814 0.978517 0.874999 0.986328 0.874999 1 0.873047 1 0.873047 1 0.894531 1 0.894531 1 0.896486 1 0.896486 0.99414 0.898438 0.992187 0.898438 0.984375 0.896486 0.982422 0.896486 0.980469 0.894531 0.980469 0.892578 0.978517 0.890626 0.978517
0 0.740234 0.962891 0.738282 0.964844 0.736327 0.964844 0.734375 0.966797 0.732422 0.966797 0.732422 0.972656 0.73047 0.974609 0.73047 0.986328 0.728515 0.988281 0.728515 0.99414 0.73047 0.996095 0.732422 0.996095 0.736327 1 0.740234 1 0.742187 1 0.746094 0.998047 0.746094 0.99414 0.748046 0.992187 0.748046 0.984375 0.750001 0.982422 0.750001 0.974609 0.751954 0.972656 0.751954 0.96875 0.750001 0.96875 0.746094 0.964844 0.742187 0.964844
0 0.357421 0.99414 0.347656 1 0.347656 1 0.335937 1 0.357421 1 0.371092 1 0.371092 1 0.36914 1 0.36914 0.998047 0.367188 0.998047 0.36328 0.99414
1 0.693359 0.705078 0.691407 0.707031 0.689452 0.707031 0.6875 0.708984 0.685547 0.708984 0.685547 0.71289 0.683595 0.714844 0.683595 0.722656 0.68164 0.724609 0.68164 0.734375 0.679688 0.736328 0.679688 0.74414 0.677735 0.746093 0.677735 0.753906 0.67578 0.755859 0.67578 0.763673 0.673828 0.765626 0.673828 0.773437 0.671876 0.77539 0.671876 0.785157 0.669921 0.787109 0.669921 0.794921 0.667968 0.796876 0.667968 0.804687 0.666016 0.80664 0.666016 0.810546 0.667968 0.812499 0.667968 0.814454 0.669921 0.816407 0.695312 0.816407 0.697267 0.81836 0.703124 0.812499 0.703124 0.80664 0.705079 0.804687 0.705079 0.794921 0.707031 0.792968 0.707031 0.781251 0.708983 0.779296 0.708983 0.769531 0.710938 0.767579 0.710938 0.755859 0.712891 0.753906 0.712891 0.74414 0.714843 0.742187 0.714843 0.73047 0.716798 0.728515 0.716798 0.71875 0.71875 0.716797 0.71875 0.710937 0.716798 0.710937 0.712891 0.707031 0.695312 0.707031
0 0.275391 0.904297 0.269531 0.910156 0.267578 0.910156 0.255859 0.921875 0.253907 0.921875 0.249999 0.925781 0.249999 0.931641 0.251954 0.933594 0.251954 0.935547 0.253907 0.9375 0.261719 0.9375 0.271483 0.927734 0.273438 0.927734 0.28125 0.919922 0.28125 0.917969 0.283202 0.916016 0.283202 0.910156 0.28125 0.908203 0.279298 0.908203
0 0.248047 0.871094 0.242187 0.876952 0.240235 0.876952 0.234375 0.882813 0.232423 0.882813 0.220704 0.89453 0.220704 0.896485 0.222656 0.898438 0.222656 0.902344 0.230468 0.902344 0.234375 0.898438 0.236328 0.898438 0.24414 0.890625 0.246095 0.890625 0.251954 0.884766 0.253907 0.884766 0.255859 0.882813 0.255859 0.876952 0.253907 0.874999 0.251954 0.874999
1 0.181641 0 0.179688 0 0.177733 0 0.173829 0 0.171874 0 0.169921 0 0.167969 0 0.167969 0 0.166017 0 0.166017 0 0.164062 0 0.164062 0 0.162109 0 0.162109 0 0.160157 0 0.160157 0 0.158202 0 0.158202 0.003907 0.162109 0.007813 0.162109 0.009766 0.164062 0.011719 0.171874 0.011719 0.173829 0.009766 0.179688 0.009766 0.179688 0.007813 0.181641 0.00586 0.181641 0 0.183593 0 0.183593 0 0.185548 0 0.185548 0 0.1875 0 0.1875 0 0.189453 0 0.189453 0 0.191405 0 0.191405 0 0.19336 0 0.19336 0 0.195312 0 0.195312 0 0.197265 0 0.197265 0 0.195312 0 0.191405 0
1 0.349609 0 0.347656 0 0.330077 0 0.330077 0 0.328125 0 0.328125 0 0.326173 0 0.326173 0.003907 0.324218 0.00586 0.324218 0.013671 0.322265 0.015624 0.322265 0.023438 0.320313 0.025391 0.320313 0.031249 0.318361 0.033202 0.318361 0.041016 0.316406 0.042969 0.316406 0.05078 0.314453 0.052735 0.314453 0.060547 0.312501 0.0625 0.312501 0.070313 0.314453 0.072266 0.314453 0.078125 0.320313 0.078125 0.322265 0.080078 0.328125 0.080078 0.330077 0.082031 0.335937 0.082031 0.337889 0.083983 0.339844 0.082031 0.345704 0.082031 0.345704 0.078125 0.347656 0.076172 0.347656 0.066405 0.349609 0.064453 0.349609 0.054688 0.351564 0.052735 0.351564 0.044922 0.353516 0.042969 0.353516 0.033202 0.355469 0.031249 0.355469 0.021485 0.357421 0.019532 0.357421 0.011719 0.359376 0.009766 0.359376 0 0.361328 0 0.361328 0 0.36328 0 0.36328 0 0.357421 0 0.355469 0 0.351564 0
1 0.986328 0 0.986328 0 0.984375 0 0.984375 0 0.982423 0 0.982423 0 0.980468 0 0.980468 0 0.978516 0 0.978516 0 0.976563 0 0.976563 0 0.974608 0 0.974608 0 0.972656 0 0.972656 0 0.970704 0 0.970704 0 0.968749 0.001954 0.968749 0.00586 0.966797 0.007813 0.966797 0.009766 0.964844 0.011719 0.964844 0.013671 0.962892 0.015624 0.962892 0.019532 0.960937 0.021485 0.960937 0.023438 0.958984 0.025391 0.958984 0.029296 0.957032 0.031249 0.957032 0.033202 0.955077 0.035157 0.955077 0.039063 0.953125 0.041016 0.953125 0.042969 0.951172 0.044922 0.951172 0.046875 0.94922 0.048827 0.94922 0.052735 0.947265 0.054688 0.947265 0.056641 0.945313 0.058594 0.945313 0.066405 0.947265 0.066405 0.951172 0.070313 0.953125 0.070313 0.957032 0.074219 0.958984 0.074219 0.960937 0.076172 0.962892 0.074219 0.966797 0.074219 0.968749 0.072266 0.974608 0.072266 0.974608 0.070313 0.976563 0.06836 0.976563 0.066405 0.978516 0.064453 0.978516 0.060547 0.980468 0.058594 0.980468 0.056641 0.982423 0.054688 0.982423 0.05078 0.984375 0.048827 0.984375 0.046875 0.986328 0.044922 0.986328 0.041016 0.98828 0.039063 0.98828 0.03711 0.990235 0.035157 0.990235 0.031249 0.992188 0.029296 0.992188 0.027344 0.99414 0.025391 0.99414 0.021485 0.996095 0.019532 0.996095 0.017577 0.998047 0.015624 0.998047 0.013671 1 0.011719 1 0.007813 1 0.00586 1 0.003907 1 0.001954 1 0 1 0 1 0 1 0 1 0 1 0 1 0 1 0 1 0 1 0 1 0 1 0 1 0 1 0 1 0 1 0 1 0 1 0 0.998047 0 0.996095 0
1 0.927734 0.111328 0.927734 0.113281 0.925781 0.115234 0.925781 0.121094 0.923829 0.123047 0.923829 0.130859 0.921874 0.132812 0.921874 0.140625 0.919922 0.142578 0.919922 0.15039 0.917969 0.152344 0.917969 0.160156 0.916017 0.162109 0.916017 0.169922 0.914062 0.171875 0.914062 0.179687 0.912109 0.18164 0.912109 0.185548 0.916017 0.185548 0.917969 0.1875 0.923829 0.1875 0.925781 0.189453 0.929689 0.189453 0.931641 0.191406 0.931641 0.1875 0.933593 0.185548 0.933593 0.179687 0.935546 0.177734 0.935546 0.169922 0.937501 0.16797 0.937501 0.160156 0.939453 0.158203 0.939453 0.152344 0.941405 0.15039 0.941405 0.142578 0.94336 0.140625 0.94336 0.132812 0.945313 0.130859 0.945313 0.125 0.947265 0.123047 0.947265 0.115234 0.939453 0.115234 0.937501 0.113281 0.929689 0.113281
0 0.236328 0.857421 0.234375 0.859374 0.224608 0.859374 0.214844 0.869141 0.212892 0.869141 0.207032 0.874999 0.207032 0.884766 0.208984 0.886719 0.208984 0.888672 0.210937 0.890625 0.222656 0.890625 0.224608 0.888672 0.224608 0.886719 0.230468 0.88086 0.230468 0.878907 0.236328 0.873047 0.236328 0.871094 0.240235 0.867188 0.240235 0.865235 0.23828 0.863282 0.23828 0.861327 0.236328 0.859374
1 0.533203 0.009766 0.529296 0.013671 0.527344 0.013671 0.525391 0.015624 0.525391 0.019532 0.523436 0.021485 0.523436 0.029296 0.521484 0.031249 0.521484 0.039063 0.519532 0.041016 0.519532 0.048827 0.517579 0.05078 0.517579 0.058594 0.515624 0.060547 0.515624 0.066405 0.513672 0.06836 0.513672 0.076172 0.51172 0.078125 0.51172 0.085938 0.509765 0.087891 0.509765 0.095703 0.507812 0.097656 0.507812 0.105469 0.50586 0.107422 0.50586 0.111328 0.509765 0.115234 0.509765 0.117187 0.51172 0.119141 0.531251 0.119141 0.533203 0.121094 0.537108 0.117187 0.539063 0.117187 0.539063 0.113281 0.541016 0.111328 0.541016 0.101563 0.542968 0.099609 0.542968 0.089844 0.544923 0.087891 0.544923 0.080078 0.546875 0.078125 0.546875 0.06836 0.548827 0.066405 0.548827 0.056641 0.550782 0.054688 0.550782 0.046875 0.552735 0.044922 0.552735 0.035157 0.554687 0.033202 0.554687 0.023438 0.55664 0.021485 0.55664 0.017577 0.552735 0.013671 0.544923 0.013671 0.542968 0.011719 0.535156 0.011719
0 0.519532 0.917969 0.517579 0.919922 0.515624 0.919922 0.513672 0.921875 0.51172 0.921875 0.51172 0.945313 0.513672 0.947266 0.513672 0.949219 0.515624 0.951172 0.521484 0.951172 0.523436 0.949219 0.527344 0.949219 0.527344 0.935547 0.529296 0.933594 0.529296 0.921875 0.527344 0.919922 0.521484 0.919922
0 0.341797 0.982422 0.335937 0.988281 0.333985 0.988281 0.326173 0.996095 0.324218 0.996095 0.320313 1 0.320313 1 0.318361 1 0.318361 1 0.320313 1 0.320313 1 0.322265 1 0.322265 1 0.333985 1 0.335937 1 0.335937 1 0.339844 1 0.339844 1 0.345704 1 0.345704 1 0.349609 0.996095 0.349609 0.99414 0.351564 0.992187 0.351564 0.990234 0.349609 0.988281 0.349609 0.986328 0.347656 0.984375 0.343749 0.984375
0 0.332032 0.960937 0.306641 0.986328 0.306641 0.990234 0.308594 0.992187 0.308594 0.998047 0.314453 0.998047 0.316406 1 0.332032 0.984375 0.333985 0.984375 0.341797 0.976562 0.341797 0.974609 0.343749 0.972656 0.343749 0.970703 0.341797 0.96875 0.341797 0.966797 0.339844 0.966797 0.335937 0.962891 0.333985 0.962891
0 0.480469 0.863282 0.480469 0.869141 0.478516 0.871094 0.478516 0.884766 0.476562 0.886719 0.476562 0.892578 0.480469 0.896485 0.480469 0.898438 0.482421 0.900391 0.486329 0.900391 0.488281 0.898438 0.492188 0.898438 0.492188 0.89453 0.494141 0.892578 0.494141 0.882813 0.496093 0.88086 0.496093 0.871094 0.498048 0.869141 0.498048 0.865235 0.494141 0.865235 0.492188 0.863282
0 0.708983 0.951172 0.707031 0.953125 0.697267 0.953125 0.697267 0.958984 0.695312 0.960937 0.695312 0.974609 0.693359 0.976562 0.693359 0.982422 0.697267 0.986328 0.703124 0.986328 0.705079 0.988281 0.707031 0.986328 0.708983 0.986328 0.708983 0.978517 0.710938 0.976562 0.710938 0.962891 0.712891 0.960937 0.712891 0.955078
1 0.787109 0.0625 0.785157 0.064453 0.783204 0.064453 0.783204 0.078125 0.781249 0.080078 0.781249 0.089844 0.779297 0.091797 0.779297 0.103516 0.777345 0.105469 0.777345 0.117187 0.77539 0.119141 0.77539 0.128906 0.773437 0.130859 0.773437 0.142578 0.771485 0.144531 0.771485 0.154297 0.76953 0.15625 0.76953 0.162109 0.771485 0.164062 0.771485 0.166015 0.779297 0.166015 0.781249 0.16797 0.787109 0.16797 0.789061 0.169922 0.789061 0.16797 0.791016 0.166015 0.791016 0.162109 0.792969 0.160156 0.792969 0.152344 0.794921 0.15039 0.794921 0.142578 0.796876 0.140625 0.796876 0.132812 0.798828 0.130859 0.798828 0.123047 0.800781 0.121094 0.800781 0.113281 0.802733 0.111328 0.802733 0.103516 0.804688 0.101563 0.804688 0.09375 0.806641 0.091797 0.806641 0.083983 0.808593 0.082031 0.808593 0.074219 0.810548 0.072266 0.810548 0.06836 0.808593 0.066405 0.808593 0.064453 0.789061 0.064453
0 0.466797 0.857421 0.464845 0.859374 0.464845 0.861327 0.460938 0.865235 0.460938 0.869141 0.458985 0.871094 0.458985 0.876952 0.45703 0.878907 0.45703 0.884766 0.455078 0.886719 0.455078 0.890625 0.45703 0.892578 0.45703 0.896485 0.46875 0.896485 0.470702 0.89453 0.472657 0.89453 0.472657 0.890625 0.474609 0.888672 0.474609 0.878907 0.476562 0.876952 0.476562 0.867188 0.478516 0.865235 0.478516 0.861327 0.476562 0.861327 0.472657 0.857421
1 0.876954 0.716797 0.874999 0.71875 0.869139 0.71875 0.867187 0.720703 0.861327 0.720703 0.861327 0.740234 0.859375 0.742187 0.859375 0.761718 0.863282 0.761718 0.865235 0.763673 0.869139 0.763673 0.871094 0.765626 0.892578 0.765626 0.892578 0.74414 0.894531 0.742187 0.894531 0.722656 0.892578 0.722656 0.888671 0.71875 0.878906 0.71875
0 0.419922 0.89453 0.41797 0.896485 0.410155 0.896485 0.410155 0.902344 0.408203 0.904297 0.408203 0.917969 0.406251 0.919922 0.406251 0.925781 0.408203 0.927734 0.408203 0.929688 0.410155 0.931641 0.416015 0.931641 0.41797 0.929688 0.419922 0.929688 0.421875 0.927734 0.421875 0.925781 0.423827 0.923828 0.423827 0.908203 0.425782 0.90625 0.425782 0.896485 0.421875 0.896485
0 0.291015 0.921875 0.289062 0.923828 0.285158 0.923828 0.28125 0.927734 0.279298 0.927734 0.273438 0.933594 0.271483 0.933594 0.267578 0.9375 0.265626 0.9375 0.263671 0.939453 0.263671 0.941406 0.261719 0.943359 0.265626 0.947266 0.265626 0.949219 0.267578 0.951172 0.277343 0.951172 0.283202 0.945313 0.285158 0.945313 0.292969 0.9375 0.294922 0.9375 0.298829 0.933594 0.296874 0.931641 0.296874 0.929688 0.294922 0.927734 0.294922 0.925781
1 0.755858 0.066405 0.755858 0.072266 0.753906 0.074219 0.753906 0.085938 0.751954 0.087891 0.751954 0.101563 0.750001 0.103516 0.750001 0.115234 0.748046 0.117187 0.748046 0.128906 0.746094 0.130859 0.746094 0.138672 0.748046 0.140625 0.748046 0.142578 0.763673 0.142578 0.765625 0.140625 0.767578 0.140625 0.767578 0.134767 0.76953 0.132812 0.76953 0.121094 0.771485 0.119141 0.771485 0.105469 0.773437 0.103516 0.773437 0.091797 0.77539 0.089844 0.77539 0.078125 0.777345 0.076172 0.777345 0.070313 0.77539 0.06836 0.77539 0.066405
1 0.421875 0 0.416015 0 0.414063 0 0.41211 0 0.41211 0.003907 0.410155 0.00586 0.410155 0.015624 0.408203 0.017577 0.408203 0.029296 0.406251 0.031249 0.406251 0.041016 0.404296 0.042969 0.404296 0.054688 0.402343 0.056641 0.402343 0.066405 0.400391 0.06836 0.400391 0.091797 0.402343 0.09375 0.402343 0.097656 0.404296 0.095703 0.429687 0.095703 0.429687 0.091797 0.431642 0.089844 0.431642 0.080078 0.433594 0.078125 0.433594 0.06836 0.435546 0.066405 0.435546 0.054688 0.437499 0.052735 0.437499 0.042969 0.439454 0.041016 0.439454 0.029296 0.441406 0.027344 0.441406 0.015624 0.443358 0.013671 0.443358 0.001954 0.445313 0 0.445313 0 0.441406 0
0 0.658204 0.945313 0.654297 0.949219 0.652344 0.949219 0.652344 0.955078 0.650392 0.957031 0.650392 0.970703 0.648437 0.972656 0.648437 0.978517 0.654297 0.984375 0.662109 0.984375 0.664064 0.986328 0.664064 0.984375 0.666016 0.982422 0.666016 0.980469 0.667968 0.978517 0.667968 0.962891 0.669921 0.960937 0.669921 0.947266 0.666016 0.947266 0.664064 0.945313
1 0.857423 0.773437 0.855468 0.77539 0.855468 0.777343 0.851563 0.781251 0.851563 0.783204 0.849611 0.785157 0.849611 0.791015 0.847656 0.792968 0.847656 0.798829 0.845703 0.800782 0.845703 0.804687 0.843751 0.80664 0.843751 0.812499 0.841796 0.814454 0.841796 0.81836 0.839844 0.820313 0.839844 0.826171 0.837891 0.828124 0.837891 0.833985 0.835936 0.835938 0.835936 0.839843 0.833984 0.841796 0.833984 0.847657 0.832032 0.84961 0.832032 0.853516 0.830079 0.855469 0.830079 0.861327 0.828124 0.863282 0.828124 0.869141 0.826172 0.871094 0.826172 0.874999 0.82422 0.876952 0.82422 0.882813 0.822265 0.884766 0.822265 0.886719 0.82422 0.888672 0.826172 0.888672 0.830079 0.892578 0.853515 0.892578 0.855468 0.89453 0.857423 0.892578 0.857423 0.890625 0.859375 0.888672 0.859375 0.886719 0.861327 0.884766 0.861327 0.882813 0.863282 0.88086 0.863282 0.876952 0.865235 0.874999 0.865235 0.869141 0.867187 0.867188 0.867187 0.861327 0.869139 0.859374 0.869139 0.853516 0.871094 0.851563 0.871094 0.845702 0.873047 0.843749 0.873047 0.837891 0.874999 0.835938 0.874999 0.828124 0.876954 0.826171 0.876954 0.820313 0.878906 0.81836 0.878906 0.812499 0.880859 0.810546 0.880859 0.804687 0.882814 0.802735 0.882814 0.796876 0.884766 0.794921 0.884766 0.789062 0.886719 0.787109 0.886719 0.783204 0.882814 0.779296 0.882814 0.777343 0.880859 0.77539 0.867187 0.77539 0.865235 0.773437
0 0.367188 0.84961 0.36328 0.853516 0.361328 0.853516 0.361328 0.869141 0.359376 0.871094 0.359376 0.874999 0.367188 0.874999 0.36914 0.873047 0.375 0.873047 0.375 0.863282 0.376952 0.861327 0.376952 0.851563 0.36914 0.851563
0 0.205077 0.640625 0.201172 0.644531 0.19922 0.644531 0.197265 0.646483 0.197265 0.683594 0.207032 0.683594 0.208984 0.681641 0.216796 0.681641 0.216796 0.664063 0.218751 0.662109 0.218751 0.646483 0.212892 0.640625
1 0.609374 0.876952 0.607422 0.878907 0.597657 0.878907 0.597657 0.898438 0.595702 0.900391 0.595702 0.919922 0.601562 0.919922 0.603514 0.921875 0.617189 0.921875 0.619141 0.919922 0.619141 0.917969 0.623046 0.914063 0.623046 0.88086 0.621093 0.88086 0.617189 0.876952
0 0.77539 0.71875 0.773437 0.720703 0.761718 0.720703 0.761718 0.726562 0.759766 0.728515 0.759766 0.742187 0.757813 0.74414 0.757813 0.757812 0.755858 0.759765 0.755858 0.767579 0.757813 0.769531 0.757813 0.771484 0.759766 0.773437 0.759766 0.77539 0.767578 0.77539 0.76953 0.773437 0.781249 0.773437 0.781249 0.761718 0.783204 0.759765 0.783204 0.736328 0.785157 0.734375 0.785157 0.722656 0.781249 0.722656 0.779297 0.720703 0.777345 0.720703
1 0.67578 0.041016 0.67578 0.054688 0.673828 0.056641 0.673828 0.0625 0.671876 0.064453 0.671876 0.072266 0.669921 0.074219 0.669921 0.082031 0.667968 0.083983 0.667968 0.089844 0.666016 0.091797 0.666016 0.099609 0.664064 0.101563 0.664064 0.107422 0.662109 0.109375 0.662109 0.117187 0.660156 0.119141 0.660156 0.126953 0.658204 0.128906 0.658204 0.134767 0.656249 0.136719 0.656249 0.144531 0.666016 0.144531 0.667968 0.146484 0.67578 0.146484 0.677735 0.148437 0.677735 0.146484 0.679688 0.144531 0.679688 0.140625 0.68164 0.138672 0.68164 0.130859 0.683595 0.128906 0.683595 0.121094 0.685547 0.119141 0.685547 0.111328 0.6875 0.109375 0.6875 0.101563 0.689452 0.099609 0.689452 0.091797 0.691407 0.089844 0.691407 0.082031 0.693359 0.080078 0.693359 0.072266 0.695312 0.070313 0.695312 0.0625 0.697267 0.060547 0.697267 0.052735 0.699219 0.05078 0.699219 0.046875 0.695312 0.042969 0.68164 0.042969 0.679688 0.041016
0 0.744142 0.710937 0.742187 0.71289 0.738282 0.71289 0.736327 0.714844 0.732422 0.714844 0.732422 0.722656 0.73047 0.724609 0.73047 0.738281 0.728515 0.740234 0.728515 0.753906 0.726562 0.755859 0.726562 0.761718 0.728515 0.763673 0.73047 0.763673 0.734375 0.767579 0.751954 0.767579 0.751954 0.763673 0.753906 0.761718 0.753906 0.738281 0.755858 0.736328 0.755858 0.71875 0.753906 0.716797 0.753906 0.714844 0.751954 0.71289 0.751954 0.710937
0 0.76953 0.962891 0.767578 0.964844 0.765625 0.964844 0.765625 0.970703 0.763673 0.972656 0.763673 0.986328 0.761718 0.988281 0.761718 0.996095 0.763673 0.998047 0.763673 1 0.767578 1 0.76953 1 0.771485 1 0.777345 1 0.777345 0.982422 0.779297 0.980469 0.779297 0.964844 0.777345 0.964844 0.77539 0.962891
1 0.648437 0.888672 0.646485 0.890625 0.644532 0.890625 0.642577 0.892578 0.640625 0.892578 0.640625 0.900391 0.638672 0.902344 0.638672 0.916016 0.636718 0.917969 0.636718 0.925781 0.640625 0.929688 0.652344 0.929688 0.654297 0.931641 0.656249 0.929688 0.660156 0.929688 0.660156 0.925781 0.662109 0.923828 0.662109 0.917969 0.664064 0.916016 0.664064 0.910156 0.666016 0.908203 0.666016 0.898438 0.667968 0.896485 0.667968 0.892578 0.664064 0.888672
0 0.449218 0.902344 0.449218 0.921875 0.447266 0.923828 0.447266 0.941406 0.451173 0.941406 0.453125 0.943359 0.458985 0.943359 0.46289 0.939453 0.46289 0.935547 0.464845 0.933594 0.464845 0.925781 0.466797 0.923828 0.466797 0.902344
0 0.59961 0.929688 0.59375 0.935547 0.59375 0.949219 0.591798 0.951172 0.591798 0.962891 0.59375 0.964844 0.59375 0.966797 0.595702 0.96875 0.597657 0.96875 0.59961 0.970703 0.601562 0.96875 0.607422 0.96875 0.607422 0.964844 0.609374 0.962891 0.609374 0.953125 0.611329 0.951172 0.611329 0.941406 0.613281 0.939453 0.613281 0.935547 0.611329 0.933594 0.611329 0.931641 0.607422 0.931641 0.605469 0.929688
1 1 0 1 0 1 0 1 0 1 0 1 0 1 0 1 0 1 0 1 0 1 0 1 0 1 0 1 0 1 0 1 0 1 0 1 0.001954 1 0.003907 1 0.00586 1 0.007813 1 0.011719 1 0.013671 1 0.015624 1 0.017577 1 0.021485 0.998047 0.023438 0.998047 0.025391 0.996095 0.027344 0.996095 0.031249 0.99414 0.033202 0.99414 0.035157 0.992188 0.03711 0.992188 0.041016 0.990235 0.042969 0.990235 0.044922 0.98828 0.046875 0.98828 0.048827 0.986328 0.05078 0.986328 0.054688 0.984375 0.056641 0.984375 0.058594 0.982423 0.060547 0.982423 0.064453 0.980468 0.066405 0.980468 0.06836 0.978516 0.070313 0.978516 0.072266 0.986328 0.080078 1 0.080078 1 0.078125 1 0.076172 1 0.072266 1 0.070313 1 0.066405 1 0.064453 1 0.0625 1 0.060547 1 0.056641 1 0.054688 1 0.05078 1 0.048827 1 0.046875 1 0.044922 1 0.041016 1 0.039063 1 0.03711 1 0.035157 1 0.031249 1 0.029296 1 0.025391 1 0.023438 1 0.021485 1 0.019532 1 0.015624 1 0.013671 1 0.009766 1 0.007813 1 0.00586 1 0.003907 1 0 1 0 1 0 1 0 1 0 1 0 1 0 1 0 1 0 1 0 1 0 1 0 1 0 1 0