0 0.398439 0.087891 0.396486 0.089844 0.390627 0.089844 0.390627 0.099609 0.396486 0.099609 0.398439 0.101562 0.406251 0.101562 0.408204 0.103515 0.414063 0.103515 0.416016 0.105468 0.421875 0.105468 0.423828 0.107421 0.423828 0.103515 0.425781 0.101562 0.425781 0.09375 0.417969 0.09375 0.416016 0.091797 0.410157 0.091797 0.408204 0.089844 0.400392 0.089844
0 0.384763 0.025391 0.384763 0.035156 0.382811 0.037109 0.382811 0.048828 0.394533 0.048828 0.394533 0.039062 0.396486 0.037109 0.396486 0.029297 0.394533 0.027344 0.394533 0.025391
0 0.568359 0.867187 0.568359 0.86914 0.570312 0.871093 0.570312 0.874999 0.58203 0.874999 0.583983 0.876952 0.585936 0.876952 0.587889 0.878905 0.589842 0.876952 0.591795 0.876952 0.591795 0.874999 0.593748 0.873046 0.593748 0.86914 0.585936 0.86914 0.583983 0.867187
0 0.386721 0.197266 0.384763 0.199219 0.382811 0.199219 0.382811 0.205078 0.384763 0.207031 0.384763 0.208984 0.400392 0.208984 0.402345 0.210937 0.406251 0.210937 0.406251 0.208984 0.408204 0.207031 0.408204 0.201172 0.406251 0.199219 0.406251 0.197266
0 0.576171 0.929686 0.576171 0.935546 0.574218 0.937498 0.574218 0.945314 0.576171 0.947267 0.583983 0.947267 0.583983 0.937498 0.585936 0.935546 0.585936 0.931639 0.583983 0.931639 0.58203 0.929686
0 0.294921 0.01758 0.294921 0.019532 0.292968 0.021486 0.292968 0.025391 0.294921 0.027344 0.294921 0.029297 0.30078 0.029297 0.302733 0.031251 0.308592 0.031251 0.310545 0.033203 0.316404 0.033203 0.318362 0.035156 0.322268 0.035156 0.324221 0.033203 0.326174 0.033203 0.326174 0.029297 0.328126 0.027344 0.328126 0.025391 0.326174 0.023438 0.326174 0.021486 0.316404 0.021486 0.314451 0.019532 0.30078 0.019532 0.298827 0.01758
0 0.380857 0.181642 0.378904 0.183595 0.376951 0.183595 0.374999 0.185548 0.374999 0.187501 0.373045 0.189454 0.373045 0.191407 0.376951 0.195313 0.378904 0.19336 0.398439 0.19336 0.400392 0.191407 0.402345 0.191407 0.402345 0.185548 0.400392 0.183595 0.382811 0.183595
0 0.298827 0 0.294921 0.001952 0.294921 0.009764 0.296874 0.009764 0.298827 0.011717 0.312498 0.011717 0.314451 0.013674 0.320314 0.013674 0.320314 0.003905 0.322268 0.001952 0.318362 0.001952 0.316404 0 0.30078 0
0 0.599612 0.802734 0.599612 0.804688 0.597654 0.806641 0.597654 0.808593 0.595701 0.810547 0.595701 0.8125 0.599612 0.8125 0.601565 0.814452 0.603517 0.814452 0.605471 0.816406 0.609376 0.816406 0.611329 0.818359 0.613283 0.818359 0.615236 0.820311 0.617189 0.818359 0.621095 0.818359 0.623048 0.816406 0.623048 0.814452 0.625 0.8125 0.625 0.808593 0.619141 0.808593 0.617189 0.806641 0.609376 0.806641 0.607424 0.804688 0.601565 0.804688
0 0.570312 0.671877 0.570312 0.67383 0.568359 0.675782 0.568359 0.679688 0.572265 0.683594 0.580077 0.683594 0.58203 0.685547 0.589842 0.685547 0.591795 0.687501 0.595701 0.687501 0.597654 0.685547 0.599612 0.685547 0.599612 0.677736 0.595701 0.677736 0.593748 0.675782 0.585936 0.675782 0.583983 0.67383 0.576171 0.67383 0.574218 0.671877
0 0.26172 0.111327 0.259767 0.11328 0.253908 0.11328 0.251955 0.115233 0.250002 0.115233 0.250002 0.123049 0.251955 0.125002 0.251955 0.126955 0.255861 0.126955 0.257814 0.125002 0.283203 0.125002 0.283203 0.123049 0.285156 0.121092 0.285156 0.115233 0.283203 0.11328 0.283203 0.111327
0 0.681642 0.613283 0.669924 0.625001 0.669924 0.626954 0.658201 0.638672 0.658201 0.640625 0.660154 0.642578 0.671877 0.642578 0.679689 0.634766 0.679689 0.632813 0.681642 0.63086 0.681642 0.628907 0.683595 0.626954 0.683595 0.625001 0.685548 0.623048 0.685548 0.619142 0.683595 0.617189 0.683595 0.615236
0 0.523435 0.994139 0.521482 0.996092 0.517576 0.996092 0.517576 1 0.521482 1 0.523435 1 0.525388 1 0.527346 1 0.529299 1 0.531252 1 0.539064 1 0.541017 1 0.546876 1 0.548829 1 0.548829 1 0.550782 1 0.550782 1 0.548829 1 0.544923 0.996092 0.54297 0.996092 0.541017 0.994139
0 0.589842 0.835939 0.589842 0.839845 0.587889 0.841798 0.587889 0.843751 0.591795 0.843751 0.593748 0.845704 0.597654 0.845704 0.599612 0.847657 0.601565 0.845704 0.603517 0.845704 0.605471 0.843751 0.605471 0.839845 0.603517 0.837892 0.591795 0.837892
0 0.291015 0.042969 0.289062 0.044922 0.287109 0.044922 0.287109 0.056639 0.310545 0.056639 0.312498 0.058593 0.314451 0.058593 0.318362 0.054687 0.318362 0.044922 0.292968 0.044922
0 0.580077 0.843751 0.574218 0.84961 0.572265 0.84961 0.570312 0.851563 0.570312 0.853516 0.572265 0.855469 0.572265 0.857422 0.576171 0.857422 0.578124 0.859375 0.580077 0.859375 0.58203 0.861328 0.585936 0.861328 0.587889 0.863281 0.591795 0.863281 0.593748 0.861328 0.595701 0.861328 0.597654 0.859375 0.597654 0.857422 0.599612 0.855469 0.599612 0.851563 0.595701 0.851563 0.593748 0.84961 0.591795 0.84961 0.589842 0.847657 0.585936 0.847657 0.583983 0.845704 0.58203 0.845704
0 0.058594 0 0.056641 0 0.056641 0 0.054688 0 0.054688 0 0.052736 0 0.052736 0 0.050782 0.001952 0.050782 0.003905 0.04883 0.005858 0.04883 0.007811 0.050782 0.009764 0.052736 0.009764 0.056641 0.013674 0.058594 0.011717 0.060548 0.011717 0.060548 0.009764 0.0625 0.007811 0.0625 0.005858 0.064453 0.003905 0.064453 0.001952 0.066407 0 0.066407 0 0.0625 0
0 0.39258 0.107421 0.390627 0.109374 0.388674 0.109374 0.388674 0.111327 0.390627 0.11328 0.396486 0.11328 0.398439 0.115233 0.404298 0.115233 0.406251 0.117186 0.410157 0.117186 0.410157 0.115233 0.41211 0.11328 0.410157 0.111327 0.410157 0.109374 0.404298 0.109374 0.402345 0.107421
0 0.384763 0.121092 0.382811 0.123049 0.380857 0.123049 0.380857 0.132813 0.386721 0.132813 0.388674 0.134766 0.39258 0.134766 0.394533 0.136719 0.400392 0.136719 0.402345 0.138672 0.404298 0.138672 0.406251 0.140626 0.410157 0.136719 0.410157 0.130861 0.408204 0.130861 0.406251 0.128907 0.404298 0.128907 0.400392 0.125002 0.39258 0.125002 0.390627 0.123049 0.386721 0.123049
0 0.546876 0.937498 0.544923 0.939451 0.54297 0.939451 0.541017 0.941408 0.541017 0.943361 0.54297 0.945314 0.54297 0.947267 0.558594 0.947267 0.560547 0.94922 0.564453 0.94922 0.564453 0.941408 0.5625 0.941408 0.558594 0.937498
0 0.634766 0.724611 0.630859 0.728517 0.628907 0.728517 0.626953 0.73047 0.626953 0.740235 0.625 0.742188 0.625 0.753906 0.628907 0.757812 0.632812 0.757812 0.634766 0.755859 0.636718 0.755859 0.638672 0.753906 0.640625 0.753906 0.640625 0.75 0.642577 0.748047 0.642577 0.728517 0.640625 0.726564 0.636718 0.726564
0 0.570312 0.919922 0.568359 0.921875 0.558594 0.921875 0.556641 0.923827 0.554688 0.923827 0.552735 0.925781 0.550782 0.925781 0.548829 0.927734 0.546876 0.927734 0.548829 0.929686 0.560547 0.929686 0.5625 0.931639 0.5625 0.933593 0.568359 0.933593 0.570312 0.931639 0.570312 0.929686 0.572265 0.927734 0.572265 0.923827 0.570312 0.921875
0 0.546876 0.966797 0.544923 0.96875 0.541017 0.96875 0.539064 0.970703 0.539064 0.972656 0.541017 0.974609 0.541017 0.976562 0.54297 0.978515 0.54297 0.980468 0.560547 0.980468 0.564453 0.976562 0.566406 0.976562 0.566406 0.974609 0.564453 0.972656 0.564453 0.96875 0.560547 0.96875 0.558594 0.966797
0 0.378904 0.136719 0.376951 0.138672 0.376951 0.140626 0.374999 0.142578 0.374999 0.148438 0.376951 0.148438 0.378904 0.150391 0.382811 0.150391 0.384763 0.152344 0.386721 0.152344 0.388674 0.154297 0.394533 0.154297 0.398439 0.150391 0.398439 0.144531 0.396486 0.142578 0.394533 0.142578 0.39258 0.140626 0.386721 0.140626 0.384763 0.138672 0.380857 0.138672
0 0.634766 0.757812 0.632812 0.759765 0.628907 0.759765 0.628907 0.761718 0.626953 0.763671 0.626953 0.771483 0.628907 0.773436 0.628907 0.783204 0.630859 0.785157 0.630859 0.787111 0.632812 0.787111 0.636718 0.783204 0.638672 0.783204 0.638672 0.773436 0.640625 0.771483 0.640625 0.763671 0.638672 0.761718 0.638672 0.759765 0.636718 0.757812
0 0.587889 0.814452 0.583983 0.818359 0.583983 0.828123 0.609376 0.828123 0.611329 0.830076 0.611329 0.828123 0.613283 0.826171 0.613283 0.820311 0.611329 0.820311 0.609376 0.818359 0.605471 0.818359 0.603517 0.816406 0.589842 0.816406