1 0.992189 0.339846 0.992189 0.341796 0.990237 0.343752 0.990237 0.351564 0.992189 0.351564 0.996092 0.35547 0.998044 0.35547 1 0.359375 1 0.359375 1 0.363282 1 0.363282 1 0.35547 1 0.353513 1 0.353513 1 0.349607 1 0.349607 0.998044 0.343752 0.996092 0.343752
1 0.89453 0.265628 0.892578 0.267578 0.890627 0.267578 0.890627 0.271483 0.892578 0.27344 0.89453 0.27344 0.898434 0.277346 0.900394 0.277346 0.904298 0.281251 0.90625 0.281251 0.912114 0.287107 0.914065 0.287107 0.917969 0.291013 0.919921 0.291013 0.923824 0.294919 0.925785 0.294919 0.929688 0.298831 0.93164 0.298831 0.93164 0.296875 0.933592 0.294919 0.933592 0.287107 0.93164 0.287107 0.927737 0.283201 0.925785 0.283201 0.923824 0.281251 0.921872 0.281251 0.917969 0.277346 0.916017 0.277346 0.912114 0.27344 0.910153 0.27344 0.908201 0.271483 0.90625 0.271483 0.902346 0.267578 0.900394 0.267578 0.898434 0.265628
1 0.681639 0.425782 0.681639 0.4375 0.683591 0.4375 0.687503 0.441405 0.689455 0.441405 0.691407 0.443362 0.693358 0.443362 0.697262 0.447268 0.699223 0.447268 0.701174 0.449217 0.705078 0.449217 0.705078 0.441405 0.699223 0.43555 0.697262 0.43555 0.687503 0.425782
0 0.714845 0.384767 0.712894 0.386716 0.712894 0.392579 0.714845 0.392579 0.716797 0.394528 0.718749 0.394528 0.722652 0.398434 0.724613 0.398434 0.726565 0.400391 0.728516 0.398434 0.730468 0.398434 0.730468 0.396484 0.73242 0.394528 0.730468 0.394528 0.728516 0.392579 0.726565 0.392579 0.722652 0.388673 0.720701 0.388673 0.718749 0.386716 0.716797 0.386716
0 0.781249 0.392579 0.781249 0.394528 0.779297 0.396484 0.779297 0.400391 0.777346 0.402347 0.777346 0.404296 0.775394 0.406253 0.775394 0.408202 0.779297 0.412108 0.783201 0.412108 0.783201 0.410158 0.785152 0.408202 0.785152 0.406253 0.787113 0.404296 0.787113 0.402347 0.789065 0.400391 0.789065 0.398434 0.787113 0.396484 0.787113 0.394528 0.785152 0.392579
1 0.812504 0.339846 0.812504 0.341796 0.810543 0.343752 0.810543 0.347658 0.808591 0.349607 0.808591 0.353513 0.806639 0.35547 0.806639 0.363282 0.810543 0.363282 0.812504 0.365238 0.814455 0.363282 0.814455 0.361325 0.820311 0.35547 0.820311 0.353513 0.822262 0.351564 0.822262 0.341796 0.814455 0.341796
0 0.576174 0.277346 0.574222 0.279295 0.572261 0.279295 0.570309 0.281251 0.574222 0.285158 0.576174 0.285158 0.583981 0.292969 0.585941 0.292969 0.585941 0.291013 0.587893 0.289063 0.587893 0.285158 0.585941 0.285158 0.582029 0.281251 0.580077 0.281251
1 0.685542 0.48242 0.683591 0.484377 0.683591 0.492188 0.687503 0.492188 0.689455 0.494138 0.691407 0.494138 0.69531 0.498044 0.697262 0.498044 0.701174 0.501956 0.703126 0.5 0.703126 0.498044 0.707029 0.494138 0.705078 0.494138 0.701174 0.490232 0.699223 0.490232 0.697262 0.488282 0.69531 0.488282 0.691407 0.484377 0.689455 0.484377 0.687503 0.48242
1 0.562503 0.191403 0.562503 0.199222 0.564454 0.201171 0.566406 0.201171 0.570309 0.205077 0.572261 0.205077 0.576174 0.208983 0.578125 0.208983 0.582029 0.212889 0.583981 0.210939 0.583981 0.208983 0.585941 0.207034 0.585941 0.203127 0.583981 0.203127 0.580077 0.199222 0.578125 0.199222 0.574222 0.195316 0.572261 0.195316 0.568358 0.191403
1 0.861324 0.626951 0.861324 0.628907 0.859372 0.630857 0.859372 0.632813 0.85742 0.634762 0.85742 0.638675 0.855469 0.640625 0.855469 0.642581 0.853517 0.64453 0.853517 0.646486 0.851565 0.648437 0.851565 0.650393 0.853517 0.652342 0.855469 0.652342 0.861324 0.658204 0.861324 0.656248 0.863285 0.654299 0.863285 0.652342 0.865236 0.650393 0.865236 0.646486 0.867188 0.64453 0.867188 0.642581 0.86914 0.640625 0.86914 0.638675 0.871091 0.636719 0.871091 0.634762 0.86914 0.632813 0.867188 0.632813
1 0.83203 0.310549 0.83203 0.312499 0.830078 0.314455 0.830078 0.31836 0.828126 0.32031 0.828126 0.322267 0.826175 0.324216 0.826175 0.328122 0.824223 0.330078 0.824223 0.33594 0.826175 0.33789 0.830078 0.33789 0.83203 0.33594 0.83203 0.333984 0.837894 0.328122 0.837894 0.326172 0.843749 0.32031 0.843749 0.31836 0.845701 0.316404 0.843749 0.316404 0.841798 0.314455 0.837894 0.314455 0.835933 0.312499 0.833982 0.312499
1 0.587893 0.248048 0.587893 0.249998 0.585941 0.251954 0.593748 0.259766 0.593748 0.261716 0.599612 0.267578 0.601564 0.267578 0.603516 0.265628 0.605468 0.265628 0.605468 0.261716 0.603516 0.259766 0.603516 0.25781 0.597661 0.251954 0.597661 0.249998 0.5957 0.248048
1 0.888675 0.648437 0.888675 0.650393 0.886714 0.652342 0.886714 0.656248 0.884763 0.658204 0.884763 0.66211 0.882811 0.66406 0.882811 0.667966 0.880859 0.669922 0.880859 0.671878 0.882811 0.673828 0.884763 0.673828 0.888675 0.677733 0.888675 0.675784 0.890627 0.673828 0.890627 0.671878 0.892578 0.669922 0.892578 0.667966 0.89453 0.666016 0.89453 0.66406 0.896482 0.66211 0.896482 0.660154 0.898434 0.658204 0.898434 0.656248 0.900394 0.654299 0.898434 0.654299 0.896482 0.652342 0.89453 0.652342 0.892578 0.650393 0.890627 0.650393
1 0.652345 0.45508 0.652345 0.457029 0.650393 0.458985 0.650393 0.460935 0.648442 0.462891 0.652345 0.466797 0.654297 0.466797 0.664064 0.476565 0.666016 0.476565 0.671871 0.48242 0.681639 0.48242 0.681639 0.480471 0.683591 0.478515 0.683591 0.476565 0.681639 0.474608 0.679687 0.474608 0.675784 0.470703 0.673832 0.470703 0.66992 0.466797 0.667968 0.466797 0.664064 0.462891 0.662113 0.462891 0.6582 0.458985 0.656248 0.458985
1 0.570309 0.179686 0.566406 0.183592 0.568358 0.185548 0.570309 0.185548 0.578125 0.193359 0.580077 0.193359 0.585941 0.199222 0.587893 0.197265 0.587893 0.195316 0.589845 0.193359 0.576174 0.179686
1 0.603516 0.228512 0.601564 0.230469 0.597661 0.230469 0.597661 0.234375 0.599612 0.234375 0.603516 0.23828 0.605468 0.23828 0.607419 0.240236 0.609371 0.240236 0.613283 0.244143 0.615235 0.244143 0.617187 0.246092 0.617187 0.242186 0.619139 0.240236 0.619139 0.23828 0.617187 0.23828 0.613283 0.234375 0.611332 0.234375 0.607419 0.230469 0.605468 0.230469
1 0.718749 0.132815 0.716797 0.134765 0.714845 0.134765 0.714845 0.136721 0.712894 0.13867 0.712894 0.140627 0.716797 0.144533 0.718749 0.144533 0.726565 0.152345 0.734372 0.152345 0.736332 0.154294 0.738284 0.152345 0.738284 0.146482 0.736332 0.144533 0.734372 0.144533 0.730468 0.140627 0.728516 0.140627 0.724613 0.136721 0.722652 0.136721
1 0.751955 0.398434 0.750003 0.400391 0.750003 0.402347 0.746091 0.406253 0.746091 0.408202 0.740236 0.414064 0.740236 0.416014 0.736332 0.41992 0.736332 0.421876 0.73242 0.425782 0.73242 0.427732 0.726565 0.433594 0.726565 0.43555 0.724613 0.4375 0.726565 0.4375 0.730468 0.441405 0.73242 0.441405 0.736332 0.445311 0.738284 0.445311 0.742188 0.449217 0.744139 0.447268 0.744139 0.445311 0.746091 0.443362 0.746091 0.441405 0.748043 0.439456 0.748043 0.4375 0.750003 0.43555 0.750003 0.433594 0.751955 0.431637 0.751955 0.429688 0.755859 0.425782 0.755859 0.423825 0.75781 0.421876 0.75781 0.41992 0.759762 0.41797 0.759762 0.416014 0.761723 0.414064 0.761723 0.412108 0.763674 0.410158 0.763674 0.408202 0.765626 0.406253 0.763674 0.406253 0.761723 0.404296 0.759762 0.404296 0.755859 0.400391 0.753907 0.400391
0 0.808591 0.234375 0.804688 0.23828 0.802736 0.23828 0.802736 0.240236 0.804688 0.240236 0.808591 0.244143 0.810543 0.244143 0.814455 0.248048 0.816407 0.248048 0.818359 0.249998 0.824223 0.249998 0.824223 0.242186 0.822262 0.242186 0.820311 0.240236 0.818359 0.240236 0.814455 0.236331 0.812504 0.236331 0.810543 0.234375