0 0.277346 0.13086 0.277346 0.132814 0.275389 0.134768 0.275389 0.136717 0.28711 0.136717 0.289062 0.138671 0.289062 0.132814 0.279298 0.132814
0 0 0.138671 0 0.140625 0 0.142579 0 0.144533 0 0.146482 0 0.148436 0 0.15039 0 0.152344 0.001953 0.152344 0.001953 0.15039 0.003905 0.148436 0.003905 0.144533 0.005857 0.142579 0.005857 0.140625 0.000001 0.140625
0 0.240236 0.04492 0.240236 0.050782 0.255861 0.050782 0.255861 0.04492
0 0.085938 0.949217 0.085938 0.953125 0.083987 0.955078 0.083987 0.957032 0.091799 0.957032 0.091799 0.949217
0 0.992188 0.974608 0.992188 0.984373 1 0.984373 1 0.974608
0 0.910154 0.486329 0.90625 0.490232 0.904299 0.490232 0.904299 0.492186 0.90625 0.49414 0.90625 0.496094 0.908203 0.498048 0.908203 0.500001 0.910154 0.501951 0.910154 0.503905 0.912111 0.501951 0.914063 0.501951 0.916015 0.500001 0.917967 0.500001 0.916015 0.498048 0.916015 0.496094 0.914063 0.49414 0.914063 0.492186 0.912111 0.490232 0.912111 0.488283
0 0.203125 0.011718 0.203125 0.017579 0.220702 0.017579 0.220702 0.011718
0 0.421874 0.843751 0.421874 0.853516 0.423826 0.851562 0.433595 0.851562 0.433595 0.845701 0.423826 0.845701
0 0.21875 0.103515 0.21875 0.11133 0.234375 0.11133 0.234375 0.103515
0 0.000001 0.701172 0.000001 0.710937 0 0.71289 0 0.720701 0.005857 0.720701 0.005857 0.710937 0.007814 0.708983 0.007814 0.701172
0 0.966798 0.925783 0.964842 0.927733 0.957029 0.927733 0.957029 0.935549 0.958986 0.937498 0.958986 0.947267 0.960938 0.945313 0.966798 0.945313
0 0.101563 0.773438 0.101563 0.791014 0.103515 0.789061 0.109376 0.789061 0.109376 0.783203 0.107424 0.78125 0.107424 0.773438
0 0.253909 0.068358 0.251952 0.070312 0.240236 0.070312 0.240236 0.076173 0.253909 0.076173
0 0.279298 0.091796 0.279298 0.095704 0.289062 0.095704 0.291014 0.097657 0.291014 0.091796
0 0.240236 0.81836 0.238279 0.820314 0.222654 0.820314 0.222654 0.830079 0.224611 0.828125 0.230466 0.828125 0.232423 0.826171 0.240236 0.826171
0 1 0.900392 1 0.902346 1 0.902346 0.998048 0.904295 0.996096 0.904295 0.994139 0.906249 0.992188 0.906249 0.994139 0.908203 0.994139 0.910157 0.996096 0.912111 1 0.908203 1 0.908203 1 0.906249 1 0.904295
0 0.599608 0.789061 0.597656 0.791014 0.593748 0.791014 0.591796 0.792968 0.585935 0.792968 0.585935 0.796876 0.587892 0.794922 0.593748 0.794922 0.595705 0.792968 0.60156 0.792968 0.599608 0.791014
0 0.876952 0.214846 0.876952 0.218749 0.878905 0.220703 0.878905 0.228514 0.880861 0.230468 0.880861 0.234376 0.882813 0.232422 0.888674 0.232422 0.888674 0.224611 0.886717 0.222657 0.886717 0.214846
0 0.615233 0.76172 0.613281 0.763674 0.609373 0.763674 0.607421 0.765623 0.603517 0.765623 0.603517 0.769531 0.605469 0.767577 0.615233 0.767577
0 0.535157 0.806641 0.535157 0.812499 0.544921 0.812499 0.544921 0.806641
1 0.408201 0.753904 0.406249 0.755858 0.402345 0.755858 0.400388 0.757812 0.396485 0.757812 0.394533 0.759766 0.390624 0.759766 0.388672 0.76172 0.382812 0.76172 0.38086 0.763674 0.376951 0.763674 0.374999 0.765623 0.371095 0.765623 0.369138 0.767577 0.365235 0.767577 0.365235 0.773438 0.367187 0.775392 0.367187 0.78125 0.369138 0.779296 0.373047 0.779296 0.374999 0.777342 0.378908 0.777342 0.38086 0.775392 0.384763 0.775392 0.38672 0.773438 0.392576 0.773438 0.394533 0.771485 0.398437 0.771485 0.400388 0.769531 0.404297 0.769531 0.406249 0.767577 0.410158 0.767577 0.410158 0.76172 0.408201 0.759766
0 0.085938 0.623047 0.083987 0.625001 0.080078 0.625001 0.080078 0.628904 0.08203 0.630858 0.08203 0.634766 0.085938 0.634766
0 0.910154 0.591799 0.908203 0.593748 0.902342 0.593748 0.90039 0.595702 0.892578 0.595702 0.892578 0.59961 0.894529 0.601563 0.894529 0.605467 0.896486 0.603517 0.90039 0.603517 0.902342 0.601563 0.90625 0.601563 0.908203 0.59961 0.912111 0.59961 0.912111 0.597656 0.910154 0.595702
0 0.871092 0.16797 0.871092 0.177735 0.873049 0.179689 0.873049 0.191408 0.880861 0.191408 0.880861 0.181639 0.878905 0.179689 0.878905 0.16797
0 0.482422 0.828125 0.480469 0.830079 0.468749 0.830079 0.468749 0.83789 0.470705 0.835936 0.482422 0.835936
0 0.457032 0.832033 0.453124 0.835936 0.451172 0.835936 0.447268 0.839844 0.445311 0.839844 0.443359 0.841798 0.443359 0.843751 0.445311 0.845701 0.445311 0.847655 0.447268 0.845701 0.44922 0.845701 0.453124 0.841798 0.45508 0.841798 0.458984 0.83789 0.460936 0.83789 0.458984 0.835936 0.458984 0.833987
0 0.988284 0.912111 0.988284 0.933594 0.990236 0.931641 0.996096 0.931641 0.996096 0.92383 0.994139 0.921876 0.994139 0.914064 0.990236 0.914064
0 0.257812 0.671876 0.257812 0.677734 0.259764 0.679688 0.259764 0.685545 0.261721 0.683595 0.265625 0.683595 0.265625 0.679688 0.263673 0.677734 0.263673 0.673826 0.259764 0.673826
0 0.220702 0.054685 0.220702 0.060547 0.232423 0.060547 0.232423 0.054685
0 0.11914 0.939452 0.117188 0.941406 0.115237 0.941406 0.11328 0.94336 0.111328 0.94336 0.111328 0.955078 0.11914 0.955078
0 0.574219 0.792968 0.572267 0.794922 0.562498 0.794922 0.562498 0.796876 0.564455 0.79883 0.564455 0.800779 0.566406 0.79883 0.576171 0.79883 0.576171 0.796876 0.574219 0.794922
0 0.998048 0.265625 0.998048 0.269532 0.996096 0.271486 0.996096 0.277344 0.994139 0.279297 0.994139 0.281251 1 0.281251 1 0.267579 1 0.267579
0 0.189452 0.748047 0.1875 0.750001 0.173827 0.750001 0.173827 0.751955 0.175779 0.753904 0.175779 0.757812 0.177736 0.755858 0.191404 0.755858 0.191404 0.753904 0.189452 0.751955
0 0.220702 0.080077 0.220702 0.082031 0.21875 0.083985 0.234375 0.083985 0.236327 0.085939 0.236327 0.080077
0 0.714843 0.898438 0.710939 0.902346 0.708982 0.902346 0.708982 0.904295 0.710939 0.906249 0.710939 0.908203 0.712891 0.910157 0.712891 0.912111 0.714843 0.914064 0.714843 0.916014 0.716795 0.917968 0.716795 0.919922 0.720704 0.916014 0.722656 0.916014 0.722656 0.914064 0.720704 0.912111 0.720704 0.910157 0.718752 0.908203 0.718752 0.906249 0.716795 0.904295 0.716795 0.902346 0.714843 0.900392
0 0.308596 0.201173 0.308596 0.210938 0.306639 0.212892 0.306639 0.220703 0.316408 0.220703 0.316408 0.201173
0 0.945313 0.144533 0.943361 0.146482 0.939452 0.146482 0.939452 0.156252 0.941404 0.158201 0.941404 0.16797 0.943361 0.166017 0.951173 0.166017 0.951173 0.164063 0.949217 0.162109 0.949217 0.156252 0.947265 0.154298 0.947265 0.148436 0.945313 0.146482
0 0.986327 0 0.986327 0 0.984375 0 0.984375 0 0.982423 0.001953 0.982423 0.00586 0.984375 0.00586 0.988284 0.009764 0.988284 0.00586 0.990236 0.003906 0.990236 0 0.992188 0 0.992188 0 0.990236 0
0 0.160154 0.957032 0.160154 0.958986 0.158202 0.960936 0.158202 0.962889 0.15625 0.964843 0.15625 0.966797 0.154299 0.968751 0.154299 0.970705 0.152342 0.972654 0.154299 0.972654 0.15625 0.974608 0.158202 0.974608 0.160154 0.976562 0.160154 0.974608 0.162111 0.972654 0.162111 0.970705 0.164063 0.968751 0.164063 0.966797 0.166015 0.964843 0.166015 0.962889 0.167967 0.960936 0.167967 0.958986 0.162111 0.958986
0 0.498046 0.804687 0.498046 0.808595 0.499998 0.810549 0.499998 0.814452 0.501955 0.812499 0.503907 0.812499 0.503907 0.804687
0 0.197265 0.734374 0.195313 0.736328 0.191404 0.736328 0.189452 0.738282 0.183592 0.738282 0.183592 0.744139 0.185548 0.742189 0.197265 0.742189
0 0.246096 0.00586 0.244139 0.007814 0.238279 0.007814 0.238279 0.019533 0.246096 0.019533
0 0.01953 0.083985 0.01953 0.091796 0.017578 0.09375 0.017578 0.101561 0.025391 0.101561 0.027343 0.103515 0.027343 0.095704 0.029294 0.09375 0.029294 0.085939 0.021482 0.085939
0 0.220702 0.042971 0.220702 0.050782 0.236327 0.050782 0.236327 0.042971
0 0.277346 0.070312 0.277346 0.078123 0.294923 0.078123 0.294923 0.072266 0.279298 0.072266
0 0.240236 0.109376 0.240236 0.11133 0.238279 0.11328 0.238279 0.115233 0.251952 0.115233 0.253909 0.11328 0.248048 0.11328 0.246096 0.11133 0.242188 0.11133
0 0.958986 0.453126 0.957029 0.45508 0.955077 0.45508 0.953125 0.45703 0.951173 0.45703 0.951173 0.458983 0.953125 0.460937 0.953125 0.462891 0.955077 0.464845 0.955077 0.466799 0.957029 0.468748 0.957029 0.470702 0.958986 0.472656 0.958986 0.47461 0.960938 0.472656 0.962889 0.472656 0.964842 0.470702 0.966798 0.470702 0.966798 0.468748 0.964842 0.466799 0.964842 0.464845 0.962889 0.462891 0.962889 0.460937 0.960938 0.458983 0.960938 0.45703 0.958986 0.45508
0 0.167967 0.779296 0.166015 0.78125 0.162111 0.78125 0.160154 0.783203 0.154299 0.783203 0.154299 0.785157 0.15625 0.787111 0.15625 0.789061 0.158202 0.787111 0.169924 0.787111 0.169924 0.785157 0.167967 0.783203
0 0.003905 0.302735 0.001953 0.304689 0 0.304689 0 0.310546 0.000001 0.3125 0.000001 0.318357 0.005857 0.318357 0.005857 0.3125 0.003905 0.310546
0 0.277346 0.080077 0.277346 0.087892 0.291014 0.087892 0.291014 0.082031 0.279298 0.082031
0 0.953125 0.906249 0.949217 0.910157 0.947265 0.910157 0.947265 0.912111 0.949217 0.914064 0.949217 0.916014 0.951173 0.917968 0.951173 0.919922 0.953125 0.921876 0.953125 0.92383 0.955077 0.925783 0.955077 0.927733 0.960938 0.921876 0.958986 0.919922 0.958986 0.917968 0.957029 0.916014 0.957029 0.914064 0.955077 0.912111 0.955077 0.910157 0.953125 0.908203
0 0.271485 0.015625 0.269533 0.017579 0.253909 0.017579 0.253909 0.019533 0.255861 0.021483 0.255861 0.02539 0.257812 0.023437 0.271485 0.023437
0 0.277346 0.04492 0.277346 0.052736 0.291014 0.052736 0.291014 0.046874 0.279298 0.046874
0 0.689454 0.828125 0.687502 0.830079 0.685545 0.830079 0.685545 0.832033 0.687502 0.833987 0.687502 0.835936 0.689454 0.83789 0.689454 0.839844 0.691406 0.841798 0.691406 0.843751 0.695314 0.839844 0.693357 0.83789 0.693357 0.835936 0.691406 0.833987 0.691406 0.832033 0.689454 0.830079
0 0.291014 0.029298 0.289062 0.031252 0.279298 0.031252 0.279298 0.035156 0.292971 0.035156 0.292971 0.033202 0.291014 0.031252
0 0.613281 0.769531 0.611329 0.771485 0.609373 0.771485 0.607421 0.773438 0.605469 0.773438 0.603517 0.775392 0.60156 0.775392 0.603517 0.777342 0.603517 0.779296 0.605469 0.78125 0.607421 0.779296 0.609373 0.779296 0.611329 0.777342 0.613281 0.777342 0.615233 0.775392 0.61719 0.775392 0.615233 0.773438 0.615233 0.771485
0 1 0.882812 0.994139 0.888673 0.992188 0.888673 0.990236 0.890627 0.992188 0.892576 0.992188 0.89453 0.994139 0.892576 0.996096 0.892576 0.998048 0.890627 1 0.890627 1 0.888673 1 0.888673 1 0.886719 1 0.884765
0 0.494143 0.822268 0.494143 0.830079 0.507811 0.830079 0.507811 0.828125 0.505859 0.826171 0.505859 0.822268
0 0.074217 0.140625 0.074217 0.148436 0.072265 0.15039 0.072265 0.156252 0.080078 0.156252 0.080078 0.140625
0 0.929688 0.378905 0.925779 0.382813 0.923827 0.382813 0.923827 0.384767 0.925779 0.386721 0.925779 0.390624 0.927736 0.392578 0.927736 0.394532 0.929688 0.392578 0.935549 0.392578 0.935549 0.390624 0.933592 0.38867 0.933592 0.386721 0.93164 0.384767 0.93164 0.382813 0.929688 0.380859
0 0.562498 0.789061 0.560546 0.791014 0.558594 0.791014 0.556642 0.792968 0.552734 0.792968 0.550781 0.794922 0.54883 0.794922 0.54883 0.796876 0.550781 0.79883 0.550781 0.800779 0.552734 0.79883 0.554685 0.79883 0.556642 0.796876 0.558594 0.796876 0.562498 0.792968
0 0.220702 0.068358 0.220702 0.076173 0.234375 0.076173 0.234375 0.068358
0 0.023439 0.134768 0.023439 0.138671 0.021482 0.140625 0.021482 0.146482 0.01953 0.148436 0.01953 0.15039 0.027343 0.15039 0.027343 0.142579 0.029294 0.140625 0.029294 0.134768
0 0.1875 0.142579 0.185548 0.144533 0.18164 0.144533 0.18164 0.15039 0.183592 0.152344 0.183592 0.160155 0.189452 0.160155 0.189452 0.152344 0.1875 0.15039
0 0.01367 0.802733 0.01367 0.810549 0.015626 0.812499 0.015626 0.820314 0.021482 0.820314 0.021482 0.802733
0 0.240236 0.103515 0.240236 0.107422 0.242188 0.109376 0.253909 0.109376 0.253909 0.105469 0.242188 0.105469
0 0.056641 0.816406 0.054689 0.81836 0.052732 0.81836 0.05078 0.820314 0.046876 0.820314 0.044919 0.822268 0.042968 0.822268 0.042968 0.828125 0.044919 0.826171 0.048828 0.826171 0.05078 0.824217 0.056641 0.824217
0 0.091799 0.462891 0.089842 0.464845 0.085938 0.464845 0.085938 0.472656 0.083987 0.47461 0.083987 0.482421 0.091799 0.482421
0 0.943361 0.273436 0.941404 0.27539 0.939452 0.27539 0.9375 0.277344 0.933592 0.277344 0.935549 0.279297 0.935549 0.281251 0.939452 0.285155 0.939452 0.287108 0.941404 0.289062 0.943361 0.287108 0.945313 0.287108 0.945313 0.281251 0.943361 0.279297
0 0.255861 0.09375 0.253909 0.095704 0.240236 0.095704 0.240236 0.101561 0.257812 0.101561 0.257812 0.099611 0.255861 0.097657
0 0.152342 0.623047 0.152342 0.626955 0.15039 0.628904 0.15039 0.634766 0.148438 0.63672 0.148438 0.638674 0.154299 0.638674 0.15625 0.640623 0.15625 0.632812 0.158202 0.630858 0.158202 0.623047
0 0.529296 0.812499 0.527344 0.814452 0.515623 0.814452 0.515623 0.820314 0.529296 0.820314
0 1 0 1 0.001953 0.996096 0.001953 0.996096 0.003906 0.998048 0.00586 0.998048 0.011718 1 0.013671 1 0.015625 1 0.015625 1 0.009764 1 0.007814
0 0.064453 0.304689 0.064453 0.3125 0.066405 0.314454 0.066405 0.322265 0.072265 0.322265 0.072265 0.304689
0 0.244139 0.623047 0.244139 0.640623 0.25 0.640623 0.25 0.632812 0.251952 0.630858 0.251952 0.623047
0 0.406249 0.839844 0.404297 0.841798 0.400388 0.841798 0.398437 0.843751 0.394533 0.843751 0.392576 0.845701 0.388672 0.845701 0.388672 0.847655 0.390624 0.849609 0.390624 0.851562 0.392576 0.853516 0.392576 0.85547 0.394533 0.853516 0.396485 0.853516 0.398437 0.851562 0.400388 0.851562 0.402345 0.849609 0.404297 0.849609 0.406249 0.847655 0.408201 0.847655 0.408201 0.845701 0.406249 0.843751
0 0.253909 0.052736 0.251952 0.054685 0.240236 0.054685 0.240236 0.060547 0.253909 0.060547
0 0.90039 0.269532 0.898438 0.271486 0.896486 0.271486 0.894529 0.273436 0.890626 0.273436 0.892578 0.27539 0.892578 0.277344 0.894529 0.279297 0.894529 0.281251 0.896486 0.283205 0.896486 0.285155 0.898438 0.287108 0.898438 0.289062 0.90039 0.291016 0.90039 0.29297 0.902342 0.294924 0.90625 0.291016 0.90625 0.289062 0.904299 0.287108 0.904299 0.281251 0.902342 0.279297 0.902342 0.273436 0.90039 0.271486
0 0.964842 0.345703 0.962889 0.347656 0.958986 0.347656 0.960938 0.34961 0.960938 0.351564 0.962889 0.353514 0.962889 0.355468 0.964842 0.357421 0.964842 0.359375 0.966798 0.361329 0.966798 0.363283 0.970702 0.359375 0.970702 0.357421 0.96875 0.355468 0.96875 0.353514 0.966798 0.351564 0.966798 0.34961 0.964842 0.347656
0 0.914063 0.33203 0.912111 0.333984 0.910154 0.333984 0.908203 0.335938 0.90625 0.335938 0.908203 0.337892 0.908203 0.339845 0.914063 0.345703 0.914063 0.347656 0.916015 0.34961 0.921875 0.343749 0.919924 0.341795 0.919924 0.339845 0.916015 0.335938 0.916015 0.333984
0 0.980466 0.898438 0.978514 0.900392 0.972654 0.900392 0.970702 0.902346 0.962889 0.902346 0.962889 0.908203 0.964842 0.906249 0.970702 0.906249 0.972654 0.904295 0.980466 0.904295
0 0.265625 0.81836 0.263673 0.820314 0.257812 0.820314 0.255861 0.822268 0.248048 0.822268 0.248048 0.832033 0.25 0.830079 0.265625 0.830079
0 0.878905 0.080077 0.876952 0.082031 0.871092 0.082031 0.871092 0.089842 0.873049 0.091796 0.873049 0.101561 0.880861 0.101561 0.880861 0.091796 0.878905 0.089842
0 0.277346 0.037109 0.277346 0.042971 0.291014 0.042971 0.291014 0.039063 0.279298 0.039063
0 0.591796 0.775392 0.589844 0.777342 0.587892 0.777342 0.583983 0.78125 0.582031 0.78125 0.58008 0.783203 0.578123 0.783203 0.578123 0.785157 0.58008 0.787111 0.58008 0.791014 0.583983 0.787111 0.585935 0.787111 0.589844 0.783203 0.591796 0.783203 0.593748 0.78125 0.593748 0.779296 0.591796 0.777342
0 0.167967 0.667969 0.167967 0.681641 0.173827 0.681641 0.173827 0.669923 0.169924 0.669923
1 0.31836 0.785157 0.316408 0.787111 0.3125 0.787111 0.310548 0.789061 0.304687 0.789061 0.302735 0.791014 0.298826 0.791014 0.296875 0.792968 0.292971 0.792968 0.291014 0.794922 0.28711 0.794922 0.285158 0.796876 0.279298 0.796876 0.277346 0.79883 0.273437 0.79883 0.273437 0.800779 0.275389 0.802733 0.275389 0.804687 0.277346 0.806641 0.277346 0.808595 0.279298 0.810549 0.279298 0.812499 0.28125 0.810549 0.285158 0.810549 0.28711 0.808595 0.289062 0.808595 0.291014 0.806641 0.294923 0.806641 0.296875 0.804687 0.298826 0.804687 0.300783 0.802733 0.304687 0.802733 0.306639 0.800779 0.310548 0.800779 0.3125 0.79883 0.314451 0.79883 0.316408 0.796876 0.320312 0.796876 0.320312 0.792968 0.31836 0.791014
0 0.220702 0.089842 0.220702 0.09375 0.234375 0.09375 0.234375 0.089842
0 0.224611 0.734374 0.222654 0.736328 0.21875 0.736328 0.216798 0.738282 0.210938 0.738282 0.210938 0.740236 0.212889 0.742189 0.212889 0.746093 0.214841 0.744139 0.21875 0.744139 0.220702 0.742189 0.222654 0.742189 0.224611 0.740236 0.228514 0.740236 0.226563 0.738282 0.226563 0.736328
0 0.560546 0.777342 0.558594 0.779296 0.554685 0.779296 0.552734 0.78125 0.550781 0.78125 0.54883 0.783203 0.544921 0.783203 0.544921 0.785157 0.546873 0.787111 0.546873 0.789061 0.54883 0.787111 0.550781 0.787111 0.552734 0.785157 0.556642 0.785157 0.558594 0.783203 0.560546 0.783203
0 0.61719 0.78125 0.615233 0.783203 0.613281 0.783203 0.611329 0.785157 0.607421 0.785157 0.607421 0.787111 0.609373 0.789061 0.609373 0.791014 0.611329 0.789061 0.613281 0.789061 0.615233 0.787111 0.61719 0.787111 0.619142 0.785157 0.621094 0.785157
0 0.060549 0.353514 0.060549 0.363283 0.058593 0.365233 0.058593 0.373048 0.066405 0.373048 0.068362 0.375002 0.068362 0.353514
0 0.21875 0.097657 0.21875 0.101561 0.234375 0.101561 0.234375 0.097657
0 0.867188 0.078123 0.865236 0.080077 0.859376 0.080077 0.859376 0.099611 0.861328 0.097657 0.86914 0.097657 0.86914 0.089842 0.867188 0.087892
0 0.546873 0.802733 0.546873 0.810549 0.54883 0.808595 0.558594 0.808595 0.558594 0.802733
0 0.892578 0.683595 0.890626 0.685545 0.888674 0.685545 0.886717 0.687499 0.884765 0.687499 0.880861 0.691406 0.878905 0.691406 0.876952 0.69336 0.875001 0.69336 0.876952 0.695314 0.876952 0.697264 0.878905 0.699218 0.878905 0.701172 0.880861 0.699218 0.882813 0.699218 0.884765 0.697264 0.886717 0.697264 0.890626 0.69336 0.892578 0.69336 0.894529 0.691406 0.896486 0.691406 0.894529 0.689453 0.894529 0.687499 0.892578 0.685545
0 0.978514 0 0.978514 0 0.974611 0 0.974611 0 0.972654 0.001953 0.972654 0.003906 0.970702 0.00586 0.974611 0.00586 0.976562 0.007814 0.976562 0.00586 0.978514 0.003906 0.978514 0.001953 0.980466 0 0.980466 0 0.982423 0 0.982423 0 0.980466 0
0 0.96875 0.945313 0.964842 0.949217 0.964842 0.951171 0.966798 0.953125 0.966798 0.957032 0.96875 0.958986 0.96875 0.960936 0.972654 0.957032 0.974611 0.957032 0.972654 0.955078 0.972654 0.953125 0.970702 0.951171 0.970702 0.949217 0.96875 0.947267