0 0.439452 0.962888 0.439452 0.970703 0.441406 0.970703 0.441406 0.966798 0.443361 0.964846 0.443361 0.962888
0 0.507811 0.585937 0.505861 0.58789 0.503907 0.58789 0.503907 0.597656 0.507811 0.597656
0 0.517577 0.378905 0.517577 0.382815 0.515623 0.384767 0.515623 0.388671 0.521486 0.388671 0.521486 0.378905
0 0.505861 0.269532 0.505861 0.279299 0.509765 0.279299 0.509765 0.269532
0 0.162109 0.779299 0.162109 0.781251 0.160154 0.783203 0.167967 0.783203 0.169921 0.785156 0.169921 0.779299
0 0.578123 0 0.576174 0.000001 0.57422 0.000001 0.57422 0.009768 0.578123 0.009768
0 0.482424 0.705077 0.482424 0.708987 0.484373 0.710939 0.484373 0.714843 0.486327 0.712891 0.486327 0.705077
0 0.570311 0.033205 0.570311 0.035157 0.568362 0.03711 0.568362 0.039062 0.566407 0.041015 0.566407 0.042967 0.570311 0.042967 0.572265 0.044924 0.572265 0.039062 0.57422 0.03711 0.57422 0.033205
0 0.468748 0.873048 0.468748 0.882815 0.474611 0.882815 0.474611 0.873048
0 0.521486 0.437499 0.521486 0.441408 0.523436 0.44336 0.523436 0.447265 0.52539 0.447265 0.52539 0.44336 0.527344 0.441408 0.527344 0.439451 0.523436 0.439451
0 0.482424 0.85742 0.482424 0.865234 0.486327 0.865234 0.486327 0.85742
0 0.498049 0.576171 0.498049 0.585937 0.501952 0.585937 0.501952 0.576171
0 0.544924 0.138674 0.544924 0.142579 0.542969 0.144531 0.542969 0.146483 0.550782 0.146483 0.550782 0.144531 0.548828 0.142579 0.548828 0.138674
0 0.423827 0.826174 0.423827 0.828126 0.421877 0.830078 0.421877 0.832031 0.423827 0.833983 0.433594 0.833983 0.433594 0.828126 0.425781 0.828126
0 0.47656 0.935547 0.47656 0.945313 0.478515 0.943361 0.482424 0.943361 0.482424 0.935547
0 0.484373 0.720705 0.484373 0.728514 0.488282 0.728514 0.488282 0.720705
0 0.507811 0.445313 0.507811 0.453127 0.511719 0.453127 0.513674 0.455079 0.513674 0.445313
0 0.515623 0.474607 0.515623 0.484373 0.519532 0.484373 0.519532 0.474607
0 0.498049 0.529296 0.498049 0.539062 0.501952 0.539062 0.501952 0.535158 0.503907 0.533201 0.503907 0.529296
0 0.558595 0.039062 0.558595 0.042967 0.55664 0.044924 0.55664 0.048829 0.560549 0.048829 0.562498 0.050781 0.562498 0.046876 0.564453 0.044924 0.564453 0.041015 0.560549 0.041015
0 0.527344 0.365234 0.527344 0.376953 0.529299 0.375 0.531248 0.375 0.531248 0.365234
0 0.542969 0.230466 0.542969 0.232424 0.541015 0.234376 0.541015 0.236328 0.544924 0.236328 0.544924 0.234376 0.546874 0.232424 0.546874 0.230466
0 0.546874 0.185549 0.546874 0.19531 0.552737 0.19531 0.552737 0.187501 0.548828 0.187501
0 0.468748 0.892576 0.468748 0.896486 0.470702 0.898438 0.470702 0.902343 0.474611 0.902343 0.474611 0.892576
0 0.533203 0.265627 0.531248 0.26758 0.531248 0.275389 0.535157 0.275389 0.535157 0.271484 0.533203 0.269532
0 0.468748 0.923828 0.468748 0.931642 0.472656 0.931642 0.472656 0.923828
0 0.499998 0.654297 0.499998 0.662112 0.501952 0.662112 0.501952 0.658202 0.503907 0.65625 0.503907 0.654297
0 0.546874 0 0.546874 0.000001 0.544924 0.001954 0.544924 0.005858 0.548828 0.005858 0.548828 0.001954 0.550782 0.000001 0.550782 0 0.548828 0
0 0.503907 0.484373 0.503907 0.488283 0.505861 0.490235 0.505861 0.49414 0.509765 0.49414 0.509765 0.486326 0.505861 0.486326
0 0.521486 0.339844 0.521486 0.349611 0.52539 0.349611 0.52539 0.339844
0 0.503907 0.613279 0.503907 0.623046 0.505861 0.623046 0.505861 0.613279
0 0.490236 0.623046 0.490236 0.63086 0.496094 0.63086 0.496094 0.623046
1 0.511719 0.515625 0.511719 0.521482 0.509765 0.523439 0.509765 0.533201 0.507811 0.535158 0.507811 0.541015 0.511719 0.541015 0.513674 0.542967 0.513674 0.539062 0.515623 0.53711 0.515623 0.531248 0.517577 0.529296 0.517577 0.523439 0.519532 0.521482 0.519532 0.517577 0.513674 0.517577
0 0.488282 0.912109 0.488282 0.921875 0.492186 0.921875 0.492186 0.912109
0 0.474611 0.974607 0.474611 0.986326 0.47656 0.984374 0.480469 0.984374 0.480469 0.974607
0 0.478515 0.906252 0.478515 0.910157 0.480469 0.912109 0.480469 0.916014 0.484373 0.916014 0.484373 0.906252
0 0.52539 0.300784 0.52539 0.304688 0.527344 0.30664 0.527344 0.310545 0.531248 0.310545 0.531248 0.30664 0.529299 0.304688 0.529299 0.300784
0 0.533203 0.23828 0.533203 0.246095 0.535157 0.244142 0.537111 0.244142 0.537111 0.23828
0 0.531248 0.064452 0.531248 0.068362 0.533203 0.070314 0.533203 0.074218 0.537111 0.074218 0.537111 0.064452
0 0.343752 0.800779 0.343752 0.806641 0.353514 0.806641 0.353514 0.804688 0.355468 0.802736 0.355468 0.800779
0 0.52539 0.392576 0.52539 0.396486 0.523436 0.398438 0.523436 0.402343 0.527344 0.402343 0.527344 0.392576
0 0.52539 0.419923 0.523436 0.421875 0.521486 0.421875 0.521486 0.423828 0.523436 0.42578 0.523436 0.429689 0.52539 0.427732
0 0.449219 0.701172 0.449219 0.708987 0.453123 0.708987 0.453123 0.701172
0 0.47656 0.781251 0.47656 0.78906 0.480469 0.78906 0.482424 0.791017 0.482424 0.781251
0 0.492186 0.60547 0.492186 0.613279 0.496094 0.613279 0.496094 0.60547
0 0.468748 0.943361 0.468748 0.95117 0.472656 0.95117 0.472656 0.943361
0 0.535157 0.210938 0.535157 0.214843 0.533203 0.216795 0.533203 0.218748 0.537111 0.218748 0.539061 0.220705 0.539061 0.216795 0.541015 0.214843 0.541015 0.210938
0 0.492186 0.720705 0.492186 0.72461 0.490236 0.726562 0.490236 0.730467 0.496094 0.730467 0.496094 0.720705
0 0.503907 0.498044 0.503907 0.501954 0.501952 0.503906 0.501952 0.505859 0.505861 0.505859 0.505861 0.501954 0.507811 0.500002 0.507811 0.498044
0 0.511719 0.410156 0.511719 0.417971 0.515623 0.417971 0.515623 0.410156
0 0.492186 0.703125 0.492186 0.712891 0.496094 0.712891 0.496094 0.705077 0.49414 0.705077
0 0.472656 0.853516 0.472656 0.863282 0.47656 0.863282 0.47656 0.859377 0.478515 0.85742 0.478515 0.853516
0 0.558595 0.126955 0.55664 0.128907 0.554686 0.128907 0.554686 0.136717 0.558595 0.136717 0.560549 0.138674 0.560549 0.134764 0.558595 0.132812
0 0.496094 0.66992 0.496094 0.67383 0.49414 0.675783 0.49414 0.677735 0.499998 0.677735 0.499998 0.67383 0.501952 0.671873 0.501952 0.66992
0 0.482424 0.878905 0.482424 0.886719 0.486327 0.886719 0.486327 0.884767 0.484373 0.882815 0.484373 0.878905
0 0.541015 0.181639 0.541015 0.183591 0.539061 0.185549 0.539061 0.187501 0.537111 0.189453 0.537111 0.191406 0.542969 0.191406 0.542969 0.187501 0.544924 0.185549 0.544924 0.181639
0 0.986326 0.931642 0.986326 0.933594 0.984376 0.935547 0.992189 0.935547 0.994138 0.937499 0.994138 0.935547 0.996093 0.933594 0.98828 0.933594
0 0.533203 0.312502 0.533203 0.324221 0.539061 0.324221 0.539061 0.320312 0.537111 0.318359 0.537111 0.312502
0 0.505861 0.5625 0.505861 0.564452 0.507811 0.566404 0.507811 0.570314 0.509765 0.570314 0.509765 0.5625
0 0.480469 0.75 0.480469 0.755861 0.486327 0.755861 0.486327 0.75
0 0.537111 0.273437 0.537111 0.277346 0.539061 0.279299 0.539061 0.283203 0.541015 0.283203 0.541015 0.273437
0 0.498049 0.771484 0.498049 0.781251 0.503907 0.781251 0.503907 0.771484
0 0.499998 0.63086 0.499998 0.634764 0.498049 0.636717 0.498049 0.640626 0.501952 0.640626 0.501952 0.636717 0.503907 0.634764 0.503907 0.63086
0 0.464844 0.980469 0.464844 0.990236 0.470702 0.990236 0.470702 0.980469
3 0.849609 0.888672 0.849609 0.912109 0.851563 0.914061 0.851563 0.921875 0.863279 0.921875 0.865234 0.923828 0.875001 0.923828 0.876955 0.92578 0.888671 0.92578 0.890626 0.927732 0.900393 0.927732 0.902342 0.92969 0.910155 0.92969 0.912109 0.931642 0.921876 0.931642 0.92383 0.933594 0.933592 0.933594 0.935547 0.935547 0.943359 0.935547 0.945314 0.937499 0.955076 0.937499 0.95703 0.939451 0.964843 0.939451 0.966797 0.941408 0.976564 0.941408 0.978513 0.943361 0.986326 0.943361 0.98828 0.945313 0.98828 0.937499 0.984376 0.937499 0.982422 0.935547 0.984376 0.933594 0.984376 0.931642 0.986326 0.92969 0.98828 0.931642 0.98828 0.917971 0.980468 0.917971 0.978513 0.916014 0.972655 0.916014 0.970701 0.914061 0.962888 0.914061 0.960939 0.912109 0.953126 0.912109 0.951172 0.910157 0.943359 0.910157 0.941405 0.908205 0.935547 0.908205 0.933592 0.906252 0.92578 0.906252 0.92383 0.904295 0.916018 0.904295 0.914063 0.902343 0.908205 0.902343 0.906251 0.900391 0.898438 0.900391 0.896484 0.898438 0.888671 0.898438 0.886717 0.896486 0.878904 0.896486 0.876955 0.894534 0.871092 0.894534 0.869143 0.892576 0.86133 0.892576 0.859375 0.890624 0.851563 0.890624