0 0.173827 0.75586 0.173827 0.777343 0.179686 0.777343 0.179686 0.75586
0 0.259768 0.91797 0.259768 0.923827 0.261719 0.92578 0.261719 0.933596 0.265627 0.933596 0.265627 0.92578 0.267578 0.923827 0.267578 0.91797
0 0.574216 0.998046 0.574216 1 0.582032 1 0.582032 1 0.580076 1 0.580076 0.998046
0 0.589843 0.86914 0.589843 0.873044 0.587892 0.874997 0.587892 0.880861 0.585935 0.882813 0.585935 0.884766 0.589843 0.884766 0.591794 0.886718 0.591794 0.884766 0.593751 0.882813 0.593751 0.880861 0.595703 0.878909 0.595703 0.876956 0.597654 0.874997 0.597654 0.873044 0.595703 0.873044 0.593751 0.871092 0.591794 0.871092
0 0.345703 0.847656 0.345703 0.855466 0.347654 0.857419 0.347654 0.865235 0.35547 0.865235 0.35547 0.857419 0.353513 0.855466 0.353513 0.847656
0 0.587892 0.933596 0.587892 0.951175 0.589843 0.949215 0.597654 0.949215 0.597654 0.935549 0.589843 0.935549
0 0.367189 0.949215 0.367189 0.957032 0.365232 0.958984 0.365232 0.964841 0.36914 0.964841 0.371092 0.966794 0.371092 0.958984 0.373049 0.957032 0.373049 0.951175 0.36914 0.951175
0 0.232422 0.929684 0.232422 0.951175 0.238281 0.951175 0.240232 0.953127 0.240232 0.929684
0 0.572265 0.863283 0.572265 0.867188 0.570313 0.86914 0.570313 0.874997 0.568357 0.876956 0.568357 0.878909 0.576173 0.878909 0.576173 0.876956 0.578124 0.874997 0.578124 0.86914 0.580076 0.867188 0.580076 0.865235 0.574216 0.865235
0 0.294924 0.8418 0.294924 0.849609 0.292968 0.851561 0.292968 0.859378 0.300784 0.859378 0.300784 0.8418
0 0.927735 0.978515 0.925784 0.980468 0.925784 0.98242 0.923827 0.984372 0.923827 0.986332 0.921876 0.988284 0.921876 0.990237 0.919924 0.992189 0.923827 0.996094 0.925784 0.994141 0.925784 0.992189 0.931643 0.986332 0.931643 0.984372 0.933594 0.98242 0.931643 0.98242
0 0.488281 0.900392 0.488281 0.904297 0.48633 0.906249 0.48633 0.912106 0.484373 0.914066 0.484373 0.916018 0.494141 0.916018 0.494141 0.910154 0.492189 0.908201 0.492189 0.900392
0 0.507811 0.898439 0.507811 0.908201 0.505859 0.910154 0.505859 0.91797 0.515627 0.91797 0.51367 0.916018 0.51367 0.910154 0.515627 0.908201 0.515627 0.900392 0.509768 0.900392
0 0.740232 0.976562 0.740232 0.984372 0.738281 0.986332 0.738281 0.994141 0.746092 0.994141 0.748049 0.996094 0.748049 0.988284 0.75 0.986332 0.75 0.978515 0.742189 0.978515
0 0.349611 0.947263 0.349611 0.964841 0.35547 0.964841 0.35547 0.957032 0.357422 0.95508 0.357422 0.949215 0.351562 0.949215
0 0.675784 0.980468 0.675784 0.984372 0.673827 0.986332 0.673827 0.992189 0.671876 0.994141 0.671876 0.996094 0.677735 0.996094 0.679686 0.998046 0.679686 0.992189 0.681643 0.990237 0.681643 0.984372 0.679686 0.984372
0 0.738281 0.900392 0.73633 0.902344 0.73047 0.902344 0.73047 0.908201 0.728513 0.910154 0.728513 0.916018 0.732422 0.916018 0.734373 0.91797 0.734373 0.914066 0.73633 0.912106 0.73633 0.906249 0.738281 0.904297
0 0.449216 0.949215 0.449216 0.958984 0.447265 0.960937 0.447265 0.968753 0.453124 0.968753 0.453124 0.964841 0.455076 0.962889 0.455076 0.957032 0.457032 0.95508 0.457032 0.953127 0.455076 0.953127 0.453124 0.951175 0.451173 0.951175
0 0.449216 0.970706 0.447265 0.972658 0.441405 0.972658 0.441405 0.988284 0.443357 0.986332 0.447265 0.986332 0.447265 0.978515 0.449216 0.976562
0 0.410157 0.914066 0.410157 0.929684 0.416016 0.929684 0.416016 0.914066
0 0.162108 0.751955 0.162108 0.773438 0.166016 0.773438 0.167968 0.775391 0.167968 0.769533 0.169924 0.767581 0.169924 0.757812 0.171876 0.75586 0.171876 0.751955
0 0.470703 0.871092 0.468751 0.873044 0.451173 0.873044 0.451173 0.874997 0.453124 0.876956 0.453124 0.880861 0.468751 0.880861 0.468751 0.876956 0.470703 0.874997
0 0.380859 0.966794 0.380859 0.968753 0.382811 0.970706 0.382811 0.986332 0.390627 0.986332 0.390627 0.966794
0 0.339843 0.890623 0.337892 0.892575 0.333984 0.892575 0.333984 0.908201 0.337892 0.908201 0.339843 0.910154 0.339843 0.908201 0.337892 0.906249 0.337892 0.902344 0.339843 0.900392
0 0.373049 0.968753 0.373049 0.986332 0.378908 0.986332 0.378908 0.978515 0.380859 0.976562 0.380859 0.970706 0.375 0.970706
0 0.61133 0.966794 0.61133 0.972658 0.609373 0.97461 0.609373 0.978515 0.61133 0.978515 0.613281 0.980468 0.615232 0.980468 0.617189 0.98242 0.617189 0.968753 0.613281 0.968753
0 0.326173 0.968753 0.326173 0.984372 0.333984 0.984372 0.333984 0.968753
0 0.158206 0.712894 0.158206 0.732424 0.160157 0.730472 0.166016 0.730472 0.166016 0.712894
0 0.146487 0.45117 0.146487 0.457034 0.14453 0.458987 0.14453 0.468748 0.142578 0.4707 0.142578 0.474612 0.14453 0.472653 0.152346 0.472653 0.152346 0.462891 0.154297 0.460939 0.154297 0.453122 0.148438 0.453122
0 0.535157 0.921875 0.535157 0.929684 0.533206 0.931644 0.533206 0.939454 0.539065 0.939454 0.539065 0.931644 0.541016 0.929684 0.541016 0.923827 0.537108 0.923827
0 0.527346 0.98242 0.527346 0.999998 0.533206 0.999998 0.533206 0.992189 0.535157 0.990237 0.535157 0.98242
0 0.417967 0.949215 0.419924 0.951175 0.419924 0.966794 0.427735 0.966794 0.427735 0.958984 0.429686 0.957032 0.429686 0.949215
0 0.458984 0.892575 0.457032 0.894528 0.449216 0.894528 0.449216 0.902344 0.451173 0.904297 0.451173 0.912106 0.453124 0.910154 0.457032 0.910154 0.457032 0.902344 0.458984 0.900392
0 0.564454 0.988284 0.564454 0.996094 0.562503 0.998046 0.562503 1 0.560546 1 0.560546 1 0.568357 1 0.570313 1 0.570313 1 0.572265 0.999998 0.572265 0.990237 0.566405 0.990237
0 0.310546 0.953127 0.310546 0.958984 0.312503 0.960937 0.312503 0.968753 0.320314 0.968753 0.320314 0.953127
0 0.359373 0.966794 0.357422 0.968753 0.353513 0.968753 0.353513 0.986332 0.36133 0.986332 0.36133 0.978515 0.359373 0.976562
0 0.75 0.906249 0.75 0.910154 0.748049 0.912106 0.748049 0.919923 0.746092 0.921875 0.746092 0.92578 0.753908 0.92578 0.755859 0.927732 0.755859 0.91797 0.757811 0.916018 0.757811 0.908201 0.751951 0.908201
0 0.947265 0.984372 0.945314 0.986332 0.945314 0.988284 0.943357 0.990237 0.943357 0.992189 0.939454 0.996094 0.939454 0.998046 0.937503 0.999998 0.943357 1 0.945314 1 0.945314 1 0.951173 0.996094 0.951173 0.994141 0.953124 0.992189 0.949216 0.988284 0.949216 0.986332
0 0.865232 0.947263 0.865232 0.949215 0.863281 0.951175 0.863281 0.95508 0.86133 0.957032 0.86133 0.964841 0.867189 0.964841 0.867189 0.957032 0.86914 0.95508 0.86914 0.947263
0 0.544924 0.92578 0.544924 0.927732 0.542968 0.929684 0.542968 0.935549 0.541016 0.937501 0.541016 0.941406 0.539065 0.943358 0.539065 0.945311 0.546876 0.945311 0.546876 0.941406 0.548827 0.939454 0.548827 0.931644 0.550784 0.929684 0.550784 0.92578
0 0.570313 0.931644 0.570313 0.933596 0.568357 0.935549 0.568357 0.945311 0.566405 0.947263 0.564454 0.947263 0.570313 0.947263 0.572265 0.949215 0.572265 0.947263 0.574216 0.945311 0.574216 0.941406 0.576173 0.939454 0.576173 0.935549 0.578124 0.933596 0.578124 0.931644
0 0.371092 0.910154 0.371092 0.92578 0.36914 0.927732 0.376951 0.927732 0.378908 0.929684 0.378908 0.921875 0.376951 0.919923 0.376951 0.910154
0 0.917967 0.97461 0.917967 0.976562 0.916016 0.978515 0.916016 0.98242 0.914065 0.984372 0.914065 0.986332 0.912108 0.988284 0.912108 0.990237 0.916016 0.990237 0.917967 0.992189 0.919924 0.990237 0.919924 0.988284 0.921876 0.986332 0.921876 0.984372 0.923827 0.98242 0.923827 0.980468 0.925784 0.978515 0.925784 0.976562 0.927735 0.97461
0 0.718751 0.945311 0.718751 0.947263 0.716794 0.949215 0.716794 0.953127 0.714843 0.95508 0.714843 0.957032 0.712892 0.958984 0.712892 0.960937 0.714843 0.960937 0.716794 0.962889 0.718751 0.962889 0.720703 0.964841 0.720703 0.962889 0.722654 0.960937 0.722654 0.957032 0.724611 0.95508 0.724611 0.951175 0.726562 0.949215 0.726562 0.947263 0.720703 0.947263
0 0.400389 0.912106 0.400389 0.929684 0.408206 0.929684 0.408206 0.914066 0.402346 0.914066
0 0.462892 0.847656 0.462892 0.867188 0.468751 0.867188 0.468751 0.855466 0.466794 0.853514 0.466794 0.851561 0.468751 0.849609 0.464843 0.849609
0 0.353513 0.908201 0.353513 0.929684 0.359373 0.929684 0.359373 0.908201
0 0.392578 0.968753 0.392578 0.984372 0.400389 0.984372 0.400389 0.968753
0 0.476562 0.896487 0.476562 0.914066 0.48047 0.914066 0.482422 0.916018 0.482422 0.912106 0.484373 0.910154 0.484373 0.904297 0.48633 0.902344 0.48633 0.898439 0.478513 0.898439
0 0.542968 0.904297 0.541016 0.906249 0.535157 0.906249 0.535157 0.919923 0.541016 0.919923 0.541016 0.906249
0 0.511719 0.851561 0.511719 0.855466 0.509768 0.857419 0.509768 0.865235 0.507811 0.867188 0.507811 0.871092 0.51367 0.871092 0.515627 0.873044 0.515627 0.863283 0.517578 0.861331 0.517578 0.851561
0 0.400389 0.949215 0.400389 0.957032 0.398438 0.958984 0.398438 0.966794 0.400389 0.964841 0.408206 0.964841 0.408206 0.949215
0 0.449216 0.914066 0.447265 0.916018 0.447265 0.931644 0.451173 0.931644 0.453124 0.933596 0.453124 0.923827 0.455076 0.921875 0.455076 0.914066
0 0.582032 0.910154 0.582032 0.914066 0.580076 0.916018 0.580076 0.921875 0.578124 0.923827 0.578124 0.927732 0.580076 0.927732 0.583984 0.931644 0.583984 0.929684 0.585935 0.927732 0.585935 0.921875 0.587892 0.919923 0.587892 0.916018 0.589843 0.914066 0.589843 0.912106 0.583984 0.912106
0 0.562503 0.929684 0.560546 0.931644 0.560546 0.939454 0.558595 0.941406 0.558595 0.945311 0.566405 0.945311 0.566405 0.929684
0 0.710935 0.966794 0.710935 0.984372 0.714843 0.984372 0.716794 0.986332 0.716794 0.976562 0.718751 0.97461 0.718751 0.966794
0 0.431643 0.970706 0.431643 0.986332 0.437503 0.986332 0.437503 0.970706
0 0.429686 0.894528 0.429686 0.900392 0.431643 0.902344 0.431643 0.910154 0.435546 0.910154 0.435546 0.894528
0 0.417967 0.912106 0.417967 0.91797 0.419924 0.919923 0.419924 0.927732 0.423827 0.927732 0.425784 0.929684 0.425784 0.921875 0.427735 0.919923 0.427735 0.912106
0 0.603513 0.990237 0.603513 1 0.607421 1 0.609373 1 0.609373 1 0.61133 0.999998 0.61133 0.994141 0.613281 0.992189 0.613281 0.990237
0 0.560546 0.92578 0.558595 0.927732 0.552735 0.927732 0.552735 0.935549 0.550784 0.937501 0.550784 0.945311 0.556643 0.945311 0.556643 0.941406 0.558595 0.939454 0.558595 0.931644 0.560546 0.929684
0 0.546876 0.984372 0.546876 0.988284 0.544924 0.990237 0.544924 1 0.542968 1 0.554687 1 0.554687 0.984372
0 0.335935 0.874997 0.333984 0.876956 0.332032 0.876956 0.330076 0.878909 0.326173 0.878909 0.324216 0.880861 0.322265 0.880861 0.320314 0.882813 0.316405 0.882813 0.316405 0.884766 0.318357 0.886718 0.318357 0.88867 0.320314 0.886718 0.324216 0.886718 0.326173 0.884766 0.328124 0.884766 0.330076 0.882813 0.333984 0.882813 0.335935 0.880861 0.339843 0.880861 0.337892 0.878909 0.337892 0.876956
0 0.437503 0.894528 0.437503 0.914066 0.447265 0.914066 0.447265 0.906249 0.445313 0.904297 0.445313 0.896487 0.439454 0.896487
0 0.335935 0.91797 0.333984 0.919923 0.332032 0.919923 0.328124 0.923827 0.326173 0.923827 0.322265 0.927732 0.320314 0.927732 0.324216 0.931644 0.326173 0.929684 0.328124 0.929684 0.330076 0.927732 0.332032 0.927732 0.333984 0.92578 0.335935 0.92578 0.337892 0.923827 0.339843 0.923827 0.337892 0.921875 0.337892 0.919923
0 0.226562 0.814452 0.226562 0.818357 0.224611 0.820309 0.224611 0.826174 0.222654 0.828126 0.222654 0.832031 0.23047 0.832031 0.23047 0.824221 0.232422 0.822269 0.232422 0.816405 0.228513 0.816405
0 0.226562 0.992189 0.226562 1 0.224611 1 0.224611 1 0.232422 1 0.234373 1 0.234373 0.994141 0.228513 0.994141
0 0.5 0.976562 0.5 0.984372 0.498049 0.986332 0.498049 0.992189 0.505859 0.992189 0.505859 0.976562
0 0.36133 0.892575 0.36133 0.898439 0.363281 0.900392 0.363281 0.908201 0.371092 0.908201 0.371092 0.900392 0.36914 0.898439 0.36914 0.892575
0 0.380859 0.88867 0.380859 0.896487 0.382811 0.898439 0.382811 0.908201 0.386719 0.908201 0.38867 0.910154 0.38867 0.902344 0.386719 0.900392 0.386719 0.890623 0.382811 0.890623
0 0.837892 0.990237 0.835935 0.992189 0.835935 0.994141 0.833984 0.996094 0.833984 0.998046 0.832032 0.999998 0.832032 1 0.830076 1 0.835935 1 0.837892 1 0.837892 1 0.839843 1 0.839843 0.999998 0.841794 0.998046 0.841794 0.996094 0.843751 0.994141 0.841794 0.994141
0 0.76953 0.914066 0.76953 0.916018 0.767578 0.91797 0.767578 0.923827 0.765627 0.92578 0.765627 0.931644 0.76367 0.933596 0.76367 0.935549 0.773438 0.935549 0.775389 0.937501 0.775389 0.931644 0.777346 0.929684 0.777346 0.919923 0.779297 0.91797 0.779297 0.914066
0 0.175784 0.404299 0.175784 0.421877 0.181643 0.421877 0.181643 0.419925 0.183594 0.417965 0.183594 0.412108 0.185546 0.410156 0.185546 0.408203 0.181643 0.408203 0.179686 0.406251 0.177735 0.406251
0 0.306643 0.912106 0.306643 0.919923 0.304686 0.921875 0.304686 0.929684 0.310546 0.929684 0.310546 0.912106
0 0.773438 0.966794 0.773438 0.968753 0.771487 0.970706 0.771487 0.97461 0.76953 0.976562 0.76953 0.978515 0.767578 0.980468 0.767578 0.98242 0.777346 0.98242 0.777346 0.978515 0.779297 0.976562 0.779297 0.972658 0.781249 0.970706 0.781249 0.968753 0.775389 0.968753
0 0.466794 0.953127 0.466794 0.957032 0.464843 0.958984 0.464843 0.964841 0.462892 0.966794 0.462892 0.968753 0.466794 0.968753 0.468751 0.970706 0.468751 0.966794 0.470703 0.964841 0.470703 0.958984 0.472654 0.957032 0.472654 0.953127
0 0.837892 0.937501 0.837892 0.941406 0.835935 0.943358 0.835935 0.949215 0.833984 0.951175 0.833984 0.95508 0.841794 0.95508 0.841794 0.947263 0.843751 0.945311 0.843751 0.939454 0.839843 0.939454
0 0.550784 0.964841 0.550784 0.968753 0.548827 0.970706 0.548827 0.976562 0.546876 0.978515 0.546876 0.98242 0.554687 0.98242 0.554687 0.978515 0.556643 0.976562 0.556643 0.970706 0.558595 0.968753 0.558595 0.966794 0.552735 0.966794
0 0.630859 0.902344 0.630859 0.910154 0.648438 0.910154 0.648438 0.902344
0 0.496092 0.91797 0.496092 0.92578 0.494141 0.927732 0.494141 0.933596 0.501951 0.933596 0.501951 0.92578 0.503908 0.923827 0.503908 0.919923 0.501951 0.91797
0 0.691405 0.832031 0.691405 0.837888 0.695314 0.837888 0.697265 0.839847 0.701173 0.839847 0.703124 0.8418 0.707032 0.8418 0.708984 0.843752 0.708984 0.839847 0.710935 0.837888 0.710935 0.833983 0.693357 0.833983
0 0.345703 0.75586 0.343751 0.757812 0.335935 0.757812 0.333984 0.759764 0.326173 0.759764 0.326173 0.761717 0.328124 0.763669 0.328124 0.767581 0.330076 0.765621 0.335935 0.765621 0.337892 0.763669 0.345703 0.763669
0 0.257811 0.166017 0.257811 0.16797 0.255859 0.169922 0.255859 0.171875 0.253908 0.173827 0.253908 0.177732 0.251951 0.179684 0.251951 0.181643 0.25 0.183596 0.25 0.185548 0.248049 0.187501 0.248049 0.189453 0.25 0.189453 0.251951 0.191405 0.253908 0.191405 0.255859 0.193358 0.257811 0.193358 0.259768 0.19531 0.259768 0.193358 0.261719 0.191405 0.261719 0.187501 0.26367 0.185548 0.26367 0.181643 0.265627 0.179684 0.265627 0.175779 0.267578 0.173827 0.267578 0.169922 0.26953 0.16797 0.26953 0.166017
0 0.507811 0.978515 0.507811 0.994141 0.515627 0.994141 0.515627 0.988284 0.517578 0.986332 0.517578 0.980468 0.509768 0.980468
0 0.398438 0.845704 0.398438 0.853514 0.396487 0.855466 0.396487 0.863283 0.402346 0.863283 0.402346 0.855466 0.404297 0.853514 0.404297 0.845704
0 0.318357 0.847656 0.318357 0.853514 0.320314 0.855466 0.320314 0.863283 0.326173 0.863283 0.326173 0.849609 0.320314 0.849609
0 0.328124 0.847656 0.328124 0.861331 0.330076 0.861331 0.332032 0.863283 0.332032 0.859378 0.333984 0.857419 0.333984 0.847656
0 0.818357 0.865235 0.812503 0.871092 0.816405 0.871092 0.818357 0.873044 0.822265 0.873044 0.824216 0.874997 0.826173 0.874997 0.828124 0.876956 0.832032 0.876956 0.833984 0.878909 0.833984 0.874997 0.835935 0.873044 0.835935 0.871092 0.832032 0.871092 0.830076 0.86914 0.826173 0.86914 0.824216 0.867188 0.820313 0.867188
0 0.593751 0.806643 0.591794 0.808595 0.578124 0.808595 0.578124 0.810547 0.580076 0.8125 0.580076 0.814452 0.582032 0.8125 0.595703 0.8125 0.595703 0.810547 0.593751 0.808595
0 0.902346 0.962889 0.900389 0.964841 0.900389 0.966794 0.898438 0.968753 0.898438 0.970706 0.896487 0.972658 0.896487 0.97461 0.894529 0.976562 0.894529 0.978515 0.892578 0.980468 0.896487 0.980468 0.898438 0.98242 0.900389 0.98242 0.902346 0.984372 0.902346 0.98242 0.904297 0.980468 0.904297 0.978515 0.906249 0.976562 0.906249 0.97461 0.908206 0.972658 0.908206 0.970706 0.904297 0.966794 0.904297 0.964841
0 0.746092 0.957032 0.746092 0.966794 0.744141 0.968753 0.744141 0.976562 0.751951 0.976562 0.751951 0.968753 0.753908 0.966794 0.753908 0.958984 0.748049 0.958984
0 0.154297 0.832031 0.154297 0.839847 0.152346 0.8418 0.152346 0.849609 0.162108 0.849609 0.162108 0.833983 0.156249 0.833983
0 0.597654 0.957032 0.593751 0.960937 0.593751 0.962889 0.595703 0.964841 0.595703 0.970706 0.597654 0.972658 0.597654 0.97461 0.601562 0.970706 0.603513 0.970706 0.603513 0.968753 0.601562 0.966794 0.601562 0.964841 0.599611 0.962889 0.599611 0.960937 0.597654 0.958984
0 0.435546 0.845704 0.435546 0.855466 0.433595 0.857419 0.433595 0.865235 0.441405 0.865235 0.441405 0.855466 0.443357 0.853514 0.443357 0.845704
0 0.783206 0.968753 0.783206 0.970706 0.781249 0.972658 0.781249 0.976562 0.779297 0.978515 0.779297 0.98242 0.777346 0.984372 0.777346 0.986332 0.783206 0.986332 0.783206 0.98242 0.785157 0.980468 0.785157 0.97461 0.787108 0.972658 0.787108 0.970706 0.785157 0.970706
0 0.308595 0.970706 0.308595 0.978515 0.306643 0.980468 0.306643 0.988284 0.314454 0.988284 0.314454 0.970706
0 0.722654 0.968753 0.722654 0.972658 0.720703 0.97461 0.720703 0.980468 0.718751 0.98242 0.718751 0.986332 0.720703 0.986332 0.722654 0.988284 0.724611 0.988284 0.726562 0.990237 0.726562 0.986332 0.728513 0.984372 0.728513 0.97461 0.73047 0.972658 0.73047 0.970706 0.728513 0.968753
0 0.183594 0.472653 0.183594 0.474612 0.181643 0.476565 0.181643 0.482422 0.179686 0.484374 0.179686 0.490231 0.177735 0.492191 0.177735 0.494143 0.185546 0.494143 0.185546 0.492191 0.187503 0.490231 0.187503 0.484374 0.189454 0.482422 0.189454 0.476565 0.191405 0.474612 0.191405 0.472653
0 0.412108 0.970706 0.412108 0.976562 0.410157 0.978515 0.410157 0.984372 0.412108 0.98242 0.417967 0.98242 0.417967 0.970706
0 0.332032 0.951175 0.332032 0.958984 0.330076 0.960937 0.330076 0.966794 0.337892 0.966794 0.337892 0.953127 0.333984 0.953127
0 0.240232 0.744139 0.240232 0.746091 0.238281 0.748051 0.238281 0.750003 0.23633 0.751955 0.23633 0.753907 0.234373 0.75586 0.234373 0.757812 0.232422 0.759764 0.232422 0.761717 0.238281 0.761717 0.240232 0.763669 0.240232 0.761717 0.242189 0.759764 0.242189 0.757812 0.24414 0.75586 0.24414 0.753907 0.246092 0.751955 0.242189 0.748051 0.242189 0.746091
0 0.798827 0.998046 0.796875 0.999998 0.796875 1 0.794924 1 0.794924 1 0.791016 1 0.791016 1 0.789065 1 0.791016 1 0.794924 1 0.794924 1 0.796875 1 0.796875 1 0.798827 1 0.798827 1 0.800784 1 0.800784 1 0.802735 1
0 0.259768 0.945311 0.259768 0.951175 0.257811 0.953127 0.257811 0.958984 0.26367 0.958984 0.265627 0.960937 0.265627 0.945311
0 0.363281 0.910154 0.363281 0.927732 0.365232 0.92578 0.36914 0.92578 0.36914 0.910154
0 0.529297 0.962889 0.529297 0.970706 0.527346 0.972658 0.527346 0.980468 0.535157 0.980468 0.535157 0.972658 0.537108 0.970706 0.537108 0.962889
0 0.376951 0.845704 0.376951 0.863283 0.382811 0.863283 0.382811 0.855466 0.384768 0.853514 0.384768 0.845704
0 0.134768 0.656246 0.134768 0.671872 0.140627 0.671872 0.140627 0.656246
0 0.722654 0.849609 0.722654 0.855466 0.734373 0.855466 0.734373 0.853514 0.73047 0.853514 0.728513 0.851561 0.724611 0.851561
0 0.910157 0.970706 0.910157 0.972658 0.908206 0.97461 0.908206 0.978515 0.906249 0.980468 0.906249 0.984372 0.904297 0.986332 0.904297 0.988284 0.910157 0.988284 0.912108 0.986332 0.912108 0.984372 0.914065 0.98242 0.914065 0.978515 0.916016 0.976562 0.916016 0.97461 0.914065 0.97461
0 0.482422 0.853514 0.482422 0.86914 0.488281 0.86914 0.488281 0.853514
0 0.308595 0.951175 0.306643 0.953127 0.302735 0.953127 0.302735 0.968753 0.306643 0.968753 0.306643 0.960937 0.308595 0.958984
0 0.556643 0.988284 0.556643 1 0.560546 1 0.560546 0.998046 0.562503 0.996094 0.562503 0.988284
0 0.892578 0.958984 0.892578 0.960937 0.890627 0.962889 0.890627 0.964841 0.88867 0.966794 0.88867 0.968753 0.886719 0.970706 0.886719 0.972658 0.884768 0.97461 0.884768 0.976562 0.892578 0.976562 0.894529 0.97461 0.894529 0.972658 0.896487 0.970706 0.896487 0.968753 0.898438 0.966794 0.898438 0.964841 0.900389 0.962889 0.898438 0.962889 0.896487 0.960937 0.894529 0.960937
0 0.421876 0.968753 0.421876 0.986332 0.429686 0.986332 0.429686 0.970706 0.427735 0.970706 0.425784 0.968753
0 0.542968 0.906249 0.542968 0.912106 0.544924 0.914066 0.544924 0.921875 0.548827 0.921875 0.548827 0.916018 0.550784 0.914066 0.550784 0.908201 0.544924 0.908201
0 0.98047 0.904297 0.98047 0.908201 0.978513 0.910154 0.978513 0.914066 0.98047 0.914066 0.982422 0.916018 0.984373 0.916018 0.98633 0.91797 0.988281 0.91797 0.990232 0.919923 0.992189 0.919923 0.99414 0.921875 0.996092 0.919923 0.996092 0.91797 1 0.914066 0.998049 0.914066 0.996092 0.912106 0.99414 0.912106 0.992189 0.910154 0.990232 0.910154 0.988281 0.908201 0.98633 0.908201 0.984373 0.906249 0.982422 0.906249
0 0.830076 0.935549 0.830076 0.937501 0.828124 0.939454 0.828124 0.941406 0.826173 0.943358 0.826173 0.947263 0.824216 0.949215 0.824216 0.951175 0.822265 0.953127 0.822265 0.95508 0.832032 0.95508 0.832032 0.951175 0.833984 0.949215 0.833984 0.943358 0.835935 0.941406 0.835935 0.937501 0.832032 0.937501
0 0.439454 0.916018 0.439454 0.91797 0.437503 0.919923 0.439454 0.921875 0.439454 0.929684 0.437503 0.931644 0.435546 0.931644 0.435546 0.933596 0.437503 0.931644 0.445313 0.931644 0.445313 0.916018
0 0.48633 0.91797 0.48633 0.921875 0.484373 0.923827 0.484373 0.931644 0.482422 0.933596 0.492189 0.933596 0.492189 0.91797
0 0.335935 0 0.333984 0 0.332032 0 0.328124 0 0.326173 0 0.322265 0 0.320314 0 0.318357 0.000002 0.314454 0.000002 0.312503 0.001955 0.306643 0.001955 0.318357 0.013669 0.320314 0.013669 0.326173 0.019533 0.345703 0.000002 0.339843 0 0.339843 0
0 0.38867 0.843752 0.38867 0.847656 0.386719 0.849609 0.386719 0.857419 0.384768 0.859378 0.384768 0.863283 0.39453 0.863283 0.39453 0.855466 0.392578 0.853514 0.392578 0.845704 0.390627 0.845704
0 0.818357 0.98242 0.818357 0.984372 0.816405 0.986332 0.816405 0.990237 0.814454 0.992189 0.814454 0.994141 0.812503 0.996094 0.812503 0.998046 0.816405 1 0.816405 0.999998 0.818357 0.998046 0.818357 0.996094 0.820313 0.994141 0.820313 0.992189 0.822265 0.990237 0.822265 0.988284 0.824216 0.986332 0.822265 0.986332
0 0.476562 0.916018 0.476562 0.931644 0.474611 0.933596 0.476562 0.931644 0.482422 0.931644 0.482422 0.91797 0.478513 0.91797
0 0.695314 0.849609 0.695314 0.855466 0.701173 0.855466 0.703124 0.857419 0.707032 0.857419 0.708984 0.859378 0.708984 0.857419 0.710935 0.855466 0.710935 0.853514 0.705076 0.853514 0.703124 0.851561 0.697265 0.851561
0 0.335935 0.847656 0.335935 0.853514 0.337892 0.855466 0.337892 0.863283 0.341794 0.863283 0.341794 0.855466 0.343751 0.853514 0.343751 0.847656
0 0.345703 0.968753 0.345703 0.986332 0.351562 0.986332 0.351562 0.968753
0 0.224611 0.021485 0.224611 0.02539 0.222654 0.027343 0.222654 0.037112 0.220703 0.039064 0.220703 0.042969 0.222654 0.041016 0.23047 0.041016 0.23047 0.037112 0.232422 0.035159 0.232422 0.029295 0.234373 0.027343 0.234373 0.023438 0.226562 0.023438
0 0.425784 0.845704 0.425784 0.853514 0.423827 0.855466 0.423827 0.863283 0.429686 0.863283 0.431643 0.865235 0.431643 0.845704
0 0.496092 0.95508 0.496092 0.962889 0.494141 0.964841 0.494141 0.972658 0.501951 0.972658 0.501951 0.968753 0.503908 0.966794 0.503908 0.960937 0.505859 0.958984 0.505859 0.957032 0.498049 0.957032
0 0.548827 0.878909 0.548827 0.886718 0.564454 0.886718 0.566405 0.88867 0.566405 0.880861 0.550784 0.880861
0 0.517578 0.902344 0.517578 0.908201 0.515627 0.910154 0.515627 0.916018 0.523438 0.916018 0.525389 0.91797 0.525389 0.902344
0 0.625 0.890623 0.623049 0.892575 0.60547 0.892575 0.60547 0.896487 0.621092 0.896487 0.623049 0.898439 0.623049 0.894528 0.625 0.892575
0 0.318357 0.970706 0.318357 0.986332 0.324216 0.986332 0.324216 0.972658 0.322265 0.972658 0.320314 0.970706
0 0.228513 0.787112 0.228513 0.806643 0.23633 0.806643 0.23633 0.798826 0.234373 0.796874 0.234373 0.787112
0 0.396487 0.890623 0.396487 0.898439 0.398438 0.900392 0.398438 0.908201 0.404297 0.908201 0.404297 0.890623
0 0.343751 0.908201 0.343751 0.929684 0.349611 0.929684 0.349611 0.919923 0.351562 0.91797 0.351562 0.908201
0 0.363281 0.966794 0.363281 0.986332 0.371092 0.986332 0.371092 0.968753 0.36914 0.966794
0 0.416016 0.845704 0.416016 0.849609 0.414065 0.851561 0.414065 0.857419 0.412108 0.859378 0.412108 0.863283 0.421876 0.863283 0.421876 0.845704
1 0.169924 0.5293 0.169924 0.535157 0.167968 0.53711 0.167968 0.546879 0.166016 0.548831 0.166016 0.552736 0.171876 0.552736 0.173827 0.554688 0.173827 0.548831 0.175784 0.546879 0.175784 0.53711 0.177735 0.535157 0.177735 0.531252 0.171876 0.531252
0 0.322265 0.951175 0.322265 0.968753 0.324216 0.966794 0.328124 0.966794 0.328124 0.960937 0.330076 0.958984 0.330076 0.953127 0.324216 0.953127
0 0.792968 0.970706 0.792968 0.972658 0.791016 0.97461 0.791016 0.976562 0.789065 0.978515 0.789065 0.980468 0.787108 0.98242 0.787108 0.984372 0.785157 0.986332 0.789065 0.986332 0.791016 0.988284 0.792968 0.986332 0.792968 0.984372 0.794924 0.98242 0.794924 0.980468 0.796875 0.978515 0.796875 0.976562 0.798827 0.97461 0.796875 0.97461
0 0.671876 0.998046 0.671876 1 0.669924 1 0.669924 1 0.667967 1 0.667967 1 0.675784 1 0.675784 0.998046
0 0.761719 0.986332 0.759768 0.988284 0.759768 0.990237 0.757811 0.992189 0.757811 0.994141 0.755859 0.996094 0.755859 0.998046 0.753908 0.999998 0.755859 0.999998 0.759768 1 0.761719 1 0.761719 0.999998 0.76367 0.998046 0.76367 0.996094 0.765627 0.994141 0.765627 0.992189 0.767578 0.990237 0.765627 0.990237
0 0.390627 0.912106 0.390627 0.92578 0.38867 0.927732 0.398438 0.927732 0.398438 0.919923 0.396487 0.91797 0.396487 0.912106
0 0.378908 0.912106 0.378908 0.91797 0.380859 0.919923 0.380859 0.927732 0.382811 0.92578 0.38867 0.92578 0.38867 0.919923 0.386719 0.91797 0.386719 0.912106
0 0.169924 0.455081 0.169924 0.457034 0.167968 0.458987 0.167968 0.464843 0.166016 0.466796 0.166016 0.472653 0.164065 0.474612 0.164065 0.476565 0.175784 0.476565 0.175784 0.472653 0.177735 0.4707 0.177735 0.462891 0.179686 0.460939 0.179686 0.457034 0.171876 0.457034
0 0.828124 0.986332 0.828124 0.988284 0.826173 0.990237 0.826173 0.994141 0.824216 0.996094 0.824216 0.998046 0.822265 0.999998 0.822265 1 0.826173 1 0.828124 1 0.828124 1 0.830076 0.999998 0.830076 0.996094 0.832032 0.994141 0.832032 0.992189 0.833984 0.990237 0.833984 0.988284 0.830076 0.988284
0 0.525389 0.923827 0.525389 0.92578 0.523438 0.927732 0.523438 0.935549 0.521487 0.937501 0.527346 0.937501 0.529297 0.939454 0.529297 0.931644 0.531249 0.929684 0.531249 0.923827
0 0.962892 0.996094 0.960935 0.998046 0.960935 0.999998 0.958984 1 0.958984 1 0.955076 1 0.955076 1 0.953124 1 0.958984 1 0.960935 1 0.960935 1 0.962892 1 0.962892 1 0.966794 1 0.966794 1 0.968751 1 0.968751 0.999998 0.970703 0.998046 0.964843 0.998046
0 0.847654 0.994141 0.847654 0.996094 0.845703 0.998046 0.845703 1 0.843751 1 0.843751 1 0.841794 1 0.841794 1 0.843751 1 0.847654 1 0.847654 1 0.849611 1 0.849611 1 0.851562 1 0.851562 1 0.853513 0.999998 0.853513 0.998046 0.851562 0.998046
0 0.390627 0.949215 0.390627 0.957032 0.38867 0.958984 0.38867 0.964841 0.396487 0.964841 0.396487 0.949215
0 0.476562 0.953127 0.476562 0.95508 0.474611 0.957032 0.474611 0.960937 0.472654 0.962889 0.472654 0.966794 0.470703 0.968753 0.470703 0.970706 0.474611 0.970706 0.476562 0.972658 0.476562 0.968753 0.478513 0.966794 0.478513 0.960937 0.48047 0.958984 0.48047 0.95508 0.478513 0.95508
0 0.955076 0.990237 0.955076 0.992189 0.953124 0.994141 0.953124 0.996094 0.951173 0.998046 0.951173 0.999998 0.949216 1 0.949216 1 0.947265 1 0.947265 1 0.945314 1 0.947265 1 0.951173 1 0.951173 1 0.953124 1 0.953124 1 0.957032 1 0.957032 1 0.958984 0.999998 0.958984 0.998046 0.960935 0.996094
0 0.451173 0.972658 0.451173 0.986332 0.457032 0.986332 0.457032 0.980468 0.458984 0.978515 0.458984 0.972658
0 0.492189 0.851561 0.492189 0.871092 0.5 0.871092 0.5 0.863283 0.498049 0.861331 0.498049 0.853514 0.494141 0.853514
0 0.515627 0.919923 0.515627 0.927732 0.51367 0.929684 0.51367 0.935549 0.521487 0.935549 0.521487 0.927732 0.523438 0.92578 0.523438 0.919923
0 0.468751 0.851561 0.468751 0.853514 0.470703 0.855466 0.470703 0.861331 0.472654 0.863283 0.472654 0.867188 0.476562 0.867188 0.478513 0.86914 0.478513 0.851561
0 0.292968 0.953127 0.292968 0.968753 0.300784 0.968753 0.300784 0.953127
0 0.433595 0.810547 0.433595 0.816405 0.441405 0.816405 0.443357 0.818357 0.451173 0.818357 0.453124 0.820309 0.453124 0.8125 0.435546 0.8125
0 0.707032 0.91797 0.707032 0.92578 0.722654 0.92578 0.724611 0.927732 0.724611 0.919923 0.708984 0.919923
0 0.501951 0.853514 0.501951 0.873044 0.507811 0.873044 0.505859 0.871092 0.505859 0.867188 0.507811 0.865235 0.507811 0.855466 0.503908 0.855466
0 0.683595 0.941406 0.683595 0.947263 0.681643 0.949215 0.681643 0.95508 0.687503 0.95508 0.687503 0.953127 0.689454 0.951175 0.689454 0.949215 0.691405 0.947263 0.691405 0.945311 0.693357 0.943358 0.685546 0.943358
0 0.937503 0.980468 0.935546 0.98242 0.935546 0.984372 0.929687 0.990237 0.929687 0.992189 0.925784 0.996094 0.927735 0.996094 0.929687 0.998046 0.931643 0.998046 0.933594 0.999998 0.935546 0.998046 0.935546 0.996094 0.941405 0.990237 0.941405 0.988284 0.943357 0.986332
0 0.378908 0.947263 0.378908 0.95508 0.376951 0.957032 0.376951 0.964841 0.384768 0.964841 0.384768 0.957032 0.386719 0.95508 0.386719 0.949215 0.380859 0.949215
0 0.363281 0.845704 0.36133 0.847656 0.357422 0.847656 0.357422 0.863283 0.363281 0.863283 0.365232 0.865235 0.365232 0.857419 0.363281 0.855466
0 0.593751 0.916018 0.593751 0.923827 0.591794 0.92578 0.591794 0.931644 0.597654 0.931644 0.599611 0.933596 0.599611 0.91797 0.595703 0.91797
0 0.365232 0.845704 0.365232 0.853514 0.367189 0.855466 0.367189 0.863283 0.371092 0.863283 0.371092 0.845704
0 0.296876 0.970706 0.296876 0.988284 0.304686 0.988284 0.304686 0.980468 0.306643 0.978515 0.306643 0.970706
0 0.583984 0.972658 0.582032 0.97461 0.580076 0.97461 0.580076 0.980468 0.578124 0.98242 0.578124 0.990237 0.585935 0.990237 0.585935 0.98242 0.583984 0.980468
0 0.308595 0.8418 0.308595 0.851561 0.310546 0.853514 0.310546 0.863283 0.316405 0.863283 0.316405 0.843752 0.310546 0.843752
0 0.351562 0.890623 0.351562 0.896487 0.353513 0.898439 0.353513 0.906249 0.36133 0.906249 0.36133 0.900392 0.359373 0.898439 0.359373 0.890623
0 0.466794 0.894528 0.466794 0.912106 0.472654 0.912106 0.472654 0.904297 0.474611 0.902344 0.474611 0.896487 0.468751 0.896487
0 0.85547 0.998046 0.85547 0.999998 0.853513 1 0.853513 1 0.851562 1 0.851562 1 0.849611 1 0.849611 1 0.851562 1 0.85547 1 0.857422 1 0.857422 1 0.859373 1 0.859373 1 0.863281 1 0.863281 1 0.865232 1 0.863281 1 0.859373 0.999998 0.857422 0.999998
0 0.759768 0.912106 0.759768 0.916018 0.757811 0.91797 0.757811 0.927732 0.755859 0.929684 0.753908 0.927732 0.753908 0.929684 0.761719 0.929684 0.76367 0.931644 0.76367 0.921875 0.765627 0.919923 0.765627 0.912106
0 0.136719 0.632811 0.136719 0.644532 0.14453 0.644532 0.14453 0.640628 0.142578 0.638675 0.142578 0.632811
0 0.419924 0.892575 0.419924 0.910154 0.427735 0.910154 0.427735 0.894528 0.421876 0.894528
0 0.48633 0.95508 0.48633 0.958984 0.484373 0.960937 0.484373 0.966794 0.482422 0.968753 0.482422 0.972658 0.490232 0.972658 0.490232 0.95508
0 0.853513 0.943358 0.853513 0.947263 0.851562 0.949215 0.851562 0.957032 0.849611 0.958984 0.849611 0.962889 0.857422 0.962889 0.859373 0.964841 0.859373 0.95508 0.86133 0.953127 0.86133 0.943358
0 0.410157 0.843752 0.410157 0.847656 0.408206 0.849609 0.408206 0.857419 0.406249 0.859378 0.406249 0.863283 0.410157 0.863283 0.410157 0.859378 0.412108 0.857419 0.412108 0.847656 0.410157 0.845704
0 0.162108 0.437503 0.162108 0.44336 0.160157 0.445312 0.160157 0.455081 0.158206 0.457034 0.158206 0.462891 0.160157 0.460939 0.166016 0.460939 0.166016 0.45117 0.167968 0.449217 0.167968 0.439456 0.164065 0.439456
0 0.429686 0.912106 0.429686 0.919923 0.427735 0.921875 0.427735 0.929684 0.437503 0.929684 0.437503 0.921875 0.435546 0.919923 0.435546 0.912106
0 0.537108 0.98242 0.537108 0.990237 0.535157 0.992189 0.535157 1 0.541016 1 0.542968 1 0.542968 0.98242
0 0.882811 0.957032 0.882811 0.958984 0.88086 0.960937 0.88086 0.964841 0.878908 0.966794 0.878908 0.970706 0.876951 0.972658 0.876951 0.97461 0.882811 0.97461 0.884768 0.972658 0.884768 0.970706 0.886719 0.968753 0.886719 0.966794 0.88867 0.964841 0.88867 0.962889 0.890627 0.960937 0.890627 0.958984 0.884768 0.958984
0 0.410157 0.890623 0.410157 0.900392 0.408206 0.902344 0.408206 0.912106 0.414065 0.912106 0.414065 0.902344 0.416016 0.900392 0.416016 0.892575 0.412108 0.892575
0 0.744141 0.937501 0.744141 0.939454 0.742189 0.941406 0.746092 0.941406 0.748049 0.943358 0.75 0.943358 0.751951 0.945311 0.755859 0.945311 0.757811 0.947263 0.761719 0.943358 0.757811 0.943358 0.755859 0.941406 0.751951 0.941406 0.75 0.939454 0.746092 0.939454
0 0.257811 0.964841 0.257811 0.980468 0.265627 0.980468 0.265627 0.97461 0.26367 0.972658 0.26367 0.964841
0 0.585935 0.931644 0.583984 0.933596 0.582032 0.933596 0.580076 0.935549 0.578124 0.935549 0.578124 0.941406 0.576173 0.943358 0.576173 0.949215 0.582032 0.949215 0.582032 0.945311 0.583984 0.943358 0.583984 0.937501 0.585935 0.935549
0 0.679686 0.962889 0.679686 0.970706 0.677735 0.972658 0.677735 0.978515 0.683595 0.978515 0.683595 0.97461 0.685546 0.972658 0.685546 0.966794 0.687503 0.964841 0.687503 0.962889
0 0.802735 0.976562 0.800784 0.978515 0.800784 0.980468 0.798827 0.98242 0.798827 0.984372 0.794924 0.988284 0.794924 0.990237 0.792968 0.992189 0.794924 0.992189 0.798827 0.996094 0.800784 0.994141 0.800784 0.992189 0.802735 0.990237 0.802735 0.988284 0.806643 0.984372 0.806643 0.98242 0.808594 0.980468 0.806643 0.980468
0 0.460935 0.970706 0.460935 0.980468 0.458984 0.98242 0.458984 0.990237 0.460935 0.988284 0.462892 0.988284 0.464843 0.986332 0.466794 0.986332 0.466794 0.972658 0.462892 0.972658
0 0.291016 0.910154 0.291016 0.914066 0.292968 0.916018 0.292968 0.921875 0.294924 0.923827 0.294924 0.927732 0.298827 0.927732 0.298827 0.919923 0.300784 0.91797 0.300784 0.910154
0 0.343751 0.88867 0.343751 0.892575 0.341794 0.894528 0.341794 0.900392 0.339843 0.902344 0.339843 0.906249 0.351562 0.906249 0.351562 0.898439 0.349611 0.896487 0.349611 0.890623 0.345703 0.890623
0 0.275389 0.714846 0.265627 0.724608 0.26953 0.728513 0.275389 0.722655 0.277346 0.722655 0.281249 0.718751 0.279297 0.718751
0 0.390627 0.890623 0.390627 0.910154 0.398438 0.910154 0.396487 0.908201 0.396487 0.900392 0.39453 0.898439 0.39453 0.890623
0 0.789065 0.992189 0.787108 0.994141 0.787108 0.996094 0.785157 0.998046 0.785157 0.999998 0.783206 1 0.783206 1 0.781249 1 0.781249 1 0.779297 1 0.781249 1 0.785157 1 0.787108 1 0.787108 1 0.792968 1 0.792968 1 0.796875 0.998046 0.794924 0.996094 0.792968 0.996094
0 0.257811 0.98242 0.257811 0.990237 0.255859 0.992189 0.255859 0.998046 0.26367 0.998046 0.26367 0.990237 0.265627 0.988284 0.265627 0.98242
0 0.238281 0.810547 0.238281 0.814452 0.23633 0.816405 0.23633 0.822269 0.234373 0.824221 0.234373 0.828126 0.240232 0.828126 0.242189 0.830078 0.242189 0.828126 0.24414 0.826174 0.24414 0.820309 0.246092 0.818357 0.246092 0.814452 0.248049 0.8125 0.248049 0.810547
0 0.873049 0.95508 0.873049 0.958984 0.871092 0.960937 0.871092 0.966794 0.86914 0.968753 0.86914 0.970706 0.876951 0.970706 0.876951 0.966794 0.878908 0.964841 0.878908 0.960937 0.88086 0.958984 0.88086 0.957032 0.875 0.957032
0 0.574216 0.970706 0.574216 0.972658 0.572265 0.97461 0.572265 0.976562 0.570313 0.978515 0.570313 0.980468 0.568357 0.98242 0.568357 0.984372 0.574216 0.984372 0.576173 0.986332 0.576173 0.98242 0.578124 0.980468 0.578124 0.97461 0.580076 0.972658 0.580076 0.970706
0 0.468751 0.914066 0.468751 0.923827 0.466794 0.92578 0.466794 0.933596 0.468751 0.931644 0.474611 0.931644 0.474611 0.914066
0 0.751951 0.847656 0.751951 0.851561 0.75 0.853514 0.75 0.855466 0.751951 0.855466 0.753908 0.857419 0.757811 0.857419 0.759768 0.859378 0.761719 0.859378 0.76367 0.861331 0.765627 0.861331 0.767578 0.863283 0.767578 0.861331 0.76953 0.859378 0.76953 0.857419 0.771487 0.855466 0.767578 0.855466 0.765627 0.853514 0.76367 0.853514 0.761719 0.851561 0.757811 0.851561 0.755859 0.849609 0.753908 0.849609
0 0.445313 0.845704 0.445313 0.855466 0.443357 0.857419 0.443357 0.867188 0.449216 0.867188 0.449216 0.863283 0.451173 0.861331 0.451173 0.853514 0.453124 0.851561 0.453124 0.847656 0.447265 0.847656
0 0.810546 0.998046 0.810546 0.999998 0.804686 1 0.804686 1 0.800784 1 0.800784 1 0.798827 1 0.804686 1 0.804686 1 0.806643 1 0.806643 1 0.808594 1 0.808594 1 0.810546 1 0.810546 1 0.812503 1 0.812503 1 0.814454 1
0 0.51953 0.980468 0.51953 0.988284 0.517578 0.990237 0.517578 0.998046 0.51953 0.996094 0.525389 0.996094 0.525389 0.980468
0 0.554687 0.908201 0.554687 0.914066 0.552735 0.916018 0.552735 0.921875 0.558595 0.921875 0.560546 0.923827 0.560546 0.910154 0.556643 0.910154
0 0.496092 0.898439 0.496092 0.916018 0.501951 0.916018 0.503908 0.91797 0.503908 0.900392 0.498049 0.900392
0 0.781249 0.91797 0.781249 0.927732 0.779297 0.929684 0.779297 0.937501 0.785157 0.937501 0.785157 0.929684 0.787108 0.927732 0.787108 0.919923 0.783206 0.919923
0 0.470703 0.972658 0.470703 0.976562 0.468751 0.978515 0.468751 0.986332 0.466794 0.988284 0.474611 0.988284 0.474611 0.972658
0 0.666016 0.822269 0.666016 0.824221 0.664065 0.826174 0.664065 0.828126 0.667967 0.828126 0.669924 0.830078 0.673827 0.830078 0.675784 0.832031 0.679686 0.832031 0.681643 0.833983 0.681643 0.830078 0.683595 0.828126 0.683595 0.826174 0.675784 0.826174 0.673827 0.824221 0.667967 0.824221
0 0.177735 0.648437 0.177735 0.656246 0.181643 0.656246 0.183594 0.658206 0.185546 0.658206 0.187503 0.660159 0.191405 0.660159 0.193357 0.662111 0.195313 0.660159 0.195313 0.658206 0.199216 0.654294 0.193357 0.654294 0.191405 0.652342 0.187503 0.652342 0.185546 0.65039 0.179686 0.65039
0 0.431643 0.951175 0.431643 0.957032 0.429686 0.958984 0.429686 0.966794 0.427735 0.968753 0.435546 0.968753 0.435546 0.960937 0.437503 0.958984 0.437503 0.951175
0 0.61914 0.939454 0.61914 0.941406 0.617189 0.943358 0.617189 0.947263 0.615232 0.949215 0.615232 0.953127 0.613281 0.95508 0.613281 0.957032 0.61914 0.957032 0.621092 0.958984 0.621092 0.95508 0.623049 0.953127 0.623049 0.947263 0.625 0.945311 0.625 0.941406 0.621092 0.941406
0 0.792968 0.861331 0.792968 0.865235 0.794924 0.867188 0.794924 0.871092 0.798827 0.871092 0.800784 0.873044 0.804686 0.873044 0.806643 0.874997 0.810546 0.874997 0.812503 0.876956 0.812503 0.873044 0.810546 0.871092 0.812503 0.86914 0.812503 0.865235 0.804686 0.865235 0.802735 0.863283 0.794924 0.863283
0 0.371092 0.890623 0.371092 0.898439 0.373049 0.900392 0.373049 0.908201 0.376951 0.908201 0.378908 0.910154 0.378908 0.890623
0 0.464843 0.912106 0.462892 0.914066 0.457032 0.914066 0.457032 0.921875 0.455076 0.923827 0.455076 0.931644 0.462892 0.931644 0.464843 0.933596
0 0.775389 0.990237 0.775389 0.994141 0.773438 0.996094 0.773438 1 0.771487 1 0.771487 1 0.775389 1 0.777346 1 0.777346 0.999998 0.779297 0.998046 0.779297 0.990237
0 0.726562 0.951175 0.726562 0.957032 0.724611 0.958984 0.724611 0.964841 0.726562 0.964841 0.73047 0.968753 0.73047 0.966794 0.732422 0.964841 0.732422 0.960937 0.734373 0.958984 0.734373 0.95508 0.73633 0.953127 0.73633 0.951175
0 0.439454 0.951175 0.439454 0.958984 0.437503 0.960937 0.437503 0.968753 0.445313 0.968753 0.445313 0.960937 0.447265 0.958984 0.447265 0.953127 0.441405 0.953127
0 0.339843 0.949215 0.339843 0.968753 0.341794 0.966794 0.349611 0.966794 0.347654 0.964841 0.347654 0.949215
0 0.48047 0.976562 0.48047 0.992189 0.48633 0.992189 0.48633 0.984372 0.488281 0.98242 0.488281 0.976562
0 0.810546 0.980468 0.808594 0.98242 0.808594 0.984372 0.806643 0.986332 0.806643 0.988284 0.804686 0.990237 0.804686 0.992189 0.802735 0.994141 0.808594 0.999998 0.808594 0.998046 0.810546 0.996094 0.810546 0.994141 0.812503 0.992189 0.812503 0.990237 0.814454 0.988284 0.814454 0.986332 0.816405 0.984372 0.814454 0.984372
0 0.505859 0.919923 0.505859 0.92578 0.503908 0.927732 0.503908 0.931644 0.511719 0.931644 0.511719 0.919923
0 0.742189 0.902344 0.742189 0.906249 0.740232 0.908201 0.740232 0.914066 0.738281 0.916018 0.738281 0.919923 0.746092 0.919923 0.746092 0.912106 0.748049 0.910154 0.748049 0.904297 0.744141 0.904297
0 0.458984 0.951175 0.458984 0.95508 0.457032 0.957032 0.457032 0.962889 0.455076 0.964841 0.455076 0.968753 0.460935 0.968753 0.460935 0.966794 0.462892 0.964841 0.462892 0.958984 0.464843 0.957032 0.464843 0.953127 0.460935 0.953127
0 0.488281 0.97461 0.490232 0.976562 0.490232 0.98242 0.488281 0.984372 0.488281 0.992189 0.496092 0.992189 0.496092 0.97461
0 0.455076 0.847656 0.455076 0.857419 0.453124 0.859378 0.453124 0.867188 0.458984 0.867188 0.458984 0.859378 0.460935 0.857419 0.460935 0.849609 0.457032 0.849609
0 0.410157 0.951175 0.410157 0.968753 0.417967 0.968753 0.417967 0.951175
0 0.335935 0.968753 0.335935 0.984372 0.333984 0.986332 0.343751 0.986332 0.343751 0.978515 0.341794 0.976562 0.341794 0.968753 0.339843 0.970706 0.337892 0.968753
0 0.51367 0.958984 0.51367 0.962889 0.511719 0.964841 0.511719 0.972658 0.509768 0.97461 0.509768 0.978515 0.51953 0.978515 0.51953 0.97461 0.521487 0.972658 0.521487 0.966794 0.523438 0.964841 0.523438 0.960937 0.515627 0.960937
0 0.550784 0.857419 0.550784 0.863283 0.548827 0.865235 0.548827 0.871092 0.552735 0.871092 0.554687 0.873044 0.554687 0.871092 0.556643 0.86914 0.556643 0.863283 0.558595 0.861331 0.558595 0.859378 0.552735 0.859378