0 0.634765 0.847656 0.634765 0.863284 0.636723 0.865232 0.636723 0.867192 0.640629 0.867192 0.642576 0.865232 0.642576 0.849604 0.640629 0.847656
0 0.654293 0.900385 0.654293 0.906251 0.652346 0.908199 0.652346 0.914065 0.654293 0.916013 0.654293 0.917973 0.660156 0.917973 0.660156 0.910158 0.662115 0.908199 0.662115 0.902344 0.660156 0.902344 0.658198 0.900385
0 0.615237 0.871099 0.615237 0.896489 0.619143 0.896489 0.62109 0.89453 0.623048 0.89453 0.623048 0.871099
1 0.671873 0.478519 0.671873 0.486323 0.669927 0.488282 0.669927 0.505858 0.667968 0.507817 0.667968 0.51562 0.677737 0.51562 0.679684 0.517579 0.679684 0.507817 0.681643 0.505858 0.681643 0.488282 0.68359 0.486323 0.68359 0.478519
0 0.587887 0.517579 0.587887 0.523434 0.611332 0.523434 0.611332 0.517579
0 0.578129 0.574215 0.578129 0.578122 0.57617 0.580082 0.57617 0.583989 0.599604 0.583989 0.599604 0.58203 0.601562 0.580082 0.601562 0.578122 0.599604 0.576174 0.599604 0.574215
0 0.699224 0.392575 0.699224 0.396482 0.697265 0.398441 0.697265 0.404296 0.695317 0.406255 0.695317 0.408203 0.697265 0.410151 0.697265 0.41211 0.70117 0.416017 0.70117 0.41211 0.703129 0.410151 0.703129 0.400389 0.705075 0.398441 0.705075 0.394534 0.703129 0.392575
0 0.699224 0.25586 0.699224 0.257808 0.697265 0.259767 0.697265 0.273436 0.699224 0.275395 0.703129 0.275395 0.705075 0.273436 0.705075 0.25586
0 0.589846 0.500003 0.589846 0.507817 0.605468 0.507817 0.607426 0.509765 0.609373 0.507817 0.609373 0.50391 0.607426 0.501951 0.591792 0.501951
0 0.638671 0.970701 0.638671 0.976568 0.636723 0.978516 0.636723 0.984371 0.638671 0.98633 0.638671 0.988278 0.644535 0.994144 0.646482 0.992185 0.64844 0.992185 0.64844 0.974609 0.646482 0.972661 0.646482 0.970701
1 0.531252 0.576174 0.531252 0.580082 0.529293 0.58203 0.529293 0.587896 0.527346 0.589844 0.527346 0.597658 0.525388 0.599606 0.525388 0.605472 0.52344 0.60742 0.52344 0.611327 0.527346 0.611327 0.529293 0.613286 0.531252 0.613286 0.533198 0.615234 0.533198 0.605472 0.535157 0.603513 0.535157 0.585937 0.537104 0.583989 0.537104 0.576174
0 0.595698 0.476561 0.595698 0.484375 0.611332 0.484375 0.611332 0.480468 0.613279 0.478519 0.613279 0.476561
0 0.58594 0.550784 0.58594 0.558598 0.605468 0.558598 0.605468 0.554691 0.60352 0.552732 0.60352 0.550784
0 0.677737 0.173833 0.677737 0.183595 0.679684 0.185544 0.679684 0.195317 0.681643 0.197265 0.685548 0.197265 0.689454 0.193358 0.689454 0.173833
1 0.529293 0.662108 0.529293 0.669922 0.55859 0.669922 0.560549 0.67187 0.560549 0.662108
0 0.68359 0.85547 0.68359 0.863284 0.681643 0.865232 0.681643 0.871099 0.685548 0.871099 0.687495 0.873047 0.689454 0.873047 0.689454 0.857418 0.687495 0.85547
1 0.642576 0.724611 0.642576 0.728518 0.640629 0.730466 0.640629 0.73828 0.638671 0.740239 0.638671 0.744146 0.642576 0.744146 0.644535 0.746094 0.644535 0.742187 0.646482 0.740239 0.646482 0.734373 0.64844 0.732425 0.64844 0.728518 0.646482 0.728518
0 0.687495 0.308589 0.685548 0.310548 0.68359 0.310548 0.68359 0.332031 0.685548 0.332031 0.687495 0.33398 0.689454 0.332031 0.693359 0.332031 0.693359 0.308589
0 0.605468 0.486323 0.60352 0.488282 0.599604 0.488282 0.597656 0.49023 0.593751 0.49023 0.593751 0.496096 0.609373 0.496096 0.611332 0.498044 0.611332 0.488282 0.607426 0.488282
0 0.677737 0.556639 0.677737 0.570308 0.679684 0.572267 0.685548 0.572267 0.685548 0.56836 0.687495 0.566401 0.687495 0.562505 0.685548 0.560546 0.685548 0.558598 0.681643 0.558598 0.679684 0.556639
0 0.677737 0.111331 0.675778 0.113279 0.673832 0.113279 0.673832 0.128907 0.675778 0.128907 0.679684 0.132815 0.68359 0.132815 0.68359 0.111331
0 0.730467 0.546877 0.730467 0.552732 0.72852 0.554691 0.72852 0.562505 0.730467 0.564453 0.730467 0.566401 0.732426 0.566401 0.734373 0.564453 0.736331 0.564453 0.736331 0.558598 0.738278 0.556639 0.738278 0.550784 0.734373 0.546877
1 0.539062 0.546877 0.537104 0.548825 0.525388 0.548825 0.52344 0.550784 0.509766 0.550784 0.509766 0.554691 0.511724 0.556639 0.511724 0.560546 0.513671 0.558598 0.539062 0.558598
1 0.656251 0.636718 0.656251 0.638677 0.654293 0.640625 0.654293 0.644532 0.652346 0.64648 0.652346 0.652346 0.650387 0.654294 0.650387 0.658201 0.64844 0.66016 0.64844 0.662108 0.656251 0.662108 0.656251 0.656253 0.658198 0.654294 0.658198 0.644532 0.660156 0.642573 0.660156 0.636718
0 0.675778 0 0.673832 0 0.667968 0 0.667968 0 0.669927 0 0.669927 0.009769 0.671873 0.011717 0.671873 0.013676 0.673832 0.015624 0.675778 0.013676 0.681643 0.013676 0.681643 0.001955 0.679684 0 0.679684 0
1 0.498049 0.507817 0.498049 0.511724 0.49609 0.513672 0.49609 0.51562 0.517576 0.51562 0.519535 0.517579 0.519535 0.51562 0.521482 0.513672 0.521482 0.511724 0.52344 0.509765 0.52344 0.507817