0 0.9375 0.535155 0.9375 0.537111 0.935548 0.539063 0.935548 0.541015 0.9375 0.541015 0.941406 0.544924 0.943358 0.544924 0.945313 0.546875 0.949219 0.542967 0.947264 0.542967 0.943358 0.539063 0.941406 0.539063
0 0.78125 0.552736 0.779298 0.554687 0.779298 0.556639 0.78125 0.558596 0.78125 0.560548 0.785156 0.564451 0.785156 0.566408 0.787108 0.56836 0.789063 0.566408 0.791014 0.566408 0.791014 0.564451 0.787108 0.560548 0.787108 0.558596
0 0.863283 0.546875 0.861328 0.548827 0.859376 0.548827 0.857422 0.550779 0.85547 0.550779 0.853515 0.552736 0.851563 0.552736 0.851563 0.556639 0.853515 0.558596 0.85547 0.558596 0.857422 0.556639 0.859376 0.556639 0.863283 0.552736 0.865234 0.552736 0.865234 0.548827
0 0.81836 0.593748 0.81836 0.595705 0.816405 0.597657 0.816405 0.599608 0.81836 0.599608 0.822266 0.603517 0.824218 0.603517 0.828124 0.607421 0.830079 0.605469 0.830079 0.603517 0.832031 0.60156 0.830079 0.60156 0.828124 0.599608 0.826173 0.599608 0.822266 0.595705 0.820312 0.595705
0 0.826173 0.531251 0.824218 0.533203 0.822266 0.533203 0.824218 0.535155 0.824218 0.537111 0.828124 0.541015 0.828124 0.542967 0.830079 0.544924 0.833986 0.541015 0.830079 0.537111 0.830079 0.535155
0 0.835937 0.527343 0.833986 0.529299 0.832031 0.529299 0.833986 0.531251 0.833986 0.533203 0.837889 0.537111 0.837889 0.539063 0.839844 0.541015 0.84375 0.537111 0.839844 0.533203 0.839844 0.531251
0 0.865234 0.511718 0.865234 0.515627 0.867186 0.517578 0.869141 0.517578 0.874999 0.523439 0.874999 0.515627 0.871093 0.515627 0.869141 0.51367 0.867186 0.51367
0 0.982423 0.451173 0.980468 0.453125 0.978516 0.453125 0.978516 0.457033 0.980468 0.458985 0.980468 0.460937 0.982423 0.462889 0.982423 0.464845 0.984374 0.466797 0.988281 0.466797 0.990236 0.464845 0.992187 0.464845 0.992187 0.462889 0.988281 0.458985 0.988281 0.457033
0 0.839844 0.521482 0.841796 0.523439 0.841796 0.525391 0.84375 0.527343 0.84375 0.529299 0.845702 0.531251 0.845702 0.533203 0.847657 0.535155 0.847657 0.537111 0.851563 0.533203 0.849609 0.531251 0.849609 0.529299 0.845702 0.525391 0.845702 0.523439 0.84375 0.521482
0 0.874999 0.564451 0.874999 0.566408 0.873047 0.56836 0.876954 0.572264 0.878906 0.572264 0.884767 0.578124 0.886719 0.576172 0.886719 0.57422 0.888673 0.572264 0.888673 0.570312 0.886719 0.56836 0.884767 0.56836 0.882812 0.566408 0.876954 0.566408
0 0.931641 0.511718 0.92578 0.517578 0.923829 0.517578 0.921874 0.519531 0.921874 0.521482 0.923829 0.523439 0.92578 0.521482 0.927735 0.521482 0.931641 0.517578 0.933593 0.517578 0.933593 0.515627 0.935548 0.51367 0.933593 0.511718
0 0.927735 0.478518 0.927735 0.480469 0.92578 0.482422 0.929687 0.48633 0.929687 0.488282 0.933593 0.492186 0.935548 0.492186 0.9375 0.490234 0.9375 0.488282 0.933593 0.484373 0.933593 0.482422 0.931641 0.480469 0.929687 0.480469
0 0.945313 0.468749 0.945313 0.470701 0.943358 0.472657 0.945313 0.474609 0.945313 0.476561 0.951171 0.482422 0.953126 0.482422 0.955077 0.480469 0.957032 0.480469 0.955077 0.478518 0.955077 0.476561 0.953126 0.474609 0.953126 0.472657 0.951171 0.470701 0.951171 0.468749
0 0.865234 0.56836 0.861328 0.572264 0.863283 0.572264 0.865234 0.57422 0.867186 0.57422 0.869141 0.576172 0.871093 0.576172 0.873047 0.578124 0.874999 0.578124 0.876954 0.580076 0.878906 0.578124 0.878906 0.57422 0.876954 0.57422 0.874999 0.572264 0.873047 0.572264 0.871093 0.570312 0.867186 0.570312
0 0.970703 0.515627 0.968749 0.517578 0.968749 0.519531 0.966797 0.521482 0.970703 0.525391 0.970703 0.527343 0.97461 0.531251 0.978516 0.527343 0.980468 0.527343 0.97461 0.521482 0.97461 0.519531
0 0.904296 0.492186 0.902344 0.494142 0.90039 0.494142 0.902344 0.496094 0.902344 0.498046 0.904296 0.500002 0.904296 0.501954 0.908203 0.505858 0.910157 0.503906 0.912109 0.503906 0.912109 0.500002
0 0.943358 0.529299 0.943358 0.531251 0.941406 0.533203 0.941406 0.535155 0.943358 0.535155 0.947264 0.539063 0.949219 0.539063 0.953126 0.542967 0.955077 0.541015 0.955077 0.539063 0.957032 0.537111 0.955077 0.537111 0.953126 0.535155 0.951171 0.535155 0.947264 0.531251 0.945313 0.531251
0 0.81836 0.533203 0.814453 0.537111 0.816405 0.539063 0.816405 0.541015 0.81836 0.542967 0.81836 0.544924 0.820312 0.546875 0.820312 0.548827 0.822266 0.546875 0.824218 0.546875 0.824218 0.544924 0.822266 0.542967 0.822266 0.541015 0.820312 0.539063 0.820312 0.537111 0.81836 0.535155
0 0.914064 0.517578 0.910157 0.521482 0.910157 0.523439 0.906251 0.527343 0.906251 0.529299 0.908203 0.531251 0.910157 0.531251 0.917967 0.523439 0.917967 0.517578
0 0.990236 0.447264 0.986329 0.451173 0.988281 0.453125 0.988281 0.455077 0.990236 0.457033 0.990236 0.458985 0.992187 0.460937 0.996094 0.457033 0.994142 0.455077 0.994142 0.453125 0.992187 0.451173 0.992187 0.449221
0 0.857422 0.57422 0.85547 0.576172 0.857422 0.576172 0.859376 0.578124 0.861328 0.578124 0.865234 0.582032 0.867186 0.582032 0.869141 0.583984 0.873047 0.580076 0.869141 0.580076 0.867186 0.578124 0.865234 0.578124 0.863283 0.576172 0.859376 0.576172
0 0.998046 0.443361 0.994142 0.447264 1 0.455077 1 0.453125 1 0.453125 1 0.449221 1 0.447264
0 0.84375 0.554687 0.841796 0.556639 0.839844 0.556639 0.835937 0.560548 0.833986 0.560548 0.833986 0.564451 0.835937 0.566408 0.839844 0.566408 0.847657 0.558596 0.845702 0.556639 0.845702 0.554687
2 0.947264 0.611329 0.945313 0.613281 0.943358 0.613281 0.941406 0.615233 0.9375 0.615233 0.935548 0.617189 0.933593 0.617189 0.931641 0.619141 0.927735 0.619141 0.92578 0.621093 0.923829 0.621093 0.921874 0.623045 0.917967 0.623045 0.916016 0.625002 0.914064 0.625002 0.912109 0.626953 0.908203 0.626953 0.906251 0.628906 0.904296 0.628906 0.902344 0.630857 0.90039 0.630857 0.898438 0.632814 0.894532 0.632814 0.892577 0.634766 0.890625 0.634766 0.888673 0.636718 0.884767 0.636718 0.882812 0.638674 0.88086 0.638674 0.878906 0.640626 0.874999 0.640626 0.873047 0.642578 0.871093 0.642578 0.869141 0.64453 0.867186 0.64453 0.865234 0.646486 0.861328 0.646486 0.859376 0.648438 0.857422 0.648438 0.85547 0.65039 0.851563 0.65039 0.849609 0.652342 0.847657 0.652342 0.845702 0.654298 0.841796 0.654298 0.839844 0.65625 0.837889 0.65625 0.835937 0.658202 0.832031 0.658202 0.830079 0.660154 0.828124 0.660154 0.826173 0.662111 0.824218 0.662111 0.822266 0.664062 0.81836 0.664062 0.816405 0.666014 0.814453 0.666014 0.812499 0.667971 0.808595 0.667971 0.80664 0.669923 0.804689 0.669923 0.802734 0.671875 0.798827 0.671875 0.796876 0.673826 0.794921 0.673826 0.792969 0.675783 0.789063 0.675783 0.787108 0.677735 0.785156 0.677735 0.783204 0.679687 0.783204 0.681639 0.777343 0.687499 0.777343 0.689455 0.775392 0.691407 0.775392 0.716796 0.777343 0.718752 0.777343 0.728516 0.779298 0.730468 0.779298 0.736328 0.78125 0.73828 0.78125 0.740232 0.783204 0.742188 0.783204 0.746092 0.785156 0.748049 0.785156 0.750001 0.787108 0.751953 0.787108 0.753905 0.796876 0.763673 0.796876 0.765625 0.808595 0.777346 0.810547 0.777346 0.814453 0.78125 0.816405 0.78125 0.820312 0.785158 0.822266 0.785158 0.826173 0.789062 0.830079 0.789062 0.832031 0.791013 0.833986 0.791013 0.835937 0.79297 0.839844 0.79297 0.841796 0.794922 0.845702 0.794922 0.847657 0.796874 0.849609 0.796874 0.851563 0.79883 0.85547 0.79883 0.857422 0.800782 0.878906 0.800782 0.88086 0.802734 0.906251 0.802734 0.908203 0.800782 0.912109 0.800782 0.914064 0.79883 0.917967 0.79883 0.919922 0.796874 0.923829 0.796874 0.92578 0.794922 0.929687 0.794922 0.931641 0.79297 0.933593 0.79297 0.9375 0.789062 0.939454 0.789062 0.941406 0.78711 0.943358 0.78711 0.945313 0.785158 0.947264 0.785158 0.949219 0.783201 0.953126 0.783201 0.955077 0.78125 0.957032 0.78125 0.960938 0.777346 0.96289 0.777346 0.972655 0.767577 0.972655 0.761717 0.970703 0.759765 0.970703 0.750001 0.968749 0.748049 0.968749 0.73828 0.966797 0.736328 0.966797 0.726564 0.964845 0.724608 0.964845 0.714844 0.96289 0.712892 0.96289 0.703123 0.960938 0.701171 0.960938 0.691407 0.958984 0.689455 0.958984 0.677735 0.957032 0.675783 0.957032 0.666014 0.955077 0.664062 0.955077 0.654298 0.953126 0.652342 0.953126 0.642578 0.951171 0.640626 0.951171 0.630857 0.949219 0.628906 0.949219 0.619141 0.947264 0.617189
0 0.84375 0.580076 0.84375 0.582032 0.841796 0.583984 0.84375 0.585936 0.845702 0.585936 0.849609 0.589844 0.851563 0.589844 0.85547 0.593748 0.857422 0.591796 0.857422 0.589844 0.859376 0.587893 0.857422 0.587893 0.85547 0.585936 0.853515 0.585936 0.851563 0.583984 0.849609 0.583984 0.847657 0.582032 0.845702 0.582032
0 0.791014 0.548827 0.789063 0.550779 0.787108 0.550779 0.789063 0.552736 0.789063 0.554687 0.794921 0.560548 0.794921 0.5625 0.796876 0.564451 0.798827 0.5625 0.796876 0.560548 0.796876 0.558596 0.794921 0.556639 0.794921 0.554687 0.792969 0.552736 0.792969 0.550779
0 0.808595 0.541015 0.80664 0.542967 0.804689 0.542967 0.80664 0.544924 0.80664 0.546875 0.808595 0.548827 0.808595 0.550779 0.810547 0.552736 0.814453 0.548827 0.810547 0.544924 0.810547 0.542967
0 0.951171 0.525391 0.951171 0.527343 0.949219 0.529299 0.949219 0.531251 0.951171 0.531251 0.953126 0.533203 0.955077 0.533203 0.958984 0.537111 0.960938 0.537111 0.96289 0.539063 0.966797 0.535155 0.964845 0.535155 0.960938 0.531251 0.958984 0.531251 0.955077 0.527343 0.953126 0.527343
0 0.960938 0.519531 0.957032 0.523439 0.968749 0.535155 0.972655 0.531251
0 0.898438 0.550779 0.894532 0.554687 0.896483 0.556639 0.898438 0.556639 0.902344 0.560548 0.904296 0.560548 0.908203 0.564451 0.912109 0.560548 0.912109 0.558596 0.910157 0.556639 0.908203 0.556639 0.906251 0.554687 0.904296 0.554687 0.902344 0.552736 0.90039 0.552736
0 0.923829 0.482422 0.921874 0.484373 0.919922 0.484373 0.921874 0.48633 0.921874 0.488282 0.923829 0.490234 0.923829 0.492186 0.92578 0.494142 0.92578 0.496094 0.927735 0.494142 0.929687 0.494142 0.927735 0.492186 0.927735 0.490234 0.92578 0.488282 0.92578 0.48633 0.923829 0.484373
0 0.882812 0.539063 0.88086 0.541015 0.878906 0.541015 0.874999 0.544924 0.873047 0.544924 0.873047 0.546875 0.871093 0.548827 0.873047 0.550779 0.876954 0.550779 0.878906 0.548827 0.88086 0.548827 0.884767 0.544924 0.886719 0.544924 0.886719 0.539063
0 0.894532 0.496094 0.894532 0.498046 0.892577 0.500002 0.894532 0.501954 0.894532 0.503906 0.896483 0.505858 0.896483 0.507815 0.898438 0.509766 0.90039 0.509766 0.902344 0.507815 0.904296 0.507815 0.906251 0.505858 0.902344 0.501954 0.902344 0.500002 0.90039 0.498046 0.90039 0.496094
0 0.853515 0.517578 0.849609 0.521482 0.851563 0.523439 0.851563 0.525391 0.857422 0.531251 0.857422 0.533203 0.859376 0.535155 0.863283 0.531251 0.861328 0.529299 0.861328 0.527343 0.85547 0.521482 0.85547 0.519531
0 0.97461 0.490234 0.972655 0.492186 0.970703 0.492186 0.968749 0.494142 0.966797 0.494142 0.964845 0.496094 0.96289 0.496094 0.96289 0.500002 0.964845 0.500002 0.966797 0.501954 0.968749 0.500002 0.970703 0.500002 0.972655 0.498046 0.976562 0.498046 0.976562 0.490234
0 0.833986 0.583984 0.833986 0.587893 0.835937 0.587893 0.839844 0.591796 0.841796 0.591796 0.845702 0.595705 0.849609 0.591796 0.847657 0.591796 0.845702 0.589844 0.84375 0.589844 0.841796 0.587893 0.839844 0.587893 0.837889 0.585936 0.835937 0.585936
0 0.826173 0.587893 0.826173 0.589844 0.824218 0.591796 0.824218 0.593748 0.826173 0.593748 0.828124 0.595705 0.830079 0.595705 0.832031 0.597657 0.833986 0.597657 0.835937 0.599608 0.837889 0.597657 0.837889 0.595705 0.839844 0.593748 0.837889 0.593748 0.835937 0.591796 0.832031 0.591796 0.830079 0.589844 0.828124 0.589844
0 0.917967 0.542967 0.912109 0.548827 0.921874 0.558596 0.927735 0.552736
0 0.763672 0.5625 0.763672 0.566408 0.765624 0.56836 0.765624 0.570312 0.767579 0.572264 0.767579 0.57422 0.76953 0.57422 0.771485 0.576172 0.773437 0.57422 0.771485 0.572264 0.771485 0.570312 0.76953 0.56836 0.76953 0.566408 0.767579 0.564451 0.765624 0.564451
0 0.9375 0.474609 0.933593 0.478518 0.935548 0.480469 0.935548 0.482422 0.943358 0.490234 0.947264 0.490234 0.949219 0.488282 0.949219 0.48633 0.943358 0.480469 0.943358 0.478518 0.939454 0.474609
0 0.859376 0.51367 0.857422 0.515627 0.859376 0.517578 0.859376 0.519531 0.865234 0.525391 0.865234 0.527343 0.867186 0.529299 0.867186 0.527343 0.869141 0.525391 0.863283 0.519531 0.863283 0.517578
0 0.908203 0.546875 0.904296 0.550779 0.906251 0.552736 0.908203 0.552736 0.914064 0.558596 0.916016 0.556639 0.917967 0.556639
0 0.800782 0.544924 0.798827 0.546875 0.796876 0.546875 0.798827 0.548827 0.798827 0.550779 0.804689 0.556639 0.804689 0.558596 0.80664 0.560548 0.810547 0.556639 0.804689 0.550779 0.804689 0.548827
0 0.957032 0.464845 0.955077 0.466797 0.953126 0.466797 0.953126 0.470701 0.957032 0.474609 0.957032 0.476561 0.960938 0.480469 0.964845 0.480469 0.966797 0.478518 0.966797 0.474609 0.964845 0.472657 0.964845 0.470701 0.96289 0.468749 0.96289 0.466797 0.960938 0.464845
0 0.970703 0.457033 0.968749 0.458985 0.968749 0.462889 0.976562 0.470701 0.978516 0.470701 0.980468 0.472657 0.984374 0.468749 0.980468 0.464845 0.980468 0.462889 0.97461 0.457033
0 0.876954 0.507815 0.874999 0.509766 0.874999 0.51367 0.876954 0.51367 0.88086 0.517578 0.882812 0.517578 0.884767 0.519531 0.888673 0.519531 0.890625 0.517578 0.890625 0.515627 0.888673 0.51367 0.886719 0.51367 0.88086 0.507815
0 0.808595 0.597657 0.808595 0.603517 0.810547 0.603517 0.814453 0.607421 0.816405 0.607421 0.820312 0.611329 0.822266 0.609377 0.822266 0.607421 0.824218 0.605469 0.822266 0.605469 0.820312 0.603517 0.81836 0.603517 0.816405 0.60156 0.814453 0.60156 0.812499 0.599608 0.810547 0.599608
0 0.884767 0.560548 0.884767 0.5625 0.882812 0.564451 0.884767 0.564451 0.888673 0.56836 0.890625 0.56836 0.894532 0.572264 0.896483 0.570312 0.896483 0.56836 0.894532 0.56836 0.890625 0.564451 0.888673 0.564451
0 0.957032 0.498046 0.955077 0.500002 0.953126 0.500002 0.951171 0.501954 0.947264 0.501954 0.945313 0.503906 0.943358 0.503906 0.947264 0.507815 0.949219 0.505858 0.951171 0.505858 0.953126 0.503906 0.955077 0.503906 0.957032 0.501954 0.958984 0.501954 0.957032 0.500002
0 0.771485 0.558596 0.771485 0.560548 0.76953 0.5625 0.773437 0.566408 0.775392 0.566408 0.78125 0.572264 0.783204 0.572264 0.785156 0.570312 0.779298 0.564451 0.779298 0.5625 0.775392 0.558596
0 0.916016 0.48633 0.912109 0.490234 0.910157 0.490234 0.912109 0.492186 0.912109 0.494142 0.914064 0.496094 0.914064 0.498046 0.916016 0.500002 0.921874 0.500002 0.921874 0.498046 0.919922 0.496094 0.919922 0.494142 0.917967 0.492186 0.917967 0.490234 0.916016 0.488282
0 0.851563 0.576172 0.851563 0.578124 0.849609 0.580076 0.849609 0.582032 0.851563 0.582032 0.853515 0.583984 0.857422 0.583984 0.859376 0.585936 0.861328 0.585936 0.863283 0.587893 0.867186 0.583984 0.865234 0.583984 0.863283 0.582032 0.861328 0.582032 0.859376 0.580076 0.857422 0.580076 0.85547 0.578124 0.853515 0.578124
0 0.884767 0.500002 0.882812 0.501954 0.884767 0.503906 0.884767 0.505858 0.890625 0.511718 0.892577 0.511718 0.894532 0.51367 0.896483 0.511718 0.896483 0.509766 0.894532 0.507815 0.894532 0.505858 0.892577 0.503906 0.892577 0.501954 0.890625 0.500002
0 0.890625 0.554687 0.888673 0.556639 0.888673 0.558596 0.886719 0.560548 0.888673 0.5625 0.890625 0.5625 0.894532 0.566408 0.896483 0.566408 0.90039 0.570312 0.902344 0.56836 0.902344 0.566408 0.904296 0.564451 0.902344 0.5625 0.90039 0.5625 0.896483 0.558596 0.894532 0.558596
0 0.927735 0.541015 0.923829 0.544924 0.921874 0.544924 0.923829 0.546875 0.92578 0.546875 0.931641 0.552736 0.933593 0.550779 0.935548 0.550779 0.931641 0.546875 0.931641 0.544924