0 0.48438 0.449216 0.48242 0.451168 0.478514 0.451168 0.476567 0.453128 0.472662 0.453128 0.470702 0.45508 0.466796 0.45508 0.466796 0.457032 0.468756 0.458984 0.468756 0.460936 0.470702 0.458984 0.474608 0.458984 0.476567 0.457032 0.480474 0.457032 0.48242 0.45508 0.486326 0.45508 0.486326 0.453128 0.48438 0.451168
0 0.26367 0.562496 0.261724 0.564456 0.259764 0.564456 0.257817 0.566408 0.255858 0.566408 0.253912 0.56836 0.251952 0.56836 0.251952 0.572264 0.253912 0.570312 0.257817 0.570312 0.259764 0.56836 0.26563 0.56836 0.26563 0.566408 0.26367 0.564456
0 0.097658 0.63672 0.095697 0.638672 0.083981 0.638672 0.083981 0.644528 0.099604 0.644528 0.099604 0.642576 0.097658 0.640624
0 0.478514 0.460936 0.476567 0.462888 0.474608 0.462888 0.472662 0.46484 0.470702 0.46484 0.468756 0.4668 0.46485 0.4668 0.46289 0.468752 0.460944 0.468752 0.46289 0.470704 0.46289 0.472656 0.46485 0.470704 0.468756 0.470704 0.470702 0.468752 0.474608 0.468752 0.476567 0.4668 0.480474 0.4668 0.480474 0.46484 0.478514 0.462888
0 0.177738 0.597656 0.175778 0.599608 0.171872 0.599608 0.169926 0.60156 0.167966 0.60156 0.166019 0.603512 0.162113 0.603512 0.162113 0.605472 0.16406 0.607424 0.16406 0.609376 0.166019 0.607424 0.171872 0.607424 0.173832 0.605472 0.179684 0.605472 0.179684 0.603512 0.177738 0.60156
0 0.589842 0.400392 0.587896 0.402344 0.572271 0.402344 0.572271 0.41016 0.589842 0.41016
0 0.789062 0.314456 0.787116 0.316408 0.785156 0.316408 0.78321 0.31836 0.77929 0.31836 0.777344 0.320312 0.775384 0.320312 0.773438 0.322264 0.769531 0.322264 0.771479 0.324216 0.771479 0.326168 0.773438 0.328128 0.773438 0.33008 0.775384 0.328128 0.777344 0.328128 0.77929 0.326168 0.78125 0.326168 0.78321 0.324216 0.787116 0.324216 0.789062 0.322264 0.791021 0.322264 0.791021 0.320312 0.789062 0.31836
0 0.316408 0.365232 0.316408 0.367184 0.314447 0.369144 0.316408 0.369144 0.318354 0.371096 0.32226 0.371096 0.324221 0.373048 0.326166 0.373048 0.328126 0.375 0.328126 0.373048 0.330072 0.371096 0.328126 0.371096 0.326166 0.369144 0.32226 0.369144 0.320314 0.367184 0.318354 0.367184
0 0.277349 0.550784 0.275388 0.552736 0.271482 0.552736 0.269536 0.554688 0.267576 0.554688 0.26563 0.55664 0.261724 0.55664 0.26367 0.558592 0.26367 0.560544 0.26563 0.562496 0.267576 0.560544 0.269536 0.560544 0.271482 0.558592 0.275388 0.558592 0.277349 0.55664 0.279294 0.55664 0.279294 0.554688 0.277349 0.552736
0 0.138678 0.277344 0.138678 0.279296 0.136719 0.281248 0.140624 0.28516 0.142584 0.28516 0.148436 0.291016 0.148436 0.289064 0.150396 0.287112 0.150396 0.28516 0.148436 0.28516 0.144529 0.281248 0.142584 0.281248
0 0.425776 0.76172 0.42383 0.763672 0.419924 0.763672 0.419924 0.769528 0.42187 0.771488 0.42187 0.779296 0.427736 0.779296 0.427736 0.771488 0.425776 0.769528
0 0.160154 0.312496 0.156248 0.316408 0.158209 0.316408 0.162113 0.320312 0.16406 0.320312 0.167966 0.324216 0.171872 0.320312 0.169926 0.320312 0.166019 0.316408 0.16406 0.316408
0 0.54101 0.4668 0.537104 0.470704 0.535158 0.470704 0.531252 0.474608 0.529291 0.474608 0.529291 0.480472 0.531252 0.478512 0.533197 0.478512 0.537104 0.474608 0.539064 0.474608 0.54101 0.472656 0.542971 0.472656 0.542971 0.470704 0.54101 0.468752
0 0.068356 0.708984 0.068356 0.722656 0.076168 0.722656 0.078128 0.724608 0.078128 0.708984
0 0.431642 0.699216 0.429683 0.701168 0.425776 0.701168 0.425776 0.708984 0.427736 0.710936 0.427736 0.7168 0.433588 0.7168 0.433588 0.710936 0.431642 0.708984
0 0.228517 0.33984 0.226556 0.3418 0.226556 0.343752 0.22461 0.345704 0.226556 0.345704 0.230462 0.349608 0.232422 0.349608 0.236328 0.353512 0.240233 0.349608 0.236328 0.345704 0.234368 0.345704
0 0.072262 0.64844 0.070316 0.650392 0.056638 0.650392 0.058599 0.652344 0.058599 0.654296 0.072262 0.654296
0 0.433588 0.824216 0.433588 0.832032 0.437494 0.832032 0.437494 0.824216
0 0.849612 0.31836 0.847651 0.320312 0.843745 0.320312 0.8418 0.322264 0.83984 0.322264 0.837894 0.324216 0.833988 0.324216 0.833988 0.326168 0.835934 0.328128 0.835934 0.33008 0.837894 0.328128 0.843745 0.328128 0.845706 0.326168 0.851558 0.326168 0.851558 0.324216 0.849612 0.322264
0 0.169926 0.609376 0.167966 0.611328 0.16406 0.611328 0.162113 0.61328 0.160154 0.61328 0.158209 0.615232 0.154303 0.615232 0.154303 0.617184 0.156248 0.619144 0.156248 0.623048 0.158209 0.621096 0.162113 0.621096 0.16406 0.619144 0.169926 0.619144
0 0.906256 0.267576 0.904296 0.269528 0.90235 0.269528 0.90039 0.271488 0.896483 0.271488 0.894538 0.27344 0.892578 0.27344 0.892578 0.275392 0.894538 0.277344 0.894538 0.279296 0.896483 0.277344 0.90039 0.277344 0.90235 0.275392 0.908202 0.275392 0.908202 0.27344 0.906256 0.271488
0 0.259764 0.337888 0.257817 0.33984 0.257817 0.3418 0.255858 0.343752 0.257817 0.343752 0.259764 0.345704 0.261724 0.345704 0.26367 0.347656 0.26563 0.347656 0.267576 0.349608 0.269536 0.349608 0.271482 0.35156 0.271482 0.349608 0.273442 0.347656 0.273442 0.345704 0.271482 0.345704 0.269536 0.343752 0.267576 0.343752 0.26367 0.33984 0.261724 0.33984
0 0.458983 0.460936 0.457038 0.462888 0.455078 0.462888 0.451172 0.4668 0.449212 0.4668 0.447267 0.468752 0.445306 0.468752 0.449212 0.472656 0.451172 0.470704 0.453132 0.470704 0.455078 0.468752 0.457038 0.468752 0.458983 0.4668 0.460944 0.4668 0.460944 0.46484 0.458983 0.462888
0 0.2832 0.562496 0.281255 0.564456 0.271482 0.564456 0.273442 0.566408 0.273442 0.56836 0.275388 0.566408 0.279294 0.566408 0.281255 0.564456 0.28516 0.564456
0 0.412112 0.484376 0.410151 0.486328 0.408206 0.486328 0.406245 0.48828 0.4043 0.48828 0.400394 0.492184 0.398434 0.492184 0.396488 0.494144 0.394528 0.494144 0.396488 0.496096 0.396488 0.498048 0.398434 0.5 0.400394 0.498048 0.40234 0.498048 0.4043 0.496096 0.406245 0.496096 0.410151 0.492184 0.412112 0.492184 0.414058 0.490232 0.416018 0.490232 0.414058 0.48828 0.414058 0.486328
0 0.570312 0.470704 0.568366 0.472656 0.566406 0.472656 0.56446 0.474608 0.5625 0.474608 0.56054 0.47656 0.558594 0.47656 0.556634 0.478512 0.554688 0.478512 0.556634 0.480472 0.556634 0.482424 0.558594 0.484376 0.56054 0.482424 0.5625 0.482424 0.56446 0.480472 0.566406 0.480472 0.568366 0.478512 0.570312 0.478512 0.572271 0.47656 0.574219 0.47656 0.572271 0.474608 0.572271 0.472656
0 0.632808 0.47656 0.630862 0.478512 0.626956 0.478512 0.624995 0.480472 0.62305 0.480472 0.62109 0.482424 0.617184 0.482424 0.617184 0.484376 0.619144 0.486328 0.619144 0.48828 0.62109 0.486328 0.624995 0.486328 0.626956 0.484376 0.628901 0.484376 0.630862 0.482424 0.634768 0.482424 0.634768 0.480472 0.632808 0.478512
0 0.210933 0.58008 0.208986 0.582032 0.20508 0.582032 0.20312 0.583984 0.197268 0.583984 0.195308 0.585936 0.191401 0.585936 0.193362 0.587888 0.193362 0.58984 0.195308 0.5918 0.195308 0.593752 0.197268 0.5918 0.201174 0.5918 0.20312 0.58984 0.207026 0.58984 0.208986 0.587888 0.212892 0.587888 0.212892 0.585936 0.210933 0.583984
0 0.015632 0.632816 0.015632 0.638672 0.02735 0.638672 0.02735 0.632816
0 0.474608 0.771488 0.474608 0.787112 0.480474 0.787112 0.480474 0.771488
0 0.537104 0.427736 0.535158 0.429688 0.529291 0.429688 0.527346 0.43164 0.521481 0.43164 0.521481 0.433592 0.52344 0.435544 0.52344 0.437504 0.525387 0.435544 0.529291 0.435544 0.531252 0.433592 0.537104 0.433592
0 0.228517 0.58008 0.226556 0.582032 0.22265 0.582032 0.220704 0.583984 0.214838 0.583984 0.214838 0.585936 0.216798 0.587888 0.216798 0.5918 0.218744 0.58984 0.220704 0.58984 0.22265 0.587888 0.226556 0.587888 0.228517 0.585936 0.230462 0.585936 0.230462 0.583984 0.228517 0.582032
0 0.4043 0.375 0.4043 0.376952 0.40234 0.378904 0.40234 0.380856 0.406245 0.380856 0.408206 0.382816 0.410151 0.382816 0.412112 0.384768 0.416018 0.384768 0.417964 0.38672 0.419924 0.384768 0.419924 0.382816 0.42187 0.380856 0.417964 0.380856 0.416018 0.378904 0.412112 0.378904 0.410151 0.376952 0.406245 0.376952
0 0.390622 0.537112 0.390622 0.541016 0.388676 0.542968 0.388676 0.54492 0.394528 0.54492 0.394528 0.539064 0.392582 0.539064
0 0.599613 0.382816 0.599613 0.388672 0.611332 0.388672 0.611332 0.38672 0.613278 0.384768 0.613278 0.382816
0 0.519534 0.496096 0.517574 0.498048 0.515628 0.498048 0.513668 0.5 0.509762 0.5 0.507816 0.501952 0.505856 0.501952 0.505856 0.503904 0.507816 0.505856 0.507816 0.507816 0.509762 0.505856 0.511722 0.505856 0.513668 0.503904 0.517574 0.503904 0.519534 0.501952 0.521481 0.501952 0.521481 0.5 0.519534 0.498048
0 0.261724 0.582032 0.259764 0.583984 0.257817 0.583984 0.255858 0.585936 0.253912 0.585936 0.251952 0.587888 0.250006 0.587888 0.248046 0.58984 0.2461 0.58984 0.2461 0.5918 0.248046 0.593752 0.248046 0.595704 0.250006 0.593752 0.253912 0.593752 0.255858 0.5918 0.257817 0.5918 0.259764 0.58984 0.26367 0.58984 0.26367 0.587888 0.261724 0.585936
0 0.500005 0.673832 0.500005 0.687504 0.505856 0.687504 0.505856 0.68164 0.507816 0.679688 0.507816 0.673832
0 0.410151 0.88672 0.410151 0.890624 0.408206 0.892576 0.408206 0.896488 0.414058 0.896488 0.414058 0.88672
0 0.507816 0.445312 0.505856 0.447264 0.50195 0.447264 0.500005 0.449216 0.498044 0.449216 0.496099 0.451168 0.492192 0.451168 0.492192 0.453128 0.494138 0.45508 0.494138 0.457032 0.496099 0.45508 0.500005 0.45508 0.50195 0.453128 0.50391 0.453128 0.505856 0.451168 0.509762 0.451168 0.509762 0.449216 0.507816 0.447264
0 0.06445 0.25 0.060544 0.253904 0.062505 0.253904 0.06641 0.257816 0.068356 0.257816 0.072262 0.26172 0.072262 0.259768 0.074222 0.257816 0.074222 0.255856 0.072262 0.255856 0.068356 0.251952 0.06641 0.251952
0 0 0.593752 0 0.595704 0.001954 0.597656 0.001954 0.599608 0.013672 0.599608 0.013672 0.593752
0 0.001954 0.789064 0 0.79492 0 0.79492 0 0.798832 0 0.800784 0 0.802736 0 0.804688 0 0.80664 0.001954 0.798832 0.0039 0.798832 0.007806 0.79492
0 0.2832 0.566408 0.279294 0.570312 0.277349 0.570312 0.273442 0.574216 0.271482 0.574216 0.269536 0.576168 0.271482 0.578128 0.271482 0.58008 0.273442 0.578128 0.275388 0.578128 0.277349 0.576168 0.281255 0.576168 0.2832 0.574216 0.28516 0.574216 0.28516 0.572264 0.2832 0.570312
0 0.492192 0.599608 0.492192 0.611328 0.498044 0.611328 0.498044 0.599608
0 0.021483 0.19336 0.019538 0.195312 0.019538 0.197264 0.017578 0.199216 0.019538 0.199216 0.021483 0.201168 0.023444 0.201168 0.02735 0.20508 0.029296 0.20508 0.031256 0.207032 0.033202 0.207032 0.035162 0.208984 0.035162 0.207032 0.037108 0.20508 0.037108 0.203128 0.035162 0.203128 0.031256 0.199216 0.029296 0.199216 0.02539 0.195312 0.023444 0.195312
0 0.605466 0.416016 0.603519 0.417968 0.60156 0.417968 0.599613 0.41992 0.595709 0.41992 0.593748 0.421872 0.591803 0.421872 0.591803 0.423832 0.593748 0.425784 0.593748 0.427736 0.595709 0.425784 0.597654 0.425784 0.599613 0.423832 0.603519 0.423832 0.605466 0.421872 0.607426 0.421872 0.607426 0.41992 0.605466 0.417968
0 0.150396 0.638672 0.150396 0.644528 0.160154 0.644528 0.160154 0.638672
0 0.646486 0.38672 0.644526 0.388672 0.64062 0.388672 0.638674 0.390624 0.632808 0.390624 0.634768 0.392576 0.634768 0.394528 0.636714 0.396488 0.638674 0.394528 0.64258 0.394528 0.644526 0.392576 0.648433 0.392576 0.648433 0.390624 0.646486 0.388672
0 0.236328 0.359376 0.236328 0.365232 0.240233 0.365232 0.242194 0.367184 0.2461 0.367184 0.248046 0.369144 0.248046 0.367184 0.250006 0.365232 0.250006 0.36328 0.24414 0.36328 0.242194 0.361328 0.238288 0.361328
0 0.335938 0.36328 0.335938 0.365232 0.333979 0.367184 0.337884 0.367184 0.339844 0.369144 0.34375 0.369144 0.34571 0.371096 0.34571 0.369144 0.347656 0.367184 0.34375 0.367184 0.34179 0.365232 0.337884 0.365232
0 0.02735 0.640624 0.02735 0.642576 0.029296 0.644528 0.029296 0.646488 0.039067 0.646488 0.039067 0.640624
0 0.371092 0.58008 0.371092 0.582032 0.373053 0.583984 0.373053 0.58984 0.374998 0.5918 0.374998 0.593752 0.376959 0.5918 0.378904 0.5918 0.378904 0.58008
0 0 0.63672 0 0.642576 0.009767 0.642576 0.009767 0.63672
0 0.160154 0.300784 0.154303 0.30664 0.156248 0.30664 0.158209 0.308592 0.160154 0.308592 0.16406 0.312496 0.166019 0.312496 0.167966 0.314456 0.169926 0.312496 0.169926 0.310544 0.171872 0.308592 0.169926 0.308592 0.166019 0.304688 0.16406 0.304688
0 0.48242 0.724608 0.48242 0.728512 0.480474 0.730472 0.480474 0.736328 0.478514 0.73828 0.478514 0.740232 0.48438 0.740232 0.486326 0.742184 0.486326 0.734376 0.488286 0.732424 0.488286 0.724608
0 0.021483 0.203128 0.015632 0.208984 0.017578 0.208984 0.021483 0.212888 0.023444 0.212888 0.02735 0.2168 0.029296 0.2168 0.031256 0.218752 0.031256 0.2168 0.033202 0.21484 0.033202 0.212888 0.029296 0.208984 0.02735 0.208984
0 0 0.179688 0 0.18164 0 0.183592 0 0.183592 0 0.187504 0.001954 0.187504 0.0039 0.189456 0.0039 0.187504 0.00586 0.185544 0.00586 0.183592 0.001954 0.183592 0 0.18164 0 0.18164
0 0.925786 0.36328 0.923826 0.365232 0.92188 0.365232 0.91992 0.367184 0.916014 0.367184 0.914067 0.369144 0.912108 0.369144 0.914067 0.371096 0.914067 0.373048 0.916014 0.371096 0.925786 0.371096
0 0.291012 0.367184 0.289066 0.369144 0.289066 0.371096 0.287106 0.373048 0.289066 0.373048 0.291012 0.375 0.294918 0.375 0.296878 0.376952 0.298824 0.376952 0.300784 0.378904 0.300784 0.376952 0.302731 0.375 0.302731 0.373048 0.300784 0.373048 0.298824 0.371096 0.296878 0.371096 0.294918 0.369144 0.292972 0.369144
0 0.853518 0.3418 0.851558 0.343752 0.849612 0.343752 0.847651 0.345704 0.845706 0.345704 0.843745 0.347656 0.83984 0.347656 0.837894 0.349608 0.835934 0.349608 0.837894 0.35156 0.837894 0.353512 0.83984 0.355472 0.83984 0.357424 0.8418 0.355472 0.843745 0.355472 0.847651 0.35156 0.849612 0.35156 0.853518 0.347656 0.855464 0.347656 0.855464 0.345704 0.853518 0.343752
0 0.408206 0.708984 0.408206 0.71484 0.410151 0.7168 0.410151 0.722656 0.412112 0.720704 0.417964 0.720704 0.417964 0.718752 0.416018 0.7168 0.416018 0.712888 0.414058 0.710936 0.414058 0.708984
0 0.074222 0.236328 0.070316 0.240232 0.074222 0.244144 0.076168 0.244144 0.080074 0.248048 0.083981 0.248048 0.08594 0.246096 0.082034 0.242184 0.080074 0.242184
0 0.992188 0.242184 0.990229 0.244144 0.988281 0.244144 0.986322 0.246096 0.982416 0.246096 0.980471 0.248048 0.97851 0.248048 0.97851 0.25 0.980471 0.251952 0.980471 0.253904 0.982416 0.251952 0.984376 0.251952 0.986322 0.25 0.990229 0.25 0.992188 0.248048 0.994134 0.248048 0.994134 0.246096 0.992188 0.244144
0 0.144529 0.609376 0.142584 0.611328 0.140624 0.611328 0.136719 0.615232 0.134771 0.615232 0.136719 0.617184 0.136719 0.619144 0.138678 0.621096 0.14649 0.61328 0.144529 0.611328
0 0.605466 0.4082 0.603519 0.41016 0.599613 0.41016 0.597654 0.412112 0.591803 0.412112 0.593748 0.414064 0.593748 0.416016 0.595709 0.414064 0.605466 0.414064
0 0.453132 0.816408 0.453132 0.822264 0.451172 0.824216 0.451172 0.83008 0.453132 0.828128 0.458983 0.828128 0.458983 0.816408
0 0.140624 0.298832 0.138678 0.300784 0.138678 0.302736 0.136719 0.304688 0.138678 0.304688 0.142584 0.308592 0.144529 0.308592 0.148436 0.312496 0.150396 0.310544 0.150396 0.308592 0.152342 0.30664 0.150396 0.30664 0.14649 0.302736 0.144529 0.302736
0 0.58399 0.458984 0.582029 0.460936 0.580084 0.460936 0.578124 0.462888 0.574219 0.462888 0.572271 0.46484 0.570312 0.46484 0.570312 0.4668 0.572271 0.468752 0.572271 0.470704 0.574219 0.468752 0.578124 0.468752 0.580084 0.4668 0.582029 0.4668 0.58399 0.46484 0.585936 0.46484 0.585936 0.462888 0.58399 0.460936
0 0.078128 0.664064 0.078128 0.66992 0.089846 0.66992 0.089846 0.664064
0 0.656244 0.41992 0.654298 0.421872 0.652338 0.421872 0.650392 0.423832 0.646486 0.423832 0.644526 0.425784 0.64258 0.425784 0.64258 0.429688 0.644526 0.427736 0.650392 0.427736 0.652338 0.425784 0.66015 0.425784 0.658204 0.423832 0.658204 0.421872
0 0.474608 0.683592 0.474608 0.691408 0.472662 0.69336 0.472662 0.699216 0.478514 0.699216 0.478514 0.69336 0.480474 0.691408 0.480474 0.685544 0.476567 0.685544
0 0.388676 0.392576 0.388676 0.394528 0.386716 0.396488 0.386716 0.39844 0.392582 0.39844 0.394528 0.400392 0.400394 0.400392 0.40234 0.402344 0.4043 0.402344 0.406245 0.400392 0.406245 0.39844 0.40234 0.39844 0.400394 0.396488 0.396488 0.396488 0.394528 0.394528 0.390622 0.394528
0 0.816404 0.322264 0.814459 0.324216 0.810553 0.324216 0.808592 0.326168 0.806646 0.326168 0.804686 0.328128 0.800779 0.328128 0.800779 0.33008 0.80274 0.332032 0.80274 0.333984 0.804686 0.332032 0.808592 0.332032 0.810553 0.33008 0.816404 0.33008
0 0.191401 0.31836 0.191401 0.320312 0.189456 0.322264 0.189456 0.324216 0.191401 0.326168 0.193362 0.326168 0.197268 0.33008 0.199214 0.33008 0.20312 0.333984 0.20312 0.332032 0.20508 0.33008 0.20508 0.328128 0.20312 0.326168 0.201174 0.326168 0.197268 0.322264 0.195308 0.322264
0 0.093752 0.359376 0.089846 0.36328 0.093752 0.367184 0.095697 0.367184 0.101564 0.373048 0.105471 0.369144 0.101564 0.365232 0.099604 0.365232
0 0.26563 0.371096 0.26563 0.373048 0.26367 0.375 0.26563 0.375 0.267576 0.376952 0.269536 0.376952 0.271482 0.378904 0.273442 0.378904 0.275388 0.380856 0.275388 0.378904 0.277349 0.376952 0.275388 0.376952 0.273442 0.375 0.271482 0.375 0.269536 0.373048 0.267576 0.373048
0 0.767572 0.332032 0.765626 0.333984 0.761721 0.333984 0.75976 0.335936 0.757814 0.335936 0.755854 0.337888 0.751947 0.337888 0.753908 0.33984 0.753908 0.3418 0.755854 0.33984 0.75976 0.33984 0.761721 0.337888 0.767572 0.337888
0 0.253912 0.576168 0.250006 0.58008 0.248046 0.58008 0.24414 0.583984 0.242194 0.583984 0.24414 0.585936 0.24414 0.587888 0.2461 0.585936 0.250006 0.585936 0.251952 0.583984 0.255858 0.583984 0.255858 0.582032 0.253912 0.58008
0 0.521481 0.449216 0.519534 0.451168 0.517574 0.451168 0.515628 0.453128 0.513668 0.453128 0.511722 0.45508 0.509762 0.45508 0.507816 0.457032 0.505856 0.457032 0.505856 0.458984 0.507816 0.460936 0.507816 0.462888 0.509762 0.460936 0.511722 0.460936 0.513668 0.458984 0.515628 0.458984 0.517574 0.457032 0.519534 0.457032 0.521481 0.45508 0.52344 0.45508 0.52344 0.453128 0.521481 0.451168
0 0.230462 0.322264 0.230462 0.324216 0.228517 0.326168 0.228517 0.328128 0.230462 0.33008 0.232422 0.33008 0.236328 0.333984 0.238288 0.332032 0.238288 0.33008 0.240233 0.328128 0.238288 0.328128 0.234368 0.324216 0.232422 0.324216
0 0.388676 0.572264 0.388676 0.578128 0.390622 0.58008 0.390622 0.587888 0.392582 0.585936 0.396488 0.585936 0.396488 0.572264
0 0.406245 0.917968 0.406245 0.91992 0.4043 0.921872 0.4043 0.923832 0.40234 0.925784 0.40234 0.927736 0.400394 0.929688 0.4043 0.933592 0.4043 0.93164 0.406245 0.929688 0.406245 0.927736 0.408206 0.925784 0.408206 0.923832 0.410151 0.921872 0.410151 0.91992 0.408206 0.91992
0 0.457038 0.4082 0.457038 0.414064 0.472662 0.414064 0.474608 0.416016 0.474608 0.41016 0.458983 0.41016
0 0.644526 0.44336 0.64258 0.445312 0.64062 0.445312 0.636714 0.449216 0.634768 0.449216 0.632808 0.451168 0.630862 0.451168 0.632808 0.453128 0.632808 0.45508 0.634768 0.453128 0.64062 0.453128 0.64258 0.451168 0.648433 0.451168 0.646486 0.449216 0.646486 0.447264 0.644526 0.445312
0 0.38281 0.605472 0.380863 0.607424 0.374998 0.607424 0.374998 0.609376 0.376959 0.611328 0.376959 0.615232 0.378904 0.617184 0.378904 0.619144 0.380863 0.617184 0.384769 0.617184 0.384769 0.61328 0.38281 0.611328
0 0.427736 0.753904 0.427736 0.769528 0.435548 0.769528 0.435548 0.763672 0.433588 0.76172 0.433588 0.753904
0 0.611332 0.447264 0.609372 0.449216 0.607426 0.449216 0.603519 0.453128 0.60156 0.453128 0.599613 0.45508 0.597654 0.45508 0.599613 0.457032 0.599613 0.458984 0.60156 0.457032 0.603519 0.457032 0.605466 0.45508 0.609372 0.45508 0.611332 0.453128 0.613278 0.453128 0.613278 0.451168 0.611332 0.449216
0 0.5625 0.41992 0.56054 0.421872 0.556634 0.421872 0.554688 0.423832 0.552729 0.423832 0.550781 0.425784 0.546876 0.425784 0.548822 0.427736 0.548822 0.429688 0.550781 0.427736 0.554688 0.427736 0.556634 0.425784 0.558594 0.425784 0.56054 0.423832 0.56446 0.423832 0.5625 0.421872
0 0.199214 0.611328 0.197268 0.61328 0.195308 0.61328 0.191401 0.617184 0.189456 0.617184 0.187495 0.619144 0.18555 0.619144 0.189456 0.623048 0.191401 0.621096 0.201174 0.621096 0.201174 0.617184 0.199214 0.615232
0 0.546876 0.406248 0.546876 0.412112 0.5625 0.412112 0.5625 0.406248
0 0.718755 0.35156 0.716794 0.353512 0.714849 0.353512 0.712888 0.355472 0.708982 0.355472 0.707036 0.357424 0.705076 0.357424 0.705076 0.359376 0.707036 0.361328 0.707036 0.36328 0.708982 0.361328 0.710942 0.361328 0.712888 0.359376 0.716794 0.359376 0.718755 0.357424 0.7207 0.357424 0.7207 0.355472 0.718755 0.353512
0 0.349616 0.371096 0.347656 0.373048 0.347656 0.375 0.34571 0.376952 0.351562 0.376952 0.353521 0.378904 0.357428 0.378904 0.359374 0.380856 0.359374 0.378904 0.361334 0.376952 0.359374 0.376952 0.357428 0.375 0.355469 0.375 0.353521 0.373048 0.351562 0.373048
0 0.269536 0.56836 0.267576 0.570312 0.26563 0.570312 0.26367 0.572264 0.259764 0.572264 0.257817 0.574216 0.255858 0.574216 0.257817 0.576168 0.257817 0.578128 0.259764 0.576168 0.267576 0.576168 0.269536 0.574216
0 0.558594 0.394528 0.558594 0.396488 0.56054 0.39844 0.56054 0.400392 0.576178 0.400392 0.576178 0.394528
0 0.857424 0.292968 0.855464 0.29492 0.853518 0.29492 0.851558 0.296872 0.849612 0.296872 0.847651 0.298832 0.845706 0.298832 0.847651 0.300784 0.847651 0.302736 0.849612 0.300784 0.853518 0.300784 0.855464 0.298832 0.85937 0.298832 0.85937 0.296872 0.857424 0.29492
0 0.58399 0.412112 0.582029 0.414064 0.578124 0.414064 0.576178 0.416016 0.574219 0.416016 0.572271 0.417968 0.568366 0.417968 0.568366 0.41992 0.570312 0.421872 0.570312 0.423832 0.572271 0.421872 0.578124 0.421872 0.580084 0.41992 0.587896 0.41992 0.585936 0.417968 0.585936 0.416016 0.58399 0.414064
0 0.542971 0.48828 0.54101 0.490232 0.537104 0.490232 0.535158 0.492184 0.531252 0.492184 0.529291 0.494144 0.525387 0.494144 0.525387 0.496096 0.527346 0.498048 0.527346 0.5 0.529291 0.498048 0.533197 0.498048 0.535158 0.496096 0.539064 0.496096 0.54101 0.494144 0.544916 0.494144 0.544916 0.492184 0.542971 0.490232
0 0.966791 0.22656 0.964846 0.228512 0.962887 0.228512 0.958981 0.232424 0.957034 0.232424 0.958981 0.234376 0.958981 0.236328 0.96094 0.234376 0.962887 0.234376 0.964846 0.232424 0.966791 0.232424 0.968752 0.230472 0.970697 0.230472
0 0.251952 0.558592 0.250006 0.560544 0.248046 0.560544 0.2461 0.562496 0.24414 0.562496 0.242194 0.564456 0.240233 0.564456 0.238288 0.566408 0.236328 0.566408 0.238288 0.56836 0.238288 0.570312 0.240233 0.572264 0.242194 0.570312 0.248046 0.570312 0.251952 0.566408 0.253912 0.566408 0.253912 0.562496 0.251952 0.560544
0 0.070316 0.35156 0.068356 0.353512 0.068356 0.355472 0.06641 0.357424 0.068356 0.359376 0.070316 0.359376 0.074222 0.36328 0.076168 0.36328 0.080074 0.367184 0.080074 0.365232 0.082034 0.36328 0.082034 0.361328 0.078128 0.357424 0.076168 0.357424
0 0.087887 0.615232 0.08594 0.617184 0.083981 0.617184 0.082034 0.619144 0.080074 0.619144 0.078128 0.621096 0.076168 0.621096 0.078128 0.623048 0.078128 0.625 0.080074 0.626952 0.082034 0.625 0.083981 0.625 0.08594 0.623048 0.087887 0.623048 0.089846 0.621096 0.091791 0.621096 0.089846 0.619144 0.089846 0.617184
0 0.552729 0.509768 0.544916 0.517576 0.542971 0.517576 0.539064 0.521488 0.54101 0.521488 0.544916 0.525392 0.550781 0.519528 0.552729 0.519528 0.556634 0.515624 0.554688 0.513672 0.554688 0.51172
0 0.585936 0.550784 0.585936 0.558592 0.587896 0.55664 0.597654 0.55664 0.597654 0.554688 0.599613 0.552736 0.599613 0.550784
0 0.427736 0.94336 0.427736 0.945312 0.425776 0.947264 0.425776 0.949216 0.42383 0.951168 0.42383 0.953128 0.42187 0.95508 0.42383 0.95508 0.425776 0.957032 0.425776 0.95508 0.427736 0.953128 0.427736 0.951168 0.429683 0.949216 0.429683 0.947264 0.431642 0.945312 0.429683 0.945312
0 0.570312 0.43164 0.568366 0.433592 0.566406 0.433592 0.56446 0.435544 0.56054 0.435544 0.558594 0.437504 0.556634 0.437504 0.556634 0.439456 0.558594 0.441408 0.558594 0.44336 0.56054 0.441408 0.5625 0.441408 0.56446 0.439456 0.568366 0.439456 0.570312 0.437504 0.572271 0.437504 0.572271 0.435544 0.570312 0.433592
0 0.66015 0.437504 0.656244 0.441408 0.654298 0.441408 0.650392 0.445312 0.648433 0.445312 0.650392 0.447264 0.650392 0.449216 0.652338 0.451168 0.656244 0.447264 0.658204 0.447264 0.66211 0.44336 0.664056 0.44336 0.66211 0.441408 0.66211 0.439456
0 0.00586 0.667968 0.00586 0.671872 0.019538 0.671872 0.021483 0.673832 0.021483 0.671872 0.019538 0.66992 0.019538 0.667968
0 0.082034 0.25 0.082034 0.251952 0.080074 0.253904 0.082034 0.255856 0.083981 0.255856 0.089846 0.26172 0.093752 0.257816 0.091791 0.257816 0.087887 0.253904 0.08594 0.253904
0 0.302731 0.558592 0.300784 0.560544 0.298824 0.560544 0.296878 0.562496 0.292972 0.562496 0.291012 0.564456 0.289066 0.564456 0.289066 0.566408 0.291012 0.56836 0.291012 0.570312 0.292972 0.56836 0.294918 0.56836 0.296878 0.566408 0.300784 0.566408 0.302731 0.564456 0.30469 0.564456 0.30469 0.562496 0.302731 0.560544
0 0.201174 0.312496 0.201174 0.314456 0.199214 0.316408 0.199214 0.31836 0.201174 0.320312 0.20312 0.320312 0.207026 0.324216 0.208986 0.324216 0.212892 0.328128 0.212892 0.326168 0.214838 0.324216 0.214838 0.322264 0.212892 0.320312 0.210933 0.320312 0.207026 0.316408 0.20508 0.316408
0 0.500005 0.41016 0.500005 0.414064 0.513668 0.414064 0.515628 0.416016 0.515628 0.41016
0 0 0.201168 0 0.20508 0 0.208984 0 0.208984 0.00586 0.21484 0.007806 0.212888 0.007806 0.210936 0.009767 0.208984 0.007806 0.208984 0.0039 0.20508 0.001954 0.20508
0 0.42187 0.68164 0.42187 0.687504 0.42383 0.689456 0.42383 0.697264 0.427736 0.697264 0.427736 0.68164
0 0.113281 0.656248 0.113281 0.664064 0.115229 0.662112 0.12696 0.662112 0.12696 0.656248
0 0.460944 0.617184 0.458983 0.619144 0.457038 0.619144 0.458983 0.621096 0.458983 0.623048 0.460944 0.625 0.460944 0.626952 0.46289 0.628904 0.46485 0.626952 0.466796 0.626952 0.46485 0.625 0.46485 0.623048 0.46289 0.621096 0.46289 0.619144
0 0.189456 0.609376 0.187495 0.611328 0.181644 0.611328 0.179684 0.61328 0.173832 0.61328 0.173832 0.619144 0.18359 0.619144 0.18555 0.617184 0.187495 0.617184 0.189456 0.615232
0 0.937505 0.257816 0.935544 0.259768 0.933599 0.259768 0.931638 0.26172 0.927732 0.26172 0.925786 0.263672 0.923826 0.263672 0.923826 0.265624 0.925786 0.267576 0.925786 0.269528 0.927732 0.267576 0.929692 0.267576 0.931638 0.265624 0.935544 0.265624 0.937505 0.263672 0.93945 0.263672 0.93945 0.26172 0.937505 0.259768
0 0 0.662112 0 0.66992 0.001954 0.66992 0.001954 0.662112
0 0.437494 0.390624 0.437494 0.392576 0.435548 0.394528 0.435548 0.396488 0.4414 0.396488 0.44336 0.39844 0.447267 0.39844 0.449212 0.400392 0.449212 0.39844 0.451172 0.396488 0.451172 0.394528 0.445306 0.394528 0.44336 0.392576 0.439454 0.392576
0 0.398434 0.650392 0.396488 0.652344 0.390622 0.652344 0.390622 0.6582 0.392582 0.66016 0.392582 0.667968 0.394528 0.666016 0.400394 0.666016 0.400394 0.66016 0.398434 0.6582
0 0.089846 0.628904 0.087887 0.630856 0.076168 0.630856 0.076168 0.63672 0.078128 0.634768 0.089846 0.634768
0 0.267576 0.54492 0.26563 0.546872 0.26367 0.546872 0.261724 0.548832 0.259764 0.548832 0.257817 0.550784 0.253912 0.550784 0.251952 0.552736 0.250006 0.552736 0.251952 0.554688 0.251952 0.55664 0.253912 0.558592 0.255858 0.55664 0.259764 0.55664 0.261724 0.554688 0.26367 0.554688 0.26563 0.552736 0.269536 0.552736 0.269536 0.550784 0.267576 0.548832
0 0.314447 0.375 0.314447 0.376952 0.312502 0.378904 0.312502 0.380856 0.318354 0.380856 0.320314 0.382816 0.324221 0.382816 0.326166 0.384768 0.326166 0.382816 0.328126 0.380856 0.328126 0.378904 0.32226 0.378904 0.320314 0.376952 0.316408 0.376952
0 0.806646 0.31836 0.804686 0.320312 0.800779 0.320312 0.798834 0.322264 0.792969 0.322264 0.792969 0.324216 0.794928 0.326168 0.794928 0.328128 0.796874 0.326168 0.800779 0.326168 0.80274 0.324216 0.808592 0.324216 0.808592 0.322264 0.806646 0.320312
0 0.558594 0.45508 0.556634 0.457032 0.554688 0.457032 0.552729 0.458984 0.550781 0.458984 0.548822 0.460936 0.546876 0.460936 0.546876 0.462888 0.548822 0.46484 0.548822 0.4668 0.550781 0.46484 0.552729 0.46484 0.554688 0.462888 0.556634 0.462888 0.558594 0.460936 0.56054 0.460936 0.56054 0.458984 0.558594 0.457032
0 0.630862 0.439456 0.628901 0.441408 0.626956 0.441408 0.624995 0.44336 0.62109 0.44336 0.619144 0.445312 0.617184 0.445312 0.617184 0.447264 0.619144 0.449216 0.619144 0.451168 0.62109 0.449216 0.624995 0.449216 0.626956 0.447264 0.628901 0.447264 0.630862 0.445312 0.634768 0.445312 0.632808 0.44336 0.632808 0.441408
0 0.152342 0.630856 0.150396 0.632816 0.14649 0.632816 0.144529 0.634768 0.140624 0.634768 0.140624 0.63672 0.142584 0.638672 0.142584 0.640624 0.144529 0.638672 0.148436 0.638672 0.150396 0.63672 0.154303 0.63672 0.154303 0.634768 0.152342 0.632816
0 0.546876 0.478512 0.544916 0.480472 0.542971 0.480472 0.54101 0.482424 0.537104 0.482424 0.535158 0.484376 0.533197 0.484376 0.533197 0.48828 0.535158 0.486328 0.54101 0.486328 0.542971 0.484376 0.548822 0.484376 0.548822 0.482424 0.546876 0.480472
0 0.556634 0.382816 0.556634 0.388672 0.570312 0.388672 0.570312 0.382816
0 0.416018 0.859376 0.416018 0.865232 0.414058 0.867184 0.414058 0.871096 0.419924 0.871096 0.419924 0.865232 0.42187 0.86328 0.42187 0.859376
0 0.160154 0.291016 0.156248 0.29492 0.158209 0.296872 0.160154 0.296872 0.16406 0.300784 0.166019 0.300784 0.169926 0.304688 0.173832 0.300784 0.171872 0.298832 0.169926 0.298832 0.166019 0.29492 0.16406 0.29492
0 0.796874 0.3418 0.794928 0.343752 0.792969 0.343752 0.791021 0.345704 0.787116 0.345704 0.785156 0.347656 0.78321 0.347656 0.78321 0.349608 0.785156 0.35156 0.785156 0.353512 0.787116 0.35156 0.791021 0.35156 0.792969 0.349608 0.794928 0.349608 0.796874 0.347656 0.800779 0.347656 0.798834 0.345704 0.798834 0.343752
0 0.2832 0.541016 0.281255 0.542968 0.277349 0.542968 0.275388 0.54492 0.271482 0.54492 0.271482 0.548832 0.273442 0.546872 0.28516 0.546872 0.28516 0.54492 0.2832 0.542968
0 0.433588 0.80664 0.433588 0.81836 0.439454 0.81836 0.439454 0.80664
0 0.390622 0.970704 0.390622 0.972656 0.388676 0.974608 0.388676 0.97656 0.386716 0.978512 0.386716 0.980472 0.388676 0.980472 0.390622 0.982424 0.390622 0.980472 0.392582 0.978512 0.392582 0.97656 0.394528 0.974608 0.394528 0.972656 0.396488 0.970704
0 0.48242 0.5 0.478514 0.503904 0.476567 0.503904 0.472662 0.507816 0.470702 0.507816 0.472662 0.509768 0.472662 0.51172 0.474608 0.509768 0.476567 0.509768 0.480474 0.505856 0.48242 0.505856 0.48438 0.503904 0.486326 0.503904
0 0.294918 0.546872 0.292972 0.548832 0.289066 0.548832 0.287106 0.550784 0.281255 0.550784 0.281255 0.552736 0.2832 0.554688 0.2832 0.55664 0.28516 0.554688 0.289066 0.554688 0.291012 0.552736 0.294918 0.552736
0 0.033202 0.224608 0.029296 0.228512 0.031256 0.230472 0.033202 0.230472 0.037108 0.234376 0.039067 0.234376 0.042974 0.23828 0.04492 0.236328 0.04492 0.234376 0.04688 0.232424 0.04492 0.232424 0.042974 0.230472 0.041014 0.230472 0.037108 0.22656 0.035162 0.22656
1 0.48242 0.380856 0.48242 0.390624 0.505856 0.390624 0.505856 0.382816 0.48438 0.382816
0 0.78321 0.335936 0.78125 0.337888 0.77929 0.337888 0.777344 0.33984 0.775384 0.33984 0.773438 0.3418 0.771479 0.3418 0.769531 0.343752 0.767572 0.343752 0.771479 0.347656 0.773438 0.345704 0.777344 0.345704 0.77929 0.343752 0.78125 0.343752 0.78321 0.3418 0.787116 0.3418 0.785156 0.33984 0.785156 0.337888
0 0.42187 0.78516 0.42187 0.800784 0.425776 0.800784 0.425776 0.792968 0.427736 0.791016 0.427736 0.78516
0 0.031256 0.64844 0.031256 0.654296 0.04492 0.654296 0.04688 0.656248 0.04688 0.64844
0 0.392582 0.400392 0.392582 0.406248 0.394528 0.406248 0.396488 0.4082 0.400394 0.4082 0.40234 0.41016 0.4043 0.41016 0.406245 0.412112 0.406245 0.4082 0.408206 0.406248 0.408206 0.404296 0.40234 0.404296 0.400394 0.402344 0.394528 0.402344
0 0.095697 0.257816 0.095697 0.259768 0.093752 0.26172 0.093752 0.263672 0.105471 0.275392 0.107416 0.27344 0.107416 0.271488 0.109376 0.269528 0.105471 0.265624 0.10351 0.265624
0 0.412112 0.697264 0.410151 0.699216 0.406245 0.699216 0.406245 0.708984 0.408206 0.707032 0.414058 0.707032 0.414058 0.70508 0.412112 0.703128
0 0.050786 0.236328 0.048826 0.23828 0.048826 0.240232 0.04688 0.242184 0.048826 0.242184 0.052732 0.246096 0.054692 0.246096 0.058599 0.25 0.058599 0.248048 0.060544 0.246096 0.060544 0.244144 0.058599 0.242184 0.056638 0.242184
0 0.667962 0.375 0.666017 0.376952 0.664056 0.376952 0.66211 0.378904 0.66015 0.378904 0.658204 0.380856 0.656244 0.380856 0.66015 0.384768 0.66211 0.382816 0.664056 0.382816 0.667962 0.378904 0.669922 0.378904 0.667962 0.376952
0 0.169926 0.583984 0.167966 0.585936 0.166019 0.585936 0.16406 0.587888 0.162113 0.587888 0.160154 0.58984 0.156248 0.58984 0.154303 0.5918 0.152342 0.5918 0.152342 0.593752 0.154303 0.595704 0.154303 0.597656 0.156248 0.595704 0.160154 0.595704 0.162113 0.593752 0.166019 0.593752 0.167966 0.5918 0.171872 0.5918 0.171872 0.58984 0.169926 0.587888
0 0.12304 0.623048 0.121094 0.625 0.109376 0.625 0.109376 0.626952 0.111322 0.628904 0.111322 0.632816 0.113281 0.630856 0.12304 0.630856
0 0.99804 0.222656 0.996094 0.224608 0.994134 0.224608 0.992188 0.22656 0.990229 0.22656 0.988281 0.228512 0.986322 0.228512 0.986322 0.230472 0.988281 0.232424 0.988281 0.234376 0.990229 0.232424 0.992188 0.232424 0.996094 0.228512 0.99804 0.228512
1 0.416018 0.814456 0.416018 0.824216 0.414058 0.826168 0.414058 0.833984 0.419924 0.833984 0.419924 0.824216 0.42187 0.822264 0.42187 0.814456
0 0.785156 0.394528 0.78321 0.396488 0.78125 0.396488 0.77929 0.39844 0.775384 0.39844 0.773438 0.400392 0.771479 0.400392 0.771479 0.402344 0.773438 0.404296 0.773438 0.406248 0.775384 0.404296 0.77929 0.404296 0.78125 0.402344 0.787116 0.402344 0.787116 0.400392 0.785156 0.39844
0 0.466796 0.494144 0.46485 0.496096 0.46289 0.496096 0.458983 0.5 0.457038 0.5 0.457038 0.505856 0.458983 0.503904 0.460944 0.503904 0.46485 0.5 0.466796 0.5 0.468756 0.498048 0.470702 0.498048
0 0.718755 0.447264 0.716794 0.449216 0.714849 0.449216 0.712888 0.451168 0.710942 0.451168 0.708982 0.453128 0.705076 0.453128 0.70313 0.45508 0.70117 0.45508 0.70313 0.457032 0.70313 0.458984 0.705076 0.457032 0.710942 0.457032 0.712888 0.45508 0.7207 0.45508 0.7207 0.453128 0.718755 0.451168
0 0.429683 0.83008 0.427736 0.832032 0.425776 0.832032 0.425776 0.835936 0.42383 0.837888 0.42383 0.83984 0.429683 0.83984
0 0.105471 0.646488 0.10351 0.64844 0.091791 0.64844 0.091791 0.650392 0.093752 0.652344 0.093752 0.654296 0.095697 0.652344 0.105471 0.652344
0 0.22461 0.597656 0.22265 0.599608 0.218744 0.599608 0.216798 0.60156 0.214838 0.60156 0.212892 0.603512 0.208986 0.603512 0.208986 0.609376 0.210933 0.607424 0.218744 0.607424 0.220704 0.605472 0.228517 0.605472 0.226556 0.603512 0.226556 0.60156 0.22461 0.599608
0 0.757814 0.353512 0.755854 0.355472 0.753908 0.355472 0.750002 0.359376 0.748041 0.359376 0.746096 0.361328 0.744137 0.361328 0.746096 0.36328 0.746096 0.365232 0.748041 0.36328 0.751947 0.36328 0.753908 0.361328 0.75976 0.361328 0.75976 0.359376 0.757814 0.357424
0 0.017578 0.212888 0.013672 0.2168 0.011712 0.2168 0.013672 0.218752 0.015632 0.218752 0.019538 0.222656 0.021483 0.222656 0.02539 0.22656 0.02735 0.224608 0.02735 0.222656 0.029296 0.220704 0.02735 0.220704 0.023444 0.2168 0.021483 0.2168
0 0.181644 0.623048 0.179684 0.625 0.175778 0.625 0.173832 0.626952 0.171872 0.626952 0.169926 0.628904 0.166019 0.628904 0.167966 0.630856 0.167966 0.632816 0.169926 0.634768 0.171872 0.632816 0.175778 0.632816 0.177738 0.630856 0.18359 0.630856 0.18359 0.628904 0.181644 0.626952
0 0.718755 0.369144 0.716794 0.371096 0.712888 0.371096 0.710942 0.373048 0.707036 0.373048 0.705076 0.375 0.70117 0.375 0.70313 0.376952 0.70313 0.378904 0.705076 0.380856 0.707036 0.378904 0.712888 0.378904 0.714849 0.376952 0.7207 0.376952 0.7207 0.375 0.718755 0.373048
0 0 0.619144 0 0.625 0.009767 0.625 0.009767 0.619144
0 0.488286 0.68164 0.488286 0.687504 0.486326 0.689456 0.486326 0.695312 0.494138 0.695312 0.494138 0.68164
0 0.20508 0.337888 0.20508 0.33984 0.20312 0.3418 0.20312 0.343752 0.20508 0.345704 0.207026 0.345704 0.212892 0.35156 0.212892 0.347656 0.214838 0.345704 0.214838 0.343752 0.212892 0.343752 0.208986 0.33984 0.207026 0.33984
0 0.414058 0.673832 0.412112 0.675784 0.408206 0.675784 0.408206 0.68164 0.410151 0.683592 0.410151 0.691408 0.412112 0.689456 0.417964 0.689456 0.417964 0.687504 0.416018 0.685544 0.416018 0.679688 0.414058 0.677736
0 0.257817 0.357424 0.257817 0.359376 0.255858 0.361328 0.257817 0.361328 0.259764 0.36328 0.26367 0.36328 0.26563 0.365232 0.267576 0.365232 0.269536 0.367184 0.269536 0.365232 0.271482 0.36328 0.271482 0.361328 0.26563 0.361328 0.26367 0.359376 0.259764 0.359376
0 0.18555 0.326168 0.179684 0.332032 0.181644 0.332032 0.18555 0.335936 0.187495 0.335936 0.191401 0.33984 0.193362 0.337888 0.193362 0.335936 0.195308 0.333984 0.193362 0.332032 0.191401 0.332032
0 0.298824 0.552736 0.296878 0.554688 0.294918 0.554688 0.292972 0.55664 0.289066 0.55664 0.287106 0.558592 0.28516 0.558592 0.287106 0.560544 0.287106 0.562496 0.289066 0.560544 0.292972 0.560544 0.294918 0.558592 0.300784 0.558592 0.300784 0.55664 0.298824 0.554688
0 0.525387 0.41016 0.525387 0.416016 0.537104 0.416016 0.539064 0.417968 0.539064 0.41016
0 0 0.654296 0 0.66016 0.007806 0.66016 0.007806 0.6582 0.009767 0.656248 0.009767 0.654296
0 0.52344 0.478512 0.521481 0.480472 0.519534 0.480472 0.517574 0.482424 0.513668 0.482424 0.511722 0.484376 0.509762 0.484376 0.509762 0.486328 0.511722 0.48828 0.511722 0.490232 0.513668 0.48828 0.515628 0.48828 0.517574 0.486328 0.521481 0.486328 0.52344 0.484376 0.525387 0.484376 0.525387 0.482424 0.52344 0.480472
0 0.04688 0.210936 0.04688 0.212888 0.04492 0.21484 0.04688 0.21484 0.050786 0.218752 0.052732 0.218752 0.056638 0.222656 0.056638 0.220704 0.058599 0.218752 0.058599 0.2168 0.056638 0.2168 0.054692 0.21484 0.052732 0.21484 0.050786 0.212888 0.048826 0.212888
0 0.42383 0.859376 0.42383 0.86328 0.425776 0.865232 0.425776 0.871096 0.431642 0.871096 0.431642 0.867184 0.429683 0.865232 0.429683 0.859376
0 0.898444 0.29492 0.896483 0.296872 0.890632 0.296872 0.888672 0.298832 0.882806 0.298832 0.882806 0.300784 0.884767 0.302736 0.884767 0.304688 0.886712 0.302736 0.892578 0.302736 0.894538 0.300784 0.90039 0.300784 0.90039 0.298832 0.898444 0.296872
0 0.2461 0.572264 0.24414 0.574216 0.240233 0.574216 0.238288 0.576168 0.236328 0.576168 0.234368 0.578128 0.230462 0.578128 0.230462 0.58008 0.232422 0.582032 0.232422 0.583984 0.234368 0.582032 0.238288 0.582032 0.240233 0.58008 0.2461 0.58008
1 0.50195 0.501952 0.500005 0.503904 0.498044 0.503904 0.496099 0.505856 0.494138 0.505856 0.490232 0.509768 0.488286 0.509768 0.486326 0.51172 0.48438 0.51172 0.48242 0.513672 0.480474 0.513672 0.480474 0.515624 0.48242 0.517576 0.48242 0.519528 0.48438 0.517576 0.486326 0.517576 0.488286 0.515624 0.490232 0.515624 0.492192 0.513672 0.496099 0.513672 0.498044 0.51172 0.500005 0.51172 0.50195 0.509768 0.50391 0.509768 0.50391 0.507816 0.50195 0.505856
0 0.031256 0.58008 0.031256 0.583984 0.041014 0.583984 0.042974 0.585936 0.042974 0.58008
0 0.96094 0.265624 0.958981 0.267576 0.957034 0.267576 0.953128 0.271488 0.951168 0.271488 0.951168 0.275392 0.953128 0.27344 0.962887 0.27344 0.962887 0.271488 0.96094 0.269528
0 0.029296 0.6582 0.029296 0.664064 0.042974 0.664064 0.042974 0.6582
0 0.060544 0.730472 0.054692 0.736328 0.052732 0.736328 0.050786 0.73828 0.050786 0.740232 0.052732 0.742184 0.052732 0.744144 0.056638 0.740232 0.058599 0.740232 0.062505 0.736328 0.06445 0.736328 0.062505 0.734376 0.062505 0.732424
0 0.757814 0.320312 0.755854 0.322264 0.751947 0.322264 0.750002 0.324216 0.748041 0.324216 0.746096 0.326168 0.74219 0.326168 0.74219 0.328128 0.744137 0.33008 0.744137 0.332032 0.746096 0.33008 0.751947 0.33008 0.753908 0.328128 0.75976 0.328128 0.75976 0.326168 0.757814 0.324216
0 0.486326 0.484376 0.48438 0.486328 0.48242 0.486328 0.480474 0.48828 0.476567 0.48828 0.474608 0.490232 0.472662 0.490232 0.474608 0.492184 0.474608 0.494144 0.476567 0.496096 0.478514 0.494144 0.480474 0.494144 0.48242 0.492184 0.48438 0.492184 0.486326 0.490232 0.488286 0.490232 0.488286 0.48828 0.486326 0.486328
0 0.40234 0.935544 0.400394 0.937504 0.400394 0.939456 0.398434 0.941408 0.398434 0.94336 0.396488 0.945312 0.396488 0.947264 0.394528 0.949216 0.396488 0.949216 0.400394 0.953128 0.400394 0.951168 0.40234 0.949216 0.40234 0.945312 0.4043 0.94336 0.4043 0.941408 0.406245 0.939456 0.406245 0.937504 0.4043 0.937504
0 0.535158 0.462888 0.533197 0.46484 0.529291 0.46484 0.527346 0.4668 0.521481 0.4668 0.521481 0.468752 0.52344 0.470704 0.52344 0.472656 0.525387 0.470704 0.527346 0.470704 0.529291 0.468752 0.533197 0.468752 0.535158 0.4668 0.537104 0.4668 0.535158 0.46484
0 0.50391 0.492184 0.50195 0.494144 0.500005 0.494144 0.496099 0.498048 0.494138 0.498048 0.496099 0.5 0.496099 0.501952 0.498044 0.5 0.500005 0.5 0.50195 0.498048 0.505856 0.498048 0.505856 0.496096 0.50391 0.494144
0 0.050786 0.675784 0.050786 0.683592 0.052732 0.68164 0.06641 0.68164 0.06641 0.679688 0.06445 0.677736 0.06445 0.675784
0 0.408206 0.89844 0.408206 0.900392 0.406245 0.902344 0.406245 0.904296 0.4043 0.906248 0.4043 0.9082 0.40234 0.91016 0.4043 0.91016 0.408206 0.914064 0.408206 0.912112 0.410151 0.91016 0.410151 0.9082 0.412112 0.906248 0.412112 0.904296 0.414058 0.902344 0.412112 0.902344
0 0.230462 0.56836 0.228517 0.570312 0.226556 0.570312 0.22461 0.572264 0.220704 0.572264 0.22265 0.574216 0.22265 0.576168 0.22461 0.578128 0.22461 0.58008 0.226556 0.578128 0.228517 0.578128 0.230462 0.576168 0.234368 0.576168 0.236328 0.574216 0.238288 0.574216 0.238288 0.572264 0.236328 0.570312 0.236328 0.56836
0 0.328126 0.496096 0.326166 0.498048 0.32226 0.498048 0.324221 0.5 0.324221 0.501952 0.326166 0.503904 0.326166 0.505856 0.328126 0.507816 0.328126 0.509768 0.330072 0.51172 0.330072 0.513672 0.333979 0.509768 0.335938 0.509768 0.333979 0.507816 0.333979 0.505856 0.332031 0.503904 0.332031 0.501952 0.330072 0.5 0.330072 0.498048
0 0.062505 0.6582 0.062505 0.664064 0.076168 0.664064 0.076168 0.6582
0 0.093752 0.269528 0.093752 0.271488 0.091791 0.27344 0.093752 0.275392 0.095697 0.275392 0.101564 0.281248 0.101564 0.279296 0.10351 0.277344 0.10351 0.275392 0.101564 0.275392 0.097658 0.271488 0.095697 0.271488
0 0.425776 0.722656 0.42383 0.724608 0.419924 0.724608 0.419924 0.740232 0.427736 0.740232 0.427736 0.732424 0.425776 0.730472
0 0.4043 0.671872 0.40234 0.673832 0.398434 0.673832 0.398434 0.679688 0.400394 0.68164 0.400394 0.687504 0.40234 0.685544 0.406245 0.685544 0.406245 0.679688 0.4043 0.677736
0 0.513668 0.558592 0.511722 0.560544 0.511722 0.562496 0.509762 0.564456 0.509762 0.566408 0.507816 0.56836 0.509762 0.56836 0.513668 0.572264 0.515628 0.570312 0.515628 0.56836 0.517574 0.566408 0.517574 0.564456 0.519534 0.562496 0.517574 0.562496
0 0.679694 0.388672 0.677733 0.390624 0.675788 0.390624 0.673828 0.392576 0.669922 0.392576 0.667962 0.394528 0.666017 0.394528 0.666017 0.400392 0.667962 0.39844 0.673828 0.39844 0.675788 0.396488 0.68164 0.396488 0.68164 0.394528 0.679694 0.392576
0 0.078128 0.257816 0.078128 0.259768 0.076168 0.26172 0.076168 0.263672 0.078128 0.263672 0.082034 0.267576 0.083981 0.267576 0.087887 0.271488 0.087887 0.269528 0.089846 0.267576 0.08594 0.263672 0.083981 0.263672
0 0.488286 0.394528 0.488286 0.39844 0.500005 0.39844 0.50195 0.400392 0.50195 0.394528
0 0.498044 0.48828 0.496099 0.490232 0.494138 0.490232 0.490232 0.494144 0.488286 0.494144 0.486326 0.496096 0.48438 0.496096 0.486326 0.498048 0.486326 0.5 0.488286 0.498048 0.490232 0.498048 0.492192 0.496096 0.496099 0.496096 0.500005 0.492184 0.498044 0.490232
1 0.666017 0.355472 0.664056 0.357424 0.66211 0.357424 0.66015 0.359376 0.656244 0.359376 0.654298 0.361328 0.652338 0.361328 0.650392 0.36328 0.646486 0.36328 0.644526 0.365232 0.64258 0.365232 0.64062 0.367184 0.636714 0.367184 0.634768 0.369144 0.632808 0.369144 0.630862 0.371096 0.626956 0.371096 0.628901 0.373048 0.628901 0.375 0.630862 0.376952 0.630862 0.378904 0.632808 0.376952 0.634768 0.376952 0.636714 0.375 0.64062 0.375 0.64258 0.373048 0.644526 0.373048 0.646486 0.371096 0.648433 0.371096 0.650392 0.369144 0.654298 0.369144 0.656244 0.367184 0.658204 0.367184 0.66015 0.365232 0.664056 0.365232 0.666017 0.36328 0.667962 0.36328 0.667962 0.361328 0.666017 0.359376
0 0.48438 0.468752 0.48242 0.470704 0.478514 0.470704 0.476567 0.472656 0.474608 0.472656 0.472662 0.474608 0.468756 0.474608 0.468756 0.47656 0.470702 0.478512 0.470702 0.480472 0.472662 0.478512 0.476567 0.478512 0.478514 0.47656 0.480474 0.47656 0.48242 0.474608 0.486326 0.474608 0.486326 0.472656 0.48438 0.470704
0 0.093752 0.244144 0.089846 0.248048 0.091791 0.248048 0.093752 0.25 0.095697 0.25 0.099604 0.253904 0.101564 0.253904 0.10351 0.255856 0.10351 0.253904 0.105471 0.251952 0.105471 0.25 0.10351 0.25 0.101564 0.248048 0.099604 0.248048 0.097658 0.246096 0.095697 0.246096
0 0.595709 0.45508 0.593748 0.457032 0.591803 0.457032 0.587896 0.460936 0.585936 0.460936 0.587896 0.462888 0.587896 0.46484 0.589842 0.462888 0.591803 0.462888 0.593748 0.460936 0.595709 0.460936
0 0.650392 0.375 0.648433 0.376952 0.644526 0.376952 0.64258 0.378904 0.64062 0.378904 0.638674 0.380856 0.634768 0.380856 0.636714 0.382816 0.636714 0.384768 0.638674 0.382816 0.644526 0.382816 0.646486 0.380856 0.652338 0.380856 0.652338 0.378904 0.650392 0.376952
0 0.306637 0.382816 0.306637 0.384768 0.30469 0.38672 0.30469 0.388672 0.310541 0.388672 0.312502 0.390624 0.316408 0.390624 0.318354 0.392576 0.318354 0.38672 0.314447 0.38672 0.312502 0.384768 0.308596 0.384768
0 0.347656 0.388672 0.347656 0.390624 0.34571 0.392576 0.34571 0.394528 0.347656 0.394528 0.349616 0.396488 0.353521 0.396488 0.355469 0.39844 0.357428 0.39844 0.359374 0.400392 0.359374 0.39844 0.361334 0.396488 0.361334 0.394528 0.359374 0.394528 0.357428 0.392576 0.353521 0.392576 0.351562 0.390624 0.349616 0.390624
0 0.408206 0.390624 0.408206 0.396488 0.42187 0.396488 0.42187 0.394528 0.42383 0.392576 0.42383 0.390624
0 0.429683 0.8418 0.429683 0.853512 0.435548 0.853512 0.435548 0.8418
0 0.453132 0.478512 0.451172 0.480472 0.447267 0.480472 0.445306 0.482424 0.44336 0.482424 0.4414 0.484376 0.437494 0.484376 0.439454 0.486328 0.439454 0.48828 0.4414 0.490232 0.44336 0.48828 0.445306 0.48828 0.447267 0.486328 0.449212 0.486328 0.451172 0.484376 0.453132 0.484376
0 0.361334 0.380856 0.361334 0.382816 0.359374 0.384768 0.359374 0.38672 0.361334 0.38672 0.363279 0.388672 0.367186 0.388672 0.369146 0.390624 0.371092 0.390624 0.373053 0.392576 0.373053 0.390624 0.374998 0.388672 0.374998 0.38672 0.373053 0.38672 0.371092 0.384768 0.367186 0.384768 0.36524 0.382816 0.363279 0.382816
0 0.416018 0.701168 0.416018 0.708984 0.417964 0.710936 0.417964 0.7168 0.419924 0.718752 0.42383 0.718752 0.42383 0.710936 0.42187 0.708984 0.42187 0.701168
0 0.589842 0.468752 0.587896 0.470704 0.585936 0.470704 0.582029 0.474608 0.580084 0.474608 0.580084 0.478512 0.582029 0.47656 0.585936 0.47656 0.587896 0.474608 0.591803 0.474608 0.591803 0.472656 0.589842 0.470704
0 0.552729 0.43164 0.550781 0.433592 0.546876 0.433592 0.544916 0.435544 0.542971 0.435544 0.54101 0.437504 0.537104 0.437504 0.539064 0.439456 0.539064 0.441408 0.54101 0.439456 0.546876 0.439456 0.548822 0.437504 0.554688 0.437504 0.554688 0.435544 0.552729 0.433592
0 0.14649 0.291016 0.140624 0.296872 0.142584 0.296872 0.144529 0.298832 0.14649 0.298832 0.150396 0.302736 0.152342 0.302736 0.154303 0.304688 0.158209 0.300784 0.154303 0.296872 0.152342 0.296872
0 0.871088 0.300784 0.869142 0.302736 0.865236 0.302736 0.863276 0.304688 0.85937 0.304688 0.857424 0.30664 0.853518 0.30664 0.853518 0.308592 0.855464 0.310544 0.855464 0.314456 0.857424 0.312496 0.86133 0.312496 0.863276 0.310544 0.865236 0.310544 0.867183 0.308592 0.871088 0.308592
0 0.505856 0.47656 0.50391 0.478512 0.50195 0.478512 0.500005 0.480472 0.498044 0.480472 0.496099 0.482424 0.494138 0.482424 0.492192 0.484376 0.490232 0.484376 0.490232 0.486328 0.492192 0.48828 0.492192 0.490232 0.494138 0.48828 0.496099 0.48828 0.498044 0.486328 0.500005 0.486328 0.50195 0.484376 0.50391 0.484376 0.505856 0.482424 0.507816 0.482424 0.507816 0.480472 0.505856 0.478512
0 0.412112 0.640624 0.412112 0.646488 0.414058 0.64844 0.414058 0.656248 0.416018 0.654296 0.419924 0.654296 0.419924 0.652344 0.417964 0.650392 0.417964 0.644528 0.416018 0.642576 0.416018 0.640624
0 0.417964 0.744144 0.417964 0.75 0.419924 0.751952 0.419924 0.759768 0.425776 0.759768 0.425776 0.753904 0.42383 0.751952 0.42383 0.746096 0.419924 0.746096
0 0.431642 0.775392 0.431642 0.791016 0.433588 0.789064 0.439454 0.789064 0.439454 0.7832 0.437494 0.781248 0.437494 0.775392
0 0.431642 0.812496 0.429683 0.814456 0.425776 0.814456 0.425776 0.820312 0.431642 0.820312
0 0.0039 0.195312 0.0039 0.197264 0.001954 0.199216 0.0039 0.199216 0.007806 0.203128 0.009767 0.203128 0.013672 0.207032 0.013672 0.20508 0.015632 0.203128 0.015632 0.201168 0.013672 0.201168 0.011712 0.199216 0.009767 0.199216 0.007806 0.197264 0.00586 0.197264
0 0.06445 0.222656 0.060544 0.22656 0.062505 0.22656 0.06641 0.230472 0.068356 0.230472 0.072262 0.234376 0.072262 0.232424 0.074222 0.230472 0.072262 0.228512 0.070316 0.228512
0 0.427736 0.718752 0.427736 0.730472 0.435548 0.730472 0.435548 0.72656 0.433588 0.724608 0.433588 0.718752
0 0.595709 0.441408 0.593748 0.44336 0.591803 0.44336 0.589842 0.445312 0.585936 0.445312 0.58399 0.447264 0.582029 0.447264 0.582029 0.449216 0.58399 0.451168 0.58399 0.453128 0.585936 0.451168 0.587896 0.451168 0.589842 0.449216 0.593748 0.449216 0.595709 0.447264 0.597654 0.447264 0.597654 0.445312 0.595709 0.44336
0 0.115229 0.259768 0.113281 0.26172 0.113281 0.263672 0.111322 0.265624 0.115229 0.269528 0.117188 0.269528 0.12304 0.275392 0.12696 0.271488 0.128906 0.271488 0.125 0.267576 0.12304 0.267576
0 0.50391 0.400392 0.50195 0.402344 0.50195 0.406248 0.517574 0.406248 0.517574 0.400392
0 0.46485 0.765624 0.46485 0.771488 0.46289 0.77344 0.46289 0.777344 0.470702 0.777344 0.470702 0.765624
0 0.578124 0.453128 0.576178 0.45508 0.572271 0.45508 0.570312 0.457032 0.566406 0.457032 0.566406 0.458984 0.568366 0.460936 0.568366 0.462888 0.570312 0.460936 0.572271 0.460936 0.574219 0.458984 0.578124 0.458984 0.580084 0.457032 0.582029 0.457032