0 0.009766 0.083985 0.007813 0.085938 0.007813 0.087891 0.005861 0.089844 0.005861 0.091797 0.003905 0.09375 0.003905 0.107421 0.041016 0.144529 0.05078 0.144529 0.052732 0.142576 0.054689 0.142576 0.062501 0.134764 0.062501 0.124999 0.060545 0.123046 0.060545 0.117187 0.046876 0.103515 0.04492 0.103515 0.027343 0.085938 0.011718 0.085938
0 0.238281 0.546874 0.236329 0.548827 0.228517 0.548827 0.224608 0.552733 0.222656 0.552733 0.218752 0.55664 0.216796 0.55664 0.214844 0.558593 0.214844 0.560546 0.208983 0.566405 0.208983 0.568358 0.203127 0.574217 0.203127 0.57617 0.197266 0.582029 0.197266 0.583986 0.193358 0.587892 0.195314 0.587892 0.197266 0.589845 0.199219 0.589845 0.205079 0.595705 0.205079 0.597658 0.207031 0.599611 0.208983 0.599611 0.212891 0.603517 0.214844 0.603517 0.216796 0.60547 0.228517 0.593752 0.230469 0.593752 0.251954 0.572264 0.251954 0.562499 0.249998 0.560546 0.249998 0.558593 0.248046 0.55664 0.248046 0.554687 0.246094 0.552733 0.244142 0.552733
0 0.158204 0.242186 0.158204 0.244139 0.150391 0.251951 0.150391 0.253904 0.136718 0.26758 0.136718 0.269533 0.128906 0.277345 0.128906 0.279298 0.125002 0.283204 0.130858 0.289063 0.130858 0.291016 0.132814 0.292969 0.132814 0.294922 0.134766 0.294922 0.13867 0.298828 0.144531 0.298828 0.146483 0.296875 0.148439 0.296875 0.154295 0.291016 0.154295 0.289063 0.164064 0.279298 0.164064 0.277345 0.173829 0.26758 0.173829 0.265627 0.179689 0.259767 0.179689 0.253904 0.177733 0.251951 0.177733 0.249998 0.175781 0.248045 0.173829 0.248045 0.171877 0.246092 0.16992 0.246092 0.167968 0.244139 0.160156 0.244139
0 0.113281 0 0.111328 0 0.111328 0 0.109376 0 0.109376 0 0.10742 0 0.10742 0 0.105468 0 0.105468 0 0.119141 0 0.121093 0 0.13867 0.001953 0.142579 0.001953 0.144531 0.003905 0.148439 0.003905 0.150391 0.005859 0.158204 0.005859 0.160156 0.003905 0.162108 0.003905 0.164064 0.001953 0.166016 0.001953 0.167968 0 0.167968 0 0.16992 0 0.16992 0 0.171877 0 0.171877 0 0.16992 0 0.16992 0 0.156252 0 0.154295 0 0.148439 0 0.146483 0 0.142579 0 0.140627 0 0.134766 0 0.132814 0 0.128906 0 0.123045 0 0.121093 0
0 0.097656 0.175782 0.093751 0.179688 0.091795 0.179688 0.087891 0.183594 0.085939 0.183594 0.08203 0.1875 0.08203 0.189454 0.07617 0.195313 0.07617 0.197266 0.070314 0.203125 0.070314 0.205078 0.064453 0.210937 0.064453 0.21289 0.062501 0.214843 0.062501 0.216796 0.058593 0.220702 0.058593 0.222655 0.056641 0.224609 0.056641 0.232421 0.058593 0.234374 0.060545 0.234374 0.074218 0.248045 0.091795 0.230468 0.091795 0.228515 0.115233 0.205078 0.117189 0.205078 0.119141 0.203125 0.119141 0.19336 0.117189 0.191407 0.117189 0.189454 0.115233 0.1875 0.115233 0.185547 0.111328 0.181641 0.109376 0.181641 0.103516 0.175782
0 0.154295 0.039064 0.152343 0.041017 0.150391 0.041017 0.148439 0.042971 0.144531 0.042971 0.142579 0.044924 0.142579 0.046877 0.140627 0.04883 0.140627 0.050783 0.136718 0.054689 0.136718 0.056642 0.132814 0.060548 0.132814 0.062501 0.130858 0.064454 0.130858 0.066407 0.128906 0.06836 0.128906 0.072266 0.130858 0.074219 0.130858 0.080078 0.132814 0.082032 0.132814 0.085938 0.136718 0.085938 0.13867 0.087891 0.142579 0.087891 0.144531 0.089844 0.146483 0.087891 0.148439 0.087891 0.160156 0.076172 0.162108 0.076172 0.16992 0.06836 0.16992 0.066407 0.171877 0.064454 0.171877 0.062501 0.173829 0.060548 0.173829 0.056642 0.175781 0.054689 0.175781 0.050783 0.171877 0.046877 0.171877 0.044924 0.167968 0.041017 0.158204 0.041017 0.156252 0.039064
0 0.115233 0.089844 0.113281 0.091797 0.111328 0.091797 0.109376 0.09375 0.10742 0.09375 0.105468 0.095703 0.103516 0.095703 0.099607 0.099609 0.099607 0.101562 0.093751 0.107421 0.093751 0.109374 0.087891 0.115234 0.087891 0.117187 0.083982 0.121093 0.083982 0.126952 0.08203 0.128905 0.08203 0.134764 0.083982 0.136717 0.083982 0.13867 0.085939 0.140623 0.085939 0.142576 0.087891 0.144529 0.087891 0.146486 0.099607 0.146486 0.132814 0.113281 0.132814 0.09375 0.128906 0.09375 0.125002 0.089844
0 0.132814 0.21289 0.130858 0.214843 0.128906 0.214843 0.117189 0.226562 0.117189 0.228515 0.101564 0.244139 0.101564 0.246092 0.097656 0.249998 0.097656 0.265627 0.099607 0.26758 0.099607 0.269533 0.103516 0.269533 0.105468 0.271486 0.10742 0.271486 0.109376 0.273439 0.111328 0.271486 0.117189 0.271486 0.134766 0.253904 0.134766 0.251951 0.154295 0.232421 0.154295 0.228515 0.152343 0.226562 0.152343 0.224609 0.150391 0.222655 0.150391 0.220702 0.144531 0.214843 0.140627 0.214843 0.13867 0.21289
0 0.128906 0.416016 0.126954 0.417969 0.125002 0.417969 0.109376 0.433593 0.109376 0.435546 0.103516 0.441405 0.103516 0.443359 0.099607 0.447265 0.10742 0.455077 0.109376 0.455077 0.119141 0.464842 0.132814 0.451171 0.134766 0.451171 0.146483 0.439452 0.146483 0.437499 0.148439 0.435546 0.148439 0.43164 0.146483 0.429687 0.146483 0.425781 0.136718 0.416016
0 0.089843 0 0.087891 0 0.085939 0 0.08203 0 0.080078 0 0.078126 0 0.078126 0 0.080078 0 0.080078 0 0.085939 0.005859 0.087891 0.005859 0.099607 0.017577 0.101564 0.017577 0.113281 0.029295 0.115233 0.029295 0.123045 0.037111 0.128906 0.037111 0.130858 0.039064 0.136718 0.039064 0.140627 0.035154 0.142579 0.035154 0.142579 0.033201 0.144531 0.031248 0.144531 0.029295 0.146483 0.027342 0.146483 0.01953 0.144531 0.017577 0.144531 0.015624 0.142579 0.013671 0.142579 0.011718 0.140627 0.009765 0.140627 0.007812 0.136718 0.003905 0.134766 0.003905 0.126954 0 0.125002 0 0.117189 0 0.115233 0 0.103516 0 0.099607 0 0.097656 0
0 0.183594 0.498048 0.183594 0.500001 0.177733 0.50586 0.177733 0.507813 0.164064 0.521485 0.164064 0.523438 0.158204 0.529297 0.158204 0.53125 0.156252 0.533203 0.156252 0.535156 0.154295 0.537109 0.154295 0.539062 0.152343 0.541015 0.152343 0.544921 0.154295 0.546874 0.154295 0.552733 0.160156 0.558593 0.162108 0.558593 0.171877 0.568358 0.173829 0.566405 0.175781 0.566405 0.179689 0.562499 0.181641 0.562499 0.185545 0.558593 0.187502 0.558593 0.191406 0.554687 0.191406 0.552733 0.197266 0.546874 0.197266 0.544921 0.201171 0.541015 0.201171 0.539062 0.205079 0.535156 0.205079 0.533203 0.21094 0.527344 0.21094 0.525391 0.212891 0.523438 0.212891 0.515625 0.21094 0.513672 0.21094 0.511719 0.208983 0.509766 0.208983 0.507813 0.207031 0.50586 0.207031 0.503907 0.205079 0.501954 0.201171 0.501954 0.199219 0.500001 0.197266 0.500001 0.195314 0.498048
0 0.238281 0.162111 0.216796 0.183594 0.214844 0.183594 0.195314 0.203125 0.195314 0.220702 0.197266 0.222655 0.197266 0.224609 0.201171 0.228515 0.201171 0.230468 0.203127 0.232421 0.203127 0.234374 0.205079 0.236327 0.205079 0.23828 0.207031 0.240233 0.214844 0.240233 0.216796 0.23828 0.220704 0.23828 0.263671 0.195313 0.263671 0.181641 0.261719 0.179688 0.261719 0.173829 0.249998 0.162111
1 0.916016 0.718751 0.914064 0.720704 0.914064 0.722657 0.912107 0.72461 0.912107 0.726563 0.908203 0.730469 0.908203 0.732422 0.906251 0.734375 0.906251 0.736328 0.902343 0.740235 0.902343 0.742188 0.898439 0.746094 0.898439 0.748047 0.896482 0.75 0.896482 0.751953 0.89453 0.753906 0.896482 0.755859 0.898439 0.755859 0.902343 0.759765 0.904295 0.759765 0.910155 0.765624 0.912107 0.765624 0.916016 0.76953 0.917968 0.76953 0.923828 0.77539 0.925781 0.77539 0.929689 0.779296 0.931641 0.779296 0.937502 0.785155 0.939453 0.785155 0.943358 0.789061 0.945314 0.789061 0.95117 0.79492 0.953127 0.79492 0.957031 0.798826 0.958983 0.798826 0.964843 0.804689 0.966795 0.804689 0.970704 0.808595 0.972656 0.808595 0.978516 0.814455 0.980468 0.814455 0.984377 0.818361 0.986329 0.818361 0.992189 0.82422 0.994141 0.82422 0.998045 0.828126 1 0.828126 1 0.832032 1 0.832032 1 0.833985 1 0.833985 1 0.835938 1 0.833985 1 0.833985 1 0.832032 1 0.832032 1 0.82422 1 0.822267 1 0.820314 1 0.814455 1 0.812502 1 0.796873 1 0.796873 1 0.792967 1 0.792967 1 0.789061 1 0.789061 1 0.785155 1 0.785155 1 0.781249 1 0.781249 1 0.777343 1 0.777343 1 0.773437 0.998045 0.773437 0.994141 0.76953 0.992189 0.76953 0.988281 0.765624 0.986329 0.765624 0.98242 0.761718 0.980468 0.761718 0.978516 0.759765 0.976564 0.759765 0.972656 0.755859 0.970704 0.755859 0.966795 0.751953 0.964843 0.751953 0.960939 0.748047 0.958983 0.748047 0.955079 0.744141 0.953127 0.744141 0.949218 0.740235 0.947266 0.740235 0.943358 0.736328 0.941406 0.736328 0.937502 0.732422 0.935545 0.732422 0.931641 0.728516 0.929689 0.728516 0.925781 0.72461 0.923828 0.72461 0.91992 0.720704 0.917968 0.720704
0 0.070314 0.015624 0.068357 0.017577 0.060545 0.017577 0.058593 0.01953 0.054689 0.01953 0.05078 0.023436 0.05078 0.027342 0.048828 0.029295 0.048828 0.035154 0.05078 0.037111 0.05078 0.042971 0.054689 0.046877 0.056641 0.046877 0.068357 0.058595 0.070314 0.058595 0.080078 0.06836 0.08203 0.06836 0.093751 0.080078 0.095703 0.080078 0.101564 0.085938 0.113281 0.085938 0.119141 0.080078 0.121093 0.080078 0.121093 0.074219 0.123045 0.072266 0.123045 0.058595 0.121093 0.056642 0.121093 0.054689 0.119141 0.052736 0.119141 0.050783 0.111328 0.042971 0.109376 0.042971 0.097656 0.031248 0.095703 0.031248 0.087891 0.023436 0.085939 0.023436 0.08203 0.01953 0.080078 0.01953 0.078126 0.017577 0.072266 0.017577
0 0.923828 0.249998 0.921876 0.251951 0.916016 0.251951 0.914064 0.253904 0.908203 0.253904 0.908203 0.255861 0.910155 0.257814 0.910155 0.261721 0.912107 0.263674 0.912107 0.265627 0.914064 0.26758 0.914064 0.271486 0.916016 0.273439 0.916016 0.277345 0.917968 0.279298 0.917968 0.283204 0.91992 0.285157 0.91992 0.28711 0.921876 0.289063 0.921876 0.292969 0.923828 0.294922 0.923828 0.300782 0.925781 0.302735 0.925781 0.308594 0.927733 0.310547 0.927733 0.314453 0.935545 0.314453 0.937502 0.3125 0.941406 0.3125 0.943358 0.310547 0.947266 0.310547 0.949218 0.308594 0.953127 0.308594 0.953127 0.306641 0.95117 0.304688 0.95117 0.302735 0.949218 0.300782 0.949218 0.296875 0.947266 0.294922 0.947266 0.292969 0.945314 0.291016 0.945314 0.28711 0.943358 0.285157 0.943358 0.283204 0.941406 0.281251 0.941406 0.279298 0.939453 0.277345 0.939453 0.273439 0.937502 0.271486 0.937502 0.269533 0.935545 0.26758 0.935545 0.263674 0.933593 0.261721 0.933593 0.259767 0.931641 0.257814 0.931641 0.255861 0.929689 0.253904 0.929689 0.251951 0.927733 0.249998
0 0.158204 0.451171 0.154295 0.455077 0.152343 0.455077 0.150391 0.45703 0.150391 0.458983 0.146483 0.462889 0.146483 0.464842 0.140627 0.470701 0.140627 0.472654 0.136718 0.476564 0.136718 0.478517 0.134766 0.480471 0.140627 0.48633 0.140627 0.488283 0.150391 0.498048 0.150391 0.500001 0.156252 0.50586 0.162108 0.50586 0.164064 0.503907 0.164064 0.501954 0.167968 0.498048 0.167968 0.496095 0.171877 0.492189 0.171877 0.490236 0.177733 0.484377 0.177733 0.482424 0.181641 0.478517 0.181641 0.476564 0.183594 0.474611 0.183594 0.472654 0.185545 0.470701 0.185545 0.466795 0.183594 0.464842 0.183594 0.460936 0.179689 0.45703 0.179689 0.455077 0.177733 0.453124 0.167968 0.453124 0.166016 0.451171
0 0.205079 0 0.203127 0 0.201171 0 0.197266 0 0.195314 0 0.187502 0 0.187502 0 0.173829 0.003905 0.173829 0.005859 0.166016 0.013671 0.166016 0.017577 0.164064 0.01953 0.164064 0.025389 0.162108 0.027342 0.162108 0.029295 0.166016 0.033201 0.166016 0.035154 0.16992 0.039064 0.16992 0.041017 0.173829 0.041017 0.175781 0.042971 0.177733 0.042971 0.179689 0.044924 0.183594 0.044924 0.203127 0.025389 0.203127 0.023436 0.224608 0.001953 0.224608 0 0.218752 0 0.218752 0 0.214844 0 0.207031 0
0 0.068357 0.146486 0.066405 0.148439 0.064453 0.148439 0.062501 0.150393 0.058593 0.150393 0.04492 0.164064 0.04492 0.166017 0.027343 0.183594 0.027343 0.185547 0.021487 0.191407 0.021487 0.197266 0.023439 0.199219 0.023439 0.201172 0.025391 0.203125 0.025391 0.205078 0.027343 0.207031 0.027343 0.208984 0.029299 0.208984 0.031251 0.210937 0.033203 0.210937 0.035155 0.21289 0.037107 0.210937 0.042968 0.210937 0.08203 0.171876 0.08203 0.169923 0.083982 0.16797 0.083982 0.166017 0.085939 0.164064 0.085939 0.162111 0.083982 0.160158 0.083982 0.158205 0.08203 0.156252 0.08203 0.154299 0.080078 0.152345 0.080078 0.150393 0.078126 0.148439 0.078126 0.146486
0 0.095703 0.367189 0.078126 0.384767 0.07617 0.384767 0.070314 0.390626 0.072266 0.392579 0.072266 0.394532 0.074218 0.396485 0.074218 0.398438 0.078126 0.402344 0.078126 0.404297 0.080078 0.40625 0.080078 0.408204 0.083982 0.41211 0.083982 0.414063 0.085939 0.416016 0.085939 0.417969 0.087891 0.419922 0.091795 0.416016 0.093751 0.416016 0.097656 0.41211 0.099607 0.41211 0.103516 0.408204 0.105468 0.408204 0.109376 0.404297 0.111328 0.404297 0.115233 0.400391 0.115233 0.396485 0.117189 0.394532 0.117189 0.378908 0.115233 0.376955 0.115233 0.373049 0.113281 0.373049 0.111328 0.371095 0.109376 0.371095 0.10742 0.369142 0.105468 0.369142 0.103516 0.367189
0 0.154295 0.11914 0.152343 0.121093 0.146483 0.121093 0.140627 0.126952 0.140627 0.128905 0.126954 0.142576 0.126954 0.144529 0.109376 0.162111 0.109376 0.171876 0.117189 0.179688 0.117189 0.181641 0.125002 0.189454 0.126954 0.1875 0.136718 0.1875 0.179689 0.144529 0.179689 0.136717 0.177733 0.134764 0.177733 0.132811 0.175781 0.130858 0.175781 0.128905 0.171877 0.124999 0.171877 0.123046 0.16992 0.121093 0.156252 0.121093
1 0.972656 0.619141 0.970704 0.621094 0.970704 0.623047 0.968752 0.625 0.968752 0.626953 0.964843 0.63086 0.964843 0.632813 0.962891 0.634766 0.962891 0.636719 0.960939 0.638672 0.960939 0.640625 0.957031 0.644531 0.957031 0.646484 0.955079 0.648437 0.955079 0.65039 0.95117 0.654296 0.95117 0.656249 0.949218 0.658202 0.949218 0.660155 0.947266 0.662109 0.949218 0.664062 0.95117 0.664062 0.955079 0.667968 0.957031 0.667968 0.960939 0.671874 0.962891 0.671874 0.966795 0.67578 0.968752 0.67578 0.972656 0.679686 0.974608 0.679686 0.978516 0.683592 0.980468 0.683592 0.986329 0.689451 0.988281 0.689451 0.992189 0.693361 0.994141 0.693361 0.998045 0.697267 1 0.697267 1 0.701173 1 0.701173 1 0.70508 1 0.70508 1 0.708986 1 0.708986 1 0.714845 1 0.714845 1 0.718751 1 0.718751 1 0.722657 1 0.722657 1 0.726563 1 0.726563 1 0.730469 1 0.730469 1 0.734375 1 0.734375 1 0.738282 1 0.738282 1 0.734375 1 0.734375 1 0.730469 1 0.730469 1 0.728516 1 0.726563 1 0.722657 1 0.720704 1 0.712892 1 0.710939 1 0.703127 1 0.693361 1 0.693361 1 0.689451 1 0.689451 1 0.685545 1 0.685545 1 0.681639 1 0.681639 1 0.67578 1 0.67578 1 0.671874 1 0.671874 1 0.667968 1 0.667968 1 0.664062 1 0.664062 1 0.658202 1 0.658202 1 0.654296 1 0.654296 1 0.65039 1 0.65039 1 0.646484 1 0.646484 1 0.640625 1 0.640625 0.994141 0.634766 0.992189 0.634766 0.986329 0.628906 0.984377 0.628906 0.978516 0.623047 0.976564 0.623047
0 0.041016 0.044924 0.031251 0.054689 0.031251 0.056642 0.029299 0.058595 0.029299 0.064454 0.027343 0.066407 0.027343 0.070313 0.029299 0.072266 0.029299 0.074219 0.031251 0.076172 0.031251 0.078125 0.033203 0.080078 0.033203 0.082032 0.035155 0.083985 0.037107 0.083985 0.04492 0.091797 0.046876 0.091797 0.052732 0.097656 0.054689 0.097656 0.060545 0.103515 0.062501 0.103515 0.070314 0.111327 0.072266 0.111327 0.07617 0.115234 0.078126 0.113281 0.087891 0.113281 0.091795 0.109374 0.091795 0.107421 0.095703 0.103515 0.095703 0.101562 0.097656 0.099609 0.097656 0.095703 0.095703 0.09375 0.095703 0.089844 0.093751 0.087891 0.093751 0.085938 0.085939 0.078125 0.083982 0.078125 0.066405 0.060548 0.064453 0.060548 0.054689 0.050783 0.048828 0.050783 0.046876 0.04883 0.04492 0.04883
1 0.95117 0.671874 0.949218 0.673827 0.949218 0.67578 0.943358 0.681639 0.943358 0.683592 0.939453 0.687498 0.939453 0.689451 0.933593 0.695314 0.933593 0.697267 0.929689 0.701173 0.929689 0.703127 0.923828 0.708986 0.923828 0.710939 0.921876 0.712892 0.923828 0.714845 0.925781 0.714845 0.929689 0.718751 0.931641 0.718751 0.935545 0.722657 0.937502 0.722657 0.941406 0.726563 0.943358 0.726563 0.949218 0.732422 0.95117 0.732422 0.955079 0.736328 0.957031 0.736328 0.960939 0.740235 0.962891 0.740235 0.968752 0.746094 0.970704 0.746094 0.974608 0.75 0.976564 0.75 0.980468 0.753906 0.98242 0.753906 0.986329 0.757812 0.988281 0.757812 0.994141 0.763671 0.996093 0.763671 1 0.767577 1 0.767577 1 0.771483 1 0.771483 1 0.777343 1 0.777343 1 0.781249 1 0.781249 1 0.785155 1 0.785155 1 0.789061 1 0.789061 1 0.792967 1 0.792967 1 0.79492 1 0.792967 1 0.792967 1 0.787108 1 0.785155 1 0.777343 1 0.753906 1 0.751953 1 0.751953 1 0.748047 1 0.748047 1 0.744141 1 0.744141 1 0.740235 1 0.740235 1 0.734375 1 0.734375 1 0.730469 1 0.730469 1 0.726563 1 0.726563 1 0.722657 1 0.722657 1 0.718751 1 0.718751 1 0.712892 1 0.712892 1 0.708986 1 0.708986 0.998045 0.70508 0.996093 0.70508 0.992189 0.701173 0.990233 0.701173 0.984377 0.695314 0.98242 0.695314 0.978516 0.691404 0.976564 0.691404 0.972656 0.687498 0.970704 0.687498 0.966795 0.683592 0.964843 0.683592 0.958983 0.677733 0.957031 0.677733
0 0.205079 0.13867 0.203127 0.140623 0.193358 0.140623 0.175781 0.158205 0.175781 0.160158 0.158204 0.177735 0.158204 0.1875 0.156252 0.189454 0.156252 0.191407 0.154295 0.19336 0.154295 0.197266 0.156252 0.199219 0.156252 0.203125 0.158204 0.205078 0.160156 0.205078 0.164064 0.208984 0.173829 0.208984 0.175781 0.207031 0.177733 0.207031 0.179689 0.205078 0.181641 0.205078 0.183594 0.203125 0.185545 0.203125 0.203127 0.185547 0.203127 0.183594 0.220704 0.166017 0.220704 0.164064 0.222656 0.162111 0.222656 0.152345 0.220704 0.150393 0.220704 0.148439 0.218752 0.146486 0.218752 0.144529 0.216796 0.144529 0.214844 0.142576 0.21094 0.142576 0.208983 0.140623 0.207031 0.140623