0 0.800778 0.45117 0.798825 0.453126 0.798825 0.455082 0.796872 0.457026 0.796872 0.458983 0.806643 0.46875 0.806643 0.470707 0.814454 0.478519 0.818359 0.478519 0.822264 0.474607 0.822264 0.46875 0.80469 0.45117
0 0.289066 0.597661 0.287113 0.599606 0.287113 0.603518 0.285153 0.605474 0.285153 0.613286 0.2832 0.615231 0.2832 0.621099 0.281248 0.623044 0.281248 0.628911 0.2832 0.630856 0.289066 0.630856 0.291018 0.632812 0.294924 0.632812 0.296876 0.634767 0.296876 0.632812 0.298829 0.630856 0.298829 0.628911 0.300781 0.626955 0.300781 0.621099 0.302734 0.619142 0.302734 0.615231 0.304687 0.613286 0.304687 0.607418 0.306639 0.605474 0.306639 0.601562 0.304687 0.599606 0.294924 0.599606 0.292971 0.597661
0 0.267579 0.490232 0.267579 0.492188 0.265626 0.494144 0.265626 0.496089 0.263674 0.498044 0.263674 0.5 0.261721 0.501956 0.261721 0.503901 0.259769 0.505857 0.259769 0.507812 0.257816 0.509769 0.257816 0.511714 0.255856 0.513669 0.257816 0.515625 0.257816 0.519526 0.261721 0.519526 0.263674 0.521482 0.265626 0.521482 0.267579 0.523438 0.271484 0.519526 0.271484 0.517581 0.273437 0.515625 0.273437 0.513669 0.27539 0.511714 0.27539 0.509769 0.277342 0.507812 0.277342 0.505857 0.279295 0.503901 0.279295 0.501956 0.281248 0.5 0.281248 0.498044 0.2832 0.496089 0.281248 0.494144 0.281248 0.492188 0.27539 0.492188 0.273437 0.490232
0 0.66211 0.537107 0.658205 0.541018 0.656252 0.541018 0.6543 0.542974 0.652347 0.542974 0.652347 0.544919 0.6543 0.546875 0.6543 0.548831 0.658205 0.552732 0.658205 0.554688 0.664063 0.560544 0.664063 0.5625 0.669921 0.568356 0.669921 0.570312 0.673826 0.574224 0.675779 0.574224 0.679684 0.570312 0.681644 0.570312 0.683597 0.568356 0.683597 0.5625 0.679684 0.558599 0.679684 0.556643 0.673826 0.550787 0.673826 0.548831 0.667968 0.542974 0.667968 0.541018 0.664063 0.537107
0 0.785156 0.466795 0.781251 0.470707 0.781251 0.476563 0.785156 0.480464 0.787109 0.480464 0.79492 0.488276 0.798825 0.488276 0.802738 0.484375 0.802738 0.480464 0.798825 0.476563 0.796872 0.476563 0.787109 0.466795
0 0.228519 0.085943 0.228519 0.087888 0.226566 0.089844 0.226566 0.097656 0.228519 0.097656 0.230471 0.099612 0.234377 0.099612 0.236329 0.101568 0.238282 0.101568 0.240235 0.103512 0.24414 0.103512 0.246093 0.105469 0.248045 0.105469 0.249998 0.107424 0.25195 0.107424 0.253903 0.10938 0.257816 0.10938 0.257816 0.105469 0.259769 0.103512 0.259769 0.099612 0.257816 0.097656 0.255856 0.097656 0.253903 0.0957 0.25195 0.0957 0.249998 0.093755 0.248045 0.093755 0.246093 0.091799 0.24414 0.091799 0.242187 0.089844 0.240235 0.089844 0.238282 0.087888 0.236329 0.087888 0.234377 0.085943
0 0.183593 0.560544 0.18164 0.5625 0.18164 0.564456 0.179688 0.566411 0.179688 0.568356 0.177735 0.570312 0.177735 0.572268 0.175783 0.574224 0.175783 0.578125 0.17383 0.58008 0.17383 0.582036 0.171877 0.583981 0.171877 0.585937 0.169924 0.587893 0.169924 0.595705 0.17383 0.595705 0.175783 0.597661 0.179688 0.597661 0.183593 0.601562 0.185546 0.599606 0.185546 0.597661 0.187498 0.595705 0.187498 0.591794 0.189451 0.589849 0.189451 0.587893 0.191404 0.585937 0.191404 0.582036 0.193356 0.58008 0.193356 0.576169 0.195309 0.574224 0.195309 0.572268 0.197269 0.570312 0.197269 0.566411 0.195309 0.564456 0.191404 0.564456 0.189451 0.5625 0.187498 0.5625 0.185546 0.560544
0 0.769528 0.492188 0.765623 0.496089 0.76367 0.496089 0.761717 0.498044 0.761717 0.501956 0.76367 0.503901 0.76367 0.505857 0.769528 0.511714 0.769528 0.513669 0.775393 0.519526 0.775393 0.521482 0.779299 0.525393 0.781251 0.525393 0.785156 0.521482 0.787109 0.521482 0.789062 0.519526 0.789062 0.515625 0.787109 0.513669 0.787109 0.511714 0.781251 0.505857 0.781251 0.503901 0.775393 0.498044 0.775393 0.496089 0.773441 0.494144 0.771488 0.494144
0 0.70117 0.378903 0.699218 0.380858 0.671873 0.380858 0.667968 0.38477 0.667968 0.390627 0.669921 0.392582 0.669921 0.394527 0.671873 0.396483 0.673826 0.394527 0.703123 0.394527 0.705076 0.392582 0.705076 0.380858 0.703123 0.378903
0 0.808596 0.201173 0.806643 0.203129 0.80469 0.203129 0.800778 0.20703 0.798825 0.20703 0.796872 0.208986 0.79492 0.208986 0.792967 0.210941 0.791014 0.210941 0.787109 0.214842 0.785156 0.214842 0.783204 0.216798 0.783204 0.220699 0.787109 0.22461 0.787109 0.226566 0.789062 0.228511 0.792967 0.228511 0.79492 0.226566 0.796872 0.226566 0.798825 0.22461 0.800778 0.22461 0.802738 0.222654 0.80469 0.222654 0.806643 0.220699 0.810548 0.220699 0.812501 0.218754 0.814454 0.218754 0.816406 0.216798 0.818359 0.216798 0.818359 0.214842 0.820312 0.212886 0.820312 0.210941 0.816406 0.20703 0.816406 0.205074 0.812501 0.201173
0 0.69336 0.574224 0.687502 0.58008 0.685549 0.58008 0.683597 0.582036 0.683597 0.587893 0.687502 0.591794 0.687502 0.59375 0.697265 0.603518 0.697265 0.605474 0.70117 0.609374 0.707028 0.609374 0.708981 0.607418 0.710941 0.607418 0.712894 0.605474 0.714846 0.605474 0.714846 0.597661 0.705076 0.587893 0.705076 0.585937
1 0.970702 0.189449 0.96875 0.191405 0.966797 0.191405 0.962892 0.195316 0.960939 0.195316 0.957034 0.199217 0.955081 0.199217 0.951169 0.203129 0.949216 0.203129 0.945311 0.20703 0.943358 0.20703 0.939453 0.210941 0.9375 0.210941 0.935547 0.212886 0.935547 0.216798 0.9375 0.218754 0.9375 0.220699 0.939453 0.222654 0.939453 0.22461 0.945311 0.22461 0.949216 0.220699 0.951169 0.220699 0.955081 0.216798 0.957034 0.216798 0.962892 0.210941 0.964845 0.210941 0.96875 0.20703 0.970702 0.20703 0.974608 0.203129 0.97656 0.203129 0.980466 0.199217
0 0.816406 0.439457 0.810548 0.445313 0.810548 0.447269 0.808596 0.449214 0.822264 0.462894 0.822264 0.464839 0.830075 0.472651 0.833987 0.472651 0.839846 0.466795 0.839846 0.462894 0.828122 0.45117 0.828122 0.449214 0.818359 0.439457
0 0.886716 0.312503 0.882811 0.316404 0.880858 0.316404 0.875 0.322271 0.873048 0.322271 0.869143 0.326171 0.86719 0.326171 0.865237 0.328128 0.865237 0.330083 0.863285 0.332028 0.863285 0.33594 0.86719 0.339841 0.869143 0.339841 0.871095 0.341796 0.875 0.337895 0.876953 0.337895 0.878906 0.33594 0.880858 0.33594 0.882811 0.333984 0.884764 0.333984 0.886716 0.332028 0.888669 0.332028 0.890622 0.330083 0.892582 0.330083 0.894534 0.328128 0.896487 0.328128 0.896487 0.326171 0.89844 0.324216 0.89844 0.320315 0.894534 0.316404 0.894534 0.314458 0.892582 0.312503
0 0.310545 0.501956 0.310545 0.503901 0.308592 0.505857 0.308592 0.509769 0.306639 0.511714 0.306639 0.517581 0.304687 0.519526 0.304687 0.525393 0.302734 0.527339 0.302734 0.535151 0.312497 0.535151 0.31445 0.537107 0.316403 0.537107 0.318363 0.535151 0.318363 0.527339 0.320315 0.525393 0.320315 0.513669 0.322268 0.511714 0.322268 0.503901 0.320315 0.501956
0 0.753907 0.503901 0.750001 0.507812 0.748049 0.507812 0.746096 0.509769 0.746096 0.513669 0.757812 0.525393 0.757812 0.527339 0.765623 0.535151 0.769528 0.53125 0.771488 0.53125 0.773441 0.529294 0.773441 0.525393 0.769528 0.521482 0.769528 0.519526 0.761717 0.511714 0.761717 0.509769 0.755859 0.503901
0 0.113283 0.134762 0.11133 0.136718 0.11133 0.138674 0.109378 0.14063 0.109378 0.148442 0.113283 0.148442 0.115236 0.150387 0.119141 0.150387 0.121094 0.152343 0.126951 0.152343 0.128904 0.154298 0.132809 0.154298 0.134762 0.156255 0.138675 0.156255 0.140628 0.1582 0.144533 0.1582 0.144533 0.154298 0.146485 0.152343 0.146485 0.148442 0.144533 0.146486 0.14258 0.146486 0.140628 0.14453 0.136722 0.14453 0.134762 0.142574 0.132809 0.142574 0.130857 0.14063 0.128904 0.14063 0.126951 0.138674 0.123046 0.138674 0.121094 0.136718 0.119141 0.136718 0.117188 0.134762
0 0.220701 0.576169 0.220701 0.578125 0.218748 0.58008 0.218748 0.582036 0.216795 0.583981 0.216795 0.585937 0.214843 0.587893 0.214843 0.589849 0.21289 0.591794 0.21289 0.59375 0.210938 0.595705 0.210938 0.597661 0.208985 0.599606 0.208985 0.603518 0.210938 0.605474 0.210938 0.607418 0.214843 0.607418 0.216795 0.609374 0.218748 0.609374 0.220701 0.61133 0.222653 0.61133 0.224606 0.609374 0.226566 0.609374 0.226566 0.607418 0.228519 0.605474 0.228519 0.601562 0.230471 0.599606 0.230471 0.595705 0.232424 0.59375 0.232424 0.589849 0.234377 0.587893 0.234377 0.58008 0.230471 0.58008 0.228519 0.578125 0.224606 0.578125 0.222653 0.576169
0 0.287113 0.494144 0.287113 0.5 0.285153 0.501956 0.285153 0.503901 0.2832 0.505857 0.2832 0.509769 0.281248 0.511714 0.281248 0.513669 0.279295 0.515625 0.279295 0.517581 0.277342 0.519526 0.277342 0.527339 0.281248 0.527339 0.2832 0.529294 0.285153 0.529294 0.287113 0.53125 0.291018 0.53125 0.292971 0.529294 0.292971 0.527339 0.294924 0.525393 0.294924 0.523438 0.296876 0.521482 0.296876 0.517581 0.298829 0.515625 0.298829 0.511714 0.300781 0.509769 0.300781 0.507812 0.302734 0.505857 0.302734 0.498044 0.298829 0.498044 0.296876 0.496089 0.292971 0.496089 0.291018 0.494144
0 0.203127 0.566411 0.201174 0.568356 0.201174 0.570312 0.199222 0.572268 0.199222 0.574224 0.197269 0.576169 0.197269 0.578125 0.195309 0.58008 0.195309 0.583981 0.193356 0.585937 0.193356 0.587893 0.191404 0.589849 0.191404 0.591794 0.189451 0.59375 0.189451 0.597661 0.191404 0.599606 0.191404 0.601562 0.195309 0.601562 0.197269 0.603518 0.199222 0.603518 0.201174 0.605474 0.203127 0.605474 0.20508 0.603518 0.20508 0.601562 0.207032 0.599606 0.207032 0.595705 0.208985 0.59375 0.208985 0.589849 0.210938 0.587893 0.210938 0.585937 0.21289 0.583981 0.21289 0.58008 0.214843 0.578125 0.214843 0.572268 0.21289 0.572268 0.208985 0.568356 0.207032 0.568356 0.20508 0.566411
0 0.238282 0.470707 0.236329 0.472651 0.236329 0.474607 0.234377 0.476563 0.234377 0.480464 0.232424 0.48242 0.232424 0.486331 0.230471 0.488276 0.230471 0.492188 0.228519 0.494144 0.228519 0.498044 0.226566 0.5 0.226566 0.501956 0.224606 0.503901 0.226566 0.505857 0.228519 0.505857 0.230471 0.507812 0.232424 0.507812 0.236329 0.511714 0.238282 0.511714 0.240235 0.513669 0.242187 0.511714 0.242187 0.509769 0.24414 0.507812 0.24414 0.505857 0.246093 0.503901 0.246093 0.501956 0.248045 0.5 0.248045 0.496089 0.249998 0.494144 0.249998 0.490232 0.25195 0.488276 0.25195 0.486331 0.253903 0.484375 0.253903 0.478519 0.25195 0.476563 0.249998 0.476563 0.246093 0.472651 0.24414 0.472651 0.242187 0.470707
0 0.798825 0.343752 0.796872 0.345708 0.79492 0.345708 0.792967 0.347653 0.789062 0.347653 0.787109 0.349609 0.785156 0.349609 0.783204 0.351565 0.781251 0.351565 0.779299 0.35352 0.775393 0.35352 0.773441 0.355465 0.771488 0.355465 0.767575 0.359377 0.767575 0.365233 0.769528 0.367189 0.769528 0.369145 0.771488 0.37109 0.771488 0.373046 0.777346 0.373046 0.779299 0.37109 0.781251 0.37109 0.783204 0.369145 0.787109 0.369145 0.789062 0.367189 0.791014 0.367189 0.792967 0.365233 0.79492 0.365233 0.796872 0.363278 0.800778 0.363278 0.802738 0.361333 0.80469 0.361333 0.806643 0.359377 0.806643 0.357421 0.808596 0.355465 0.808596 0.35352 0.806643 0.351565 0.806643 0.349609 0.80469 0.347653 0.80469 0.345708 0.802738 0.343752
0 0.714846 0.544919 0.712894 0.546875 0.710941 0.546875 0.707028 0.550787 0.705076 0.550787 0.705076 0.556643 0.708981 0.560544 0.708981 0.5625 0.718752 0.572268 0.718752 0.574224 0.722657 0.578125 0.72461 0.578125 0.728515 0.582036 0.73242 0.578125 0.734373 0.578125 0.738278 0.574224 0.740231 0.574224 0.740231 0.570312 0.73242 0.5625 0.73242 0.560544 0.722657 0.550787 0.722657 0.548831 0.718752 0.544919
0 0.984378 0 0.982418 0 0.980466 0 0.970702 0 0.96875 0 0.960939 0.003907 0.960939 0.005863 0.958987 0.007808 0.960939 0.007808 0.962892 0.009764 0.962892 0.011719 0.964845 0.013675 0.966797 0.013675 0.96875 0.01562 0.972655 0.01562 0.990236 0 0.990236 0 0.992189 0 0.992189 0
0 0.66211 0.382814 0.660157 0.38477 0.648434 0.38477 0.646481 0.386715 0.632813 0.386715 0.63086 0.38867 0.63086 0.392582 0.632813 0.394527 0.632813 0.400394 0.634766 0.400394 0.636718 0.398439 0.666015 0.398439 0.666015 0.396483 0.667968 0.394527 0.667968 0.392582 0.666015 0.390627 0.666015 0.386715
0 0.777346 0.474607 0.773441 0.478519 0.771488 0.478519 0.769528 0.480464 0.769528 0.48242 0.779299 0.492188 0.779299 0.494144 0.783204 0.498044 0.787109 0.498044 0.791014 0.494144 0.792967 0.494144 0.792967 0.490232 0.779299 0.476563 0.779299 0.474607
0 0.806643 0.121093 0.80469 0.123049 0.802738 0.123049 0.800778 0.125005 0.798825 0.125005 0.79492 0.128906 0.792967 0.128906 0.791014 0.130861 0.789062 0.130861 0.787109 0.132817 0.785156 0.132817 0.783204 0.134762 0.781251 0.134762 0.779299 0.136718 0.779299 0.14063 0.781251 0.142574 0.781251 0.14453 0.783204 0.146486 0.783204 0.148442 0.785156 0.148442 0.787109 0.150387 0.789062 0.150387 0.791014 0.148442 0.792967 0.148442 0.79492 0.146486 0.796872 0.146486 0.798825 0.14453 0.800778 0.14453 0.80469 0.14063 0.806643 0.14063 0.808596 0.138674 0.810548 0.138674 0.812501 0.136718 0.814454 0.136718 0.814454 0.134762 0.816406 0.132817 0.816406 0.128906 0.812501 0.125005 0.812501 0.123049 0.810548 0.121093
0 0.240235 0.583981 0.238282 0.585937 0.238282 0.587893 0.236329 0.589849 0.236329 0.591794 0.234377 0.59375 0.234377 0.595705 0.232424 0.597661 0.232424 0.599606 0.230471 0.601562 0.230471 0.605474 0.228519 0.607418 0.228519 0.609374 0.226566 0.61133 0.226566 0.615231 0.230471 0.615231 0.232424 0.617187 0.234377 0.617187 0.236329 0.619142 0.238282 0.617187 0.240235 0.617187 0.240235 0.615231 0.242187 0.613286 0.242187 0.61133 0.24414 0.609374 0.24414 0.605474 0.246093 0.603518 0.246093 0.601562 0.248045 0.599606 0.248045 0.597661 0.249998 0.595705 0.249998 0.589849 0.248045 0.587893 0.246093 0.587893 0.242187 0.583981
0 0.738278 0.515625 0.736325 0.517581 0.734373 0.517581 0.73242 0.519526 0.730468 0.519526 0.730468 0.525393 0.73242 0.527339 0.73242 0.529294 0.736325 0.533206 0.736325 0.535151 0.740231 0.539063 0.740231 0.541018 0.744144 0.544919 0.744144 0.546875 0.746096 0.548831 0.750001 0.548831 0.751954 0.546875 0.753907 0.546875 0.755859 0.544919 0.757812 0.544919 0.759765 0.542974 0.759765 0.539063 0.755859 0.535151 0.755859 0.533206 0.750001 0.527339 0.750001 0.525393 0.744144 0.519526 0.744144 0.517581 0.742191 0.515625
0 0.765623 0.222654 0.76367 0.22461 0.759765 0.22461 0.757812 0.226566 0.755859 0.226566 0.753907 0.228511 0.750001 0.228511 0.748049 0.230467 0.746096 0.230467 0.744144 0.232423 0.740231 0.232423 0.738278 0.234378 0.736325 0.234378 0.734373 0.236324 0.736325 0.238279 0.736325 0.240235 0.738278 0.242191 0.738278 0.244136 0.742191 0.248048 0.744144 0.248048 0.746096 0.246091 0.750001 0.246091 0.751954 0.244136 0.755859 0.244136 0.757812 0.242191 0.759765 0.242191 0.761717 0.240235 0.765623 0.240235 0.767575 0.238279 0.771488 0.238279 0.775393 0.234378 0.775393 0.230467 0.773441 0.228511 0.773441 0.226566 0.771488 0.22461 0.771488 0.222654
0 0.746096 0.363278 0.744144 0.365233 0.742191 0.365233 0.740231 0.367189 0.736325 0.367189 0.734373 0.369145 0.73242 0.369145 0.730468 0.37109 0.728515 0.37109 0.726562 0.373046 0.722657 0.373046 0.720704 0.375002 0.718752 0.375002 0.716799 0.376957 0.716799 0.378903 0.718752 0.380858 0.718752 0.382814 0.720704 0.38477 0.720704 0.386715 0.722657 0.38867 0.72461 0.38867 0.726562 0.386715 0.730468 0.386715 0.73242 0.38477 0.736325 0.38477 0.738278 0.382814 0.740231 0.382814 0.742191 0.380858 0.746096 0.380858 0.748049 0.378903 0.751954 0.378903 0.753907 0.376957 0.753907 0.375002 0.755859 0.373046 0.753907 0.37109 0.753907 0.369145 0.751954 0.367189 0.751954 0.365233 0.750001 0.365233 0.748049 0.363278
0 0.839846 0.328128 0.837893 0.330083 0.83594 0.330083 0.833987 0.332028 0.832035 0.332028 0.830075 0.333984 0.828122 0.333984 0.826169 0.33594 0.824217 0.33594 0.822264 0.337895 0.818359 0.337895 0.816406 0.339841 0.814454 0.339841 0.812501 0.341796 0.810548 0.341796 0.808596 0.343752 0.808596 0.345708 0.810548 0.347653 0.810548 0.349609 0.812501 0.351565 0.812501 0.35352 0.814454 0.355465 0.814454 0.357421 0.820312 0.357421 0.822264 0.355465 0.824217 0.355465 0.826169 0.35352 0.828122 0.35352 0.830075 0.351565 0.832035 0.351565 0.833987 0.349609 0.83594 0.349609 0.837893 0.347653 0.839846 0.347653 0.841798 0.345708 0.843751 0.345708 0.845703 0.343752 0.847656 0.343752 0.847656 0.33594 0.845703 0.333984 0.845703 0.332028 0.843751 0.330083 0.843751 0.328128
0 0.330079 0.513669 0.328126 0.515625 0.326173 0.515625 0.326173 0.517581 0.324221 0.519526 0.324221 0.521482 0.322268 0.523438 0.322268 0.527339 0.320315 0.529294 0.320315 0.535151 0.31445 0.541018 0.318363 0.544919 0.320315 0.544919 0.326173 0.550787 0.328126 0.550787 0.330079 0.548831 0.330079 0.546875 0.332031 0.544919 0.332031 0.542974 0.333984 0.541018 0.333984 0.539063 0.335937 0.537107 0.335937 0.535151 0.337889 0.533206 0.337889 0.53125 0.339842 0.529294 0.339842 0.527339 0.341794 0.525393 0.341794 0.521482 0.337889 0.517581 0.335937 0.517581 0.332031 0.513669
0 0.533206 0.195316 0.531253 0.197262 0.531253 0.201173 0.529301 0.203129 0.529301 0.208986 0.531253 0.210941 0.535159 0.210941 0.537111 0.212886 0.541016 0.212886 0.542969 0.214842 0.544922 0.214842 0.546874 0.216798 0.55078 0.216798 0.552732 0.218754 0.556638 0.218754 0.55859 0.220699 0.56055 0.218754 0.562503 0.218754 0.562503 0.214842 0.564456 0.212886 0.564456 0.205074 0.562503 0.205074 0.56055 0.203129 0.556638 0.203129 0.554685 0.201173 0.548827 0.201173 0.546874 0.199217 0.542969 0.199217 0.541016 0.197262 0.537111 0.197262 0.535159 0.195316
0 0.203127 0.460938 0.201174 0.462894 0.199222 0.462894 0.199222 0.466795 0.197269 0.46875 0.197269 0.472651 0.195309 0.474607 0.195309 0.476563 0.193356 0.478519 0.193356 0.48242 0.191404 0.484375 0.191404 0.492188 0.195309 0.492188 0.197269 0.494144 0.199222 0.494144 0.201174 0.496089 0.203127 0.496089 0.20508 0.494144 0.20508 0.492188 0.207032 0.490232 0.207032 0.486331 0.208985 0.484375 0.208985 0.480464 0.210938 0.478519 0.210938 0.474607 0.21289 0.472651 0.21289 0.46875 0.214843 0.466795 0.21289 0.464839 0.208985 0.464839 0.207032 0.462894 0.20508 0.462894
0 0.738278 0.082031 0.736325 0.083987 0.73242 0.083987 0.730468 0.085943 0.728515 0.085943 0.726562 0.087888 0.722657 0.087888 0.720704 0.089844 0.718752 0.089844 0.716799 0.091799 0.712894 0.091799 0.710941 0.093755 0.710941 0.097656 0.712894 0.099612 0.712894 0.103512 0.714846 0.105469 0.718752 0.105469 0.720704 0.103512 0.722657 0.103512 0.72461 0.101568 0.728515 0.101568 0.730468 0.099612 0.73242 0.099612 0.734373 0.097656 0.738278 0.097656 0.740231 0.0957 0.742191 0.0957 0.746096 0.091799 0.746096 0.089844 0.744144 0.087888 0.744144 0.085943 0.742191 0.083987 0.742191 0.082031
0 0.054689 0.740229 0.052736 0.742186 0.052736 0.744141 0.050784 0.746097 0.050784 0.748042 0.048831 0.749998 0.048831 0.751954 0.050784 0.753909 0.052736 0.753909 0.054689 0.755854 0.056641 0.755854 0.058594 0.75781 0.062499 0.75781 0.064452 0.759766 0.066404 0.759766 0.068357 0.761722 0.07031 0.761722 0.072263 0.763667 0.074215 0.763667 0.076175 0.765623 0.078128 0.765623 0.085938 0.75781 0.083986 0.755854 0.083986 0.753909 0.082033 0.753909 0.080081 0.751954 0.078128 0.751954 0.076175 0.749998 0.074215 0.749998 0.07031 0.746097 0.068357 0.746097 0.066404 0.744141 0.064452 0.744141 0.062499 0.742186 0.060547 0.742186 0.058594 0.740229