0 0.554686 0.664063 0.550783 0.667973 0.548825 0.667973 0.544922 0.671873 0.546873 0.673832 0.546873 0.675783 0.548825 0.677733 0.548825 0.679692 0.574221 0.679692 0.576172 0.681642 0.578124 0.681642 0.578124 0.677733 0.576172 0.675783 0.576172 0.673832 0.574221 0.671873 0.574221 0.669923 0.570311 0.669923 0.56836 0.667973 0.562498 0.667973 0.560547 0.666013 0.556637 0.666013
3 0 0.499998 0 0.554686 0 0.556637 0 0.666013 0 0.667973 0 0.722652 0 0.722652 0 0.724611 0 0.724611 0 0.726561 0 0.726561 0 0.728512 0 0.728512 0 0.730471 0 0.730471 0 0.732421 0 0.732421 0 0.734371 0.021485 0.734371 0.023436 0.736331 0.062499 0.736331 0.064451 0.734371 0.066409 0.736331 0.099611 0.736331 0.101562 0.738281 0.101562 0.708982 0.103514 0.707032 0.103514 0.650393 0.105472 0.648434 0.105472 0.591795 0.107423 0.589845 0.107423 0.533206 0.109375 0.531247 0.109375 0.503907 0 0.503907 0 0.501956 0 0.501956
0 0.191404 0.77344 0.189452 0.77539 0.185549 0.77539 0.185549 0.78125 0.183591 0.7832 0.183591 0.792969 0.18164 0.79492 0.18164 0.800779 0.183591 0.802738 0.183591 0.804689 0.185549 0.804689 0.187501 0.806639 0.189452 0.804689 0.193362 0.804689 0.193362 0.798829 0.195313 0.796879 0.195313 0.787109 0.197265 0.785159 0.197265 0.779299 0.195313 0.77734 0.195313 0.77539 0.193362 0.77539
0 0.685548 0.714842 0.681639 0.718751 0.679687 0.718751 0.677736 0.720702 0.677736 0.734371 0.679687 0.736331 0.679687 0.75 0.683597 0.75391 0.693361 0.75391 0.695313 0.751951 0.695313 0.738281 0.697264 0.736331 0.697264 0.722652 0.695313 0.720702 0.695313 0.716801 0.6875 0.716801
0 0.234376 0 0.228515 0 0.228515 0.00977 0.226564 0.01172 0.226564 0.0332 0.232425 0.0332 0.234376 0.035159 0.236328 0.0332 0.238279 0.0332 0.240237 0.03125 0.242189 0.03125 0.242189 0 0.240237 0 0.240237 0
0 0.714841 0.638673 0.714841 0.640624 0.712889 0.642574 0.712889 0.658203 0.736327 0.658203 0.738279 0.660154 0.74414 0.660154 0.746091 0.658203 0.750001 0.658203 0.750001 0.648434 0.746091 0.644533 0.738279 0.644533 0.736327 0.642574 0.726563 0.642574 0.724611 0.640624 0.716799 0.640624
0 0.724611 0.689452 0.722653 0.691403 0.720702 0.691403 0.71875 0.693362 0.71875 0.695312 0.716799 0.697263 0.716799 0.699222 0.71875 0.701172 0.71875 0.703122 0.732424 0.703122 0.734375 0.705081 0.746091 0.705081 0.748049 0.707032 0.750001 0.705081 0.751952 0.705081 0.751952 0.701172 0.753904 0.699222 0.753904 0.695312 0.751952 0.693362 0.751952 0.689452
0 0.140625 0.619143 0.138674 0.621094 0.134764 0.621094 0.134764 0.625003 0.132813 0.626954 0.132813 0.628904 0.134764 0.630863 0.134764 0.632813 0.136716 0.634764 0.146486 0.634764 0.148438 0.636723 0.158202 0.636723 0.160153 0.638673 0.162111 0.636723 0.164063 0.636723 0.164063 0.630863 0.162111 0.628904 0.162111 0.626954 0.160153 0.625003 0.160153 0.623044 0.152341 0.623044 0.150389 0.621094 0.142577 0.621094
0 0.947267 0.722652 0.947267 0.724611 0.945316 0.726561 0.945316 0.730471 0.947267 0.732421 0.947267 0.736331 0.953128 0.736331 0.95508 0.738281 0.962892 0.738281 0.964844 0.740231 0.970705 0.740231 0.972656 0.74219 0.974608 0.740231 0.980469 0.740231 0.980469 0.738281 0.98242 0.736331 0.98242 0.734371 0.984372 0.732421 0.984372 0.730471 0.98242 0.728512 0.98242 0.726561 0.980469 0.724611 0.953128 0.724611 0.95117 0.722652
0 0.187501 0.814449 0.185549 0.816408 0.179688 0.816408 0.179688 0.822268 0.177737 0.824218 0.177737 0.837888 0.175779 0.839847 0.175779 0.845707 0.177737 0.847657 0.177737 0.849608 0.18164 0.849608 0.183591 0.847657 0.187501 0.847657 0.187501 0.841798 0.189452 0.839847 0.189452 0.830078 0.191404 0.828128 0.191404 0.820309 0.189452 0.818359 0.189452 0.816408
9 0.064451 0.736331 0.062499 0.738281 0.048826 0.738281 0.046874 0.740231 0.0332 0.740231 0.035159 0.74219 0.03711 0.74219 0.044923 0.75 0.046874 0.75 0.054687 0.757811 0.056638 0.757811 0.062499 0.76367 0.076173 0.75 0.070312 0.744141 0.070312 0.74219
0 0.904294 0.736331 0.902343 0.738281 0.900391 0.738281 0.900391 0.740231 0.89844 0.74219 0.89844 0.746091 0.900391 0.74805 0.900391 0.75 0.910156 0.75 0.912107 0.751951 0.921878 0.751951 0.923829 0.75391 0.925781 0.751951 0.931642 0.751951 0.931642 0.74219 0.92969 0.740231 0.92969 0.738281 0.927732 0.736331