0 0.86328 0.27539 0.86328 0.277342 0.861327 0.279298 0.861327 0.28125 0.859374 0.283202 0.859374 0.28711 0.857421 0.289062 0.859374 0.291015 0.861327 0.291015 0.86328 0.29297 0.865233 0.29297 0.867186 0.294923 0.871095 0.294923 0.873048 0.296875 0.875001 0.296875 0.876954 0.298827 0.88086 0.298827 0.882813 0.300783 0.884766 0.300783 0.886719 0.298827 0.886719 0.296875 0.890625 0.29297 0.890625 0.289062 0.888672 0.289062 0.884766 0.285155 0.882813 0.285155 0.878907 0.28125 0.875001 0.28125 0.873048 0.279298 0.871095 0.279298 0.869142 0.277342 0.865233 0.277342
0 0.980469 0.357423 0.978516 0.359375 0.976563 0.359375 0.97461 0.361327 0.97461 0.376953 0.976563 0.378905 0.976563 0.398438 0.980469 0.398438 0.982422 0.40039 0.992187 0.40039 0.99414 0.398438 0.99414 0.361327 0.992187 0.361327 0.990234 0.359375 0.982422 0.359375
0 0.679686 0.10547 0.679686 0.109375 0.677733 0.111327 0.677733 0.11328 0.681642 0.117188 0.683595 0.117188 0.687501 0.121095 0.689454 0.121095 0.69336 0.125 0.695313 0.125 0.697266 0.126952 0.701172 0.126952 0.703125 0.128905 0.705078 0.128905 0.707031 0.13086 0.708984 0.13086 0.710937 0.132812 0.71289 0.13086 0.71289 0.128905 0.714843 0.126952 0.714843 0.11914 0.71289 0.11914 0.710937 0.117188 0.708984 0.117188 0.707031 0.115235 0.705078 0.115235 0.703125 0.11328 0.699219 0.11328 0.697266 0.111327 0.695313 0.111327 0.69336 0.109375 0.691407 0.109375 0.689454 0.107423 0.687501 0.107423 0.685548 0.10547
0 0.999999 0.361327 0.996093 0.365235 0.996093 0.39453 0.999999 0.398438 1 0.398438 1 0.396485 1 0.39453 1 0.367188 1 0.365235 1 0.363283 1 0.363283 1 0.361327
0 0.820314 0.0625 0.818358 0.064452 0.816405 0.064452 0.814452 0.066405 0.810546 0.066405 0.808593 0.06836 0.80664 0.06836 0.804687 0.070312 0.802734 0.070312 0.800781 0.072265 0.796875 0.072265 0.794922 0.074217 0.792969 0.074217 0.792969 0.076173 0.794922 0.078125 0.794922 0.083985 0.796875 0.085938 0.796875 0.08789 0.798828 0.085938 0.804687 0.085938 0.80664 0.083985 0.812499 0.083985 0.814452 0.082033 0.820314 0.082033 0.822267 0.080077 0.828126 0.080077 0.828126 0.076173 0.826173 0.074217 0.826173 0.072265 0.82422 0.070312 0.82422 0.06836 0.822267 0.066405 0.822267 0.064452
12 0.708984 0.984375 0.708984 1 0.710937 1 0.710937 1 0.71289 1 0.71289 1 0.714843 1 0.714843 1 0.716796 1 0.716796 1 0.718749 1 0.718749 1 0.720702 1 0.720702 1 0.722655 1 0.722655 1 0.724608 1 0.724608 1 0.726564 1 0.960936 1 0.962892 1 1 1 1 1 1 1 1 1 0.88086 1 0.878907 1 0.73047 1 0.728517 1 0.726564 1 0.726564 1 0.724608 1 0.724608 1 0.722655 1 0.722655 1 0.720702 1 0.720702 1 0.718749 1 0.718749 0.988283 0.720702 0.986328 0.736329 0.986328 0.738282 0.984375 0.753906 0.984375
12 1 0.98047 1 0.982423 0.945312 0.982423 1 0.982423
0 0.691407 0.085938 0.685548 0.091798 0.685548 0.09961 0.687501 0.09961 0.689454 0.101562 0.691407 0.101562 0.69336 0.103515 0.695313 0.103515 0.697266 0.10547 0.699219 0.10547 0.701172 0.107423 0.703125 0.107423 0.705078 0.109375 0.707031 0.109375 0.708984 0.111327 0.710937 0.111327 0.71289 0.11328 0.714843 0.11328 0.716796 0.115235 0.722655 0.109375 0.722655 0.107423 0.724608 0.10547 0.724608 0.103515 0.722655 0.103515 0.720702 0.101562 0.718749 0.101562 0.716796 0.09961 0.714843 0.09961 0.71289 0.097655 0.710937 0.097655 0.707031 0.09375 0.705078 0.09375 0.703125 0.091798 0.701172 0.091798 0.699219 0.089842 0.697266 0.089842 0.695313 0.08789 0.69336 0.08789
0 0.818358 0.29297 0.814452 0.296875 0.812499 0.296875 0.804687 0.304688 0.802734 0.304688 0.796875 0.310548 0.794922 0.310548 0.792969 0.3125 0.794922 0.314452 0.794922 0.316405 0.798828 0.320312 0.804687 0.320312 0.80664 0.31836 0.808593 0.31836 0.812499 0.314452 0.814452 0.314452 0.818358 0.310548 0.820314 0.310548 0.822267 0.308595 0.82422 0.308595 0.828126 0.304688 0.830079 0.304688 0.830079 0.302735 0.828126 0.300783 0.828126 0.296875 0.826173 0.294923 0.82422 0.294923 0.822267 0.29297
0 0.818358 0.210938 0.816405 0.21289 0.814452 0.21289 0.812499 0.214845 0.810546 0.214845 0.808593 0.216798 0.80664 0.216798 0.802734 0.220702 0.800781 0.220702 0.798828 0.222658 0.796875 0.222658 0.794922 0.22461 0.792969 0.22461 0.791016 0.226562 0.789063 0.226562 0.78711 0.228515 0.78711 0.23047 0.785157 0.232423 0.789063 0.236327 0.791016 0.236327 0.792969 0.23828 0.794922 0.236327 0.796875 0.236327 0.798828 0.234375 0.802734 0.234375 0.804687 0.232423 0.80664 0.232423 0.808593 0.23047 0.810546 0.23047 0.812499 0.228515 0.814452 0.228515 0.816405 0.226562 0.820314 0.226562 0.822267 0.22461 0.82422 0.22461 0.82422 0.220702 0.826173 0.21875 0.826173 0.216798 0.82422 0.216798
0 0.849609 0.25 0.845703 0.253905 0.84375 0.253905 0.84375 0.25586 0.841797 0.257812 0.841797 0.263673 0.84375 0.263673 0.845703 0.265625 0.847656 0.265625 0.849609 0.267577 0.851562 0.267577 0.853515 0.269533 0.855468 0.269533 0.859374 0.273438 0.86328 0.273438 0.865233 0.27539 0.869142 0.27539 0.871095 0.277342 0.875001 0.277342 0.875001 0.27539 0.876954 0.273438 0.876954 0.265625 0.875001 0.265625 0.873048 0.263673 0.871095 0.263673 0.867186 0.259765 0.865233 0.259765 0.86328 0.257812 0.861327 0.257812 0.859374 0.25586 0.857421 0.25586 0.853515 0.251952 0.851562 0.251952
0 0.322266 0.503908 0.320313 0.50586 0.31836 0.50586 0.31836 0.509765 0.316407 0.511717 0.316407 0.535155 0.31836 0.53711 0.320313 0.53711 0.322266 0.539062 0.324219 0.53711 0.332031 0.53711 0.335937 0.533203 0.335937 0.509765 0.333984 0.507812 0.333984 0.50586 0.332031 0.503908
0 0.84375 0.041015 0.837891 0.046875 0.837891 0.052735 0.839844 0.052735 0.841797 0.054688 0.84375 0.054688 0.847656 0.058595 0.849609 0.058595 0.851562 0.060548 0.853515 0.060548 0.855468 0.0625 0.857421 0.0625 0.861327 0.066405 0.86328 0.066405 0.865233 0.06836 0.867186 0.06836 0.869142 0.070312 0.873048 0.070312 0.873048 0.06836 0.875001 0.066405 0.875001 0.0625 0.876954 0.060548 0.876954 0.058595 0.875001 0.05664 0.875001 0.054688 0.873048 0.054688 0.871095 0.052735 0.867186 0.052735 0.865233 0.050783 0.86328 0.050783 0.861327 0.048827 0.859374 0.048827 0.857421 0.046875 0.855468 0.046875 0.853515 0.044922 0.849609 0.044922 0.847656 0.04297 0.845703 0.04297
0 0.816405 0.044922 0.814452 0.046875 0.812499 0.046875 0.810546 0.048827 0.808593 0.048827 0.80664 0.050783 0.804687 0.050783 0.802734 0.052735 0.798828 0.052735 0.796875 0.054688 0.794922 0.054688 0.792969 0.05664 0.791016 0.05664 0.789063 0.058595 0.78711 0.058595 0.78711 0.060548 0.789063 0.0625 0.789063 0.06836 0.791016 0.070312 0.791016 0.072265 0.792969 0.070312 0.794922 0.070312 0.796875 0.06836 0.798828 0.06836 0.800781 0.066405 0.804687 0.066405 0.80664 0.064452 0.808593 0.064452 0.810546 0.0625 0.812499 0.0625 0.814452 0.060548 0.816405 0.060548 0.818358 0.058595 0.822267 0.058595 0.82422 0.05664 0.826173 0.05664 0.826173 0.052735 0.82422 0.050783 0.82422 0.044922
0 0.855468 0.335938 0.853515 0.33789 0.853515 0.347658 0.855468 0.347658 0.859374 0.351562 0.861327 0.351562 0.86328 0.353515 0.865233 0.353515 0.867186 0.355467 0.869142 0.355467 0.873048 0.359375 0.875001 0.359375 0.876954 0.361327 0.878907 0.361327 0.882813 0.357423 0.884766 0.357423 0.884766 0.355467 0.882813 0.353515 0.882813 0.34961 0.88086 0.347658 0.878907 0.347658 0.875001 0.34375 0.873048 0.34375 0.869142 0.339842 0.867186 0.339842 0.86328 0.335938
0 0.851562 0 0.847656 0.003907 0.845703 0.003907 0.841797 0.007812 0.839844 0.007812 0.837891 0.009765 0.839844 0.011718 0.841797 0.011718 0.847656 0.017578 0.849609 0.017578 0.853515 0.021485 0.855468 0.021485 0.861327 0.027342 0.86328 0.027342 0.867186 0.03125 0.869142 0.029297 0.875001 0.029297 0.88086 0.023438 0.88086 0.021485 0.878907 0.01953 0.878907 0.017578 0.876954 0.017578 0.873048 0.013672 0.871095 0.013672 0.867186 0.009765 0.865233 0.009765 0.861327 0.00586 0.859374 0.00586 0.855468 0.001953 0.853515 0.001953
0 0.86328 0.314452 0.861327 0.316405 0.859374 0.316405 0.857421 0.31836 0.857421 0.320312 0.855468 0.322265 0.855468 0.32422 0.857421 0.326172 0.857421 0.328125 0.859374 0.328125 0.861327 0.330077 0.86328 0.330077 0.867186 0.333985 0.869142 0.333985 0.871095 0.335938 0.873048 0.335938 0.875001 0.33789 0.876954 0.33789 0.88086 0.341798 0.882813 0.341798 0.884766 0.34375 0.888672 0.339842 0.890625 0.339842 0.890625 0.33789 0.892578 0.335938 0.892578 0.330077 0.890625 0.330077 0.886719 0.326172 0.884766 0.326172 0.88086 0.322265 0.878907 0.322265 0.875001 0.31836 0.873048 0.31836 0.869142 0.314452
0 0.820314 0.126952 0.818358 0.128905 0.816405 0.128905 0.812499 0.132812 0.810546 0.132812 0.808593 0.134765 0.80664 0.134765 0.802734 0.138673 0.800781 0.138673 0.798828 0.140625 0.796875 0.140625 0.792969 0.144533 0.791016 0.144533 0.792969 0.146485 0.792969 0.148438 0.794922 0.15039 0.794922 0.152342 0.796875 0.154298 0.796875 0.15625 0.798828 0.154298 0.800781 0.154298 0.802734 0.152342 0.804687 0.152342 0.80664 0.15039 0.808593 0.15039 0.812499 0.146485 0.814452 0.146485 0.816405 0.144533 0.818358 0.144533 0.820314 0.142577 0.822267 0.142577 0.82422 0.140625 0.826173 0.140625 0.830079 0.13672 0.828126 0.134765 0.828126 0.132812 0.826173 0.132812
0 0.816405 0.189452 0.814452 0.191408 0.812499 0.191408 0.810546 0.19336 0.808593 0.19336 0.804687 0.197265 0.802734 0.197265 0.800781 0.199217 0.798828 0.199217 0.796875 0.201173 0.794922 0.201173 0.791016 0.205077 0.789063 0.205077 0.78711 0.20703 0.785157 0.20703 0.785157 0.208985 0.78711 0.210938 0.78711 0.21289 0.789063 0.214845 0.789063 0.21875 0.791016 0.220702 0.791016 0.222658 0.792969 0.220702 0.794922 0.220702 0.796875 0.21875 0.798828 0.21875 0.800781 0.216798 0.802734 0.216798 0.804687 0.214845 0.80664 0.214845 0.808593 0.21289 0.810546 0.21289 0.812499 0.210938 0.814452 0.210938 0.816405 0.208985 0.818358 0.208985 0.820314 0.20703 0.822267 0.20703 0.822267 0.197265 0.818358 0.19336 0.818358 0.191408
0 0.13086 0.216798 0.126954 0.220702 0.126954 0.25586 0.13086 0.259765 0.132813 0.257812 0.144531 0.257812 0.146484 0.25586 0.146484 0.21875 0.144531 0.21875 0.142578 0.216798
13 0.650391 0.54297 0.650391 0.623047 0.652344 0.625 0.652344 0.705078 0.742188 0.705078 0.742188 0.679688 0.740235 0.677735 0.740235 0.626953 0.738282 0.625 0.738282 0.572265 0.736329 0.570312 0.736329 0.544922 0.652344 0.544922
0 0.822267 0.085938 0.820314 0.08789 0.814452 0.08789 0.812499 0.089842 0.80664 0.089842 0.804687 0.091798 0.796875 0.091798 0.794922 0.09375 0.789063 0.09375 0.791016 0.095702 0.791016 0.097655 0.792969 0.09961 0.792969 0.101562 0.794922 0.103515 0.794922 0.10547 0.796875 0.107423 0.796875 0.109375 0.798828 0.107423 0.802734 0.107423 0.804687 0.10547 0.810546 0.10547 0.812499 0.103515 0.816405 0.103515 0.818358 0.101562 0.82422 0.101562 0.82422 0.097655 0.826173 0.095702 0.826173 0.091798 0.82422 0.089842 0.82422 0.08789
0 0.404298 0.44336 0.400392 0.447265 0.400392 0.453125 0.402345 0.455078 0.402345 0.464845 0.425781 0.464845 0.427734 0.46289 0.43164 0.46289 0.433593 0.460938 0.437499 0.460938 0.437499 0.453125 0.435546 0.451173 0.435546 0.44922 0.43164 0.445312 0.421875 0.445312 0.419922 0.44336
0 0.853515 0.085938 0.845703 0.09375 0.845703 0.09961 0.847656 0.09961 0.849609 0.101562 0.851562 0.101562 0.855468 0.10547 0.857421 0.10547 0.859374 0.107423 0.861327 0.107423 0.86328 0.109375 0.865233 0.109375 0.869142 0.11328 0.871095 0.11328 0.875001 0.117188 0.878907 0.117188 0.886719 0.109375 0.884766 0.107423 0.884766 0.101562 0.882813 0.101562 0.88086 0.09961 0.878907 0.09961 0.875001 0.095702 0.873048 0.095702 0.869142 0.091798 0.867186 0.091798 0.86328 0.08789 0.859374 0.08789 0.857421 0.085938
11 0.044922 0.539062 0.042969 0.541015 0.033204 0.541015 0.031251 0.54297 0.023436 0.54297 0.021483 0.544922 0.01953 0.544922 0.017577 0.546875 0.013671 0.546875 0.011718 0.548828 0.009765 0.548828 0.009765 0.583985 0.013671 0.583985 0.015624 0.585938 0.01953 0.585938 0.021483 0.58789 0.021483 0.585938 0.025392 0.582033 0.025392 0.580078 0.031251 0.574217 0.033204 0.574217 0.042969 0.564452 0.044922 0.564452 0.046875 0.5625 0.050781 0.5625 0.052734 0.560547 0.054687 0.560547 0.054687 0.541015 0.046875 0.541015
0 0.820314 0.355467 0.816405 0.359375 0.814452 0.359375 0.810546 0.363283 0.808593 0.363283 0.804687 0.367188 0.802734 0.367188 0.798828 0.371095 0.796875 0.371095 0.794922 0.373048 0.794922 0.375 0.796875 0.376953 0.796875 0.378905 0.800781 0.382812 0.802734 0.38086 0.804687 0.38086 0.80664 0.378905 0.808593 0.378905 0.810546 0.376953 0.812499 0.376953 0.814452 0.375 0.816405 0.375 0.818358 0.373048 0.820314 0.373048 0.822267 0.371095 0.82422 0.371095 0.826173 0.36914 0.828126 0.36914 0.826173 0.367188 0.826173 0.365235 0.82422 0.363283 0.82422 0.359375 0.822267 0.357423 0.822267 0.355467
0 0.978516 0.31836 0.978516 0.320312 0.97461 0.32422 0.97461 0.353515 0.976563 0.355467 0.99414 0.355467 0.99414 0.32422 0.988281 0.31836
1 0.103515 0.804688 0.101562 0.80664 0.099609 0.80664 0.095703 0.810547 0.095703 0.820312 0.099609 0.82422 0.101562 0.82422 0.103515 0.826173 0.160155 0.826173 0.162108 0.82422 0.162108 0.80664 0.160155 0.804688
0 0.695313 0.25 0.691407 0.253905 0.691407 0.25586 0.687501 0.259765 0.687501 0.265625 0.691407 0.265625 0.695313 0.269533 0.697266 0.269533 0.699219 0.271485 0.701172 0.271485 0.703125 0.273438 0.705078 0.273438 0.708984 0.277342 0.710937 0.277342 0.71289 0.279298 0.716796 0.279298 0.720702 0.27539 0.720702 0.273438 0.724608 0.269533 0.724608 0.267577 0.722655 0.265625 0.720702 0.265625 0.716796 0.26172 0.714843 0.26172 0.71289 0.259765 0.710937 0.259765 0.708984 0.257812 0.707031 0.257812 0.703125 0.253905 0.701172 0.253905 0.697266 0.25
0 0.691407 0 0.683595 0.007812 0.683595 0.013672 0.687501 0.017578 0.689454 0.017578 0.69336 0.021485 0.695313 0.021485 0.701172 0.027342 0.703125 0.027342 0.707031 0.03125 0.71289 0.03125 0.720702 0.023438 0.720702 0.021485 0.722655 0.01953 0.720702 0.017578 0.720702 0.015625 0.718749 0.013672 0.716796 0.013672 0.71289 0.009765 0.710937 0.009765 0.705078 0.003907 0.703125 0.003907 0.699219 0
0 0.853515 0.291015 0.851562 0.29297 0.849609 0.29297 0.849609 0.294923 0.847656 0.296875 0.847656 0.30664 0.849609 0.308595 0.855468 0.308595 0.857421 0.310548 0.86328 0.310548 0.865233 0.3125 0.869142 0.3125 0.871095 0.314452 0.876954 0.314452 0.878907 0.316405 0.886719 0.308595 0.886719 0.304688 0.884766 0.304688 0.882813 0.302735 0.88086 0.302735 0.878907 0.300783 0.876954 0.300783 0.875001 0.298827 0.871095 0.298827 0.869142 0.296875 0.867186 0.296875 0.865233 0.294923 0.86328 0.294923 0.861327 0.29297 0.859374 0.29297 0.857421 0.291015
0 0.783204 0 0.781251 0.001953 0.779298 0.001953 0.779298 0.003907 0.781251 0.00586 0.781251 0.007812 0.789063 0.015625 0.791016 0.015625 0.794922 0.011718 0.796875 0.011718 0.798828 0.009765 0.800781 0.009765 0.802734 0.007812 0.804687 0.007812 0.80664 0.00586 0.810546 0.00586 0.812499 0.003907 0.814452 0.003907 0.816405 0.001953 0.818358 0.001953 0.820314 0 0.822267 0
0 0.818358 0.02539 0.816405 0.027342 0.814452 0.027342 0.812499 0.029297 0.810546 0.029297 0.808593 0.03125 0.80664 0.03125 0.804687 0.033202 0.802734 0.033202 0.800781 0.035157 0.796875 0.035157 0.794922 0.03711 0.792969 0.03711 0.791016 0.039062 0.789063 0.039062 0.78711 0.041015 0.785157 0.041015 0.785157 0.04297 0.783204 0.044922 0.785157 0.046875 0.785157 0.048827 0.78711 0.050783 0.789063 0.050783 0.791016 0.052735 0.792969 0.052735 0.794922 0.050783 0.796875 0.050783 0.798828 0.048827 0.802734 0.048827 0.804687 0.046875 0.80664 0.046875 0.808593 0.044922 0.812499 0.044922 0.814452 0.04297 0.816405 0.04297 0.818358 0.041015 0.822267 0.041015 0.822267 0.027342 0.820314 0.027342
12 1 0.982423 1 0.984375 0.755859 0.984375 0.753906 0.986328 0.738282 0.986328 0.736329 0.988283 0.720702 0.988283 0.720702 1 0.722655 1 0.722655 1 0.724608 1 0.724608 1 0.726564 1 0.726564 1 0.728517 1 0.728517 1 0.73047 1 0.878907 1 0.88086 1 1 1 1 1 1 1 1 1 1 1 1 1 1 1 1 1 1 1 1 1 1 1 1 1 1 1 1 1 1 1 1 1 1 1 1 1 1 1
0 0.968751 0.451173 0.968751 0.453125 0.966798 0.455078 0.966798 0.490235 0.976563 0.490235 0.980469 0.486327 0.982422 0.486327 0.984375 0.484375 0.984375 0.455078 0.982422 0.453125 0.982422 0.451173
0 0.822267 0.269533 0.820314 0.271485 0.818358 0.271485 0.814452 0.27539 0.812499 0.27539 0.808593 0.279298 0.80664 0.279298 0.802734 0.283202 0.800781 0.283202 0.796875 0.28711 0.794922 0.28711 0.796875 0.289062 0.796875 0.291015 0.798828 0.29297 0.798828 0.294923 0.800781 0.296875 0.802734 0.294923 0.804687 0.294923 0.80664 0.29297 0.808593 0.29297 0.810546 0.291015 0.812499 0.291015 0.814452 0.289062 0.818358 0.289062 0.820314 0.28711 0.822267 0.28711 0.82422 0.285155 0.826173 0.285155 0.828126 0.283202 0.830079 0.283202 0.830079 0.277342 0.828126 0.27539 0.828126 0.273438 0.826173 0.271485 0.82422 0.271485
0 0.710937 0.445312 0.708984 0.447265 0.708984 0.45703 0.707031 0.458985 0.705078 0.45703 0.69336 0.45703 0.691407 0.458985 0.689454 0.458985 0.689454 0.47461 0.691407 0.476562 0.691407 0.486327 0.69336 0.48828 0.69336 0.492188 0.703125 0.492188 0.705078 0.490235 0.707031 0.490235 0.71289 0.484375 0.714843 0.486327 0.728517 0.486327 0.732423 0.482422 0.732423 0.466798 0.73047 0.464845 0.73047 0.447265 0.728517 0.445312
11 0.578124 0.93164 0.578124 0.933592 0.576171 0.935547 0.576171 0.939453 0.578124 0.941408 0.578124 0.955077 0.570312 0.96289 0.570312 0.964842 0.568359 0.966797 0.568359 0.96875 0.566406 0.970702 0.566406 0.97461 0.564453 0.976562 0.564453 0.978515 0.566406 0.978515 0.570312 0.982423 0.572265 0.982423 0.574218 0.984375 0.578124 0.984375 0.580077 0.986328 0.593751 0.986328 0.593751 0.984375 0.595704 0.982423 0.595704 0.98047 0.597657 0.978515 0.597657 0.972655 0.59961 0.970702 0.59961 0.941408 0.597657 0.939453 0.597657 0.9375 0.595704 0.935547 0.593751 0.935547 0.589845 0.93164
0 0.820314 0.148438 0.818358 0.15039 0.816405 0.15039 0.814452 0.152342 0.812499 0.152342 0.810546 0.154298 0.808593 0.154298 0.804687 0.158202 0.802734 0.158202 0.800781 0.160155 0.798828 0.160155 0.796875 0.16211 0.794922 0.16211 0.792969 0.164062 0.791016 0.164062 0.792969 0.166015 0.792969 0.167967 0.794922 0.169923 0.794922 0.171875 0.796875 0.173827 0.796875 0.17578 0.798828 0.173827 0.802734 0.173827 0.804687 0.171875 0.80664 0.171875 0.808593 0.169923 0.812499 0.169923 0.814452 0.167967 0.818358 0.167967 0.820314 0.166015 0.822267 0.166015 0.82422 0.164062 0.828126 0.164062 0.828126 0.158202 0.826173 0.15625 0.826173 0.154298 0.82422 0.152342 0.82422 0.15039 0.822267 0.15039
0 0.992187 0.451173 0.988281 0.455078 0.986328 0.455078 0.986328 0.46875 0.988281 0.470702 0.988281 0.486327 0.992187 0.486327 0.99414 0.48828 0.996093 0.486327 1 0.486327 1 0.472655 1 0.470702 1 0.453125 0.999999 0.453125 0.998046 0.451173
0 0.050781 0.798827 0.044922 0.804688 0.044922 0.814452 0.046875 0.816405 0.046875 0.81836 0.048828 0.820312 0.085938 0.820312 0.087891 0.81836 0.087891 0.802735 0.085938 0.80078 0.083985 0.80078 0.082032 0.798827
0 0.691407 0.132812 0.691407 0.148438 0.695313 0.148438 0.697266 0.15039 0.699219 0.15039 0.701172 0.152342 0.705078 0.152342 0.707031 0.154298 0.710937 0.154298 0.71289 0.15625 0.714843 0.15625 0.716796 0.158202 0.720702 0.158202 0.722655 0.160155 0.728517 0.154298 0.728517 0.152342 0.726564 0.15039 0.726564 0.148438 0.724608 0.146485 0.724608 0.144533 0.722655 0.142577 0.718749 0.142577 0.716796 0.140625 0.714843 0.140625 0.71289 0.138673 0.708984 0.138673 0.707031 0.13672 0.705078 0.13672 0.703125 0.134765 0.699219 0.134765 0.697266 0.132812
13 0.792969 0.54297 0.792969 0.705078 0.794922 0.703125 0.837891 0.703125 0.839844 0.701172 0.882813 0.701172 0.882813 0.623047 0.88086 0.621095 0.88086 0.54297
0 0.697266 0.039062 0.695313 0.041015 0.691407 0.041015 0.689454 0.04297 0.689454 0.044922 0.687501 0.046875 0.687501 0.048827 0.685548 0.050783 0.685548 0.05664 0.687501 0.05664 0.689454 0.058595 0.691407 0.058595 0.69336 0.060548 0.695313 0.060548 0.697266 0.0625 0.699219 0.0625 0.701172 0.064452 0.703125 0.064452 0.705078 0.066405 0.707031 0.066405 0.710937 0.070312 0.714843 0.070312 0.716796 0.06836 0.718749 0.06836 0.718749 0.066405 0.720702 0.064452 0.720702 0.0625 0.722655 0.060548 0.722655 0.054688 0.720702 0.052735 0.720702 0.050783 0.718749 0.050783 0.716796 0.048827 0.714843 0.048827 0.71289 0.046875 0.708984 0.046875 0.707031 0.044922 0.705078 0.044922 0.703125 0.04297 0.701172 0.04297
13 0.933594 0.541015 0.933594 0.580078 0.935547 0.582033 0.935547 0.660155 0.9375 0.66211 0.9375 0.701172 1 0.701172 1 0.703125 1 0.623047 1 0.621095 1 0.541015
0 0.69336 0.191408 0.691407 0.19336 0.689454 0.19336 0.685548 0.197265 0.685548 0.201173 0.687501 0.203125 0.689454 0.203125 0.69336 0.20703 0.695313 0.20703 0.697266 0.208985 0.699219 0.208985 0.703125 0.21289 0.705078 0.21289 0.707031 0.214845 0.708984 0.214845 0.71289 0.21875 0.714843 0.21875 0.716796 0.220702 0.722655 0.214845 0.722655 0.21289 0.724608 0.210938 0.724608 0.208985 0.722655 0.208985 0.720702 0.20703 0.718749 0.20703 0.714843 0.203125 0.71289 0.203125 0.710937 0.201173 0.708984 0.201173 0.707031 0.199217 0.705078 0.199217 0.701172 0.195312 0.699219 0.195312 0.697266 0.19336 0.695313 0.19336
0 0.818358 0.234375 0.816405 0.236327 0.814452 0.236327 0.812499 0.23828 0.810546 0.23828 0.808593 0.240235 0.80664 0.240235 0.802734 0.24414 0.800781 0.24414 0.798828 0.246092 0.796875 0.246092 0.794922 0.248048 0.792969 0.248048 0.792969 0.25 0.794922 0.251952 0.794922 0.253905 0.796875 0.25586 0.796875 0.257812 0.798828 0.25586 0.800781 0.25586 0.802734 0.253905 0.80664 0.253905 0.808593 0.251952 0.810546 0.251952 0.812499 0.25 0.816405 0.25 0.818358 0.248048 0.820314 0.248048 0.822267 0.246092 0.826173 0.246092 0.826173 0.23828 0.822267 0.234375
0 1 0.31836 0.999999 0.320312 0.999999 0.322265 0.998046 0.32422 0.998046 0.33789 0.999999 0.339842 0.999999 0.353515 1 0.357423 1 0.357423 1 0.353515 1 0.32422 1 0.322265 1 0.320312 1 0.31836
0 0.849609 0.02539 0.847656 0.027342 0.841797 0.027342 0.841797 0.03125 0.839844 0.033202 0.839844 0.03711 0.841797 0.039062 0.841797 0.041015 0.84375 0.039062 0.845703 0.041015 0.847656 0.041015 0.849609 0.04297 0.855468 0.04297 0.857421 0.044922 0.86328 0.044922 0.865233 0.046875 0.871095 0.046875 0.873048 0.048827 0.873048 0.03711 0.871095 0.03711 0.869142 0.035157 0.867186 0.035157 0.865233 0.033202 0.86328 0.033202 0.861327 0.03125 0.859374 0.03125 0.857421 0.029297 0.855468 0.029297 0.853515 0.027342 0.851562 0.027342
0 0.947265 0.45703 0.947265 0.458985 0.945312 0.460938 0.945312 0.472655 0.947265 0.47461 0.947265 0.486327 0.949218 0.486327 0.951171 0.48828 0.958983 0.48828 0.962892 0.484375 0.962892 0.472655 0.960936 0.470702 0.960936 0.45703
0 0.818358 0.335938 0.814452 0.339842 0.812499 0.339842 0.808593 0.34375 0.80664 0.34375 0.802734 0.347658 0.800781 0.347658 0.796875 0.351562 0.794922 0.351562 0.792969 0.353515 0.792969 0.355467 0.791016 0.357423 0.796875 0.363283 0.800781 0.359375 0.802734 0.359375 0.804687 0.357423 0.808593 0.357423 0.810546 0.355467 0.814452 0.355467 0.816405 0.353515 0.820314 0.353515 0.822267 0.351562 0.826173 0.351562 0.826173 0.347658 0.828126 0.345702 0.828126 0.34375 0.826173 0.341798 0.826173 0.339842 0.82422 0.33789 0.820314 0.33789
0 0.818358 0.314452 0.814452 0.31836 0.812499 0.31836 0.80664 0.32422 0.804687 0.32422 0.800781 0.328125 0.798828 0.328125 0.792969 0.333985 0.791016 0.333985 0.789063 0.335938 0.789063 0.33789 0.791016 0.339842 0.791016 0.341798 0.792969 0.34375 0.792969 0.345702 0.798828 0.345702 0.800781 0.34375 0.802734 0.34375 0.80664 0.339842 0.808593 0.339842 0.812499 0.335938 0.814452 0.335938 0.818358 0.33203 0.820314 0.33203 0.82422 0.328125 0.826173 0.328125 0.826173 0.326172 0.822267 0.322265 0.822267 0.31836
0 0.695313 0.21289 0.691407 0.216798 0.689454 0.216798 0.689454 0.228515 0.69336 0.228515 0.695313 0.23047 0.699219 0.23047 0.701172 0.232423 0.703125 0.232423 0.705078 0.234375 0.708984 0.234375 0.710937 0.236327 0.714843 0.236327 0.716796 0.23828 0.718749 0.236327 0.718749 0.234375 0.720702 0.232423 0.720702 0.22461 0.718749 0.22461 0.716796 0.222658 0.714843 0.222658 0.71289 0.220702 0.708984 0.220702 0.707031 0.21875 0.705078 0.21875 0.703125 0.216798 0.701172 0.216798 0.699219 0.214845 0.697266 0.214845
0 0.107421 0.220702 0.105468 0.222658 0.101562 0.222658 0.101562 0.240235 0.099609 0.242188 0.099609 0.257812 0.103515 0.257812 0.105468 0.259765 0.111327 0.259765 0.11328 0.257812 0.115233 0.257812 0.115233 0.242188 0.117186 0.240235 0.117186 0.22461 0.11328 0.220702
0 0.695313 0.314452 0.691407 0.31836 0.691407 0.320312 0.687501 0.32422 0.691407 0.328125 0.69336 0.328125 0.695313 0.330077 0.697266 0.330077 0.701172 0.333985 0.703125 0.333985 0.705078 0.335938 0.707031 0.335938 0.708984 0.33789 0.710937 0.33789 0.714843 0.341798 0.716796 0.341798 0.718749 0.34375 0.724608 0.34375 0.728517 0.339842 0.728517 0.33789 0.73047 0.335938 0.73047 0.330077 0.726564 0.330077 0.724608 0.328125 0.722655 0.328125 0.720702 0.326172 0.718749 0.326172 0.716796 0.32422 0.714843 0.32422 0.71289 0.322265 0.710937 0.322265 0.708984 0.320312 0.707031 0.320312 0.705078 0.31836 0.703125 0.31836 0.701172 0.316405 0.699219 0.316405 0.697266 0.314452
0 0.820314 0.253905 0.818358 0.25586 0.816405 0.25586 0.814452 0.257812 0.812499 0.257812 0.810546 0.259765 0.808593 0.259765 0.80664 0.26172 0.804687 0.26172 0.802734 0.263673 0.798828 0.263673 0.796875 0.265625 0.794922 0.265625 0.792969 0.267577 0.791016 0.267577 0.789063 0.269533 0.78711 0.269533 0.789063 0.271485 0.789063 0.273438 0.791016 0.27539 0.791016 0.277342 0.792969 0.279298 0.792969 0.28125 0.794922 0.279298 0.796875 0.279298 0.798828 0.277342 0.800781 0.277342 0.802734 0.27539 0.80664 0.27539 0.808593 0.273438 0.810546 0.273438 0.812499 0.271485 0.814452 0.271485 0.816405 0.269533 0.818358 0.269533 0.820314 0.267577 0.82422 0.267577 0.826173 0.265625 0.828126 0.265625 0.828126 0.259765 0.826173 0.257812 0.826173 0.253905
14 0.97461 0.75 0.972657 0.751953 0.949218 0.751953 0.947265 0.753908 0.921876 0.753908 0.919923 0.75586 0.906249 0.75586 0.904296 0.757812 0.892578 0.757812 0.890625 0.759765 0.876954 0.759765 0.875001 0.76172 0.871095 0.76172 0.869142 0.763673 0.865233 0.763673 0.86328 0.765625 0.857421 0.765625 0.855468 0.767578 0.851562 0.767578 0.849609 0.76953 0.845703 0.76953 0.84375 0.771485 0.839844 0.771485 0.837891 0.773438 0.832032 0.773438 0.830079 0.77539 0.826173 0.77539 0.82422 0.777342 0.820314 0.777342 0.818358 0.779297 0.814452 0.779297 0.812499 0.78125 0.80664 0.78125 0.804687 0.783203 0.800781 0.783203 0.798828 0.785158 0.794922 0.785158 0.792969 0.78711 0.78711 0.78711 0.785157 0.789062 0.779298 0.789062 0.777345 0.791015 0.771483 0.791015 0.76953 0.79297 0.763671 0.79297 0.761718 0.794922 0.755859 0.794922 0.753906 0.796875 0.748047 0.796875 0.746094 0.798827 0.740235 0.798827 0.738282 0.80078 0.732423 0.80078 0.73047 0.802735 0.724608 0.802735 0.722655 0.804688 0.716796 0.804688 0.714843 0.80664 0.708984 0.80664 0.705078 0.810547 0.705078 0.8125 0.695313 0.822265 0.695313 0.82422 0.687501 0.832033 0.687501 0.833985 0.679686 0.841798 0.679686 0.84375 0.669921 0.853515 0.669921 0.855467 0.664062 0.861328 0.664062 0.863283 0.662109 0.865235 0.662109 0.867188 0.658203 0.871095 0.658203 0.873047 0.65625 0.875 0.65625 0.876952 0.654297 0.878905 0.654297 0.88086 0.650391 0.884765 0.650391 0.886717 0.648438 0.888672 0.648438 0.890625 0.644532 0.89453 0.644532 0.896485 0.642579 0.898438 0.642579 0.90039 0.640626 0.902345 0.640626 0.908203 0.638673 0.910158 0.638673 0.919923 0.63672 0.921875 0.63672 0.93164 0.634767 0.933592 0.634767 0.94336 0.632814 0.945312 0.632814 0.955077 0.630858 0.95703 0.630858 0.970702 0.628905 0.972655 0.628905 1 0.626952 1 0.626952 1 0.624999 1 0.624999 1 0.626952 1 0.626952 1 0.628905 1 0.628905 1 0.630858 1 0.630858 1 0.632814 1 0.632814 1 0.634767 1 0.634767 1 0.63672 1 0.63672 1 0.638673 1 0.638673 1 0.640626 1 0.640626 1 0.642579 1 0.642579 1 0.644532 1 0.644532 1 0.646485 1 0.646485 1 0.648438 1 0.648438 1 0.650391 1 0.650391 1 0.652344 1 0.652344 1 0.654297 1 0.654297 1 0.65625 1 0.65625 1 0.658203 1 0.658203 1 0.660156 1 0.660156 1 0.662109 1 0.662109 1 0.669921 1 0.671874 1 0.691407 1 0.69336 1 0.71289 1 0.714843 1 0.73047 1 0.732423 1 0.746094 1 0.748047 1 0.763671 1 0.765624 1 0.779298 1 0.781251 1 0.789063 1 0.794922 1 0.796875 1 0.800781 1 0.802734 1 0.808593 1 0.810546 1 0.816405 1 0.818358 1 0.82422 1 0.826173 1 0.830079 1 0.832032 1 0.837891 1 0.839844 1 0.845703 1 0.847656 1 0.851562 1 0.853515 1 0.859374 1 0.861327 1 0.892578 1 0.894531 1 0.925782 1 0.927735 1 0.958983 1 0.960936 1 0.962892 1 0.972657 1 0.97461 1 0.986328 1 0.988281 1 0.998046 1 0.999999 1 1 1 1 1 1 1 1 1 1 1 1 1 1 1 1 1 1 1 1 1 1 1 1 1 1 1 1 1 1 1 1 1 1 1 1 1 1 1 1 1 1 1 1 1 1 1 1 1 1 1 1 1 1 1 1 1 1 1 1 1 1 1 1 1 1 1 1 1 1 1 1 1 1 1 1 1 1 1 1 1 1 1 1 1 1 1 1 1 1 1 1 1 1 1 1 1 1 1 1 1 1 1 1 1 1 1 1 1 1 1 1 1 1 1 1 1 1 1 1 1 1 1 1 1 1 1 1 1 1 1 1 1 1 1 1 1 1 1 1 1 1 1 1 1 1 1 1 1 1 1 1 1 1 1 1 1 1 1 1 1 1 1 1 1 1 1 1 1 1 1 1 1 1 1 1 1 1 1 1 1 1 1 1 1 1 1 1 1 1 1 1 1 1 1 1 1 1 1 1 1 1 1 1 1 1 1 1 1 1 1 1 1 1 1 1 1 1 1 1 1 1 1 1 1 1 1 1 1 1 1 1 1 1 1 1 1 1 1 1 1 1 1 1 1 1 1 1 1 1 1 1 1 1 1 1 1 1 1 1 1 1 0.998048 1 0.996095 1 0.970702 1 0.96875 1 0.94336 1 0.941408 1 0.929688 1 0.927735 1 0.92578 1 0.919923 1 0.91797 1 0.914062 1 0.91211 1 0.908203 1 0.90625 1 0.90039 1 0.898438 1 0.89453 1 0.892577 1 0.886717 1 0.884765 1 0.876952 1 0.875 1 0.867188 1 0.865235 1 0.857422 1 0.855467 1 0.84961 1 0.847655 1 0.839845 1 0.83789 1 0.830078 1 0.828125 1 0.82422 1 0.82422 1 0.820312 1 0.820312 1 0.816405 1 0.816405 1 0.8125 1 0.8125 1 0.808592 1 0.808592 1 0.804688 1 0.804688 1 0.802735 1 0.802735 1 0.798827 1 0.798827 1 0.794922 1 0.794922 1 0.791015 1 0.791015 1 0.78711 1 0.78711 1 0.783203 1 0.783203 1 0.78125 1 0.78125 1 0.777342 1 0.777342 1 0.773438 1 0.773438 1 0.76953 1 0.76953 1 0.765625 1 0.765625 1 0.76172 1 0.76172 1 0.759765 1 0.759765 1 0.757812 1 0.757812 1 0.75586 1 0.75586 1 0.753908 1 0.753908 1 0.751953 1 0.751953 1 0.75