0 0.998047 0.041016 0.998047 0.04297 0.996096 0.044923 0.996096 0.046877 1 0.046877 1 0.044923 1 0.04297 1 0.041016
0 0.257814 0.796875 0.253907 0.800782 0.255858 0.802735 0.255858 0.804688 0.257814 0.806642 0.257814 0.808595 0.259765 0.810549 0.263672 0.806642 0.261721 0.804688 0.261721 0.802735 0.259765 0.800782 0.259765 0.798828
0 0.638673 0.828121 0.636717 0.830075 0.628908 0.830075 0.628908 0.832028 0.630859 0.833981 0.630859 0.835935 0.63281 0.833981 0.634766 0.833981 0.636717 0.832028 0.640624 0.832028 0.638673 0.830075
0 0.615232 0.779294 0.613281 0.781247 0.61133 0.781247 0.609375 0.783201 0.607424 0.783201 0.609375 0.785154 0.609375 0.787107 0.61133 0.785154 0.617188 0.785154 0.617188 0.783201 0.615232 0.781247
0 0.958984 0.675779 0.958984 0.679686 0.96094 0.681639 0.966798 0.681639 0.966798 0.679686 0.968748 0.677732 0.968748 0.675779
0 0.974611 0.03711 0.974611 0.041016 0.978518 0.041016 0.980469 0.04297 0.98242 0.04297 0.984376 0.044923 0.984376 0.041016 0.986327 0.039063 0.986327 0.03711
0 0.037108 0.005863 0.033202 0.009762 0.031251 0.009762 0.029295 0.011715 0.033202 0.015622 0.037108 0.011715 0.039064 0.011715 0.041015 0.009762
0 0.955077 0.070309 0.955077 0.072263 0.953126 0.074216 0.953126 0.07617 0.957033 0.07617 0.958984 0.078123 0.962891 0.078123 0.964842 0.080077 0.964842 0.07617 0.966798 0.074216 0.962891 0.074216 0.96094 0.072263 0.957033 0.072263
0 0.347655 0.330082 0.345704 0.332035 0.341797 0.332035 0.339841 0.333989 0.33594 0.333989 0.337891 0.335933 0.337891 0.337887 0.339841 0.33984 0.341797 0.337887 0.343748 0.337887 0.347655 0.333989 0.349611 0.333989 0.347655 0.332035
0 0.597654 0.025389 0.597654 0.027342 0.59961 0.029296 0.59961 0.031249 0.609375 0.031249 0.61133 0.033203 0.61133 0.027342 0.59961 0.027342
0 0.660158 0.716801 0.658202 0.718746 0.654295 0.718746 0.652344 0.720699 0.646486 0.720699 0.646486 0.72656 0.648437 0.724606 0.652344 0.724606 0.654295 0.722653 0.660158 0.722653
0 0.625002 0.013668 0.625002 0.017575 0.63281 0.017575 0.634766 0.019529 0.634766 0.015622 0.626953 0.015622
0 0.660158 0.787107 0.658202 0.789061 0.650388 0.789061 0.652344 0.791014 0.652344 0.792968 0.654295 0.794921 0.656251 0.792968 0.658202 0.792968 0.660158 0.791014 0.664065 0.791014
0 0.941406 0.910157 0.941406 0.91797 0.945313 0.91797 0.945313 0.910157
0 0.701171 0.130857 0.701171 0.140624 0.707029 0.140624 0.707029 0.130857
0 0.654295 0.751954 0.652344 0.753908 0.646486 0.753908 0.648437 0.755861 0.648437 0.757815 0.650388 0.755861 0.656251 0.755861 0.654295 0.753908
0 0.628908 0.318361 0.626953 0.320314 0.623046 0.320314 0.621095 0.322268 0.617188 0.322268 0.619139 0.324221 0.619139 0.326175 0.621095 0.328128 0.623046 0.326175 0.625002 0.326175 0.626953 0.324221 0.628908 0.324221 0.630859 0.322268 0.63281 0.322268
0 0.046873 0.019529 0.042971 0.023436 0.041015 0.023436 0.039064 0.025389 0.042971 0.029296 0.05078 0.021482 0.048829 0.021482
0 0.740234 0.128904 0.740234 0.140624 0.742185 0.138671 0.744141 0.138671 0.744141 0.128904
0 0.974611 0 0.974611 0.000003 0.972655 0.001956 0.972655 0.00391 0.978518 0.00391 0.980469 0.005863 0.98242 0.00391 0.98242 0.000003 0.976562 0.000003
0 0.978518 0 0.978518 0 0.976562 0 0.976562 0 0.98242 0 0.984376 0.000003 0.984376 0 0.986327 0 0.984376 0
0 0.996096 0.001956 0.996096 0.005863 0.99414 0.007817 0.99414 0.009762 1 0.009762 1 0.011715 1 0.007817 1 0.005863 1 0.00391 0.998047 0.00391
0 0.972655 0.044923 0.972655 0.046877 0.970704 0.04883 0.970704 0.050784 0.980469 0.050784 0.98242 0.052737 0.98242 0.050784 0.984376 0.04883 0.984376 0.046877 0.974611 0.046877
0 0.91797 0.123043 0.916014 0.124997 0.916014 0.12695 0.923828 0.12695 0.925779 0.128904 0.925779 0.12695 0.927735 0.124997 0.927735 0.123043 0.925779 0.124997 0.923828 0.123043
0 0.94922 0.93945 0.94922 0.95117 0.955077 0.95117 0.955077 0.93945
0 0.962891 0.054691 0.962891 0.056644 0.96094 0.058597 0.96094 0.060551 0.958984 0.062504 0.962891 0.062504 0.964842 0.064449 0.966798 0.064449 0.968748 0.066402 0.968748 0.062504 0.970704 0.060551 0.970704 0.058597 0.968748 0.058597 0.966798 0.056644 0.964842 0.056644
0 0.353518 0.455075 0.351562 0.457029 0.349611 0.457029 0.347655 0.458982 0.345704 0.458982 0.347655 0.460936 0.347655 0.462889 0.349611 0.460936 0.351562 0.460936 0.353518 0.458982 0.355469 0.458982 0.353518 0.457029
0 0.966798 0.355468 0.966798 0.365235 0.970704 0.365235 0.972655 0.367188 0.972655 0.355468
0 0.015623 0.378909 0.015623 0.380862 0.017579 0.382816 0.017579 0.386723 0.021486 0.386723 0.021486 0.378909
0 0.99414 0.046877 0.99414 0.052737 1 0.052737 1 0.054691 1 0.052737 1 0.050784 1 0.04883 0.996096 0.04883
0 0.472657 0.25586 0.470701 0.257813 0.46875 0.257813 0.466794 0.259767 0.464844 0.259767 0.466794 0.26172 0.466794 0.263674 0.46875 0.26172 0.470701 0.26172 0.472657 0.259767 0.474608 0.259767 0.472657 0.257813
0 0.81836 0.03711 0.81836 0.04297 0.83008 0.04297 0.83008 0.03711
0 0.447266 0.263674 0.445315 0.265627 0.443359 0.265627 0.439452 0.269534 0.437501 0.269534 0.441408 0.273441 0.443359 0.271487 0.445315 0.271487 0.447266 0.269534 0.449216 0.269534 0.449216 0.26758 0.447266 0.265627
0 0.59961 0.746094 0.59961 0.748048 0.601561 0.750001 0.601561 0.753908 0.603517 0.751954 0.605468 0.751954 0.607424 0.750001 0.609375 0.750001 0.609375 0.746094
0 0.931642 0.521484 0.931642 0.527344 0.941406 0.527344 0.941406 0.521484
0 0.962891 0.570311 0.962891 0.578125 0.968748 0.578125 0.970704 0.580078 0.970704 0.572264 0.964842 0.572264
0 0.970704 0.066402 0.970704 0.068356 0.968748 0.070309 0.968748 0.072263 0.976562 0.072263 0.978518 0.074216 0.978518 0.068356 0.972655 0.068356
0 0.720705 0.128904 0.720705 0.140624 0.726563 0.140624 0.726563 0.128904
0 0.947264 0.113285 0.947264 0.115238 0.945313 0.117192 0.94922 0.117192 0.95117 0.119137 0.953126 0.119137 0.953126 0.115238 0.94922 0.115238
0 0.931642 0.904296 0.931642 0.908203 0.933593 0.910157 0.933593 0.916017 0.935548 0.916017 0.935548 0.904296
0 0.921877 0.902343 0.921877 0.91797 0.925779 0.914064 0.927735 0.914064 0.927735 0.904296 0.923828 0.904296
0 0.210938 0.796875 0.208987 0.798828 0.207031 0.798828 0.207031 0.800782 0.208987 0.802735 0.208987 0.806642 0.210938 0.808595 0.210938 0.810549 0.214844 0.806642 0.214844 0.804688 0.212888 0.802735 0.212888 0.800782 0.210938 0.798828
0 0.625002 0.000003 0.625002 0.007817 0.626953 0.005863 0.636717 0.005863 0.636717 0.001956 0.626953 0.001956
0 0.615232 0.291013 0.613281 0.292966 0.61133 0.292966 0.607424 0.296873 0.605468 0.296873 0.607424 0.298827 0.607424 0.30078 0.609375 0.302734 0.609375 0.304687 0.61133 0.302734 0.613281 0.302734 0.617188 0.298827 0.619139 0.298827 0.617188 0.296873 0.617188 0.29492 0.615232 0.292966
0 0.01953 0 0.015623 0 0.013673 0 0.013673 0 0.015623 0.000003 0.01953 0 0.021486 0 0.023437 0 0.021486 0
0 0.94922 0.91211 0.94922 0.914064 0.95117 0.916017 0.95117 0.919924 0.953126 0.919924 0.953126 0.916017 0.955077 0.914064 0.955077 0.91211
0 0.314455 0.335933 0.310548 0.33984 0.312499 0.341794 0.312499 0.343747 0.314455 0.3457 0.316406 0.343747 0.320313 0.343747 0.316406 0.33984 0.316406 0.337887
0 0.927735 0.177731 0.927735 0.181638 0.933593 0.181638 0.935548 0.183591 0.935548 0.179684 0.933593 0.179684 0.931642 0.177731
0 0.81836 0.046877 0.81836 0.052737 0.828124 0.052737 0.828124 0.04883 0.820311 0.04883
0 0.958984 0.595706 0.958984 0.601566 0.964842 0.601566 0.964842 0.599612 0.966798 0.597659 0.966798 0.595706
0 0.943357 0.937496 0.941406 0.93945 0.939455 0.93945 0.939455 0.947263 0.943357 0.947263
0 0.968748 0.074216 0.966798 0.07617 0.966798 0.078123 0.972655 0.078123 0.974611 0.080077 0.974611 0.078123 0.976562 0.07617 0.976562 0.074216
0 0.177732 0.056644 0.173826 0.060551 0.171875 0.060551 0.169924 0.062504 0.173826 0.066402 0.179688 0.060551 0.177732 0.058597
0 0.935548 0.675779 0.935548 0.679686 0.941406 0.679686 0.943357 0.677732 0.945313 0.677732 0.945313 0.675779
0 0.566405 0.423829 0.564454 0.425783 0.560547 0.425783 0.560547 0.429689 0.562498 0.431643 0.562498 0.437503 0.564454 0.43555 0.570312 0.43555 0.570312 0.433596 0.568361 0.431643 0.568361 0.427736 0.566405 0.425783
0 0.216795 0.796875 0.214844 0.798828 0.212888 0.798828 0.214844 0.800782 0.214844 0.802735 0.216795 0.804688 0.216795 0.806642 0.218751 0.806642 0.218751 0.800782 0.216795 0.798828
0 0.160154 0.77734 0.160154 0.783201 0.166017 0.783201 0.167968 0.785154 0.167968 0.783201 0.169924 0.781247 0.169924 0.779294 0.16211 0.779294
0 0.115234 0.177731 0.113283 0.179684 0.111327 0.179684 0.115234 0.183591 0.115234 0.185545 0.11719 0.187498 0.119141 0.185545 0.121092 0.185545 0.11719 0.181638 0.11719 0.179684
0 0.244143 0.77734 0.242187 0.779294 0.242187 0.781247 0.23828 0.785154 0.240236 0.785154 0.242187 0.787107 0.246094 0.783201 0.246094 0.779294
0 0.964842 0.521484 0.964842 0.523437 0.962891 0.525391 0.962891 0.527344 0.968748 0.527344 0.970704 0.529297 0.974611 0.529297 0.974611 0.525391 0.970704 0.525391 0.968748 0.523437 0.966798 0.523437
0 0.634766 0.818362 0.63281 0.820316 0.630859 0.820316 0.628908 0.822269 0.625002 0.822269 0.626953 0.824223 0.626953 0.826168 0.628908 0.824223 0.636717 0.824223 0.636717 0.822269 0.634766 0.820316
0 0.998047 0.349607 0.998047 0.357421 1 0.357421 1 0.359375 1 0.349607
0 0.914064 0.130857 0.914064 0.136717 0.919921 0.136717 0.921877 0.138671 0.921877 0.136717 0.923828 0.134764 0.923828 0.132811 0.916014 0.132811
0 0.623046 0.052737 0.623046 0.054691 0.625002 0.056644 0.625002 0.058597 0.634766 0.058597 0.634766 0.052737
0 0.625002 0.029296 0.625002 0.035156 0.634766 0.035156 0.634766 0.031249 0.626953 0.031249
0 0.947264 0.138671 0.947264 0.142578 0.955077 0.142578 0.957033 0.144531 0.957033 0.142578 0.958984 0.140624 0.957033 0.142578 0.955077 0.140624 0.94922 0.140624
0 0.749999 0.132811 0.749999 0.140624 0.755861 0.140624 0.755861 0.132811
0 0.945313 0.119137 0.945313 0.12109 0.943357 0.123043 0.943357 0.124997 0.94922 0.124997 0.95117 0.12695 0.95117 0.123043 0.953126 0.12109 0.947264 0.12109
0 0.986327 0.353514 0.986327 0.359375 0.984376 0.361328 0.984376 0.365235 0.990233 0.365235 0.990233 0.361328 0.992189 0.359375 0.992189 0.355468 0.988282 0.355468
0 0.945313 0.515623 0.945313 0.517577 0.947264 0.51953 0.947264 0.521484 0.955077 0.521484 0.953126 0.51953 0.953126 0.517577 0.947264 0.517577
0 0.95117 0.130857 0.95117 0.132811 0.94922 0.134764 0.94922 0.136717 0.95117 0.136717 0.953126 0.138671 0.955077 0.138671 0.957033 0.140624 0.957033 0.136717 0.958984 0.134764 0.958984 0.132811 0.953126 0.132811
0 0.99414 0.056644 0.99414 0.062504 0.999998 0.062504 1 0.064449 1 0.062504 1 0.060551 1 0.058597 0.996096 0.058597
0 0.6875 0.124997 0.6875 0.136717 0.693358 0.136717 0.693358 0.124997
0 0.437501 0.685546 0.437501 0.691406 0.449216 0.691406 0.449216 0.689453 0.447266 0.6875 0.447266 0.685546
0 0.433594 0.238279 0.431638 0.240232 0.429688 0.240232 0.425781 0.244139 0.42383 0.244139 0.425781 0.246092 0.425781 0.248046 0.427737 0.249999 0.429688 0.248046 0.431638 0.248046 0.435545 0.244139 0.437501 0.244139 0.435545 0.242186 0.435545 0.240232
0 0.996096 0.55859 0.996096 0.560544 0.99414 0.562497 0.99414 0.564451 0.998047 0.564451 0.999998 0.562497 1 0.562497 1 0.55859
0 0.929686 0.080077 0.929686 0.08203 0.927735 0.083983 0.927735 0.085937 0.933593 0.085937 0.935548 0.08789 0.935548 0.085937 0.937499 0.083983 0.937499 0.08203 0.931642 0.08203
0 0.943357 0.12695 0.941406 0.128904 0.941406 0.130857 0.945313 0.130857 0.947264 0.132811 0.94922 0.132811 0.94922 0.130857 0.95117 0.128904 0.94922 0.12695
0 0.986327 0.083983 0.986327 0.085937 0.984376 0.08789 0.99414 0.08789 0.996096 0.089844 0.996096 0.08789 0.998047 0.085937 0.988282 0.085937
0 0.955077 0.607426 0.955077 0.611324 0.962891 0.611324 0.962891 0.609371 0.957033 0.609371
0 0.042971 0.011715 0.039064 0.015622 0.037108 0.015622 0.035157 0.017575 0.039064 0.021482 0.042971 0.017575 0.044922 0.017575 0.046873 0.015622
0 0.337891 0.3457 0.333984 0.349607 0.332033 0.349607 0.333984 0.351561 0.333984 0.353514 0.33594 0.355468 0.33594 0.357421 0.339841 0.353514 0.341797 0.353514 0.339841 0.351561 0.339841 0.349607 0.337891 0.347654
0 0.656251 0.437503 0.654295 0.439457 0.650388 0.439457 0.650388 0.445308 0.652344 0.447262 0.652344 0.453122 0.654295 0.451169 0.656251 0.451169 0.658202 0.449215 0.660158 0.449215 0.660158 0.447262 0.658202 0.445308 0.658202 0.44141 0.656251 0.439457
0 0.96094 0.095704 0.958984 0.097657 0.958984 0.099611 0.964842 0.099611 0.966798 0.101564 0.966798 0.099611 0.968748 0.097657 0.966798 0.097657 0.964842 0.095704
0 0.234373 0.798828 0.232422 0.800782 0.230467 0.800782 0.232422 0.802735 0.232422 0.804688 0.234373 0.806642 0.234373 0.808595 0.236329 0.810549 0.23828 0.808595 0.240236 0.808595 0.23828 0.806642 0.23828 0.804688 0.236329 0.802735 0.236329 0.800782
0 0.607424 0.271487 0.605468 0.273441 0.603517 0.273441 0.601561 0.275394 0.59961 0.275394 0.597654 0.277348 0.595703 0.277348 0.597654 0.279301 0.597654 0.281246 0.59961 0.283199 0.601561 0.281246 0.603517 0.281246 0.607424 0.277348 0.609375 0.277348 0.609375 0.275394 0.607424 0.273441
0 0.439452 0.251953 0.437501 0.253906 0.435545 0.253906 0.433594 0.25586 0.429688 0.25586 0.431638 0.257813 0.431638 0.259767 0.433594 0.26172 0.435545 0.259767 0.437501 0.259767 0.441408 0.25586 0.443359 0.25586
0 0.98242 0.375002 0.98242 0.380862 0.980469 0.382816 0.980469 0.386723 0.984376 0.386723 0.986327 0.388676 0.986327 0.382816 0.988282 0.380862 0.988282 0.375002
0 0.648437 0.77148 0.646486 0.773433 0.638673 0.773433 0.638673 0.775387 0.640624 0.77734 0.640624 0.779294 0.64258 0.77734 0.650388 0.77734 0.650388 0.775387 0.648437 0.773433
0 0.955077 0.117192 0.955077 0.12109 0.96094 0.12109 0.962891 0.123043 0.962891 0.119137 0.957033 0.119137
0 0.478515 0.263674 0.476564 0.265627 0.474608 0.265627 0.472657 0.26758 0.46875 0.26758 0.46875 0.269534 0.470701 0.271487 0.470701 0.273441 0.472657 0.271487 0.474608 0.271487 0.476564 0.269534 0.480471 0.269534 0.480471 0.26758 0.478515 0.265627
0 0.962891 0.08789 0.96094 0.089844 0.96094 0.091797 0.958984 0.093751 0.966798 0.093751 0.968748 0.095704 0.968748 0.093751 0.970704 0.091797 0.970704 0.089844 0.964842 0.089844
0 0.972655 0.058597 0.972655 0.060551 0.970704 0.062504 0.970704 0.064449 0.978518 0.064449 0.980469 0.066402 0.980469 0.064449 0.98242 0.062504 0.98242 0.060551 0.974611 0.060551
0 0.535156 0.681639 0.535156 0.6875 0.537112 0.689453 0.537112 0.695313 0.539062 0.69336 0.542969 0.69336 0.542969 0.691406 0.541013 0.689453 0.541013 0.685546 0.539062 0.683593 0.539062 0.681639
0 0.980469 0.603519 0.980469 0.605473 0.978518 0.607426 0.978518 0.609371 0.984376 0.609371 0.986327 0.607426 0.986327 0.603519
0 0.625002 0.03711 0.625002 0.041016 0.634766 0.041016 0.634766 0.03711
0 0.939455 0.132811 0.939455 0.134764 0.937499 0.136717 0.937499 0.138671 0.943357 0.138671 0.945313 0.140624 0.945313 0.138671 0.947264 0.136717 0.947264 0.134764 0.941406 0.134764
0 0.666015 0.804688 0.664065 0.806642 0.656251 0.806642 0.656251 0.808595 0.658202 0.810549 0.658202 0.812502 0.660158 0.810549 0.666015 0.810549
0 0.621095 0.759768 0.619139 0.761721 0.613281 0.761721 0.613281 0.763675 0.615232 0.765628 0.617188 0.765628 0.619139 0.763675 0.623046 0.763675 0.621095 0.761721
0 0.99414 0.367188 0.99414 0.369142 0.992189 0.371095 1 0.371095 1 0.373049 1 0.371095 1 0.369142 1 0.367188
0 0.953126 0.621091 0.953126 0.623045 0.95117 0.624998 0.95117 0.626952 0.958984 0.626952 0.958984 0.624998 0.96094 0.623045 0.955077 0.623045
0 0.078127 0.060551 0.072264 0.066402 0.07422 0.066402 0.078127 0.070309 0.080078 0.068356 0.080078 0.066402 0.082029 0.064449
0 0.988282 0.074216 0.988282 0.07617 0.986327 0.078123 0.986327 0.080077 0.996096 0.080077 0.998047 0.08203 0.998047 0.080077 0.999998 0.078123 0.999998 0.07617 0.990233 0.07617
0 0.166017 0.056644 0.16211 0.060551 0.160154 0.060551 0.158204 0.062504 0.16211 0.066402 0.166017 0.062504 0.167968 0.062504 0.169924 0.060551
0 0.996096 0.359375 0.996096 0.365235 1 0.365235 1 0.367188 1 0.361328 0.998047 0.361328
0 0.218751 0.779294 0.212888 0.785154 0.214844 0.785154 0.218751 0.789061 0.218751 0.787107 0.220702 0.785154 0.220702 0.781247 0.222658 0.779294
0 0.640624 0.29492 0.638673 0.296873 0.636717 0.296873 0.634766 0.298827 0.630859 0.298827 0.63281 0.30078 0.63281 0.302734 0.634766 0.304687 0.634766 0.30664 0.636717 0.304687 0.638673 0.304687 0.64258 0.30078 0.64453 0.30078 0.64258 0.298827 0.64258 0.296873
0 0.623046 0.062504 0.623046 0.070309 0.63281 0.070309 0.63281 0.062504
0 0.931642 0.070309 0.931642 0.072263 0.929686 0.074216 0.929686 0.07617 0.937499 0.07617 0.939455 0.078123 0.939455 0.07617 0.941406 0.074216 0.941406 0.072263 0.933593 0.072263
0 0.957033 0.689453 0.957033 0.69336 0.96094 0.69336 0.962891 0.691406 0.964842 0.691406 0.966798 0.689453
0 0.552734 0.437503 0.552734 0.44141 0.55469 0.443364 0.55469 0.449215 0.55664 0.447262 0.558591 0.447262 0.558591 0.443364 0.55664 0.44141 0.55664 0.437503
0 0.408203 0.619138 0.408203 0.628905 0.412109 0.628905 0.412109 0.619138
0 0.919921 0.115238 0.919921 0.117192 0.91797 0.119137 0.91797 0.12109 0.923828 0.12109 0.925779 0.123043 0.927735 0.12109 0.927735 0.119137 0.929686 0.117192 0.921877 0.117192
0 0.660158 0.779294 0.658202 0.781247 0.650388 0.781247 0.650388 0.785154 0.652344 0.783201 0.660158 0.783201
0 0.648437 0.439457 0.646486 0.44141 0.64258 0.44141 0.64258 0.443364 0.64453 0.445308 0.64453 0.449215 0.646486 0.451169 0.646486 0.453122 0.648437 0.451169 0.650388 0.451169 0.650388 0.447262 0.648437 0.445308
0 0.58789 0.751954 0.585939 0.753908 0.580076 0.753908 0.582032 0.755861 0.582032 0.757815 0.583983 0.755861 0.58789 0.755861
0 0.330077 0.324221 0.32617 0.328128 0.330077 0.332035 0.330077 0.333989 0.332033 0.335933 0.333984 0.333989 0.333984 0.330082 0.332033 0.328128 0.332033 0.326175
0 0.937499 0.177731 0.937499 0.183591 0.943357 0.183591 0.945313 0.185545 0.945313 0.183591 0.947264 0.181638 0.947264 0.179684 0.939455 0.179684
0 0.958984 0.681639 0.958984 0.683593 0.957033 0.685546 0.957033 0.6875 0.966798 0.6875 0.966798 0.685546 0.964842 0.685546 0.962891 0.683593 0.96094 0.683593
0 0.958984 0.064449 0.958984 0.066402 0.957033 0.068356 0.957033 0.070309 0.964842 0.070309 0.966798 0.072263 0.966798 0.070309 0.968748 0.068356 0.966798 0.066402 0.964842 0.066402 0.962891 0.064449
0 0.970704 0.550785 0.970704 0.552739 0.968748 0.554683 0.980469 0.554683 0.980469 0.550785
0 0.59961 0.035156 0.59961 0.03711 0.601561 0.039063 0.61133 0.039063 0.609375 0.03711 0.609375 0.035156
0 0.242187 0.796875 0.23828 0.800782 0.240236 0.802735 0.240236 0.804688 0.242187 0.806642 0.242187 0.808595 0.244143 0.810549 0.246094 0.808595 0.248044 0.808595 0.246094 0.806642 0.246094 0.804688 0.244143 0.802735 0.244143 0.800782 0.242187 0.798828
0 0.164061 0.623045 0.164061 0.630859 0.173826 0.630859 0.173826 0.624998 0.166017 0.624998
0 0.630859 0.742187 0.63281 0.744141 0.63281 0.746094 0.634766 0.744141 0.640624 0.744141 0.640624 0.742187
0 0.210938 0.769535 0.210938 0.77148 0.208987 0.773433 0.208987 0.775387 0.207031 0.77734 0.208987 0.779294 0.208987 0.77734 0.212888 0.773433 0.212888 0.77148
0 0.601561 0.814456 0.59961 0.816409 0.597654 0.816409 0.595703 0.818362 0.591796 0.818362 0.593752 0.820316 0.593752 0.822269 0.595703 0.820316 0.601561 0.820316
0 0.160154 0.271487 0.158204 0.273441 0.156248 0.273441 0.152346 0.277348 0.15039 0.277348 0.154297 0.281246 0.156248 0.279301 0.158204 0.279301 0.16211 0.275394 0.164061 0.275394
0 0 0.376955 0 0.380862 0 0.380862 0 0.384769 0 0.386723 0 0.388676 0 0.386723 0.000001 0.386723 0.000001 0.384769 0 0.382816 0 0.380862 0 0.378909
0 0.974611 0.531251 0.974611 0.537111 0.976562 0.537111 0.978518 0.539065 0.980469 0.537111 0.984376 0.537111 0.984376 0.533204 0.976562 0.533204
0 0.484378 0.275394 0.482422 0.277348 0.480471 0.277348 0.476564 0.281246 0.474608 0.281246 0.476564 0.283199 0.476564 0.285153 0.478515 0.283199 0.480471 0.283199 0.482422 0.281246 0.486328 0.281246 0.486328 0.279301 0.484378 0.277348
0 0.640624 0.720699 0.638673 0.722653 0.634766 0.722653 0.63281 0.724606 0.628908 0.724606 0.628908 0.730467 0.630859 0.728513 0.634766 0.728513 0.636717 0.72656 0.64258 0.72656 0.64258 0.724606 0.640624 0.722653
0 0.996096 0.548832 0.996096 0.554683 1 0.554683 1 0.548832
0 0.937499 0.050784 0.937499 0.056644 0.945313 0.056644 0.947264 0.058597 0.947264 0.052737 0.939455 0.052737
0 0.482422 0.283199 0.480471 0.285153 0.478515 0.285153 0.478515 0.28906 0.480471 0.291013 0.484378 0.287106 0.486328 0.287106 0.488279 0.285153 0.486328 0.283199
0 0.585939 0.419922 0.583983 0.421876 0.580076 0.421876 0.580076 0.425783 0.582032 0.427736 0.582032 0.433596 0.583983 0.431643 0.589846 0.431643 0.589846 0.429689 0.58789 0.427736 0.58789 0.423829 0.585939 0.421876
0 0.925779 0.097657 0.925779 0.099611 0.923828 0.101564 0.925779 0.101564 0.927735 0.103518 0.929686 0.103518 0.931642 0.105471 0.931642 0.103518 0.933593 0.101564 0.933593 0.099611 0.935548 0.097657
0 0.937499 0.140624 0.937499 0.142578 0.935548 0.144531 0.943357 0.144531 0.945313 0.146485 0.945313 0.142578 0.943357 0.140624
0 0.601561 0 0.601561 0.005863 0.61133 0.005863 0.61133 0.000003 0.603517 0.000003
0 0.218751 0.796875 0.218751 0.798828 0.220702 0.800782 0.220702 0.806642 0.222658 0.808595 0.222658 0.810549 0.224609 0.808595 0.228516 0.808595 0.226565 0.806642 0.226565 0.804688 0.224609 0.802735 0.224609 0.800782 0.222658 0.798828 0.222658 0.796875
0 0.83008 0.019529 0.828124 0.021482 0.820311 0.021482 0.820311 0.027342 0.822267 0.025389 0.83008 0.025389
0 0.458986 0.283199 0.453123 0.28906 0.451172 0.28906 0.449216 0.291013 0.451172 0.292966 0.451172 0.29492 0.453123 0.292966 0.455079 0.292966 0.458986 0.28906 0.460937 0.28906 0.460937 0.287106 0.458986 0.285153
0 0.619139 0.744141 0.617188 0.746094 0.61133 0.746094 0.61133 0.750001 0.619139 0.750001 0.621095 0.748048 0.619139 0.746094
0 0.25 0.779294 0.248044 0.781247 0.248044 0.783201 0.244143 0.787107 0.248044 0.791014 0.25 0.789061 0.25 0.787107 0.251951 0.785154 0.251951 0.783201 0.253907 0.781247 0.251951 0.781247
0 0.351562 0.449215 0.349611 0.451169 0.343748 0.451169 0.343748 0.453122 0.345704 0.455075 0.345704 0.457029 0.347655 0.455075 0.349611 0.455075 0.351562 0.453122 0.353518 0.453122 0.351562 0.451169
0 0.929686 0.933598 0.929686 0.94531 0.931642 0.943356 0.933593 0.943356 0.933593 0.933598
0 0.656251 0.759768 0.654295 0.761721 0.646486 0.761721 0.646486 0.763675 0.648437 0.765628 0.648437 0.769535 0.650388 0.767582 0.652344 0.767582 0.654295 0.765628 0.658202 0.765628 0.658202 0.763675 0.656251 0.761721
0 0.931642 0.164066 0.931642 0.166019 0.929686 0.167972 0.929686 0.169926 0.937499 0.169926 0.939455 0.171871 0.939455 0.169926 0.941406 0.167972 0.939455 0.166019 0.933593 0.166019
0 0.933593 0.156252 0.933593 0.162112 0.935548 0.162112 0.937499 0.164066 0.939455 0.164066 0.941406 0.166019 0.941406 0.164066 0.943357 0.162112 0.943357 0.160159 0.939455 0.160159 0.937499 0.158205 0.935548 0.158205
0 0.367189 0.48633 0.365233 0.488284 0.363282 0.488284 0.361326 0.490237 0.359375 0.490237 0.357419 0.492191 0.355469 0.492191 0.357419 0.494144 0.357419 0.496098 0.359375 0.498051 0.361326 0.496098 0.363282 0.496098 0.367189 0.492191 0.36914 0.492191 0.36914 0.490237 0.367189 0.488284
0 0.580076 0.433596 0.578125 0.43555 0.576174 0.43555 0.574218 0.437503 0.572268 0.437503 0.572268 0.44141 0.574218 0.443364 0.574218 0.449215 0.576174 0.447262 0.582032 0.447262 0.582032 0.44141 0.580076 0.439457
0 0.919921 0.933598 0.919921 0.943356 0.925779 0.943356 0.925779 0.933598
0 0.710936 0.128904 0.710936 0.140624 0.716799 0.140624 0.716799 0.128904
0 0.73047 0.12695 0.73047 0.138671 0.732421 0.138671 0.734377 0.140624 0.734377 0.134764 0.736328 0.132811 0.736328 0.12695
0 0.625002 0.019529 0.625002 0.025389 0.634766 0.025389 0.634766 0.021482 0.626953 0.021482
0 0.625002 0.259767 0.623046 0.26172 0.621095 0.26172 0.619139 0.263674 0.617188 0.263674 0.615232 0.265627 0.613281 0.265627 0.617188 0.269534 0.617188 0.271487 0.619139 0.273441 0.621095 0.271487 0.623046 0.271487 0.626953 0.26758 0.628908 0.26758 0.626953 0.265627 0.626953 0.263674 0.625002 0.26172
0 0.957033 0.101564 0.957033 0.103518 0.955077 0.105471 0.955077 0.107425 0.962891 0.107425 0.964842 0.109378 0.964842 0.107425 0.966798 0.105471 0.962891 0.105471 0.96094 0.103518 0.958984 0.103518
0 0.466794 0.298827 0.464844 0.30078 0.462893 0.30078 0.458986 0.304687 0.45703 0.304687 0.458986 0.30664 0.458986 0.308594 0.460937 0.310547 0.462893 0.308594 0.464844 0.308594 0.46875 0.304687 0.470701 0.304687 0.46875 0.302734 0.46875 0.30078
0 0.630859 0.804688 0.628908 0.806642 0.626953 0.806642 0.625002 0.808595 0.621095 0.808595 0.621095 0.810549 0.623046 0.812502 0.623046 0.814456 0.625002 0.812502 0.626953 0.812502 0.628908 0.810549 0.63281 0.810549 0.63281 0.808595 0.630859 0.806642
0 0.257814 0.77734 0.255858 0.779294 0.255858 0.781247 0.253907 0.783201 0.253907 0.785154 0.251951 0.787107 0.253907 0.787107 0.255858 0.789061 0.257814 0.787107 0.257814 0.785154 0.259765 0.783201 0.259765 0.781247 0.261721 0.779294 0.259765 0.779294
0 0.96094 0.585938 0.96094 0.587892 0.958984 0.589845 0.958984 0.591799 0.970704 0.591799 0.970704 0.585938
0 0.593752 0.783201 0.591796 0.785154 0.583983 0.785154 0.583983 0.787107 0.585939 0.789061 0.585939 0.791014 0.58789 0.789061 0.589846 0.789061 0.591796 0.787107 0.595703 0.787107 0.593752 0.785154
0 0.64258 0.751954 0.640624 0.753908 0.634766 0.753908 0.634766 0.759768 0.636717 0.757815 0.64453 0.757815 0.64453 0.755861 0.64258 0.753908
0 0.941406 0.529297 0.941406 0.531251 0.939455 0.533204 0.939455 0.535158 0.945313 0.535158 0.947264 0.533204 0.94922 0.533204 0.94922 0.529297
0 0.044922 0.681639 0.044922 0.689453 0.056642 0.689453 0.056642 0.683593 0.046873 0.683593
1 0.654295 0.376955 0.652344 0.378909 0.648437 0.378909 0.648437 0.382816 0.650388 0.384769 0.650388 0.390621 0.652344 0.392574 0.652344 0.396481 0.654295 0.394528 0.658202 0.394528 0.658202 0.390621 0.656251 0.388676 0.656251 0.382816 0.654295 0.380862
0 0.613281 0.765628 0.61133 0.767582 0.603517 0.767582 0.603517 0.769535 0.605468 0.77148 0.605468 0.773433 0.607424 0.77148 0.615232 0.77148 0.615232 0.769535 0.613281 0.767582
0 0.615232 0.423829 0.613281 0.425783 0.609375 0.425783 0.609375 0.429689 0.61133 0.431643 0.61133 0.43555 0.613281 0.433596 0.617188 0.433596 0.617188 0.429689 0.615232 0.427736
0 0.972655 0.542971 0.972655 0.546878 0.98242 0.546878 0.98242 0.542971
0 0.359375 0.330082 0.353518 0.335933 0.353518 0.337887 0.355469 0.33984 0.355469 0.341794 0.357419 0.343747 0.357419 0.3457 0.359375 0.343747 0.361326 0.343747 0.363282 0.341794 0.365233 0.341794 0.363282 0.33984 0.363282 0.337887 0.361326 0.335933 0.361326 0.333989 0.359375 0.332035
0 0.462893 0.292966 0.460937 0.29492 0.458986 0.29492 0.455079 0.298827 0.453123 0.298827 0.455079 0.30078 0.455079 0.302734 0.458986 0.302734 0.464844 0.296873 0.462893 0.29492
0 0.572268 0.423829 0.572268 0.427736 0.574218 0.429689 0.574218 0.43555 0.576174 0.433596 0.578125 0.433596 0.580076 0.431643 0.578125 0.429689 0.578125 0.427736 0.576174 0.425783 0.576174 0.423829
0 0.986327 0.583985 0.986327 0.591799 0.992189 0.591799 0.992189 0.583985
0 0.621095 0.750001 0.619139 0.751954 0.61133 0.751954 0.61133 0.753908 0.613281 0.755861 0.613281 0.757815 0.615232 0.755861 0.623046 0.755861 0.623046 0.753908 0.621095 0.751954
0 0.210938 0.77734 0.210938 0.779294 0.208987 0.781247 0.208987 0.783201 0.207031 0.785154 0.208987 0.785154 0.210938 0.787107 0.210938 0.785154 0.214844 0.781247 0.214844 0.779294 0.212888 0.77734
0 0.623046 0.77148 0.621095 0.773433 0.617188 0.773433 0.617188 0.77734 0.619139 0.775387 0.625002 0.775387 0.623046 0.773433
0 0.160154 0.791014 0.160154 0.796875 0.169924 0.796875 0.169924 0.792968 0.16211 0.792968
0 0.621095 0.251953 0.619139 0.253906 0.617188 0.253906 0.615232 0.25586 0.613281 0.25586 0.61133 0.257813 0.609375 0.257813 0.609375 0.259767 0.61133 0.26172 0.61133 0.263674 0.613281 0.26172 0.615232 0.26172 0.617188 0.259767 0.619139 0.259767 0.621095 0.257813 0.623046 0.257813 0.623046 0.25586 0.621095 0.253906
0 0.160154 0.050784 0.154297 0.056644 0.158204 0.060551 0.16211 0.056644 0.164061 0.056644 0.166017 0.054691 0.164061 0.054691
0 0.654295 0.744141 0.652344 0.746094 0.648437 0.746094 0.646486 0.748048 0.64258 0.748048 0.64258 0.750001 0.64453 0.751954 0.64453 0.753908 0.646486 0.751954 0.648437 0.751954 0.650388 0.750001 0.654295 0.750001
0 0.23828 0.779294 0.232422 0.785154 0.234373 0.787107 0.234373 0.789061 0.236329 0.787107 0.236329 0.785154 0.240236 0.781247
0 0.218751 0.765628 0.216795 0.767582 0.216795 0.769535 0.214844 0.77148 0.214844 0.773433 0.212888 0.775387 0.216795 0.779294 0.218751 0.77734 0.218751 0.775387 0.220702 0.773433 0.220702 0.77148 0.222658 0.769535
0 0.964842 0.914064 0.964842 0.919924 0.962891 0.921877 0.962891 0.925784 0.968748 0.925784 0.968748 0.914064
0 0.625002 0.04297 0.625002 0.04883 0.636717 0.04883 0.636717 0.04297
0 0.945313 0.595706 0.945313 0.603519 0.947264 0.601566 0.955077 0.601566 0.955077 0.595706
0 0.361326 0.47461 0.359375 0.476563 0.357419 0.476563 0.355469 0.478517 0.353518 0.478517 0.353518 0.48047 0.355469 0.482424 0.355469 0.484377 0.357419 0.482424 0.359375 0.482424 0.361326 0.48047 0.363282 0.48047 0.363282 0.478517 0.361326 0.476563
0 0.999998 0.535158 0.999998 0.537111 0.998047 0.539065 0.998047 0.541018 1 0.541018 1 0.535158
0 0.59961 0.810549 0.597654 0.812502 0.589846 0.812502 0.589846 0.814456 0.591796 0.816409 0.595703 0.816409 0.597654 0.814456 0.59961 0.814456
0 0.232422 0.779294 0.230467 0.781247 0.222658 0.781247 0.222658 0.785154 0.230467 0.785154 0.232422 0.783201
0 0.95117 0.083983 0.95117 0.08789 0.94922 0.089844 0.94922 0.091797 0.958984 0.091797 0.958984 0.089844 0.96094 0.08789 0.96094 0.085937 0.953126 0.085937
0 0.941406 0.031249 0.941406 0.03711 0.94922 0.03711 0.95117 0.039063 0.95117 0.03711 0.953126 0.035156 0.953126 0.033203 0.943357 0.033203
0 0.640624 0.73828 0.640624 0.740234 0.64258 0.742187 0.64258 0.746094 0.64453 0.744141 0.652344 0.744141 0.652344 0.742187 0.650388 0.740234 0.650388 0.73828
0 0.251951 0.767582 0.248044 0.77148 0.246094 0.77148 0.244143 0.773433 0.248044 0.77734 0.253907 0.77148 0.251951 0.769535
0 0.931642 0.193358 0.931642 0.195312 0.929686 0.197265 0.929686 0.199219 0.937499 0.199219 0.939455 0.201172 0.939455 0.195312 0.933593 0.195312
0 0.175782 0.04883 0.171875 0.052737 0.169924 0.052737 0.167968 0.054691 0.171875 0.058597 0.175782 0.054691 0.177732 0.054691 0.179688 0.052737
0 0.054686 0.031249 0.048829 0.03711 0.05078 0.039063 0.05078 0.041016 0.052735 0.039063 0.054686 0.039063 0.058593 0.035156 0.060549 0.035156 0.058593 0.035156
0 0.324219 0.330082 0.320313 0.333989 0.318362 0.333989 0.320313 0.335933 0.320313 0.337887 0.322263 0.33984 0.32617 0.335933 0.328126 0.335933 0.32617 0.333989 0.32617 0.332035
0 0.957033 0.109378 0.957033 0.111331 0.955077 0.113285 0.957033 0.113285 0.958984 0.115238 0.96094 0.115238 0.962891 0.117192 0.962891 0.115238 0.964842 0.113285 0.964842 0.111331 0.958984 0.111331
0 0.15039 0.322268 0.148439 0.324221 0.144532 0.324221 0.142576 0.326175 0.13867 0.326175 0.140626 0.328128 0.140626 0.330082 0.142576 0.332035 0.144532 0.330082 0.146483 0.330082 0.148439 0.328128 0.152346 0.328128 0.152346 0.326175 0.15039 0.324221
0 0.94922 0.093751 0.94922 0.095704 0.947264 0.097657 0.947264 0.099611 0.957033 0.099611 0.957033 0.097657 0.958984 0.095704 0.957033 0.093751
0 0.199217 0.794921 0.199217 0.808595 0.20508 0.808595 0.20508 0.802735 0.203124 0.800782 0.203124 0.794921
0 0.976562 0.523437 0.976562 0.529297 0.988282 0.529297 0.988282 0.527344 0.986327 0.525391 0.986327 0.523437
0 0.925779 0.181638 0.925779 0.187498 0.931642 0.187498 0.933593 0.189452 0.933593 0.187498 0.935548 0.185545 0.933593 0.183591 0.927735 0.183591
0 0.947264 0.107425 0.947264 0.109378 0.945313 0.111331 0.94922 0.111331 0.95117 0.113285 0.953126 0.113285 0.955077 0.115238 0.953126 0.113285 0.955077 0.111331 0.955077 0.109378 0.94922 0.109378
0 0.992189 0.066402 0.992189 0.068356 0.990233 0.070309 0.990233 0.072263 0.998047 0.072263 0.999998 0.074216 0.999998 0.072263 1 0.070309 1 0.068356 0.99414 0.068356
0 0.59961 0.039063 0.59961 0.044923 0.609375 0.044923 0.609375 0.041016 0.601561 0.041016
0 0.664065 0.796875 0.662109 0.798828 0.660158 0.798828 0.658202 0.800782 0.654295 0.800782 0.654295 0.804688 0.656251 0.802735 0.664065 0.802735
0 0.158204 0.736327 0.158204 0.742187 0.167968 0.742187 0.169924 0.744141 0.169924 0.73828 0.160154 0.73828
0 0.929686 0.171871 0.929686 0.173824 0.927735 0.175778 0.931642 0.175778 0.933593 0.177731 0.935548 0.177731 0.937499 0.175778 0.939455 0.175778 0.939455 0.173824 0.941406 0.171871 0.939455 0.173824 0.937499 0.171871
0 0.349611 0.335933 0.345704 0.33984 0.343748 0.33984 0.345704 0.341794 0.345704 0.343747 0.347655 0.3457 0.347655 0.347654 0.349611 0.349607 0.351562 0.347654 0.353518 0.347654 0.355469 0.3457 0.355469 0.343747 0.353518 0.341794 0.353518 0.33984
0 0.824218 0 0.824218 0.000003 0.826173 0 0.832031 0 0.832031 0
0 0.601561 0.009762 0.601561 0.013668 0.609375 0.013668 0.61133 0.015622 0.61133 0.011715 0.603517 0.011715
0 0.953126 0.123043 0.953126 0.128904 0.958984 0.128904 0.96094 0.130857 0.96094 0.124997 0.955077 0.124997
0 0.669922 0.28906 0.667971 0.291013 0.667971 0.292966 0.666015 0.29492 0.669922 0.298827 0.669922 0.30078 0.673829 0.304687 0.679687 0.298827
0 0.029295 0 0.027344 0.000003 0.025393 0.000003 0.023437 0.001956 0.021486 0.001956 0.021486 0.00391 0.023437 0.005863 0.023437 0.007817 0.027344 0.00391 0.029295 0.00391 0.031251 0.001956 0.029295 0.000003
0 0.935548 0.060551 0.935548 0.062504 0.933593 0.064449 0.933593 0.066402 0.941406 0.066402 0.943357 0.068356 0.943357 0.062504 0.937499 0.062504
0 0.589846 0.759768 0.58789 0.761721 0.582032 0.761721 0.582032 0.765628 0.583983 0.763675 0.589846 0.763675
0 0.962891 0.365235 0.962891 0.371095 0.96094 0.373049 0.96094 0.378909 0.964842 0.378909 0.966798 0.380862 0.966798 0.375002 0.968748 0.373049 0.968748 0.367188 0.964842 0.367188