7 0.802731 0.406251 0.802731 0.408199 0.800784 0.410158 0.800784 0.414065 0.798825 0.416013 0.798825 0.41992 0.792973 0.425786 0.789067 0.425786 0.789067 0.427734 0.791014 0.429682 0.791014 0.431642 0.792973 0.431642 0.794919 0.433589 0.794919 0.449218 0.800784 0.449218 0.800784 0.445311 0.802731 0.443363 0.802731 0.437497 0.804689 0.435549 0.804689 0.433589 0.806636 0.431642 0.808594 0.431642 0.810542 0.433589 0.810542 0.437497 0.816405 0.437497 0.818364 0.439456 0.818364 0.431642 0.820311 0.429682 0.820311 0.423827 0.816405 0.423827 0.816405 0.427734 0.814458 0.429682 0.8125 0.429682 0.810542 0.427734 0.808594 0.427734 0.806636 0.425786 0.806636 0.417972 0.808594 0.416013 0.808594 0.408199 0.804689 0.408199
0 0 0.886723 0 0.894526 0 0.896485 0 0.90234 0.011721 0.90234 0.011721 0.88867 0 0.88867
7 0.253908 0.080081 0.253908 0.087895 0.267583 0.087895 0.26953 0.089843 0.26953 0.091791 0.267583 0.09375 0.267583 0.099606 0.263666 0.103513 0.259761 0.103513 0.259761 0.105472 0.271489 0.105472 0.273436 0.10742 0.275394 0.105472 0.277341 0.105472 0.275394 0.105472 0.273436 0.103513 0.273436 0.097658 0.275394 0.095698 0.291017 0.095698 0.292964 0.097658 0.292964 0.095698 0.294922 0.09375 0.294922 0.091791 0.291017 0.091791 0.289058 0.089843 0.287111 0.089843 0.283206 0.085936 0.281247 0.085936 0.275394 0.080081 0.271489 0.080081 0.267583 0.083988 0.259761 0.083988 0.257814 0.082029 0.255856 0.082029
0 0.976566 0.748049 0.976566 0.751956 0.978513 0.753904 0.978513 0.75977 0.980472 0.761718 0.980472 0.765625 0.982419 0.763677 0.984377 0.763677 0.986324 0.761718 0.988283 0.761718 0.988283 0.755863 0.986324 0.753904 0.986324 0.748049
7 0.707028 0.234372 0.707028 0.236331 0.705081 0.238279 0.705081 0.242187 0.703123 0.244145 0.703123 0.246094 0.701176 0.248042 0.701176 0.25 0.699217 0.251948 0.699217 0.253908 0.69727 0.255856 0.69727 0.257815 0.699217 0.259763 0.699217 0.261722 0.701176 0.26367 0.701176 0.265629 0.703123 0.267577 0.703123 0.273432 0.705081 0.275391 0.705081 0.279298 0.707028 0.279298 0.708987 0.277339 0.708987 0.267577 0.710934 0.265629 0.710934 0.26367 0.712892 0.261722 0.718745 0.261722 0.722661 0.265629 0.726567 0.265629 0.726567 0.25 0.722661 0.25 0.722661 0.251948 0.720704 0.253908 0.712892 0.253908 0.710934 0.251948 0.710934 0.234372
7 0.294922 0.314451 0.292964 0.31641 0.291017 0.31641 0.289058 0.318358 0.285152 0.318358 0.287111 0.320317 0.287111 0.322265 0.289058 0.324224 0.289058 0.326172 0.291017 0.32812 0.291017 0.330079 0.292964 0.332027 0.292964 0.333986 0.291017 0.335934 0.289058 0.335934 0.287111 0.337893 0.285152 0.337893 0.281247 0.333986 0.2793 0.333986 0.2793 0.339841 0.281247 0.341801 0.281247 0.343749 0.285152 0.347656 0.289058 0.347656 0.289058 0.343749 0.291017 0.341801 0.294922 0.341801 0.300786 0.347656 0.300786 0.349615 0.304691 0.353511 0.310544 0.353511 0.310544 0.347656 0.308597 0.345708 0.308597 0.343749 0.306638 0.341801 0.306638 0.337893 0.304691 0.335934 0.304691 0.333986 0.308597 0.330079 0.308597 0.32812 0.302733 0.32812 0.298827 0.324224 0.298827 0.322265 0.29688 0.320317 0.29688 0.318358 0.294922 0.31641
0 0.826175 0.753904 0.826175 0.75977 0.833986 0.75977 0.835933 0.761718 0.841797 0.761718 0.843756 0.763677 0.843756 0.75977 0.845703 0.757811 0.845703 0.753904
0 0.964838 0.970708 0.962891 0.972656 0.951174 0.972656 0.951174 0.974605 0.949216 0.976563 0.964838 0.976563
7 0.562501 0.240239 0.562501 0.244145 0.560543 0.246094 0.560543 0.253908 0.558596 0.255856 0.558596 0.26367 0.556637 0.265629 0.556637 0.267577 0.55469 0.269536 0.542974 0.269536 0.541015 0.267577 0.541015 0.255856 0.53711 0.255856 0.53711 0.261722 0.535151 0.26367 0.535151 0.273432 0.533204 0.275391 0.533204 0.279298 0.53711 0.279298 0.539068 0.281246 0.541015 0.279298 0.541015 0.277339 0.54492 0.273432 0.550785 0.273432 0.552732 0.275391 0.552732 0.289061 0.55469 0.291019 0.55469 0.304688 0.562501 0.304688 0.562501 0.300782 0.564448 0.298823 0.564448 0.291019 0.566407 0.289061 0.566407 0.281246 0.568354 0.279298 0.568354 0.277339 0.570312 0.275391 0.574218 0.275391 0.576176 0.273432 0.574218 0.271484 0.574218 0.269536 0.570312 0.269536 0.568354 0.267577 0.568354 0.240239
0 0.144531 0.884764 0.144531 0.894526 0.142572 0.896485 0.142572 0.904299 0.150395 0.904299 0.152342 0.906247 0.152342 0.886723 0.14649 0.886723
0 0.429691 0.724607 0.427732 0.726565 0.414057 0.726565 0.414057 0.73242 0.425785 0.73242 0.427732 0.734379 0.427732 0.730473 0.429691 0.728513
0 0.26953 0.83789 0.26953 0.839849 0.267583 0.841797 0.267583 0.843745 0.273436 0.843745 0.275394 0.845704 0.281247 0.845704 0.283206 0.847652 0.283206 0.843745 0.285152 0.841797 0.285152 0.839849 0.271489 0.839849
0 0.869136 0.808592 0.867189 0.810551 0.86523 0.810551 0.863283 0.812499 0.859378 0.812499 0.861325 0.814458 0.861325 0.816406 0.86523 0.820313 0.86523 0.822261 0.867189 0.82422 0.867189 0.826168 0.869136 0.828127 0.869136 0.826168 0.871094 0.82422 0.871094 0.818354 0.869136 0.816406
0 0.714839 0.773439 0.714839 0.777347 0.712892 0.779294 0.712892 0.783202 0.730473 0.783202 0.73242 0.785161 0.73242 0.779294 0.728514 0.779294 0.726567 0.777347 0.722661 0.777347 0.720704 0.775387 0.716798 0.775387
0 0.921877 0.796871 0.919919 0.79883 0.917972 0.79883 0.916013 0.800778 0.912108 0.800778 0.914066 0.802737 0.914066 0.804685 0.919919 0.810551 0.919919 0.812499 0.921877 0.814458 0.925783 0.810551 0.92773 0.810551 0.92773 0.808592 0.925783 0.806644 0.925783 0.804685 0.923824 0.802737 0.923824 0.800778 0.921877 0.79883
0 0.921877 0.898433 0.921877 0.904299 0.92773 0.904299 0.929688 0.906247 0.933594 0.906247 0.935553 0.908206 0.935553 0.906247 0.933594 0.904299 0.933594 0.900392 0.923824 0.900392
0 0.912108 0.95508 0.912108 0.960935 0.925783 0.960935 0.92773 0.962894 0.92773 0.95508
0 0.908202 0.794923 0.906255 0.796871 0.900391 0.796871 0.900391 0.79883 0.902338 0.800778 0.902338 0.802737 0.904297 0.804685 0.904297 0.806644 0.906255 0.808592 0.906255 0.810551 0.908202 0.812499 0.908202 0.814458 0.910161 0.812499 0.912108 0.812499 0.914066 0.810551 0.916013 0.810551 0.914066 0.808592 0.914066 0.806644 0.912108 0.804685 0.912108 0.802737 0.910161 0.800778 0.910161 0.79883 0.908202 0.796871
0 0.341799 0.937504 0.341799 0.945318 0.357422 0.945318 0.35938 0.947266 0.35938 0.945318 0.357422 0.943359 0.357422 0.941411 0.351558 0.941411 0.34961 0.939452 0.343747 0.939452
7 0.14649 0.417972 0.14649 0.421879 0.144531 0.423827 0.144531 0.429682 0.142572 0.431642 0.142572 0.433589 0.140625 0.435549 0.132814 0.435549 0.132814 0.441403 0.13672 0.441403 0.138667 0.443363 0.140625 0.443363 0.142572 0.445311 0.142572 0.453125 0.144531 0.455073 0.144531 0.462887 0.14649 0.462887 0.148437 0.460939 0.150395 0.460939 0.150395 0.457032 0.152342 0.455073 0.152342 0.449218 0.154301 0.447269 0.154301 0.445311 0.156248 0.443363 0.160153 0.443363 0.164059 0.447269 0.164059 0.449218 0.167964 0.449218 0.167964 0.433589 0.162111 0.433589 0.160153 0.435549 0.152342 0.435549 0.150395 0.433589 0.150395 0.431642 0.152342 0.429682 0.152342 0.423827 0.154301 0.421879 0.154301 0.417972
0 0.609379 0.757811 0.609379 0.75977 0.60742 0.761718 0.60742 0.763677 0.615232 0.763677 0.61719 0.765625 0.625001 0.765625 0.626948 0.767573 0.626948 0.75977 0.611326 0.75977
0 0.814458 0.898433 0.814458 0.90234 0.8125 0.904299 0.8125 0.910154 0.810542 0.912113 0.810542 0.91602 0.8125 0.914061 0.820311 0.914061 0.820311 0.906247 0.822269 0.904299 0.822269 0.898433
0 0.644528 0.722658 0.644528 0.726565 0.642581 0.728513 0.642581 0.730473 0.660151 0.730473 0.662109 0.73242 0.662109 0.724607 0.646487 0.724607
0 0.560543 0.749997 0.560543 0.751956 0.562501 0.753904 0.562501 0.755863 0.570312 0.755863 0.572271 0.757811 0.578123 0.757811 0.580081 0.75977 0.580081 0.751956 0.562501 0.751956
7 0.964838 0.179684 0.964838 0.181643 0.962891 0.183591 0.962891 0.185551 0.960933 0.187499 0.960933 0.189457 0.958986 0.191406 0.958986 0.193365 0.957027 0.195312 0.95508 0.195312 0.95508 0.197261 0.953122 0.19922 0.953122 0.201168 0.95508 0.201168 0.957027 0.203127 0.957027 0.207034 0.958986 0.208982 0.958986 0.216796 0.964838 0.216796 0.964838 0.210941 0.966797 0.208982 0.966797 0.205075 0.968755 0.203127 0.974607 0.203127 0.976566 0.205075 0.976566 0.207034 0.978513 0.208982 0.978513 0.210941 0.980472 0.208982 0.980472 0.191406 0.978513 0.191406 0.978513 0.195312 0.976566 0.197261 0.970702 0.197261 0.968755 0.195312 0.968755 0.189457 0.970702 0.187499 0.970702 0.179684
7 0.273436 0.427734 0.273436 0.429682 0.271489 0.431642 0.271489 0.435549 0.26953 0.437497 0.26953 0.441403 0.265625 0.445311 0.255856 0.445311 0.253908 0.443363 0.25195 0.445311 0.255856 0.449218 0.259761 0.449218 0.261719 0.451177 0.263666 0.451177 0.265625 0.453125 0.265625 0.470701 0.273436 0.470701 0.273436 0.468753 0.275394 0.466794 0.275394 0.455073 0.277341 0.453125 0.285152 0.453125 0.285152 0.449218 0.281247 0.449218 0.2793 0.447269 0.2793 0.427734
0 0.910161 0.964842 0.910161 0.968749 0.908202 0.970708 0.908202 0.974605 0.923824 0.974605 0.923824 0.966801 0.912108 0.966801
0 0.998052 0.978511 0.998052 0.984377 0.999999 0.986326 0.999999 0.99414 1 0.99414 1 0.996099 1 0.990232 1 0.988285 1 0.980471 0.999999 0.980471
0 0.972661 0.978511 0.972661 0.986326 0.970702 0.988285 0.970702 0.99414 0.978513 0.99414 0.978513 0.980471 0.974607 0.980471
0 0.658204 0.830075 0.656245 0.832035 0.656245 0.833982 0.654298 0.835942 0.654298 0.83789 0.652339 0.839849 0.652339 0.841797 0.650393 0.843745 0.650393 0.845704 0.648434 0.847652 0.650393 0.847652 0.654298 0.851559 0.656245 0.851559 0.658204 0.853518 0.658204 0.851559 0.660151 0.849611 0.660151 0.847652 0.662109 0.845704 0.662109 0.843745 0.664068 0.841797 0.664068 0.839849 0.666015 0.83789
0 0.929688 0.796871 0.92773 0.79883 0.925783 0.79883 0.925783 0.800778 0.92773 0.802737 0.92773 0.806644 0.929688 0.808592 0.929688 0.816406 0.931635 0.818354 0.935553 0.818354 0.9375 0.816406 0.939458 0.816406 0.9375 0.814458 0.9375 0.812499 0.935553 0.810551 0.935553 0.808592 0.933594 0.806644 0.933594 0.804685 0.931635 0.802737 0.931635 0.800778 0.929688 0.79883
7 0.675784 0.382809 0.675784 0.388674 0.673826 0.390623 0.673826 0.396489 0.671878 0.398437 0.666015 0.398437 0.666015 0.402344 0.66992 0.402344 0.671878 0.404292 0.671878 0.417972 0.673826 0.41992 0.673826 0.421879 0.675784 0.41992 0.677731 0.41992 0.677731 0.412106 0.679689 0.410158 0.679689 0.406251 0.681636 0.404292 0.685542 0.404292 0.6875 0.406251 0.6875 0.408199 0.691406 0.408199 0.693365 0.410158 0.693365 0.404292 0.691406 0.402344 0.691406 0.394529 0.689448 0.394529 0.689448 0.398437 0.6875 0.400396 0.681636 0.400396 0.679689 0.398437 0.679689 0.392581 0.681636 0.390623 0.681636 0.382809
0 0.929688 0.820313 0.92773 0.822261 0.921877 0.822261 0.921877 0.82422 0.923824 0.826168 0.923824 0.830075 0.925783 0.832035 0.925783 0.83789 0.92773 0.839849 0.92773 0.841797 0.935553 0.833982 0.933594 0.832035 0.933594 0.828127 0.931635 0.826168 0.931635 0.82422 0.929688 0.822261
0 0.664068 0.767573 0.664068 0.769532 0.662109 0.77148 0.662109 0.773439 0.66992 0.773439 0.671878 0.775387 0.677731 0.775387 0.679689 0.777347 0.679689 0.775387 0.681636 0.773439 0.681636 0.77148 0.683595 0.769532 0.666015 0.769532
7 0.953122 0.244145 0.953122 0.246094 0.951174 0.248042 0.951174 0.253908 0.949216 0.255856 0.949216 0.257815 0.947269 0.259763 0.943363 0.259763 0.945311 0.261722 0.945311 0.26367 0.947269 0.265629 0.947269 0.277339 0.949216 0.279298 0.949216 0.281246 0.953122 0.281246 0.953122 0.277339 0.95508 0.275391 0.95508 0.269536 0.958986 0.265629 0.964838 0.271484 0.968755 0.271484 0.968755 0.253908 0.968755 0.255856 0.964838 0.259763 0.960933 0.259763 0.958986 0.257815 0.958986 0.251948 0.960933 0.25 0.960933 0.244145
0 0.978513 0.923823 0.976566 0.925783 0.957027 0.925783 0.957027 0.931638 0.974607 0.931638 0.976566 0.933597 0.976566 0.929689 0.978513 0.927731
7 0.69727 0.285153 0.69727 0.287112 0.695312 0.289061 0.695312 0.292968 0.693365 0.294927 0.693365 0.296875 0.6875 0.30273 0.685542 0.30273 0.685542 0.306637 0.6875 0.306637 0.689448 0.308596 0.689448 0.314451 0.6875 0.31641 0.6875 0.322265 0.691406 0.322265 0.693365 0.324224 0.695312 0.324224 0.695312 0.318358 0.69727 0.31641 0.69727 0.314451 0.699217 0.312503 0.707028 0.312503 0.708987 0.314451 0.710934 0.312503 0.712892 0.312503 0.712892 0.300782 0.708987 0.300782 0.708987 0.30273 0.707028 0.304688 0.701176 0.304688 0.699217 0.30273 0.699217 0.300782 0.701176 0.298823 0.701176 0.294927 0.703123 0.292968 0.703123 0.291019 0.705081 0.289061 0.705081 0.287112 0.699217 0.287112
0 0.912108 0.935544 0.912108 0.939452 0.910161 0.941411 0.910161 0.943359 0.923824 0.943359 0.925783 0.945318 0.925783 0.941411 0.923824 0.941411 0.921877 0.939452 0.917972 0.939452 0.916013 0.937504 0.914066 0.937504
7 0.042964 0.32812 0.042964 0.332027 0.041018 0.333986 0.041018 0.335934 0.039059 0.337893 0.039059 0.339841 0.035153 0.343749 0.031248 0.343749 0.031248 0.345708 0.033206 0.345708 0.037112 0.349615 0.037112 0.363284 0.039059 0.365232 0.041018 0.363284 0.042964 0.363284 0.042964 0.361325 0.044923 0.359377 0.044923 0.353511 0.048829 0.349615 0.052734 0.353511 0.052734 0.35547 0.054693 0.357418 0.05664 0.35547 0.060545 0.35547 0.060545 0.349615 0.062504 0.347656 0.062504 0.341801 0.060545 0.339841 0.060545 0.337893 0.05664 0.337893 0.05664 0.343749 0.054693 0.345708 0.050776 0.345708 0.048829 0.343749 0.048829 0.330079 0.044923 0.330079
0 0.755865 0.742183 0.755865 0.749997 0.771486 0.749997 0.773433 0.751956 0.773433 0.748049 0.775392 0.746089 0.775392 0.744142 0.757812 0.744142
0 0.619137 0.718751 0.619137 0.720699 0.61719 0.722658 0.61719 0.724607 0.632812 0.724607 0.63477 0.726565 0.63477 0.718751
7 0.470704 0 0.46484 0.000002 0.453124 0.000002 0.453124 0.001951 0.451177 0.00391 0.455082 0.00391 0.457029 0.005857 0.460935 0.005857 0.462893 0.007817 0.466799 0.007817 0.468746 0.009765 0.468746 0.013672 0.46484 0.017579 0.462893 0.017579 0.462893 0.021486 0.46484 0.021486 0.466799 0.023434 0.476557 0.023434 0.478516 0.025393 0.480474 0.023434 0.478516 0.021486 0.478516 0.013672 0.480474 0.011724 0.494138 0.011724 0.496096 0.009765 0.494138 0.007817 0.494138 0.005857 0.490232 0.005857 0.488285 0.00391 0.486327 0.00391 0.484379 0.001951 0.484379 0 0.482421 0 0.480474 0 0.478516 0 0.476557 0
7 0.656245 0.546873 0.656245 0.552739 0.654298 0.554687 0.654298 0.558594 0.652339 0.560542 0.648434 0.560542 0.646487 0.562501 0.646487 0.566408 0.648434 0.566408 0.650393 0.568356 0.650393 0.570315 0.652339 0.572263 0.652339 0.57617 0.658204 0.57617 0.658204 0.570315 0.660151 0.568356 0.660151 0.566408 0.662109 0.564449 0.666015 0.564449 0.667973 0.566408 0.667973 0.568356 0.66992 0.568356 0.671878 0.570315 0.671878 0.558594 0.667973 0.558594 0.666015 0.560542 0.664068 0.560542 0.662109 0.558594 0.662109 0.554687 0.664068 0.552739 0.664068 0.546873
0 0 0.613282 0 0.617189 0 0.619137 0 0.623044 0.017573 0.623044 0.017573 0.61523 0.000004 0.61523
0 0.6875 0.724607 0.685542 0.726565 0.666015 0.726565 0.666015 0.73242 0.683595 0.73242 0.685542 0.734379 0.685542 0.730473 0.6875 0.728513
0 0.9375 0.818354 0.935553 0.820313 0.931635 0.820313 0.931635 0.822261 0.933594 0.82422 0.933594 0.826168 0.935553 0.828127 0.935553 0.832035 0.9375 0.833982 0.9375 0.835942 0.939458 0.83789 0.939458 0.839849 0.941405 0.83789 0.941405 0.835942 0.943363 0.833982 0.943363 0.832035 0.941405 0.830075 0.941405 0.828127 0.939458 0.826168 0.939458 0.822261 0.9375 0.820313
0 0.640623 0.990232 0.640623 0.99414 0.648434 0.99414 0.650393 0.996099 0.658204 0.996099 0.660151 0.998047 0.660151 0.990232
0 0.902338 0.814458 0.900391 0.816406 0.896486 0.816406 0.896486 0.818354 0.898433 0.820313 0.898433 0.822261 0.900391 0.82422 0.900391 0.826168 0.902338 0.828127 0.902338 0.830075 0.904297 0.832035 0.904297 0.833982 0.906255 0.832035 0.908202 0.832035 0.910161 0.830075 0.910161 0.826168 0.906255 0.822261 0.906255 0.820313 0.904297 0.818354 0.904297 0.816406
7 0.830081 0.251948 0.830081 0.257815 0.828122 0.259763 0.828122 0.265629 0.824217 0.269536 0.820311 0.269536 0.820311 0.273432 0.824217 0.273432 0.826175 0.275391 0.826175 0.287112 0.828122 0.289061 0.832028 0.289061 0.832028 0.287112 0.833986 0.285153 0.833986 0.279298 0.837892 0.275391 0.841797 0.275391 0.843756 0.277339 0.843756 0.279298 0.847661 0.279298 0.847661 0.273432 0.849608 0.271484 0.849608 0.265629 0.843756 0.265629 0.841797 0.267577 0.837892 0.267577 0.835933 0.265629 0.835933 0.259763 0.837892 0.257815 0.837892 0.251948
7 0.943363 0.292968 0.943363 0.294927 0.941405 0.296875 0.941405 0.298823 0.939458 0.300782 0.939458 0.30273 0.9375 0.304688 0.9375 0.308596 0.933594 0.312503 0.929688 0.312503 0.931635 0.314451 0.931635 0.31641 0.933594 0.31641 0.935553 0.318358 0.935553 0.333986 0.9375 0.335934 0.941405 0.335934 0.941405 0.332027 0.943363 0.330079 0.943363 0.324224 0.947269 0.320317 0.951174 0.320317 0.95508 0.324224 0.95508 0.326172 0.958986 0.326172 0.958986 0.308596 0.957027 0.308596 0.95508 0.306637 0.95508 0.308596 0.953122 0.310544 0.953122 0.312503 0.951174 0.314451 0.949216 0.314451 0.947269 0.312503 0.947269 0.304688 0.949216 0.30273 0.949216 0.294927 0.945311 0.294927
0 0.808594 0.919928 0.808594 0.935544 0.814458 0.935544 0.814458 0.933597 0.816405 0.931638 0.816405 0.925783 0.818364 0.923823 0.818364 0.921875 0.810542 0.921875
0 0.691406 0.898433 0.691406 0.904299 0.705081 0.904299 0.707028 0.906247 0.707028 0.90234 0.708987 0.900392 0.708987 0.898433
7 0.423827 0 0.42188 0 0.42188 0 0.419921 0 0.404299 0 0.406246 0 0.406246 0 0.417974 0 0.419921 0.000002 0.419921 0.001951 0.417974 0.00391 0.417974 0.005857 0.416016 0.007817 0.416016 0.009765 0.414057 0.011724 0.416016 0.013672 0.427732 0.013672 0.427732 0.009765 0.423827 0.005857 0.423827 0.00391 0.425785 0.001951 0.439449 0.001951 0.439449 0.000002 0.441407 0 0.435543 0 0.433596 0 0.429691 0 0.427732 0 0.427732 0 0.425785 0
7 0.75 0.064453 0.75 0.066401 0.748042 0.06836 0.748042 0.072267 0.746095 0.074215 0.746095 0.076174 0.742189 0.080081 0.740231 0.080081 0.736325 0.076174 0.734378 0.078122 0.73242 0.078122 0.73242 0.085936 0.734378 0.085936 0.736325 0.087895 0.742189 0.087895 0.744136 0.089843 0.744136 0.101565 0.746095 0.101565 0.748042 0.103513 0.748042 0.101565 0.75 0.099606 0.75 0.097658 0.751959 0.095698 0.751959 0.091791 0.755865 0.087895 0.757812 0.087895 0.757812 0.085936 0.75977 0.083988 0.755865 0.080081 0.755865 0.064453
7 0.42188 0.09375 0.419921 0.095698 0.419921 0.097658 0.417974 0.099606 0.417974 0.103513 0.416016 0.105472 0.416016 0.109379 0.41211 0.113286 0.408205 0.113286 0.406246 0.111327 0.406246 0.109379 0.402341 0.109379 0.400394 0.10742 0.400394 0.113286 0.398435 0.115234 0.398435 0.119141 0.408205 0.119141 0.410151 0.121089 0.410151 0.134769 0.414057 0.138676 0.416016 0.138676 0.416016 0.136717 0.417974 0.134769 0.417974 0.130862 0.42188 0.126955 0.423827 0.126955 0.427732 0.123048 0.427732 0.121089 0.429691 0.119141 0.427732 0.117193 0.427732 0.115234 0.425785 0.113286 0.425785 0.097658
0 0.781244 0.744142 0.781244 0.748049 0.779297 0.749997 0.779297 0.753904 0.794919 0.753904 0.796878 0.755863 0.796878 0.746089 0.783203 0.746089
7 0.839839 0.203127 0.839839 0.205075 0.837892 0.207034 0.837892 0.212889 0.835933 0.214848 0.835933 0.218755 0.832028 0.222651 0.826175 0.222651 0.826175 0.226558 0.828122 0.226558 0.830081 0.228517 0.832028 0.228517 0.833986 0.230465 0.833986 0.232424 0.832028 0.234372 0.832028 0.238279 0.830081 0.240239 0.830081 0.242187 0.832028 0.244145 0.832028 0.246094 0.833986 0.244145 0.837892 0.244145 0.837892 0.240239 0.839839 0.238279 0.839839 0.232424 0.843756 0.228517 0.847661 0.228517 0.851567 0.232424 0.851567 0.236331 0.855472 0.236331 0.855472 0.218755 0.849608 0.218755 0.847661 0.216796 0.847661 0.214848 0.845703 0.212889 0.845703 0.203127
1 0.462893 0.181643 0.462893 0.185551 0.460935 0.187499 0.460935 0.193365 0.458988 0.195312 0.458988 0.201168 0.457029 0.203127 0.457029 0.208982 0.455082 0.210941 0.455082 0.214848 0.460935 0.220703 0.462893 0.220703 0.46484 0.218755 0.466799 0.218755 0.466799 0.210941 0.468746 0.208982 0.468746 0.193365 0.470704 0.191406 0.470704 0.183591 0.46484 0.183591
0 0.884769 0.789067 0.880864 0.792964 0.878905 0.792964 0.880864 0.794923 0.880864 0.796871 0.882811 0.79883 0.882811 0.800778 0.884769 0.802737 0.884769 0.804685 0.886716 0.806644 0.886716 0.808592 0.888675 0.806644 0.892581 0.806644 0.892581 0.804685 0.890622 0.802737 0.890622 0.800778 0.888675 0.79883 0.888675 0.796871 0.886716 0.794923 0.886716 0.792964 0.884769 0.791016
0 0.896486 0.794923 0.894527 0.796871 0.890622 0.796871 0.892581 0.79883 0.892581 0.800778 0.894527 0.802737 0.894527 0.804685 0.896486 0.806644 0.896486 0.808592 0.898433 0.810551 0.900391 0.808592 0.902338 0.808592 0.902338 0.806644 0.900391 0.804685 0.900391 0.802737 0.898433 0.800778 0.898433 0.79883 0.896486 0.796871
7 0.378908 0 0.378908 0 0.375002 0 0.361327 0 0.361327 0 0.365233 0 0.367191 0 0.371097 0 0.373044 0 0.373044 0.000002 0.371097 0.001951 0.369138 0.001951 0.369138 0.007817 0.380855 0.007817 0.380855 0.005857 0.382813 0.00391 0.382813 0.001951 0.380855 0.001951 0.378908 0.000002 0.378908 0 0.380855 0 0.39453 0 0.39453 0 0.388677 0 0.386719 0 0.382813 0 0.380855 0 0.380855 0
0 0.999999 0.748049 0.999999 0.751956 1 0.753904 1 0.75977 1 0.761718 1 0.765625 1 0.765625 1 0.767573 1 0.749997 1 0.749997
1 0.447271 0.156253 0.447271 0.16016 0.445313 0.162108 0.445313 0.17187 0.443354 0.173829 0.443354 0.183591 0.441407 0.185551 0.441407 0.195312 0.439449 0.197261 0.439449 0.207034 0.437502 0.208982 0.437502 0.214848 0.441407 0.218755 0.443354 0.216796 0.451177 0.216796 0.451177 0.210941 0.453124 0.208982 0.453124 0.195312 0.455082 0.193365 0.455082 0.181643 0.457029 0.179684 0.457029 0.166015 0.458988 0.164067 0.458988 0.158201 0.449218 0.158201
0 0.47461 0.734379 0.47461 0.738286 0.472651 0.740234 0.472651 0.742183 0.480474 0.742183 0.482421 0.744142 0.490232 0.744142 0.492191 0.746089 0.492191 0.738286 0.484379 0.738286 0.482421 0.736328 0.476557 0.736328
0 0.462893 0.958987 0.462893 0.964842 0.47461 0.964842 0.476557 0.966801 0.476557 0.964842 0.478516 0.962894 0.472651 0.962894 0.470704 0.960935 0.46484 0.960935
0 0.958986 0.91602 0.958986 0.919928 0.974607 0.919928 0.976566 0.921875 0.976566 0.917968 0.960933 0.917968
0 0.568354 0.712896 0.568354 0.718751 0.587893 0.718751 0.58984 0.720699 0.58984 0.716792 0.591798 0.714844 0.591798 0.712896
0 0.6875 0.77148 0.6875 0.779294 0.703123 0.779294 0.705081 0.781253 0.705081 0.777347 0.707028 0.775387 0.707028 0.773439 0.689448 0.773439
0 0.916013 0.927731 0.916013 0.933597 0.931635 0.933597 0.933594 0.935544 0.933594 0.927731
7 0.603515 0.654301 0.601568 0.656249 0.601568 0.662104 0.603515 0.664063 0.603515 0.666011 0.599609 0.669918 0.597651 0.669918 0.593745 0.673825 0.591798 0.673825 0.595704 0.673825 0.597651 0.675785 0.605473 0.675785 0.60742 0.677732 0.60742 0.689454 0.613285 0.689454 0.615232 0.687495 0.61719 0.687495 0.621096 0.683599 0.621096 0.679691 0.619137 0.679691 0.61719 0.677732 0.61719 0.675785 0.615232 0.673825 0.615232 0.66797 0.61719 0.666011 0.619137 0.666011 0.621096 0.664063 0.623043 0.664063 0.625001 0.662104 0.626948 0.662104 0.626948 0.658208 0.625001 0.656249 0.623043 0.658208 0.621096 0.658208 0.619137 0.660156 0.615232 0.660156 0.613285 0.662104 0.609379 0.658208 0.609379 0.656249 0.60742 0.654301
0 0.890622 0.808592 0.886716 0.812499 0.884769 0.812499 0.882811 0.814458 0.884769 0.816406 0.884769 0.818354 0.890622 0.82422 0.890622 0.826168 0.892581 0.828127 0.896486 0.82422 0.896486 0.822261 0.894527 0.820313 0.894527 0.818354 0.892581 0.816406 0.892581 0.812499 0.890622 0.810551
0 0.531246 0.970708 0.531246 0.978511 0.546879 0.978511 0.546879 0.976563 0.548826 0.974605 0.548826 0.972656 0.533204 0.972656
0 0.636717 0.761718 0.636717 0.77148 0.654298 0.77148 0.654298 0.765625 0.646487 0.765625 0.644528 0.763677 0.638676 0.763677
0 0.953122 0.943359 0.953122 0.949214 0.960933 0.949214 0.962891 0.951173 0.970702 0.951173 0.972661 0.953121 0.972661 0.949214 0.974607 0.947266 0.974607 0.945318 0.95508 0.945318
0 0.814458 0.87695 0.814458 0.894526 0.822269 0.894526 0.822269 0.886723 0.824217 0.884764 0.824217 0.87695
7 0.99023 0.552739 0.988283 0.554687 0.988283 0.556646 0.986324 0.558594 0.986324 0.562501 0.984377 0.564449 0.984377 0.566408 0.978513 0.572263 0.974607 0.572263 0.976566 0.574222 0.976566 0.57617 0.978513 0.57617 0.980472 0.578129 0.980472 0.589839 0.982419 0.591799 0.982419 0.593747 0.986324 0.593747 0.986324 0.591799 0.988283 0.589839 0.988283 0.582036 0.99023 0.580077 0.99023 0.578129 0.992188 0.57617 0.996094 0.580077 0.996094 0.582036 0.998052 0.583984 0.998052 0.585932 1 0.585932 1 0.57617 1 0.574222 1 0.566408 0.998052 0.566408 0.998052 0.568356 0.996094 0.570315 0.994135 0.568356 0.994135 0.562501 0.996094 0.560542 0.996094 0.552739
0 0.960933 0.906247 0.960933 0.914061 0.976566 0.914061 0.976566 0.912113 0.978513 0.910154 0.978513 0.908206 0.962891 0.908206
0 0.921877 0.910154 0.921877 0.914061 0.925783 0.914061 0.92773 0.91602 0.929688 0.91602 0.931635 0.917968 0.931635 0.914061 0.933594 0.912113 0.933594 0.910154
0 0.914066 0.814458 0.912108 0.816406 0.910161 0.816406 0.910161 0.820313 0.912108 0.822261 0.912108 0.830075 0.914066 0.832035 0.914066 0.835942 0.917972 0.832035 0.919919 0.832035 0.921877 0.830075 0.919919 0.828127 0.919919 0.826168 0.917972 0.82422 0.917972 0.822261 0.916013 0.820313 0.916013 0.818354 0.914066 0.816406
0 0.951174 0.962894 0.951174 0.968749 0.966797 0.968749 0.968755 0.970708 0.968755 0.968749 0.966797 0.966801 0.966797 0.962894
0 0.730473 0.738286 0.730473 0.746089 0.746095 0.746089 0.748042 0.748049 0.748042 0.740234 0.73242 0.740234
0 0.923824 0.88867 0.923824 0.892578 0.921877 0.894526 0.921877 0.896485 0.935553 0.896485 0.9375 0.898433 0.9375 0.894526 0.939458 0.892578 0.939458 0.89063 0.925783 0.89063
0 0.947269 0.800778 0.945311 0.802737 0.9375 0.802737 0.9375 0.804685 0.939458 0.806644 0.939458 0.810551 0.941405 0.812499 0.941405 0.816406 0.943363 0.818354 0.943363 0.820313 0.951174 0.820313 0.951174 0.816406 0.949216 0.814458 0.949216 0.806644 0.947269 0.804685
0 0.949216 0.982419 0.949216 0.984377 0.947269 0.986326 0.947269 0.988285 0.962891 0.988285 0.962891 0.982419
0 0.222653 0.828127 0.222653 0.833982 0.240233 0.833982 0.242191 0.835942 0.242191 0.830075 0.224611 0.830075
0 0.919919 0.917968 0.919919 0.925783 0.931635 0.925783 0.931635 0.919928 0.929688 0.917968
0 0.304691 0.933597 0.304691 0.941411 0.316408 0.941411 0.318355 0.943359 0.318355 0.937504 0.312502 0.937504 0.310544 0.935544 0.306638 0.935544
0 0.95508 0.933597 0.95508 0.939452 0.970702 0.939452 0.972661 0.941411 0.972661 0.939452 0.974607 0.937504 0.974607 0.935544 0.957027 0.935544
0 0.99023 0.748049 0.99023 0.763677 0.998052 0.763677 0.998052 0.748049
7 0.2793 0.365232 0.2793 0.367191 0.277341 0.369139 0.277341 0.375005 0.273436 0.378901 0.271489 0.378901 0.26953 0.38086 0.267583 0.38086 0.267583 0.382809 0.26953 0.384767 0.26953 0.386715 0.273436 0.390623 0.273436 0.400396 0.275394 0.400396 0.277341 0.398437 0.2793 0.398437 0.2793 0.394529 0.281247 0.392581 0.281247 0.390623 0.283206 0.388674 0.287111 0.388674 0.291017 0.392581 0.291017 0.390623 0.292964 0.388674 0.292964 0.386715 0.294922 0.384767 0.294922 0.382809 0.29688 0.38086 0.29688 0.378901 0.292964 0.378901 0.291017 0.376953 0.291017 0.378901 0.289058 0.38086 0.285152 0.38086 0.283206 0.378901 0.283206 0.373046 0.285152 0.371098 0.285152 0.365232
0 0.900391 0.855466 0.900391 0.859373 0.898433 0.861332 0.898433 0.86328 0.917972 0.86328 0.919919 0.865239 0.919919 0.861332 0.921877 0.859373 0.921877 0.855466
7 0.976566 0.601561 0.976566 0.613282 0.974607 0.61523 0.972661 0.61523 0.970702 0.617189 0.968755 0.617189 0.968755 0.621096 0.966797 0.623044 0.966797 0.625003 0.968755 0.625003 0.970702 0.626951 0.970702 0.632817 0.968755 0.634766 0.968755 0.640621 0.974607 0.640621 0.976566 0.64258 0.976566 0.638672 0.978513 0.636714 0.978513 0.630858 0.982419 0.626951 0.984377 0.626951 0.988283 0.630858 0.988283 0.634766 0.992188 0.634766 0.992188 0.625003 0.994135 0.623044 0.994135 0.61523 0.99023 0.61523 0.99023 0.617189 0.986324 0.621096 0.984377 0.621096 0.982419 0.619137 0.982419 0.609375 0.984377 0.607427 0.984377 0.605468 0.982419 0.605468 0.980472 0.60352 0.978513 0.60352
1 0.490232 0.187499 0.490232 0.19922 0.488285 0.201168 0.488285 0.212889 0.496096 0.212889 0.496096 0.201168 0.498043 0.19922 0.498043 0.189457 0.492191 0.189457
7 0.281247 0.396489 0.281247 0.398437 0.2793 0.400396 0.2793 0.416013 0.277341 0.417972 0.271489 0.417972 0.26953 0.416013 0.26953 0.414065 0.263666 0.414065 0.263666 0.427734 0.265625 0.427734 0.267583 0.425786 0.2793 0.425786 0.281247 0.427734 0.281247 0.435549 0.283206 0.437497 0.283206 0.441403 0.287111 0.441403 0.289058 0.439456 0.291017 0.439456 0.291017 0.429682 0.292964 0.427734 0.292964 0.425786 0.294922 0.423827 0.294922 0.421879 0.29688 0.41992 0.294922 0.417972 0.294922 0.416013 0.292964 0.414065 0.292964 0.412106 0.289058 0.408199 0.289058 0.406251 0.287111 0.404292 0.287111 0.400396 0.285152 0.398437 0.285152 0.396489
0 0.203125 0.82422 0.203125 0.828127 0.201167 0.830075 0.201167 0.832035 0.203125 0.830075 0.2168 0.830075 0.2168 0.828127 0.218747 0.826168 0.218747 0.82422
0 0.38476 0.943359 0.382813 0.945318 0.371097 0.945318 0.371097 0.951173 0.382813 0.951173 0.38476 0.953121
7 0.023437 0.982419 0.02149 0.984377 0 0.984377 0 0.986326 0 0.988285 0 0.990232 0 0.990232 0.000004 0.992192 0.003909 0.992192 0.005857 0.99414 0.005857 0.996099 0.003909 0.998047 0.003909 0.999995 0.000004 1 0 1 0 1 0 1 0 1 0 1 0 1 0 1 0.001951 1 0.003909 1 0.007815 1 0.007815 1 0.009762 1 0.009762 1 0.013668 0.999995 0.015626 0.999995 0.017573 1 0.017573 1 0.02149 1 0.02149 1 0.023437 1 0.023437 1 0.025396 1 0.027343 1 0.027343 0.992192 0.029301 0.990232 0.029301 0.984377 0.027343 0.982419
0 0.476557 0.183591 0.476557 0.187499 0.47461 0.189457 0.47461 0.195312 0.472651 0.197261 0.472651 0.203127 0.470704 0.205075 0.470704 0.210941 0.468746 0.212889 0.468746 0.214848 0.470704 0.216796 0.472651 0.216796 0.476557 0.220703 0.478516 0.218755 0.480474 0.218755 0.480474 0.214848 0.482421 0.212889 0.482421 0.203127 0.484379 0.201168 0.484379 0.191406 0.486327 0.189457 0.486327 0.185551 0.478516 0.185551
0 0.878905 0.806644 0.875 0.810551 0.873041 0.810551 0.871094 0.812499 0.876958 0.818354 0.876958 0.820313 0.880864 0.82422 0.882811 0.822261 0.886716 0.822261 0.882811 0.818354 0.882811 0.816406 0.880864 0.814458 0.880864 0.810551 0.878905 0.808592
0 0.802731 0.748049 0.802731 0.757811 0.818364 0.757811 0.820311 0.75977 0.820311 0.749997 0.804689 0.749997
0 0.964838 0.896485 0.964838 0.900392 0.962891 0.90234 0.962891 0.904299 0.976566 0.904299 0.978513 0.906247 0.978513 0.904299 0.980472 0.90234 0.980472 0.900392 0.974607 0.900392 0.972661 0.898433 0.966797 0.898433
7 0.32226 0 0.32226 0 0.320313 0 0.320313 0 0.318355 0 0.316408 0 0.314449 0 0.310544 0 0.308597 0 0.306638 0 0.308597 0 0.308597 0 0.310544 0 0.316408 0 0.318355 0 0.32226 0 0.326178 0 0.326178 0 0.324219 0 0.32226 0 0.32226 0 0.324219 0 0.324219 0.000002 0.326178 0 0.33203 0 0.333988 0 0.339841 0 0.337894 0 0.337894 0 0.335936 0 0.333988 0 0.333988 0 0.341799 0 0.337894 0 0.335936 0 0.328125 0
7 0.818364 0.296875 0.818364 0.298823 0.816405 0.300782 0.816405 0.306637 0.814458 0.308596 0.814458 0.310544 0.810542 0.314451 0.808594 0.314451 0.806636 0.31641 0.804689 0.31641 0.804689 0.318358 0.802731 0.320317 0.802731 0.322265 0.804689 0.324224 0.804689 0.326172 0.808594 0.330079 0.808594 0.332027 0.810542 0.333986 0.8125 0.333986 0.814458 0.335934 0.814458 0.343749 0.818364 0.343749 0.820311 0.341801 0.820311 0.333986 0.822269 0.332027 0.822269 0.32812 0.824217 0.326172 0.832028 0.326172 0.833986 0.32812 0.833986 0.330079 0.835933 0.332027 0.839839 0.332027 0.839839 0.318358 0.833986 0.318358 0.832028 0.320317 0.826175 0.320317 0.824217 0.318358 0.824217 0.296875
0 0.873041 0.789067 0.869136 0.792964 0.869136 0.794923 0.871094 0.796871 0.871094 0.802737 0.873041 0.804685 0.873041 0.808592 0.878905 0.802737 0.878905 0.800778 0.876958 0.79883 0.876958 0.796871 0.875 0.794923 0.875 0.792964 0.873041 0.791016