0 0.179686 0 0.179686 0.009766 0.187501 0.009766 0.187501 0.005861 0.185547 0.003905 0.185547 0
0 0.679687 0.42578 0.679687 0.431641 0.687499 0.431641 0.687499 0.42578
0 0.794921 0.546876 0.794921 0.550781 0.796875 0.552734 0.796875 0.558594 0.800783 0.558594 0.800783 0.554686 0.798829 0.552734 0.798829 0.546876
0 0.91211 0.773438 0.910156 0.775391 0.910156 0.777343 0.906249 0.781251 0.906249 0.783204 0.904298 0.785156 0.908202 0.785156 0.910156 0.783204 0.910156 0.781251 0.91211 0.779296 0.91211 0.777343 0.914064 0.775391
0 0.716798 0 0.716798 0 0.714844 0 0.716798 0.001953 0.718749 0.001953 0.722656 0.005861 0.72461 0.003905 0.72461 0.001953 0.726563 0 0.722656 0 0.720702 0 0.718749 0
0 0.78711 0.656251 0.781249 0.662108 0.783202 0.662108 0.78711 0.666016 0.789064 0.666016 0.791014 0.667969 0.792968 0.666016 0.792968 0.664064 0.794921 0.662108 0.792968 0.660156 0.791014 0.660156
0 0.109375 0.371095 0.109375 0.378908 0.123047 0.378908 0.123047 0.373047 0.111328 0.373047
0 0.921875 0.814453 0.919922 0.816406 0.914064 0.816406 0.91211 0.818358 0.904298 0.818358 0.906249 0.820314 0.906249 0.822266 0.908202 0.820314 0.914064 0.820314 0.916014 0.818358 0.921875 0.818358
0 0.535156 0.552734 0.535156 0.554686 0.533202 0.556642 0.535156 0.556642 0.537109 0.558594 0.539063 0.558594 0.542968 0.562499 0.544921 0.562499 0.546875 0.564452 0.546875 0.562499 0.548829 0.560547 0.548829 0.558594 0.546875 0.558594 0.544921 0.556642 0.541017 0.556642 0.539063 0.554686 0.537109 0.554686
0 0.152344 0.015627 0.15039 0.017579 0.146486 0.017579 0.146486 0.023436 0.144532 0.025392 0.144532 0.03125 0.152344 0.03125
0 0.238282 0.388673 0.238282 0.394531 0.24414 0.394531 0.246094 0.396483 0.246094 0.394531 0.248047 0.392578 0.248047 0.390626 0.240236 0.390626
0 0.18164 0.013671 0.177736 0.017579 0.175782 0.017579 0.177736 0.017579 0.18164 0.021484 0.183594 0.021484 0.187501 0.025392 0.191405 0.021484 0.189452 0.019531 0.187501 0.019531
0 0.117186 0.22461 0.115236 0.226562 0.10547 0.226562 0.10547 0.232423 0.107421 0.230467 0.11914 0.230467 0.11914 0.228515 0.117186 0.226562
0 0.666017 0.027345 0.666017 0.029297 0.664063 0.03125 0.667968 0.035158 0.667968 0.03711 0.669922 0.039063 0.673829 0.035158
0 0.972656 0.749999 0.968749 0.753907 0.966798 0.753907 0.976564 0.763673 0.980468 0.759765 0.976564 0.755859 0.976564 0.753907
0 0.146486 0.080078 0.146486 0.099609 0.148436 0.097657 0.154297 0.097657 0.154297 0.080078
0 0.59961 0.433593 0.59961 0.439454 0.611329 0.439454 0.611329 0.433593
0 0.154297 0.386718 0.154297 0.390626 0.160155 0.390626 0.162109 0.392578 0.162109 0.390626 0.164063 0.388673 0.156251 0.388673
0 0.730468 0.08203 0.72461 0.087891 0.726563 0.087891 0.728517 0.089844 0.730468 0.089844 0.734375 0.093748 0.736329 0.093748 0.738283 0.095704 0.740233 0.095704 0.742187 0.097657 0.742187 0.095704 0.744141 0.093748 0.744141 0.091796 0.742187 0.089844 0.740233 0.089844 0.736329 0.085939 0.734375 0.085939
0 0.257813 0.054686 0.255859 0.056642 0.255859 0.058594 0.251952 0.062499 0.251952 0.064451 0.250001 0.066407 0.253906 0.066407 0.255859 0.06836 0.257813 0.066407 0.257813 0.064451 0.259767 0.062499 0.259767 0.060547 0.261717 0.058594
0 0.265625 0.064451 0.259767 0.070312 0.257813 0.070312 0.255859 0.072265 0.257813 0.074217 0.257813 0.076173 0.259767 0.078125 0.267578 0.070312 0.267578 0.06836 0.265625 0.066407
0 0.876952 0.800783 0.874999 0.802735 0.873048 0.802735 0.869141 0.80664 0.871094 0.808593 0.871094 0.810548 0.878906 0.802735
0 0.97461 0.861329 0.972656 0.863282 0.97461 0.861329 0.976564 0.863282 0.982422 0.863282 0.984375 0.865234 0.984375 0.863282 0.986329 0.861329
0 0.841798 0.763673 0.837891 0.767578 0.837891 0.76953 0.833983 0.773438 0.835937 0.775391 0.835937 0.777343 0.839844 0.773438 0.839844 0.771486 0.843749 0.767578 0.841798 0.765625
0 0.355467 0.08203 0.353517 0.083983 0.351563 0.083983 0.347656 0.087891 0.345702 0.087891 0.345702 0.089844 0.347656 0.091796 0.347656 0.093748 0.349609 0.091796 0.351563 0.091796 0.353517 0.089844 0.355467 0.089844
0 0.832033 0.414062 0.830079 0.416015 0.830079 0.41797 0.826172 0.421875 0.826172 0.423828 0.824218 0.42578 0.828125 0.42578 0.830079 0.427736 0.830079 0.42578 0.832033 0.423828 0.832033 0.421875 0.833983 0.419923 0.833983 0.41797 0.835937 0.416015 0.833983 0.416015
0 0.037109 0.347655 0.037109 0.349611 0.035155 0.351563 0.035155 0.353516 0.033202 0.355468 0.037109 0.355468 0.039063 0.357421 0.04297 0.357421 0.044921 0.359376 0.046875 0.357421 0.046875 0.355468 0.048828 0.353516 0.046875 0.353516 0.044921 0.351563 0.04297 0.351563 0.041016 0.349611 0.039063 0.349611
0 0.845702 0.783204 0.845702 0.785156 0.847656 0.787109 0.847656 0.789061 0.84961 0.787109 0.851563 0.787109 0.853514 0.785156 0.857422 0.785156 0.857422 0.783204 0.84961 0.783204 0.847656 0.785156
0 0.953125 0.738281 0.953125 0.749999 0.955079 0.748046 0.958983 0.748046 0.958983 0.738281
0 0.869141 0.789061 0.865233 0.79297 0.863283 0.79297 0.859375 0.796875 0.857422 0.796875 0.859375 0.798827 0.859375 0.800783 0.865233 0.794922 0.867187 0.794922 0.871094 0.791017
0 0.955079 0.847655 0.947264 0.855468 0.949218 0.855468 0.951172 0.857421 0.953125 0.855468 0.953125 0.853516 0.957033 0.849611
0 0.201171 0.435546 0.201171 0.437502 0.199217 0.439454 0.199217 0.441407 0.197267 0.443359 0.210936 0.443359 0.21289 0.445312 0.21289 0.443359 0.214844 0.441407 0.214844 0.439454 0.208986 0.439454 0.207032 0.437502 0.203125 0.437502
0 0.255859 0.179687 0.253906 0.181639 0.246094 0.181639 0.246094 0.1875 0.248047 0.185547 0.257813 0.185547 0.257813 0.183595 0.255859 0.181639
0 0.960937 0.851563 0.960937 0.853516 0.958983 0.855468 0.958983 0.857421 0.957033 0.859377 0.958983 0.859377 0.960937 0.861329 0.960937 0.859377 0.962891 0.857421 0.962891 0.855468 0.964844 0.853516 0.964844 0.851563
0 0.486329 0.482422 0.486329 0.486326 0.484375 0.488282 0.484375 0.490235 0.49414 0.490235 0.496094 0.492187 0.496094 0.490235 0.498048 0.488282 0.498048 0.486326 0.49414 0.486326 0.492187 0.484374 0.488282 0.484374
0 0.064452 0 0.064452 0.005861 0.085936 0.005861 0.085936 0.001953 0.066405 0.001953
0 0.316406 0.455077 0.316406 0.460938 0.324217 0.460938 0.326171 0.46289 0.326171 0.45703 0.318359 0.45703
0 0.769533 0.392578 0.767579 0.394531 0.765625 0.394531 0.763671 0.396483 0.759767 0.396483 0.759767 0.400392 0.761718 0.398439 0.769533 0.398439
0 0.480467 0.42578 0.480467 0.429688 0.478517 0.431641 0.478517 0.433593 0.492187 0.433593 0.49414 0.435546 0.49414 0.433593 0.496094 0.431641 0.496094 0.429688 0.490233 0.429688 0.488282 0.427736 0.482421 0.427736
0 0.402344 0.06836 0.40039 0.070312 0.40039 0.072265 0.398437 0.074217 0.398437 0.076173 0.396483 0.078125 0.398437 0.078125 0.402344 0.08203 0.404298 0.080078 0.404298 0.078125 0.406251 0.076173 0.406251 0.074217 0.408202 0.072265 0.406251 0.072265
0 0.933594 0.158203 0.933594 0.164064 0.931641 0.166016 0.931641 0.169921 0.937499 0.169921 0.937499 0.164064 0.939453 0.162108 0.939453 0.158203
0 0.312501 0.427736 0.312501 0.433593 0.326171 0.433593 0.326171 0.429688 0.314452 0.429688
0 0.43164 0.421875 0.43164 0.42578 0.429687 0.427736 0.429687 0.431641 0.435548 0.431641 0.435548 0.421875
0 0.175782 0.38086 0.175782 0.384765 0.183594 0.384765 0.185547 0.386718 0.185547 0.382813 0.177736 0.382813
0 0.246094 0.400392 0.246094 0.402344 0.24414 0.404297 0.24414 0.406249 0.259767 0.406249 0.261717 0.408205 0.261717 0.402344 0.248047 0.402344
0 0.69336 0.146485 0.691406 0.148437 0.681641 0.148437 0.685548 0.152342 0.687499 0.15039 0.695313 0.15039 0.69336 0.148437
0 0.916014 0.773438 0.916014 0.775391 0.914064 0.777343 0.914064 0.779296 0.91211 0.781251 0.91211 0.783204 0.910156 0.785156 0.910156 0.787109 0.908202 0.789061 0.910156 0.789061 0.91211 0.791017 0.910156 0.789061 0.91211 0.787109 0.91211 0.785156 0.916014 0.781251 0.916014 0.779296 0.917968 0.777343 0.917968 0.775391
0 0.970703 0.849611 0.972656 0.851563 0.972656 0.853516 0.982422 0.853516 0.982422 0.849611
0 0.742187 0.570312 0.742187 0.572265 0.740233 0.574217 0.742187 0.574217 0.744141 0.576173 0.746094 0.576173 0.748048 0.578125 0.748048 0.576173 0.749999 0.574217 0.749999 0.572265 0.744141 0.572265
0 0.093751 0.41797 0.093751 0.419923 0.091797 0.421875 0.091797 0.423828 0.097655 0.423828 0.099609 0.42578 0.10547 0.42578 0.107421 0.427736 0.107421 0.42578 0.109375 0.423828 0.109375 0.421875 0.103517 0.421875 0.101563 0.419923 0.095702 0.419923
0 0.902344 0.763673 0.902344 0.765625 0.900391 0.767578 0.900391 0.76953 0.898437 0.771486 0.898437 0.773438 0.896483 0.775391 0.898437 0.775391 0.900391 0.777343 0.902344 0.777343 0.904298 0.775391 0.904298 0.773438 0.908202 0.76953
0 0.705079 0 0.705079 0.001953 0.708983 0.001953 0.708983 0 0.707033 0
0 0.837891 0.732423 0.835937 0.734376 0.835937 0.736328 0.832033 0.740233 0.832033 0.742189 0.830079 0.744141 0.832033 0.744141 0.835937 0.748046 0.837891 0.746094 0.837891 0.744141 0.841798 0.740233 0.841798 0.738281 0.843749 0.736328 0.841798 0.736328
0 0.07422 0.367186 0.07422 0.378908 0.082032 0.378908 0.082032 0.375 0.080078 0.373047 0.080078 0.367186
0 0.935548 0.791017 0.933594 0.79297 0.933594 0.794922 0.929687 0.798827 0.929687 0.800783 0.927733 0.802735 0.929687 0.804688 0.931641 0.804688 0.935548 0.800783 0.935548 0.798827 0.939453 0.794922
0 0.888672 0.80664 0.88086 0.814453 0.882814 0.816406 0.882814 0.818358 0.886718 0.814453 0.886718 0.812501 0.890625 0.808593
1 0.771483 0.550781 0.771483 0.558594 0.781249 0.558594 0.783202 0.560547 0.792968 0.560547 0.794921 0.562499 0.794921 0.556642 0.789064 0.556642 0.78711 0.554686 0.781249 0.554686 0.779298 0.552734 0.773437 0.552734
0 0.953125 0.808593 0.949218 0.812501 0.949218 0.814453 0.94336 0.820314 0.945314 0.820314 0.947264 0.822266 0.957033 0.812501
0 0.708983 0.048828 0.708983 0.054686 0.710937 0.056642 0.710937 0.062499 0.714844 0.062499 0.716798 0.064451 0.716798 0.056642 0.718749 0.054686 0.718749 0.048828
0 0.902344 0.691405 0.902344 0.693361 0.900391 0.695313 0.902344 0.697266 0.904298 0.697266 0.908202 0.701171 0.910156 0.699218 0.91211 0.699218 0.910156 0.697266 0.908202 0.697266
0 0.890625 0.794922 0.890625 0.800783 0.908202 0.800783 0.906249 0.798827 0.906249 0.796875 0.892579 0.796875
0 0.386717 0.421875 0.386717 0.423828 0.384767 0.42578 0.384767 0.427736 0.390625 0.427736 0.392579 0.429688 0.398437 0.429688 0.40039 0.431641 0.40039 0.429688 0.402344 0.427736 0.402344 0.42578 0.396483 0.42578 0.394532 0.423828 0.388671 0.423828
0 0.923829 0.826172 0.919922 0.83008 0.919922 0.832032 0.914064 0.83789 0.916014 0.83789 0.917968 0.839845 0.927733 0.83008
0 0.970703 0.832032 0.968749 0.833985 0.966798 0.833985 0.962891 0.83789 0.960937 0.83789 0.962891 0.839845 0.964844 0.839845 0.966798 0.83789 0.968749 0.83789 0.972656 0.833985
0 0.964844 0.820314 0.962891 0.822266 0.960937 0.822266 0.957033 0.826172 0.955079 0.826172 0.953125 0.828124 0.951172 0.828124 0.951172 0.83008 0.953125 0.832032 0.953125 0.833985 0.953125 0.832032 0.955079 0.83008 0.957033 0.83008 0.958983 0.828124 0.962891 0.828124 0.964844 0.826172 0.966798 0.826172 0.966798 0.824219 0.964844 0.822266
0 0.632813 0.435546 0.63086 0.437502 0.623048 0.437502 0.623048 0.439454 0.624998 0.441407 0.624998 0.445312 0.626952 0.443359 0.628906 0.443359 0.63086 0.441407 0.634767 0.441407 0.634767 0.439454 0.632813 0.437502
0 0.294921 0.400392 0.294921 0.404297 0.308594 0.404297 0.310548 0.406249 0.310548 0.400392
0 0.957033 0.847655 0.958983 0.849611 0.955079 0.853516 0.955079 0.855468 0.953125 0.857421 0.955079 0.859377 0.957033 0.857421 0.957033 0.855468 0.958983 0.853516 0.958983 0.851563 0.960937 0.849611 0.958983 0.849611
0 0.882814 0.753907 0.878906 0.757812 0.878906 0.759765 0.873048 0.765625 0.874999 0.765625 0.878906 0.76953 0.88086 0.767578 0.88086 0.765625 0.884764 0.76172 0.884764 0.759765 0.886718 0.757812
0 0.144532 0.052733 0.144532 0.058594 0.146486 0.060547 0.146486 0.06836 0.148436 0.066407 0.152344 0.066407 0.152344 0.052733
0 0.308594 0.146485 0.30664 0.148437 0.304686 0.148437 0.300782 0.152342 0.298828 0.152342 0.300782 0.154298 0.300782 0.156251 0.302736 0.158203 0.304686 0.156251 0.30664 0.156251 0.310548 0.152342 0.312501 0.152342 0.310548 0.15039 0.310548 0.148437
0 0.656249 0.431641 0.654298 0.433593 0.652344 0.433593 0.650391 0.435546 0.646483 0.435546 0.646483 0.439454 0.648437 0.437502 0.656249 0.437502
0 0.031251 0.234376 0.031251 0.236328 0.033202 0.238281 0.033202 0.240233 0.035155 0.238281 0.044921 0.238281 0.044921 0.234376
0 0.892579 0.691405 0.888672 0.695313 0.890625 0.695313 0.894533 0.699218 0.896483 0.699218 0.898437 0.701171 0.900391 0.699218 0.900391 0.697266 0.896483 0.693361 0.894533 0.693361
0 0.851563 0.740233 0.84961 0.742189 0.84961 0.744141 0.847656 0.746094 0.847656 0.748046 0.845702 0.749999 0.84961 0.753907 0.851563 0.751955 0.851563 0.749999 0.853514 0.748046 0.853514 0.746094 0.855468 0.744141
0 0.859375 0.746094 0.855468 0.749999 0.855468 0.751955 0.851563 0.755859 0.853514 0.755859 0.857422 0.759765 0.857422 0.757812 0.859375 0.755859 0.859375 0.753907 0.861329 0.751955 0.861329 0.749999 0.863283 0.748046 0.861329 0.748046
0 0.132813 0.369142 0.132813 0.371095 0.134767 0.373047 0.134767 0.375 0.144532 0.375 0.146486 0.376952 0.146486 0.375 0.144532 0.373047 0.144532 0.371095 0.134767 0.371095
0 0.97461 0.863282 0.97461 0.865234 0.972656 0.867187 0.97461 0.869142 0.976564 0.869142 0.980468 0.873047 0.984375 0.869142 0.982422 0.869142 0.978514 0.865234 0.976564 0.865234
0 0.062501 0.093748 0.062501 0.099609 0.07422 0.099609 0.07422 0.093748
0 0.910156 0.76953 0.906249 0.773438 0.906249 0.775391 0.900391 0.781251 0.902344 0.783204 0.904298 0.783204 0.904298 0.781251 0.908202 0.777343 0.908202 0.775391 0.91211 0.771486 0.914064 0.773438
0 0.892579 0.310548 0.892579 0.322266 0.894533 0.320314 0.898437 0.320314 0.898437 0.318358 0.896483 0.316406 0.896483 0.312501 0.894533 0.312501
0 0.968749 0.826172 0.966798 0.828124 0.964844 0.828124 0.962891 0.83008 0.958983 0.83008 0.957033 0.832032 0.955079 0.832032 0.957033 0.833985 0.957033 0.835937 0.958983 0.83789 0.962891 0.833985 0.964844 0.833985 0.968749 0.83008 0.970703 0.83008 0.968749 0.828124
0 0.960937 0.814453 0.957033 0.818358 0.955079 0.818358 0.951172 0.822266 0.949218 0.822266 0.947264 0.824219 0.949218 0.826172 0.951172 0.824219 0.955079 0.824219 0.957033 0.822266 0.958983 0.822266 0.960937 0.820314 0.962891 0.820314 0.960937 0.818358
1 0.810548 0.480469 0.810548 0.484374 0.808594 0.486326 0.808594 0.492187 0.806641 0.49414 0.806641 0.5 0.804687 0.501953 0.804687 0.505858 0.810548 0.505858 0.810548 0.501953 0.812499 0.5 0.812499 0.49414 0.814452 0.492187 0.814452 0.486326 0.816406 0.484374 0.816406 0.482422 0.812499 0.482422
0 0.675783 0.03711 0.675783 0.039063 0.673829 0.041015 0.683594 0.050781 0.683594 0.048828 0.685548 0.046876 0.685548 0.04492 0.687499 0.042968 0.687499 0.041015 0.683594 0.041015 0.681641 0.039063 0.677733 0.039063
0 0.585937 0.49414 0.585937 0.5 0.589844 0.5 0.591798 0.501953 0.591798 0.5 0.593748 0.498048 0.593748 0.496092 0.587891 0.496092
0 0.169921 0.189452 0.169921 0.195313 0.183594 0.195313 0.183594 0.189452
0 0.826172 0.734376 0.826172 0.736328 0.828125 0.738281 0.828125 0.740233 0.830079 0.740233 0.833983 0.736328 0.833983 0.734376
0 0.984375 0.570312 0.984375 0.572265 0.982422 0.574217 0.982422 0.576173 0.994141 0.576173 0.996095 0.578125 0.996095 0.572265 0.986329 0.572265
0 0.794921 0.376952 0.789064 0.382813 0.78711 0.382813 0.785156 0.384765 0.78711 0.384765 0.791014 0.388673 0.796875 0.382813 0.798829 0.382813 0.800783 0.38086 0.798829 0.38086
0 0.828125 0.755859 0.826172 0.757812 0.822264 0.757812 0.820313 0.759765 0.824218 0.763673 0.826172 0.76172 0.826172 0.759765 0.828125 0.757812
0 0.009766 0.347655 0.009766 0.349611 0.007813 0.351563 0.007813 0.353516 0.019532 0.353516 0.021486 0.355468 0.021486 0.353516 0.023436 0.351563 0.023436 0.349611 0.01172 0.349611
0 0.812499 0.453125 0.812499 0.46289 0.81836 0.46289 0.81836 0.453125
0 0.874999 0.794922 0.865233 0.804688 0.867187 0.80664 0.873048 0.800783 0.874999 0.800783 0.876952 0.798827 0.874999 0.796875
0 0.619141 0.173829 0.619141 0.175782 0.63086 0.175782 0.632813 0.177734 0.634767 0.175782 0.621094 0.175782
0 0.947264 0.845703 0.945314 0.847655 0.945314 0.849611 0.94336 0.851563 0.94336 0.853516 0.945314 0.855468 0.947264 0.853516 0.947264 0.851563 0.951172 0.847655 0.949218 0.847655
0 0.146486 0.03711 0.146486 0.050781 0.154297 0.050781 0.154297 0.04492 0.152344 0.042968 0.152344 0.03711
0 0.898437 0.814453 0.892579 0.820314 0.890625 0.820314 0.888672 0.822266 0.892579 0.826172 0.900391 0.818358 0.898437 0.816406
0 0.939453 0.841798 0.937499 0.84375 0.937499 0.845703 0.933594 0.849611 0.935548 0.851563 0.937499 0.849611 0.937499 0.847655 0.941406 0.84375
0 0.833983 0.76172 0.826172 0.76953 0.830079 0.773438 0.832033 0.771486 0.832033 0.76953 0.833983 0.767578 0.833983 0.765625 0.835937 0.763673
0 0.876952 0.749999 0.874999 0.751955 0.874999 0.753907 0.871094 0.757812 0.871094 0.759765 0.869141 0.76172 0.871094 0.763673 0.873048 0.763673 0.876952 0.759765 0.876952 0.757812 0.88086 0.753907
0 0.955079 0.550781 0.955079 0.556642 0.958983 0.556642 0.960937 0.558594 0.964844 0.558594 0.966798 0.560547 0.966798 0.554686 0.962891 0.554686 0.960937 0.552734 0.957033 0.552734
0 0.248047 0.453125 0.24414 0.45703 0.242186 0.45703 0.242186 0.460938 0.24414 0.46289 0.24414 0.466795 0.250001 0.466795 0.250001 0.460938 0.248047 0.458985
0 0.18164 0.41797 0.18164 0.419923 0.179686 0.421875 0.179686 0.423828 0.187501 0.423828 0.189452 0.42578 0.189452 0.423828 0.191405 0.421875 0.191405 0.419923 0.183594 0.419923
1 0.40039 0.470703 0.40039 0.472656 0.398437 0.474608 0.398437 0.476561 0.404298 0.476561 0.406251 0.478517 0.412109 0.478517 0.414063 0.480469 0.419921 0.480469 0.421875 0.482422 0.421875 0.480469 0.423829 0.478517 0.423829 0.476561 0.417967 0.476561 0.416017 0.474608 0.410156 0.474608 0.408202 0.472656 0.402344 0.472656
0 0.000001 0.335937 0.000001 0.337889 0 0.339845 0 0.341798 0.009766 0.341798 0.01172 0.34375 0.01172 0.341798 0.013671 0.339845 0.007813 0.339845 0.005859 0.337889 0.001952 0.337889
0 0.947264 0.802735 0.945314 0.804688 0.945314 0.80664 0.939453 0.812501 0.939453 0.814453 0.937499 0.816406 0.941406 0.820314 0.947264 0.814453 0.947264 0.812501 0.951172 0.808593 0.951172 0.80664
0 0.558594 0.177734 0.558594 0.181639 0.560548 0.183595 0.560548 0.1875 0.562502 0.185547 0.576171 0.185547 0.576171 0.179687 0.560548 0.179687
0 0.894533 0.810548 0.888672 0.816406 0.886718 0.816406 0.884764 0.818358 0.886718 0.820314 0.886718 0.822266 0.896483 0.812501
0 0.888672 0.781251 0.886718 0.783204 0.886718 0.785156 0.884764 0.787109 0.884764 0.789061 0.882814 0.791017 0.888672 0.791017 0.890625 0.79297 0.890625 0.791017 0.892579 0.789061 0.892579 0.787109 0.894533 0.785156 0.894533 0.783204 0.890625 0.783204
0 0.822264 0.740233 0.822264 0.748046 0.824218 0.746094 0.832033 0.746094 0.830079 0.746094 0.828125 0.744141 0.830079 0.742189 0.824218 0.742189
0 0.919922 0.777343 0.917968 0.779296 0.917968 0.781251 0.914064 0.785156 0.914064 0.787109 0.91211 0.789061 0.914064 0.789061 0.917968 0.79297 0.917968 0.791017 0.921875 0.787109 0.921875 0.785156 0.923829 0.783204 0.923829 0.781251 0.925783 0.779296 0.921875 0.779296
0 0.812499 0.367186 0.810548 0.369142 0.806641 0.369142 0.804687 0.371095 0.800783 0.371095 0.802733 0.373047 0.802733 0.375 0.804687 0.373047 0.814452 0.373047 0.814452 0.371095 0.812499 0.369142
0 0.058594 0.41211 0.058594 0.416015 0.05664 0.41797 0.05664 0.419923 0.060547 0.419923 0.062501 0.421875 0.064452 0.421875 0.066405 0.423828 0.068359 0.421875 0.068359 0.419923 0.070313 0.41797 0.068359 0.41797 0.066405 0.416015 0.064452 0.416015 0.062501 0.414062 0.060547 0.414062
0 0.867187 0.748046 0.863283 0.751955 0.863283 0.753907 0.859375 0.757812 0.861329 0.757812 0.865233 0.76172 0.869141 0.757812 0.869141 0.755859 0.873048 0.751955 0.871094 0.751955
0 0 0.349611 0 0.351563 0 0.353516 0 0.355468 0 0.355468 0 0.357421 0 0.357421 0.000001 0.359376 0.000001 0.357421 0.001952 0.355468 0.001952 0.353516 0 0.353516 0 0.351563 0 0.351563
0 0.830079 0.748046 0.826172 0.751955 0.832033 0.757812 0.833983 0.755859 0.835937 0.755859 0.832033 0.751955 0.832033 0.749999
0 0.972656 0.835937 0.968749 0.839845 0.966798 0.839845 0.964844 0.841798 0.966798 0.84375 0.966798 0.845703 0.968749 0.847655 0.972656 0.84375 0.972656 0.841798 0.976564 0.83789 0.97461 0.83789
0 0.929687 0.828124 0.929687 0.83008 0.921875 0.83789 0.923829 0.839845 0.923829 0.841798 0.927733 0.83789 0.927733 0.835937 0.931641 0.832032 0.929687 0.83008
0 0.972656 0.855468 0.972656 0.861329 0.97461 0.859377 0.984375 0.859377 0.982422 0.857421 0.982422 0.855468
0 0.853514 0.787109 0.851563 0.789061 0.84961 0.789061 0.847656 0.791017 0.847656 0.79297 0.84961 0.791017 0.859375 0.791017 0.859375 0.787109
0 0.166017 0 0.166017 0.005861 0.171875 0.005861 0.171875 0
0 0.931641 0.833985 0.929687 0.835937 0.929687 0.83789 0.925783 0.841798 0.929687 0.845703 0.933594 0.841798 0.933594 0.839845 0.937499 0.835937 0.933594 0.835937
0 0.94336 0.841798 0.94336 0.84375 0.941406 0.845703 0.941406 0.847655 0.939453 0.849611 0.939453 0.851563 0.941406 0.853516 0.941406 0.851563 0.94336 0.849611 0.94336 0.847655 0.945314 0.845703 0.94336 0.84375
0 0.953125 0.558594 0.953125 0.562499 0.957033 0.562499 0.958983 0.564452 0.960937 0.564452 0.962891 0.566407 0.962891 0.564452 0.964844 0.562499 0.960937 0.562499 0.958983 0.560547 0.955079 0.560547
0 0.390625 0.458985 0.390625 0.46289 0.392579 0.46289 0.394532 0.464843 0.396483 0.464843 0.398437 0.466795 0.398437 0.464843 0.40039 0.46289 0.396483 0.46289 0.394532 0.460938 0.392579 0.460938
0 0.156251 0 0.156251 0.003905 0.162109 0.003905 0.162109 0 0.164063 0 0.164063 0 0.158202 0
0 0.925783 0.783204 0.923829 0.785156 0.923829 0.787109 0.919922 0.791017 0.919922 0.79297 0.917968 0.794922 0.921875 0.798827 0.925783 0.794922 0.925783 0.79297 0.927733 0.791017 0.927733 0.789061 0.929687 0.787109
0 0.851563 0.6875 0.84961 0.689453 0.84961 0.691405 0.847656 0.693361 0.84961 0.693361 0.851563 0.695313 0.853514 0.695313 0.855468 0.697266 0.855468 0.695313 0.857422 0.693361 0.857422 0.691405 0.855468 0.691405
0 0.953125 0.730468 0.951172 0.732423 0.955079 0.736328 0.958983 0.736328 0.960937 0.738281 0.962891 0.736328 0.960937 0.736328 0.957033 0.732423 0.955079 0.732423
0 0.123047 0.107422 0.11914 0.111327 0.117186 0.111327 0.11914 0.11328 0.121094 0.11328 0.126952 0.11914 0.130859 0.115235 0.132813 0.115235 0.130859 0.11328 0.128905 0.11328
0 0.859375 0.775391 0.857422 0.777343 0.853514 0.777343 0.851563 0.779296 0.84961 0.779296 0.847656 0.781251 0.847656 0.783204 0.84961 0.781251 0.859375 0.781251
0 0.910156 0.798827 0.910156 0.800783 0.908202 0.802735 0.906249 0.802735 0.906249 0.814453 0.908202 0.812501 0.91211 0.812501 0.91211 0.80664 0.910156 0.804688
0 0.388671 0.085939 0.386717 0.087891 0.386717 0.089844 0.382813 0.093748 0.384767 0.095704 0.384767 0.097657 0.388671 0.093748 0.390625 0.093748 0.392579 0.091796 0.390625 0.089844 0.390625 0.087891
1 0.320313 0.447267 0.320313 0.44922 0.318359 0.451172 0.318359 0.453125 0.324217 0.453125 0.326171 0.455077 0.332032 0.455077 0.333986 0.45703 0.339844 0.45703 0.341798 0.458985 0.341798 0.45703 0.343751 0.455077 0.343751 0.453125 0.33789 0.453125 0.335937 0.451172 0.330078 0.451172 0.328125 0.44922 0.322267 0.44922
0 0.10547 0.101562 0.10547 0.103514 0.103517 0.10547 0.103517 0.107422 0.117186 0.107422 0.117186 0.10547 0.11914 0.103514 0.11914 0.101562
0 0.843749 0.76953 0.841798 0.771486 0.841798 0.781251 0.843749 0.779296 0.847656 0.779296 0.847656 0.76953
0 0.24414 0.048828 0.242186 0.050781 0.238282 0.050781 0.238282 0.054686 0.240236 0.056642 0.240236 0.062499 0.242186 0.060547 0.248047 0.060547 0.248047 0.058594 0.246094 0.056642 0.246094 0.052733 0.24414 0.050781
0 0.992187 0.775391 0.98828 0.779296 0.990233 0.781251 0.990233 0.783204 0.992187 0.785156 0.992187 0.787109 0.994141 0.789061 0.998048 0.785156 0.996095 0.783204 0.996095 0.781251 0.994141 0.779296 0.994141 0.777343
0 0.941406 0.794922 0.937499 0.798827 0.937499 0.800783 0.931641 0.80664 0.935548 0.810548 0.939453 0.80664 0.939453 0.804688 0.945314 0.798827
0 0.154297 0.191405 0.152344 0.193361 0.142578 0.193361 0.142578 0.197266 0.154297 0.197266
0 0.826172 0.749999 0.824218 0.751955 0.816406 0.751955 0.81836 0.753907 0.81836 0.755859 0.826172 0.755859 0.826172 0.753907 0.824218 0.751955
0 0.544921 0.441407 0.544921 0.447267 0.560548 0.447267 0.560548 0.445312 0.558594 0.443359 0.558594 0.441407
0 0.914064 0.79297 0.914064 0.802735 0.919922 0.802735 0.919922 0.798827 0.916014 0.794922 0.916014 0.79297
0 0.195313 0.181639 0.195313 0.1875 0.208986 0.1875 0.208986 0.181639
0 0.732421 0.410157 0.730468 0.41211 0.718749 0.41211 0.718749 0.414062 0.720702 0.416015 0.720702 0.41797 0.722656 0.416015 0.732421 0.416015
0 0.041016 0.382813 0.041016 0.384765 0.039063 0.386718 0.044921 0.386718 0.046875 0.388673 0.050782 0.388673 0.052736 0.390626 0.052736 0.388673 0.054686 0.386718 0.048828 0.386718 0.046875 0.384765 0.04297 0.384765
0 0.931641 0.787109 0.929687 0.789061 0.929687 0.791017 0.927733 0.79297 0.927733 0.794922 0.925783 0.796875 0.925783 0.798827 0.923829 0.800783 0.927733 0.800783 0.927733 0.798827 0.931641 0.794922 0.931641 0.79297 0.935548 0.789061 0.933594 0.789061
0 0.833983 0.529297 0.833983 0.53125 0.832033 0.533202 0.832033 0.535155 0.833983 0.535155 0.835937 0.53711 0.837891 0.53711 0.839844 0.539063 0.841798 0.539063 0.843749 0.541015 0.845702 0.539063 0.845702 0.53711 0.847656 0.535155 0.845702 0.535155 0.843749 0.533202 0.839844 0.533202 0.837891 0.53125 0.835937 0.53125
0 0.871094 0.79297 0.867187 0.796875 0.865233 0.796875 0.861329 0.800783 0.863283 0.802735 0.863283 0.804688 0.873048 0.794922