0 0.078133 0.72266 0.074222 0.726563 0.072274 0.726563 0.068362 0.730468 0.066398 0.730468 0.06445 0.73242 0.066398 0.734371 0.066398 0.736323 0.068362 0.738285 0.068362 0.740237 0.07031 0.742188 0.07031 0.744142 0.072274 0.746093 0.072274 0.748045 0.074222 0.749996 0.074222 0.751948 0.076169 0.75391 0.076169 0.755862 0.078133 0.757814 0.078133 0.759767 0.08008 0.761718 0.08008 0.76367 0.082027 0.76367 0.083992 0.761718 0.085939 0.761718 0.089851 0.757814 0.091799 0.757814 0.091799 0.755862 0.089851 0.75391 0.089851 0.751948 0.087886 0.749996 0.087886 0.746093 0.085939 0.744142 0.085939 0.742188 0.083992 0.740237 0.083992 0.736323 0.082027 0.734371 0.082027 0.730468 0.08008 0.728516 0.08008 0.726563 0.078133 0.724611
0 0.003913 0.771487 0 0.781247 0 0.783198 0 0.785161 0 0.787112 0 0.789064 0.000002 0.791017 0.000002 0.792969 0.003913 0.796872 0.003913 0.798824 0.00586 0.800786 0.00586 0.802737 0.007808 0.804689 0.007808 0.806642 0.009771 0.808594 0.011719 0.806642 0.013667 0.806642 0.017578 0.802737 0.019526 0.802737 0.017578 0.800786 0.017578 0.798824 0.015631 0.796872 0.015631 0.79492 0.013667 0.792969 0.013667 0.791017 0.011719 0.789064 0.011719 0.787112 0.009771 0.785161 0.009771 0.783198 0.007808 0.781247 0.007808 0.779295 0.00586 0.777344 0.00586 0.775392 0.003913 0.773439
0 0.355472 0.958989 0.343753 0.970701 0.341789 0.970701 0.339842 0.972652 0.339842 0.974614 0.337894 0.976566 0.341789 0.98047 0.349613 0.98047 0.353507 0.976566 0.357419 0.976566 0.359383 0.974614 0.36133 0.974614 0.365243 0.970701 0.365243 0.968749 0.367189 0.966796 0.367189 0.964845 0.365243 0.962893 0.365243 0.960941 0.363277 0.960941 0.36133 0.958989
0 0.279305 0.56836 0.27734 0.570312 0.275393 0.570312 0.271481 0.574217 0.269533 0.574217 0.267586 0.576169 0.265622 0.576169 0.263675 0.57812 0.261727 0.57812 0.257815 0.582034 0.255851 0.582034 0.255851 0.583986 0.257815 0.585938 0.257815 0.58789 0.259763 0.589842 0.259763 0.591794 0.261727 0.593745 0.261727 0.595707 0.263675 0.593745 0.265622 0.593745 0.267586 0.591794 0.269533 0.591794 0.271481 0.589842 0.273445 0.589842 0.275393 0.58789 0.27734 0.58789 0.279305 0.585938 0.281251 0.585938 0.283198 0.583986 0.285164 0.583986 0.285164 0.582034 0.283198 0.580082 0.283198 0.57812 0.281251 0.576169 0.281251 0.572264 0.279305 0.570312
0 0.595709 0.070309 0.593745 0.072269 0.587885 0.072269 0.585938 0.074222 0.580079 0.074222 0.578132 0.076174 0.570308 0.076174 0.568361 0.078126 0.562502 0.078126 0.562502 0.085934 0.564449 0.087894 0.564449 0.097654 0.566414 0.095702 0.572272 0.095702 0.57422 0.093751 0.580079 0.093751 0.582026 0.091799 0.587885 0.091799 0.589849 0.089847 0.595709 0.089847
0 0.298828 0.886719 0.296881 0.888671 0.29297 0.888671 0.291022 0.890623 0.287111 0.890623 0.285164 0.892575 0.281251 0.892575 0.279305 0.894526 0.279305 0.896488 0.27734 0.89844 0.27734 0.904296 0.279305 0.904296 0.283198 0.9082 0.285164 0.906248 0.29297 0.906248 0.294917 0.904296 0.306635 0.904296 0.306635 0.902344 0.308599 0.900393 0.308599 0.890623 0.304688 0.890623 0.302741 0.888671 0.300776 0.888671
0 0.720695 0 0.718748 0 0.714836 0 0.712889 0 0.708978 0 0.708978 0 0.710941 0 0.710941 0 0.712889 0 0.712889 0.001952 0.714836 0.003904 0.714836 0.007808 0.716802 0.005856 0.72266 0.005856 0.724607 0.003904 0.730467 0.003904 0.730467 0.001952 0.728518 0 0.728518 0 0.726555 0 0.726555 0 0.724607 0 0.724607 0 0.72266 0 0.72266 0 0.720695 0
0 0.408202 0.607419 0.406255 0.609371 0.404291 0.609371 0.402344 0.611332 0.398433 0.611332 0.396485 0.613284 0.394538 0.613284 0.394538 0.615236 0.396485 0.617188 0.396485 0.623044 0.398433 0.624996 0.398433 0.628909 0.400396 0.630861 0.400396 0.634765 0.402344 0.636717 0.402344 0.642582 0.404291 0.644534 0.404291 0.646486 0.406255 0.644534 0.412115 0.644534 0.414062 0.642582 0.419921 0.642582 0.419921 0.640621 0.417974 0.638669 0.417974 0.634765 0.416009 0.632813 0.416009 0.628909 0.414062 0.626957 0.414062 0.623044 0.412115 0.621092 0.412115 0.617188 0.41015 0.615236 0.41015 0.611332 0.408202 0.609371
0 0.369137 0.863276 0.367189 0.865238 0.365243 0.865238 0.363277 0.86719 0.36133 0.86719 0.359383 0.869142 0.357419 0.869142 0.355472 0.871094 0.353507 0.871094 0.353507 0.873046 0.351561 0.874998 0.351561 0.876949 0.353507 0.878901 0.353507 0.880863 0.367189 0.880863 0.369137 0.878901 0.374996 0.878901 0.376961 0.876949 0.376961 0.865238 0.371101 0.865238
0 0.06445 0.734371 0.060539 0.738285 0.058592 0.738285 0.05468 0.742188 0.052732 0.742188 0.05468 0.744142 0.05468 0.746093 0.056643 0.748045 0.056643 0.749996 0.058592 0.751948 0.058592 0.75391 0.060539 0.755862 0.060539 0.757814 0.062503 0.759767 0.062503 0.761718 0.06445 0.76367 0.06445 0.765621 0.066398 0.767573 0.066398 0.769535 0.068362 0.771487 0.068362 0.773439 0.07031 0.775392 0.07031 0.777344 0.08008 0.767573 0.08008 0.765621 0.078133 0.76367 0.078133 0.761718 0.076169 0.759767 0.076169 0.757814 0.074222 0.755862 0.074222 0.75391 0.072274 0.751948 0.072274 0.749996 0.07031 0.748045 0.07031 0.746093 0.068362 0.744142 0.068362 0.742188 0.066398 0.740237 0.066398 0.738285 0.06445 0.736323
0 0.050785 0.748045 0.044927 0.75391 0.042961 0.75391 0.041014 0.755862 0.041014 0.757814 0.042961 0.759767 0.042961 0.761718 0.044927 0.76367 0.044927 0.765621 0.046874 0.767573 0.046874 0.769535 0.04882 0.771487 0.04882 0.773439 0.050785 0.775392 0.050785 0.777344 0.052732 0.779295 0.052732 0.781247 0.058592 0.775392 0.060539 0.775392 0.062503 0.773439 0.062503 0.771487 0.060539 0.769535 0.060539 0.767573 0.058592 0.765621 0.058592 0.76367 0.056643 0.761718 0.056643 0.759767 0.05468 0.757814 0.05468 0.755862 0.052732 0.75391 0.052732 0.751948 0.050785 0.749996
0 0.333983 0.876949 0.328124 0.882815 0.316405 0.882815 0.312494 0.886719 0.312494 0.888671 0.310547 0.890623 0.312494 0.892575 0.312494 0.894526 0.314458 0.896488 0.314458 0.89844 0.316405 0.896488 0.324212 0.896488 0.326177 0.894526 0.332036 0.894526 0.333983 0.892575 0.335931 0.892575 0.337894 0.890623 0.341789 0.890623 0.341789 0.888671 0.343753 0.886719 0.343753 0.884767 0.341789 0.882815 0.341789 0.878901 0.337894 0.878901 0.335931 0.876949
0 0.193367 0.927739 0.191401 0.92969 0.189454 0.92969 0.187507 0.931643 0.183596 0.931643 0.181648 0.933594 0.179684 0.933594 0.177736 0.935546 0.173824 0.935546 0.171877 0.937498 0.16993 0.937498 0.167966 0.93945 0.164071 0.93945 0.162107 0.941402 0.160159 0.941402 0.160159 0.943364 0.162107 0.945316 0.162107 0.947268 0.164071 0.94922 0.164071 0.951171 0.166018 0.953123 0.166018 0.955075 0.167966 0.953123 0.171877 0.953123 0.173824 0.951171 0.177736 0.951171 0.179684 0.94922 0.185543 0.94922 0.187507 0.947268 0.191401 0.947268 0.193367 0.945316 0.197261 0.945316 0.197261 0.941402 0.195312 0.93945 0.195312 0.933594 0.193367 0.931643
0 0.109376 0 0.103516 0 0.101568 0 0.089851 0 0.087886 0 0.083992 0.003904 0.085939 0.005856 0.085939 0.007808 0.087886 0.009769 0.087886 0.011722 0.089851 0.013673 0.089851 0.015625 0.091799 0.017577 0.09571 0.013673 0.097657 0.013673 0.105464 0.005856 0.107429 0.005856 0.115234 0 0.117182 0 0.119146 0 0.117182 0 0.117182 0 0.111322 0 0.111322 0
0 0.101568 0.960941 0.099605 0.962893 0.097657 0.962893 0.09571 0.964845 0.091799 0.964845 0.089851 0.966796 0.087886 0.966796 0.085939 0.968749 0.082027 0.968749 0.082027 0.970701 0.08008 0.972652 0.08008 0.974614 0.082027 0.976566 0.082027 0.978518 0.083992 0.98047 0.089851 0.98047 0.091799 0.978518 0.097657 0.978518 0.099605 0.976566 0.103516 0.976566 0.105464 0.974614 0.109376 0.974614 0.111322 0.972652 0.115234 0.972652 0.115234 0.966796 0.113287 0.964845 0.113287 0.962893 0.103516 0.962893
1 0.757813 0.056644 0.753902 0.060549 0.751955 0.060549 0.746097 0.066404 0.744149 0.066404 0.73829 0.072269 0.736325 0.072269 0.730467 0.078126 0.728518 0.078126 0.72266 0.083982 0.720695 0.083982 0.714836 0.089847 0.712889 0.089847 0.705083 0.097654 0.703118 0.097654 0.697259 0.103519 0.695312 0.103519 0.689453 0.109376 0.687506 0.109376 0.681646 0.115232 0.679682 0.115232 0.673823 0.121097 0.671876 0.121097 0.666017 0.126953 0.664069 0.126953 0.662106 0.128904 0.664069 0.130857 0.664069 0.132809 0.666017 0.13477 0.666017 0.136722 0.667964 0.138675 0.667964 0.140626 0.66993 0.142578 0.66993 0.14453 0.671876 0.146482 0.671876 0.148434 0.673823 0.150386 0.673823 0.152348 0.675788 0.1543 0.675788 0.156252 0.677735 0.158203 0.681646 0.1543 0.683595 0.1543 0.689453 0.148434 0.691401 0.148434 0.697259 0.142578 0.699224 0.142578 0.705083 0.136722 0.70703 0.136722 0.712889 0.130857 0.714836 0.130857 0.720695 0.125001 0.72266 0.125001 0.730467 0.117184 0.732414 0.117184 0.73829 0.111328 0.740237 0.111328 0.746097 0.105472 0.748044 0.105472 0.753902 0.099607 0.755867 0.099607 0.761726 0.093751 0.763674 0.093751 0.769532 0.087894 0.77148 0.087894 0.773443 0.085934 0.77148 0.083982 0.77148 0.082029 0.769532 0.080077 0.769532 0.078126 0.767585 0.076174 0.767585 0.074222 0.76562 0.072269 0.76562 0.070309 0.763674 0.068357 0.763674 0.066404 0.761726 0.064452 0.761726 0.062501 0.759761 0.060549 0.759761 0.058597
0 0.019526 0.765621 0.017578 0.767573 0.015631 0.767573 0.011719 0.771487 0.009771 0.771487 0.009771 0.773439 0.011719 0.775392 0.011719 0.777344 0.013667 0.779295 0.013667 0.781247 0.015631 0.783198 0.015631 0.785161 0.017578 0.787112 0.017578 0.789064 0.019526 0.791017 0.019526 0.792969 0.02149 0.79492 0.02149 0.796872 0.023438 0.798824 0.023438 0.800786 0.025384 0.798824 0.027349 0.798824 0.031244 0.79492 0.033208 0.79492 0.033208 0.792969 0.031244 0.791017 0.031244 0.789064 0.029297 0.787112 0.029297 0.785161 0.027349 0.783198 0.027349 0.781247 0.025384 0.779295 0.025384 0.777344 0.023438 0.775392 0.023438 0.773439 0.02149 0.771487 0.02149 0.769535 0.019526 0.767573
0 0.421868 0.662111 0.419921 0.664063 0.416009 0.664063 0.414062 0.666016 0.41015 0.666016 0.41015 0.669919 0.412115 0.671871 0.412115 0.679688 0.414062 0.681641 0.414062 0.687496 0.416009 0.689458 0.416009 0.697266 0.417974 0.699218 0.417974 0.703121 0.419921 0.701169 0.421868 0.701169 0.42578 0.697266 0.427728 0.697266 0.431639 0.693361 0.433586 0.693361 0.433586 0.691409 0.431639 0.689458 0.431639 0.687496 0.429691 0.685544 0.429691 0.681641 0.427728 0.679688 0.427728 0.675784 0.42578 0.673833 0.42578 0.671871 0.423833 0.669919 0.423833 0.666016 0.421868 0.664063
1 0.353507 0.037107 0.351561 0.039058 0.349613 0.039058 0.3457 0.042972 0.343753 0.042972 0.339842 0.046875 0.337894 0.046875 0.333983 0.050779 0.332036 0.050779 0.332036 0.052732 0.333983 0.054684 0.333983 0.058597 0.335931 0.060549 0.335931 0.064452 0.337894 0.066404 0.337894 0.070309 0.339842 0.072269 0.339842 0.076174 0.341789 0.078126 0.341789 0.082029 0.343753 0.083982 0.343753 0.087894 0.3457 0.089847 0.3457 0.093751 0.347648 0.095702 0.347648 0.099607 0.349613 0.101559 0.349613 0.107424 0.351561 0.109376 0.351561 0.113279 0.353507 0.115232 0.353507 0.119145 0.355472 0.121097 0.355472 0.125001 0.357419 0.126953 0.357419 0.130857 0.359383 0.132809 0.359383 0.136722 0.36133 0.138675 0.36133 0.142578 0.363277 0.14453 0.363277 0.148434 0.365243 0.150386 0.365243 0.1543 0.367189 0.156252 0.367189 0.158203 0.369137 0.156252 0.371101 0.156252 0.373049 0.1543 0.374996 0.1543 0.376961 0.152348 0.378908 0.152348 0.380856 0.150386 0.382819 0.150386 0.384767 0.148434 0.386714 0.148434 0.388679 0.146482 0.390625 0.146482 0.390625 0.14453 0.388679 0.142578 0.388679 0.138675 0.386714 0.136722 0.386714 0.132809 0.384767 0.130857 0.384767 0.126953 0.382819 0.125001 0.382819 0.121097 0.380856 0.119145 0.380856 0.115232 0.378908 0.113279 0.378908 0.109376 0.376961 0.107424 0.376961 0.103519 0.374996 0.101559 0.374996 0.097654 0.373049 0.095702 0.373049 0.093751 0.371101 0.091799 0.371101 0.087894 0.369137 0.085934 0.369137 0.082029 0.367189 0.080077 0.367189 0.076174 0.365243 0.074222 0.365243 0.070309 0.363277 0.068357 0.363277 0.064452 0.36133 0.062501 0.36133 0.058597 0.359383 0.056644 0.359383 0.052732 0.357419 0.050779 0.357419 0.046875 0.355472 0.044924 0.355472 0.041019 0.353507 0.039058
0 0.05468 0.978518 0.052732 0.98047 0.050785 0.98047 0.04882 0.982422 0.044927 0.982422 0.042961 0.984374 0.041014 0.984374 0.037103 0.988277 0.035155 0.988277 0.035155 0.998047 0.044927 0.998047 0.046874 0.996095 0.050785 0.996095 0.052732 0.994143 0.056643 0.994143 0.058592 0.992191 0.062503 0.992191 0.066398 0.988277 0.066398 0.982422 0.06445 0.98047 0.062503 0.98047 0.060539 0.978518
0 0.013667 0.994143 0.011719 0.996095 0.009771 0.996095 0.007808 0.998047 0.00586 0.998047 0.003913 0.999999 0.000002 0.999999 0.000002 1 0 1 0 1 0.000002 1 0.000002 1 0.007808 1 0.009771 1 0.015631 1 0.017578 1 0.023438 1 0.025384 1 0.027349 1 0.029297 1 0.031244 1 0.031244 1 0.033208 0.999999 0.029297 0.996095 0.027349 0.996095 0.025384 0.994143
0 0.07031 0.009769 0.068362 0.011722 0.066398 0.011722 0.062503 0.015625 0.060539 0.015625 0.056643 0.019529 0.05468 0.019529 0.052732 0.021482 0.050785 0.021482 0.046874 0.025394 0.044927 0.025394 0.041014 0.029299 0.039066 0.029299 0.041014 0.03125 0.041014 0.033202 0.044927 0.037107 0.044927 0.039058 0.046874 0.041019 0.046874 0.042972 0.04882 0.044924 0.052732 0.041019 0.05468 0.041019 0.058592 0.037107 0.060539 0.037107 0.06445 0.033202 0.066398 0.033202 0.07031 0.029299 0.072274 0.029299 0.076169 0.025394 0.078133 0.025394 0.076169 0.023433 0.076169 0.021482 0.074222 0.019529 0.074222 0.017577 0.072274 0.015625 0.072274 0.013673 0.07031 0.011722
1 0.312494 0 0.310547 0 0.308599 0 0.306635 0 0.302741 0 0.300776 0 0.298828 0 0.298828 0 0.296881 0 0.296881 0 0.298828 0 0.298828 0 0.300776 0 0.300776 0 0.302741 0 0.302741 0 0.304688 0 0.304688 0 0.306635 0 0.306635 0 0.308599 0 0.308599 0 0.310547 0 0.310547 0 0.312494 0 0.312494 0 0.314458 0 0.314458 0.003904 0.316405 0.005856 0.316405 0.007808 0.318353 0.009769 0.318353 0.013673 0.320317 0.015625 0.320317 0.019529 0.322265 0.021482 0.322265 0.023433 0.324212 0.025394 0.324212 0.029299 0.326177 0.03125 0.326177 0.033202 0.328124 0.03125 0.33007 0.03125 0.332036 0.029299 0.333983 0.029299 0.335931 0.027347 0.337894 0.027347 0.339842 0.025394 0.341789 0.025394 0.343753 0.023433 0.3457 0.023433 0.3457 0.021482 0.343753 0.019529 0.343753 0.017577 0.341789 0.015625 0.341789 0.011722 0.339842 0.009769 0.339842 0.007808 0.337894 0.005856 0.337894 0.001952 0.335931 0 0.335931 0 0.333983 0 0.333983 0 0.332036 0 0.332036 0 0.33007 0 0.33007 0 0.328124 0 0.328124 0 0.326177 0 0.326177 0 0.324212 0 0.324212 0 0.322265 0 0.322265 0 0.320317 0 0.320317 0 0.318353 0 0.318353 0 0.316405 0 0.316405 0 0.314458 0 0.314458 0 0.312494 0
0 0.150389 0.595707 0.138671 0.607419 0.136724 0.607419 0.1289 0.615236 0.1289 0.617188 0.130864 0.61914 0.130864 0.621092 0.132812 0.623044 0.132812 0.624996 0.134758 0.626957 0.134758 0.628909 0.138671 0.624996 0.140618 0.624996 0.144529 0.621092 0.146477 0.621092 0.150389 0.617188 0.152336 0.617188 0.156248 0.613284 0.158195 0.613284 0.158195 0.611332 0.156248 0.609371 0.156248 0.607419 0.154301 0.605467 0.154301 0.603515 0.152336 0.601562 0.152336 0.599611 0.150389 0.597659
0 0.039066 0.757814 0.033208 0.76367 0.031244 0.76367 0.029297 0.765621 0.031244 0.767573 0.031244 0.769535 0.033208 0.771487 0.033208 0.773439 0.035155 0.775392 0.035155 0.777344 0.037103 0.779295 0.037103 0.781247 0.039066 0.783198 0.039066 0.785161 0.041014 0.787112 0.041014 0.789064 0.044927 0.785161 0.046874 0.785161 0.04882 0.783198 0.04882 0.781247 0.046874 0.779295 0.046874 0.777344 0.044927 0.775392 0.044927 0.771487 0.042961 0.769535 0.042961 0.765621 0.041014 0.76367 0.041014 0.761718 0.039066 0.759767
0 0.332036 0.398437 0.33007 0.400388 0.328124 0.400388 0.326177 0.40234 0.324212 0.40234 0.322265 0.404302 0.320317 0.404302 0.320317 0.406254 0.322265 0.408205 0.322265 0.414062 0.324212 0.416014 0.324212 0.421879 0.326177 0.423831 0.326177 0.429687 0.328124 0.431639 0.328124 0.437504 0.33007 0.439456 0.33007 0.443359 0.332036 0.441407 0.333983 0.441407 0.337894 0.437504 0.339842 0.437504 0.341789 0.435542 0.343753 0.435542 0.343753 0.43359 0.341789 0.431639 0.341789 0.427734 0.339842 0.425782 0.339842 0.421879 0.337894 0.419927 0.337894 0.414062 0.335931 0.412109 0.335931 0.408205 0.333983 0.406254 0.333983 0.40234 0.332036 0.400388
0 0.257815 0.902344 0.255851 0.904296 0.248045 0.904296 0.244133 0.9082 0.242187 0.9082 0.240239 0.910151 0.240239 0.919921 0.244133 0.919921 0.246098 0.921873 0.255851 0.921873 0.257815 0.919921 0.261727 0.919921 0.267586 0.914065 0.269533 0.914065 0.269533 0.912113 0.271481 0.910151 0.271481 0.9082 0.269533 0.906248 0.269533 0.904296 0.267586 0.902344
0 0.091799 0.720698 0.089851 0.72266 0.087886 0.72266 0.085939 0.724611 0.083992 0.724611 0.082027 0.726563 0.082027 0.728516 0.083992 0.730468 0.083992 0.734371 0.085939 0.736323 0.085939 0.740237 0.087886 0.742188 0.087886 0.744142 0.089851 0.746093 0.089851 0.748045 0.091799 0.749996 0.091799 0.751948 0.093746 0.75391 0.093746 0.755862 0.09571 0.757814 0.09571 0.759767 0.097657 0.757814 0.099605 0.757814 0.103516 0.75391 0.105464 0.75391 0.105464 0.751948 0.103516 0.749996 0.103516 0.748045 0.101568 0.746093 0.101568 0.742188 0.099605 0.740237 0.099605 0.738285 0.097657 0.736323 0.097657 0.734371 0.09571 0.73242 0.09571 0.728516 0.093746 0.726563 0.093746 0.724611 0.091799 0.72266
0 0.214838 0.916018 0.207031 0.923825 0.207031 0.925777 0.205084 0.927739 0.205084 0.931643 0.210943 0.931643 0.212891 0.933594 0.226556 0.933594 0.230468 0.92969 0.232415 0.92969 0.234379 0.927739 0.236326 0.927739 0.236326 0.916018
1 0.8711 0.089847 0.869136 0.091799 0.867188 0.091799 0.865242 0.093751 0.863276 0.093751 0.861329 0.095702 0.859382 0.095702 0.857418 0.097654 0.855471 0.097654 0.853523 0.099607 0.851558 0.099607 0.849611 0.101559 0.847664 0.101559 0.847664 0.103519 0.849611 0.105472 0.849611 0.109376 0.851558 0.111328 0.851558 0.115232 0.853523 0.117184 0.853523 0.121097 0.855471 0.12305 0.855471 0.126953 0.857418 0.128904 0.857418 0.132809 0.859382 0.13477 0.859382 0.138675 0.861329 0.140626 0.861329 0.14453 0.863276 0.146482 0.863276 0.150386 0.865242 0.152348 0.865242 0.156252 0.867188 0.158203 0.867188 0.162107 0.869136 0.16406 0.869136 0.167973 0.8711 0.169925 0.8711 0.173828 0.873048 0.17578 0.873048 0.179685 0.874994 0.181637 0.874994 0.18555 0.876959 0.187502 0.876959 0.189454 0.878906 0.187502 0.880854 0.187502 0.882818 0.18555 0.886713 0.18555 0.888678 0.183598 0.890624 0.183598 0.892571 0.181637 0.896483 0.181637 0.89843 0.179685 0.900395 0.179685 0.900395 0.177732 0.89843 0.17578 0.89843 0.171877 0.896483 0.169925 0.896483 0.166011 0.894536 0.16406 0.894536 0.160155 0.892571 0.158203 0.892571 0.1543 0.890624 0.152348 0.890624 0.148434 0.888678 0.146482 0.888678 0.142578 0.886713 0.140626 0.886713 0.136722 0.884766 0.13477 0.884766 0.128904 0.882818 0.126953 0.882818 0.12305 0.880854 0.121097 0.880854 0.117184 0.878906 0.115232 0.878906 0.111328 0.876959 0.109376 0.876959 0.105472 0.874994 0.103519 0.874994 0.099607 0.873048 0.097654 0.873048 0.093751 0.8711 0.091799
1 0.941408 0.255858 0.939461 0.25781 0.937496 0.25781 0.93555 0.259762 0.933602 0.259762 0.931638 0.261724 0.92969 0.261724 0.927726 0.263675 0.925778 0.263675 0.923831 0.265627 0.921866 0.265627 0.91992 0.267579 0.917973 0.267579 0.91992 0.269531 0.91992 0.271483 0.921866 0.273435 0.921866 0.275387 0.923831 0.277349 0.923831 0.279301 0.925778 0.281252 0.925778 0.283204 0.927726 0.285156 0.927726 0.287108 0.92969 0.28906 0.92969 0.291012 0.931638 0.292964 0.931638 0.294926 0.933602 0.296877 0.933602 0.298829 0.93555 0.300781 0.93555 0.302733 0.937496 0.304686 0.937496 0.306637 0.939461 0.308589 0.939461 0.310551 0.941408 0.312503 0.941408 0.314454 0.943356 0.316406 0.943356 0.318358 0.94532 0.320311 0.94532 0.322262 0.947268 0.324214 0.947268 0.326176 0.949215 0.328128 0.949215 0.330079 0.95118 0.332031 0.95118 0.333983 0.953126 0.335936 0.953126 0.337888 0.955073 0.339839 0.955073 0.341801 0.957039 0.343753 0.957039 0.345705 0.958986 0.347656 0.958986 0.349609 0.960933 0.351561 0.960933 0.353513 0.962897 0.355464 0.962897 0.357427 0.964845 0.355464 0.966792 0.355464 0.970703 0.351561 0.972651 0.351561 0.974616 0.349609 0.976562 0.349609 0.980474 0.345705 0.982422 0.345705 0.982422 0.343753 0.980474 0.341801 0.980474 0.339839 0.97851 0.337888 0.97851 0.335936 0.976562 0.333983 0.976562 0.332031 0.974616 0.330079 0.974616 0.328128 0.972651 0.326176 0.972651 0.322262 0.970703 0.320311 0.970703 0.318358 0.968756 0.316406 0.968756 0.314454 0.966792 0.312503 0.966792 0.310551 0.964845 0.308589 0.964845 0.306637 0.962897 0.304686 0.962897 0.302733 0.960933 0.300781 0.960933 0.296877 0.958986 0.294926 0.958986 0.292964 0.957039 0.291012 0.957039 0.28906 0.955073 0.287108 0.955073 0.285156 0.953126 0.283204 0.953126 0.281252 0.95118 0.279301 0.95118 0.275387 0.949215 0.273435 0.949215 0.271483 0.947268 0.269531 0.947268 0.267579 0.94532 0.265627 0.94532 0.263675 0.943356 0.261724 0.943356 0.259762 0.941408 0.25781
1 0.402344 0.910151 0.400396 0.912113 0.396485 0.912113 0.394538 0.914065 0.388679 0.914065 0.386714 0.916018 0.382819 0.916018 0.380856 0.917969 0.374996 0.917969 0.373049 0.919921 0.369137 0.919921 0.367189 0.921873 0.36133 0.921873 0.359383 0.923825 0.355472 0.923825 0.353507 0.925777 0.347648 0.925777 0.3457 0.927739 0.341789 0.927739 0.339842 0.92969 0.333983 0.92969 0.332036 0.931643 0.324212 0.931643 0.324212 0.935546 0.322265 0.937498 0.322265 0.941402 0.324212 0.943364 0.324212 0.945316 0.326177 0.947268 0.333983 0.947268 0.335931 0.945316 0.337894 0.945316 0.339842 0.943364 0.3457 0.943364 0.347648 0.941402 0.353507 0.941402 0.355472 0.93945 0.36133 0.93945 0.363277 0.937498 0.369137 0.937498 0.371101 0.935546 0.374996 0.935546 0.376961 0.933594 0.382819 0.933594 0.384767 0.931643 0.390625 0.931643 0.392572 0.92969 0.398433 0.92969 0.400396 0.927739 0.406255 0.927739 0.406255 0.916018 0.404291 0.914065 0.404291 0.912113
0 0.757813 0.160155 0.753902 0.16406 0.751955 0.16406 0.748044 0.167973 0.746097 0.167973 0.746097 0.169925 0.748044 0.171877 0.748044 0.17578 0.750008 0.177732 0.750008 0.181637 0.751955 0.183598 0.751955 0.189454 0.753902 0.191405 0.753902 0.19531 0.755867 0.197262 0.755867 0.199223 0.757813 0.197262 0.761726 0.197262 0.763674 0.19531 0.769532 0.19531 0.769532 0.193357 0.767585 0.191405 0.767585 0.187502 0.76562 0.18555 0.76562 0.181637 0.763674 0.179685 0.763674 0.17578 0.761726 0.173828 0.761726 0.169925 0.759761 0.167973 0.759761 0.16406 0.757813 0.162107
0 0.392572 0.572264 0.390625 0.574217 0.388679 0.574217 0.386714 0.576169 0.382819 0.576169 0.380856 0.57812 0.378908 0.57812 0.378908 0.580082 0.380856 0.582034 0.380856 0.585938 0.382819 0.58789 0.382819 0.591794 0.384767 0.593745 0.384767 0.595707 0.386714 0.597659 0.386714 0.601562 0.388679 0.603515 0.388679 0.607419 0.390625 0.609371 0.390625 0.611332 0.392572 0.609371 0.394538 0.609371 0.396485 0.607419 0.398433 0.607419 0.400396 0.605467 0.402344 0.605467 0.402344 0.603515 0.400396 0.601562 0.400396 0.595707 0.398433 0.593745 0.398433 0.589842 0.396485 0.58789 0.396485 0.583986 0.394538 0.582034 0.394538 0.576169 0.392572 0.574217