0 0.390624 0.792967 0.38672 0.796874 0.384765 0.796874 0.384765 0.808592 0.388672 0.8125 0.394532 0.8125 0.394532 0.806639 0.396484 0.804689 0.396484 0.796874 0.394532 0.79492 0.394532 0.792967
0 0.292969 0.742186 0.291017 0.74414 0.287109 0.74414 0.285157 0.746094 0.283205 0.746094 0.283205 0.748047 0.281249 0.750001 0.281249 0.751955 0.289061 0.751955 0.291017 0.750001 0.292969 0.750001 0.294921 0.748047 0.294921 0.74414
0 0.310548 0.939451 0.310548 0.945312 0.308593 0.947266 0.308593 0.951173 0.314453 0.951173 0.314453 0.94922 0.316405 0.947266 0.316405 0.941405 0.314453 0.939451
0 0.77539 0.548829 0.771486 0.552736 0.771486 0.554686 0.773438 0.55664 0.777343 0.55664 0.779298 0.554686 0.78125 0.554686 0.78125 0.550783 0.779298 0.548829
0 0.867186 0.523439 0.865234 0.525392 0.863282 0.525392 0.863282 0.527342 0.861329 0.529296 0.861329 0.531249 0.863282 0.531249 0.867186 0.535157 0.869141 0.533203 0.875001 0.533203 0.878906 0.529296 0.876953 0.527342 0.876953 0.525392 0.875001 0.523439
0 0.603515 0.289061 0.601563 0.291015 0.601563 0.294922 0.603515 0.296876 0.609375 0.296876 0.609375 0.294922 0.611327 0.292969 0.611327 0.291015 0.609375 0.289061
0 0.191406 0.781248 0.189453 0.783202 0.189453 0.785156 0.191406 0.78711 0.191406 0.789063 0.193358 0.78711 0.201173 0.78711 0.203125 0.785156 0.203125 0.783202 0.201173 0.781248
0 0.917969 0.51172 0.916017 0.51367 0.912109 0.51367 0.912109 0.521485 0.914062 0.519531 0.919922 0.519531 0.919922 0.517577 0.917969 0.515624
0 0.664063 0.083986 0.662111 0.085939 0.658203 0.085939 0.656251 0.087889 0.656251 0.091796 0.664063 0.091796 0.666015 0.089843 0.666015 0.085939
0 0.287109 0.724611 0.285157 0.726561 0.281249 0.726561 0.277345 0.730468 0.277345 0.732422 0.275389 0.734376 0.277345 0.734376 0.279297 0.736329 0.285157 0.736329 0.289061 0.732422 0.289061 0.726561
0 0.45508 0.341795 0.451172 0.345703 0.44922 0.345703 0.44922 0.347657 0.451172 0.34961 0.451172 0.353514 0.453124 0.351564 0.45508 0.351564 0.45508 0.34961 0.457032 0.347657 0.457032 0.343749
11 0.652343 0.341795 0.650391 0.343749 0.636719 0.343749 0.636719 0.34961 0.638671 0.351564 0.638671 0.361329 0.640626 0.363282 0.640626 0.369139 0.642579 0.367186 0.656251 0.367186 0.656251 0.361329 0.654299 0.359375 0.654299 0.34961 0.652343 0.347657
0 0.626955 0.087889 0.626955 0.097658 0.630859 0.101561 0.632811 0.101561 0.634767 0.099611 0.634767 0.09375 0.632811 0.091796 0.632811 0.089843 0.630859 0.087889
0 0.429688 0.359375 0.429688 0.361329 0.427736 0.363282 0.427736 0.365236 0.429688 0.367186 0.429688 0.369139 0.43164 0.369139 0.43164 0.359375
0 0.298829 0.951173 0.296876 0.953123 0.294921 0.953123 0.294921 0.964845 0.300781 0.964845 0.302733 0.962892 0.302733 0.955077
0 0.412108 0.421874 0.412108 0.423827 0.410156 0.425781 0.410156 0.429689 0.412108 0.431642 0.412108 0.437499 0.416016 0.437499 0.417968 0.435546 0.416016 0.433592 0.416016 0.421874
0 0.193358 0.679688 0.193358 0.681641 0.187501 0.687498 0.189453 0.689452 0.195313 0.689452 0.199218 0.685549 0.197265 0.683595 0.197265 0.679688
0 0.482423 0.144531 0.480468 0.146484 0.478516 0.146484 0.476564 0.148438 0.476564 0.152346 0.490235 0.152346 0.492188 0.150392 0.49414 0.150392 0.490235 0.146484 0.48828 0.146484 0.486328 0.144531
0 0.486328 0.1875 0.482423 0.191408 0.482423 0.199219 0.484376 0.201172 0.486328 0.199219 0.48828 0.199219 0.490235 0.197265 0.490235 0.191408 0.48828 0.189454 0.48828 0.1875
0 0.695311 0.576173 0.693359 0.578127 0.691407 0.578127 0.691407 0.58203 0.701171 0.58203 0.701171 0.580076 0.703126 0.578127 0.701171 0.576173
0 0.492188 0.107422 0.490235 0.109376 0.490235 0.11914 0.49414 0.123048 0.49414 0.121094 0.496095 0.11914 0.496095 0.109376 0.49414 0.107422
0 0.623047 0.445314 0.621095 0.447264 0.619139 0.447264 0.617187 0.449218 0.617187 0.451171 0.619139 0.453125 0.621095 0.451171 0.624999 0.451171 0.626955 0.449218 0.628907 0.449218 0.630859 0.447264 0.628907 0.445314
0 0.777343 0.578127 0.77539 0.580076 0.76953 0.580076 0.767578 0.58203 0.765626 0.58203 0.78125 0.58203
0 0.306641 0.968749 0.302733 0.972656 0.302733 0.976564 0.304689 0.978517 0.304689 0.982421 0.308593 0.982421 0.308593 0.980467 0.310548 0.978517 0.310548 0.970703 0.308593 0.970703
0 0.636719 0.455079 0.634767 0.457033 0.630859 0.457033 0.630859 0.460936 0.632811 0.46289 0.634767 0.46289 0.636719 0.460936 0.638671 0.460936 0.638671 0.455079
0 0.007814 0.134766 0.005859 0.13672 0.005859 0.140623 0.003906 0.142577 0.003906 0.144531 0.007814 0.148438 0.011718 0.144531 0.009766 0.142577 0.009766 0.13672
0 0.474608 0.666016 0.472656 0.667969 0.468751 0.667969 0.466796 0.669923 0.464844 0.669923 0.464844 0.673826 0.462892 0.67578 0.464844 0.677734 0.468751 0.677734 0.470704 0.67578 0.476564 0.67578 0.476564 0.673826 0.478516 0.671877 0.478516 0.669923
0 0.476564 0.267578 0.472656 0.271486 0.472656 0.273436 0.470704 0.275389 0.470704 0.279297 0.472656 0.28125 0.474608 0.28125 0.476564 0.283204 0.476564 0.28125 0.478516 0.279297 0.478516 0.269532
0 0.44922 0.41992 0.447264 0.421874 0.447264 0.423827 0.445312 0.425781 0.445312 0.429689 0.44922 0.433592 0.451172 0.431642 0.451172 0.429689 0.453124 0.427735 0.453124 0.423827 0.451172 0.421874 0.451172 0.41992
0 0.820314 0.539064 0.820314 0.546875 0.824218 0.546875 0.82617 0.544921 0.828126 0.544921 0.830078 0.542968 0.830078 0.539064
0 0.576171 0.601563 0.572267 0.605471 0.570312 0.605471 0.568359 0.60742 0.568359 0.609374 0.570312 0.609374 0.572267 0.611328 0.574219 0.609374 0.580079 0.609374 0.583984 0.605471 0.582031 0.605471 0.580079 0.603517 0.578124 0.603517
0 0.388672 0.591799 0.382812 0.597656 0.382812 0.599609 0.384765 0.601563 0.384765 0.603517 0.38672 0.605471 0.388672 0.605471 0.388672 0.603517 0.390624 0.601563 0.390624 0.599609 0.392577 0.597656 0.388672 0.593748
11 0.986329 0.216798 0.984373 0.218752 0.982421 0.218752 0.980469 0.220701 0.976561 0.220701 0.976561 0.226563 0.978517 0.228516 0.978517 0.23047 0.980469 0.232424 0.980469 0.234373 0.982421 0.234373 0.984373 0.236327 0.990233 0.236327 0.994141 0.232424 0.994141 0.23047 0.996093 0.228516 0.996093 0.226563 0.994141 0.224609 0.994141 0.220701 0.992189 0.218752 0.992189 0.216798
0 0.806642 0.541014 0.802734 0.544921 0.802734 0.548829 0.806642 0.552736 0.810546 0.548829 0.814454 0.548829 0.814454 0.542968 0.812501 0.541014
0 0.802734 0.218752 0.800782 0.220701 0.796874 0.220701 0.794922 0.222655 0.791014 0.222655 0.791014 0.224609 0.79297 0.226563 0.79297 0.228516 0.800782 0.228516 0.802734 0.226563 0.804686 0.226563 0.806642 0.224609 0.808594 0.224609 0.810546 0.222655 0.806642 0.218752
0 0.599611 0.015626 0.599611 0.023436 0.601563 0.02539 0.603515 0.02539 0.605467 0.027344 0.607423 0.02539 0.607423 0.023436 0.609375 0.021483 0.607423 0.019533 0.607423 0.017579 0.605467 0.015626
0 0.015626 0.685549 0.013671 0.687498 0.011718 0.687498 0.013671 0.689452 0.013671 0.691406 0.015626 0.693359 0.015626 0.695313 0.017578 0.697267 0.019531 0.695313 0.021486 0.695313 0.021486 0.689452 0.019531 0.687498 0.017578 0.687498
0 0.492188 0.083986 0.492188 0.087889 0.490235 0.089843 0.490235 0.09375 0.492188 0.095704 0.492188 0.097658 0.49414 0.097658 0.496095 0.095704 0.496095 0.087889 0.49414 0.085939 0.49414 0.083986
0 0.376953 0.595702 0.375 0.597656 0.373048 0.597656 0.373048 0.60742 0.376953 0.60742 0.376953 0.603517 0.378905 0.601563 0.376953 0.599609
0 0.445312 0.687498 0.44336 0.689452 0.435548 0.689452 0.435548 0.695313 0.445312 0.695313 0.447264 0.693359 0.447264 0.689452
0 0.173829 0.791017 0.171874 0.792967 0.167969 0.792967 0.167969 0.79492 0.166017 0.796874 0.167969 0.798828 0.173829 0.798828 0.175781 0.796874 0.175781 0.792967
0 0.490235 0.664062 0.486328 0.667969 0.490235 0.671877 0.490235 0.673826 0.492188 0.673826 0.49414 0.67578 0.496095 0.67578 0.498048 0.673826 0.498048 0.666016 0.496095 0.664062
0 0.167969 0.035155 0.166017 0.037108 0.164062 0.037108 0.164062 0.041016 0.166017 0.04297 0.166017 0.044923 0.175781 0.044923 0.177734 0.04297 0.177734 0.041016 0.175781 0.039062 0.173829 0.039062 0.171874 0.037108 0.169922 0.037108
0 0.44922 0.683595 0.44922 0.691406 0.451172 0.691406 0.453124 0.689452 0.457032 0.689452 0.458984 0.687498 0.460936 0.687498 0.458984 0.685549 0.458984 0.683595
0 0.716798 0.570312 0.714843 0.572265 0.710938 0.572265 0.710938 0.574219 0.708983 0.576173 0.708983 0.580076 0.710938 0.58203 0.714843 0.58203 0.722655 0.574219 0.71875 0.570312
0 0.330077 0.757812 0.330077 0.759766 0.328125 0.761719 0.328125 0.767577 0.330077 0.767577 0.332032 0.76953 0.333984 0.76953 0.333984 0.761719 0.335937 0.759766 0.335937 0.757812
0 0.410156 0.529296 0.408204 0.531249 0.408204 0.541014 0.410156 0.542968 0.412108 0.541014 0.414064 0.541014 0.414064 0.533203 0.412108 0.531249 0.412108 0.529296
0 0.248045 0.542968 0.246093 0.544921 0.246093 0.548829 0.244141 0.550783 0.244141 0.552736 0.246093 0.554686 0.246093 0.558593 0.248045 0.55664 0.251953 0.55664 0.251953 0.548829 0.250001 0.546875 0.250001 0.544921
0 0.476564 0.240234 0.474608 0.242188 0.474608 0.249999 0.476564 0.251953 0.480468 0.251953 0.482423 0.249999 0.482423 0.242188 0.480468 0.240234
0 0.925781 0.507813 0.923829 0.509767 0.921874 0.509767 0.919922 0.51172 0.919922 0.515624 0.923829 0.515624 0.925781 0.517577 0.927734 0.515624 0.929689 0.515624 0.931641 0.51367 0.931641 0.51172 0.933593 0.509767 0.931641 0.507813
0 0.255861 0.751955 0.255861 0.757812 0.265625 0.757812 0.265625 0.755858 0.263673 0.753905 0.263673 0.751955
0 0.410156 0.017579 0.408204 0.019533 0.406249 0.019533 0.404296 0.021483 0.404296 0.023436 0.406249 0.02539 0.406249 0.027344 0.408204 0.029298 0.412108 0.029298 0.414064 0.027344 0.416016 0.027344 0.416016 0.02539 0.410156 0.019533
0 0.740234 0.560547 0.738282 0.562501 0.734374 0.562501 0.734374 0.564455 0.732422 0.566404 0.734374 0.568358 0.734374 0.570312 0.736327 0.570312 0.738282 0.568358 0.740234 0.568358 0.742187 0.566404 0.744142 0.566404 0.744142 0.562501 0.742187 0.560547
0 0.761718 0.539064 0.757814 0.542968 0.757814 0.544921 0.759766 0.544921 0.761718 0.546875 0.767578 0.546875 0.771486 0.542968 0.771486 0.539064
0 0.441408 0.697267 0.439452 0.699221 0.435548 0.699221 0.433592 0.70117 0.43164 0.70117 0.43164 0.703124 0.433592 0.703124 0.435548 0.705078 0.439452 0.705078 0.441408 0.703124 0.44336 0.703124 0.445312 0.70117
0 0.507812 0.845705 0.50586 0.847655 0.50586 0.859373 0.509764 0.859373 0.511719 0.857423 0.511719 0.847655 0.509764 0.845705
0 0.978517 0.486326 0.978517 0.492187 0.980469 0.494141 0.982421 0.492187 0.986329 0.492187 0.986329 0.490234 0.988281 0.48828 0.986329 0.486326
0 0.90625 0.515624 0.902345 0.519531 0.902345 0.525392 0.904297 0.525392 0.908202 0.521485 0.910157 0.521485 0.910157 0.515624
0 0.15625 0.810546 0.15039 0.816407 0.15039 0.822264 0.15625 0.822264 0.158202 0.820311 0.158202 0.816407 0.15625 0.814454
0 0.158202 0.777345 0.158202 0.781248 0.160157 0.783202 0.160157 0.785156 0.162109 0.78711 0.166017 0.78711 0.166017 0.781248 0.162109 0.777345
0 0.15625 0.707032 0.152345 0.710939 0.152345 0.712889 0.154297 0.714842 0.158202 0.714842 0.160157 0.712889 0.160157 0.710939 0.162109 0.708985 0.162109 0.707032
0 0.396484 0.498048 0.396484 0.501952 0.394532 0.503905 0.394532 0.51367 0.396484 0.51367 0.400392 0.509767 0.400392 0.499998 0.398437 0.499998
0 0.214845 0.660154 0.21289 0.662108 0.210937 0.662108 0.210937 0.664062 0.208985 0.666016 0.208985 0.667969 0.20703 0.669923 0.210937 0.673826 0.21289 0.673826 0.216797 0.669923 0.216797 0.667969 0.218749 0.666016 0.218749 0.664062
11 0.972657 0.421874 0.972657 0.425781 0.970705 0.427735 0.970705 0.443361 0.976561 0.449218 0.980469 0.449218 0.986329 0.443361 0.986329 0.441407 0.988281 0.439453 0.988281 0.433592 0.986329 0.431642 0.986329 0.429689 0.980469 0.423827 0.974609 0.423827
0 0.947265 0.390626 0.943361 0.39453 0.939453 0.39453 0.939453 0.402345 0.941405 0.404298 0.951173 0.404298 0.951173 0.390626
0 0.806642 0.638672 0.804686 0.640625 0.804686 0.642579 0.802734 0.644533 0.802734 0.646482 0.804686 0.648436 0.806642 0.646482 0.808594 0.646482 0.808594 0.644533 0.810546 0.642579 0.810546 0.640625 0.808594 0.638672
0 0.662111 0.156249 0.662111 0.160156 0.664063 0.16211 0.664063 0.164064 0.666015 0.164064 0.667967 0.166018 0.669923 0.166018 0.671875 0.164064 0.669923 0.16211 0.669923 0.160156 0.667967 0.158203 0.667967 0.156249
0 0.208985 0.083986 0.20703 0.085939 0.203125 0.085939 0.201173 0.087889 0.199218 0.087889 0.199218 0.091796 0.201173 0.09375 0.20703 0.09375 0.208985 0.091796 0.21289 0.091796 0.214845 0.089843 0.214845 0.085939 0.21289 0.083986
0 0.664063 0.169921 0.664063 0.177736 0.666015 0.177736 0.667967 0.17969 0.671875 0.17969 0.671875 0.173828 0.669923 0.173828 0.666015 0.169921
0 0.019531 0.105468 0.019531 0.109376 0.017578 0.11133 0.019531 0.113279 0.021486 0.113279 0.02539 0.109376 0.023438 0.107422 0.023438 0.105468
0 0.427736 0.326174 0.42578 0.328123 0.42578 0.332031 0.423828 0.333985 0.423828 0.335938 0.427736 0.335938 0.427736 0.333985 0.43164 0.330077 0.429688 0.328123 0.429688 0.326174
0 0.060546 0.039062 0.058594 0.041016 0.056642 0.041016 0.056642 0.046873 0.058594 0.046873 0.060546 0.048827 0.062498 0.048827 0.064454 0.05078 0.066406 0.05078 0.068358 0.052734 0.070314 0.052734 0.074218 0.048827 0.064454 0.039062
0 0.482423 0.046873 0.482423 0.048827 0.480468 0.05078 0.480468 0.054688 0.478516 0.056642 0.480468 0.058595 0.480468 0.060545 0.482423 0.062499 0.482423 0.064452 0.486328 0.064452 0.486328 0.048827 0.484376 0.046873
0 0.447264 0.371093 0.44336 0.375001 0.44336 0.390626 0.445312 0.39258 0.44922 0.39258 0.44922 0.390626 0.451172 0.388673 0.451172 0.375001
0 0.468751 0.695313 0.466796 0.697267 0.466796 0.699221 0.470704 0.703124 0.474608 0.703124 0.476564 0.705078 0.478516 0.705078 0.480468 0.703124 0.480468 0.699221 0.478516 0.699221 0.474608 0.695313
0 0.277345 0.472658 0.275389 0.474608 0.273437 0.474608 0.273437 0.476562 0.271485 0.478515 0.271485 0.480469 0.269533 0.482423 0.269533 0.486326 0.271485 0.486326 0.273437 0.48828 0.281249 0.480469 0.281249 0.476562
0 0.802734 0.357421 0.802734 0.359375 0.800782 0.361329 0.800782 0.363282 0.802734 0.365236 0.802734 0.367186 0.804686 0.367186 0.806642 0.365236 0.806642 0.359375 0.804686 0.357421
1 0.603515 0.634764 0.601563 0.636718 0.597655 0.636718 0.595703 0.638672 0.593751 0.638672 0.591795 0.640625 0.587891 0.640625 0.585939 0.642579 0.578124 0.642579 0.576171 0.644533 0.576171 0.646482 0.574219 0.648436 0.574219 0.654297 0.578124 0.654297 0.580079 0.656251 0.582031 0.654297 0.585939 0.654297 0.587891 0.652344 0.589843 0.652344 0.591795 0.65039 0.595703 0.65039 0.597655 0.648436 0.599611 0.648436 0.601563 0.646482 0.605467 0.646482 0.607423 0.644533 0.609375 0.644533 0.607423 0.642579 0.607423 0.640625 0.605467 0.638672 0.605467 0.636718
0 0.554688 0.767577 0.55078 0.771484 0.55078 0.779299 0.552735 0.779299 0.552735 0.777345 0.55664 0.773438 0.558595 0.773438 0.558595 0.771484 0.560547 0.76953 0.558595 0.76953 0.55664 0.767577
0 0.07617 0.05078 0.074218 0.052734 0.074218 0.054688 0.078126 0.058595 0.078126 0.060545 0.080078 0.060545 0.08203 0.062499 0.083986 0.060545 0.085938 0.060545 0.085938 0.058595 0.08203 0.054688 0.08203 0.052734 0.080078 0.052734 0.078126 0.05078
0 0.736327 0.546875 0.732422 0.550783 0.732422 0.552736 0.734374 0.554686 0.738282 0.554686 0.740234 0.552736 0.742187 0.552736 0.742187 0.550783 0.744142 0.548829 0.742187 0.546875
0 0.314453 0.853516 0.314453 0.85547 0.312501 0.857423 0.312501 0.859373 0.310548 0.861327 0.310548 0.86328 0.312501 0.865234 0.314453 0.865234 0.316405 0.86328 0.316405 0.861327 0.31836 0.859373 0.31836 0.857423
0 0.423828 0.484376 0.421876 0.486326 0.419921 0.486326 0.419921 0.498048 0.421876 0.499998 0.42578 0.496095 0.42578 0.494141 0.427736 0.492187 0.427736 0.486326 0.42578 0.484376
0 0.166017 0.083986 0.162109 0.087889 0.160157 0.087889 0.160157 0.091796 0.171874 0.091796 0.171874 0.089843 0.173829 0.087889 0.173829 0.083986
0 0.423828 0.693359 0.421876 0.695313 0.421876 0.699221 0.423828 0.70117 0.42578 0.70117 0.427736 0.703124 0.43164 0.699221 0.433592 0.699221 0.433592 0.693359
0 0.839842 0.214844 0.835938 0.218752 0.83789 0.220701 0.83789 0.222655 0.839842 0.220701 0.845702 0.220701 0.84961 0.216798 0.847657 0.214844
0 0.345704 0.705078 0.343749 0.707032 0.341797 0.707032 0.341797 0.716796 0.345704 0.716796 0.349609 0.712889 0.349609 0.705078
0 0.673827 0.201172 0.671875 0.203126 0.671875 0.20508 0.673827 0.207029 0.673827 0.212891 0.675782 0.212891 0.677735 0.214844 0.679687 0.212891 0.679687 0.203126 0.675782 0.203126
0 0.535156 0.632815 0.533203 0.634764 0.527344 0.634764 0.523436 0.638672 0.523436 0.642579 0.527344 0.642579 0.529296 0.640625 0.533203 0.640625 0.535156 0.638672 0.537108 0.638672 0.537108 0.634764
0 0.179689 0.808592 0.177734 0.810546 0.173829 0.810546 0.171874 0.8125 0.171874 0.814454 0.169922 0.816407 0.171874 0.818361 0.171874 0.820311 0.173829 0.820311 0.175781 0.818361 0.177734 0.818361 0.179689 0.816407 0.181641 0.816407 0.181641 0.810546
0 0.134766 0.76953 0.132814 0.771484 0.132814 0.773438 0.130858 0.775391 0.132814 0.777345 0.132814 0.779299 0.134766 0.781248 0.138673 0.781248 0.140625 0.779299 0.140625 0.771484 0.138673 0.771484 0.136718 0.76953
1 0.587891 0.628907 0.585939 0.630861 0.582031 0.630861 0.580079 0.632815 0.578124 0.632815 0.576171 0.634764 0.572267 0.634764 0.570312 0.636718 0.568359 0.636718 0.566407 0.638672 0.562499 0.638672 0.560547 0.640625 0.558595 0.640625 0.55664 0.642579 0.552735 0.642579 0.552735 0.644533 0.55078 0.646482 0.552735 0.648436 0.55664 0.648436 0.558595 0.65039 0.560547 0.648436 0.564452 0.648436 0.566407 0.646482 0.568359 0.646482 0.570312 0.644533 0.574219 0.644533 0.578124 0.640625 0.583984 0.640625 0.585939 0.638672 0.587891 0.638672 0.589843 0.636718 0.593751 0.636718 0.589843 0.632815 0.589843 0.630861
0 0.333984 0.845705 0.332032 0.847655 0.332032 0.851562 0.330077 0.853516 0.330077 0.859373 0.332032 0.859373 0.333984 0.857423 0.335937 0.857423 0.337892 0.85547 0.337892 0.847655 0.335937 0.845705
11 0.990233 0.027344 0.988281 0.029298 0.984373 0.029298 0.982421 0.031251 0.976561 0.031251 0.978517 0.033205 0.978517 0.035155 0.980469 0.037108 0.980469 0.039062 0.982421 0.041016 0.982421 0.04297 0.984373 0.044923 0.984373 0.046873 0.986329 0.048827 0.988281 0.046873 0.990233 0.046873 0.992189 0.044923 0.996093 0.044923 0.998045 0.04297 1 0.04297 0.998045 0.041016 0.998045 0.039062 0.994141 0.035155 0.994141 0.033205 0.992189 0.031251 0.992189 0.029298
0 0.619139 0.062499 0.617187 0.064452 0.617187 0.070314 0.621095 0.074217 0.621095 0.076171 0.623047 0.078124 0.626955 0.078124 0.626955 0.070314 0.624999 0.06836 0.624999 0.066406 0.623047 0.066406
0 0.447264 0.261717 0.447264 0.263671 0.445312 0.265625 0.445312 0.275389 0.451172 0.269532 0.451172 0.263671 0.44922 0.261717
0 0.851562 0.535157 0.84961 0.537111 0.84961 0.542968 0.851562 0.542968 0.853514 0.541014 0.85547 0.541014 0.859374 0.537111 0.857422 0.537111 0.85547 0.535157
0 0.654299 0.128905 0.652343 0.130859 0.652343 0.140623 0.654299 0.140623 0.658203 0.144531 0.660155 0.144531 0.660155 0.142577 0.662111 0.140623 0.658203 0.13672 0.658203 0.134766 0.656251 0.132812 0.656251 0.130859
11 0.949218 0.234373 0.943361 0.240234 0.943361 0.242188 0.945313 0.244142 0.943361 0.246096 0.943361 0.251953 0.947265 0.251953 0.949218 0.253906 0.957033 0.253906 0.960937 0.249999 0.960937 0.246096 0.957033 0.242188 0.957033 0.238281 0.955077 0.236327 0.955077 0.234373
0 0.375 0.687498 0.371093 0.691406 0.369141 0.691406 0.369141 0.699221 0.373048 0.699221 0.373048 0.697267 0.376953 0.693359 0.376953 0.691406 0.375 0.689452
0 0.777343 0.226563 0.777343 0.23047 0.779298 0.232424 0.783202 0.232424 0.785158 0.23047 0.78711 0.23047 0.78711 0.226563
0 0.464844 0.32422 0.464844 0.326174 0.462892 0.328123 0.462892 0.333985 0.464844 0.335938 0.466796 0.335938 0.466796 0.333985 0.468751 0.332031 0.468751 0.326174 0.466796 0.32422
0 0.419921 0.408202 0.419921 0.410155 0.417968 0.412109 0.417968 0.41797 0.419921 0.41992 0.419921 0.421874 0.421876 0.421874 0.423828 0.423827 0.423828 0.421874 0.42578 0.41992 0.42578 0.416017 0.427736 0.414063 0.427736 0.412109 0.42578 0.412109 0.421876 0.408202
0 0.886718 0.539064 0.884766 0.541014 0.882813 0.541014 0.882813 0.544921 0.880858 0.546875 0.886718 0.546875 0.888673 0.544921 0.890625 0.544921 0.892578 0.542968 0.892578 0.541014 0.890625 0.539064
0 0.406249 0.480469 0.402344 0.484376 0.402344 0.490234 0.404296 0.492187 0.404296 0.496095 0.406249 0.494141 0.408204 0.494141 0.408204 0.492187 0.410156 0.490234 0.410156 0.484376 0.408204 0.482423 0.408204 0.480469
0 0.148438 0.089843 0.146485 0.091796 0.138673 0.091796 0.136718 0.09375 0.136718 0.097658 0.138673 0.099611 0.142578 0.099611 0.14453 0.097658 0.148438 0.097658 0.148438 0.095704 0.15039 0.09375 0.152345 0.09375
0 0.007814 0.166018 0.001954 0.171875 0.001954 0.17969 0.005859 0.17969 0.011718 0.173828 0.011718 0.169921 0.009766 0.167967 0.009766 0.166018
0 0.529296 0.722657 0.527344 0.724611 0.525391 0.724611 0.525391 0.734376 0.529296 0.738283 0.531251 0.736329 0.531251 0.724611
0 0.496095 0.054688 0.49414 0.056642 0.49414 0.062499 0.496095 0.064452 0.496095 0.066406 0.498048 0.06836 0.5 0.06836 0.5 0.058595 0.498048 0.056642 0.498048 0.054688
0 0.238281 0.763673 0.236329 0.765627 0.236329 0.767577 0.234374 0.76953 0.234374 0.773438 0.236329 0.775391 0.240233 0.771484 0.240233 0.765627
0 0.476564 0.117187 0.474608 0.11914 0.472656 0.11914 0.472656 0.121094 0.470704 0.123048 0.470704 0.126951 0.472656 0.128905 0.472656 0.132812 0.476564 0.132812 0.478516 0.130859 0.478516 0.121094 0.476564 0.11914
0 0.458984 0.316405 0.457032 0.318359 0.457032 0.32422 0.458984 0.326174 0.458984 0.328123 0.460936 0.326174 0.460936 0.318359
0 0.378905 0.630861 0.376953 0.632815 0.376953 0.642579 0.378905 0.642579 0.38086 0.644533 0.382812 0.642579 0.384765 0.642579 0.38672 0.640625 0.38672 0.634764 0.384765 0.632815 0.384765 0.630861
0 0.230469 0.759766 0.228517 0.761719 0.226562 0.761719 0.226562 0.763673 0.224609 0.765627 0.226562 0.767577 0.234374 0.767577 0.234374 0.765627 0.236329 0.763673 0.236329 0.761719 0.234374 0.759766
0 0.31836 0.728514 0.316405 0.730468 0.312501 0.730468 0.308593 0.734376 0.308593 0.738283 0.310548 0.740233 0.32422 0.740233 0.32422 0.738283 0.326172 0.736329 0.326172 0.732422 0.32422 0.730468 0.320313 0.730468
0 0.845702 0.535157 0.84375 0.537111 0.835938 0.537111 0.835938 0.542968 0.841798 0.542968 0.845702 0.539064
0 0.398437 0.550783 0.394532 0.554686 0.394532 0.562501 0.396484 0.564455 0.398437 0.564455 0.400392 0.562501 0.400392 0.560547 0.402344 0.558593 0.402344 0.554686
0 0.392577 0.527342 0.392577 0.529296 0.390624 0.531249 0.390624 0.535157 0.388672 0.537111 0.388672 0.539064 0.390624 0.541014 0.390624 0.542968 0.394532 0.542968 0.394532 0.541014 0.396484 0.539064 0.396484 0.531249 0.394532 0.529296 0.394532 0.527342
0 0.017578 0.115233 0.017578 0.117187 0.013671 0.121094 0.013671 0.125002 0.015626 0.126951 0.015626 0.128905 0.017578 0.128905 0.019531 0.126951 0.019531 0.125002 0.023438 0.121094 0.021486 0.11914 0.021486 0.117187 0.019531 0.117187
0 0.841798 0.527342 0.839842 0.529296 0.83789 0.529296 0.835938 0.531249 0.833986 0.531249 0.833986 0.533203 0.835938 0.535157 0.84375 0.535157 0.84375 0.533203 0.845702 0.531249 0.845702 0.529296 0.84375 0.527342
0 0.460936 0.689452 0.458984 0.691406 0.457032 0.691406 0.45508 0.693359 0.44922 0.693359 0.44922 0.699221 0.460936 0.699221 0.464844 0.695313 0.464844 0.693359
0 0.126954 0.095704 0.125001 0.097658 0.121094 0.097658 0.121094 0.103515 0.125001 0.103515 0.126954 0.101561 0.128906 0.101561 0.130858 0.099611 0.130858 0.095704
0 0.341797 0.734376 0.341797 0.736329 0.339844 0.738283 0.339844 0.740233 0.337892 0.742186 0.341797 0.746094 0.341797 0.748047 0.345704 0.748047 0.345704 0.746094 0.347656 0.74414 0.347656 0.736329 0.345704 0.734376
1 0.498048 0.109376 0.498048 0.148438 0.50586 0.148438 0.50586 0.132812 0.507812 0.130859 0.507812 0.115233 0.50586 0.113279 0.50586 0.11133 0.503907 0.109376
0 0.84375 0.548829 0.841798 0.550783 0.839842 0.550783 0.835938 0.554686 0.835938 0.558593 0.839842 0.558593 0.841798 0.560547 0.84375 0.558593 0.847657 0.558593 0.84961 0.55664 0.851562 0.55664 0.85547 0.552736 0.853514 0.550783 0.853514 0.548829
0 0.886718 0.199219 0.886718 0.201172 0.884766 0.203126 0.884766 0.207029 0.890625 0.207029 0.89453 0.203126 0.89453 0.201172 0.892578 0.199219
5 0.171874 0.707032 0.169922 0.708985 0.167969 0.708985 0.166017 0.710939 0.164062 0.710939 0.158202 0.716796 0.15625 0.716796 0.15039 0.722657 0.15039 0.726561 0.148438 0.728514 0.148438 0.753905 0.15039 0.755858 0.15039 0.759766 0.152345 0.761719 0.152345 0.763673 0.154297 0.765627 0.154297 0.767577 0.15625 0.76953 0.15625 0.771484 0.158202 0.773438 0.158202 0.775391 0.162109 0.775391 0.167969 0.781248 0.167969 0.78711 0.173829 0.78711 0.175781 0.785156 0.185546 0.785156 0.191406 0.779299 0.205078 0.779299 0.20703 0.777345 0.20703 0.775391 0.21289 0.76953 0.21289 0.767577 0.214845 0.765627 0.214845 0.759766 0.216797 0.757812 0.216797 0.736329 0.214845 0.734376 0.214845 0.732422 0.21289 0.730468 0.21289 0.728514 0.208985 0.724611 0.208985 0.722657 0.20703 0.720704 0.20703 0.71875 0.205078 0.71875 0.201173 0.714842 0.199218 0.714842 0.197265 0.712889 0.195313 0.712889 0.191406 0.708985 0.189453 0.708985 0.187501 0.707032
0 0.04297 0.029298 0.04297 0.031251 0.041015 0.033205 0.041015 0.035155 0.04297 0.037108 0.044922 0.037108 0.046874 0.039062 0.054686 0.039062 0.056642 0.037108 0.052734 0.033205 0.050782 0.033205 0.046874 0.029298
0 0.062498 0.710939 0.058594 0.714842 0.060546 0.716796 0.068358 0.716796 0.068358 0.712889 0.066406 0.712889 0.064454 0.710939
1 0.476564 0.935548 0.474608 0.937501 0.472656 0.937501 0.472656 0.941405 0.470704 0.943359 0.470704 0.94922 0.472656 0.951173 0.474608 0.951173 0.478516 0.947266 0.478516 0.945312 0.480468 0.943359 0.480468 0.935548
0 0.458984 0.189454 0.458984 0.191408 0.457032 0.193357 0.457032 0.199219 0.458984 0.201172 0.458984 0.20508 0.462892 0.20508 0.462892 0.203126 0.464844 0.201172 0.464844 0.191408 0.462892 0.189454
0 0.644531 0.460936 0.642579 0.46289 0.636719 0.46289 0.634767 0.464843 0.634767 0.468751 0.642579 0.468751 0.644531 0.466797
0 0.382812 0.570312 0.376953 0.576173 0.376953 0.580076 0.378905 0.58203 0.38086 0.58203 0.384765 0.578127 0.384765 0.574219 0.382812 0.572265
11 0.912109 0.25586 0.910157 0.257814 0.90625 0.257814 0.904297 0.259768 0.898438 0.259768 0.896485 0.261717 0.892578 0.261717 0.892578 0.267578 0.89453 0.269532 0.89453 0.275389 0.896485 0.273436 0.917969 0.273436 0.917969 0.271486 0.916017 0.269532 0.916017 0.265625 0.914062 0.263671 0.914062 0.259768 0.912109 0.257814
0 0.818358 0.210937 0.816406 0.212891 0.814454 0.212891 0.812501 0.214844 0.812501 0.216798 0.814454 0.216798 0.816406 0.218752 0.818358 0.218752 0.820314 0.216798 0.824218 0.216798 0.824218 0.214844 0.82617 0.212891 0.824218 0.210937
1 0.498048 0.687498 0.496095 0.689452 0.496095 0.695313 0.498048 0.697267 0.498048 0.703124 0.5 0.705078 0.5 0.710939 0.501952 0.712889 0.501952 0.71875 0.503907 0.720704 0.503907 0.724611 0.50586 0.724611 0.507812 0.726561 0.513672 0.726561 0.513672 0.71875 0.511719 0.716796 0.511719 0.710939 0.509764 0.708985 0.509764 0.703124 0.507812 0.70117 0.507812 0.695313 0.50586 0.693359 0.50586 0.689452 0.503907 0.687498
0 0.476564 0.300779 0.474608 0.302733 0.472656 0.302733 0.472656 0.312502 0.476564 0.312502 0.478516 0.310548 0.478516 0.308594 0.480468 0.306641 0.480468 0.302733 0.478516 0.302733
0 0.468751 0.154295 0.468751 0.156249 0.466796 0.158203 0.466796 0.16211 0.468751 0.164064 0.468751 0.167967 0.470704 0.166018 0.472656 0.166018 0.472656 0.156249 0.470704 0.156249
0 0.162109 0.798828 0.15625 0.804689 0.158202 0.806639 0.158202 0.808592 0.160157 0.808592 0.166017 0.802735
0 0.343749 0.759766 0.341797 0.761719 0.339844 0.761719 0.339844 0.767577 0.341797 0.76953 0.341797 0.771484 0.347656 0.771484 0.347656 0.765627 0.349609 0.763673 0.345704 0.759766
0 0.238281 0.74414 0.232421 0.750001 0.232421 0.753905 0.234374 0.755858 0.240233 0.755858 0.244141 0.751955 0.244141 0.746094 0.242189 0.74414
0 0.880858 0.505859 0.878906 0.507813 0.875001 0.507813 0.873046 0.509767 0.873046 0.51172 0.871094 0.51367 0.873046 0.51367 0.875001 0.515624 0.880858 0.515624 0.880858 0.51367 0.882813 0.51172 0.882813 0.509767 0.880858 0.507813
0 0.800782 0.818361 0.800782 0.820311 0.79883 0.822264 0.79883 0.824218 0.800782 0.826172 0.800782 0.828126 0.802734 0.830079 0.804686 0.830079 0.806642 0.828126 0.806642 0.824218 0.804686 0.822264 0.804686 0.820311 0.802734 0.818361
0 0.287109 0.46289 0.283205 0.466797 0.281249 0.466797 0.281249 0.470704 0.283205 0.472658 0.283205 0.474608 0.285157 0.472658 0.289061 0.472658 0.292969 0.468751 0.292969 0.466797 0.291017 0.464843 0.291017 0.46289
0 0.20703 0.074217 0.205078 0.076171 0.201173 0.076171 0.199218 0.078124 0.199218 0.080078 0.197265 0.082032 0.199218 0.083986 0.20703 0.083986 0.208985 0.082032 0.210937 0.082032 0.21289 0.080078 0.214845 0.080078 0.214845 0.076171 0.21289 0.076171 0.210937 0.074217
0 0.45508 0.291015 0.45508 0.292969 0.453124 0.294922 0.453124 0.29883 0.45508 0.300779 0.457032 0.29883 0.457032 0.296876 0.458984 0.294922 0.458984 0.292969 0.457032 0.291015
0 0.347656 0.716796 0.347656 0.720704 0.345704 0.722657 0.345704 0.724611 0.347656 0.726561 0.347656 0.728514 0.349609 0.730468 0.349609 0.732422 0.353516 0.732422 0.355469 0.730468 0.355469 0.71875 0.353516 0.71875 0.351561 0.716796
0 0.45508 0.964845 0.453124 0.966795 0.451172 0.966795 0.44922 0.968749 0.44922 0.97461 0.451172 0.976564 0.453124 0.976564 0.453124 0.97461 0.457032 0.970703 0.457032 0.964845
0 0.126954 0.751955 0.123046 0.755858 0.123046 0.765627 0.126954 0.76953 0.128906 0.76953 0.128906 0.767577 0.130858 0.765627 0.130858 0.763673 0.128906 0.761719 0.128906 0.755858 0.126954 0.753905
0 0.896485 0.517577 0.89453 0.519531 0.886718 0.519531 0.886718 0.525392 0.888673 0.525392 0.890625 0.527342 0.892578 0.527342 0.892578 0.525392 0.89453 0.523439 0.896485 0.523439
0 0.398437 0.51367 0.394532 0.517577 0.394532 0.523439 0.396484 0.525392 0.396484 0.527342 0.398437 0.527342 0.400392 0.525392 0.402344 0.525392 0.402344 0.523439 0.404296 0.521485 0.404296 0.517577 0.402344 0.515624 0.402344 0.51367
0 0.535156 0.656251 0.533203 0.658205 0.529296 0.658205 0.527344 0.660154 0.527344 0.664062 0.529296 0.666016 0.533203 0.666016 0.537108 0.662108 0.537108 0.656251
0 0.326172 0.455079 0.32422 0.457033 0.322265 0.457033 0.322265 0.458986 0.32422 0.458986 0.326172 0.460936 0.332032 0.460936 0.335937 0.457033 0.333984 0.455079
0 0.330077 0.716796 0.328125 0.71875 0.326172 0.71875 0.32422 0.720704 0.322265 0.720704 0.32422 0.722657 0.32422 0.724611 0.328125 0.724611 0.330077 0.722657 0.333984 0.722657 0.333984 0.71875 0.332032 0.71875
0 0.593751 0 0.593751 0.001954 0.595703 0.003907 0.595703 0.005861 0.597655 0.007811 0.597655 0.011718 0.601563 0.011718 0.603515 0.009765 0.603515 0.005861 0.601563 0.003907 0.601563 0
0 0.169922 0.695313 0.166017 0.699221 0.166017 0.703124 0.171874 0.703124 0.173829 0.70117 0.173829 0.699221 0.175781 0.697267 0.173829 0.695313
0 0.820314 0.531249 0.820314 0.533203 0.818358 0.535157 0.818358 0.537111 0.82617 0.537111 0.828126 0.535157 0.828126 0.533203 0.82617 0.533203 0.824218 0.531249
0 0.800782 0.681641 0.79883 0.683595 0.79883 0.695313 0.800782 0.695313 0.802734 0.693359 0.804686 0.693359 0.804686 0.685549 0.802734 0.683595 0.802734 0.681641
0 0.457032 0.306641 0.457032 0.314451 0.458984 0.314451 0.460936 0.316405 0.460936 0.314451 0.462892 0.312502 0.462892 0.308594 0.460936 0.308594 0.458984 0.306641
0 0.472656 0.183593 0.470704 0.185547 0.470704 0.1875 0.468751 0.189454 0.468751 0.195311 0.470704 0.197265 0.470704 0.199219 0.472656 0.199219 0.474608 0.197265 0.474608 0.195311 0.476564 0.193357 0.476564 0.189454 0.474608 0.1875 0.474608 0.185547
0 0.791014 0.531249 0.789062 0.533203 0.78711 0.533203 0.78711 0.537111 0.789062 0.539064 0.789062 0.541014 0.791014 0.541014 0.79297 0.539064 0.794922 0.539064 0.796874 0.537111 0.800782 0.537111 0.800782 0.533203 0.79883 0.531249
0 0.71875 0.560547 0.716798 0.562501 0.716798 0.564455 0.714843 0.566404 0.720703 0.566404 0.722655 0.564455 0.72461 0.564455 0.72461 0.560547
1 0.660155 0.589845 0.658203 0.591799 0.652343 0.591799 0.650391 0.593748 0.642579 0.593748 0.640626 0.595702 0.634767 0.595702 0.632811 0.597656 0.630859 0.597656 0.630859 0.603517 0.634767 0.60742 0.636719 0.605471 0.640626 0.605471 0.642579 0.603517 0.646483 0.603517 0.648439 0.601563 0.652343 0.601563 0.654299 0.599609 0.658203 0.599609 0.660155 0.597656 0.664063 0.597656 0.662111 0.595702 0.662111 0.593748 0.660155 0.591799
0 0.462892 0.375001 0.460936 0.376954 0.460936 0.378908 0.458984 0.380858 0.458984 0.386719 0.460936 0.388673 0.462892 0.388673 0.464844 0.386719 0.464844 0.382811 0.466796 0.380858 0.466796 0.376954 0.464844 0.376954
0 0.251953 0.519531 0.251953 0.521485 0.250001 0.523439 0.250001 0.529296 0.251953 0.531249 0.251953 0.533203 0.253905 0.533203 0.255861 0.531249 0.255861 0.523439 0.253905 0.521485 0.253905 0.519531
0 0.607423 0.029298 0.605467 0.031251 0.603515 0.031251 0.603515 0.035155 0.605467 0.037108 0.605467 0.039062 0.607423 0.041016 0.607423 0.04297 0.609375 0.044923 0.611327 0.044923 0.611327 0.04297 0.613283 0.041016 0.611327 0.039062 0.611327 0.035155 0.609375 0.033205 0.609375 0.031251
0 0.15039 0.839844 0.148438 0.841798 0.146485 0.841798 0.146485 0.847655 0.148438 0.849608 0.148438 0.851562 0.15039 0.853516 0.154297 0.853516 0.15625 0.851562 0.15625 0.849608 0.154297 0.847655 0.154297 0.845705 0.152345 0.843751 0.152345 0.841798