0 0.681638 0.701174 0.681638 0.720702 0.687502 0.726564 0.689451 0.726564 0.689451 0.72461 0.691406 0.722656 0.691406 0.716794 0.689451 0.714846 0.689451 0.70703 0.687502 0.705076 0.687502 0.701174
0 0.517578 0.927734 0.517578 0.929688 0.515624 0.931642 0.517578 0.933595 0.517578 0.939452 0.519533 0.941406 0.519533 0.945314 0.523437 0.949217 0.525391 0.947268 0.527346 0.947268 0.527346 0.937498 0.525391 0.935549 0.525391 0.929688 0.523437 0.929688 0.521482 0.927734
0 0.455081 0.101561 0.451172 0.105469 0.449217 0.105469 0.449217 0.111326 0.447268 0.11328 0.447268 0.121095 0.449217 0.123049 0.449217 0.124998 0.453126 0.124998 0.455081 0.123049 0.455081 0.121095 0.45703 0.119141 0.45703 0.111326 0.458984 0.109377 0.458984 0.105469 0.45703 0.103515 0.45703 0.101561
0 0.603515 0.874999 0.603515 0.876953 0.60156 0.878907 0.60156 0.882814 0.599611 0.884763 0.599611 0.890625 0.597656 0.892579 0.597656 0.896487 0.599611 0.898435 0.599611 0.902344 0.603515 0.902344 0.603515 0.900389 0.605469 0.898435 0.605469 0.894533 0.607424 0.892579 0.607424 0.886717 0.609373 0.884763 0.609373 0.876953 0.607424 0.876953 0.605469 0.874999
0 0.933595 0.107423 0.93164 0.109377 0.929685 0.109377 0.927736 0.111326 0.925782 0.111326 0.923827 0.11328 0.921873 0.11328 0.919923 0.115234 0.917969 0.115234 0.917969 0.119141 0.919923 0.121095 0.919923 0.123049 0.921873 0.121095 0.923827 0.121095 0.925782 0.119141 0.927736 0.119141 0.929685 0.117187 0.933595 0.117187 0.935549 0.115234 0.937498 0.115234 0.941408 0.111326 0.939453 0.109377 0.939453 0.107423
0 0.714844 0.693358 0.71289 0.695312 0.71289 0.703127 0.714844 0.705076 0.714844 0.70703 0.716799 0.708984 0.716799 0.710938 0.720703 0.714846 0.722657 0.714846 0.722657 0.712892 0.724612 0.710938 0.724612 0.705076 0.722657 0.703127 0.722657 0.697265 0.720703 0.695312 0.718748 0.695312 0.716799 0.693358
0 0.291015 0.324219 0.289061 0.326173 0.287112 0.326173 0.283202 0.330081 0.281248 0.330081 0.279299 0.332029 0.277344 0.332029 0.277344 0.333983 0.279299 0.335937 0.279299 0.337891 0.285157 0.337891 0.287112 0.335937 0.289061 0.335937 0.291015 0.333983 0.294925 0.333983 0.296874 0.332029 0.296874 0.330081 0.298828 0.328127 0.296874 0.326173 0.296874 0.324219
0 0.095704 0.490234 0.093749 0.492188 0.093749 0.494142 0.091795 0.496096 0.091795 0.498044 0.093749 0.499998 0.093749 0.501952 0.095704 0.503906 0.095704 0.50586 0.097658 0.507814 0.097658 0.509768 0.099608 0.509768 0.101562 0.511717 0.105471 0.507814 0.105471 0.499998 0.103517 0.498044 0.103517 0.492188 0.101562 0.492188 0.099608 0.490234
0 0.736329 0.683593 0.736329 0.687501 0.734374 0.689455 0.734374 0.693358 0.736329 0.695312 0.736329 0.705076 0.740232 0.705076 0.742187 0.703127 0.742187 0.701174 0.744142 0.699219 0.744142 0.693358 0.742187 0.691404 0.742187 0.685547 0.740232 0.683593
0 0.54883 0.898435 0.546875 0.900389 0.546875 0.917969 0.550779 0.917969 0.554688 0.914062 0.554688 0.900389 0.552734 0.898435
0 0.476565 0.234375 0.476565 0.236329 0.47461 0.238283 0.47461 0.240232 0.476565 0.242186 0.476565 0.246094 0.478514 0.248048 0.478514 0.251955 0.480469 0.253904 0.480469 0.255858 0.482423 0.257812 0.482423 0.259766 0.486327 0.259766 0.486327 0.257812 0.488281 0.255858 0.488281 0.251955 0.486327 0.250001 0.486327 0.24414 0.484378 0.242186 0.484378 0.238283 0.480469 0.234375
0 0.396487 0.021482 0.396487 0.023436 0.394532 0.02539 0.394532 0.035154 0.396487 0.037108 0.396487 0.046873 0.402345 0.046873 0.404294 0.044924 0.404294 0.02539 0.402345 0.023436 0.402345 0.021482
0 0.687502 0.843752 0.687502 0.845701 0.685547 0.847655 0.685547 0.863281 0.687502 0.863281 0.691406 0.867188 0.695315 0.863281 0.695315 0.847655 0.69336 0.845701 0.69336 0.843752
0 0.029297 0.798827 0.029297 0.802735 0.027342 0.804689 0.027342 0.810546 0.029297 0.8125 0.029297 0.822264 0.033201 0.822264 0.039065 0.816407 0.039065 0.810546 0.03711 0.808592 0.03711 0.800781 0.033201 0.800781 0.031252 0.798827
0 0.726561 0.687501 0.726561 0.705076 0.73047 0.708984 0.732419 0.708984 0.734374 0.70703 0.734374 0.695312 0.732419 0.693358 0.732419 0.687501
0 0.386719 0.466797 0.386719 0.470705 0.384765 0.472654 0.386719 0.474608 0.386719 0.476562 0.388674 0.478516 0.388674 0.48047 0.392578 0.484377 0.392578 0.486326 0.394532 0.486326 0.396487 0.484377 0.40039 0.484377 0.40039 0.482423 0.398436 0.48047 0.398436 0.478516 0.396487 0.476562 0.396487 0.472654 0.394532 0.470705 0.394532 0.468751 0.392578 0.466797
0 0.662109 0.433591 0.660154 0.435545 0.658205 0.435545 0.656251 0.437499 0.652341 0.437499 0.652341 0.439453 0.650392 0.441407 0.650392 0.445315 0.652341 0.445315 0.654296 0.447263 0.656251 0.445315 0.660154 0.445315 0.662109 0.443361 0.664063 0.443361 0.666018 0.441407 0.669922 0.441407 0.669922 0.435545 0.666018 0.435545 0.664063 0.433591
0 0.576172 0.460936 0.574218 0.462889 0.562501 0.462889 0.560547 0.464844 0.558592 0.464844 0.556643 0.466797 0.556643 0.472654 0.562501 0.472654 0.564456 0.470705 0.576172 0.470705 0.578127 0.468751 0.578127 0.462889
0 0.619141 0.874999 0.615237 0.878907 0.615237 0.882814 0.613282 0.884763 0.613282 0.890625 0.615237 0.892579 0.615237 0.894533 0.619141 0.894533 0.621095 0.892579 0.621095 0.890625 0.623044 0.888671 0.623044 0.882814 0.624999 0.880861 0.624999 0.874999
0 0.445313 0.251955 0.443359 0.253904 0.441404 0.253904 0.441404 0.261719 0.443359 0.263674 0.443359 0.26953 0.445313 0.271484 0.449217 0.271484 0.449217 0.261719 0.447268 0.259766 0.447268 0.251955
0 0.304687 0.388672 0.304687 0.39258 0.302732 0.394534 0.302732 0.396482 0.304687 0.398437 0.304687 0.40039 0.306641 0.402344 0.306641 0.404298 0.308596 0.404298 0.312499 0.408201 0.314454 0.406252 0.314454 0.404298 0.316409 0.402344 0.316409 0.398437 0.314454 0.396482 0.314454 0.394534 0.312499 0.39258 0.312499 0.390626 0.310545 0.388672
0 0.435546 0.253904 0.433591 0.255858 0.433591 0.257812 0.431642 0.259766 0.431642 0.265628 0.433591 0.267576 0.433591 0.275392 0.435546 0.275392 0.4375 0.277346 0.439455 0.277346 0.439455 0.275392 0.441404 0.273438 0.441404 0.265628 0.439455 0.263674 0.439455 0.257812 0.4375 0.255858 0.4375 0.253904
0 0.484378 0.828126 0.484378 0.832034 0.482423 0.833982 0.482423 0.83789 0.484378 0.839844 0.484378 0.843752 0.488281 0.847655 0.490236 0.845701 0.492185 0.845701 0.492185 0.83789 0.490236 0.835936 0.490236 0.83008 0.488281 0.83008 0.486327 0.828126
0 1 0.839844 1 0.841798 0.992189 0.841798 0.990234 0.843752 0.988279 0.843752 0.988279 0.845701 0.98633 0.847655 0.98633 0.849609 0.988279 0.849609 0.990234 0.851562 0.992189 0.851562 0.994143 0.853516 0.996092 0.851562 1 0.851562 1 0.847655 1 0.847655 1 0.841798 1 0.841798
0 0.542966 0.757811 0.541017 0.759765 0.539062 0.759765 0.535159 0.763673 0.537108 0.765626 0.537108 0.767581 0.541017 0.771483 0.541017 0.773437 0.542966 0.775391 0.542966 0.777345 0.544921 0.779299 0.544921 0.781248 0.546875 0.781248 0.54883 0.783201 0.550779 0.783201 0.554688 0.779299 0.554688 0.775391 0.552734 0.773437 0.552734 0.771483 0.550779 0.769529 0.550779 0.765626 0.54883 0.763673 0.54883 0.761719 0.546875 0.761719
0 0.535159 0.24414 0.533204 0.246094 0.53125 0.246094 0.529295 0.248048 0.525391 0.248048 0.523437 0.250001 0.521482 0.250001 0.521482 0.253904 0.523437 0.255858 0.527346 0.255858 0.529295 0.253904 0.533204 0.253904 0.535159 0.251955 0.539062 0.251955 0.542966 0.248048 0.542966 0.246094 0.541017 0.24414
0 0.826174 0.677737 0.82422 0.679686 0.822265 0.679686 0.818361 0.683593 0.816407 0.683593 0.814452 0.685547 0.812497 0.685547 0.810548 0.687501 0.812497 0.689455 0.812497 0.691404 0.814452 0.691404 0.816407 0.689455 0.82031 0.689455 0.822265 0.687501 0.826174 0.687501 0.828123 0.685547 0.830078 0.685547 0.830078 0.677737
0 0.660154 0.710938 0.658205 0.712892 0.658205 0.73242 0.660154 0.734375 0.660154 0.736328 0.664063 0.736328 0.666018 0.734375 0.666018 0.72461 0.664063 0.722656 0.664063 0.714846 0.662109 0.712892 0.662109 0.710938
0 0.265628 0.203123 0.263673 0.205077 0.261718 0.205077 0.259764 0.207031 0.257815 0.207031 0.25586 0.208985 0.250002 0.208985 0.250002 0.212893 0.253905 0.212893 0.25586 0.214842 0.257815 0.212893 0.259764 0.212893 0.261718 0.210939 0.265628 0.210939 0.265628 0.208985 0.267577 0.207031 0.267577 0.205077
0 0.882814 0.898435 0.882814 0.902344 0.878904 0.906251 0.878904 0.912108 0.880859 0.914062 0.880859 0.919923 0.882814 0.921877 0.882814 0.923826 0.888672 0.923826 0.888672 0.921877 0.890626 0.919923 0.890626 0.904297 0.888672 0.902344 0.888672 0.900389 0.886717 0.898435
0 0.298828 0.369138 0.296874 0.371092 0.296874 0.378908 0.298828 0.380862 0.298828 0.38281 0.300783 0.384764 0.300783 0.386718 0.308596 0.386718 0.308596 0.384764 0.310545 0.38281 0.308596 0.380862 0.308596 0.378908 0.304687 0.375 0.304687 0.373046 0.302732 0.371092 0.300783 0.371092
0 0.488281 0.232421 0.486327 0.234375 0.486327 0.242186 0.488281 0.24414 0.488281 0.250001 0.490236 0.251955 0.490236 0.253904 0.49414 0.257812 0.496094 0.257812 0.498049 0.255858 0.499998 0.255858 0.499998 0.253904 0.501953 0.251955 0.499998 0.250001 0.499998 0.246094 0.498049 0.24414 0.498049 0.238283 0.496094 0.236329 0.496094 0.234375 0.49414 0.234375 0.492185 0.232421
0 0.671876 0.708984 0.669922 0.710938 0.669922 0.712892 0.667967 0.714846 0.667967 0.718748 0.669922 0.720702 0.669922 0.726564 0.671876 0.728518 0.671876 0.730466 0.673825 0.73242 0.67578 0.730466 0.677735 0.730466 0.677735 0.710938 0.67578 0.710938 0.673825 0.708984
0 0.814452 0.671875 0.812497 0.673829 0.810548 0.673829 0.808594 0.675783 0.806639 0.675783 0.802735 0.679686 0.800781 0.679686 0.800781 0.68164 0.80469 0.685547 0.806639 0.685547 0.808594 0.683593 0.810548 0.683593 0.812497 0.68164 0.814452 0.68164 0.816407 0.679686 0.818361 0.679686 0.82031 0.677737 0.82031 0.671875
0 0.541017 0.255858 0.541017 0.263674 0.542966 0.265628 0.542966 0.267576 0.544921 0.26953 0.544921 0.271484 0.546875 0.271484 0.54883 0.273438 0.550779 0.273438 0.552734 0.271484 0.554688 0.271484 0.554688 0.26953 0.552734 0.267576 0.552734 0.265628 0.550779 0.263674 0.550779 0.261719 0.546875 0.257812 0.546875 0.255858
0 0.314454 0.419924 0.314454 0.421873 0.312499 0.423827 0.312499 0.425781 0.314454 0.427735 0.314454 0.431643 0.316409 0.433591 0.316409 0.435545 0.318358 0.437499 0.318358 0.439453 0.320312 0.439453 0.322267 0.441407 0.326171 0.441407 0.326171 0.439453 0.328125 0.437499 0.328125 0.433591 0.326171 0.431643 0.326171 0.429688 0.324216 0.427735 0.324216 0.425781 0.322267 0.423827 0.322267 0.421873 0.318358 0.421873 0.316409 0.419924
0 0.031252 0.386718 0.031252 0.388672 0.029297 0.390626 0.031252 0.39258 0.031252 0.394534 0.033201 0.396482 0.033201 0.398437 0.035155 0.40039 0.035155 0.402344 0.03711 0.402344 0.039065 0.404298 0.041014 0.404298 0.044923 0.40039 0.044923 0.398437 0.042968 0.396482 0.042968 0.394534 0.041014 0.39258 0.041014 0.390626 0.039065 0.388672 0.03711 0.388672 0.035155 0.386718
0 0.283202 0.453125 0.281248 0.455079 0.281248 0.458987 0.283202 0.460936 0.283202 0.464844 0.285157 0.466797 0.285157 0.472654 0.287112 0.474608 0.29297 0.474608 0.294925 0.472654 0.294925 0.466797 0.29297 0.464844 0.29297 0.458987 0.291015 0.457033 0.291015 0.455079 0.287112 0.455079 0.285157 0.453125
0 0.435546 0.103515 0.433591 0.105469 0.431642 0.105469 0.431642 0.107423 0.429687 0.109377 0.429687 0.124998 0.431642 0.126952 0.431642 0.128906 0.433591 0.126952 0.435546 0.126952 0.435546 0.121095 0.4375 0.119141 0.4375 0.11328 0.439455 0.111326 0.439455 0.109377 0.4375 0.107423 0.4375 0.105469
0 0.564456 0.75 0.562501 0.751954 0.560547 0.751954 0.560547 0.759765 0.562501 0.761719 0.562501 0.763673 0.564456 0.765626 0.564456 0.767581 0.566405 0.769529 0.566405 0.771483 0.568359 0.771483 0.572263 0.775391 0.572263 0.773437 0.574218 0.771483 0.574218 0.765626 0.572263 0.763673 0.572263 0.761719 0.570314 0.759765 0.570314 0.755857 0.568359 0.753908 0.568359 0.751954 0.566405 0.751954
0 0.335938 0.277346 0.333984 0.279294 0.332029 0.279294 0.332029 0.285156 0.333984 0.28711 0.333984 0.289064 0.335938 0.291018 0.335938 0.292967 0.341796 0.298828 0.343751 0.298828 0.343751 0.292967 0.345706 0.291018 0.345706 0.289064 0.343751 0.28711 0.343751 0.285156 0.341796 0.283202 0.341796 0.281249 0.339842 0.279294 0.339842 0.277346
0 0.396487 0.486326 0.392578 0.490234 0.394532 0.492188 0.394532 0.494142 0.396487 0.496096 0.396487 0.498044 0.40039 0.501952 0.404294 0.501952 0.406249 0.499998 0.406249 0.498044 0.404294 0.496096 0.404294 0.494142 0.402345 0.492188 0.402345 0.490234 0.40039 0.48828 0.40039 0.486326
0 0.728516 0.910154 0.720703 0.917969 0.718748 0.917969 0.718748 0.919923 0.716799 0.921877 0.716799 0.92578 0.718748 0.927734 0.718748 0.929688 0.720703 0.929688 0.722657 0.931642 0.726561 0.931642 0.736329 0.921877 0.736329 0.919923 0.738283 0.917969 0.738283 0.916016 0.736329 0.914062 0.736329 0.912108 0.734374 0.910154
0 0.095704 0.791017 0.095704 0.79492 0.093749 0.796874 0.093749 0.800781 0.095704 0.802735 0.095704 0.806643 0.097658 0.808592 0.097658 0.810546 0.099608 0.8125 0.099608 0.814454 0.103517 0.814454 0.103517 0.8125 0.105471 0.810546 0.105471 0.802735 0.103517 0.800781 0.103517 0.796874 0.101562 0.79492 0.101562 0.792971 0.099608 0.791017
0 0.697264 0.701174 0.69336 0.705076 0.69336 0.710938 0.695315 0.712892 0.695315 0.716794 0.697264 0.718748 0.697264 0.720702 0.699219 0.722656 0.701173 0.722656 0.703122 0.72461 0.705077 0.72461 0.705077 0.722656 0.707032 0.720702 0.707032 0.714846 0.705077 0.712892 0.705077 0.710938 0.703122 0.708984 0.703122 0.70703 0.701173 0.705076 0.701173 0.703127 0.699219 0.701174
0 0.447268 0.740236 0.445313 0.74219 0.445313 0.744139 0.447268 0.746093 0.447268 0.748047 0.449217 0.75 0.449217 0.755857 0.451172 0.757811 0.451172 0.759765 0.453126 0.759765 0.455081 0.761719 0.45703 0.761719 0.45703 0.759765 0.458984 0.757811 0.458984 0.753908 0.45703 0.751954 0.45703 0.748047 0.455081 0.746093 0.455081 0.744139 0.453126 0.74219 0.453126 0.740236
0 0.10742 0.574221 0.10742 0.580078 0.109375 0.582032 0.109375 0.583985 0.11133 0.585939 0.11133 0.587888 0.113279 0.589842 0.113279 0.591796 0.117188 0.591796 0.119143 0.59375 0.119143 0.587888 0.117188 0.585939 0.117188 0.583985 0.115233 0.582032 0.115233 0.578124 0.113279 0.57617 0.113279 0.574221
0 0.572263 0.746093 0.570314 0.748047 0.570314 0.75 0.572263 0.751954 0.572263 0.757811 0.574218 0.759765 0.574218 0.761719 0.576172 0.763673 0.576172 0.765626 0.578127 0.765626 0.580076 0.767581 0.583985 0.767581 0.583985 0.765626 0.58594 0.763673 0.58594 0.761719 0.583985 0.759765 0.583985 0.757811 0.582031 0.755857 0.582031 0.751954 0.580076 0.75 0.580076 0.748047 0.578127 0.748047 0.576172 0.746093
0 0.529295 0.767581 0.527346 0.769529 0.525391 0.769529 0.523437 0.771483 0.523437 0.773437 0.525391 0.775391 0.525391 0.777345 0.527346 0.779299 0.527346 0.781248 0.529295 0.783201 0.529295 0.785155 0.53125 0.787109 0.53125 0.789063 0.535159 0.789063 0.535159 0.787109 0.537108 0.785155 0.537108 0.779299 0.535159 0.777345 0.535159 0.775391 0.533204 0.773437 0.533204 0.771483
0 0.341796 0.124998 0.339842 0.126952 0.335938 0.126952 0.33008 0.132813 0.328125 0.132813 0.326171 0.134767 0.326171 0.136721 0.328125 0.13867 0.33008 0.13867 0.332029 0.136721 0.333984 0.136721 0.337893 0.132813 0.339842 0.132813 0.341796 0.130859 0.343751 0.130859 0.343751 0.126952
0 0.10742 0.787109 0.10742 0.792971 0.105471 0.79492 0.105471 0.798827 0.10742 0.800781 0.10742 0.806643 0.109375 0.808592 0.11133 0.808592 0.113279 0.806643 0.115233 0.806643 0.115233 0.789063 0.113279 0.789063 0.11133 0.787109
0 0.380861 0.746093 0.378906 0.748047 0.375003 0.748047 0.373048 0.75 0.369139 0.75 0.36719 0.751954 0.361326 0.751954 0.361326 0.755857 0.365235 0.759765 0.36719 0.757811 0.371093 0.757811 0.373048 0.755857 0.378906 0.755857 0.380861 0.753908 0.380861 0.751954 0.384765 0.748047 0.38281 0.748047
0 0.58594 0.880861 0.582031 0.884763 0.580076 0.884763 0.580076 0.886717 0.578127 0.888671 0.578127 0.894533 0.576172 0.896487 0.576172 0.900389 0.578127 0.902344 0.578127 0.904297 0.583985 0.904297 0.583985 0.902344 0.58594 0.900389 0.587889 0.900389 0.587889 0.898435 0.589844 0.896487 0.589844 0.890625 0.591798 0.888671 0.591798 0.886717 0.589844 0.884763 0.589844 0.882814 0.587889 0.882814
0 0.304687 0.207031 0.304687 0.208985 0.302732 0.210939 0.304687 0.212893 0.304687 0.214842 0.306641 0.216795 0.306641 0.218749 0.308596 0.220703 0.308596 0.222657 0.310545 0.224611 0.310545 0.226565 0.316409 0.226565 0.318358 0.224611 0.318358 0.222657 0.316409 0.220703 0.316409 0.218749 0.314454 0.216795 0.314454 0.214842 0.312499 0.212893 0.312499 0.210939 0.308596 0.207031
0 0.652341 0.718748 0.650392 0.720702 0.648438 0.720702 0.648438 0.72461 0.646483 0.726564 0.646483 0.730466 0.648438 0.73242 0.648438 0.736328 0.654296 0.74219 0.656251 0.740236 0.658205 0.740236 0.658205 0.734375 0.656251 0.73242 0.656251 0.726564 0.654296 0.72461 0.654296 0.720702
0 0.888672 0.941406 0.886717 0.94336 0.886717 0.947268 0.888672 0.949217 0.888672 0.95117 0.890626 0.953124 0.890626 0.955078 0.892576 0.957032 0.892576 0.958986 0.89453 0.96094 0.896485 0.96094 0.898439 0.962889 0.900388 0.962889 0.900388 0.96094 0.902343 0.958986 0.902343 0.957032 0.900388 0.955078 0.900388 0.953124 0.898439 0.95117 0.898439 0.949217 0.896485 0.947268 0.896485 0.945314 0.892576 0.941406
0 0.957033 0.845701 0.955079 0.847655 0.939453 0.847655 0.937498 0.849609 0.937498 0.853516 0.941408 0.857424 0.943357 0.85547 0.958982 0.85547 0.958982 0.853516 0.960937 0.851562 0.960937 0.847655 0.958982 0.847655
0 0.125001 0.564451 0.125001 0.566406 0.123046 0.568359 0.125001 0.570313 0.125001 0.574221 0.126955 0.57617 0.126955 0.580078 0.128905 0.582032 0.128905 0.583985 0.132814 0.583985 0.134763 0.585939 0.134763 0.574221 0.132814 0.572267 0.132814 0.570313 0.130859 0.568359 0.130859 0.566406 0.128905 0.566406 0.126955 0.564451
0 0.101562 0.470705 0.099608 0.472654 0.097658 0.472654 0.097658 0.478516 0.099608 0.48047 0.099608 0.482423 0.101562 0.484377 0.101562 0.486326 0.103517 0.48828 0.105471 0.48828 0.10742 0.490234 0.11133 0.490234 0.113279 0.48828 0.113279 0.486326 0.11133 0.484377 0.11133 0.482423 0.109375 0.48047 0.109375 0.478516 0.10742 0.476562 0.10742 0.474608 0.103517 0.470705
0 0.314454 0.228514 0.312499 0.230468 0.312499 0.232421 0.310545 0.234375 0.310545 0.236329 0.314454 0.240232 0.314454 0.242186 0.318358 0.246094 0.322267 0.246094 0.324216 0.248048 0.326171 0.246094 0.33008 0.246094 0.33008 0.240232 0.326171 0.236329 0.324216 0.236329 0.318358 0.230468 0.316409 0.230468
0 0.617186 0.70703 0.617186 0.710938 0.615237 0.712892 0.615237 0.714846 0.617186 0.716794 0.617186 0.722656 0.619141 0.72461 0.619141 0.726564 0.621095 0.728518 0.623044 0.728518 0.624999 0.726564 0.626954 0.726564 0.626954 0.716794 0.624999 0.714846 0.624999 0.708984 0.623044 0.708984 0.621095 0.70703
0 0.113279 0.541015 0.113279 0.546877 0.115233 0.548831 0.115233 0.550779 0.117188 0.552733 0.117188 0.554687 0.119143 0.554687 0.121092 0.556641 0.123046 0.556641 0.125001 0.554687 0.125001 0.550779 0.123046 0.548831 0.123046 0.546877 0.121092 0.544923 0.121092 0.542969 0.119143 0.542969 0.117188 0.541015
0 0.396487 0.679686 0.394532 0.68164 0.394532 0.689455 0.396487 0.691404 0.396487 0.693358 0.398436 0.695312 0.398436 0.697265 0.40039 0.699219 0.40039 0.701174 0.402345 0.703127 0.402345 0.705076 0.406249 0.705076 0.406249 0.703127 0.410158 0.699219 0.410158 0.695312 0.408203 0.693358 0.408203 0.691404 0.406249 0.689455 0.406249 0.685547 0.404294 0.683593 0.404294 0.68164 0.402345 0.68164 0.40039 0.679686
0 0.757813 0.902344 0.753909 0.906251 0.751954 0.906251 0.746096 0.912108 0.744142 0.912108 0.742187 0.914062 0.742187 0.916016 0.740232 0.917969 0.740232 0.919923 0.744142 0.923826 0.746096 0.923826 0.748045 0.92578 0.751954 0.921877 0.753909 0.921877 0.757813 0.917969 0.759767 0.917969 0.763671 0.914062 0.765626 0.914062 0.765626 0.910154 0.76758 0.908205 0.76758 0.906251 0.763671 0.902344
0 0.636721 0.447263 0.634766 0.449218 0.632812 0.449218 0.630857 0.451171 0.628908 0.451171 0.626954 0.453125 0.626954 0.455079 0.630857 0.458987 0.634766 0.455079 0.636721 0.455079 0.63867 0.453125 0.640625 0.453125 0.642579 0.451171 0.644534 0.451171 0.642579 0.449218 0.642579 0.447263
0 0.58594 0.746093 0.583985 0.748047 0.583985 0.755857 0.58594 0.757811 0.58594 0.759765 0.587889 0.761719 0.587889 0.763673 0.589844 0.763673 0.591798 0.765626 0.595702 0.765626 0.595702 0.763673 0.597656 0.761719 0.597656 0.757811 0.595702 0.755857 0.595702 0.753908 0.591798 0.75 0.591798 0.748047 0.589844 0.746093
0 0.441404 0.710938 0.439455 0.712892 0.439455 0.714846 0.4375 0.716794 0.4375 0.718748 0.439455 0.720702 0.439455 0.72461 0.441404 0.726564 0.441404 0.730466 0.443359 0.73242 0.443359 0.734375 0.447268 0.730466 0.451172 0.730466 0.451172 0.726564 0.449217 0.72461 0.449217 0.718748 0.447268 0.716794 0.447268 0.712892 0.445313 0.712892 0.443359 0.710938
0 0.499998 0.228514 0.499998 0.230468 0.498049 0.232421 0.498049 0.236329 0.499998 0.238283 0.499998 0.24414 0.501953 0.246094 0.501953 0.250001 0.505862 0.253904 0.507811 0.251955 0.509766 0.251955 0.509766 0.24414 0.507811 0.242186 0.507811 0.236329 0.505862 0.234375 0.505862 0.230468 0.503907 0.228514
0 0.142576 0.605468 0.140627 0.607422 0.136717 0.607422 0.136717 0.613284 0.140627 0.617186 0.140627 0.61914 0.142576 0.621094 0.142576 0.623048 0.14453 0.625002 0.14453 0.626951 0.14844 0.630858 0.14844 0.632812 0.152343 0.628905 0.154298 0.628905 0.154298 0.623048 0.152343 0.621094 0.152343 0.61914 0.150389 0.617186 0.150389 0.615232 0.14844 0.613284 0.14844 0.61133 0.146485 0.609376 0.146485 0.607422 0.14453 0.607422
0 0.054685 0.394534 0.052736 0.396482 0.052736 0.40039 0.056639 0.404298 0.056639 0.406252 0.060549 0.410155 0.064452 0.410155 0.066407 0.408201 0.066407 0.404298 0.062498 0.40039 0.062498 0.398437 0.060549 0.396482 0.056639 0.396482
0 0.087891 0.79492 0.085936 0.796874 0.085936 0.8125 0.087891 0.814454 0.087891 0.816407 0.093749 0.816407 0.093749 0.802735 0.091795 0.800781 0.091795 0.79492
0 0.923827 0.847655 0.919923 0.851562 0.917969 0.851562 0.914065 0.85547 0.912111 0.85547 0.910156 0.857424 0.908201 0.857424 0.910156 0.859373 0.910156 0.861327 0.912111 0.861327 0.914065 0.863281 0.917969 0.863281 0.919923 0.861327 0.921873 0.861327 0.925782 0.857424 0.927736 0.857424 0.93164 0.853516 0.93164 0.849609 0.929685 0.849609 0.927736 0.847655
0 0.449217 0.248048 0.449217 0.257812 0.451172 0.259766 0.451172 0.265628 0.455081 0.26953 0.458984 0.26953 0.458984 0.267576 0.460939 0.265628 0.460939 0.261719 0.458984 0.259766 0.458984 0.253904 0.45703 0.251955 0.45703 0.248048
0 0.279299 0.195312 0.27539 0.19922 0.273435 0.19922 0.269531 0.203123 0.269531 0.207031 0.271486 0.207031 0.273435 0.208985 0.27539 0.208985 0.277344 0.207031 0.279299 0.207031 0.281248 0.205077 0.283202 0.205077 0.285157 0.203123 0.287112 0.203123 0.287112 0.197267 0.285157 0.195312
0 0.60156 0.660157 0.599611 0.662111 0.599611 0.664065 0.597656 0.666013 0.597656 0.667967 0.599611 0.669921 0.599611 0.673829 0.60156 0.675783 0.60156 0.677737 0.603515 0.679686 0.603515 0.68164 0.605469 0.683593 0.609373 0.683593 0.609373 0.679686 0.611328 0.677737 0.611328 0.675783 0.609373 0.673829 0.609373 0.669921 0.607424 0.667967 0.607424 0.664065 0.605469 0.662111 0.605469 0.660157
0 0.191408 0.361328 0.189453 0.363281 0.189453 0.369138 0.191408 0.369138 0.193357 0.371092 0.195311 0.369138 0.20117 0.369138 0.203124 0.367189 0.208983 0.367189 0.205079 0.363281 0.193357 0.363281