0 0.36915 0.582033 0.367188 0.583984 0.359373 0.583984 0.357414 0.585935 0.353518 0.585935 0.353518 0.607419 0.355478 0.609379 0.355478 0.623044 0.357414 0.625003 0.357414 0.632815 0.361334 0.636717 0.361334 0.638668 0.363295 0.640627 0.375004 0.640627 0.378901 0.636717 0.380859 0.636717 0.38282 0.634766 0.38282 0.628905 0.380859 0.626954 0.380859 0.615232 0.378901 0.613281 0.378901 0.601559 0.376965 0.599608 0.376965 0.593747 0.375004 0.591796 0.375004 0.589845 0.371082 0.585935 0.371082 0.583984
0 0.326178 0.939453 0.318363 0.947265 0.318363 0.955077 0.320322 0.957028 0.320322 0.974611 0.322256 0.976562 0.322256 0.986325 0.326178 0.986325 0.328136 0.988285 0.337887 0.988285 0.337887 0.986325 0.339849 0.984374 0.339849 0.96484 0.337887 0.962889 0.337887 0.943363 0.335928 0.941404 0.328136 0.941404
0 0.349598 0.794926 0.345703 0.798828 0.345703 0.802738 0.343742 0.804688 0.343742 0.820313 0.345703 0.822264 0.345703 0.837888 0.349598 0.841798 0.349598 0.843749 0.351559 0.8457 0.361334 0.8457 0.363295 0.843749 0.363295 0.841798 0.365229 0.839847 0.365229 0.820313 0.363295 0.818362 0.363295 0.798828 0.361334 0.798828 0.357414 0.794926
0 0.322256 0.515626 0.320322 0.517577 0.316401 0.517577 0.316401 0.523438 0.314442 0.525389 0.314442 0.552735 0.316401 0.554686 0.316401 0.558597 0.318363 0.560547 0.318363 0.562498 0.322256 0.562498 0.324217 0.564449 0.337887 0.564449 0.337887 0.562498 0.339849 0.560547 0.339849 0.558597 0.341808 0.556637 0.341808 0.554686 0.343742 0.552735 0.341808 0.550785 0.341808 0.548825 0.339849 0.546874 0.339849 0.541013 0.341808 0.539062 0.339849 0.537111 0.339849 0.52734 0.337887 0.525389 0.337887 0.521487 0.335928 0.521487 0.332033 0.517577 0.330072 0.517577 0.328136 0.515626
0 0.359373 0.894532 0.359373 0.896482 0.357414 0.898433 0.357414 0.902344 0.355478 0.904294 0.355478 0.912107 0.357414 0.914066 0.357414 0.923829 0.359373 0.925779 0.359373 0.937502 0.361334 0.939453 0.361334 0.945314 0.365229 0.949216 0.375004 0.949216 0.376965 0.951175 0.384754 0.943363 0.384754 0.939453 0.38282 0.937502 0.38282 0.927731 0.380859 0.925779 0.380859 0.916017 0.378901 0.914066 0.378901 0.904294 0.376965 0.902344 0.376965 0.898433 0.375004 0.898433 0.371082 0.894532
0 0.289061 0.503903 0.289061 0.509765 0.2871 0.511716 0.2871 0.52734 0.285166 0.529299 0.285166 0.541013 0.2871 0.542973 0.2871 0.548825 0.289061 0.550785 0.289061 0.552735 0.292982 0.552735 0.294914 0.554686 0.298836 0.554686 0.300772 0.556637 0.304691 0.552735 0.304691 0.550785 0.308586 0.546874 0.308586 0.53125 0.306652 0.529299 0.306652 0.511716 0.302731 0.507814 0.302731 0.505863 0.300772 0.503903
0 0.308586 0.839847 0.308586 0.841798 0.306652 0.843749 0.306652 0.8457 0.304691 0.847659 0.304691 0.853512 0.306652 0.855471 0.306652 0.867185 0.308586 0.869144 0.308586 0.88281 0.310547 0.884769 0.310547 0.890621 0.312508 0.890621 0.316401 0.894532 0.324217 0.894532 0.328136 0.890621 0.328136 0.88867 0.330072 0.88672 0.330072 0.865234 0.328136 0.863283 0.328136 0.843749 0.324217 0.839847
1 0.921879 0 0.910168 0 0.910168 0 0.896498 0 0.902351 0 0.902351 0 0.914062 0 0.914062 0 0.925774 0 0.925774 0 0.939444 0 0.939444 0 0.95118 0 0.95118 0 0.962889 0 0.962889 0 0.968744 0.003907 0.974598 0 0.976561 0 0.986336 0 0.98827 0 0.992189 0 0.98827 0 0.98827 0 0.982416 0 0.982416 0 0.976561 0 0.976561 0 0.970705 0 0.970705 0 0.962889 0 0.962889 0 0.957033 0 0.957033 0 0.95118 0 0.95118 0 0.943365 0 0.943365 0 0.93751 0 0.93751 0 0.931652 0 0.931652 0 0.925774 0 0.925774 0
0 0.378901 0.951175 0.376965 0.953126 0.373045 0.953126 0.371082 0.955077 0.365229 0.955077 0.365229 0.958987 0.363295 0.960938 0.363295 0.966799 0.365229 0.96875 0.365229 0.972661 0.367188 0.974611 0.367188 0.980473 0.36915 0.982423 0.36915 0.986325 0.371082 0.988285 0.371082 0.992187 0.373045 0.994137 0.373045 0.999999 0.375004 1 0.375004 1 0.376965 1 0.376965 1 0.378901 1 0.380859 1 0.38282 1 0.384754 1 0.386715 1 0.392569 1 0.39649 1 0.39649 1 0.394529 1 0.394529 0.996096 0.392569 0.994137 0.392569 0.988285 0.390636 0.986325 0.390636 0.978513 0.388674 0.976562 0.388674 0.970701 0.386715 0.96875 0.386715 0.962889 0.384754 0.960938 0.384754 0.957028
0 0.292982 0.578123 0.291021 0.580081 0.285166 0.580081 0.285166 0.582033 0.283205 0.583984 0.283205 0.587894 0.281244 0.589845 0.281244 0.607419 0.283205 0.609379 0.283205 0.625003 0.2871 0.628905 0.2871 0.630856 0.289061 0.632815 0.296877 0.632815 0.298836 0.630856 0.298836 0.628905 0.302731 0.625003 0.302731 0.605469 0.300772 0.603518 0.300772 0.583984 0.298836 0.582033 0.296877 0.582033
1 0.810555 0.105472 0.810555 0.138671 0.863274 0.138671 0.865236 0.140623 0.916023 0.140623 0.917957 0.142581 0.917957 0.130859 0.919916 0.128909 0.919916 0.117186 0.904287 0.117186 0.902351 0.115235 0.88476 0.115235 0.882801 0.113284 0.867195 0.113284 0.865236 0.111325 0.849606 0.111325 0.847643 0.109374 0.830078 0.109374 0.828119 0.107423 0.812487 0.107423
0 0.351559 0.509765 0.351559 0.511716 0.349598 0.513675 0.349598 0.515626 0.347664 0.517577 0.347664 0.519528 0.345703 0.521487 0.345703 0.52734 0.343742 0.529299 0.343742 0.539062 0.341808 0.541013 0.341808 0.546874 0.343742 0.548825 0.343742 0.550785 0.345703 0.552735 0.345703 0.554686 0.347664 0.556637 0.353518 0.556637 0.355478 0.558597 0.357414 0.556637 0.359373 0.556637 0.361334 0.554686 0.365229 0.554686 0.365229 0.546874 0.367188 0.544923 0.367188 0.53125 0.36915 0.529299 0.36915 0.523438 0.367188 0.521487 0.367188 0.519528 0.363295 0.515626 0.363295 0.513675 0.361334 0.511716 0.353518 0.511716
1 0.285166 0.662113 0.285166 0.669925 0.283205 0.671875 0.283205 0.697263 0.285166 0.699222 0.285166 0.736331 0.2871 0.738282 0.2871 0.755857 0.291021 0.759768 0.292982 0.757816 0.304691 0.757816 0.306652 0.755857 0.318363 0.755857 0.318363 0.740233 0.316401 0.738282 0.316401 0.720707 0.314442 0.718748 0.314442 0.701173 0.312508 0.699222 0.312508 0.681638 0.310547 0.679688 0.310547 0.669925 0.308586 0.667965 0.308586 0.666014 0.306652 0.664063 0.306652 0.662113
0 0.341808 0.732421 0.339849 0.734372 0.335928 0.734372 0.335928 0.738282 0.333992 0.740233 0.333992 0.751955 0.335928 0.753906 0.335928 0.771482 0.337887 0.773441 0.337887 0.783204 0.343742 0.789064 0.345703 0.787105 0.355478 0.787105 0.355478 0.785154 0.357414 0.783204 0.357414 0.761718 0.355478 0.759768 0.355478 0.738282 0.349598 0.732421
0 0.330072 0.664063 0.326178 0.667965 0.326178 0.669925 0.322256 0.673826 0.322256 0.6875 0.324217 0.68945 0.324217 0.705075 0.326178 0.707034 0.326178 0.708985 0.328136 0.710936 0.328136 0.712887 0.330072 0.714846 0.335928 0.714846 0.337887 0.716797 0.347664 0.707034 0.347664 0.699222 0.345703 0.697263 0.345703 0.681638 0.343742 0.679688 0.343742 0.671875 0.341808 0.669925 0.339849 0.669925 0.333992 0.664063
0 0.435541 0.062502 0.429688 0.068363 0.429688 0.070314 0.421871 0.078126 0.421871 0.082028 0.41991 0.083987 0.41991 0.091799 0.417976 0.09375 0.417976 0.099611 0.41991 0.101562 0.41991 0.107423 0.421871 0.109374 0.421871 0.113284 0.425793 0.113284 0.427727 0.115235 0.431646 0.115235 0.433582 0.117186 0.435541 0.115235 0.437502 0.115235 0.441397 0.111325 0.443357 0.111325 0.443357 0.109374 0.445318 0.107423 0.445318 0.101562 0.447279 0.099611 0.447279 0.095701 0.449211 0.09375 0.449211 0.08984 0.451174 0.087889 0.451174 0.082028 0.453133 0.080077 0.453133 0.076175 0.451174 0.074216 0.451174 0.068363 0.449211 0.066404 0.449211 0.064453 0.437502 0.064453
0 0.326178 0.578123 0.324217 0.580081 0.318363 0.580081 0.310547 0.587894 0.310547 0.595706 0.312508 0.597657 0.312508 0.615232 0.314442 0.617191 0.314442 0.625003 0.318363 0.628905 0.322256 0.628905 0.324217 0.630856 0.328136 0.630856 0.330072 0.632815 0.335928 0.626954 0.337887 0.626954 0.339849 0.625003 0.339849 0.607419 0.337887 0.605469 0.337887 0.585935 0.335928 0.585935 0.332033 0.582033 0.330072 0.582033