1 0.324218 0.691407 0.324218 0.736328 0.322266 0.738281 0.322266 0.779296 0.32617 0.783203 0.345701 0.783203 0.34961 0.779296 0.34961 0.769531 0.351562 0.767578 0.351562 0.726563 0.353515 0.72461 0.353515 0.691407
0 0.478516 0.429687 0.476563 0.43164 0.472654 0.43164 0.472654 0.484375 0.474611 0.484375 0.476563 0.486328 0.490233 0.486328 0.492186 0.484375 0.494142 0.484375 0.494142 0.458985 0.492186 0.457032 0.492186 0.43164 0.490233 0.429687
1 0.771484 0.189452 0.769531 0.191407 0.716795 0.191407 0.714843 0.19336 0.66211 0.19336 0.658201 0.197265 0.658201 0.216797 0.660158 0.21875 0.660158 0.220703 0.66211 0.21875 0.71289 0.21875 0.714843 0.216797 0.767579 0.216797 0.769531 0.214845 0.771484 0.214845
0 0.986328 0.253906 0.984375 0.25586 0.970705 0.25586 0.968748 0.257813 0.955078 0.257813 0.955078 0.259765 0.953126 0.261718 0.953126 0.267578 0.955078 0.267578 0.958983 0.271485 0.986328 0.271485 0.990236 0.267578 0.990236 0.265625 0.992188 0.263673 0.990236 0.261718 0.990236 0.259765 0.98828 0.257813 0.98828 0.25586
1 0.007813 0.302733 0.005861 0.304688 0 0.304688 0 0.332031 0 0.333984 0 0.386719 0 0.388672 0 0.414062 0 0.416015 0 0.417969 0.005861 0.417969 0.005861 0.390624 0.007813 0.388672 0.007813 0.333984 0.009766 0.332031 0.009766 0.304688
0 0.986328 0.343751 0.984375 0.345704 0.972657 0.345704 0.970705 0.347656 0.957031 0.347656 0.957031 0.349609 0.955078 0.351562 0.955078 0.363281 0.958983 0.363281 0.960939 0.365234 0.962892 0.363281 0.972657 0.363281 0.97461 0.361329 0.986328 0.361329 0.98828 0.359374 0.98828 0.357421 0.990236 0.355469 0.990236 0.347656
1 0.775393 0.300781 0.773436 0.302733 0.742187 0.302733 0.740235 0.304688 0.707029 0.304688 0.707029 0.308594 0.705077 0.310546 0.705077 0.326171 0.707029 0.328126 0.707029 0.330079 0.708986 0.328126 0.779297 0.328126 0.78125 0.326171 0.78125 0.316406 0.779297 0.314453 0.779297 0.302733 0.777345 0.302733
0 0.306639 0.705078 0.304687 0.707032 0.300782 0.707032 0.300782 0.722655 0.29883 0.72461 0.29883 0.738281 0.300782 0.740235 0.300782 0.742188 0.314452 0.742188 0.316405 0.740235 0.316405 0.732423 0.318361 0.730468 0.318361 0.716797 0.320313 0.714843 0.320313 0.707032 0.318361 0.705078
0 0.283203 0.703125 0.279299 0.707032 0.279299 0.740235 0.292969 0.740235 0.294921 0.738281 0.294921 0.705078 0.292969 0.705078 0.291016 0.703125
0 0.550779 0.542968 0.546875 0.546876 0.544922 0.546876 0.544922 0.564453 0.546875 0.566406 0.546875 0.583984 0.548827 0.585939 0.548827 0.587891 0.562502 0.587891 0.562502 0.585939 0.564454 0.583984 0.564454 0.566406 0.562502 0.564453 0.562502 0.544921 0.560545 0.544921 0.558593 0.542968
1 0.787111 0.22461 0.785158 0.226563 0.679689 0.226563 0.679689 0.236328 0.677732 0.23828 0.677732 0.248048 0.681641 0.251953 0.789063 0.251953 0.789063 0.25 0.791015 0.248048 0.791015 0.226563 0.789063 0.226563
0 0.23828 0.556641 0.23047 0.564453 0.23047 0.574219 0.232423 0.574219 0.236327 0.578126 0.23828 0.578126 0.242188 0.582031 0.244141 0.582031 0.246093 0.583984 0.246093 0.585939 0.251954 0.591796 0.253906 0.591796 0.257811 0.595704 0.259767 0.593749 0.265624 0.593749 0.267576 0.591796 0.267576 0.589844 0.269533 0.587891 0.269533 0.583984 0.271485 0.582031 0.271485 0.578126 0.263672 0.570313 0.263672 0.568359 0.255859 0.560546 0.251954 0.560546 0.250002 0.558593 0.246093 0.558593 0.244141 0.556641
0 0.287108 0.751953 0.281251 0.757813 0.281251 0.773438 0.279299 0.775391 0.279299 0.792968 0.296873 0.792968 0.29883 0.794921 0.29883 0.792968 0.300782 0.791016 0.300782 0.75586 0.29883 0.753906 0.29883 0.751953
0 0.228514 0.574219 0.226562 0.576171 0.22461 0.576171 0.220705 0.580079 0.218748 0.580079 0.216796 0.582031 0.216796 0.585939 0.214844 0.587891 0.214844 0.591796 0.222657 0.599609 0.22461 0.599609 0.236327 0.611329 0.242188 0.611329 0.246093 0.607422 0.248045 0.607422 0.250002 0.605469 0.250002 0.603516 0.251954 0.601562 0.251954 0.599609 0.250002 0.597656 0.250002 0.595704 0.248045 0.593749 0.248045 0.591796 0.246093 0.589844 0.246093 0.587891 0.244141 0.585939 0.244141 0.583984 0.242188 0.583984 0.23828 0.580079 0.236327 0.580079 0.232423 0.576171 0.23047 0.576171