0 0.880859 0.392575 0.878907 0.394534 0.874998 0.394534 0.874998 0.400393 0.876956 0.402344 0.876956 0.416014 0.878907 0.417973 0.878907 0.425783 0.882811 0.429684 0.884768 0.427733 0.890623 0.427733 0.890623 0.398435 0.88672 0.394534 0.882811 0.394534
0 0.953124 0.134762 0.949221 0.138671 0.949221 0.16797 0.951172 0.16797 0.953124 0.16992 0.957033 0.16992 0.960936 0.166019 0.962888 0.166019 0.964846 0.164061 0.964846 0.138671 0.962888 0.136721 0.962888 0.134762
0 0.890623 0.138671 0.890623 0.16797 0.894533 0.171871 0.900393 0.171871 0.902345 0.17383 0.904296 0.171871 0.906248 0.171871 0.906248 0.15625 0.904296 0.1543 0.904296 0.138671
0 0.999999 0.283206 0.998048 0.285157 0.998048 0.287107 0.996096 0.289066 0.996096 0.291017 0.994138 0.292967 0.994138 0.294918 0.996096 0.296877 0.996096 0.298827 0.998048 0.300777 1 0.300777 1 0.302736 1 0.298827 1 0.298827 1 0.292967 1 0.291017 1 0.289066 1 0.287107 1 0.285157 1 0.285157
0 0.841796 0.142581 0.837893 0.146482 0.837893 0.158201 0.835935 0.16016 0.835935 0.16992 0.837893 0.171871 0.837893 0.17383 0.839845 0.17383 0.841796 0.17578 0.843747 0.17578 0.845706 0.177731 0.847657 0.17578 0.849608 0.17578 0.85156 0.17383 0.855469 0.17383 0.855469 0.144531 0.85156 0.144531 0.849608 0.142581
0 0.216795 0.037113 0.212892 0.041014 0.21094 0.041014 0.21094 0.042973 0.208982 0.044923 0.208982 0.046874 0.207031 0.048824 0.207031 0.052733 0.20508 0.054684 0.20508 0.058593 0.203128 0.060544 0.203128 0.062502 0.20117 0.064453 0.20117 0.066403 0.203128 0.068362 0.203128 0.070313 0.21094 0.078123 0.212892 0.076172 0.216795 0.076172 0.216795 0.074222 0.218753 0.072263 0.218753 0.066403 0.220705 0.064453 0.220705 0.060544 0.222656 0.058593 0.222656 0.054684 0.224607 0.052733 0.224607 0.046874 0.226559 0.044923 0.226559 0.042973 0.224607 0.041014 0.224607 0.039063 0.218753 0.039063
0 0.972659 0.134762 0.968749 0.138671 0.966797 0.138671 0.966797 0.152341 0.968749 0.1543 0.968749 0.16797 0.9707 0.16992 0.9707 0.171871 0.982422 0.171871 0.984374 0.16992 0.984374 0.138671 0.980471 0.134762
0 0.941408 0.269528 0.93945 0.271487 0.916019 0.271487 0.916019 0.273437 0.914061 0.275388 0.914061 0.281248 0.916019 0.283206 0.916019 0.285157 0.933595 0.285157 0.935547 0.287107 0.937499 0.285157 0.941408 0.285157 0.943359 0.283206 0.943359 0.281248 0.945311 0.279297 0.945311 0.273437
0 0.968749 0.17383 0.968749 0.17578 0.966797 0.177731 0.966797 0.208989 0.9707 0.208989 0.972659 0.210939 0.980471 0.210939 0.984374 0.20703 0.984374 0.20117 0.982422 0.19922 0.982422 0.185549 0.980471 0.183591 0.980471 0.17578 0.976562 0.17578 0.97461 0.17383
0 0.228517 0.003905 0.226559 0.005856 0.222656 0.005856 0.222656 0.007814 0.220705 0.009765 0.220705 0.013674 0.218753 0.015625 0.218753 0.021484 0.216795 0.023435 0.216795 0.027344 0.214844 0.029294 0.214844 0.033204 0.218753 0.037113 0.226559 0.037113 0.226559 0.033204 0.228517 0.031253 0.228517 0.025393 0.230469 0.023435 0.230469 0.017575 0.23242 0.015625 0.23242 0.007814
0 0.847657 0.179689 0.845706 0.18164 0.845706 0.183591 0.843747 0.185549 0.843747 0.197269 0.841796 0.19922 0.841796 0.208989 0.845706 0.21289 0.847657 0.21289 0.849608 0.21484 0.85156 0.21484 0.853518 0.216799 0.855469 0.21484 0.859373 0.21484 0.859373 0.20703 0.857421 0.205079 0.857421 0.18945 0.855469 0.1875 0.855469 0.179689
0 0.888671 0.17578 0.88672 0.177731 0.884768 0.177731 0.880859 0.18164 0.880859 0.19922 0.882811 0.20117 0.882811 0.203129 0.88672 0.20703 0.888671 0.205079 0.890623 0.205079 0.892581 0.203129 0.894533 0.203129 0.894533 0.177731 0.890623 0.177731
0 0.937499 0.345705 0.935547 0.347655 0.929686 0.347655 0.927734 0.349606 0.921873 0.349606 0.919922 0.351565 0.914061 0.351565 0.908206 0.357425 0.908206 0.359375 0.910158 0.361325 0.910158 0.363284 0.912109 0.363284 0.914061 0.365235 0.943359 0.365235 0.943359 0.363284 0.945311 0.361325 0.945311 0.359375 0.947263 0.357425 0.945311 0.355465 0.945311 0.353515 0.943359 0.351565 0.943359 0.349606 0.941408 0.347655 0.93945 0.347655
0 0.166017 0.089843 0.162107 0.093752 0.160156 0.093752 0.160156 0.095703 0.158204 0.097653 0.158204 0.099612 0.156252 0.101562 0.156252 0.105472 0.154294 0.107422 0.154294 0.109373 0.152343 0.111331 0.152343 0.115232 0.150392 0.117191 0.150392 0.119142 0.14844 0.121092 0.14844 0.123051 0.150392 0.125001 0.150392 0.126952 0.152343 0.128902 0.154294 0.128902 0.158204 0.132812 0.166017 0.132812 0.166017 0.130861 0.167968 0.128902 0.167968 0.126952 0.169919 0.125001 0.169919 0.121092 0.171878 0.119142 0.171878 0.117191 0.173829 0.115232 0.173829 0.113282 0.17578 0.111331 0.17578 0.107422 0.177732 0.105472 0.177732 0.103513 0.17969 0.101562 0.17969 0.093752 0.177732 0.093752 0.17578 0.091794 0.173829 0.091794 0.171878 0.089843
0 0.999999 0.324216 0.998048 0.326175 0.994138 0.326175 0.994138 0.333986 0.996096 0.335936 0.996096 0.337886 0.998048 0.339845 1 0.339845 1 0.337886 1 0.337886 1 0.330076 1 0.328126 1 0.326175 1 0.324216
0 0.859373 0.064453 0.859373 0.066403 0.857421 0.068362 0.857421 0.080082 0.859373 0.082032 0.859373 0.091794 0.861331 0.093752 0.861331 0.095703 0.865234 0.095703 0.869143 0.091794 0.871095 0.091794 0.871095 0.080082 0.869143 0.078123 0.869143 0.066403 0.865234 0.066403 0.863282 0.064453
0 0.878907 0.136721 0.876956 0.138671 0.873046 0.138671 0.871095 0.140622 0.871095 0.171871 0.874998 0.17578 0.876956 0.17383 0.880859 0.17383 0.882811 0.171871 0.882811 0.16992 0.884768 0.16797 0.884768 0.140622 0.882811 0.138671 0.880859 0.138671
0 0.841796 0.066403 0.839845 0.068362 0.839845 0.070313 0.837893 0.072263 0.837893 0.082032 0.839845 0.083982 0.839845 0.093752 0.841796 0.095703 0.841796 0.097653 0.845706 0.097653 0.847657 0.095703 0.85156 0.095703 0.85156 0.068362 0.849608 0.068362 0.847657 0.066403
0 0.837893 0.296877 0.835935 0.298827 0.824219 0.298827 0.822268 0.300777 0.810545 0.300777 0.810545 0.302736 0.808594 0.304687 0.808594 0.310546 0.812497 0.314456 0.814456 0.314456 0.816407 0.316406 0.818358 0.316406 0.82031 0.318357 0.822268 0.316406 0.839845 0.316406 0.841796 0.314456 0.841796 0.312497 0.843747 0.310546 0.843747 0.302736
0 0.996096 0.134762 0.994138 0.136721 0.988284 0.136721 0.988284 0.16992 0.998048 0.16992 1 0.166019 1 0.166019 1 0.138671 1 0.136721 0.998048 0.136721
0 0.998048 0.341796 0.998048 0.345705 0.996096 0.347655 0.996096 0.351565 0.998048 0.353515 0.998048 0.359375 0.999999 0.357425 1 0.357425 1 0.353515 1 0.345705 1 0.343746 1 0.341796
0 0.941408 0.236329 0.93945 0.238279 0.91797 0.238279 0.916019 0.240238 0.914061 0.240238 0.914061 0.248048 0.916019 0.249998 0.916019 0.251957 0.91797 0.249998 0.945311 0.249998 0.947263 0.248048 0.947263 0.244139 0.945311 0.242188 0.945311 0.240238
0 0.998048 0.17383 0.996096 0.17578 0.994138 0.17578 0.988284 0.18164 0.988284 0.18945 0.990235 0.191409 0.990235 0.203129 0.992187 0.205079 0.992187 0.20703 0.996096 0.20703 0.998048 0.208989 0.999999 0.20703 1 0.20703 1 0.177731 1 0.17578 1 0.17383
0 1 0.361325 0.998048 0.365235 0.998048 0.367185 0.996096 0.369144 0.996096 0.376954 0.998048 0.376954 0.999999 0.378905 1 0.378905 1 0.380856 1 0.380856 1 0.382814 1 0.382814 1 0.380856 1 0.378905 1 0.369144 1 0.367185 1 0.365235 1 0.363284 1 0.363284
0 0.093752 0.486331 0.093752 0.488282 0.091794 0.490232 0.091794 0.496092 0.089842 0.498051 0.089842 0.503911 0.087891 0.505861 0.087891 0.511721 0.085939 0.513671 0.085939 0.517581 0.087891 0.519531 0.087891 0.52344 0.089842 0.52344 0.093752 0.527341 0.095703 0.525391 0.101564 0.525391 0.101564 0.521482 0.103516 0.519531 0.103516 0.511721 0.105467 0.509762 0.105467 0.501952 0.107419 0.500001 0.107419 0.490232 0.105467 0.490232 0.103516 0.488282 0.101564 0.488282 0.099607 0.486331
0 0.91797 0.171871 0.91797 0.17383 0.916019 0.17578 0.916019 0.177731 0.914061 0.179689 0.914061 0.203129 0.916019 0.205079 0.916019 0.20703 0.929686 0.20703 0.929686 0.19336 0.927734 0.191409 0.927734 0.17578 0.923831 0.171871
0 0.91797 0.251957 0.91797 0.253908 0.916019 0.255858 0.916019 0.257809 0.914061 0.259768 0.914061 0.263668 0.916019 0.265627 0.916019 0.267578 0.945311 0.267578 0.947263 0.265627 0.947263 0.257809 0.945311 0.255858 0.945311 0.251957
0 0.193357 0 0.191406 0.000004 0.191406 0.001955 0.189455 0.003905 0.189455 0.005856 0.187503 0.007814 0.187503 0.009765 0.185545 0.011715 0.185545 0.013674 0.183593 0.015625 0.183593 0.017575 0.181642 0.019534 0.181642 0.021484 0.17969 0.023435 0.181642 0.025393 0.181642 0.027344 0.183593 0.029294 0.183593 0.031253 0.187503 0.031253 0.189455 0.033204 0.193357 0.033204 0.195316 0.035154 0.197267 0.033204 0.199218 0.033204 0.199218 0.031253 0.20117 0.029294 0.20117 0.025393 0.203128 0.023435 0.203128 0.017575 0.20508 0.015625 0.20508 0.011715 0.207031 0.009765 0.207031 0.001955 0.20508 0.001955 0.20117 0