0 0.98633 0.232421 0.982424 0.236329 0.982424 0.238281 0.984375 0.240235 0.999998 0.240235 1 0.238281 1 0.238281 1 0.236329 1 0.234375 1 0.232421
0 0.324221 0.080078 0.322266 0.08203 0.32031 0.08203 0.32031 0.089845 0.31836 0.091796 0.31836 0.099608 0.322266 0.103517 0.324221 0.101562 0.328127 0.101562 0.328127 0.08789 0.326171 0.085939 0.326171 0.08203
0 0.277341 0.08203 0.277341 0.091796 0.279297 0.093751 0.279297 0.103517 0.287108 0.103517 0.287108 0.093751 0.285158 0.091796 0.285158 0.08789 0.287108 0.085939 0.287108 0.083984 0.285158 0.08203
0 0.685549 0.185547 0.683594 0.187501 0.683594 0.191407 0.685549 0.193359 0.685549 0.195313 0.703123 0.195313 0.703123 0.193359 0.705078 0.191407 0.705078 0.187501 0.703123 0.187501 0.701172 0.185547
1 0.83594 0.31836 0.833984 0.320311 0.800782 0.320311 0.798827 0.322266 0.765625 0.322266 0.765625 0.32422 0.76367 0.326172 0.76367 0.330077 0.761719 0.332032 0.761719 0.333983 0.76367 0.335938 0.76367 0.337892 0.765625 0.339844 0.767576 0.337892 0.78906 0.337892 0.791015 0.335938 0.814455 0.335938 0.816406 0.333983 0.83789 0.333983 0.839845 0.332032 0.839845 0.320311 0.83789 0.320311
0 0.064453 0.638671 0.062498 0.640625 0.060548 0.640625 0.058592 0.642579 0.054686 0.642579 0.052736 0.644531 0.050781 0.644531 0.050781 0.646485 0.04883 0.648437 0.050781 0.650391 0.050781 0.652343 0.052736 0.652343 0.054686 0.654297 0.056642 0.652343 0.058592 0.652343 0.060548 0.650391 0.064453 0.650391 0.072265 0.642579 0.070314 0.640625 0.070314 0.638671
0 0.46875 0.085939 0.466795 0.08789 0.464844 0.08789 0.464844 0.091796 0.476562 0.091796 0.478517 0.093751 0.480468 0.091796 0.486329 0.091796 0.486329 0.08789 0.484374 0.08789 0.482423 0.085939
0 0.941406 0.185547 0.9375 0.189453 0.939456 0.191407 0.951173 0.191407 0.951173 0.185547
0 0.683594 0.306642 0.681638 0.308593 0.679688 0.308593 0.679688 0.314454 0.681638 0.316405 0.703123 0.316405 0.705078 0.314454 0.707033 0.314454 0.705078 0.312499 0.705078 0.310548 0.703123 0.308593 0.703123 0.306642
0 0.257812 0.228515 0.255857 0.230469 0.253907 0.230469 0.253907 0.238281 0.255857 0.238281 0.257812 0.240235 0.259768 0.240235 0.261718 0.242187 0.265624 0.242187 0.26758 0.244141 0.26953 0.242187 0.26953 0.236329 0.26758 0.236329 0.263674 0.232421 0.261718 0.232421
0 0.705078 0.152345 0.703123 0.154297 0.683594 0.154297 0.683594 0.158203 0.685549 0.160157 0.685549 0.162109 0.6875 0.164063 0.689455 0.162109 0.703123 0.162109 0.705078 0.160157 0.707033 0.160157 0.707033 0.156251 0.705078 0.154297
0 0.24414 0.669921 0.242189 0.671875 0.238284 0.671875 0.238284 0.695313 0.240234 0.697265 0.240234 0.699219 0.246095 0.699219 0.246095 0.697265 0.248046 0.695313 0.248046 0.693359 0.250001 0.691405 0.250001 0.683593 0.248046 0.681641 0.248046 0.671875 0.246095 0.669921
0 0.943362 0.253907 0.943362 0.263671 0.951173 0.263671 0.951173 0.259765 0.953123 0.257813 0.953123 0.255859 0.951173 0.253907
0 0.250001 0.08203 0.248046 0.083984 0.246095 0.083984 0.246095 0.101562 0.250001 0.101562 0.251951 0.103517 0.257812 0.103517 0.257812 0.085939 0.255857 0.083984 0.255857 0.08203
0 0.113283 0.185547 0.111328 0.187501 0.109377 0.187501 0.109377 0.189453 0.107422 0.191407 0.117189 0.201171 0.121095 0.201171 0.123045 0.199219 0.125001 0.199219 0.125001 0.197265 0.121095 0.193359 0.121095 0.191407 0.117189 0.187501 0.115234 0.187501
0 0.83594 0.249999 0.833984 0.251953 0.832029 0.251953 0.832029 0.259765 0.833984 0.261719 0.833984 0.269531 0.83594 0.271485 0.843751 0.271485 0.843751 0.263671 0.841796 0.261719 0.841796 0.251953 0.839845 0.249999
0 0.312499 0.080078 0.310548 0.08203 0.306642 0.08203 0.306642 0.083984 0.308593 0.085939 0.308593 0.099608 0.310548 0.101562 0.312499 0.101562 0.314454 0.103517 0.316404 0.101562 0.316404 0.091796 0.31836 0.089845 0.31836 0.083984 0.316404 0.083984
0 0.980469 0.779298 0.980469 0.78711 0.992186 0.78711 0.994142 0.789062 0.996092 0.78711 0.998048 0.78711 0.998048 0.779298
7 0.158202 0.816406 0.156252 0.81836 0.154296 0.81836 0.150391 0.822266 0.148435 0.822266 0.14453 0.826172 0.142579 0.826172 0.140624 0.828126 0.138673 0.828126 0.134768 0.832032 0.132812 0.832032 0.128906 0.835938 0.123045 0.835938 0.121095 0.833984 0.117189 0.833984 0.115234 0.832032 0.111328 0.835938 0.115234 0.839844 0.119139 0.839844 0.121095 0.841796 0.119139 0.84375 0.117189 0.84375 0.115234 0.845704 0.109377 0.845704 0.107422 0.84375 0.105467 0.84375 0.101561 0.839844 0.09961 0.839844 0.097655 0.83789 0.095705 0.83789 0.093749 0.835938 0.091799 0.835938 0.087893 0.832032 0.085938 0.832032 0.083982 0.830078 0.082032 0.830078 0.080076 0.828126 0.068359 0.828126 0.068359 0.835938 0.072265 0.839844 0.07422 0.839844 0.082032 0.847656 0.083982 0.847656 0.093749 0.857422 0.095705 0.857422 0.101561 0.863282 0.101561 0.865234 0.09961 0.867188 0.093749 0.867188 0.091799 0.865234 0.091799 0.871094 0.093749 0.871094 0.097655 0.875 0.09961 0.875 0.101561 0.876952 0.101561 0.882812 0.09961 0.884766 0.09961 0.898438 0.097655 0.90039 0.097655 0.91211 0.095705 0.914062 0.095705 0.919922 0.09961 0.919922 0.101561 0.921874 0.101561 0.919922 0.103516 0.917968 0.103516 0.914062 0.105467 0.91211 0.105467 0.908202 0.107422 0.90625 0.107422 0.902344 0.109377 0.90039 0.109377 0.89453 0.111328 0.892578 0.111328 0.888672 0.113283 0.886718 0.113283 0.882812 0.115234 0.88086 0.115234 0.876952 0.119139 0.873046 0.123045 0.876952 0.125001 0.876952 0.126951 0.878906 0.128906 0.878906 0.132812 0.882812 0.134768 0.882812 0.136718 0.884766 0.138673 0.884766 0.142579 0.888672 0.14453 0.888672 0.146485 0.890624 0.148435 0.890624 0.152346 0.89453 0.154296 0.89453 0.156252 0.896484 0.156252 0.90039 0.158202 0.902344 0.158202 0.91211 0.160158 0.914062 0.160158 0.919922 0.164063 0.919922 0.164063 0.917968 0.166014 0.916016 0.166014 0.910156 0.167969 0.908202 0.167969 0.904296 0.16992 0.902344 0.16992 0.90039 0.173831 0.896484 0.173831 0.89453 0.181642 0.886718 0.181642 0.884766 0.185548 0.88086 0.183592 0.878906 0.183592 0.876952 0.181642 0.878906 0.179687 0.878906 0.175781 0.882812 0.173831 0.882812 0.16992 0.886718 0.167969 0.886718 0.166014 0.884766 0.164063 0.884766 0.160158 0.88086 0.158202 0.88086 0.154296 0.876952 0.152346 0.876952 0.146485 0.871094 0.14453 0.871094 0.140624 0.867188 0.138673 0.867188 0.134768 0.863282 0.132812 0.863282 0.128906 0.859374 0.130862 0.857422 0.130862 0.855468 0.136718 0.84961 0.136718 0.847656 0.14453 0.839844 0.14453 0.83789 0.156252 0.826172 0.156252 0.824218 0.162108 0.81836 0.160158 0.81836
0 0.941406 0.126953 0.9375 0.130859 0.939456 0.132813 0.939456 0.134765 0.949218 0.134765 0.951173 0.136719 0.953123 0.134765 0.955079 0.134765 0.955079 0.128907 0.943362 0.128907
0 0.999998 0.263671 0.999998 0.269531 1 0.269531 1 0.267577 1 0.265625 1 0.263671
0 0.224611 0.060546 0.222655 0.0625 0.208983 0.0625 0.208983 0.06836 0.224611 0.06836 0.224611 0.066406 0.226561 0.064452 0.224611 0.0625
0 0.371095 0.337892 0.36914 0.339844 0.36914 0.34375 0.371095 0.34375 0.373046 0.345704 0.375001 0.345704 0.376952 0.347656 0.378907 0.347656 0.380857 0.34961 0.382813 0.34961 0.384763 0.351562 0.390625 0.351562 0.390625 0.34375 0.388674 0.34375 0.386719 0.341798 0.382813 0.341798 0.380857 0.339844 0.378907 0.339844 0.376952 0.337892
0 0.982424 0.183593 0.982424 0.197265 0.984375 0.199219 0.984375 0.201171 0.98633 0.201171 0.988281 0.199219 0.990236 0.199219 0.990236 0.187501 0.98633 0.183593
0 0.941406 0.175781 0.939456 0.177735 0.939456 0.181641 0.953123 0.181641 0.953123 0.175781
0 0.955079 0.185547 0.955079 0.205079 0.96094 0.205079 0.96094 0.185547
0 1 0.048828 1 0.050782 0.998048 0.050782 0.998048 0.058594 1 0.0625 1 0.0625 1 0.064452 1 0.0625 1 0.060546 1 0.050782 1 0.050782
0 0.972657 0.181641 0.972657 0.183593 0.970702 0.185547 0.970702 0.201171 0.972657 0.203125 0.976563 0.203125 0.978514 0.201171 0.982424 0.201171 0.982424 0.199219 0.980469 0.197265 0.980469 0.185547 0.976563 0.181641
0 0.056642 0.115235 0.052736 0.119141 0.054686 0.121095 0.054686 0.123047 0.056642 0.125001 0.056642 0.126953 0.058592 0.128907 0.058592 0.130859 0.060548 0.132813 0.064453 0.132813 0.066409 0.130859 0.068359 0.130859 0.068359 0.126953 0.066409 0.125001 0.066409 0.123047 0.064453 0.121095 0.064453 0.119141 0.062498 0.117186 0.062498 0.115235
0 0.29492 0.08203 0.292969 0.083984 0.289064 0.083984 0.289064 0.085939 0.287108 0.08789 0.287108 0.091796 0.289064 0.093751 0.289064 0.099608 0.291014 0.101562 0.291014 0.103517 0.29492 0.103517 0.296875 0.101562 0.296875 0.085939 0.29492 0.083984
0 0.740235 0.232421 0.740235 0.236329 0.73828 0.238281 0.73828 0.242187 0.740235 0.240235 0.757814 0.240235 0.757814 0.232421
0 0.939456 0.060546 0.9375 0.0625 0.935545 0.0625 0.935545 0.06836 0.955079 0.06836 0.955079 0.066406 0.953123 0.064452 0.953123 0.060546
0 0.027346 0.609375 0.02539 0.611329 0.023435 0.611329 0.015623 0.619141 0.015623 0.621093 0.019529 0.625001 0.023435 0.621093 0.02539 0.621093 0.027346 0.619141 0.027346 0.617187 0.029296 0.615235 0.029296 0.611329
0 0.999998 0.06836 0.999998 0.08203 1 0.083984 1 0.085939 1 0.083984 1 0.083984 1 0.08203 1 0.070312 1 0.070312 1 0.06836
0 0.96289 0.187501 0.96289 0.207031 0.966796 0.207031 0.966796 0.205079 0.968752 0.203125 0.968752 0.191407 0.966796 0.189453 0.966796 0.187501
0 0.302737 0.08203 0.300781 0.083984 0.298826 0.083984 0.298826 0.101562 0.300781 0.103517 0.304687 0.103517 0.304687 0.101562 0.306642 0.099608 0.306642 0.085939 0.304687 0.083984 0.304687 0.08203
0 0.990236 0.832032 0.990236 0.835938 0.988281 0.83789 0.988281 0.841796 1 0.841796 1 0.839844 1 0.835938 1 0.833984 1 0.832032
0 0.222655 0.048828 0.220705 0.050782 0.210938 0.050782 0.208983 0.052734 0.208983 0.05664 0.220705 0.05664 0.222655 0.058594 0.224611 0.05664 0.226561 0.05664 0.226561 0.054688 0.224611 0.052734 0.224611 0.050782
0 0.992186 0.183593 0.992186 0.201171 0.994142 0.201171 0.996092 0.203125 0.998048 0.201171 0.998048 0.185547 0.994142 0.185547
0 0.054686 0.630859 0.052736 0.632813 0.050781 0.632813 0.04883 0.634765 0.046875 0.634765 0.044924 0.636719 0.041013 0.636719 0.039063 0.638671 0.037108 0.638671 0.037108 0.640625 0.035157 0.642579 0.037108 0.644531 0.037108 0.646485 0.04883 0.646485 0.04883 0.644531 0.050781 0.642579 0.052736 0.642579 0.054686 0.640625 0.058592 0.640625 0.060548 0.638671 0.060548 0.636719 0.062498 0.634765 0.058592 0.630859
0 0.982424 0.769532 0.980469 0.771484 0.980469 0.77539 0.992186 0.77539 0.994142 0.773438 0.990236 0.769532
0 1 0.783204 0.999998 0.78711 0.999998 0.794922 1 0.794922 1 0.792968 1 0.792968 1 0.783204
0 0.271485 0.080078 0.26953 0.08203 0.26758 0.08203 0.26758 0.089845 0.265624 0.091796 0.265624 0.099608 0.26758 0.099608 0.26953 0.101562 0.271485 0.101562 0.273436 0.103517 0.275391 0.101562 0.277341 0.101562 0.277341 0.093751 0.275391 0.091796 0.275391 0.08203 0.273436 0.08203
1 0.353517 0.587891 0.353517 0.591797 0.351562 0.593751 0.351562 0.607421 0.353517 0.609375 0.353517 0.625001 0.355467 0.626953 0.355467 0.628907 0.357423 0.628907 0.359373 0.630859 0.36719 0.630859 0.36719 0.619141 0.365234 0.617187 0.365234 0.599609 0.363279 0.597657 0.363279 0.587891
0 0.257812 0.03711 0.255857 0.039062 0.253907 0.039062 0.253907 0.046874 0.251951 0.048828 0.251951 0.05664 0.255857 0.060546 0.259768 0.060546 0.261718 0.058594 0.263674 0.058594 0.263674 0.042968 0.261718 0.041016 0.261718 0.039062 0.259768 0.039062
0 0.941406 0.166015 0.941406 0.167969 0.939456 0.169923 0.941406 0.171875 0.949218 0.171875 0.951173 0.173829 0.953123 0.171875 0.955079 0.171875 0.955079 0.169923 0.953123 0.167969 0.953123 0.166015
0 0.701172 0.203125 0.699217 0.205079 0.685549 0.205079 0.685549 0.207031 0.683594 0.208985 0.683594 0.210937 0.685549 0.212891 0.685549 0.216797 0.6875 0.214843 0.699217 0.214843 0.701172 0.212891 0.705078 0.212891 0.705078 0.210937 0.703123 0.208985 0.703123 0.205079
0 0.939456 0.138673 0.9375 0.140625 0.9375 0.146485 0.953123 0.146485 0.955079 0.144531 0.955079 0.138673
0 0.154296 0.714843 0.154296 0.724609 0.158202 0.724609 0.160158 0.726564 0.162108 0.726564 0.164063 0.728515 0.167969 0.728515 0.16992 0.73047 0.171875 0.73047 0.173831 0.732421 0.179687 0.732421 0.179687 0.73047 0.181642 0.728515 0.181642 0.726564 0.179687 0.724609 0.179687 0.722655 0.175781 0.722655 0.173831 0.720703 0.171875 0.720703 0.16992 0.718749 0.166014 0.718749 0.164063 0.716797 0.162108 0.716797 0.160158 0.714843
7 0.826173 0.824218 0.826173 0.826172 0.824217 0.828126 0.824217 0.830078 0.822267 0.832032 0.822267 0.833984 0.820311 0.835938 0.820311 0.83789 0.816406 0.841796 0.816406 0.84375 0.814455 0.845704 0.814455 0.847656 0.8125 0.84961 0.8125 0.851562 0.810544 0.853516 0.810544 0.855468 0.808594 0.857422 0.808594 0.859374 0.804688 0.863282 0.804688 0.865234 0.802733 0.867188 0.802733 0.86914 0.800782 0.871094 0.800782 0.873046 0.798827 0.875 0.798827 0.876952 0.796877 0.878906 0.757814 0.878906 0.753908 0.882812 0.751953 0.882812 0.750002 0.884766 0.751953 0.884766 0.753908 0.886718 0.755859 0.886718 0.757814 0.888672 0.761719 0.888672 0.76367 0.890624 0.767576 0.890624 0.769531 0.892578 0.792971 0.892578 0.794921 0.89453 0.794921 0.896484 0.796877 0.898438 0.796877 0.902344 0.798827 0.904296 0.798827 0.90625 0.800782 0.908202 0.800782 0.91211 0.802733 0.914062 0.802733 0.917968 0.804688 0.919922 0.804688 0.923828 0.806639 0.92578 0.806639 0.929689 0.808594 0.93164 0.808594 0.935546 0.810544 0.9375 0.810544 0.941406 0.8125 0.943358 0.8125 0.947267 0.814455 0.949218 0.814455 0.951173 0.820311 0.951173 0.822267 0.949218 0.824217 0.949218 0.824217 0.945312 0.822267 0.943358 0.822267 0.935546 0.820311 0.933595 0.820311 0.923828 0.818361 0.921874 0.818361 0.908202 0.816406 0.90625 0.816406 0.898438 0.818361 0.896484 0.86133 0.896484 0.86328 0.898438 0.86328 0.90039 0.865236 0.902344 0.865236 0.904296 0.867186 0.90625 0.867186 0.908202 0.869141 0.910156 0.869141 0.91211 0.871092 0.914062 0.871092 0.916016 0.874997 0.916016 0.874997 0.896484 0.876953 0.89453 0.880859 0.89453 0.880859 0.890624 0.876953 0.890624 0.874997 0.888672 0.874997 0.886718 0.876953 0.884766 0.876953 0.88086 0.878908 0.878906 0.878908 0.875 0.880859 0.873046 0.880859 0.871094 0.878908 0.86914 0.86328 0.884766 0.841796 0.884766 0.839845 0.882812 0.818361 0.882812 0.816406 0.88086 0.816406 0.876952 0.818361 0.875 0.818361 0.867188 0.820311 0.865234 0.820311 0.859374 0.822267 0.857422 0.822267 0.851562 0.824217 0.84961 0.824217 0.845704 0.826173 0.84375 0.826173 0.839844 0.828123 0.83789 0.828123 0.833984 0.830079 0.832032 0.830079 0.828126 0.832029 0.826172 0.832029 0.824218
0 0.04883 0.623047 0.046875 0.625001 0.039063 0.625001 0.037108 0.626953 0.035157 0.626953 0.031251 0.630859 0.029296 0.630859 0.027346 0.632813 0.02539 0.632813 0.02539 0.636719 0.027346 0.636719 0.029296 0.638671 0.033202 0.638671 0.035157 0.640625 0.035157 0.638671 0.037108 0.636719 0.039063 0.636719 0.041013 0.634765 0.042969 0.634765 0.046875 0.630859 0.04883 0.630859 0.050781 0.628907 0.050781 0.623047
0 1 0.820312 1 0.822266 0.994142 0.822266 0.992186 0.824218 0.994142 0.826172 0.994142 0.828126 0.996092 0.830078 0.998048 0.828126 1 0.828126 1 0.826172 1 0.824218 1 0.822266
1 0.523436 0.322266 0.521486 0.32422 0.451172 0.32422 0.449216 0.326172 0.447266 0.326172 0.447266 0.347656 0.449216 0.34961 0.449216 0.351562 0.451172 0.34961 0.552732 0.34961 0.558594 0.34375 0.558594 0.333983 0.554688 0.330077 0.554688 0.328126 0.550782 0.32422 0.525392 0.32422
0 0.207032 0.035156 0.207032 0.03711 0.208983 0.039062 0.208983 0.042968 0.216799 0.042968 0.21875 0.041016 0.226561 0.041016 0.228517 0.039062 0.228517 0.035156
0 0.625002 0.304687 0.625002 0.306642 0.623047 0.308593 0.625002 0.310548 0.625002 0.312499 0.626952 0.314454 0.640625 0.314454 0.644531 0.310548 0.644531 0.308593 0.642581 0.306642 0.642581 0.304687
0 0.988281 0.8125 0.98633 0.814454 0.98633 0.820312 1 0.820312 1 0.81836 1 0.81836 1 0.8125
0 0.330077 0.078124 0.330077 0.080078 0.328127 0.08203 0.328127 0.085939 0.330077 0.08789 0.330077 0.101562 0.332032 0.103517 0.337889 0.103517 0.337889 0.080078 0.335938 0.080078 0.333983 0.078124
1 0.824217 0.810548 0.822267 0.8125 0.820311 0.8125 0.820311 0.820312 0.822267 0.822266 0.833984 0.822266 0.83594 0.824218 0.849607 0.824218 0.851563 0.826172 0.86328 0.826172 0.865236 0.828126 0.867186 0.826172 0.867186 0.822266 0.869141 0.820312 0.869141 0.816406 0.867186 0.814454 0.847657 0.814454 0.845702 0.8125 0.826173 0.8125
0 0.162108 0.035156 0.162108 0.044922 0.164063 0.046874 0.16992 0.046874 0.16992 0.035156
0 0.984375 0.76172 0.984375 0.763672 0.98633 0.765626 0.98633 0.767578 0.994142 0.767578 0.996092 0.765626 0.996092 0.763672 0.994142 0.763672 0.992186 0.76172
0 0.285158 0.03711 0.285158 0.042968 0.283203 0.044922 0.283203 0.050782 0.285158 0.052734 0.285158 0.054688 0.291014 0.054688 0.292969 0.052734 0.29492 0.052734 0.29492 0.039062 0.287108 0.039062
0 0.9375 0.148437 0.9375 0.152345 0.953123 0.152345 0.953123 0.148437
0 0.208983 0.748048 0.207032 0.75 0.205077 0.75 0.205077 0.753905 0.203126 0.75586 0.203126 0.76172 0.201171 0.763672 0.201171 0.767578 0.203126 0.769532 0.207032 0.769532 0.208983 0.771484 0.212888 0.767578 0.212888 0.765626 0.214844 0.763672 0.214844 0.757811 0.216799 0.75586 0.216799 0.75 0.214844 0.75 0.212888 0.748048
0 0.998048 0.111329 0.996092 0.11328 0.996092 0.126953 0.998048 0.128907 0.998048 0.130859 0.999998 0.128907 1 0.128907 1 0.115235 0.999998 0.11328 0.999998 0.111329
0 0.296875 0.039062 0.296875 0.050782 0.298826 0.050782 0.300781 0.052734 0.302737 0.050782 0.304687 0.050782 0.304687 0.046874 0.302737 0.044922 0.302737 0.039062
0 0.308593 0.302733 0.308593 0.306642 0.306642 0.308593 0.308593 0.308593 0.312499 0.312499 0.314454 0.312499 0.31836 0.316405 0.322266 0.316405 0.322266 0.314454 0.324221 0.312499 0.322266 0.310548 0.32031 0.310548 0.316404 0.306642 0.314454 0.306642 0.310548 0.302733
0 0.996092 0.134765 0.996092 0.136719 0.994142 0.138673 0.994142 0.150391 0.996092 0.152345 0.998048 0.150391 0.999998 0.150391 0.999998 0.140625 1 0.138673 1 0.134765
0 0.222655 0.072266 0.220705 0.074218 0.210938 0.074218 0.208983 0.076172 0.207032 0.076172 0.207032 0.078124 0.208983 0.080078 0.208983 0.08203 0.210938 0.083984 0.212888 0.08203 0.224611 0.08203 0.228517 0.078124 0.228517 0.074218 0.224611 0.074218
0 0.037108 0.074218 0.035157 0.076172 0.035157 0.078124 0.033202 0.080078 0.035157 0.08203 0.035157 0.083984 0.037108 0.085939 0.037108 0.08789 0.039063 0.089845 0.039063 0.091796 0.041013 0.091796 0.042969 0.093751 0.044924 0.091796 0.046875 0.091796 0.046875 0.089845 0.04883 0.08789 0.046875 0.085939 0.046875 0.083984 0.044924 0.08203 0.044924 0.080078 0.042969 0.078124 0.042969 0.076172 0.039063 0.076172
0 0.07422 0.054688 0.072265 0.05664 0.070314 0.05664 0.070314 0.058594 0.072265 0.060546 0.072265 0.066406 0.07422 0.06836 0.07422 0.070312 0.076171 0.072266 0.080076 0.072266 0.082032 0.070312 0.083982 0.070312 0.083982 0.06836 0.082032 0.066406 0.082032 0.064452 0.080076 0.0625 0.080076 0.058594 0.078126 0.05664 0.078126 0.054688
0 0.939456 0.156251 0.9375 0.158203 0.9375 0.162109 0.951173 0.162109 0.953123 0.160157 0.953123 0.158203 0.951173 0.156251