0 0.066402 0.603515 0.064447 0.605468 0.062507 0.605468 0.062507 0.607422 0.060553 0.609376 0.060553 0.61133 0.058598 0.613284 0.058598 0.644531 0.060553 0.644531 0.062507 0.646484 0.064447 0.646484 0.066402 0.648438 0.072266 0.648438 0.080085 0.640623 0.080085 0.626946 0.082025 0.625006 0.082025 0.61133 0.080085 0.609376 0.080085 0.607422 0.07813 0.607422 0.074221 0.603515
0 0.26562 0.078121 0.259771 0.083982 0.259771 0.107428 0.261725 0.109381 0.261725 0.134768 0.263666 0.136721 0.263666 0.138675 0.267575 0.138675 0.26953 0.140629 0.285153 0.140629 0.289062 0.136721 0.291017 0.136721 0.291017 0.113276 0.289062 0.111322 0.289062 0.085937 0.287107 0.083982 0.287107 0.082029 0.285153 0.080075 0.281243 0.080075 0.279303 0.078121
0 0.320308 0.269525 0.318353 0.271479 0.316413 0.271479 0.310549 0.27734 0.308594 0.27734 0.30664 0.279294 0.310549 0.283202 0.310549 0.285155 0.316413 0.291017 0.316413 0.29297 0.320308 0.296878 0.322263 0.296878 0.324217 0.298831 0.326172 0.296878 0.330081 0.296878 0.333991 0.29297 0.335931 0.29297 0.335931 0.289063 0.332036 0.285155 0.332036 0.283202 0.324217 0.275386 0.324217 0.273432
0 0.208978 0.507806 0.205083 0.511714 0.203128 0.511714 0.201174 0.513668 0.201174 0.548822 0.203128 0.550776 0.203128 0.554683 0.207038 0.554683 0.208978 0.556637 0.218751 0.556637 0.224615 0.550776 0.224615 0.533205 0.222661 0.531251 0.222661 0.513668 0.220706 0.511714 0.220706 0.50976 0.218751 0.50976 0.216797 0.507806
0 0.296881 0.763671 0.296881 0.765625 0.294926 0.767579 0.294926 0.769533 0.292971 0.771486 0.292971 0.798826 0.294926 0.80078 0.294926 0.804687 0.30273 0.804687 0.304685 0.806641 0.30664 0.804687 0.310549 0.804687 0.312504 0.802733 0.312504 0.80078 0.314458 0.798826 0.314458 0.769533 0.312504 0.767579 0.312504 0.765625 0.310549 0.763671
0 0.351568 0.609376 0.349614 0.61133 0.341795 0.61133 0.341795 0.615237 0.33984 0.617191 0.33984 0.650392 0.345704 0.650392 0.347659 0.652346 0.355463 0.652346 0.361327 0.646484 0.361327 0.619145 0.359373 0.617191 0.359373 0.615237 0.357418 0.613284 0.357418 0.61133 0.353509 0.61133
0 0.281243 0.505866 0.279303 0.507806 0.275394 0.507806 0.275394 0.511714 0.273439 0.513668 0.273439 0.546882 0.275394 0.548822 0.275394 0.550776 0.277348 0.55273 0.277348 0.554683 0.281243 0.554683 0.283198 0.556637 0.291017 0.556637 0.292971 0.554683 0.292971 0.55273 0.294926 0.550776 0.294926 0.513668 0.292971 0.511714 0.292971 0.507806 0.289062 0.507806 0.287107 0.505866
0 0.277348 0.662115 0.275394 0.664068 0.271484 0.664068 0.271484 0.667963 0.26953 0.669917 0.26953 0.683593 0.271484 0.685547 0.271484 0.697269 0.273439 0.699223 0.273439 0.701177 0.275394 0.703131 0.287107 0.703131 0.291017 0.699223 0.291017 0.685547 0.289062 0.683593 0.289062 0.667963 0.287107 0.666022 0.287107 0.664068 0.283198 0.664068 0.281243 0.662115
0 0.249997 0.605468 0.242193 0.613284 0.242193 0.615237 0.244148 0.617191 0.244148 0.648438 0.246088 0.650392 0.246088 0.652346 0.249997 0.652346 0.251952 0.654299 0.261725 0.654299 0.26562 0.650392 0.26562 0.632808 0.267575 0.630855 0.267575 0.615237 0.263666 0.61133 0.263666 0.609376 0.259771 0.605468
0 0.345704 0.763671 0.34375 0.765625 0.34375 0.767579 0.341795 0.769533 0.341795 0.771486 0.33984 0.77344 0.33984 0.796872 0.34375 0.80078 0.345704 0.80078 0.347659 0.802733 0.349614 0.802733 0.351568 0.804687 0.353509 0.802733 0.355463 0.802733 0.357418 0.80078 0.361327 0.80078 0.361327 0.77344 0.363282 0.771486 0.357418 0.765625 0.353509 0.765625 0.351568 0.763671
0 0.390619 0.507806 0.390619 0.50976 0.388678 0.511714 0.388678 0.515621 0.386724 0.517575 0.386724 0.529297 0.388678 0.531251 0.388678 0.542974 0.390619 0.542974 0.394528 0.546882 0.400392 0.546882 0.402346 0.548822 0.406256 0.544928 0.408196 0.544928 0.410151 0.542974 0.410151 0.511714 0.408196 0.50976 0.408196 0.507806
0 0.45117 0.955075 0.445306 0.960937 0.445306 0.988276 0.447261 0.99023 0.447261 0.992184 0.449215 0.994137 0.458989 0.994137 0.464839 0.988276 0.464839 0.96289 0.462884 0.960937 0.462884 0.958982 0.458989 0.955075
0 0.224615 0.605468 0.224615 0.607422 0.222661 0.609376 0.222661 0.638669 0.226556 0.642577 0.236329 0.642577 0.240238 0.638669 0.240238 0.609376 0.236329 0.605468
0 0.708986 0.626946 0.707031 0.628901 0.703121 0.628901 0.703121 0.630855 0.701167 0.632808 0.701167 0.634762 0.699212 0.636716 0.699212 0.652346 0.701167 0.654299 0.701167 0.669917 0.705076 0.669917 0.707031 0.67187 0.71094 0.67187 0.712895 0.673824 0.714849 0.67187 0.716804 0.67187 0.718745 0.669917 0.720699 0.669917 0.720699 0.654299 0.718745 0.652346 0.718745 0.634762 0.716804 0.632808 0.716804 0.630855 0.714849 0.628901 0.71094 0.628901
0 0.222661 0.75781 0.222661 0.759764 0.220706 0.761718 0.220706 0.765625 0.218751 0.767579 0.218751 0.794919 0.220706 0.796872 0.220706 0.798826 0.222661 0.80078 0.226556 0.80078 0.22851 0.802733 0.23242 0.802733 0.234374 0.804687 0.236329 0.802733 0.240238 0.802733 0.240238 0.80078 0.242193 0.798826 0.242193 0.783209 0.240238 0.781255 0.240238 0.767579 0.238284 0.765625 0.238284 0.763671 0.236329 0.761718 0.236329 0.759764 0.230465 0.759764 0.22851 0.75781
0 0.273439 0.75781 0.271484 0.759764 0.271484 0.761718 0.26953 0.763671 0.26953 0.765625 0.267575 0.767579 0.267575 0.798826 0.26953 0.80078 0.26953 0.802733 0.271484 0.804687 0.279303 0.804687 0.281243 0.802733 0.287107 0.802733 0.287107 0.80078 0.289062 0.798826 0.289062 0.783209 0.287107 0.781255 0.287107 0.763671 0.285153 0.761718 0.285153 0.759764 0.279303 0.759764 0.277348 0.75781
0 0.255861 0.658207 0.253907 0.660161 0.251952 0.660161 0.251952 0.662115 0.249997 0.664068 0.249997 0.666022 0.248043 0.667963 0.248043 0.699223 0.255861 0.707025 0.263666 0.707025 0.263666 0.705084 0.26562 0.703131 0.26562 0.701177 0.267575 0.699223 0.267575 0.666022 0.26562 0.664068 0.26562 0.662115 0.263666 0.660161 0.263666 0.658207
0 0.781251 0.554683 0.779296 0.556637 0.763673 0.556637 0.761719 0.558591 0.746095 0.558591 0.744141 0.560545 0.742186 0.560545 0.742186 0.564453 0.740232 0.566406 0.740232 0.576175 0.746095 0.576175 0.74805 0.578129 0.75196 0.578129 0.7539 0.580082 0.755854 0.578129 0.767582 0.578129 0.769537 0.576175 0.781251 0.576175 0.78516 0.572268 0.787115 0.572268 0.787115 0.570314 0.789069 0.56836 0.789069 0.566406 0.787115 0.564453 0.787115 0.562499 0.783206 0.558591 0.783206 0.556637
0 0.142577 0.50976 0.140622 0.511714 0.138668 0.511714 0.134773 0.515621 0.134773 0.546882 0.136713 0.548822 0.136713 0.550776 0.138668 0.55273 0.146486 0.55273 0.148441 0.554683 0.15429 0.554683 0.15429 0.55273 0.156245 0.550776 0.156245 0.519529 0.15429 0.517575 0.15429 0.515621 0.15235 0.513668 0.15235 0.511714 0.150395 0.511714 0.148441 0.50976
0 0.017579 0.607422 0.015624 0.609376 0.013669 0.609376 0.00976 0.613284 0.00976 0.636716 0.011714 0.638669 0.011714 0.640623 0.015624 0.640623 0.017579 0.642577 0.019533 0.640623 0.023443 0.640623 0.023443 0.638669 0.025397 0.636716 0.025397 0.613284 0.023443 0.61133 0.023443 0.609376 0.021488 0.609376 0.019533 0.607422
0 0.3711 0.765625 0.363282 0.77344 0.363282 0.796872 0.367191 0.80078 0.367191 0.802733 0.369146 0.804687 0.373041 0.804687 0.374996 0.806641 0.38086 0.806641 0.382814 0.804687 0.382814 0.802733 0.384769 0.80078 0.382814 0.798826 0.382814 0.769533 0.38086 0.767579 0.37695 0.767579 0.374996 0.765625
0 0 0.599607 0 0.601561 0 0.601561 0 0.603515 0 0.605468 0 0.607422 0 0.619145 0 0.621099 0 0.636716 0 0.638669 0 0.640623 0 0.640623 0 0.642577 0.000001 0.640623 0.001956 0.640623 0.00391 0.638669 0.007819 0.638669 0.007819 0.605468 0.005865 0.603515 0.005865 0.599607
0 0.447261 0.515621 0.443366 0.519529 0.443366 0.521482 0.441411 0.523436 0.441411 0.550776 0.443366 0.55273 0.443366 0.554683 0.447261 0.554683 0.449215 0.556637 0.453125 0.556637 0.457034 0.55273 0.457034 0.550776 0.458989 0.548822 0.458989 0.521482 0.457034 0.519529 0.457034 0.517575 0.45508 0.517575 0.453125 0.515621
0 0.22851 0.511714 0.226556 0.513668 0.226556 0.515621 0.224615 0.517575 0.224615 0.531251 0.226556 0.533205 0.226556 0.544928 0.22851 0.546882 0.22851 0.548822 0.230465 0.550776 0.234374 0.550776 0.236329 0.55273 0.238284 0.550776 0.242193 0.550776 0.242193 0.548822 0.244148 0.546882 0.244148 0.533205 0.242193 0.531251 0.242193 0.517575 0.240238 0.515621 0.240238 0.513668 0.236329 0.513668 0.234374 0.511714
0 0.535149 0.494143 0.533209 0.496097 0.533209 0.498051 0.531254 0.500004 0.531254 0.511714 0.533209 0.513668 0.533209 0.529297 0.535149 0.531251 0.535149 0.535159 0.539059 0.535159 0.541013 0.537113 0.546877 0.537113 0.548832 0.535159 0.550786 0.535159 0.550786 0.533205 0.552741 0.531251 0.552741 0.517575 0.550786 0.515621 0.550786 0.500004 0.548832 0.498051 0.548832 0.496097 0.546877 0.496097 0.544922 0.494143
0 0.416015 0.619145 0.416015 0.621099 0.41406 0.623053 0.41406 0.625006 0.412106 0.626946 0.412106 0.650392 0.419924 0.658207 0.425788 0.658207 0.427729 0.656253 0.429683 0.656253 0.431638 0.654299 0.433593 0.654299 0.433593 0.625006 0.431638 0.623053 0.431638 0.621099 0.427729 0.621099 0.425788 0.619145
0 0.470702 0.50976 0.468748 0.511714 0.468748 0.513668 0.466793 0.515621 0.466793 0.517575 0.464839 0.519529 0.464839 0.548822 0.472657 0.556637 0.480476 0.556637 0.482416 0.554683 0.486326 0.554683 0.48828 0.55273 0.48828 0.550776 0.490235 0.548822 0.490235 0.535159 0.48828 0.533205 0.48828 0.517575 0.484371 0.513668 0.484371 0.511714 0.482416 0.50976
0 0.089844 0.603515 0.087889 0.605468 0.085934 0.605468 0.08398 0.607422 0.08398 0.625006 0.082025 0.626946 0.082025 0.636716 0.08398 0.638669 0.08398 0.640623 0.085934 0.642577 0.085934 0.644531 0.087889 0.644531 0.089844 0.646484 0.091799 0.646484 0.093753 0.648438 0.095708 0.646484 0.097662 0.646484 0.099603 0.644531 0.101557 0.644531 0.105467 0.640623 0.105467 0.626946 0.107421 0.625006 0.107421 0.61133 0.105467 0.609376 0.105467 0.607422 0.103512 0.607422 0.099603 0.603515
0 0.416015 0.761718 0.41406 0.763671 0.412106 0.763671 0.412106 0.765625 0.410151 0.767579 0.410151 0.769533 0.408196 0.771486 0.408196 0.80078 0.412106 0.804687 0.425788 0.804687 0.427729 0.802733 0.427729 0.798826 0.429683 0.796872 0.429683 0.765625 0.427729 0.763671 0.423833 0.763671 0.421879 0.761718
0 0.019533 0.650392 0.015624 0.654299 0.013669 0.654299 0.013669 0.656253 0.011714 0.658207 0.011714 0.660161 0.00976 0.662115 0.00976 0.691408 0.011714 0.693362 0.011714 0.695316 0.013669 0.697269 0.015624 0.697269 0.017579 0.699223 0.021488 0.699223 0.023443 0.701177 0.025397 0.699223 0.027338 0.699223 0.031247 0.695316 0.031247 0.654299 0.029292 0.654299 0.025397 0.650392
0 0.476567 0.662115 0.474612 0.664068 0.470702 0.664068 0.470702 0.666022 0.468748 0.667963 0.468748 0.669917 0.466793 0.67187 0.466793 0.683593 0.468748 0.685547 0.468748 0.699223 0.472657 0.703131 0.472657 0.705084 0.474612 0.707025 0.480476 0.707025 0.482416 0.708979 0.486326 0.708979 0.492189 0.703131 0.492189 0.6875 0.490235 0.685547 0.490235 0.669917 0.48828 0.667963 0.48828 0.666022 0.486326 0.666022 0.484371 0.664068 0.482416 0.664068 0.480476 0.662115
0 0.484371 0.617191 0.482416 0.619145 0.482416 0.621099 0.480476 0.623053 0.480476 0.625006 0.478521 0.626946 0.478521 0.652346 0.480476 0.654299 0.480476 0.656253 0.482416 0.658207 0.484371 0.658207 0.486326 0.660161 0.48828 0.660161 0.490235 0.662115 0.492189 0.660161 0.494144 0.660161 0.496099 0.658207 0.499994 0.658207 0.499994 0.656253 0.501948 0.654299 0.501948 0.638669 0.499994 0.636716 0.499994 0.623053 0.494144 0.617191
0 0.191401 0.513668 0.18946 0.515621 0.185551 0.515621 0.183596 0.517575 0.181641 0.517575 0.179687 0.519529 0.179687 0.521482 0.177732 0.523436 0.177732 0.548822 0.179687 0.550776 0.179687 0.55273 0.181641 0.55273 0.185551 0.556637 0.19531 0.556637 0.199219 0.55273 0.199219 0.517575 0.197264 0.515621 0.193355 0.515621
0 0.328127 0.613284 0.326172 0.615237 0.324217 0.615237 0.320308 0.619145 0.320308 0.630855 0.318353 0.632808 0.318353 0.650392 0.320308 0.650392 0.324217 0.654299 0.332036 0.654299 0.335931 0.650392 0.335931 0.636716 0.337886 0.634762 0.337886 0.621099 0.333991 0.617191 0.332036 0.617191
0 0.693362 0.67187 0.691408 0.673824 0.691408 0.675778 0.689453 0.677732 0.689453 0.685547 0.691408 0.6875 0.691408 0.701177 0.693362 0.703131 0.693362 0.710933 0.695317 0.712886 0.695317 0.71484 0.697272 0.716794 0.699212 0.716794 0.701167 0.718748 0.703121 0.716794 0.71094 0.716794 0.71094 0.71484 0.712895 0.712886 0.712895 0.697269 0.71094 0.695316 0.71094 0.679685 0.708986 0.677732 0.708986 0.675778 0.707031 0.673824 0.701167 0.673824 0.699212 0.67187
0 0.134773 0.753902 0.132818 0.755856 0.128908 0.755856 0.128908 0.75781 0.126954 0.759764 0.126954 0.761718 0.124999 0.763671 0.124999 0.794919 0.126954 0.794919 0.130863 0.798826 0.134773 0.798826 0.136713 0.80078 0.142577 0.80078 0.146486 0.796872 0.148441 0.796872 0.148441 0.783209 0.146486 0.781255 0.146486 0.767579 0.144531 0.765625 0.144531 0.75781 0.142577 0.75781 0.138668 0.753902
0 0.392573 0.619145 0.390619 0.621099 0.390619 0.623053 0.388678 0.625006 0.388678 0.652346 0.390619 0.654299 0.390619 0.656253 0.392573 0.658207 0.398437 0.658207 0.400392 0.660161 0.404301 0.660161 0.408196 0.656253 0.408196 0.625006 0.404301 0.621099 0.400392 0.621099 0.398437 0.619145
0 0.449215 0.667963 0.447261 0.669917 0.445306 0.669917 0.443366 0.67187 0.441411 0.67187 0.441411 0.6875 0.439457 0.689455 0.439457 0.703131 0.441411 0.705084 0.441411 0.707025 0.443366 0.708979 0.45508 0.708979 0.457034 0.707025 0.457034 0.705084 0.458989 0.703131 0.458989 0.689455 0.460944 0.6875 0.460944 0.673824 0.458989 0.67187 0.458989 0.669917 0.457034 0.667963
0 0.744141 0.476559 0.742186 0.478513 0.738277 0.478513 0.736322 0.480466 0.732427 0.480466 0.732427 0.517575 0.736322 0.521482 0.74805 0.521482 0.750005 0.519529 0.755854 0.519529 0.755854 0.484374 0.7539 0.484374 0.750005 0.480466 0.74805 0.480466
0 0.621097 0.474605 0.619142 0.476559 0.617188 0.476559 0.613278 0.480466 0.613278 0.496097 0.615233 0.498051 0.615233 0.511714 0.617188 0.513668 0.617188 0.519529 0.621097 0.523436 0.625006 0.523436 0.626947 0.52539 0.630856 0.521482 0.632811 0.521482 0.63672 0.517575 0.63672 0.515621 0.638674 0.513668 0.638674 0.507806 0.63672 0.505866 0.63672 0.496097 0.634765 0.494143 0.634765 0.484374 0.632811 0.48242 0.632811 0.478513 0.630856 0.478513 0.626947 0.474605
0 0.039066 0.601561 0.035156 0.605468 0.035156 0.609376 0.033201 0.61133 0.033201 0.636716 0.035156 0.638669 0.035156 0.640623 0.039066 0.640623 0.04102 0.642577 0.048825 0.642577 0.050779 0.640623 0.052734 0.640623 0.052734 0.638669 0.054688 0.636716 0.054688 0.609376 0.052734 0.607422 0.052734 0.605468 0.050779 0.603515 0.050779 0.601561
0 0.044915 0.505866 0.042975 0.507806 0.04102 0.507806 0.039066 0.50976 0.039066 0.511714 0.037111 0.513668 0.037111 0.527344 0.039066 0.529297 0.039066 0.544928 0.04102 0.546882 0.04102 0.548822 0.044915 0.548822 0.04687 0.550776 0.048825 0.550776 0.050779 0.548822 0.052734 0.548822 0.056643 0.544928 0.058598 0.544928 0.058598 0.511714 0.052734 0.505866
0 0.728518 0.642577 0.726563 0.644531 0.724608 0.644531 0.724608 0.646484 0.722654 0.648438 0.722654 0.667963 0.724608 0.669917 0.724608 0.681639 0.730473 0.6875 0.738277 0.6875 0.740232 0.685547 0.740232 0.683593 0.742186 0.681639 0.742186 0.679685 0.744141 0.677732 0.744141 0.67187 0.742186 0.669917 0.742186 0.658207 0.740232 0.656253 0.740232 0.650392 0.738277 0.648438 0.738277 0.646484 0.736322 0.644531 0.736322 0.642577
0 0.392573 0.664068 0.390619 0.666022 0.386724 0.666022 0.384769 0.667963 0.384769 0.673824 0.382814 0.675778 0.382814 0.681639 0.384769 0.683593 0.384769 0.693362 0.386724 0.695316 0.386724 0.699223 0.388678 0.699223 0.392573 0.703131 0.394528 0.703131 0.396483 0.705084 0.398437 0.705084 0.400392 0.707025 0.402346 0.705084 0.406256 0.705084 0.406256 0.703131 0.408196 0.701177 0.408196 0.683593 0.406256 0.681639 0.406256 0.673824 0.404301 0.67187 0.404301 0.667963 0.402346 0.667963 0.398437 0.664068
0 0.322263 0.765625 0.318353 0.769533 0.318353 0.771486 0.316413 0.77344 0.316413 0.785162 0.318353 0.787103 0.318353 0.80078 0.320308 0.802733 0.320308 0.804687 0.326172 0.804687 0.328127 0.806641 0.330081 0.804687 0.335931 0.804687 0.337886 0.802733 0.337886 0.80078 0.33984 0.798826 0.337886 0.796872 0.337886 0.771486 0.332036 0.765625
0 0.416015 0.666022 0.41406 0.667963 0.412106 0.667963 0.412106 0.669917 0.410151 0.67187 0.410151 0.708979 0.412106 0.710933 0.412106 0.712886 0.41797 0.712886 0.419924 0.71484 0.421879 0.712886 0.427729 0.712886 0.427729 0.710933 0.429683 0.708979 0.429683 0.667963 0.419924 0.667963 0.41797 0.666022
0 0.117181 0.605468 0.11524 0.607422 0.113286 0.607422 0.111331 0.609376 0.111331 0.61133 0.109376 0.613284 0.109376 0.626946 0.107421 0.628901 0.107421 0.640623 0.109376 0.642577 0.109376 0.644531 0.111331 0.644531 0.11524 0.648438 0.117181 0.646484 0.124999 0.646484 0.126954 0.644531 0.126954 0.642577 0.128908 0.640623 0.128908 0.61133 0.126954 0.609376 0.126954 0.607422 0.123044 0.607422 0.12109 0.605468
0 0.484371 0.753902 0.480476 0.75781 0.478521 0.75781 0.478521 0.761718 0.476567 0.763671 0.476567 0.792964 0.478521 0.794919 0.478521 0.796872 0.480476 0.798826 0.486326 0.798826 0.48828 0.80078 0.490235 0.798826 0.496099 0.798826 0.499994 0.794919 0.499994 0.779301 0.498054 0.777348 0.498054 0.761718 0.496099 0.759764 0.496099 0.75781 0.494144 0.755856 0.490235 0.755856 0.48828 0.753902
0 0.490235 0.957029 0.48828 0.958982 0.482416 0.958982 0.480476 0.960937 0.480476 0.96289 0.476567 0.966798 0.476567 0.999999 0.478521 1 0.478521 1 0.480476 1 0.482416 1 0.484371 1 0.486326 1 0.492189 1 0.496099 1 0.498054 1 0.498054 0.999999 0.499994 0.998045 0.499994 0.982428 0.498054 0.980474 0.498054 0.964844 0.496099 0.96289 0.496099 0.960937 0.494144 0.960937
0 0.089844 0.503912 0.085934 0.507806 0.085934 0.546882 0.087889 0.546882 0.091799 0.550776 0.103512 0.550776 0.107421 0.546882 0.107421 0.529297 0.109376 0.527344 0.109376 0.50976 0.107421 0.507806 0.107421 0.503912
0 0.443366 0.763671 0.441411 0.765625 0.437502 0.765625 0.433593 0.769533 0.433593 0.771486 0.431638 0.77344 0.431638 0.798826 0.433593 0.80078 0.433593 0.802733 0.435547 0.804687 0.439457 0.804687 0.441411 0.806641 0.45117 0.806641 0.45117 0.804687 0.453125 0.802733 0.453125 0.77344 0.45117 0.771486 0.45117 0.769533 0.449215 0.767579 0.449215 0.765625 0.445306 0.765625
0 0.136713 0.609376 0.130863 0.615237 0.130863 0.642577 0.132818 0.644531 0.132818 0.648438 0.134773 0.648438 0.136713 0.650392 0.148441 0.650392 0.148441 0.648438 0.150395 0.646484 0.150395 0.644531 0.15235 0.642577 0.15235 0.630855 0.150395 0.628901 0.150395 0.615237 0.148441 0.613284 0.148441 0.61133 0.146486 0.609376
0 0.453125 0.615237 0.45117 0.617191 0.445306 0.617191 0.445306 0.621099 0.443366 0.623053 0.443366 0.654299 0.445306 0.656253 0.445306 0.658207 0.457034 0.658207 0.460944 0.654299 0.460944 0.621099 0.457034 0.617191 0.45508 0.617191
0 0.990228 0.652346 0.988287 0.654299 0.982423 0.654299 0.980469 0.656253 0.980469 0.658207 0.978514 0.660161 0.978514 0.662115 0.980469 0.664068 0.980469 0.666022 0.982423 0.667963 0.982423 0.669917 0.984378 0.67187 0.984378 0.673824 0.988287 0.677732 0.988287 0.679685 0.992183 0.683593 0.992183 0.685547 0.996092 0.689455 0.996092 0.691408 0.998046 0.693362 0.998046 0.695316 1 0.699223 1 0.701177 1 0.705084 1 0.707025 1 0.708979 1 0.708979 1 0.710933 1 0.707025 1 0.705084 1 0.703131 1 0.701177 1 0.699223 1 0.697269 1 0.695316 1 0.693362 1 0.689455 1 0.6875 1 0.685547 1 0.683593 1 0.679685 1 0.677732 1 0.673824 1 0.67187 1 0.667963 1 0.666022 1 0.664068 1 0.662115 1 0.658207 1 0.656253 1 0.654299 0.992183 0.654299
0 0.111331 0.658207 0.111331 0.660161 0.109376 0.662115 0.109376 0.664068 0.107421 0.666022 0.107421 0.677732 0.105467 0.679685 0.105467 0.697269 0.107421 0.697269 0.109376 0.699223 0.111331 0.699223 0.113286 0.701177 0.117181 0.701177 0.119135 0.699223 0.123044 0.699223 0.124999 0.697269 0.124999 0.695316 0.126954 0.693362 0.126954 0.664068 0.124999 0.662115 0.124999 0.660161 0.119135 0.660161 0.117181 0.658207
0 0.205083 0.605468 0.203128 0.607422 0.201174 0.607422 0.201174 0.609376 0.199219 0.61133 0.199219 0.613284 0.197264 0.615237 0.197264 0.628901 0.199219 0.630855 0.199219 0.644531 0.205083 0.650392 0.216797 0.650392 0.220706 0.646484 0.220706 0.630855 0.218751 0.628901 0.218751 0.613284 0.216797 0.61133 0.216797 0.609376 0.214842 0.607422 0.210933 0.607422 0.208978 0.605468
0 0.064447 0.992184 0.062507 0.994137 0.060553 0.994137 0.058598 0.996091 0.056643 0.996091 0.056643 0.998045 0.054688 0.999999 0.054688 1 0.058598 1 0.060553 1 0.064447 1 0.066402 1 0.076175 1 0.07813 1 0.085934 1 0.087889 1 0.097662 1 0.099603 1 0.101557 1 0.105467 1 0.105467 1 0.107421 1 0.107421 1 0.109376 1 0.109376 1 0.107421 1 0.107421 1 0.105467 1 0.101557 0.998045 0.091799 0.998045 0.089844 0.996091 0.07813 0.996091 0.076175 0.994137 0.066402 0.994137
0 0.464839 0.767579 0.462884 0.769533 0.457034 0.769533 0.457034 0.771486 0.45508 0.77344 0.45508 0.802733 0.457034 0.804687 0.457034 0.806641 0.460944 0.806641 0.462884 0.808595 0.474612 0.808595 0.474612 0.771486 0.470702 0.767579
0 0.37695 0.507806 0.374996 0.50976 0.3711 0.50976 0.369146 0.511714 0.367191 0.511714 0.367191 0.513668 0.365237 0.515621 0.365237 0.52539 0.367191 0.527344 0.367191 0.539067 0.369146 0.54102 0.369146 0.542974 0.3711 0.544928 0.373041 0.544928 0.374996 0.546882 0.382814 0.546882 0.386724 0.542974 0.386724 0.531251 0.384769 0.529297 0.384769 0.517575 0.386724 0.515621 0.386724 0.511714 0.382814 0.507806
0 0 0.748041 0 0.749995 0 0.749995 0 0.75781 0 0.759764 0 0.765625 0 0.767579 0 0.779301 0 0.781255 0 0.789057 0 0.791011 0 0.792964 0 0.794919 0 0.796872 0 0.796872 0 0.798826 0.001956 0.798826 0.007819 0.792964 0.007819 0.785162 0.005865 0.783209 0.005865 0.767579 0.00391 0.765625 0.00391 0.75781 0.001956 0.755856 0.001956 0.753902 0.000001 0.751948 0.000001 0.749995 0 0.749995 0 0.748041
0 0.117181 0.507806 0.11524 0.50976 0.113286 0.50976 0.111331 0.511714 0.111331 0.527344 0.109376 0.529297 0.109376 0.542974 0.113286 0.546882 0.128908 0.546882 0.128908 0.544928 0.130863 0.542974 0.130863 0.511714 0.126954 0.507806
0 0.712895 0.474605 0.71094 0.476559 0.708986 0.476559 0.708986 0.480466 0.707031 0.48242 0.708986 0.484374 0.708986 0.511714 0.71094 0.513668 0.71094 0.517575 0.716804 0.517575 0.718745 0.519529 0.724608 0.519529 0.728518 0.515621 0.730473 0.515621 0.730473 0.478513 0.728518 0.478513 0.724608 0.474605
0 0.693362 0.476559 0.691408 0.478513 0.689453 0.478513 0.687499 0.480466 0.687499 0.48242 0.685544 0.484374 0.685544 0.498051 0.687499 0.500004 0.687499 0.515621 0.691408 0.519529 0.701167 0.519529 0.703121 0.517575 0.705076 0.517575 0.705076 0.515621 0.707031 0.513668 0.707031 0.484374 0.705076 0.48242 0.705076 0.480466 0.703121 0.478513 0.703121 0.476559
0 0.541013 0.617191 0.539059 0.619145 0.535149 0.619145 0.535149 0.621099 0.533209 0.623053 0.533209 0.625006 0.531254 0.626946 0.531254 0.636716 0.533209 0.638669 0.533209 0.650392 0.535149 0.652346 0.535149 0.654299 0.537104 0.656253 0.537104 0.658207 0.544922 0.658207 0.550786 0.652346 0.550786 0.623053 0.548832 0.621099 0.548832 0.619145 0.546877 0.617191
0 0.04102 0.753902 0.039066 0.755856 0.035156 0.755856 0.035156 0.75781 0.033201 0.759764 0.033201 0.761718 0.031247 0.763671 0.031247 0.791011 0.033201 0.792964 0.033201 0.794919 0.037111 0.798826 0.044915 0.798826 0.04687 0.796872 0.050779 0.796872 0.050779 0.789057 0.052734 0.787103 0.052734 0.771486 0.054688 0.769533 0.054688 0.761718 0.052734 0.759764 0.052734 0.75781 0.050779 0.755856 0.042975 0.755856
0 0.062507 0.654299 0.060553 0.656253 0.058598 0.656253 0.058598 0.658207 0.056643 0.660161 0.056643 0.673824 0.058598 0.675778 0.058598 0.689455 0.060553 0.691408 0.060553 0.693362 0.062507 0.693362 0.064447 0.695316 0.070312 0.695316 0.072266 0.693362 0.076175 0.693362 0.080085 0.689455 0.080085 0.677732 0.07813 0.675778 0.07813 0.662115 0.080085 0.660161 0.07813 0.658207 0.07813 0.656253 0.074221 0.656253 0.072266 0.654299
0 0.205083 0.660161 0.203128 0.662115 0.203128 0.664068 0.201174 0.666022 0.201174 0.667963 0.199219 0.669917 0.199219 0.695316 0.201174 0.695316 0.205083 0.699223 0.208978 0.699223 0.210933 0.701177 0.214842 0.701177 0.222661 0.693362 0.222661 0.667963 0.220706 0.666022 0.220706 0.664068 0.218751 0.662115 0.212888 0.662115 0.210933 0.660161
0 0.603519 0.61133 0.601565 0.613284 0.591791 0.613284 0.591791 0.615237 0.589837 0.617191 0.589837 0.654299 0.591791 0.656253 0.591791 0.660161 0.59961 0.660161 0.601565 0.662115 0.603519 0.660161 0.605474 0.660161 0.607429 0.658207 0.609369 0.658207 0.609369 0.617191
0 0.255861 0.511714 0.251952 0.515621 0.251952 0.517575 0.249997 0.519529 0.249997 0.55273 0.253907 0.556637 0.257816 0.556637 0.259771 0.558591 0.263666 0.558591 0.26562 0.556637 0.271484 0.556637 0.271484 0.517575 0.26953 0.515621 0.26953 0.513668 0.267575 0.513668 0.26562 0.511714
0 0.181641 0.609376 0.179687 0.61133 0.177732 0.61133 0.177732 0.613284 0.175777 0.615237 0.175777 0.642577 0.177732 0.644531 0.177732 0.646484 0.181641 0.646484 0.183596 0.648438 0.187505 0.648438 0.191401 0.644531 0.193355 0.644531 0.193355 0.640623 0.19531 0.638669 0.19531 0.613284 0.193355 0.61133 0.18946 0.61133 0.187505 0.609376
0 0.019533 0.503912 0.017579 0.505866 0.015624 0.505866 0.015624 0.507806 0.013669 0.50976 0.013669 0.542974 0.015624 0.544928 0.015624 0.546882 0.021488 0.546882 0.023443 0.548822 0.031247 0.548822 0.033201 0.546882 0.033201 0.544928 0.035156 0.542974 0.035156 0.527344 0.033201 0.52539 0.033201 0.503912
0 0.367191 0.666022 0.365237 0.667963 0.363282 0.667963 0.361327 0.669917 0.361327 0.703131 0.367191 0.708979 0.3711 0.708979 0.373041 0.710933 0.374996 0.708979 0.382814 0.708979 0.384769 0.707025 0.384769 0.705084 0.386724 0.703131 0.386724 0.701177 0.384769 0.699223 0.384769 0.695316 0.382814 0.693362 0.382814 0.683593 0.38086 0.681639 0.38086 0.673824 0.378905 0.67187 0.378905 0.667963 0.374996 0.667963 0.373041 0.666022
0 0.066402 0.898442 0.064447 0.900396 0.060553 0.900396 0.058598 0.902349 0.056643 0.902349 0.056643 0.906244 0.054688 0.908198 0.054688 0.914059 0.056643 0.916013 0.056643 0.917966 0.058598 0.917966 0.062507 0.921874 0.095708 0.921874 0.097662 0.923828 0.101557 0.91992 0.103512 0.91992 0.103512 0.904304 0.101557 0.904304 0.099603 0.902349 0.097662 0.902349 0.095708 0.900396 0.068357 0.900396
0 0.324217 0.662115 0.322263 0.664068 0.318353 0.664068 0.316413 0.666022 0.316413 0.667963 0.314458 0.669917 0.314458 0.697269 0.318353 0.701177 0.318353 0.703131 0.320308 0.705084 0.332036 0.705084 0.332036 0.703131 0.333991 0.701177 0.333991 0.67187 0.332036 0.669917 0.332036 0.667963 0.330081 0.666022 0.330081 0.664068 0.326172 0.664068
0 0.750005 0.582036 0.74805 0.58399 0.746095 0.58399 0.746095 0.587884 0.744141 0.589838 0.744141 0.593746 0.746095 0.595699 0.746095 0.599607 0.74805 0.599607 0.75196 0.603515 0.787115 0.603515 0.792964 0.597653 0.792964 0.593746 0.79101 0.591792 0.79101 0.587884 0.789069 0.585944 0.789069 0.58399 0.787115 0.58399 0.78516 0.582036
0 0.568364 0.478513 0.564455 0.48242 0.560545 0.48242 0.560545 0.500004 0.5625 0.501958 0.5625 0.511714 0.566409 0.515621 0.566409 0.517575 0.568364 0.519529 0.580078 0.519529 0.583987 0.515621 0.583987 0.513668 0.585942 0.511714 0.585942 0.505866 0.583987 0.503912 0.583987 0.492189 0.582032 0.490235 0.582032 0.48242 0.578123 0.478513
0 0.246088 0.755856 0.246088 0.75781 0.244148 0.759764 0.244148 0.761718 0.242193 0.763671 0.242193 0.777348 0.244148 0.779301 0.244148 0.794919 0.249997 0.80078 0.261725 0.80078 0.261725 0.798826 0.263666 0.796872 0.263666 0.792964 0.26562 0.791011 0.26562 0.779301 0.263666 0.777348 0.263666 0.763671 0.261725 0.761718 0.261725 0.759764 0.259771 0.75781 0.255861 0.75781 0.253907 0.755856
0 0.314458 0.093751 0.312504 0.095705 0.308594 0.095705 0.30664 0.097659 0.304685 0.097659 0.30273 0.099613 0.30273 0.10352 0.300776 0.105474 0.300776 0.109381 0.30273 0.111322 0.30273 0.11523 0.304685 0.117183 0.304685 0.123044 0.30664 0.124999 0.30664 0.126952 0.308594 0.126952 0.310549 0.128906 0.312504 0.128906 0.314458 0.13086 0.322263 0.13086 0.328127 0.124999 0.328127 0.121091 0.326172 0.119137 0.326172 0.109381 0.324217 0.107428 0.324217 0.10352 0.322263 0.101566 0.322263 0.099613 0.320308 0.097659 0.318353 0.097659
0 0.179687 0.755856 0.177732 0.75781 0.173823 0.75781 0.171868 0.759764 0.171868 0.761718 0.169928 0.763671 0.169928 0.794919 0.171868 0.796872 0.171868 0.798826 0.173823 0.80078 0.173823 0.802733 0.175777 0.802733 0.177732 0.804687 0.183596 0.804687 0.187505 0.80078 0.18946 0.80078 0.18946 0.798826 0.191401 0.796872 0.191401 0.761718 0.18946 0.759764 0.18946 0.75781 0.185551 0.75781 0.183596 0.755856
0 0.34375 0.666022 0.341795 0.667963 0.341795 0.669917 0.33984 0.67187 0.33984 0.701177 0.341795 0.701177 0.34375 0.703131 0.345704 0.703131 0.347659 0.705084 0.353509 0.705084 0.357418 0.701177 0.359373 0.701177 0.359373 0.669917 0.357418 0.667963 0.357418 0.666022
0 0.396483 0.763671 0.394528 0.765625 0.386724 0.765625 0.386724 0.769533 0.384769 0.771486 0.384769 0.798826 0.386724 0.80078 0.386724 0.804687 0.390619 0.808595 0.400392 0.808595 0.402346 0.810548 0.404301 0.808595 0.404301 0.806641 0.406256 0.804687 0.406256 0.771486 0.404301 0.769533 0.404301 0.767579 0.402346 0.767579 0.400392 0.765625 0.398437 0.765625
0 0.300776 0.613284 0.300776 0.615237 0.298821 0.617191 0.298821 0.619145 0.296881 0.621099 0.296881 0.632808 0.294926 0.634762 0.294926 0.644531 0.298821 0.648438 0.300776 0.648438 0.30273 0.650392 0.30664 0.650392 0.308594 0.652346 0.310549 0.650392 0.312504 0.650392 0.314458 0.648438 0.316413 0.648438 0.316413 0.619145 0.314458 0.617191 0.314458 0.615237 0.312504 0.613284
0 0.085934 0.753902 0.08398 0.755856 0.082025 0.755856 0.082025 0.75781 0.080085 0.759764 0.080085 0.792964 0.082025 0.794919 0.082025 0.798826 0.085934 0.798826 0.087889 0.80078 0.093753 0.80078 0.097662 0.796872 0.097662 0.779301 0.099603 0.777348 0.099603 0.759764 0.093753 0.753902
0 0.085934 0.654299 0.082025 0.658207 0.082025 0.660161 0.080085 0.662115 0.080085 0.675778 0.082025 0.677732 0.082025 0.691408 0.087889 0.697269 0.091799 0.697269 0.093753 0.699223 0.095708 0.697269 0.101557 0.697269 0.101557 0.695316 0.103512 0.693362 0.103512 0.662115 0.097662 0.656253 0.095708 0.656253 0.093753 0.654299
0 0.062507 0.75781 0.056643 0.763671 0.056643 0.769533 0.054688 0.771486 0.054688 0.794919 0.060553 0.80078 0.070312 0.80078 0.076175 0.794919 0.076175 0.763671 0.074221 0.761718 0.074221 0.759764 0.070312 0.759764 0.068357 0.75781
0 0.30273 0.660161 0.300776 0.662115 0.298821 0.662115 0.296881 0.664068 0.296881 0.666022 0.294926 0.667963 0.294926 0.699223 0.296881 0.701177 0.296881 0.703131 0.30664 0.703131 0.308594 0.701177 0.312504 0.701177 0.312504 0.666022 0.308594 0.662115 0.304685 0.662115
0 0.201174 0.75781 0.199219 0.759764 0.199219 0.761718 0.197264 0.763671 0.197264 0.765625 0.19531 0.767579 0.19531 0.779301 0.193355 0.781255 0.193355 0.792964 0.19531 0.794919 0.19531 0.796872 0.197264 0.796872 0.201174 0.80078 0.208978 0.80078 0.210933 0.798826 0.214842 0.798826 0.216797 0.796872 0.216797 0.763671 0.210933 0.75781
0 0.042975 0.654299 0.04102 0.656253 0.039066 0.656253 0.039066 0.658207 0.037111 0.660161 0.037111 0.675778 0.035156 0.677732 0.035156 0.689455 0.037111 0.691408 0.037111 0.693362 0.039066 0.693362 0.04102 0.695316 0.042975 0.695316 0.044915 0.697269 0.04687 0.695316 0.050779 0.695316 0.054688 0.691408 0.054688 0.677732 0.056643 0.675778 0.054688 0.673824 0.054688 0.656253 0.050779 0.656253 0.048825 0.654299
0 0.132818 0.660161 0.128908 0.664068 0.128908 0.693362 0.126954 0.695316 0.126954 0.697269 0.128908 0.699223 0.128908 0.701177 0.130863 0.703131 0.132818 0.703131 0.136713 0.707025 0.138668 0.705084 0.146486 0.705084 0.146486 0.703131 0.148441 0.701177 0.148441 0.666022 0.146486 0.664068 0.146486 0.662115 0.144531 0.662115 0.142577 0.660161
0 0.015624 0.998045 0.011714 1 0.011714 1 0.00976 1 0.00976 1 0.011714 1 0.011714 1 0.015624 1 0.017579 1 0.048825 1 0.052734 1 0.052734 1 0.048825 0.998045
0 0.277348 0.607422 0.277348 0.609376 0.275394 0.61133 0.275394 0.613284 0.273439 0.615237 0.273439 0.626946 0.271484 0.628901 0.271484 0.640623 0.275394 0.644531 0.277348 0.644531 0.281243 0.648438 0.283198 0.646484 0.287107 0.646484 0.291017 0.642577 0.291017 0.613284 0.287107 0.609376 0.283198 0.609376 0.281243 0.607422
0 0 0.501958 0 0.503912 0 0.505866 0 0.507806 0 0.50976 0 0.523436 0 0.52539 0 0.539067 0 0.54102 0 0.542974 0 0.542974 0 0.544928 0 0.544928 0.000001 0.546882 0.005865 0.546882 0.005865 0.544928 0.007819 0.542974 0.007819 0.52539 0.00976 0.523436 0.00976 0.507806 0.007819 0.505866 0.007819 0.503912 0.001956 0.503912 0.000001 0.501958
0 0.564455 0.615237 0.5625 0.617191 0.5625 0.619145 0.558591 0.623053 0.558591 0.636716 0.560545 0.638669 0.560545 0.652346 0.5625 0.654299 0.5625 0.656253 0.564455 0.658207 0.570319 0.658207 0.572259 0.656253 0.578123 0.656253 0.580078 0.654299 0.580078 0.652346 0.582032 0.650392 0.582032 0.636716 0.580078 0.634762 0.580078 0.621099 0.578123 0.619145 0.578123 0.617191 0.576168 0.615237
0 0.230465 0.662115 0.22851 0.664068 0.22851 0.666022 0.226556 0.667963 0.226556 0.701177 0.22851 0.703131 0.22851 0.707025 0.230465 0.707025 0.23242 0.708979 0.238284 0.708979 0.240238 0.710933 0.246088 0.705084 0.246088 0.703131 0.248043 0.701177 0.246088 0.699223 0.246088 0.667963 0.244148 0.666022 0.244148 0.664068 0.242193 0.664068 0.240238 0.662115
0 0.669921 0.476559 0.667966 0.478513 0.667966 0.480466 0.666012 0.48242 0.666012 0.498051 0.667966 0.500004 0.667966 0.515621 0.669921 0.517575 0.669921 0.519529 0.683589 0.519529 0.683589 0.517575 0.685544 0.515621 0.685544 0.500004 0.683589 0.498051 0.683589 0.48242 0.681634 0.480466 0.681634 0.478513 0.671875 0.478513
0 0.179687 0.664068 0.175777 0.667963 0.175777 0.669917 0.173823 0.67187 0.173823 0.697269 0.175777 0.699223 0.175777 0.701177 0.177732 0.703131 0.181641 0.703131 0.183596 0.705084 0.18946 0.705084 0.18946 0.703131 0.191401 0.701177 0.191401 0.685547 0.193355 0.683593 0.193355 0.669917 0.191401 0.667963 0.191401 0.666022 0.18946 0.664068
0 0.070312 0.500004 0.068357 0.501958 0.064447 0.501958 0.064447 0.503912 0.062507 0.505866 0.062507 0.50976 0.060553 0.511714 0.060553 0.542974 0.062507 0.544928 0.062507 0.546882 0.064447 0.548822 0.068357 0.548822 0.070312 0.550776 0.076175 0.550776 0.080085 0.546882 0.082025 0.546882 0.082025 0.544928 0.08398 0.542974 0.08398 0.50976 0.082025 0.507806 0.082025 0.503912 0.080085 0.503912 0.076175 0.500004
0 0.679694 0.679685 0.677739 0.681639 0.67383 0.681639 0.671875 0.683593 0.671875 0.703131 0.67383 0.705084 0.67383 0.716794 0.675785 0.718748 0.675785 0.720701 0.677739 0.722655 0.685544 0.722655 0.687499 0.724609 0.693362 0.718748 0.693362 0.712886 0.691408 0.710933 0.691408 0.703131 0.689453 0.701177 0.689453 0.6875 0.687499 0.685547 0.687499 0.681639 0.685544 0.679685
0 0.41797 0.503912 0.41406 0.507806 0.412106 0.507806 0.412106 0.542974 0.41797 0.548822 0.425788 0.548822 0.427729 0.546882 0.431638 0.546882 0.431638 0.542974 0.433593 0.54102 0.433593 0.52539 0.431638 0.523436 0.431638 0.50976 0.429683 0.507806 0.429683 0.505866 0.423833 0.505866 0.421879 0.503912
0 0.369146 0.613284 0.367191 0.615237 0.367191 0.617191 0.365237 0.619145 0.365237 0.652346 0.367191 0.654299 0.367191 0.656253 0.3711 0.656253 0.373041 0.658207 0.37695 0.658207 0.378905 0.656253 0.382814 0.656253 0.386724 0.652346 0.386724 0.636716 0.384769 0.634762 0.384769 0.617191 0.382814 0.615237 0.378905 0.615237 0.37695 0.613284
0 0.789069 0.603515 0.787115 0.605468 0.75196 0.605468 0.750005 0.607422 0.750005 0.609376 0.74805 0.61133 0.74805 0.619145 0.75196 0.623053 0.787115 0.623053 0.792964 0.617191 0.792964 0.609376 0.79101 0.607422 0.79101 0.605468
0 0.642584 0.478513 0.638674 0.48242 0.638674 0.494143 0.640629 0.496097 0.640629 0.501958 0.642584 0.503912 0.642584 0.50976 0.644525 0.511714 0.644525 0.513668 0.648434 0.517575 0.648434 0.519529 0.650388 0.521482 0.652343 0.519529 0.658207 0.519529 0.660161 0.517575 0.664057 0.517575 0.664057 0.50976 0.662116 0.507806 0.662116 0.503912 0.660161 0.501958 0.660161 0.498051 0.658207 0.496097 0.658207 0.490235 0.656252 0.488282 0.656252 0.484374 0.654298 0.48242 0.654298 0.480466 0.650388 0.480466 0.648434 0.478513
0 0.591791 0.474605 0.589837 0.476559 0.585942 0.476559 0.585942 0.480466 0.583987 0.48242 0.583987 0.490235 0.585942 0.492189 0.585942 0.500004 0.587896 0.501958 0.587896 0.50976 0.589837 0.511714 0.589837 0.515621 0.595701 0.521482 0.603519 0.521482 0.609369 0.515621 0.609369 0.507806 0.607429 0.505866 0.607429 0.490235 0.605474 0.488282 0.605474 0.480466 0.603519 0.480466 0.59961 0.476559 0.593746 0.476559