0 0.800774 0.744139 0.79688 0.748049 0.79688 0.755858 0.808591 0.767576 0.814453 0.767576 0.818361 0.763676 0.818361 0.755858 0.812499 0.750003 0.812499 0.748049 0.808591 0.744139
0 0.035157 0.16992 0.035157 0.171875 0.033203 0.173829 0.033203 0.191401 0.035157 0.191401 0.037112 0.193356 0.039066 0.191401 0.039066 0.189456 0.04102 0.187502 0.04102 0.179683 0.042974 0.177739 0.042974 0.171875 0.04102 0.171875 0.039066 0.16992
0 0.839842 0.107421 0.835934 0.111331 0.835934 0.113285 0.83398 0.11523 0.83398 0.117184 0.837888 0.121094 0.839842 0.119139 0.855475 0.119139 0.859369 0.11523 0.859369 0.111331 0.855475 0.107421
0 0.738285 0.173829 0.736331 0.175784 0.722652 0.175784 0.718744 0.179683 0.71679 0.179683 0.718744 0.181638 0.718744 0.183593 0.720698 0.185547 0.720698 0.187502 0.722652 0.185547 0.740239 0.185547 0.740239 0.183593 0.742193 0.181638 0.742193 0.177739
0 0.804683 0.107421 0.802728 0.109376 0.802728 0.111331 0.800774 0.113285 0.800774 0.11523 0.802728 0.11523 0.806637 0.119139 0.820315 0.119139 0.82227 0.121094 0.826178 0.117184 0.826178 0.111331 0.82227 0.107421
0 0.728515 0.402344 0.72656 0.404299 0.722652 0.404299 0.720698 0.406254 0.71485 0.406254 0.712896 0.408199 0.708988 0.408199 0.707034 0.410153 0.703125 0.410153 0.701171 0.412108 0.695309 0.412108 0.693355 0.414062 0.689446 0.414062 0.687506 0.416017 0.685552 0.416017 0.685552 0.419926 0.687506 0.421871 0.687506 0.427735 0.693355 0.427735 0.695309 0.42969 0.697263 0.427735 0.703125 0.427735 0.705079 0.42578 0.710942 0.42578 0.712896 0.423826 0.718744 0.423826 0.720698 0.421871 0.72656 0.421871 0.728515 0.419926 0.734377 0.419926 0.734377 0.416017 0.736331 0.414062 0.736331 0.410153 0.734377 0.408199 0.734377 0.404299 0.730469 0.404299
0 0.652346 0.447262 0.652346 0.451171 0.650392 0.453126 0.650392 0.45898 0.648438 0.460934 0.648438 0.466798 0.646484 0.468753 0.646484 0.472652 0.648438 0.474607 0.648438 0.478516 0.654301 0.478516 0.656255 0.480471 0.658209 0.478516 0.658209 0.476562 0.660163 0.474607 0.660163 0.468753 0.662103 0.466798 0.662103 0.457035 0.664057 0.45508 0.664057 0.451171 0.662103 0.449216 0.662103 0.447262
0 0.900392 0.664059 0.898438 0.666013 0.89453 0.666013 0.89453 0.671877 0.896483 0.673832 0.896483 0.675777 0.898438 0.677731 0.898438 0.679686 0.912102 0.679686 0.914057 0.681641 0.91601 0.679686 0.919919 0.679686 0.919919 0.671877 0.917965 0.669923 0.917965 0.667968 0.910162 0.667968 0.908208 0.666013 0.902346 0.666013
0 0 0.37109 0 0.373044 0 0.373044 0 0.374999 0 0.382808 0 0.384763 0 0.386717 0 0.386717 0 0.388672 0.011722 0.388672 0.013676 0.390626 0.01563 0.388672 0.017585 0.388672 0.017585 0.386717 0.019525 0.384763 0.019525 0.376954 0.01563 0.373044 0 0.373044
0 0.664057 0.181638 0.660163 0.185547 0.658209 0.185547 0.658209 0.187502 0.660163 0.189456 0.660163 0.193356 0.671873 0.205074 0.677736 0.205074 0.67969 0.203129 0.67969 0.201174 0.681644 0.19922 0.681644 0.195311 0.667965 0.181638
0 0.591797 0.218747 0.587889 0.222656 0.587889 0.226565 0.585935 0.22852 0.585935 0.230464 0.587889 0.232419 0.587889 0.234374 0.593751 0.234374 0.595706 0.236328 0.601568 0.236328 0.603522 0.238283 0.60937 0.238283 0.611324 0.240238 0.615232 0.240238 0.617187 0.242192 0.619141 0.242192 0.621095 0.244137 0.625003 0.240238 0.626957 0.240238 0.626957 0.238283 0.628911 0.236328 0.628911 0.232419 0.626957 0.230464 0.626957 0.226565 0.621095 0.226565 0.619141 0.224611 0.611324 0.224611 0.60937 0.222656 0.603522 0.222656 0.601568 0.220701 0.593751 0.220701
0 0 0.417972 0 0.421871 0 0.421871 0 0.427735 0 0.42969 0 0.431644 0 0.433589 0 0.433589 0.001952 0.435544 0.003906 0.433589 0.007814 0.433589 0.009768 0.431644 0.009768 0.42969 0.011722 0.427735 0.011722 0.42578 0.007814 0.421871 0 0.421871 0 0.419926 0 0.419926
7 0.91601 0.130857 0.908208 0.138675 0.908208 0.14062 0.892575 0.156248 0.892575 0.158202 0.876956 0.173829 0.876956 0.175784 0.861324 0.191401 0.861324 0.193356 0.845705 0.208983 0.845705 0.210938 0.837888 0.218747 0.83398 0.218747 0.832026 0.216792 0.828132 0.216792 0.826178 0.214847 0.818361 0.214847 0.816407 0.212893 0.808591 0.212893 0.806637 0.210938 0.806637 0.218747 0.804683 0.220701 0.804683 0.226565 0.810545 0.226565 0.812499 0.22852 0.816407 0.22852 0.818361 0.230464 0.820315 0.230464 0.82227 0.232419 0.826178 0.232419 0.828132 0.234374 0.824224 0.238283 0.824224 0.240238 0.814453 0.250001 0.814453 0.251956 0.808591 0.25781 0.800774 0.25781 0.798834 0.255855 0.789064 0.255855 0.78711 0.253911 0.779293 0.253911 0.777339 0.251956 0.767583 0.251956 0.765629 0.250001 0.757812 0.250001 0.755858 0.248047 0.748042 0.248047 0.746087 0.246092 0.736331 0.246092 0.734377 0.244137 0.72656 0.244137 0.724606 0.242192 0.71679 0.242192 0.71485 0.240238 0.705079 0.240238 0.703125 0.238283 0.695309 0.238283 0.693355 0.236328 0.683598 0.236328 0.681644 0.234374 0.673828 0.234374 0.671873 0.232419 0.64453 0.232419 0.642576 0.234374 0.638668 0.234374 0.636714 0.236328 0.63282 0.236328 0.63282 0.244137 0.636714 0.248047 0.636714 0.250001 0.638668 0.251956 0.640622 0.251956 0.642576 0.253911 0.646484 0.253911 0.648438 0.255855 0.650392 0.255855 0.652346 0.25781 0.654301 0.25781 0.656255 0.259764 0.664057 0.259764 0.666011 0.261719 0.673828 0.261719 0.675782 0.263674 0.683598 0.263674 0.685552 0.265628 0.693355 0.265628 0.695309 0.267583 0.703125 0.267583 0.705079 0.269528 0.712896 0.269528 0.71485 0.271482 0.724606 0.271482 0.72656 0.273437 0.734377 0.273437 0.736331 0.275392 0.744148 0.275392 0.746087 0.277346 0.753904 0.277346 0.755858 0.279301 0.763674 0.279301 0.765629 0.281246 0.773431 0.281246 0.775385 0.2832 0.783201 0.2832 0.785156 0.285155 0.792972 0.285155 0.794926 0.28711 0.798834 0.28711 0.800774 0.289064 0.802728 0.289064 0.804683 0.291019 0.804683 0.292974 0.806637 0.294918 0.806637 0.300782 0.808591 0.302737 0.808591 0.306636 0.810545 0.308591 0.810545 0.310546 0.812499 0.3125 0.812499 0.314455 0.810545 0.31641 0.78711 0.31641 0.781247 0.322263 0.781247 0.332027 0.792972 0.332027 0.794926 0.333981 0.800774 0.333981 0.802728 0.335936 0.806637 0.335936 0.808591 0.337891 0.814453 0.337891 0.816407 0.339845 0.816407 0.3418 0.818361 0.343755 0.818361 0.3457 0.820315 0.347654 0.820315 0.349609 0.82227 0.351563 0.82227 0.353518 0.824224 0.355473 0.824224 0.357417 0.826178 0.359372 0.826178 0.361327 0.828132 0.363281 0.828132 0.367191 0.830072 0.369145 0.830072 0.37109 0.832026 0.373044 0.832026 0.374999 0.83398 0.376954 0.83398 0.380863 0.835934 0.382808 0.835934 0.384763 0.837888 0.386717 0.837888 0.390626 0.839842 0.392581 0.839842 0.394536 0.841797 0.396481 0.841797 0.40039 0.843751 0.402344 0.843751 0.404299 0.845705 0.406254 0.845705 0.410153 0.847659 0.412108 0.847659 0.414062 0.849613 0.416017 0.849613 0.417972 0.851567 0.419926 0.851567 0.423826 0.853521 0.42578 0.853521 0.427735 0.855475 0.42969 0.855475 0.433589 0.857415 0.435544 0.857415 0.437498 0.859369 0.439453 0.859369 0.441407 0.861324 0.443362 0.861324 0.445317 0.863278 0.447262 0.865232 0.445317 0.865232 0.443362 0.86914 0.439453 0.86914 0.431644 0.867186 0.42969 0.867186 0.390626 0.865232 0.388672 0.865232 0.31641 0.867186 0.314455 0.867186 0.304691 0.86914 0.302737 0.86914 0.300782 0.871094 0.298827 0.878911 0.298827 0.880865 0.300782 0.890621 0.300782 0.892575 0.302737 0.900392 0.302737 0.902346 0.304691 0.912102 0.304691 0.914057 0.306636 0.923827 0.306636 0.925781 0.308591 0.935552 0.308591 0.937506 0.310546 0.947262 0.310546 0.949216 0.3125 0.958987 0.3125 0.960941 0.314455 0.968743 0.314455 0.970697 0.31641 0.980468 0.31641 0.982422 0.318364 0.992193 0.318364 0.994147 0.320309 1 0.320309 1 0.322263 1 0.322263 1 0.324218 1 0.324218 1 0.326173 1 0.328127 1 0.330082 1 0.332027 1 0.333981 1 0.335936 1 0.337891 1 0.339845 1 0.3418 1 0.343755 1 0.3457 1 0.347654 1 0.349609 1 0.353518 1 0.355473 1 0.357417 1 0.359372 1 0.361327 1 0.363281 1 0.365236 1 0.367191 1 0.369145 1 0.37109 1 0.373044 1 0.374999 1 0.376954 1 0.376954 1 0.378908 1 0.376954 1 0.376954 1 0.353518 1 0.351563 1 0.324218 1 0.322263 1 0.322263 1 0.31641 1 0.31641 1 0.314455 1 0.300782 1 0.298827 1 0.296873 1 0.294918 1 0.292974 1 0.291019 1 0.289064 1 0.28711 1 0.285155 1 0.2832 1 0.279301 1 0.277346 1 0.275392 1 0.273437 1 0.271482 1 0.269528 1 0.267583 1 0.265628 1 0.263674 1 0.261719 1 0.259764 1 0.259764 1 0.25781 1 0.259764 1 0.259764 1 0.269528 1 0.269528 1 0.279301 1 0.279301 1 0.28711 1 0.28711 1 0.292974 1 0.292974 1 0.294918 1 0.294918 1 0.292974 0.996087 0.292974 0.994147 0.291019 0.98633 0.291019 0.984376 0.289064 0.974606 0.289064 0.972652 0.28711 0.964849 0.28711 0.962895 0.285155 0.955079 0.285155 0.953125 0.2832 0.945308 0.2832 0.943354 0.281246 0.935552 0.281246 0.933598 0.279301 0.925781 0.279301 0.923827 0.277346 0.914057 0.277346 0.912102 0.275392 0.9043 0.275392 0.902346 0.273437 0.89453 0.273437 0.892575 0.271482 0.884759 0.271482 0.876956 0.263674 0.876956 0.250001 0.878911 0.248047 0.878911 0.234374 0.880865 0.232419 0.880865 0.22852 0.882819 0.226565 0.882819 0.222656 0.884759 0.220701 0.884759 0.218747 0.886713 0.216792 0.886713 0.212893 0.888667 0.210938 0.888667 0.207029 0.890621 0.205074 0.890621 0.203129 0.892575 0.201174 0.892575 0.19922 0.89453 0.197265 0.89453 0.195311 0.896483 0.193356 0.896483 0.191401 0.898438 0.189456 0.898438 0.187502 0.900392 0.185547 0.900392 0.183593 0.902346 0.181638 0.902346 0.179683 0.9043 0.177739 0.9043 0.175784 0.906254 0.173829 0.906254 0.171875 0.908208 0.16992 0.908208 0.167965 0.910162 0.166011 0.910162 0.164066 0.912102 0.162112 0.912102 0.160157 0.914057 0.158202 0.914057 0.156248 0.91601 0.154293 0.91601 0.152348 0.917965 0.150394 0.917965 0.148439 0.919919 0.146484 0.919919 0.14453 0.921873 0.142575 0.921873 0.14062 0.923827 0.138675 0.923827 0.136721 0.925781 0.134766 0.925781 0.130857
1 0.863278 0.623051 0.861324 0.624995 0.861324 0.62695 0.859369 0.628905 0.859369 0.638668 0.861324 0.638668 0.865232 0.642577 0.892575 0.642577 0.89453 0.644532 0.919919 0.644532 0.921873 0.646487 0.949216 0.646487 0.95117 0.648441 0.957033 0.642577 0.957033 0.632814 0.955079 0.632814 0.953125 0.630859 0.95117 0.630859 0.949216 0.628905 0.921873 0.628905 0.919919 0.62695 0.89453 0.62695 0.892575 0.624995 0.865232 0.624995
0 0.673828 0.716794 0.669919 0.720704 0.667965 0.720704 0.667965 0.726558 0.671873 0.730467 0.67969 0.730467 0.681644 0.732422 0.689446 0.732422 0.6914 0.734376 0.693355 0.732422 0.695309 0.732422 0.695309 0.724613 0.6914 0.720704 0.683598 0.720704 0.681644 0.718749 0.675782 0.718749
0 0.667965 0.76953 0.666011 0.771485 0.664057 0.771485 0.664057 0.773439 0.662103 0.775394 0.662103 0.777339 0.664057 0.779294 0.664057 0.781248 0.671873 0.781248 0.673828 0.779294 0.677736 0.779294 0.677736 0.775394 0.675782 0.773439 0.675782 0.771485 0.669919 0.771485
0 0.578118 0.703122 0.576179 0.705076 0.574224 0.705076 0.574224 0.712895 0.578118 0.716794 0.585935 0.716794 0.587889 0.71484 0.589843 0.71484 0.589843 0.712895 0.591797 0.71094 0.589843 0.708986 0.589843 0.707031 0.587889 0.705076 0.580073 0.705076
0 0.964849 0.236328 0.962895 0.238283 0.962895 0.240238 0.960941 0.242192 0.960941 0.250001 0.962895 0.251956 0.962895 0.259764 0.964849 0.259764 0.966803 0.261719 0.968743 0.259764 0.972652 0.259764 0.974606 0.25781 0.974606 0.242192 0.972652 0.240238 0.972652 0.238283 0.970697 0.236328
0 0.080074 0.373044 0.07812 0.374999 0.074226 0.374999 0.074226 0.384763 0.076166 0.386717 0.076166 0.388672 0.082028 0.388672 0.083982 0.390626 0.091799 0.390626 0.093753 0.392581 0.099615 0.392581 0.101569 0.394536 0.107417 0.394536 0.109371 0.396481 0.11328 0.392581 0.11328 0.388672 0.115234 0.386717 0.115234 0.382808 0.11328 0.380863 0.11328 0.378908 0.103509 0.378908 0.101569 0.376954 0.093753 0.376954 0.091799 0.374999 0.082028 0.374999
0 0.056639 0.531252 0.05273 0.535161 0.05273 0.541015 0.056639 0.544924 0.070317 0.544924 0.072272 0.546879 0.072272 0.544924 0.074226 0.54297 0.074226 0.53906 0.076166 0.537106 0.072272 0.533206 0.058593 0.533206
0 0.107417 0.185547 0.105463 0.187502 0.101569 0.187502 0.101569 0.189456 0.099615 0.191401 0.099615 0.193356 0.101569 0.195311 0.101569 0.197265 0.103509 0.19922 0.105463 0.19922 0.107417 0.201174 0.109371 0.201174 0.111326 0.203129 0.119142 0.203129 0.121096 0.205074 0.130852 0.205074 0.132807 0.207029 0.140623 0.207029 0.142577 0.208983 0.144531 0.207029 0.144531 0.205074 0.146485 0.203129 0.146485 0.201174 0.14844 0.19922 0.14844 0.197265 0.146485 0.195311 0.146485 0.193356 0.144531 0.191401 0.130852 0.191401 0.128913 0.189456 0.115234 0.189456 0.11328 0.187502 0.109371 0.187502
0 0 0.392581 0 0.394536 0 0.394536 0 0.396481 0 0.40039 0 0.402344 0 0.406254 0 0.408199 0 0.410153 0 0.410153 0 0.412108 0.009768 0.412108 0.011722 0.414062 0.013676 0.412108 0.01563 0.412108 0.01563 0.410153 0.017585 0.408199 0.017585 0.406254 0.019525 0.404299 0.019525 0.40039 0.01563 0.396481 0.003906 0.396481 0.001952 0.394536 0 0.394536
0 0.9414 0.208983 0.9414 0.210938 0.93946 0.212893 0.93946 0.214847 0.9414 0.216792 0.9414 0.218747 0.947262 0.218747 0.949216 0.220701 0.955079 0.220701 0.957033 0.222656 0.958987 0.220701 0.960941 0.220701 0.960941 0.218747 0.962895 0.216792 0.962895 0.210938 0.947262 0.210938 0.945308 0.208983
0 0.076166 0.523433 0.072272 0.527343 0.072272 0.531252 0.076166 0.535161 0.085936 0.535161 0.08789 0.537106 0.091799 0.533206 0.091799 0.531252 0.093753 0.529297 0.091799 0.527343 0.091799 0.525388 0.07812 0.525388
0 0.660163 0.732422 0.658209 0.734376 0.654301 0.734376 0.654301 0.736331 0.652346 0.738286 0.652346 0.74023 0.650392 0.742185 0.650392 0.744139 0.648438 0.746094 0.648438 0.748049 0.646484 0.750003 0.646484 0.755858 0.652346 0.755858 0.654301 0.757812 0.660163 0.751948 0.660163 0.750003 0.664057 0.746094 0.664057 0.744139 0.666011 0.742185 0.666011 0.74023 0.664057 0.738286 0.664057 0.736331
0 0.556637 0.712895 0.556637 0.71484 0.554683 0.716794 0.554683 0.722658 0.552729 0.724613 0.552729 0.730467 0.556637 0.734376 0.5625 0.734376 0.564454 0.732422 0.564454 0.730467 0.566408 0.728512 0.566408 0.724613 0.564454 0.722658 0.564454 0.716794 0.5625 0.71484 0.5625 0.712895
0 0.701171 0.185547 0.697263 0.189456 0.697263 0.191401 0.6914 0.197265 0.6914 0.203129 0.697263 0.208983 0.701171 0.205074 0.703125 0.205074 0.707034 0.201174 0.707034 0.19922 0.710942 0.195311 0.710942 0.189456 0.707034 0.185547
0 0.107417 0.212893 0.105463 0.214847 0.101569 0.214847 0.101569 0.222656 0.103509 0.224611 0.103509 0.226565 0.105463 0.226565 0.107417 0.22852 0.109371 0.22852 0.111326 0.230464 0.119142 0.230464 0.121096 0.232419 0.132807 0.232419 0.134761 0.234374 0.136715 0.232419 0.140623 0.232419 0.140623 0.230464 0.142577 0.22852 0.142577 0.222656 0.140623 0.220701 0.140623 0.218747 0.125004 0.218747 0.12305 0.216792 0.117188 0.216792 0.115234 0.214847 0.109371 0.214847
7 0.79688 0.689449 0.794926 0.691404 0.789064 0.691404 0.783201 0.697268 0.783201 0.699222 0.771491 0.71094 0.771491 0.712895 0.757812 0.726558 0.757812 0.728512 0.746087 0.74023 0.746087 0.742185 0.732423 0.755858 0.732423 0.757812 0.72656 0.763676 0.724606 0.763676 0.720698 0.759767 0.718744 0.759767 0.71679 0.757812 0.707034 0.757812 0.705079 0.755858 0.703125 0.757812 0.697263 0.757812 0.693355 0.761722 0.693355 0.767576 0.695309 0.767576 0.699217 0.771485 0.701171 0.771485 0.703125 0.773439 0.705079 0.773439 0.707034 0.775394 0.71485 0.775394 0.71679 0.777339 0.710942 0.783203 0.710942 0.785157 0.703125 0.792966 0.697263 0.792966 0.695309 0.791011 0.687506 0.791011 0.685552 0.789067 0.67969 0.789067 0.677736 0.787112 0.671873 0.787112 0.669919 0.785157 0.662103 0.785157 0.660163 0.783203 0.654301 0.783203 0.652346 0.781248 0.636714 0.781248 0.634759 0.779294 0.621095 0.779294 0.619141 0.777339 0.617187 0.779294 0.613278 0.779294 0.611324 0.781248 0.605462 0.781248 0.603522 0.783203 0.603522 0.785157 0.601568 0.787112 0.601568 0.789067 0.599614 0.791011 0.603522 0.794921 0.605462 0.794921 0.60937 0.79883 0.611324 0.79883 0.615232 0.802739 0.617187 0.802739 0.621095 0.806639 0.623049 0.806639 0.626957 0.810548 0.63282 0.810548 0.634759 0.812503 0.642576 0.812503 0.64453 0.814457 0.650392 0.814457 0.652346 0.816402 0.667965 0.816402 0.669919 0.818357 0.685552 0.818357 0.695309 0.82813 0.695309 0.830075 0.697263 0.832029 0.697263 0.835938 0.699217 0.837893 0.699217 0.839848 0.697263 0.841793 0.687506 0.841793 0.685552 0.843747 0.683598 0.843747 0.681644 0.845702 0.675782 0.845702 0.675782 0.859375 0.677736 0.859375 0.67969 0.861329 0.681644 0.861329 0.683598 0.863284 0.687506 0.863284 0.689446 0.865238 0.6914 0.865238 0.693355 0.867183 0.707034 0.867183 0.708988 0.869138 0.708988 0.871092 0.710942 0.873047 0.710942 0.878911 0.712896 0.880856 0.712896 0.88672 0.71485 0.888674 0.71485 0.892574 0.71679 0.894528 0.71679 0.900392 0.718744 0.902347 0.718744 0.906246 0.720698 0.908201 0.720698 0.914065 0.722652 0.916019 0.722652 0.921874 0.724606 0.923828 0.724606 0.927737 0.72656 0.929692 0.72656 0.933591 0.728515 0.935546 0.728515 0.937501 0.730469 0.939455 0.730469 0.943355 0.732423 0.94531 0.732423 0.949219 0.734377 0.951173 0.734377 0.953128 0.738285 0.957027 0.738285 0.958982 0.740239 0.960937 0.742193 0.958982 0.746087 0.958982 0.746087 0.943355 0.744148 0.94141 0.744148 0.931637 0.742193 0.929692 0.742193 0.908201 0.740239 0.906246 0.740239 0.849611 0.742193 0.847656 0.742193 0.837893 0.744148 0.835938 0.749996 0.835938 0.75195 0.837893 0.76172 0.837893 0.763674 0.839848 0.771491 0.839848 0.773431 0.841793 0.781247 0.841793 0.783201 0.843747 0.791018 0.843747 0.792972 0.845702 0.800774 0.845702 0.802728 0.847656 0.810545 0.847656 0.812499 0.849611 0.820315 0.849611 0.82227 0.851566 0.839842 0.851566 0.841797 0.85352 0.857415 0.85352 0.859369 0.855465 0.859369 0.85742 0.861324 0.859375 0.861324 0.863284 0.863278 0.865238 0.863278 0.869138 0.865232 0.871092 0.865232 0.876956 0.867186 0.878911 0.867186 0.88281 0.86914 0.884765 0.86914 0.888674 0.871094 0.890629 0.871094 0.892574 0.876956 0.898438 0.882819 0.898438 0.882819 0.85742 0.884759 0.855465 0.900392 0.855465 0.900392 0.851566 0.896483 0.851566 0.89453 0.849611 0.892575 0.849611 0.890621 0.847656 0.886713 0.847656 0.884759 0.845702 0.884759 0.843747 0.886713 0.841793 0.886713 0.839848 0.888667 0.837893 0.888667 0.835938 0.890621 0.833984 0.890621 0.830075 0.892575 0.82813 0.892575 0.826175 0.89453 0.824221 0.89453 0.822266 0.896483 0.820311 0.896483 0.818357 0.898438 0.816402 0.898438 0.812503 0.900392 0.810548 0.900392 0.808594 0.902346 0.806639 0.902346 0.804684 0.9043 0.802739 0.9043 0.800785 0.898438 0.800785 0.896483 0.79883 0.892575 0.802739 0.890621 0.802739 0.875002 0.818357 0.875002 0.820311 0.861324 0.833984 0.857415 0.833984 0.855475 0.832029 0.849613 0.832029 0.847659 0.830075 0.843751 0.830075 0.841797 0.82813 0.837888 0.82813 0.835934 0.826175 0.830072 0.826175 0.828132 0.824221 0.824224 0.824221 0.82227 0.822266 0.818361 0.822266 0.816407 0.820311 0.810545 0.820311 0.808591 0.818357 0.804683 0.818357 0.802728 0.816402 0.79688 0.816402 0.794926 0.814457 0.791018 0.814457 0.789064 0.812503 0.785156 0.812503 0.783201 0.810548 0.777339 0.810548 0.775385 0.808594 0.771491 0.808594 0.769537 0.806639 0.765629 0.806639 0.763674 0.804684 0.757812 0.804684 0.755858 0.802739 0.75195 0.802739 0.749996 0.800785 0.749996 0.79883 0.75195 0.796875 0.75195 0.791011 0.753904 0.789067 0.753904 0.783203 0.755858 0.781248 0.755858 0.777339 0.757812 0.775394 0.757812 0.773439 0.759766 0.771485 0.759766 0.76953 0.76172 0.767576 0.76172 0.765621 0.763674 0.763676 0.763674 0.761722 0.765629 0.759767 0.765629 0.757812 0.767583 0.755858 0.767583 0.753903 0.769537 0.751948 0.769537 0.750003 0.773431 0.746094 0.773431 0.744139 0.777339 0.74023 0.777339 0.738286 0.779293 0.736331 0.779293 0.734376 0.783201 0.730467 0.783201 0.728512 0.78711 0.724613 0.78711 0.722658 0.791018 0.718749 0.791018 0.716794 0.794926 0.712895 0.794926 0.71094 0.79688 0.708986 0.79688 0.707031 0.800774 0.703122 0.800774 0.701167 0.802728 0.699222 0.802728 0.697268 0.804683 0.695313 0.804683 0.693358 0.806637 0.691404 0.798834 0.691404
7 0 0.251956 0 0.25781 0 0.259764 0 0.271482 0 0.273437 0 0.28711 0 0.289064 0 0.300782 0 0.302737 0 0.314455 0 0.31641 0 0.330082 0 0.332027 0 0.343755 0 0.3457 0 0.357417 0 0.359372 0 0.373044 0 0.374999 0 0.433589 0 0.435544 0 0.445317 0 0.447262 0 0.457035 0 0.45898 0 0.466798 0 0.468753 0 0.470707 0 0.472652 0 0.474607 0 0.476562 0 0.476562 0 0.474607 0 0.474607 0 0.472652 0 0.472652 0 0.470707 0 0.470707 0 0.468753 0 0.468753 0 0.466798 0 0.466798 0 0.464844 0 0.464844 0 0.462889 0 0.462889 0 0.460934 0 0.460934 0 0.45898 0 0.45898 0 0.457035 0 0.457035 0 0.45508 0 0.45508 0 0.451171 0 0.449216 0 0.447262 0 0.445317 0 0.443362 0 0.441407 0 0.439453 0 0.437498 0 0.435544 0 0.433589 0 0.431644 0 0.42969 0 0.427735 0 0.42578 0 0.423826 0 0.421871 0 0.419926 0 0.417972 0 0.416017 0 0.414062 0 0.412108 0 0.410153 0 0.408199 0 0.406254 0 0.404299 0 0.402344 0 0.40039 0 0.398435 0 0.396481 0 0.394536 0 0.392581 0 0.390626 0 0.388672 0 0.386717 0 0.384763 0 0.382808 0 0.380863 0 0.378908 0 0.369145 0 0.37109 0 0.37109 0 0.374999 0 0.376954 0 0.388672 0 0.390626 0 0.406254 0 0.408199 0 0.42578 0 0.427735 0 0.443362 0 0.445317 0 0.451171 0 0.453126 0 0.453126 0 0.45508 0 0.45508 0 0.460934 0 0.460934 0 0.464844 0 0.464844 0 0.468753 0 0.470707 0 0.472652 0 0.476562 0 0.478516 0 0.482425 0 0.48437 0 0.488279 0 0.490234 0 0.494143 0 0.496098 0 0.499997 0 0.501952 0 0.505861 0 0.507816 0 0.511715 0 0.51367 0 0.517579 0 0.519534 0 0.523433 0 0.525388 0 0.527343 0 0.529297 0 0.533206 0 0.535161 0 0.537106 0 0.544924 0 0.544924 0 0.541015 0 0.541015 0 0.537106 0 0.537106 0 0.529297 0 0.529297 0 0.523433 0 0.523433 0 0.517579 0 0.517579 0 0.50977 0 0.50977 0 0.503907 0 0.503907 0 0.498043 0 0.498043 0 0.490234 0 0.490234 0 0.488279 0 0.488279 0 0.490234 0 0.490234 0 0.492189 0 0.492189 0 0.494143 0 0.494143 0 0.496098 0 0.496098 0 0.498043 0 0.498043 0 0.499997 0 0.499997 0 0.501952 0 0.501952 0 0.503907 0 0.503907 0 0.505861 0 0.505861 0 0.507816 0 0.507816 0 0.50977 0 0.50977 0 0.511715 0 0.511715 0 0.51367 0 0.51367 0 0.515625 0 0.515625 0 0.517579 0 0.517579 0 0.519534 0 0.519534 0 0.521489 0 0.521489 0 0.523433 0 0.523433 0 0.525388 0 0.525388 0 0.527343 0 0.556643 0 0.558597 0 0.564451 0 0.566406 0 0.570315 0 0.57227 0 0.576169 0 0.578124 0 0.583987 0 0.585942 0 0.587887 0 0.589842 0 0.591796 0 0.593751 0 0.595706 0 0.59766 0 0.599605 0 0.60156 0 0.603514 0 0.605469 0 0.607424 0 0.609378 0 0.611333 0 0.613278 0 0.615232 0 0.617187 0 0.619142 0 0.621096 0 0.623051 0 0.624995 0 0.62695 0 0.628905 0 0.630859 0 0.634769 0 0.636723 0 0.640623 0 0.642577 0 0.646487 0 0.648441 0 0.650386 0 0.652341 0 0.65625 0 0.658205 0 0.662114 0 0.664059 0 0.667968 0 0.669923 0 0.673832 0 0.675777 0 0.679686 0 0.681641 0 0.68555 0 0.687505 0 0.689449 0 0.691404 0 0.695313 0 0.697268 0 0.701167 0 0.703122 0 0.707031 0 0.708986 0 0.71484 0 0.716794 0 0.720704 0 0.722658 0 0.728512 0 0.730467 0 0.732422 0 0.732422 0 0.734376 0 0.734376 0 0.736331 0 0.736331 0 0.71094 0 0.71094 0 0.681641 0 0.681641 0 0.632814 0 0.632814 0 0.60156 0 0.60156 0 0.603514 0 0.607424 0 0.609378 0 0.609378 0 0.613278 0 0.613278 0 0.617187 0 0.615232 0 0.615232 0 0.613278 0 0.613278 0 0.611333 0 0.611333 0 0.609378 0 0.607424 0 0.603514 0 0.59766 0 0.59766 0 0.593751 0 0.593751 0 0.589842 0 0.589842 0 0.587887 0 0.587887 0 0.585942 0 0.550779 0 0.550779 0 0.552733 0 0.552733 0 0.554688 0 0.554688 0 0.556643 0 0.556643 0 0.558597 0 0.558597 0 0.560551 0 0.560551 0 0.562496 0 0.562496 0 0.564451 0 0.564451 0 0.566406 0 0.566406 0 0.56836 0 0.56836 0 0.570315 0 0.570315 0 0.57227 0 0.57227 0 0.574214 0 0.574214 0 0.576169 0 0.576169 0 0.574214 0 0.574214 0 0.57227 0 0.57227 0 0.570315 0 0.570315 0 0.57227 0 0.57227 0 0.574214 0 0.574214 0 0.576169 0.003906 0.576169 0.00586 0.578124 0.019525 0.578124 0.021479 0.580078 0.025387 0.576169 0.025387 0.57227 0.023433 0.570315 0.023433 0.566406 0.01563 0.566406 0.013676 0.564451 0.007814 0.564451 0.00586 0.562496 0 0.562496 0 0.560551 0 0.560551 0 0.558597 0 0.558597 0 0.556643 0 0.556643 0 0.552733 0 0.552733 0 0.550779 0 0.550779 0 0.546879 0 0.546879 0 0.544924 0 0.544924 0 0.541015 0 0.541015 0 0.537106 0 0.537106 0 0.533206 0 0.533206 0 0.529297 0 0.529297 0 0.527343 0 0.527343 0 0.525388 0 0.525388 0 0.523433 0 0.523433 0 0.521489 0 0.521489 0 0.519534 0 0.519534 0 0.517579 0 0.517579 0 0.515625 0 0.515625 0 0.51367 0 0.51367 0 0.511715 0 0.511715 0 0.50977 0 0.50977 0 0.507816 0 0.507816 0 0.505861 0 0.505861 0 0.503907 0 0.503907 0 0.501952 0 0.501952 0 0.499997 0 0.498043 0 0.496098 0 0.494143 0 0.492189 0 0.488279 0 0.486325 0 0.482425 0 0.480471 0 0.478516 0 0.476562 0 0.472652 0 0.470707 0 0.466798 0 0.464844 0 0.462889 0 0.460934 0 0.460934 0 0.462889 0 0.462889 0 0.464844 0 0.464844 0 0.466798 0 0.464844 0 0.464844 0 0.462889 0 0.460934 0 0.45898 0 0.457035 0 0.443362 0 0.441407 0 0.439453 0 0.439453 0 0.437498 0 0.437498 0 0.435544 0 0.435544 0 0.433589 0 0.433589 0 0.431644 0 0.431644 0 0.42969 0 0.42969 0 0.431644 0 0.433589 0 0.435544 0 0.435544 0 0.433589 0 0.431644 0 0.42969 0 0.42578 0 0.423826 0 0.421871 0 0.419926 0 0.416017 0 0.414062 0 0.412108 0 0.410153 0 0.406254 0 0.404299 0 0.402344 0 0.40039 0 0.396481 0 0.394536 0 0.392581 0 0.390626 0 0.386717 0 0.384763 0 0.382808 0 0.380863 0 0.376954 0 0.374999 0 0.373044 0 0.37109 0 0.367191 0 0.365236 0 0.363281 0 0.361327 0 0.357417 0 0.355473 0 0.353518 0 0.351563 0 0.349609 0 0.347654 0 0.343755 0 0.3418 0 0.339845 0 0.337891 0 0.333981 0 0.332027 0 0.330082 0 0.328127 0 0.324218 0 0.322263 0 0.320309 0 0.318364 0 0.314455 0 0.3125 0 0.310546 0 0.308591 0 0.304691 0 0.302737 0 0.300782 0 0.298827 0 0.294918 0 0.292974 0 0.291019 0 0.289064 0 0.285155 0 0.2832 0 0.281246 0 0.279301 0 0.275392 0 0.273437 0 0.271482 0 0.269528 0 0.265628 0 0.263674 0 0.261719 0 0.259764 0 0.25781 0 0.25781 0 0.253911 0 0.253911 0 0.251956