0 0.972658 0.564452 0.970705 0.566407 0.968751 0.566407 0.964844 0.570311 0.962891 0.570311 0.958984 0.574221 0.957031 0.574221 0.958984 0.576169 0.960937 0.574221 0.972658 0.574221
0 0.769529 0.689455 0.765628 0.693359 0.763674 0.693359 0.759768 0.697268 0.757814 0.697268 0.753907 0.701172 0.751954 0.701172 0.748047 0.705076 0.746094 0.705076 0.748047 0.705076 0.75 0.707031 0.751954 0.707031 0.753907 0.708986 0.755861 0.707031 0.757814 0.707031 0.761721 0.703127 0.763674 0.703127 0.765628 0.701172 0.767575 0.701172 0.771482 0.697268 0.773436 0.697268 0.771482 0.695313 0.771482 0.693359 0.769529 0.691403
0 0.99414 0.554689 0.992187 0.556638 0.990233 0.556638 0.98828 0.558593 0.986326 0.558593 0.984373 0.560548 0.982419 0.560548 0.982419 0.562503 0.984373 0.564452 0.984373 0.566407 0.986326 0.564452 0.990233 0.564452 0.992187 0.562503 0.996094 0.562503 0.996094 0.560548 0.99414 0.558593
0 0.441409 0.980466 0.441409 0.999998 0.447263 0.999998 0.449216 1 0.449216 0.99219 0.45117 0.990235 0.45117 0.982421 0.443362 0.982421
0 0.667967 0.783202 0.666014 0.785157 0.66406 0.785157 0.660153 0.789061 0.658206 0.789061 0.654299 0.792972 0.652346 0.792972 0.654299 0.79492 0.654299 0.796875 0.656253 0.79883 0.656253 0.800779 0.658206 0.79883 0.660153 0.79883 0.662107 0.796875 0.666014 0.796875 0.667967 0.79492 0.669921 0.79492 0.669921 0.791016 0.667967 0.789061
0 0.66406 0.74219 0.662107 0.744139 0.656253 0.744139 0.654299 0.746095 0.650392 0.746095 0.648439 0.748049 0.642579 0.748049 0.646485 0.751953 0.646485 0.753908 0.650392 0.757812 0.652346 0.755857 0.654299 0.755857 0.656253 0.753908 0.658206 0.753908 0.660153 0.751953 0.66406 0.751953 0.666014 0.749998 0.667967 0.749998 0.666014 0.748049 0.666014 0.746095 0.66406 0.744139
0 0.61719 0.79883 0.615236 0.800779 0.611329 0.800779 0.609376 0.802734 0.607422 0.802734 0.605469 0.804689 0.601562 0.804689 0.599608 0.806638 0.595701 0.806638 0.595701 0.814451 0.597655 0.812503 0.603515 0.812503 0.605469 0.810548 0.611329 0.810548 0.613283 0.808593 0.619143 0.808593 0.619143 0.804689 0.61719 0.802734
0 0.613283 0.814451 0.611329 0.816407 0.609376 0.816407 0.605469 0.82031 0.603515 0.82031 0.601562 0.822266 0.599608 0.822266 0.595701 0.826169 0.593748 0.826169 0.593748 0.828125 0.595701 0.830079 0.595701 0.833983 0.597655 0.832034 0.599608 0.832034 0.601562 0.830079 0.603515 0.830079 0.607422 0.826169 0.609376 0.826169 0.611329 0.824221 0.613283 0.824221
0 0.306638 0.699218 0.308592 0.701172 0.308592 0.703127 0.310545 0.705076 0.310545 0.707031 0.312499 0.708986 0.314452 0.707031 0.316406 0.707031 0.318359 0.705076 0.322266 0.705076 0.320313 0.703127 0.320313 0.701172 0.318359 0.699218
0 0.94531 0.625001 0.943362 0.62695 0.941409 0.62695 0.939455 0.628905 0.937502 0.628905 0.933595 0.632815 0.931641 0.632815 0.929688 0.634764 0.927735 0.634764 0.929688 0.636719 0.929688 0.638674 0.931641 0.640623 0.933595 0.638674 0.935548 0.638674 0.937502 0.636719 0.939455 0.636719 0.943362 0.632815 0.94531 0.632815 0.947263 0.63086 0.949217 0.63086 0.947263 0.628905 0.947263 0.62695
7 0.029296 0 0.029296 0 0.027343 0 0.027343 0 0.025389 0 0.025389 0 0.021482 0 0.019529 0 0.017575 0 0.015628 0 0.013674 0 0.011721 0 0.009768 0 0.007814 0 0.003907 0 0.001954 0 0 0 0 0 0 0.001953 0 0.001953 0 0.003909 0 0.003909 0 0.003909 0 0.007812 0 0.007812 0 0.009768 0.001954 0.007812 0.007814 0.007812 0.009768 0.005857 0.015628 0.005857 0.017575 0.003909 0.023436 0.003909 0.025389 0.001953 0.03125 0.001953 0.054685 0.025389 0.054685 0.027344 0.082033 0.054689 0.072266 0.064452 0.070312 0.064452 0.062499 0.072266 0.058592 0.072266 0.056638 0.074221 0.050784 0.074221 0.048831 0.076169 0.044924 0.076169 0.04297 0.078125 0.03711 0.078125 0.035156 0.08008 0.03125 0.08008 0.029296 0.082028 0.023436 0.082028 0.021482 0.083983 0.017575 0.083983 0.015628 0.085938 0.009768 0.085938 0.007814 0.087893 0.003907 0.087893 0.001954 0.089842 0 0.089842 0 0.091797 0 0.091797 0 0.099611 0 0.099611 0.009768 0.109374 0.011721 0.107419 0.017575 0.107419 0.019529 0.10547 0.023436 0.10547 0.025389 0.103515 0.03125 0.103515 0.033203 0.10156 0.03711 0.10156 0.039063 0.099611 0.044924 0.099611 0.046877 0.097656 0.052731 0.097656 0.054685 0.095701 0.058592 0.095701 0.060545 0.093752 0.066406 0.093752 0.068359 0.091797 0.072266 0.091797 0.074219 0.089842 0.082033 0.089842 0.08594 0.093752 0.087888 0.093752 0.089841 0.095701 0.091794 0.095701 0.095701 0.099611 0.097655 0.099611 0.099608 0.10156 0.103515 0.097656 0.099608 0.093752 0.097655 0.093752 0.091794 0.087893 0.093748 0.085938 0.095701 0.085938 0.097655 0.083983 0.099608 0.083983 0.101562 0.082028 0.105469 0.082028 0.107422 0.08008 0.109376 0.08008 0.115236 0.085938 0.11719 0.085938 0.130857 0.099611 0.132811 0.099611 0.148439 0.115232 0.150392 0.115232 0.158206 0.123046 0.167967 0.123046 0.169921 0.125002 0.177735 0.125002 0.179688 0.12695 0.179688 0.125002 0.177735 0.123046 0.177735 0.121091 0.171874 0.115232 0.171874 0.113284 0.162107 0.103515 0.162107 0.10156 0.152346 0.091797 0.150392 0.091797 0.136718 0.078125 0.134764 0.078125 0.126951 0.070311 0.126951 0.064452 0.128904 0.062503 0.128904 0.052734 0.130857 0.050779 0.130857 0.04883 0.132811 0.046875 0.136718 0.050779 0.138671 0.050779 0.140625 0.052734 0.142578 0.050779 0.146485 0.050779 0.146485 0.04883 0.144532 0.046875 0.144532 0.042972 0.142578 0.041017 0.142578 0.039062 0.140625 0.037107 0.140625 0.035158 0.138671 0.033203 0.138671 0.031248 0.136718 0.029299 0.136718 0.02344 0.138671 0.021485 0.138671 0.007812 0.140625 0.005857 0.140625 0 0.142578 0 0.142578 0 0.144532 0 0.144532 0 0.146485 0 0.146485 0 0.142578 0 0.142578 0 0.136718 0 0.136718 0 0.132811 0 0.132811 0 0.130857 0 0.130857 0 0.128904 0 0.128904 0 0.126951 0 0.126951 0 0.124997 0 0.124997 0 0.12305 0 0.12305 0 0.121096 0 0.121096 0 0.119143 0 0.119143 0 0.11719 0 0.11719 0 0.115236 0 0.115236 0 0.113283 0 0.113283 0 0.111329 0 0.111329 0 0.109376 0.001953 0.109376 0.003909 0.107422 0.005857 0.107422 0.009768 0.105469 0.011716 0.105469 0.015626 0.103515 0.017581 0.103515 0.01953 0.101562 0.021485 0.101562 0.025389 0.099608 0.027344 0.099608 0.029299 0.097655 0.031248 0.097655 0.033203 0.095701 0.035158 0.089841 0.029299 0.087888 0.029299 0.072266 0.013671 0.070312 0.013671 0.054685 0 0.052731 0 0.044924 0 0.044924 0 0.039063 0 0.03711 0
1 0.298831 0.013671 0.296877 0.015626 0.296877 0.017581 0.294924 0.01953 0.294924 0.021485 0.29297 0.02344 0.318359 0.04883 0.320313 0.046875 0.320313 0.04492 0.322266 0.042972 0.322266 0.041017 0.32422 0.039062
0 0.332033 0.691403 0.33008 0.693359 0.328127 0.693359 0.326173 0.695313 0.32422 0.695313 0.322266 0.697268 0.320313 0.697268 0.320313 0.699218 0.322266 0.701172 0.322266 0.703127 0.32422 0.701172 0.326173 0.701172 0.328127 0.699218 0.33008 0.699218 0.332033 0.697268 0.333987 0.697268 0.333987 0.695313 0.332033 0.693359
0 0.45117 0.914064 0.443362 0.921872 0.441409 0.921872 0.435548 0.927737 0.439455 0.931641 0.441409 0.929686 0.443362 0.929686 0.445309 0.927737 0.447263 0.927737 0.45117 0.923827 0.453123 0.923827 0.455077 0.921872 0.45703 0.921872 0.453123 0.917968 0.453123 0.916013
0 0.851562 0.6875 0.849608 0.689455 0.845701 0.689455 0.843748 0.691403 0.841794 0.691403 0.839841 0.693359 0.83594 0.693359 0.833987 0.695313 0.83008 0.695313 0.832033 0.697268 0.832033 0.699218 0.833987 0.701172 0.833987 0.703127 0.83594 0.701172 0.837888 0.701172 0.839841 0.699218 0.843748 0.699218 0.845701 0.697268 0.847655 0.697268 0.849608 0.695313 0.853515 0.695313 0.853515 0.693359 0.851562 0.691403
0 0.978518 0.578125 0.976565 0.58008 0.974612 0.58008 0.970705 0.583983 0.968751 0.583983 0.964844 0.587893 0.962891 0.587893 0.966798 0.591797 0.968751 0.589842 0.972658 0.589842 0.974612 0.587893 0.976565 0.587893 0.978518 0.585938 0.982419 0.585938 0.980466 0.583983 0.980466 0.582028 0.978518 0.58008
1 0.310545 0.007812 0.308592 0.009768 0.308592 0.011716 0.304685 0.015626 0.312499 0.02344 0.314452 0.02344 0.326173 0.035158 0.33594 0.025389 0.333987 0.02344 0.332033 0.02344 0.328127 0.01953 0.326173 0.01953 0.322266 0.015626 0.320313 0.015626 0.316406 0.011716 0.314452 0.011716
0 0.949217 0.587893 0.947263 0.589842 0.94531 0.589842 0.943362 0.591797 0.941409 0.591797 0.939455 0.593752 0.937502 0.593752 0.937502 0.599611 0.939455 0.597656 0.941409 0.597656 0.943362 0.595701 0.947263 0.595701 0.949217 0.593752 0.95117 0.593752 0.95117 0.591797 0.949217 0.589842