0 0.349608 0.845703 0.349608 0.84961 0.359376 0.84961 0.359376 0.847656 0.351563 0.847656
0 0.35547 0.757813 0.35547 0.76172 0.363282 0.76172 0.365235 0.763672 0.365235 0.757813
0 0.931641 0.351563 0.929688 0.353515 0.927734 0.353515 0.927734 0.357422 0.929688 0.359376 0.929688 0.361328 0.931641 0.363282 0.931641 0.365234 0.933594 0.365234 0.935547 0.367187 0.9375 0.365234 0.939453 0.365234 0.939453 0.361328 0.9375 0.359376 0.9375 0.357422 0.935547 0.355469 0.935547 0.353515 0.933594 0.353515
0 0.332031 0.138671 0.332031 0.140625 0.333984 0.142578 0.333984 0.146484 0.335937 0.146484 0.335937 0.138671
0 0.351563 0.876953 0.351563 0.878907 0.359376 0.878907 0.359376 0.876953
0 0.353516 0.763672 0.353516 0.769531 0.363282 0.769531 0.363282 0.763672
0 0.351563 0.880859 0.351563 0.882813 0.353516 0.884765 0.359376 0.884765 0.359376 0.882813 0.361329 0.880859
0 0.560546 0.587891 0.560546 0.595704 0.570312 0.595704 0.570312 0.587891
0 0.462891 0.857423 0.457031 0.863281 0.455078 0.863281 0.453125 0.865234 0.457031 0.865234 0.460938 0.861329 0.462891 0.861329
0 0.470703 0.865234 0.46875 0.867188 0.466797 0.867188 0.462891 0.871094 0.460938 0.871094 0.462891 0.873046 0.462891 0.875 0.464844 0.873046 0.466797 0.873046 0.470703 0.86914 0.472656 0.86914 0.470703 0.867188
0 0.351563 0.890626 0.351563 0.892578 0.361329 0.892578 0.361329 0.890626
0 0.351563 0.855469 0.351563 0.857423 0.359376 0.857423 0.359376 0.855469
0 0.404296 0.056641 0.402343 0.058594 0.392578 0.058594 0.392578 0.060548 0.394531 0.0625 0.394531 0.064454 0.404296 0.064454
0 0.499999 0.91211 0.498046 0.914062 0.496093 0.914062 0.49414 0.916016 0.490234 0.916016 0.49414 0.919922 0.496093 0.917969 0.498046 0.917969 0.499999 0.916016
0 0.351563 0.773437 0.351563 0.779297 0.361329 0.779297 0.363282 0.777343 0.363282 0.773437
0 0.49414 0.902343 0.490234 0.906249 0.488281 0.906249 0.486328 0.908203 0.488281 0.910156 0.490234 0.910156 0.49414 0.906249 0.496093 0.906249 0.496093 0.904297
0 0.990235 0.611328 0.986329 0.615234 0.986329 0.617188 0.988282 0.61914 0.988282 0.621094 0.990235 0.623047 0.990235 0.625001 0.992188 0.623047 0.996094 0.623047 0.994141 0.621094 0.994141 0.61914 0.992188 0.617188 0.992188 0.615234 0.990235 0.613282
0 0.353516 0.789062 0.353516 0.792969 0.361329 0.792969 0.361329 0.789062
0 0.382813 0.847656 0.38086 0.84961 0.376953 0.84961 0.376953 0.857423 0.38086 0.857423 0.382813 0.859375
0 0.349608 0.859375 0.349608 0.863281 0.351563 0.861329 0.357423 0.861329 0.359376 0.859375
1 0.873046 0.457031 0.86914 0.460937 0.871093 0.462891 0.871093 0.464844 0.875 0.46875 0.875 0.470702 0.876953 0.472656 0.878906 0.472656 0.880859 0.474609 0.882812 0.474609 0.884765 0.472656 0.882812 0.470702 0.882812 0.46875 0.880859 0.466796 0.880859 0.464844 0.878906 0.462891 0.878906 0.460937 0.876953 0.458985 0.876953 0.457031
1 0.414062 0.988281 0.412109 0.990235 0.410156 0.990235 0.412109 0.992187 0.412109 0.994141 0.417968 1 0.417968 1 0.419921 1 0.423827 1 0.417968 0.994141 0.417968 0.992187
0 0.753907 0.156251 0.751954 0.158203 0.750001 0.158203 0.751954 0.160157 0.751954 0.162109 0.753907 0.164063 0.753907 0.166016 0.75586 0.164063 0.757813 0.164063 0.75586 0.162109 0.75586 0.160157 0.753907 0.158203
11 0.449219 0.789062 0.449219 0.791016 0.447266 0.792969 0.447266 0.794923 0.445313 0.796875 0.445313 0.798827 0.451172 0.804688 0.451172 0.80664 0.449219 0.808594 0.449219 0.810546 0.466797 0.810546 0.46875 0.8125 0.46875 0.810546 0.464844 0.810546 0.462891 0.808594 0.462891 0.804688 0.464844 0.802734 0.46875 0.802734 0.470703 0.804688 0.470703 0.789062
0 0.357423 0.732421 0.357423 0.742188 0.363282 0.742188 0.363282 0.738281 0.361329 0.736327 0.361329 0.732421
0 0.939453 0.371093 0.9375 0.373047 0.935547 0.373047 0.9375 0.374999 0.9375 0.376953 0.939453 0.378906 0.939453 0.38086 0.941406 0.382812 0.943359 0.382812 0.945312 0.384766 0.947265 0.382812 0.949218 0.382812 0.949218 0.38086 0.945312 0.376953 0.945312 0.374999 0.941406 0.371093
0 0.861328 0.253906 0.859375 0.25586 0.861328 0.257812 0.861328 0.259766 0.863281 0.261719 0.863281 0.263673 0.865234 0.265625 0.867187 0.265625 0.86914 0.263673 0.871093 0.263673 0.871093 0.259766 0.865234 0.253906
0 0.482421 0.884765 0.478515 0.888672 0.476562 0.888672 0.474609 0.890626 0.476562 0.892578 0.476562 0.894532 0.480468 0.890626 0.482421 0.890626 0.484375 0.888672 0.482421 0.886719
0 0.351563 0.863281 0.351563 0.865234 0.359376 0.865234 0.359376 0.863281
0 0.349608 0.837891 0.349608 0.841797 0.351563 0.839843 0.359376 0.839843 0.359376 0.837891
0 0.373047 0.861329 0.373047 0.867188 0.382813 0.867188 0.382813 0.861329
0 0.634765 0.037109 0.632812 0.039062 0.630859 0.039062 0.632812 0.041016 0.632812 0.042968 0.634765 0.044922 0.634765 0.046875 0.636718 0.044922 0.638671 0.044922 0.636718 0.042968 0.636718 0.041016 0.634765 0.039062
0 0.501952 0.916016 0.498046 0.919922 0.496093 0.919922 0.49414 0.921875 0.496093 0.923829 0.498046 0.921875 0.499999 0.921875 0.501952 0.919922 0.503905 0.919922 0.501952 0.917969
0 0.474609 0.86914 0.472656 0.871094 0.470703 0.871094 0.466797 0.875 0.464844 0.875 0.466797 0.875 0.46875 0.876953 0.470703 0.875 0.472656 0.875 0.474609 0.873046 0.476562 0.873046 0.474609 0.871094
0 0.902345 0.453125 0.900391 0.455079 0.898438 0.455079 0.902345 0.458985 0.902345 0.460937 0.904298 0.462891 0.906251 0.460937 0.904298 0.458985 0.904298 0.457031 0.902345 0.455079
0 0.35547 0.746094 0.35547 0.753907 0.365235 0.753907 0.365235 0.751953 0.363282 0.75 0.363282 0.746094
0 0.351563 0.867188 0.351563 0.86914 0.359376 0.86914 0.359376 0.867188
0 0.492187 0.898437 0.490234 0.900391 0.488281 0.900391 0.486328 0.902343 0.482421 0.902343 0.484375 0.904297 0.484375 0.906249 0.486328 0.906249 0.488281 0.904297 0.490234 0.904297 0.492187 0.902343
0 0.361329 0.828126 0.359376 0.830078 0.349608 0.830078 0.349608 0.833984 0.351563 0.83203 0.357423 0.83203 0.359376 0.830078 0.361329 0.83203 0.361329 0.833984
0 0.740235 0.23047 0.73828 0.232422 0.736327 0.232422 0.73828 0.234374 0.73828 0.236328 0.740235 0.238281 0.740235 0.240235 0.742188 0.242187 0.742188 0.244141 0.744141 0.246093 0.748048 0.242187 0.746095 0.240235 0.746095 0.238281 0.742188 0.234374 0.742188 0.232422
0 0.351563 0.818359 0.351563 0.826172 0.359376 0.826172 0.359376 0.822265 0.361329 0.820313 0.361329 0.818359
0 0.351563 0.894532 0.353516 0.896484 0.353516 0.898437 0.359376 0.898437 0.359376 0.896484 0.361329 0.894532
0 0.86914 0.265625 0.867187 0.267577 0.867187 0.271484 0.873046 0.277344 0.876953 0.277344 0.878906 0.27539 0.878906 0.273438 0.875 0.269531 0.875 0.267577 0.873046 0.265625
0 0.316406 0.128906 0.316406 0.132812 0.322265 0.132812 0.322265 0.128906
0 0.359376 0.83203 0.357423 0.833984 0.351563 0.833984 0.351563 0.835937 0.359376 0.835937
0 0.476562 0.875 0.474609 0.876953 0.472656 0.876953 0.46875 0.880859 0.466797 0.880859 0.46875 0.882813 0.46875 0.884765 0.472656 0.884765 0.476562 0.880859 0.478515 0.880859 0.478515 0.876953
0 0.349608 0.851562 0.349608 0.855469 0.351563 0.853516 0.359376 0.853516 0.359376 0.851562
0 0.486328 0.886719 0.486328 0.888672 0.482421 0.892578 0.480468 0.892578 0.478515 0.894532 0.478515 0.896484 0.480468 0.896484 0.482421 0.894532 0.484375 0.894532 0.488281 0.890626 0.486328 0.888672
0 0.488281 0.892578 0.484375 0.896484 0.482421 0.896484 0.480468 0.898437 0.482421 0.900391 0.486328 0.900391 0.490234 0.896484 0.492187 0.896484
0 0.392578 0.044922 0.392578 0.048829 0.40039 0.048829 0.402343 0.050781 0.402343 0.044922
0 0.671876 0.078125 0.669923 0.080078 0.66797 0.080078 0.66797 0.082032 0.669923 0.083984 0.669923 0.085938 0.671876 0.08789 0.671876 0.089844 0.673829 0.08789 0.677735 0.08789 0.675782 0.085938 0.675782 0.083984 0.673829 0.082032 0.673829 0.080078
0 0.363282 0.810546 0.361329 0.8125 0.353516 0.8125 0.353516 0.814453 0.35547 0.816407 0.361329 0.816407 0.363282 0.818359
0 0.351563 0.884765 0.351563 0.888672 0.361329 0.888672 0.361329 0.886719 0.353516 0.886719
0 0.96289 0.560547 0.960937 0.562501 0.958984 0.562501 0.958984 0.566405 0.960937 0.568359 0.960937 0.572266 0.96289 0.570312 0.968749 0.570312 0.966796 0.568359 0.966796 0.566405 0.964843 0.564453 0.964843 0.562501
0 0.363282 0.779297 0.361329 0.78125 0.353516 0.78125 0.353516 0.785156 0.361329 0.785156 0.361329 0.783204 0.363282 0.78125
0 0.351563 0.871094 0.351563 0.875 0.359376 0.875 0.359376 0.871094
13 0.347655 0.005859 0.347655 0.017578 0.361329 0.017578 0.361329 0.013671 0.359376 0.011719 0.359376 0.007813 0.349608 0.007813
0 0.931641 0.488282 0.929688 0.490234 0.925781 0.490234 0.929688 0.494141 0.929688 0.496095 0.931641 0.498047 0.933594 0.496095 0.933594 0.494141 0.931641 0.492188
0 0.625 0.804688 0.623047 0.80664 0.621094 0.80664 0.621094 0.810546 0.623047 0.8125 0.623047 0.816407 0.625 0.814453 0.628906 0.814453 0.628906 0.8125 0.626953 0.810546 0.626953 0.808594 0.625 0.80664
0 0.353516 0.800781 0.353516 0.804688 0.363282 0.804688 0.363282 0.800781
13 0.324218 0.003906 0.324218 0.019532 0.33789 0.019532 0.33789 0.013671 0.335937 0.011719 0.335937 0.003906
0 0.464844 0.861329 0.462891 0.863281 0.460938 0.863281 0.457031 0.867188 0.455078 0.867188 0.458985 0.871094 0.460938 0.86914 0.462891 0.86914 0.466797 0.865234 0.46875 0.865234
0 0.33789 0.140625 0.33789 0.146484 0.341796 0.146484 0.341796 0.140625
0 0.416015 0.535156 0.416015 0.537109 0.414062 0.539063 0.419921 0.544921 0.419921 0.542969 0.421874 0.541015
0 0.480468 0.880859 0.478515 0.882813 0.476562 0.882813 0.472656 0.886719 0.470703 0.886719 0.472656 0.888672 0.472656 0.890626 0.476562 0.886719 0.478515 0.886719 0.480468 0.884765
0 0.353516 0.794923 0.353516 0.798827 0.363282 0.798827 0.363282 0.794923
0 0.498046 0.906249 0.496093 0.908203 0.49414 0.908203 0.490234 0.91211 0.488281 0.91211 0.490234 0.914062 0.49414 0.914062 0.496093 0.91211 0.498046 0.91211 0.499999 0.910156 0.498046 0.908203
0 0.351563 0.841797 0.351563 0.845703 0.359376 0.845703 0.359376 0.841797
11 0.294922 0.093751 0.294922 0.101562 0.292969 0.103516 0.292969 0.105468 0.289063 0.109374 0.285157 0.109374 0.285157 0.123047 0.292969 0.123047 0.294922 0.125 0.296875 0.123047 0.296875 0.121093 0.298828 0.119141 0.298828 0.113281 0.302735 0.109374 0.304688 0.109374 0.306641 0.107422 0.308594 0.107422 0.308594 0.103516 0.306641 0.101562 0.306641 0.093751