1 0 0.859371 0 0.875005 0 0.876953 0 0.894535 0 0.896482 0 0.900388 0 0.898441 0 0.898441 0 0.894535 0.001958 0.892577 0.001958 0.875005 0 0.873047 0 0.859371
0 0.806638 0.474605 0.804689 0.476562 0.798833 0.476562 0.796873 0.478521 0.791016 0.478521 0.789068 0.480469 0.783199 0.480469 0.781251 0.482427 0.775393 0.482427 0.773434 0.484375 0.767577 0.484375 0.763668 0.488281 0.763668 0.490239 0.765629 0.492187 0.765629 0.496092 0.767577 0.498051 0.769526 0.498051 0.773434 0.501957 0.775393 0.499999 0.783199 0.499999 0.785159 0.498051 0.792965 0.498051 0.794925 0.496092 0.80273 0.496092 0.804689 0.494144 0.812494 0.494144 0.812494 0.490239 0.814455 0.488281 0.814455 0.486332 0.812494 0.484375 0.812494 0.482427 0.808598 0.478521 0.808598 0.476562
1 0.695312 0.101567 0.693364 0.103515 0.687495 0.103515 0.683599 0.10742 0.681639 0.10742 0.67773 0.111327 0.675782 0.111327 0.675782 0.113285 0.67773 0.115232 0.67773 0.117191 0.67969 0.119138 0.67969 0.121097 0.681639 0.123044 0.681639 0.125002 0.683599 0.126951 0.683599 0.128909 0.685547 0.130857 0.685547 0.132814 0.687495 0.134762 0.687495 0.136721 0.689455 0.138669 0.689455 0.140627 0.691404 0.142574 0.691404 0.144533 0.693364 0.14648 0.693364 0.148438 0.695312 0.150387 0.695312 0.152345 0.697261 0.154293 0.697261 0.15625 0.699221 0.158198 0.699221 0.160156 0.703129 0.160156 0.705077 0.162105 0.708986 0.162105 0.710934 0.164062 0.714843 0.164062 0.716803 0.166021 0.718751 0.164062 0.720699 0.164062 0.724608 0.160156 0.726568 0.160156 0.728517 0.158198 0.730465 0.158198 0.734373 0.154293 0.736333 0.154293 0.734373 0.152345 0.734373 0.150387 0.732425 0.148438 0.732425 0.14648 0.730465 0.144533 0.730465 0.142574 0.728517 0.140627 0.728517 0.138669 0.726568 0.136721 0.726568 0.134762 0.724608 0.132814 0.724608 0.130857 0.722659 0.128909 0.722659 0.126951 0.720699 0.125002 0.720699 0.123044 0.718751 0.121097 0.718751 0.119138 0.716803 0.117191 0.716803 0.115232 0.714843 0.113285 0.714843 0.111327 0.712894 0.109378 0.710934 0.109378 0.708986 0.10742 0.705077 0.10742 0.703129 0.105473 0.701169 0.105473 0.699221 0.103515 0.697261 0.103515
1 0.82226 0.496092 0.820312 0.498051 0.812494 0.498051 0.810547 0.499999 0.800781 0.499999 0.798833 0.501957 0.791016 0.501957 0.789068 0.503904 0.779303 0.503904 0.777343 0.505863 0.769526 0.505863 0.769526 0.511717 0.771485 0.513675 0.771485 0.521487 0.773434 0.519529 0.787107 0.519529 0.789068 0.517581 0.804689 0.517581 0.806638 0.515623 0.820312 0.515623 0.826169 0.509769 0.826169 0.501957 0.82422 0.499999 0.82422 0.498051
0 0.488282 0.970706 0.486322 0.972655 0.484374 0.972655 0.482426 0.974613 0.480466 0.974613 0.478518 0.976561 0.476558 0.976561 0.474608 0.978519 0.47266 0.978519 0.47266 0.980466 0.474608 0.982425 0.474608 0.984373 0.476558 0.986331 0.476558 0.988278 0.478518 0.990237 0.478518 0.994143 0.480466 0.996091 0.480466 0.998049 0.482426 0.999997 0.482426 1 0.484374 1 0.484374 1 0.486322 1 0.486322 1 0.488282 1 0.488282 1 0.490231 1 0.490231 1 0.496099 1 0.498048 1 0.499996 1 0.501956 1 0.503904 1 0.507812 1 0.507812 1 0.509762 1 0.509762 1 0.507812 1 0.507812 1 0.505865 0.999997 0.505865 0.998049 0.503904 0.996091 0.503904 0.992185 0.501956 0.990237 0.501956 0.988278 0.499996 0.986331 0.499996 0.982425 0.498048 0.980466 0.498048 0.978519 0.496099 0.976561 0.496099 0.974613 0.49414 0.972655 0.49414 0.970706
0 0.798833 0.455074 0.796873 0.457033 0.792965 0.457033 0.791016 0.458981 0.785159 0.458981 0.783199 0.460938 0.779303 0.460938 0.777343 0.462887 0.771485 0.462887 0.769526 0.464845 0.769526 0.466793 0.767577 0.46875 0.767577 0.470698 0.769526 0.472656 0.769526 0.474605 0.771485 0.474605 0.773434 0.476562 0.775393 0.474605 0.783199 0.474605 0.785159 0.472656 0.792965 0.472656 0.794925 0.470698 0.80273 0.470698 0.80273 0.46875 0.804689 0.466793 0.804689 0.464845 0.80273 0.462887 0.80273 0.460938 0.800781 0.458981 0.800781 0.457033
0 0.837894 0.603513 0.835934 0.605471 0.828129 0.605471 0.826169 0.607419 0.816403 0.607419 0.814455 0.609376 0.806638 0.609376 0.804689 0.611325 0.80273 0.611325 0.80273 0.613282 0.800781 0.615231 0.800781 0.617189 0.80273 0.619136 0.80273 0.621095 0.804689 0.623042 0.804689 0.625001 0.806638 0.623042 0.820312 0.623042 0.82226 0.621095 0.837894 0.621095 0.839842 0.619136 0.839842 0.617189 0.841803 0.615231 0.841803 0.609376 0.839842 0.607419 0.839842 0.605471
1 0.009763 0.859371 0.009763 0.884765 0.007814 0.886723 0.007814 0.917971 0.025385 0.917971 0.027346 0.919919 0.029293 0.917971 0.029293 0.916013 0.031254 0.914064 0.031254 0.908201 0.033202 0.906253 0.033202 0.894535 0.035162 0.892577 0.035162 0.880859 0.03711 0.878911 0.03711 0.867183 0.039059 0.865234 0.039059 0.859371
0 0.552731 0.771481 0.550782 0.773438 0.544925 0.773438 0.542965 0.775387 0.542965 0.777345 0.539057 0.78125 0.539057 0.783198 0.541017 0.785156 0.541017 0.787105 0.542965 0.789063 0.542965 0.79101 0.544925 0.792969 0.544925 0.794927 0.546874 0.796875 0.546874 0.798832 0.548834 0.800781 0.548834 0.802739 0.550782 0.804687 0.550782 0.806644 0.552731 0.808592 0.552731 0.810551 0.55469 0.812499 0.55469 0.814457 0.558599 0.814457 0.560547 0.816404 0.562496 0.814457 0.566404 0.814457 0.570312 0.810551 0.572261 0.810551 0.574222 0.808592 0.574222 0.806644 0.572261 0.804687 0.572261 0.802739 0.570312 0.800781 0.570312 0.798832 0.568364 0.796875 0.568364 0.794927 0.566404 0.792969 0.566404 0.789063 0.564456 0.787105 0.564456 0.785156 0.562496 0.783198 0.562496 0.78125 0.560547 0.779293 0.560547 0.777345 0.558599 0.775387 0.558599 0.773438 0.55469 0.773438
0 0.830077 0.541017 0.828129 0.542964 0.818363 0.542964 0.816403 0.544923 0.806638 0.544923 0.804689 0.546871 0.794925 0.546871 0.794925 0.548829 0.792965 0.550776 0.792965 0.552734 0.794925 0.554683 0.794925 0.556641 0.798833 0.560546 0.800781 0.558599 0.816403 0.558599 0.818363 0.556641 0.833985 0.556641 0.833985 0.552734 0.835934 0.550776 0.835934 0.548829 0.833985 0.546871 0.833985 0.544923
0 0.874995 0.052737 0.873046 0.054684 0.871099 0.054684 0.869138 0.056643 0.86523 0.056643 0.86523 0.05859 0.863281 0.060549 0.863281 0.064455 0.861333 0.066402 0.861333 0.072267 0.859373 0.074214 0.859373 0.078121 0.857424 0.080079 0.857424 0.087891 0.855464 0.089849 0.855464 0.093755 0.859373 0.097661 0.867189 0.097661 0.869138 0.095703 0.871099 0.095703 0.873046 0.093755 0.874995 0.093755 0.874995 0.089849 0.876954 0.087891 0.876954 0.082026 0.878903 0.080079 0.878903 0.074214 0.880863 0.072267 0.880863 0.066402 0.882812 0.064455 0.882812 0.060549
0 0.201171 0.939449 0.193355 0.947261 0.193355 0.951177 0.195314 0.953125 0.195314 0.958989 0.197263 0.960937 0.197263 0.966801 0.199223 0.968749 0.199223 0.974613 0.201171 0.976561 0.201171 0.978519 0.203119 0.980466 0.203119 0.984373 0.20508 0.986331 0.20508 0.988278 0.207027 0.990237 0.207027 0.992185 0.212895 0.998049 0.214845 0.996091 0.218753 0.996091 0.220701 0.994143 0.222661 0.994143 0.224609 0.992185 0.228518 0.992185 0.228518 0.986331 0.226558 0.984373 0.226558 0.976561 0.224609 0.974613 0.224609 0.972655 0.222661 0.970706 0.222661 0.966801 0.220701 0.964843 0.220701 0.962895 0.218753 0.960937 0.218753 0.95703 0.216793 0.955083 0.216793 0.953125 0.214845 0.951177 0.214845 0.947261 0.212895 0.945312 0.212895 0.943355 0.210936 0.941407 0.210936 0.939449
1 0.527344 0.939449 0.525394 0.941407 0.51563 0.941407 0.507812 0.949219 0.507812 0.951177 0.509762 0.953125 0.509762 0.958989 0.511722 0.960937 0.511722 0.964843 0.51367 0.966801 0.51367 0.972655 0.51563 0.974613 0.51563 0.978519 0.517578 0.980466 0.517578 0.986331 0.519526 0.988278 0.519526 0.992185 0.521487 0.994143 0.521487 0.999997 0.523435 1 0.523435 1 0.527344 1 0.529292 1 0.531252 1 0.542965 1 0.542965 1 0.544925 0.999997 0.544925 0.998049 0.546874 0.996091 0.546874 0.994143 0.544925 0.992185 0.544925 0.986331 0.542965 0.984373 0.542965 0.980466 0.541017 0.978519 0.541017 0.972655 0.539057 0.970706 0.539057 0.966801 0.537108 0.964843 0.537108 0.958989 0.53516 0.95703 0.53516 0.953125 0.5332 0.951177 0.5332 0.945312 0.531252 0.943355 0.531252 0.941407 0.529292 0.941407
1 0.251957 0.935542 0.249997 0.937501 0.24414 0.937501 0.242192 0.939449 0.238283 0.939449 0.236323 0.941407 0.230467 0.941407 0.230467 0.943355 0.232427 0.945312 0.232427 0.951177 0.234375 0.953125 0.234375 0.95703 0.236323 0.958989 0.236323 0.964843 0.238283 0.966801 0.238283 0.972655 0.240232 0.974613 0.240232 0.978519 0.242192 0.980466 0.242192 0.986331 0.24414 0.988278 0.24414 0.990237 0.246089 0.992185 0.246089 0.994143 0.248049 0.996091 0.248049 0.998049 0.249997 0.999997 0.253905 0.999997 0.255854 1 0.257814 1 0.259762 1 0.261722 1 0.265631 1 0.267579 0.999997 0.273436 0.999997 0.279293 0.994143 0.279293 0.992185 0.277344 0.990237 0.277344 0.986331 0.275396 0.984373 0.275396 0.980466 0.273436 0.978519 0.273436 0.976561 0.271487 0.974613 0.271487 0.970706 0.269527 0.968749 0.269527 0.964843 0.267579 0.962895 0.267579 0.960937 0.265631 0.958989 0.265631 0.955083 0.263671 0.953125 0.263671 0.951177 0.261722 0.949219 0.261722 0.947261 0.259762 0.945312 0.259762 0.941407 0.257814 0.939449 0.257814 0.937501 0.255854 0.935542
0 0.847659 0.042966 0.841803 0.048831 0.841803 0.050778 0.833985 0.05859 0.833985 0.06836 0.832037 0.070308 0.832037 0.078121 0.833985 0.078121 0.837894 0.082026 0.843751 0.082026 0.845699 0.083984 0.851567 0.078121 0.851567 0.076173 0.853516 0.074214 0.853516 0.072267 0.855464 0.070308 0.855464 0.06836 0.857424 0.066402 0.857424 0.064455 0.859373 0.062497 0.859373 0.060549 0.861333 0.05859 0.861333 0.056643 0.863281 0.054684 0.863281 0.046873 0.861333 0.046873 0.857424 0.042966
0 0.265631 0.921876 0.261722 0.925783 0.259762 0.925783 0.257814 0.927731 0.257814 0.935542 0.259762 0.937501 0.259762 0.939449 0.261722 0.941407 0.261722 0.945312 0.263671 0.947261 0.263671 0.949219 0.265631 0.951177 0.265631 0.953125 0.267579 0.955083 0.267579 0.958989 0.269527 0.960937 0.269527 0.962895 0.271487 0.964843 0.271487 0.966801 0.273436 0.968749 0.273436 0.970706 0.275396 0.972655 0.277344 0.970706 0.279293 0.970706 0.281253 0.968749 0.285161 0.968749 0.287109 0.966801 0.289058 0.966801 0.291018 0.964843 0.294927 0.964843 0.294927 0.962895 0.292966 0.960937 0.292966 0.958989 0.291018 0.95703 0.291018 0.955083 0.289058 0.953125 0.289058 0.951177 0.287109 0.949219 0.287109 0.947261 0.285161 0.945312 0.285161 0.943355 0.281253 0.939449 0.281253 0.937501 0.279293 0.935542 0.279293 0.933595 0.277344 0.931636 0.277344 0.929689 0.275396 0.927731 0.275396 0.925783 0.273436 0.923824 0.267579 0.923824
0 0.900393 0.042966 0.898434 0.044925 0.890629 0.044925 0.890629 0.048831 0.888668 0.050778 0.888668 0.060549 0.88672 0.062497 0.88672 0.072267 0.88476 0.074214 0.88476 0.083984 0.88672 0.083984 0.890629 0.087891 0.898434 0.087891 0.898434 0.085932 0.900393 0.083984 0.900393 0.078121 0.902342 0.076173 0.902342 0.072267 0.904302 0.070308 0.904302 0.066402 0.90625 0.064455 0.90625 0.05859 0.908198 0.056643 0.908198 0.052737 0.910158 0.050778 0.910158 0.048831 0.908198 0.046873 0.908198 0.044925 0.90625 0.042966
0 0.828129 0.519529 0.826169 0.521487 0.818363 0.521487 0.816403 0.523435 0.808598 0.523435 0.806638 0.525393 0.796873 0.525393 0.794925 0.52734 0.787107 0.52734 0.785159 0.529298 0.785159 0.531247 0.783199 0.533205 0.783199 0.541017 0.792965 0.541017 0.794925 0.542964 0.796873 0.541017 0.806638 0.541017 0.808598 0.539058 0.818363 0.539058 0.820312 0.537111 0.830077 0.537111 0.830077 0.535152 0.832037 0.533205 0.832037 0.52734 0.830077 0.525393 0.830077 0.523435 0.828129 0.521487
0 0.841803 0.021489 0.835934 0.027343 0.835934 0.035154 0.837894 0.037113 0.837894 0.039061 0.839842 0.037113 0.857424 0.037113 0.859373 0.035154 0.876954 0.035154 0.876954 0.033206 0.878903 0.031249 0.878903 0.027343 0.876954 0.025394 0.876954 0.023437 0.874995 0.021489
1 0.111324 0.859371 0.111324 0.865234 0.113284 0.867183 0.113284 0.880859 0.115232 0.882817 0.115232 0.896482 0.117192 0.898441 0.117192 0.906253 0.119141 0.908201 0.119141 0.910159 0.121089 0.912107 0.123049 0.910159 0.142579 0.910159 0.142579 0.896482 0.140619 0.894535 0.140619 0.882817 0.138671 0.880859 0.138671 0.867183 0.136723 0.865234 0.136723 0.859371