0 0.25 0.548826 0.248046 0.550785 0.242189 0.550785 0.23828 0.554685 0.236329 0.554685 0.236329 0.566411 0.23828 0.568361 0.23828 0.589845 0.240235 0.591795 0.240235 0.603512 0.242189 0.605471 0.261721 0.605471 0.261721 0.603512 0.263671 0.601562 0.263671 0.595704 0.261721 0.593754 0.261721 0.580078 0.259766 0.578128 0.259766 0.564452 0.257811 0.562502 0.257811 0.548826
9 0.373048 0.466796 0.371094 0.468746 0.369139 0.468746 0.367188 0.470705 0.365233 0.470705 0.363283 0.472655 0.361328 0.472655 0.359373 0.474605 0.355468 0.474605 0.351562 0.478514 0.355468 0.478514 0.361328 0.484372 0.363283 0.484372 0.365233 0.486331 0.373048 0.486331 0.374999 0.488281 0.380859 0.488281 0.382814 0.490231 0.412111 0.490231 0.414062 0.49219 0.419922 0.49219 0.419922 0.490231 0.421877 0.488281 0.421877 0.470705 0.39453 0.470705 0.39258 0.468746 0.374999 0.468746
0 0.240235 0.478514 0.236329 0.482422 0.234374 0.482422 0.234374 0.535159 0.236329 0.537109 0.24414 0.537109 0.246095 0.535159 0.248046 0.535159 0.25 0.5332 0.25586 0.5332 0.257811 0.53125 0.257811 0.484372 0.25586 0.482422 0.25586 0.480473 0.253906 0.478514
9 0.361328 0.744136 0.359373 0.746095 0.359373 0.748045 0.357422 0.750004 0.357422 0.751954 0.355468 0.753904 0.355468 0.755862 0.353517 0.757812 0.353517 0.759762 0.351562 0.761721 0.351562 0.763671 0.349608 0.765621 0.349608 0.76758 0.347657 0.76953 0.347657 0.771488 0.345702 0.773438 0.345702 0.775388 0.343751 0.777347 0.343751 0.783206 0.341797 0.785156 0.341797 0.789064 0.339842 0.791014 0.339842 0.839842 0.341797 0.841801 0.341797 0.867185 0.343751 0.869144 0.343751 0.894528 0.345702 0.896487 0.345702 0.921871 0.347657 0.92383 0.347657 0.947264 0.349608 0.947264 0.353517 0.951173 0.367188 0.951173 0.369139 0.953123 0.38867 0.953123 0.390625 0.951173 0.39258 0.951173 0.39453 0.949223 0.396485 0.949223 0.398436 0.947264 0.402345 0.947264 0.404296 0.945314 0.406251 0.945314 0.408202 0.943356 0.410156 0.943356 0.410156 0.929688 0.408202 0.927739 0.408202 0.900387 0.406251 0.898437 0.406251 0.869144 0.404296 0.867185 0.404296 0.839842 0.402345 0.837892 0.402345 0.820316 0.400391 0.818357 0.400391 0.810549 0.398436 0.80859 0.398436 0.798831 0.396485 0.796873 0.396485 0.791014 0.39453 0.789064 0.39453 0.787105 0.39258 0.785156 0.39258 0.783206 0.390625 0.781247 0.390625 0.779297 0.38867 0.777347 0.38867 0.775388 0.386719 0.773438 0.386719 0.771488 0.384765 0.76953 0.384765 0.76758 0.380859 0.763671 0.380859 0.761721 0.374999 0.755862 0.374999 0.753904 0.369139 0.748045 0.369139 0.746095 0.367188 0.744136
9 0.425782 0.787105 0.423827 0.789064 0.417967 0.789064 0.416016 0.791014 0.414062 0.791014 0.412111 0.792973 0.408202 0.792973 0.406251 0.794923 0.406251 0.796873 0.402345 0.800781 0.402345 0.80664 0.404296 0.80664 0.408202 0.810549 0.410156 0.810549 0.412111 0.812499 0.414062 0.812499 0.416016 0.814457 0.441408 0.814457 0.443359 0.816407 0.46875 0.816407 0.470705 0.818357 0.472656 0.816407 0.488281 0.816407 0.492187 0.812499 0.492187 0.810549 0.494142 0.80859 0.494142 0.80469 0.496092 0.802731 0.496092 0.791014 0.492187 0.787105
9 0.376954 0.183598 0.374999 0.185548 0.367188 0.185548 0.365233 0.187498 0.359373 0.187498 0.357422 0.189457 0.355468 0.189457 0.353517 0.191407 0.349608 0.191407 0.347657 0.193356 0.345702 0.193356 0.343751 0.195316 0.339842 0.195316 0.337891 0.197265 0.335936 0.197265 0.333986 0.199215 0.330076 0.199215 0.330076 0.201174 0.328125 0.203124 0.328125 0.205074 0.322265 0.210941 0.326171 0.214841 0.332031 0.214841 0.333986 0.212891 0.353517 0.212891 0.355468 0.210941 0.361328 0.210941 0.363283 0.208982 0.371094 0.208982 0.373048 0.207033 0.378905 0.207033 0.380859 0.205074 0.384765 0.205074 0.384765 0.193356 0.382814 0.191407 0.382814 0.187498 0.380859 0.185548 0.378905 0.185548
0 0.257811 0.916013 0.257811 0.919921 0.25586 0.921871 0.25586 0.943356 0.253906 0.945314 0.253906 0.966799 0.25586 0.968749 0.25586 0.972658 0.257811 0.974607 0.277343 0.974607 0.279297 0.972658 0.281252 0.972658 0.281252 0.947264 0.279297 0.945314 0.279297 0.917971 0.277343 0.916013
0 0.259766 0.76953 0.257811 0.771488 0.25586 0.771488 0.25586 0.773438 0.253906 0.775388 0.253906 0.777347 0.251955 0.779297 0.251955 0.796873 0.253906 0.798831 0.253906 0.824216 0.25586 0.826175 0.25586 0.828125 0.261721 0.828125 0.263671 0.826175 0.271486 0.826175 0.273437 0.824216 0.277343 0.824216 0.277343 0.814457 0.275392 0.812499 0.275392 0.791014 0.273437 0.789064 0.273437 0.773438 0.271486 0.771488 0.271486 0.76953
9 0.519533 0.13867 0.519533 0.140629 0.517578 0.142579 0.517578 0.144529 0.515624 0.146488 0.515624 0.148438 0.511718 0.152346 0.511718 0.154296 0.507813 0.158205 0.507813 0.167972 0.509767 0.169922 0.509767 0.183598 0.511718 0.185548 0.511718 0.195316 0.513673 0.197265 0.513673 0.207033 0.515624 0.208982 0.515624 0.214841 0.533204 0.214841 0.53711 0.210941 0.53711 0.205074 0.535155 0.203124 0.535155 0.189457 0.533204 0.187498 0.533204 0.173831 0.53125 0.171872 0.53125 0.158205 0.529299 0.156246 0.529299 0.148438
9 0.374999 0.146488 0.373048 0.148438 0.367188 0.148438 0.365233 0.150388 0.359373 0.150388 0.355468 0.154296 0.353517 0.154296 0.351562 0.156246 0.349608 0.156246 0.347657 0.158205 0.349608 0.160155 0.353517 0.160155 0.355468 0.162114 0.357422 0.162114 0.359373 0.164064 0.363283 0.164064 0.365233 0.166013 0.367188 0.166013 0.369139 0.167972 0.373048 0.167972 0.374999 0.169922 0.400391 0.169922 0.402345 0.167972 0.410156 0.167972 0.412111 0.166013 0.414062 0.166013 0.414062 0.152346 0.410156 0.148438 0.404296 0.148438 0.402345 0.146488
0 0.226563 0.224608 0.224609 0.226558 0.220703 0.226558 0.218749 0.228517 0.218749 0.230467 0.216798 0.232426 0.216798 0.248043 0.214843 0.250001 0.214843 0.277345 0.216798 0.279294 0.216798 0.283203 0.218749 0.285153 0.218749 0.287112 0.222658 0.291012 0.226563 0.291012 0.228514 0.289062 0.240235 0.289062 0.240235 0.287112 0.242189 0.285153 0.242189 0.271486 0.240235 0.269527 0.240235 0.244143 0.23828 0.242184 0.23828 0.228517 0.236329 0.226558 0.236329 0.224608
9 0.376954 0.644531 0.374999 0.646481 0.371094 0.646481 0.369139 0.64844 0.365233 0.64844 0.363283 0.65039 0.361328 0.65039 0.359373 0.65234 0.357422 0.65234 0.353517 0.656249 0.355468 0.656249 0.359373 0.660157 0.371094 0.660157 0.373048 0.662107 0.374999 0.662107 0.376954 0.664066 0.39453 0.664066 0.396485 0.666016 0.412111 0.666016 0.414062 0.667966 0.416016 0.666016 0.423827 0.666016 0.425782 0.664066 0.427733 0.664066 0.427733 0.662107 0.429688 0.660157 0.429688 0.65234 0.427733 0.65039 0.427733 0.64844 0.425782 0.646481 0.421877 0.646481 0.419922 0.644531
9 0.425782 0.849609 0.425782 0.896487 0.427733 0.898437 0.427733 0.949223 0.429688 0.951173 0.429688 0.957032 0.431642 0.958981 0.431642 0.96289 0.433593 0.96484 0.433593 0.968749 0.435548 0.970699 0.435548 0.976566 0.437499 0.978516 0.437499 0.982425 0.439453 0.984375 0.439453 0.986325 0.441408 0.988283 0.441408 0.990233 0.443359 0.992183 0.443359 0.994142 0.445313 0.994142 0.445313 0.992183 0.447264 0.990233 0.447264 0.988283 0.449219 0.986325 0.449219 0.984375 0.451173 0.982425 0.451173 0.980466 0.453124 0.978516 0.453124 0.976566 0.455079 0.974607 0.455079 0.968749 0.45703 0.966799 0.45703 0.96094 0.458984 0.958981 0.458984 0.955082 0.460939 0.953123 0.460939 0.947264 0.46289 0.945314 0.46289 0.888669 0.460939 0.886719 0.460939 0.849609
9 0.386719 0.33594 0.384765 0.337889 0.373048 0.337889 0.371094 0.339839 0.359373 0.339839 0.357422 0.341798 0.345702 0.341798 0.343751 0.343748 0.341797 0.343748 0.339842 0.345707 0.337891 0.345707 0.335936 0.347657 0.333986 0.347657 0.328125 0.353515 0.326171 0.353515 0.32422 0.355465 0.32422 0.357424 0.326171 0.357424 0.328125 0.359374 0.337891 0.359374 0.339842 0.361324 0.343751 0.361324 0.345702 0.363283 0.349608 0.363283 0.351562 0.365232 0.353517 0.363283 0.367188 0.363283 0.369139 0.361324 0.382814 0.361324 0.384765 0.359374 0.390625 0.359374 0.390625 0.357424 0.39258 0.355465 0.39258 0.343748 0.390625 0.341798 0.390625 0.339839
0 0.246095 0.630855 0.240235 0.636723 0.240235 0.658207 0.242189 0.660157 0.242189 0.68555 0.24414 0.6875 0.24414 0.691409 0.259766 0.691409 0.261721 0.68945 0.265626 0.68945 0.267577 0.6875 0.269532 0.6875 0.269532 0.675783 0.267577 0.673824 0.267577 0.65039 0.265626 0.64844 0.265626 0.634764 0.261721 0.630855
9 0.343751 0.507816 0.341797 0.509766 0.337891 0.509766 0.337891 0.513674 0.339842 0.513674 0.347657 0.521483 0.349608 0.521483 0.355468 0.527341 0.363283 0.527341 0.365233 0.5293 0.369139 0.5293 0.371094 0.53125 0.374999 0.53125 0.376954 0.5332 0.380859 0.5332 0.382814 0.535159 0.386719 0.535159 0.38867 0.537109 0.398436 0.537109 0.400391 0.539059 0.412111 0.539059 0.412111 0.537109 0.414062 0.535159 0.414062 0.5293 0.416016 0.527341 0.416016 0.521483 0.414062 0.519533 0.414062 0.517574 0.406251 0.517574 0.404296 0.515624 0.396485 0.515624 0.39453 0.513674 0.38867 0.513674 0.386719 0.511715 0.378905 0.511715 0.376954 0.509766 0.369139 0.509766 0.367188 0.507816
9 0.382814 0.445312 0.380859 0.447262 0.373048 0.447262 0.371094 0.449221 0.363283 0.449221 0.357422 0.455079 0.359373 0.455079 0.365233 0.460938 0.367188 0.460938 0.369139 0.462888 0.371094 0.462888 0.374999 0.466796 0.416016 0.466796 0.416016 0.460938 0.417967 0.458988 0.417967 0.449221 0.416016 0.447262 0.384765 0.447262
9 0.46289 0.861326 0.46289 0.886719 0.464845 0.888669 0.464845 0.931638 0.466796 0.933597 0.466796 0.935547 0.46875 0.937497 0.46875 0.939456 0.470705 0.939456 0.476561 0.945314 0.480471 0.945314 0.482421 0.943356 0.482421 0.941406 0.488281 0.935547 0.488281 0.933597 0.490236 0.931638 0.490236 0.898437 0.488281 0.896487 0.488281 0.863285 0.478516 0.863285 0.476561 0.861326
9 0.339842 0.279294 0.337891 0.281254 0.332031 0.281254 0.328125 0.285153 0.326171 0.285153 0.328125 0.287112 0.328125 0.289062 0.335936 0.29688 0.343751 0.29688 0.345702 0.298829 0.351562 0.298829 0.353517 0.300779 0.359373 0.300779 0.361328 0.302738 0.373048 0.302738 0.374999 0.304688 0.386719 0.304688 0.38867 0.306638 0.39258 0.302738 0.39258 0.298829 0.39453 0.29688 0.39453 0.283203 0.38867 0.283203 0.386719 0.281254 0.357422 0.281254 0.355468 0.279294
9 0.996096 0.578128 0.994141 0.580078 0.992186 0.580078 0.990235 0.582027 0.98633 0.582027 0.98633 0.597653 0.988281 0.599612 0.988281 0.605471 0.990235 0.607421 0.990235 0.613279 0.992186 0.615238 0.992186 0.621097 0.994141 0.623047 0.994141 0.630855 0.996096 0.632814 0.996096 0.638673 0.998046 0.640623 0.998046 0.646481 1 0.64844 1 0.654299 1 0.656249 1 0.660157 1 0.662107 1 0.664066 1 0.664066 1 0.666016 1 0.666016 1 0.664066 1 0.664066 1 0.662107 1 0.65039 1 0.64844 1 0.644531 1 0.642581 1 0.634764 1 0.632814 1 0.626956 1 0.624996 1 0.619138 1 0.617188 1 0.613279 1 0.61133 1 0.605471 1 0.603512 1 0.597653 1 0.595704 1 0.589845 1 0.587886 1 0.585936 1 0.583987 1 0.582027 1 0.580078 1 0.580078 1 0.578128
9 0.414062 0.572269 0.412111 0.574219 0.369139 0.574219 0.367188 0.576169 0.365233 0.576169 0.363283 0.578128 0.361328 0.578128 0.359373 0.580078 0.357422 0.580078 0.355468 0.582027 0.351562 0.582027 0.349608 0.583987 0.347657 0.583987 0.347657 0.587886 0.349608 0.587886 0.351562 0.589845 0.357422 0.589845 0.359373 0.591795 0.361328 0.591795 0.363283 0.593754 0.369139 0.593754 0.371094 0.595704 0.410156 0.595704 0.412111 0.593754 0.416016 0.593754 0.417967 0.591795 0.419922 0.591795 0.419922 0.583987 0.421877 0.582027 0.421877 0.580078 0.419922 0.578128 0.419922 0.574219 0.416016 0.574219
9 0.400391 0.378909 0.398436 0.380858 0.386719 0.380858 0.384765 0.382808 0.373048 0.382808 0.371094 0.384767 0.359373 0.384767 0.357422 0.386717 0.355468 0.386717 0.353517 0.388676 0.351562 0.388676 0.349608 0.390626 0.345702 0.390626 0.343751 0.392576 0.341797 0.392576 0.339842 0.394535 0.337891 0.394535 0.335936 0.396484 0.333986 0.396484 0.330076 0.400393 0.332031 0.402343 0.332031 0.404293 0.333986 0.404293 0.335936 0.406252 0.339842 0.406252 0.341797 0.408202 0.351562 0.408202 0.353517 0.410161 0.355468 0.408202 0.380859 0.408202 0.382814 0.406252 0.396485 0.406252 0.398436 0.404293 0.412111 0.404293 0.414062 0.402343 0.416016 0.402343 0.416016 0.400393 0.417967 0.398434 0.417967 0.396484 0.419922 0.394535 0.419922 0.390626 0.417967 0.388676 0.417967 0.380858 0.414062 0.380858 0.412111 0.378909
9 0.396485 0.548826 0.39453 0.550785 0.384765 0.550785 0.382814 0.552735 0.371094 0.552735 0.369139 0.554685 0.365233 0.554685 0.363283 0.556643 0.357422 0.556643 0.355468 0.558593 0.351562 0.558593 0.347657 0.562502 0.345702 0.562502 0.343751 0.564452 0.343751 0.566411 0.345702 0.566411 0.347657 0.568361 0.349608 0.568361 0.351562 0.57031 0.357422 0.57031 0.359373 0.572269 0.365233 0.572269 0.367188 0.574219 0.369139 0.572269 0.412111 0.572269 0.414062 0.57031 0.416016 0.572269 0.419922 0.568361 0.419922 0.554685 0.417967 0.552735 0.417967 0.550785 0.412111 0.550785 0.410156 0.548826
9 0.38867 0.312496 0.386719 0.314455 0.371094 0.314455 0.369139 0.316405 0.353517 0.316405 0.351562 0.318364 0.347657 0.318364 0.345702 0.320314 0.339842 0.320314 0.337891 0.322264 0.335936 0.322264 0.332031 0.326172 0.330076 0.326172 0.328125 0.328122 0.326171 0.328122 0.330076 0.332031 0.337891 0.332031 0.339842 0.333981 0.345702 0.333981 0.347657 0.33594 0.351562 0.33594 0.353517 0.337889 0.355468 0.33594 0.376954 0.33594 0.378905 0.333981 0.390625 0.333981 0.39258 0.332031 0.39453 0.332031 0.39453 0.330081 0.396485 0.328122 0.396485 0.322264 0.39453 0.320314 0.39453 0.316405 0.39258 0.314455 0.39258 0.312496
9 0.369139 0.68945 0.365233 0.693359 0.363283 0.693359 0.361328 0.695309 0.363283 0.695309 0.367188 0.699218 0.369139 0.699218 0.376954 0.707035 0.380859 0.707035 0.382814 0.708985 0.386719 0.708985 0.38867 0.710935 0.39258 0.710935 0.39453 0.712894 0.410156 0.712894 0.412111 0.714843 0.423827 0.714843 0.425782 0.712894 0.429688 0.712894 0.429688 0.710935 0.431642 0.708985 0.431642 0.705076 0.433593 0.703126 0.433593 0.701176 0.431642 0.699218 0.431642 0.697268 0.429688 0.695309 0.427733 0.695309 0.425782 0.693359 0.410156 0.693359 0.408202 0.691409 0.39258 0.691409 0.390625 0.68945
9 0.386719 0.207033 0.384765 0.208982 0.378905 0.208982 0.376954 0.210941 0.371094 0.210941 0.369139 0.212891 0.363283 0.212891 0.361328 0.214841 0.355468 0.214841 0.353517 0.2168 0.347657 0.2168 0.345702 0.21875 0.343751 0.21875 0.341797 0.2207 0.339842 0.2207 0.330076 0.230467 0.330076 0.232426 0.332031 0.232426 0.333986 0.234375 0.337891 0.234375 0.339842 0.236326 0.345702 0.236326 0.347657 0.234375 0.359373 0.234375 0.361328 0.232426 0.371094 0.232426 0.373048 0.230467 0.376954 0.230467 0.378905 0.228517 0.384765 0.228517 0.386719 0.226558 0.390625 0.226558 0.39258 0.224608 0.396485 0.224608 0.396485 0.214841 0.39453 0.212891 0.39453 0.210941 0.390625 0.207033
0 0.251955 0 0.248046 0 0.246095 0 0.246095 0 0.24414 0 0.24414 0 0.246095 0 0.246095 0.001955 0.25 0.005863 0.251955 0.005863 0.253906 0.007813 0.25586 0.007813 0.257811 0.009763 0.259766 0.009763 0.261721 0.011722 0.263671 0.011722 0.265626 0.013672 0.269532 0.013672 0.271486 0.015622 0.273437 0.015622 0.275392 0.017581 0.287108 0.017581 0.289063 0.019531 0.291017 0.017581 0.300779 0.017581 0.300779 0.011722 0.298828 0.009763 0.298828 0.005863 0.294923 0.001955 0.294923 0 0.292968 0 0.291017 0 0.289063 0 0.287108 0 0.285157 0 0.283203 0 0.281252 0 0.277343 0 0.275392 0 0.273437 0 0.271486 0 0.267577 0 0.265626 0 0.259766 0 0.257811 0
0 0.261721 0.841801 0.259766 0.84375 0.25586 0.84375 0.25586 0.8457 0.253906 0.847659 0.253906 0.875002 0.25586 0.876952 0.25586 0.902345 0.257811 0.904295 0.257811 0.906254 0.269532 0.906254 0.271486 0.904295 0.273437 0.904295 0.277343 0.900387 0.279297 0.900387 0.279297 0.898437 0.281252 0.896487 0.281252 0.882811 0.279297 0.880861 0.279297 0.859376 0.277343 0.857417 0.277343 0.8457 0.273437 0.841801
9 0.402345 0.617188 0.400391 0.619138 0.386719 0.619138 0.384765 0.621097 0.378905 0.621097 0.376954 0.623047 0.369139 0.623047 0.363283 0.628905 0.359373 0.628905 0.359373 0.632814 0.363283 0.636723 0.367188 0.636723 0.369139 0.638673 0.374999 0.638673 0.376954 0.640623 0.380859 0.640623 0.382814 0.642581 0.384765 0.640623 0.421877 0.640623 0.421877 0.623047 0.419922 0.621097 0.419922 0.619138 0.417967 0.617188
9 0.349608 0.25391 0.347657 0.25586 0.345702 0.25586 0.343751 0.25781 0.341797 0.25781 0.339842 0.259769 0.337891 0.259769 0.335936 0.261719 0.330076 0.261719 0.330076 0.263669 0.335936 0.269527 0.337891 0.269527 0.341797 0.273436 0.343751 0.273436 0.345702 0.275395 0.349608 0.275395 0.351562 0.277345 0.355468 0.277345 0.357422 0.279294 0.386719 0.279294 0.38867 0.281254 0.39453 0.281254 0.396485 0.283203 0.400391 0.279294 0.400391 0.277345 0.402345 0.275395 0.402345 0.271486 0.404296 0.269527 0.404296 0.265628 0.398436 0.259769 0.386719 0.259769 0.384765 0.25781 0.374999 0.25781 0.373048 0.25586 0.361328 0.25586 0.359373 0.25391
0 0.23828 0.398434 0.236329 0.400393 0.230469 0.400393 0.230469 0.458988 0.232424 0.460938 0.23828 0.460938 0.240235 0.458988 0.25 0.458988 0.251955 0.457029 0.253906 0.457029 0.253906 0.437504 0.251955 0.435545 0.251955 0.41406 0.25 0.41211 0.25 0.402343 0.246095 0.398434
9 0.39258 0.718752 0.390625 0.720702 0.376954 0.720702 0.374999 0.722652 0.365233 0.722652 0.365233 0.724611 0.369139 0.72852 0.371094 0.72852 0.380859 0.738278 0.382814 0.738278 0.384765 0.740237 0.38867 0.740237 0.390625 0.742186 0.39258 0.742186 0.39453 0.744136 0.402345 0.744136 0.404296 0.746095 0.412111 0.746095 0.414062 0.748045 0.421877 0.748045 0.423827 0.750004 0.429688 0.750004 0.433593 0.746095 0.433593 0.738278 0.435548 0.736328 0.435548 0.732419 0.433593 0.730469 0.427733 0.730469 0.425782 0.72852 0.421877 0.72852 0.419922 0.72656 0.414062 0.72656 0.412111 0.724611 0.408202 0.724611 0.406251 0.722652 0.400391 0.722652 0.398436 0.720702 0.39453 0.720702
9 1 0 1 0 1 0 1 0 1 0.052732 0.998046 0.054691 0.998046 0.105469 1 0.105469 1 0.10156 1 0.10156 1 0.072267 1 0.070308 1 0.021481 1 0.019531 1 0 1 0 1 0 1 0 1 0