0 0.208982 0.099609 0.207029 0.10156 0.203125 0.10156 0.203125 0.107424 0.205077 0.109374 0.205077 0.117189 0.207029 0.115232 0.210941 0.115232 0.210941 0.107424 0.208982 0.105467
0 0.294923 0.14844 0.292971 0.15039 0.289059 0.15039 0.287107 0.15234 0.285155 0.15234 0.283202 0.154297 0.279298 0.154297 0.279298 0.158205 0.28125 0.160155 0.28125 0.164062 0.283202 0.162112 0.285155 0.162112 0.287107 0.160155 0.291018 0.160155 0.292971 0.158205 0.294923 0.158205 0.296875 0.156248 0.300779 0.156248 0.296875 0.15234 0.296875 0.15039
0 0.320309 0.181641 0.318357 0.183592 0.316405 0.183592 0.314452 0.185549 0.3125 0.185549 0.310548 0.187499 0.308596 0.187499 0.306643 0.189456 0.304684 0.189456 0.304684 0.191406 0.306643 0.193356 0.306643 0.197264 0.308596 0.195313 0.310548 0.195313 0.3125 0.193356 0.314452 0.193356 0.316405 0.191406 0.320309 0.191406 0.322268 0.189456 0.324221 0.189456 0.322268 0.187499 0.322268 0.185549 0.320309 0.183592
0 0.271482 0.195313 0.269529 0.197264 0.267577 0.197264 0.263673 0.201171 0.261721 0.201171 0.257816 0.205078 0.255857 0.205078 0.255857 0.207028 0.257816 0.208985 0.257816 0.210936 0.259768 0.208985 0.261721 0.208985 0.265625 0.205078 0.267577 0.205078 0.271482 0.201171 0.273434 0.201171 0.273434 0.199221 0.271482 0.197264
0 0.16797 0.066408 0.166018 0.068358 0.162107 0.068358 0.160154 0.070315 0.154298 0.070315 0.152345 0.072266 0.148441 0.072266 0.148441 0.074216 0.150393 0.076173 0.150393 0.078123 0.152345 0.08008 0.152345 0.08203 0.15625 0.078123 0.164066 0.078123 0.166018 0.076173 0.169922 0.076173 0.169922 0.072266 0.16797 0.070315
0 0.263673 0.099609 0.259768 0.103517 0.257816 0.103517 0.253905 0.107424 0.251952 0.107424 0.253905 0.109374 0.253905 0.111331 0.255857 0.113281 0.255857 0.115232 0.259768 0.111331 0.261721 0.111331 0.265625 0.107424 0.267577 0.107424 0.269529 0.105467
0 0.246096 0.138675 0.244143 0.140626 0.240232 0.140626 0.238279 0.142576 0.234375 0.142576 0.232422 0.144533 0.232422 0.146483 0.234375 0.14844 0.234375 0.15039 0.236327 0.15234 0.238279 0.15039 0.242191 0.15039 0.244143 0.14844 0.246096 0.14844 0.248048 0.146483 0.251952 0.146483 0.248048 0.142576 0.248048 0.140626
0 0.193357 0.125003 0.191404 0.126953 0.189452 0.126953 0.185548 0.130861 0.183595 0.130861 0.181643 0.132811 0.179691 0.132811 0.179691 0.134768 0.181643 0.136718 0.181643 0.140626 0.183595 0.138675 0.185548 0.138675 0.189452 0.134768 0.191404 0.134768 0.195316 0.130861 0.197268 0.130861 0.195316 0.128904 0.195316 0.126953
0 0.238279 0.123046 0.230471 0.130861 0.228518 0.130861 0.224607 0.134768 0.226566 0.134768 0.228518 0.136718 0.228518 0.138675 0.230471 0.140626 0.230471 0.142576 0.234375 0.138675 0.236327 0.138675 0.240232 0.134768 0.242191 0.134768 0.244143 0.132811 0.242191 0.130861 0.242191 0.128904 0.240232 0.126953 0.240232 0.125003
0 0.179691 0.091795 0.177732 0.093752 0.175779 0.093752 0.171875 0.097659 0.169922 0.097659 0.16797 0.099609 0.166018 0.099609 0.166018 0.10156 0.16797 0.103517 0.16797 0.107424 0.169922 0.105467 0.171875 0.105467 0.173827 0.103517 0.175779 0.103517 0.177732 0.10156 0.179691 0.10156 0.181643 0.099609 0.183595 0.099609 0.181643 0.097659 0.181643 0.095702 0.179691 0.093752
0 0.230471 0.107424 0.228518 0.109374 0.216798 0.109374 0.216798 0.111331 0.21875 0.113281 0.21875 0.117189 0.220702 0.115232 0.232422 0.115232 0.232422 0.113281 0.230471 0.111331
0 0.28125 0.130861 0.279298 0.132811 0.277346 0.132811 0.273434 0.136718 0.271482 0.136718 0.267577 0.140626 0.265625 0.140626 0.265625 0.142576 0.267577 0.144533 0.267577 0.146483 0.269529 0.14844 0.269529 0.15039 0.273434 0.146483 0.275393 0.146483 0.28125 0.140626 0.283202 0.140626 0.285155 0.138675 0.283202 0.136718 0.283202 0.134768 0.28125 0.132811
0 0.326173 0.228515 0.324221 0.230472 0.316405 0.230472 0.316405 0.236329 0.318357 0.23828 0.318357 0.242187 0.320309 0.244144 0.328125 0.244144 0.328125 0.23828 0.326173 0.236329
0 0.212893 0.156248 0.210941 0.158205 0.208982 0.158205 0.207029 0.160155 0.205077 0.160155 0.203125 0.162112 0.19922 0.162112 0.197268 0.164062 0.195316 0.164062 0.195316 0.166012 0.197268 0.167969 0.197268 0.171877 0.19922 0.16992 0.201172 0.16992 0.203125 0.167969 0.205077 0.167969 0.207029 0.166012 0.210941 0.166012 0.212893 0.164062 0.214845 0.164062 0.214845 0.162112 0.212893 0.160155
0 0.255857 0.253909 0.255857 0.261716 0.253905 0.263673 0.253905 0.271481 0.261721 0.271481 0.263673 0.273438 0.263673 0.253909
0 0.251952 0.074216 0.244143 0.08203 0.242191 0.08203 0.238279 0.085938 0.242191 0.089845 0.242191 0.091795 0.244143 0.093752 0.257816 0.08008
0 0.255857 0.242187 0.253905 0.244144 0.251952 0.244144 0.25 0.246094 0.248048 0.246094 0.246096 0.248044 0.242191 0.248044 0.240232 0.250001 0.238279 0.250001 0.238279 0.253909 0.240232 0.255859 0.240232 0.259766 0.242191 0.257816 0.244143 0.257816 0.246096 0.255859 0.248048 0.255859 0.25 0.253909 0.253905 0.253909 0.255857 0.251952 0.257816 0.251952 0.257816 0.248044 0.255857 0.246094
0 0.234375 0.156248 0.232422 0.158205 0.230471 0.158205 0.228518 0.160155 0.226566 0.160155 0.226566 0.162112 0.228518 0.164062 0.228518 0.166012 0.230471 0.167969 0.230471 0.171877 0.232422 0.173827 0.232422 0.175784 0.234375 0.173827 0.242191 0.173827 0.242191 0.171877 0.240232 0.16992 0.240232 0.167969 0.238279 0.166012 0.238279 0.164062 0.236327 0.162112 0.236327 0.160155 0.234375 0.158205
0 0.263673 0.085938 0.261721 0.087888 0.259768 0.087888 0.255857 0.091795 0.253905 0.091795 0.251952 0.093752 0.25 0.093752 0.25 0.095702 0.251952 0.097659 0.251952 0.10156 0.253905 0.099609 0.257816 0.099609 0.259768 0.097659 0.261721 0.097659 0.263673 0.095702 0.267577 0.095702 0.267577 0.093752 0.265625 0.091795 0.265625 0.089845 0.263673 0.087888
0 0.248048 0.232422 0.246096 0.234372 0.244143 0.234372 0.242191 0.236329 0.240232 0.236329 0.238279 0.23828 0.236327 0.23828 0.234375 0.240237 0.232422 0.240237 0.232422 0.248044 0.234375 0.246094 0.238279 0.246094 0.240232 0.244144 0.246096 0.244144 0.248048 0.242187 0.251952 0.242187 0.251952 0.240237 0.25 0.23828 0.25 0.236329 0.248048 0.234372
0 0.150393 0.019535 0.148441 0.021485 0.146481 0.021485 0.144529 0.023435 0.142577 0.023435 0.140625 0.025392 0.138672 0.025392 0.13672 0.027342 0.134768 0.027342 0.140625 0.0332 0.142577 0.03125 0.144529 0.03125 0.146481 0.029299 0.150393 0.029299 0.152345 0.027342 0.154298 0.027342 0.152345 0.025392 0.152345 0.023435 0.150393 0.021485
0 0.304684 0.232422 0.302732 0.234372 0.294923 0.234372 0.294923 0.236329 0.296875 0.23828 0.296875 0.242187 0.298827 0.244144 0.298827 0.248044 0.300779 0.250001 0.300779 0.251952 0.302732 0.251952 0.304684 0.253909 0.306643 0.251952 0.310548 0.251952 0.310548 0.250001 0.308596 0.248044 0.308596 0.244144 0.306643 0.242187 0.306643 0.236329 0.304684 0.234372
0 0.255857 0.156248 0.253905 0.158205 0.251952 0.158205 0.25 0.160155 0.248048 0.160155 0.246096 0.162112 0.244143 0.162112 0.240232 0.166012 0.242191 0.167969 0.242191 0.16992 0.244143 0.171877 0.244143 0.173827 0.246096 0.171877 0.248048 0.171877 0.251952 0.167969 0.253905 0.167969 0.257816 0.164062 0.259768 0.164062 0.257816 0.162112 0.257816 0.160155 0.255857 0.158205
0 0.158202 0.029299 0.15625 0.03125 0.152345 0.03125 0.150393 0.0332 0.148441 0.0332 0.146481 0.035157 0.142577 0.035157 0.142577 0.039064 0.144529 0.041014 0.144529 0.042971 0.146481 0.041014 0.150393 0.041014 0.152345 0.039064 0.154298 0.039064 0.15625 0.037107 0.160154 0.037107 0.160154 0.035157 0.158202 0.0332
0 0.177732 0.039064 0.177732 0.042971 0.175779 0.044922 0.175779 0.046872 0.197268 0.046872 0.19922 0.048829 0.19922 0.039064
0 0.283202 0.201171 0.283202 0.208985 0.285155 0.210936 0.285155 0.21875 0.287107 0.2168 0.289059 0.2168 0.291018 0.214843 0.292971 0.214843 0.292971 0.208985 0.291018 0.207028 0.291018 0.201171
0 0.185548 0.10156 0.183595 0.103517 0.181643 0.103517 0.179691 0.105467 0.177732 0.105467 0.175779 0.107424 0.173827 0.107424 0.171875 0.109374 0.169922 0.109374 0.169922 0.111331 0.171875 0.113281 0.171875 0.115232 0.173827 0.117189 0.173827 0.119139 0.175779 0.117189 0.177732 0.117189 0.179691 0.115232 0.181643 0.115232 0.183595 0.113281 0.1875 0.113281 0.189452 0.111331 0.191404 0.111331 0.189452 0.109374 0.189452 0.107424 0.1875 0.105467 0.1875 0.103517
0 0.1875 0.115232 0.185548 0.117189 0.181643 0.117189 0.179691 0.119139 0.177732 0.119139 0.175779 0.121096 0.171875 0.121096 0.175779 0.125003 0.175779 0.126953 0.177732 0.128904 0.179691 0.126953 0.181643 0.126953 0.183595 0.125003 0.1875 0.125003 0.189452 0.123046 0.191404 0.123046 0.189452 0.121096 0.189452 0.119139 0.1875 0.117189
0 0.226566 0.136718 0.224607 0.138675 0.21875 0.138675 0.21875 0.140626 0.220702 0.142576 0.220702 0.144533 0.222654 0.146483 0.222654 0.15039 0.224607 0.15234 0.224607 0.154297 0.226566 0.15234 0.234375 0.15234 0.232422 0.15039 0.232422 0.14844 0.230471 0.146483 0.230471 0.144533 0.228518 0.142576 0.228518 0.140626 0.226566 0.138675
0 0.21875 0.167969 0.216798 0.16992 0.214845 0.16992 0.212893 0.171877 0.210941 0.171877 0.208982 0.173827 0.207029 0.173827 0.205077 0.175784 0.203125 0.175784 0.203125 0.185549 0.207029 0.181641 0.208982 0.181641 0.212893 0.177734 0.214845 0.177734 0.21875 0.173827 0.220702 0.173827 0.220702 0.171877 0.21875 0.16992
0 0.15625 0.039064 0.154298 0.041014 0.152345 0.041014 0.150393 0.042971 0.148441 0.042971 0.146481 0.044922 0.144529 0.044922 0.144529 0.046872 0.146481 0.048829 0.146481 0.052736 0.148441 0.054686 0.152345 0.050779 0.154298 0.050779 0.158202 0.046872 0.160154 0.046872 0.162107 0.044922 0.162107 0.042971 0.160154 0.041014 0.160154 0.039064
0 0.294923 0.248044 0.292971 0.250001 0.289059 0.250001 0.287107 0.251952 0.285155 0.251952 0.283202 0.253909 0.279298 0.253909 0.279298 0.257816 0.28125 0.259766 0.28125 0.263673 0.283202 0.261716 0.285155 0.261716 0.287107 0.259766 0.289059 0.259766 0.291018 0.257816 0.292971 0.257816 0.294923 0.255859 0.296875 0.255859 0.296875 0.253909 0.294923 0.251952
0 0.335934 0.207028 0.333982 0.208985 0.326173 0.208985 0.324221 0.210936 0.316405 0.210936 0.316405 0.222657 0.318357 0.2207 0.322268 0.2207 0.324221 0.21875 0.330078 0.21875 0.332029 0.2168 0.335934 0.2168
0 0.242191 0.03125 0.240232 0.0332 0.222654 0.0332 0.222654 0.041014 0.242191 0.041014
0 0.248048 0.14844 0.244143 0.15234 0.242191 0.15234 0.240232 0.154297 0.238279 0.154297 0.238279 0.158205 0.240232 0.160155 0.240232 0.164062 0.244143 0.160155 0.246096 0.160155 0.25 0.156248 0.251952 0.156248 0.255857 0.15234 0.257816 0.15234 0.253905 0.14844
0 0.160154 0.048829 0.15625 0.052736 0.154298 0.052736 0.150393 0.056643 0.148441 0.056643 0.148441 0.058594 0.150393 0.060544 0.150393 0.064451 0.152345 0.062501 0.154298 0.062501 0.15625 0.060544 0.160154 0.060544 0.162107 0.058594 0.164066 0.058594 0.164066 0.052736
0 0.228518 0.189456 0.226566 0.191406 0.220702 0.191406 0.21875 0.193356 0.212893 0.193356 0.210941 0.195313 0.205077 0.195313 0.205077 0.199221 0.207029 0.201171 0.207029 0.207028 0.208982 0.205078 0.212893 0.205078 0.214845 0.203128 0.21875 0.203128 0.220702 0.201171 0.224607 0.201171 0.226566 0.199221 0.230471 0.199221 0.230471 0.195313 0.228518 0.193356
0 0.222654 0.093752 0.220702 0.095702 0.21875 0.095702 0.214845 0.099609 0.212893 0.099609 0.210941 0.10156 0.210941 0.105467 0.212893 0.107424 0.214845 0.107424 0.216798 0.105467 0.21875 0.105467 0.220702 0.103517 0.222654 0.103517 0.224607 0.10156 0.226566 0.10156 0.224607 0.099609 0.224607 0.097659 0.222654 0.095702
0 0.160154 0.404294 0.158202 0.406251 0.154298 0.406251 0.154298 0.412108 0.15625 0.414065 0.15625 0.419923 0.158202 0.419923 0.160154 0.421873 0.166018 0.421873 0.166018 0.414065 0.164066 0.412108 0.164066 0.404294
0 0.222654 0.01172 0.212893 0.021485 0.21875 0.027342 0.220702 0.025392 0.220702 0.023435 0.224607 0.019535 0.224607 0.017578 0.226566 0.015628
0 0.201172 0.132811 0.19922 0.134768 0.197268 0.134768 0.193357 0.138675 0.191404 0.138675 0.1875 0.142576 0.185548 0.142576 0.185548 0.144533 0.1875 0.146483 0.1875 0.15039 0.191404 0.146483 0.193357 0.146483 0.197268 0.142576 0.19922 0.142576 0.203125 0.138675 0.205077 0.138675 0.203125 0.136718 0.203125 0.134768
0 0.148441 0.089845 0.146481 0.091795 0.142577 0.091795 0.140625 0.093752 0.13672 0.093752 0.134768 0.095702 0.130857 0.095702 0.130857 0.099609 0.132816 0.10156 0.132816 0.105467 0.134768 0.103517 0.138672 0.103517 0.140625 0.10156 0.146481 0.10156 0.148441 0.099609 0.152345 0.099609 0.152345 0.097659 0.150393 0.095702 0.150393 0.093752 0.148441 0.091795
0 0.275393 0.107424 0.273434 0.109374 0.271482 0.109374 0.269529 0.111331 0.267577 0.111331 0.263673 0.115232 0.261721 0.115232 0.259768 0.117189 0.257816 0.117189 0.257816 0.119139 0.259768 0.121096 0.259768 0.125003 0.261721 0.123046 0.263673 0.123046 0.265625 0.121096 0.269529 0.121096 0.271482 0.119139 0.273434 0.119139 0.275393 0.117189 0.279298 0.117189 0.279298 0.115232 0.277346 0.113281 0.277346 0.111331 0.275393 0.109374
0 0.214845 0.117189 0.212893 0.119139 0.208982 0.119139 0.208982 0.121096 0.210941 0.123046 0.210941 0.128904 0.212893 0.130861 0.212893 0.134768 0.214845 0.132811 0.222654 0.132811 0.220702 0.130861 0.220702 0.128904 0.21875 0.126953 0.21875 0.125003 0.216798 0.123046 0.216798 0.121096 0.214845 0.119139
0 0.242191 0.060544 0.240232 0.062501 0.224607 0.062501 0.224607 0.072266 0.226566 0.070315 0.240232 0.070315 0.240232 0.066408 0.242191 0.064451
0 0.228518 0.201171 0.226566 0.203128 0.224607 0.203128 0.222654 0.205078 0.220702 0.205078 0.21875 0.207028 0.216798 0.207028 0.214845 0.208985 0.212893 0.208985 0.212893 0.210936 0.214845 0.212893 0.214845 0.214843 0.216798 0.2168 0.216798 0.21875 0.21875 0.2168 0.222654 0.2168 0.224607 0.214843 0.228518 0.214843 0.230471 0.212893 0.234375 0.212893 0.232422 0.210936 0.232422 0.208985 0.230471 0.207028 0.230471 0.205078 0.228518 0.203128
0 0.236327 0.044922 0.234375 0.046872 0.224607 0.046872 0.224607 0.056643 0.226566 0.054686 0.238279 0.054686 0.238279 0.050779 0.236327 0.048829
0 0.3125 0.228515 0.310548 0.230472 0.308596 0.230472 0.306643 0.232422 0.306643 0.234372 0.308596 0.236329 0.308596 0.242187 0.310548 0.244144 0.310548 0.246094 0.318357 0.246094 0.318357 0.244144 0.316405 0.242187 0.316405 0.23828 0.314452 0.236329 0.314452 0.232422 0.3125 0.230472
0 0.103518 0.091795 0.101565 0.093752 0.101565 0.095702 0.099607 0.097659 0.10547 0.103517 0.10547 0.105467 0.111327 0.111331 0.113279 0.109374 0.115231 0.109374 0.117191 0.107424 0.119143 0.107424 0.111327 0.099609 0.111327 0.097659 0.10547 0.091795
0 0.19922 0.025392 0.197268 0.027342 0.191404 0.027342 0.189452 0.029299 0.185548 0.029299 0.183595 0.03125 0.177732 0.03125 0.177732 0.0332 0.179691 0.035157 0.179691 0.037107 0.191404 0.037107 0.193357 0.035157 0.197268 0.035157 0.19922 0.0332 0.203125 0.0332 0.201172 0.03125 0.201172 0.029299 0.19922 0.027342
0 0.265625 0.164062 0.265625 0.183592 0.275393 0.183592 0.275393 0.175784 0.273434 0.173827 0.273434 0.164062
0 0.273434 0.250001 0.271482 0.251952 0.265625 0.251952 0.265625 0.257816 0.267577 0.259766 0.267577 0.267581 0.273434 0.267581 0.275393 0.269531 0.275393 0.261716 0.273434 0.259766
0 0.310548 0.173827 0.308596 0.175784 0.306643 0.175784 0.302732 0.179684 0.300779 0.179684 0.296875 0.183592 0.294923 0.183592 0.294923 0.185549 0.296875 0.187499 0.296875 0.189456 0.298827 0.191406 0.298827 0.193356 0.304684 0.187499 0.306643 0.187499 0.310548 0.183592 0.3125 0.183592 0.314452 0.181641 0.3125 0.179684 0.3125 0.177734 0.310548 0.175784
0 0.181643 0 0.179691 0.001956 0.177732 0.001956 0.173827 0.005863 0.171875 0.005863 0.169922 0.007813 0.16797 0.007813 0.16797 0.015628 0.169922 0.01367 0.171875 0.01367 0.173827 0.01172 0.175779 0.01172 0.179691 0.007813 0.181643 0.007813 0.183595 0.005863 0.185548 0.005863 0.183595 0.003906 0.183595 0.001956
0 0.054691 0.541013 0.052731 0.542971 0.052731 0.556643 0.054691 0.556643 0.056643 0.558593 0.058595 0.558593 0.060547 0.556643 0.0625 0.556643 0.0625 0.550778 0.060547 0.548828 0.060547 0.541013
0 0.146481 0.005863 0.144529 0.007813 0.142577 0.007813 0.140625 0.009763 0.138672 0.009763 0.134768 0.01367 0.132816 0.01367 0.130857 0.015628 0.128904 0.015628 0.128904 0.019535 0.130857 0.021485 0.130857 0.025392 0.132816 0.023435 0.134768 0.023435 0.13672 0.021485 0.138672 0.021485 0.140625 0.019535 0.142577 0.019535 0.144529 0.017578 0.146481 0.017578 0.148441 0.015628 0.150393 0.015628 0.150393 0.01172 0.146481 0.007813
0 0.285155 0.226565 0.283202 0.228515 0.277346 0.228515 0.275393 0.230472 0.269529 0.230472 0.269529 0.23828 0.271482 0.236329 0.277346 0.236329 0.279298 0.234372 0.285155 0.234372
0 0.173827 0.076173 0.171875 0.078123 0.166018 0.078123 0.164066 0.08008 0.15625 0.08008 0.15625 0.083987 0.158202 0.085938 0.158202 0.089845 0.160154 0.087888 0.166018 0.087888 0.16797 0.085938 0.175779 0.085938 0.175779 0.08203 0.173827 0.08008
0 0.220702 0.179684 0.21875 0.181641 0.216798 0.181641 0.214845 0.183592 0.212893 0.183592 0.210941 0.185549 0.207029 0.185549 0.205077 0.187499 0.203125 0.187499 0.203125 0.189456 0.205077 0.191406 0.205077 0.193356 0.208982 0.193356 0.210941 0.191406 0.214845 0.191406 0.216798 0.189456 0.21875 0.189456 0.220702 0.187499 0.224607 0.187499 0.222654 0.185549 0.222654 0.183592 0.220702 0.181641
0 0.207029 0.146483 0.205077 0.14844 0.203125 0.14844 0.201172 0.15039 0.19922 0.15039 0.197268 0.15234 0.195316 0.15234 0.193357 0.154297 0.191404 0.154297 0.191404 0.162112 0.193357 0.160155 0.195316 0.160155 0.197268 0.158205 0.19922 0.158205 0.203125 0.154297 0.205077 0.154297 0.207029 0.15234 0.208982 0.15234 0.208982 0.15039 0.207029 0.14844