0 0.394536 0.201174 0.392577 0.203126 0.390628 0.203126 0.38672 0.207032 0.384762 0.207032 0.380863 0.210938 0.378905 0.210938 0.374998 0.214843 0.373048 0.214843 0.373048 0.216796 0.374998 0.218749 0.374998 0.222654 0.376956 0.222654 0.378905 0.224607 0.382813 0.224607 0.390628 0.216796 0.390628 0.214843 0.398434 0.207032 0.398434 0.205079
0 0.363284 0.037113 0.355469 0.044924 0.35352 0.044924 0.347654 0.050782 0.347654 0.052735 0.345705 0.054688 0.345705 0.056641 0.349612 0.060546 0.35352 0.060546 0.369141 0.044924 0.369141 0.042971
0 0.919925 0.583982 0.917967 0.585935 0.916018 0.585935 0.91406 0.587887 0.91211 0.587887 0.908203 0.591793 0.906253 0.591793 0.904295 0.593746 0.902346 0.593746 0.900388 0.595699 0.898438 0.595699 0.898438 0.603519 0.900388 0.603519 0.904295 0.607425 0.910152 0.607425 0.91211 0.605472 0.91406 0.605472 0.916018 0.603519 0.917967 0.603519 0.921875 0.599613 0.923824 0.599613 0.925782 0.597661 0.927732 0.597661 0.92969 0.595699 0.931639 0.595699 0.931639 0.58984 0.927732 0.585935 0.925782 0.585935 0.923824 0.583982
0 0.314453 0.255861 0.310545 0.259766 0.308596 0.259766 0.300781 0.267577 0.298832 0.267577 0.292966 0.273436 0.291017 0.273436 0.289059 0.275388 0.289059 0.281247 0.292966 0.285152 0.294925 0.283199 0.296874 0.283199 0.298832 0.281247 0.300781 0.281247 0.302731 0.279294 0.304688 0.279294 0.306638 0.277341 0.310545 0.277341 0.312504 0.275388 0.314453 0.275388 0.316402 0.273436 0.318361 0.273436 0.318361 0.26953 0.316402 0.267577 0.316402 0.259766 0.314453 0.257813
0 0.154297 0.361329 0.15039 0.365234 0.148441 0.365234 0.140626 0.373045 0.138668 0.373045 0.132811 0.378904 0.130861 0.378904 0.128903 0.380857 0.128903 0.38281 0.130861 0.384762 0.130861 0.386715 0.132811 0.388668 0.134769 0.388668 0.138668 0.392582 0.140626 0.392582 0.144533 0.388668 0.146482 0.388668 0.15039 0.384762 0.152339 0.384762 0.156247 0.380857 0.158205 0.380857 0.162113 0.376951 0.164062 0.376951 0.166012 0.374999 0.166012 0.373045 0.16797 0.371093 0.16797 0.36914 0.169919 0.367187 0.169919 0.365234 0.16797 0.363281 0.16797 0.361329
0 0.396485 0.099611 0.38867 0.107422 0.38867 0.109375 0.380863 0.117186 0.380863 0.121091 0.382813 0.123044 0.382813 0.12695 0.390628 0.12695 0.392577 0.128902 0.394536 0.12695 0.394536 0.124997 0.398434 0.121091 0.398434 0.119139 0.4043 0.11328 0.4043 0.111328 0.40625 0.109375 0.4043 0.107422 0.4043 0.105469 0.402342 0.103517 0.402342 0.101563 0.398434 0.101563
0 0.773442 0.664064 0.773442 0.666017 0.771483 0.66797 0.771483 0.669923 0.775391 0.669923 0.77734 0.671875 0.783206 0.671875 0.785155 0.673828 0.789063 0.673828 0.791012 0.675781 0.79492 0.671875 0.796878 0.671875 0.796878 0.66797 0.789063 0.66797 0.787113 0.666017 0.781248 0.666017 0.779298 0.664064
0 1 0.582029 1 0.583982 1 0.583982 1 0.587887 1 0.587887 0.998049 0.591793 0.996091 0.591793 0.992184 0.595699 0.990234 0.595699 0.986327 0.599613 0.984377 0.599613 0.984377 0.601566 0.982419 0.603519 0.982419 0.605472 0.986327 0.605472 0.988285 0.607425 0.992184 0.607425 0.994142 0.609377 0.996091 0.607425 0.998049 0.607425 0.999999 0.605472 1 0.605472 1 0.603519 1 0.603519 1 0.601566 1 0.601566 1 0.599613 1 0.599613 1 0.591793 1 0.58984 1 0.583982 1 0.583982
0 0.265622 0.343754 0.261715 0.34766 0.259766 0.34766 0.255858 0.351565 0.253909 0.351565 0.250001 0.35547 0.248043 0.35547 0.244144 0.359376 0.242186 0.359376 0.242186 0.365234 0.244144 0.367187 0.244144 0.371093 0.246094 0.373045 0.250001 0.373045 0.251951 0.374999 0.259766 0.374999 0.26953 0.365234 0.271488 0.365234 0.277345 0.359376 0.277345 0.357423 0.279294 0.35547 0.279294 0.351565 0.277345 0.349612 0.277345 0.34766 0.275387 0.34766 0.271488 0.343754
0 0.351561 0.291019 0.347654 0.294925 0.345705 0.294925 0.33789 0.302737 0.33594 0.302737 0.333982 0.304689 0.333982 0.306642 0.332033 0.308595 0.332033 0.310547 0.333982 0.3125 0.33789 0.3125 0.339848 0.314453 0.343747 0.310547 0.345705 0.310547 0.35352 0.302737 0.355469 0.302737 0.357418 0.300784 0.357418 0.298831 0.355469 0.296878 0.355469 0.294925
0 0.515625 0.330075 0.515625 0.343754 0.517574 0.345706 0.517574 0.353518 0.521482 0.357423 0.521482 0.359376 0.52344 0.361329 0.533204 0.361329 0.533204 0.359376 0.535153 0.357423 0.535153 0.351565 0.533204 0.349612 0.533204 0.34766 0.531246 0.345706 0.531246 0.343754 0.529297 0.341801 0.529297 0.339849 0.527347 0.337886 0.527347 0.335934 0.525389 0.333981 0.525389 0.332028 0.52344 0.332028 0.521482 0.330075
0 0.96484 0.607425 0.945311 0.626952 0.949218 0.630858 0.955075 0.630858 0.957033 0.628905 0.960941 0.628905 0.96289 0.626952 0.968748 0.626952 0.972655 0.623047 0.972655 0.615236 0.970706 0.613283 0.970706 0.611331 0.968748 0.611331
0 1 0.517579 1 0.521484 1 0.521484 1 0.527343 1 0.527343 1 0.531248 1 0.531248 1 0.533201 1 0.533201 0.999999 0.535153 0.998049 0.535153 0.998049 0.544918 0.999999 0.544918 1 0.546879 1 0.544918 1 0.544918 1 0.542964 1 0.542964 1 0.541012 1 0.541012 1 0.537106 1 0.537106 1 0.535153 1 0.535153 1 0.533201 1 0.533201 1 0.531248 1 0.531248 1 0.521484 1 0.521484
0 0.800786 0.66797 0.800786 0.669923 0.798828 0.671875 0.798828 0.673828 0.802735 0.677734 0.802735 0.679687 0.804685 0.681639 0.816407 0.681639 0.818357 0.679687 0.824222 0.679687 0.824222 0.677734 0.826171 0.675781 0.826171 0.673828 0.824222 0.671875 0.824222 0.669923 0.802735 0.669923
0 0.373048 0.058593 0.369141 0.062499 0.367191 0.062499 0.359376 0.07031 0.357418 0.07031 0.355469 0.072263 0.355469 0.080074 0.357418 0.082036 0.367191 0.082036 0.369141 0.080074 0.369141 0.078121 0.37109 0.076168 0.37109 0.074216 0.373048 0.072263 0.373048 0.07031 0.374998 0.068357 0.374998 0.066405 0.376956 0.064452 0.376956 0.062499 0.374998 0.060546 0.374998 0.058593
0 0.117189 0.38281 0.113282 0.386715 0.111332 0.386715 0.105467 0.392582 0.103518 0.392582 0.097661 0.398441 0.095702 0.398441 0.093753 0.400394 0.093753 0.414063 0.095702 0.416016 0.095702 0.417968 0.10156 0.417968 0.103518 0.416016 0.107425 0.416016 0.109375 0.414063 0.111332 0.414063 0.115231 0.410157 0.117189 0.410157 0.121097 0.406252 0.123046 0.406252 0.126954 0.402346 0.128903 0.402346 0.130861 0.400394 0.128903 0.398441 0.128903 0.396488 0.126954 0.394535 0.126954 0.392582
0 0.568363 0.419921 0.562497 0.42578 0.566405 0.429685 0.566405 0.431638 0.572262 0.437496 0.572262 0.439449 0.57422 0.441402 0.582035 0.441402 0.583984 0.439449 0.583984 0.437496 0.585933 0.435544 0.580077 0.429685 0.580077 0.427732 0.576169 0.423827 0.57422 0.423827 0.572262 0.421875 0.570312 0.421875
0 0.716796 0.646481 0.716796 0.650394 0.730468 0.664064 0.736325 0.664064 0.738283 0.666017 0.74219 0.666017 0.74414 0.66797 0.748047 0.664064 0.748047 0.658206 0.746098 0.658206 0.74414 0.656253 0.74219 0.656253 0.740232 0.654301 0.736325 0.654301 0.734375 0.652348 0.732426 0.652348 0.730468 0.650394 0.728518 0.650394 0.72656 0.648433 0.724611 0.648433 0.722653 0.646481
0 0.548825 0.294925 0.548825 0.298831 0.546876 0.300784 0.546876 0.302737 0.548825 0.304689 0.548825 0.306642 0.550783 0.308595 0.550783 0.310547 0.554691 0.314453 0.554691 0.316405 0.55664 0.318358 0.55664 0.320312 0.55859 0.322264 0.566405 0.322264 0.570312 0.318358 0.572262 0.318358 0.570312 0.316405 0.570312 0.314453 0.568363 0.3125 0.568363 0.310547 0.564456 0.306642 0.564456 0.304689 0.562497 0.302737 0.562497 0.300784 0.560548 0.298831 0.560548 0.296878 0.55859 0.294925
0 0.859372 0.662112 0.857422 0.664064 0.853515 0.664064 0.851565 0.666017 0.847658 0.666017 0.8457 0.66797 0.841793 0.66797 0.84375 0.669923 0.8457 0.669923 0.849607 0.673828 0.853515 0.673828 0.855464 0.671875 0.86133 0.671875 0.865238 0.66797 0.867187 0.66797 0.865238 0.666017 0.865238 0.664064 0.86133 0.664064
0 0.828129 0.615236 0.828129 0.617188 0.826171 0.619141 0.826171 0.625 0.828129 0.626952 0.828129 0.630858 0.853515 0.630858 0.853515 0.626952 0.855464 0.625 0.855464 0.621094 0.853515 0.619141 0.853515 0.617188 0.830079 0.617188
0 0.363284 0.222654 0.361326 0.224607 0.357418 0.224607 0.355469 0.22656 0.35352 0.22656 0.351561 0.228512 0.347654 0.228512 0.345705 0.230465 0.341797 0.230465 0.341797 0.238286 0.343747 0.238286 0.345705 0.240238 0.347654 0.240238 0.349612 0.242191 0.351561 0.242191 0.35352 0.244143 0.361326 0.236323 0.363284 0.236323 0.369141 0.230465 0.369141 0.228512 0.367191 0.22656 0.367191 0.224607 0.365233 0.222654
0 0.894531 0.646481 0.880859 0.660159 0.87891 0.660159 0.876952 0.662112 0.87891 0.664064 0.87891 0.666017 0.880859 0.66797 0.888674 0.66797 0.890623 0.666017 0.892581 0.666017 0.89648 0.662112 0.898438 0.662112 0.900388 0.660159 0.902346 0.660159 0.906253 0.656253 0.908203 0.656253 0.908203 0.650394 0.906253 0.650394 0.902346 0.646481
0 0.50781 0.296878 0.503902 0.300784 0.501953 0.300784 0.496096 0.306642 0.496096 0.308595 0.498045 0.310547 0.498045 0.3125 0.500003 0.314453 0.500003 0.318358 0.501953 0.320312 0.501953 0.322264 0.503902 0.324217 0.50586 0.324217 0.509768 0.328123 0.515625 0.328123 0.517574 0.326169 0.519532 0.326169 0.519532 0.322264 0.521482 0.320312 0.521482 0.318358 0.519532 0.316405 0.519532 0.314453 0.517574 0.3125 0.517574 0.310547 0.515625 0.308595 0.515625 0.306642 0.513675 0.304689 0.513675 0.302737
0 0.347654 0.01367 0.343747 0.017576 0.341797 0.017576 0.33789 0.021482 0.33594 0.021482 0.328125 0.029292 0.328125 0.037113 0.330075 0.037113 0.332033 0.039066 0.333982 0.039066 0.33594 0.041018 0.35352 0.023434 0.35352 0.019529 0.351561 0.017576 0.351561 0.015623 0.349612 0.015623
0 0.544918 0.378904 0.542968 0.380857 0.541019 0.380857 0.537111 0.384762 0.539061 0.386715 0.539061 0.388668 0.541019 0.390621 0.541019 0.392582 0.542968 0.394535 0.542968 0.396488 0.544918 0.398441 0.544918 0.400394 0.552733 0.408205 0.554691 0.406252 0.55664 0.406252 0.55859 0.404299 0.560548 0.404299 0.560548 0.398441 0.55859 0.396488 0.55859 0.394535 0.55664 0.392582 0.55664 0.390621 0.552733 0.386715 0.552733 0.384762 0.550783 0.38281 0.550783 0.380857 0.548825 0.378904
0 0.888674 0.603519 0.884767 0.607425 0.882808 0.607425 0.875002 0.615236 0.873044 0.615236 0.871095 0.617188 0.873044 0.619141 0.873044 0.621094 0.875002 0.621094 0.876952 0.619141 0.87891 0.619141 0.880859 0.617188 0.884767 0.617188 0.886716 0.615236 0.888674 0.615236 0.890623 0.613283 0.894531 0.613283 0.89648 0.611331 0.898438 0.611331 0.898438 0.607425 0.894531 0.603519
0 0.630857 0.533201 0.630857 0.542964 0.638672 0.550785 0.638672 0.552738 0.640622 0.55469 0.640622 0.556643 0.64258 0.558596 0.644528 0.558596 0.646487 0.560549 0.648436 0.558596 0.650394 0.558596 0.650394 0.556643 0.648436 0.55469 0.648436 0.552738 0.646487 0.550785 0.646487 0.548832 0.644528 0.546879 0.644528 0.544918 0.64258 0.542964 0.64258 0.541012 0.640622 0.539059 0.640622 0.537106 0.638672 0.537106 0.634765 0.533201
0 0.380863 0.07031 0.378905 0.072263 0.378905 0.074216 0.373048 0.080074 0.373048 0.082036 0.369141 0.085941 0.369141 0.087894 0.363284 0.093752 0.363284 0.095706 0.361326 0.097658 0.363284 0.099611 0.363284 0.101563 0.365233 0.103517 0.373048 0.103517 0.374998 0.101563 0.374998 0.099611 0.380863 0.093752 0.380863 0.091799 0.38672 0.085941 0.38672 0.083989 0.38867 0.082036 0.38867 0.080074 0.390628 0.078121 0.38867 0.076168 0.38867 0.074216 0.38672 0.072263 0.382813 0.072263