0 1 0.074219 1 0.076171 0.992185 0.076171 0.992185 0.080076 0.994139 0.082029 0.994139 0.085939 1 0.085939
0 0.966798 0.568359 0.966798 0.58008 0.974609 0.58008 0.974609 0.568359
0 0.992185 0.185546 0.992185 0.199219 1 0.199219 1 0.185546
0 0.970702 0.433595 0.968748 0.435548 0.966798 0.435548 0.966798 0.4375 0.964845 0.439453 0.964845 0.451174 0.968748 0.451174 0.970702 0.453127 0.974609 0.449216 0.974609 0.439453 0.972656 0.4375 0.972656 0.435548
0 0.992185 0.013671 0.992185 0.023439 1 0.023439 1 0.013671
0 0.937499 0.32422 0.937499 0.337889 0.941407 0.337889 0.943361 0.335936 0.943361 0.333984 0.945311 0.332031 0.945311 0.330078 0.943361 0.328126 0.943361 0.32422
0 0.95508 0.009765 0.95508 0.025392 0.957029 0.023439 0.964845 0.023439 0.964845 0.017576 0.966798 0.015623 0.966798 0.009765
0 0.601564 0.744139 0.597656 0.748045 0.597656 0.749998 0.59961 0.751955 0.59961 0.753908 0.601564 0.755861 0.605467 0.751955 0.607421 0.751955 0.609375 0.749998 0.605467 0.746092 0.605467 0.744139
1 0.964845 0.777345 0.964845 0.794924 0.966798 0.796877 0.966798 0.814451 0.978517 0.814451 0.978517 0.779298 0.966798 0.779298
0 1 0.208983 1 0.210936 1 0.210936 0.998047 0.212888 0.994139 0.212888 0.994139 0.224609 0.996093 0.222656 1 0.222656
0 0.54297 0.648439 0.537109 0.654297 0.541016 0.658202 0.541016 0.660155 0.54297 0.662108 0.546873 0.658202 0.548827 0.658202 0.550781 0.656249
0 0.994139 0.101561 0.994139 0.105466 0.996093 0.107424 0.996093 0.111329 1 0.111329 1 0.109377 1 0.107424 1 0.105466 1 0.103513 1 0.101561
0 0.931642 0.074219 0.931642 0.091798 0.933592 0.091798 0.935546 0.09375 0.935546 0.089845 0.937499 0.087892 0.937499 0.076171 0.933592 0.076171
0 0.960937 0.246094 0.958983 0.248046 0.949218 0.248046 0.949218 0.251951 0.951172 0.253904 0.951172 0.259767 0.958983 0.259767 0.958983 0.253904 0.960937 0.251951
0 1 0.001955 0.998047 0.003907 0.992185 0.003907 0.992185 0.00586 0.994139 0.007813 0.994139 0.011718 1 0.011718
0 0.994139 0.089845 0.994139 0.09375 0.996093 0.095703 0.996093 0.099608 1 0.099608 1 0.089845
0 0.568361 0.687502 0.566407 0.689455 0.5625 0.689455 0.564454 0.691407 0.564454 0.69336 0.568361 0.697265 0.568361 0.699218 0.570311 0.701171 0.572265 0.699218 0.572265 0.697265 0.574219 0.695313 0.570311 0.691407 0.570311 0.689455
0 0.945311 0.369142 0.945311 0.371094 0.943361 0.373047 0.943361 0.382811 0.945311 0.382811 0.947264 0.384763 0.951172 0.380858 0.951172 0.373047 0.949218 0.373047
0 0.933592 0.306641 0.933592 0.308594 0.931642 0.310547 0.931642 0.318357 0.939453 0.318357 0.939453 0.314452 0.941407 0.312499 0.941407 0.310547 0.937499 0.306641
0 0.95508 0.09375 0.95508 0.107424 0.964845 0.107424 0.964845 0.101561 0.962891 0.099608 0.962891 0.09375
0 0.583983 0.712892 0.58008 0.716797 0.58203 0.71875 0.58203 0.720702 0.583983 0.722655 0.583983 0.724608 0.585937 0.726561 0.585937 0.728513 0.587891 0.730471 0.589845 0.728513 0.595702 0.728513 0.591799 0.724608 0.591799 0.722655 0.585937 0.716797 0.585937 0.714844
0 0.214845 0.03125 0.212891 0.033202 0.208984 0.033202 0.20703 0.035155 0.205076 0.035155 0.203127 0.037108 0.199219 0.037108 0.201173 0.039061 0.201173 0.041013 0.203127 0.042971 0.203127 0.044924 0.205076 0.046876 0.20703 0.044924 0.210938 0.044924 0.212891 0.042971 0.214845 0.042971 0.216795 0.041013 0.220703 0.041013 0.218749 0.039061 0.218749 0.037108 0.216795 0.035155 0.216795 0.033202
0 0.576172 0.699218 0.572265 0.703123 0.574219 0.705076 0.574219 0.707029 0.576172 0.708987 0.576172 0.710939 0.578126 0.712892 0.58008 0.710939 0.583983 0.710939 0.58203 0.708987 0.58203 0.707029 0.578126 0.703123 0.578126 0.701171
0 0.95508 0.500001 0.95508 0.51758 0.957029 0.519532 0.957029 0.521485 0.958983 0.523438 0.958983 0.52539 0.960937 0.527343 0.960937 0.529296 0.968748 0.521485 0.968748 0.515627 0.966798 0.51367 0.966798 0.505859 0.962891 0.501953 0.957029 0.501953
0 0.957029 0.146482 0.957029 0.160156 0.960937 0.156251 0.960937 0.152345 0.962891 0.150393 0.962891 0.148435 0.958983 0.148435
0 0.359374 0.351563 0.35742 0.353515 0.35547 0.353515 0.35742 0.355468 0.35742 0.357421 0.359374 0.359373 0.359374 0.361326 0.361327 0.359373 0.365235 0.359373 0.361327 0.355468 0.361327 0.353515
0 1 0.244141 1 0.246094 0.996093 0.246094 0.996093 0.251951 0.998047 0.253904 0.998047 0.259767 1 0.257814 1 0.257814 1 0.255857 1 0.255857 1 0.251951 1 0.249999
0 0.958983 0.203125 0.958983 0.20703 0.957029 0.208983 0.957029 0.212888 0.958983 0.214846 0.958983 0.216799 0.962891 0.220704 0.962891 0.218751 0.964845 0.216799 0.964845 0.214846 0.966798 0.212888 0.964845 0.210936 0.964845 0.208983 0.962891 0.20703 0.962891 0.205077 0.960937 0.205077
0 0.95508 0.230467 0.95508 0.242188 0.960937 0.242188 0.960937 0.230467
0 0.943361 0.685545 0.943361 0.695313 0.941407 0.697265 0.941407 0.707029 0.951172 0.707029 0.951172 0.685545
0 0.962891 0.619139 0.962891 0.621091 0.960937 0.623049 0.960937 0.625002 0.958983 0.626954 0.958983 0.640623 0.962891 0.640623 0.964845 0.642576 0.966798 0.640623 0.970702 0.640623 0.970702 0.625002 0.968748 0.623049 0.968748 0.619139
0 0.994139 0.062498 0.994139 0.072266 1 0.072266 1 0.062498
0 0.972656 0.71875 0.972656 0.728513 0.970702 0.730471 0.970702 0.738281 0.976563 0.738281 0.976563 0.734376 0.978517 0.732424 0.978517 0.724608 0.980467 0.722655 0.980467 0.71875
0 0.982421 0.568359 0.982421 0.58008 0.984374 0.582033 0.984374 0.583986 0.990236 0.578123 0.990236 0.570312 0.984374 0.570312
1 0.998047 0.152345 0.998047 0.166014 0.996093 0.167967 0.996093 0.179688 1 0.179688 1 0.154298 1 0.154298 1 0.152345
0 0.992185 0.228514 0.992185 0.23242 0.994139 0.234373 0.994139 0.240236 1 0.240236 1 0.23633 1 0.234373 1 0.228514
0 0.957029 0.404295 0.957029 0.406248 0.95508 0.408205 0.95508 0.417969 0.957029 0.419921 0.957029 0.421874 0.962891 0.421874 0.962891 0.417969 0.964845 0.416016 0.964845 0.406248 0.958983 0.406248
0 0.996093 0.138672 0.996093 0.152345 0.998047 0.150393 1 0.150393 1 0.138672
1 0.990236 0.03125 0.990236 0.042971 0.992185 0.044924 0.992185 0.058592 1 0.058592 1 0.048829 1 0.046876 1 0.035155 1 0.035155 0.996093 0.03125
0 0.988282 0.845703 0.986328 0.847656 0.982421 0.847656 0.982421 0.851561 0.984374 0.853514 0.984374 0.859377 0.990236 0.859377 0.990236 0.853514 0.988282 0.851561
0 0.939453 0.269531 0.937499 0.271483 0.937499 0.273436 0.935546 0.275388 0.935546 0.283204 0.937499 0.285157 0.937499 0.289062 0.939453 0.291015 0.939453 0.292968 0.941407 0.29492 0.941407 0.291015 0.943361 0.289062 0.943361 0.275388 0.941407 0.273436 0.941407 0.271483
0 0.945311 0.107424 0.945311 0.136719 0.957029 0.136719 0.957029 0.123045 0.958983 0.121093 0.958983 0.109377 0.947264 0.109377
0 0.992185 0 0.992185 0.001955 0.998047 0.001955 1 0.000002 1 0 0.998047 0 0.998047 0
0 0.548827 0.662108 0.548827 0.66406 0.546873 0.666018 0.548827 0.66797 0.548827 0.669923 0.552735 0.673828 0.552735 0.675781 0.554689 0.677734 0.554689 0.679686 0.556643 0.681639 0.560546 0.677734 0.5625 0.677734 0.560546 0.675781 0.560546 0.673828 0.556643 0.669923 0.556643 0.66797 0.554689 0.666018 0.554689 0.66406 0.552735 0.662108
0 0.595702 0.732424 0.591799 0.736329 0.589845 0.736329 0.591799 0.738281 0.591799 0.740234 0.593748 0.742187 0.593748 0.744139 0.595702 0.746092 0.595702 0.748045 0.601564 0.742187 0.603517 0.742187 0.605467 0.740234 0.603517 0.738281 0.601564 0.738281
0 0.960937 0.570312 0.960937 0.57617 0.958983 0.578123 0.958983 0.583986 0.960937 0.585938 0.960937 0.587891 0.966798 0.587891 0.966798 0.582033 0.964845 0.58008 0.964845 0.570312
0 0.931642 0.193362 0.931642 0.195314 0.929688 0.197267 0.929688 0.20703 0.935546 0.20703 0.937499 0.208983 0.937499 0.20703 0.939453 0.205077 0.939453 0.195314 0.933592 0.195314
0 0.986328 0.619139 0.984374 0.621091 0.982421 0.621091 0.980467 0.623049 0.978517 0.623049 0.978517 0.626954 0.976563 0.628907 0.976563 0.634765 0.978517 0.636718 0.978517 0.640623 0.984374 0.640623 0.986328 0.642576 0.990236 0.63867 0.990236 0.626954 0.988282 0.625002 0.988282 0.623049 0.986328 0.621091
0 0.607421 0.753908 0.605467 0.755861 0.605467 0.757813 0.607421 0.759766 0.607421 0.761719 0.609375 0.763671 0.609375 0.765624 0.611329 0.763671 0.617186 0.763671
0 0.925781 0.863282 0.925781 0.865235 0.923827 0.867188 0.923827 0.871093 0.921873 0.873046 0.921873 0.874999 0.923827 0.876951 0.923827 0.878904 0.925781 0.880862 0.925781 0.878904 0.927734 0.876951 0.927734 0.874999 0.929688 0.873046 0.929688 0.871093 0.931642 0.86914
0 0.962891 0.535154 0.962891 0.548827 0.964845 0.55078 0.964845 0.552733 0.966798 0.554686 0.968748 0.552733 0.968748 0.55078 0.970702 0.548827 0.970702 0.546875 0.972656 0.544922 0.972656 0.542969 0.970702 0.541017 0.970702 0.539064 0.968748 0.539064 0.966798 0.537112 0.964845 0.537112
0 0.996093 0.121093 0.996093 0.134766 1 0.134766 1 0.128908 1 0.126951 1 0.121093
0 0.966798 0.486327 0.964845 0.48828 0.964845 0.490232 0.962891 0.492185 0.962891 0.494143 0.960937 0.496095 0.960937 0.498048 0.966798 0.503906 0.968748 0.503906 0.970702 0.505859 0.970702 0.503906 0.972656 0.501953 0.972656 0.490232 0.970702 0.490232
0 0.95508 0.179688 0.95508 0.183593 0.953126 0.185546 0.953126 0.191404 0.957029 0.195314 0.962891 0.189451 0.962891 0.185546 0.960937 0.183593 0.960937 0.179688
0 0.984374 0.978515 0.984374 0.980468 0.982421 0.982421 0.982421 0.986326 0.980467 0.988283 0.980467 0.990236 0.982421 0.990236 0.984374 0.992189 0.986328 0.992189 0.988282 0.994141 0.988282 0.992189 0.990236 0.990236 0.990236 0.984373 0.992185 0.982421 0.992185 0.980468 0.986328 0.980468
0 0.941407 0.765624 0.941407 0.779298 0.945311 0.779298 0.947264 0.78125 0.947264 0.777345 0.949218 0.775392 0.949218 0.769529 0.951172 0.767577 0.951172 0.765624
0 0.894532 0.964842 0.892578 0.966799 0.892578 0.968752 0.890625 0.970704 0.890625 0.972657 0.888671 0.97461 0.892578 0.978515 0.892578 0.976562 0.894532 0.97461 0.894532 0.972657 0.896486 0.970704 0.896486 0.968752 0.898436 0.966799 0.898436 0.964842
0 0.939453 0.644533 0.939453 0.650391 0.941407 0.652344 0.941407 0.660155 0.949218 0.660155 0.949218 0.644533
0 0.953126 0.011718 0.951172 0.013671 0.947264 0.013671 0.947264 0.019529 0.945311 0.021487 0.945311 0.025392 0.953126 0.025392