0 0.255858 0.822264 0.255858 0.833984 0.259765 0.833984 0.259765 0.822264
0 0.460937 0.279297 0.460937 0.285154 0.46289 0.283203 0.47461 0.283203 0.47461 0.279297
0 0.390624 0.939452 0.390624 0.951172 0.396484 0.951172 0.396484 0.941407 0.392577 0.941407
0 0.660155 0.998048 0.660155 1 0.662108 1 0.666015 1 0.666015 0.999999 0.662108 0.999999
0 0.330078 0.904296 0.330078 0.908203 0.328124 0.910158 0.328124 0.916016 0.326171 0.917967 0.326171 0.919923 0.333984 0.919923 0.333984 0.904296
0 0.736328 0.666015 0.734375 0.66797 0.734375 0.669921 0.732421 0.671877 0.734375 0.671877 0.736328 0.673828 0.740235 0.673828 0.742188 0.675779 0.744141 0.675779 0.746095 0.677735 0.750001 0.673828 0.748048 0.673828 0.746095 0.671877 0.744141 0.671877 0.740235 0.66797 0.738281 0.66797
0 0.40039 0.781251 0.40039 0.789064 0.402344 0.789064 0.404297 0.791015 0.404297 0.781251
13 0.257811 0.876954 0.257811 0.882811 0.255858 0.884767 0.255858 0.898438 0.253905 0.900389 0.253905 0.912109 0.251951 0.914061 0.251951 0.925781 0.250002 0.927736 0.250002 0.941407 0.248048 0.943358 0.248048 0.955079 0.246095 0.95703 0.246095 0.962892 0.261718 0.962892 0.263671 0.964843 0.279298 0.964843 0.281251 0.966799 0.281251 0.960936 0.283205 0.958985 0.283205 0.947265 0.285154 0.945314 0.285154 0.933594 0.287108 0.931638 0.287108 0.917967 0.289061 0.916016 0.289061 0.904296 0.291014 0.902345 0.291014 0.890625 0.292968 0.888674 0.292968 0.882811 0.283205 0.882811 0.281251 0.88086 0.271485 0.88086 0.269531 0.878905 0.259765 0.878905
2 0 0.859376 0 0.939452 0.001953 0.937501 0.01172 0.937501 0.013673 0.935545 0.015627 0.935545 0.01953 0.931638 0.021483 0.931638 0.023436 0.929687 0.02539 0.929687 0.03125 0.923829 0.033203 0.923829 0.03711 0.919923 0.03711 0.917967 0.039063 0.916016 0.039063 0.914061 0.041016 0.912109 0.041016 0.910158 0.04297 0.908203 0.04297 0.884767 0.041016 0.882811 0.041016 0.874998 0.039063 0.874998 0.035156 0.871096 0.033203 0.871096 0.029296 0.867189 0.027343 0.867189 0.02539 0.865234 0.021483 0.865234 0.01953 0.863282 0.015627 0.863282 0.013673 0.861327 0.001953 0.861327
0 0.697265 0.839842 0.697265 0.849611 0.701172 0.849611 0.701172 0.847656 0.699218 0.845704 0.699218 0.841798
0 0.630859 0.822264 0.630859 0.828127 0.628905 0.830078 0.628905 0.833984 0.634765 0.833984 0.634765 0.822264
0 0.124999 0.822264 0.123046 0.82422 0.113283 0.82422 0.113283 0.830078 0.124999 0.830078
0 0.873047 0.894531 0.873047 0.908203 0.878907 0.908203 0.878907 0.894531
0 0.472657 0.20703 0.470703 0.208985 0.458983 0.208985 0.460937 0.210936 0.460937 0.212892 0.46289 0.210936 0.472657 0.210936
0 0.142579 0.826171 0.142579 0.830078 0.152342 0.830078 0.154295 0.832033 0.154295 0.830078 0.152342 0.828127 0.152342 0.826171
0 0.078126 0.808593 0.072266 0.814451 0.076173 0.818358 0.08008 0.814451 0.082033 0.814451 0.083983 0.8125 0.082033 0.8125
0 0.671875 0.832033 0.671875 0.837891 0.669922 0.839842 0.669922 0.843749 0.673829 0.843749 0.673829 0.835936 0.675782 0.833984 0.673829 0.833984
0 0.230468 0.710939 0.226562 0.714842 0.224608 0.714842 0.222655 0.716797 0.226562 0.720704 0.230468 0.716797 0.232422 0.716797 0.234375 0.714842
0 0.208985 0.833984 0.208985 0.835936 0.207032 0.837891 0.218748 0.837891 0.218748 0.833984
0 0.408204 0.945314 0.408204 0.949221 0.40625 0.951172 0.40625 0.955079 0.414064 0.955079 0.414064 0.951172 0.41211 0.949221 0.41211 0.945314
0 0.414064 0.781251 0.414064 0.789064 0.416017 0.789064 0.417971 0.791015 0.417971 0.781251
0 0.878907 0.648437 0.876954 0.650392 0.865234 0.650392 0.865234 0.652344 0.86328 0.654299 0.876954 0.654299 0.876954 0.652344 0.878907 0.650392
0 0.263671 0.775389 0.263671 0.781251 0.261718 0.783202 0.261718 0.787109 0.267578 0.787109 0.267578 0.775389
0 0.701172 0.841798 0.701172 0.845704 0.703125 0.847656 0.703125 0.853514 0.707032 0.853514 0.705078 0.851562 0.705078 0.841798
0 0.621092 0.820313 0.621092 0.82422 0.619142 0.826171 0.619142 0.830078 0.624999 0.830078 0.624999 0.826171 0.623045 0.82422 0.623045 0.820313
0 0.46289 0.302732 0.46289 0.306639 0.472657 0.306639 0.472657 0.302732
0 0.220702 0.833984 0.220702 0.839842 0.230468 0.839842 0.230468 0.833984
0 0.039063 0.80078 0.039063 0.810549 0.04297 0.810549 0.04297 0.80078
0 0.255858 0.777344 0.253905 0.779295 0.251951 0.779295 0.251951 0.789064 0.257811 0.789064 0.257811 0.785157 0.255858 0.783202
0 0.5 0.798829 0.5 0.8125 0.50586 0.8125 0.50586 0.798829
0 0.320311 0.945314 0.320311 0.949221 0.322264 0.951172 0.322264 0.95703 0.326171 0.95703 0.326171 0.945314
0 0.470703 0.214843 0.46875 0.216799 0.458983 0.216799 0.458983 0.222656 0.460937 0.220705 0.464843 0.220705 0.466797 0.21875 0.470703 0.21875
0 0.90625 0.904296 0.90625 0.906252 0.904297 0.908203 0.904297 0.914061 0.902343 0.916016 0.902343 0.917967 0.904297 0.917967 0.90625 0.919923 0.90625 0.917967 0.908204 0.916016 0.908204 0.910158 0.910157 0.908203 0.910157 0.906252 0.908204 0.906252
0 0.332031 0.878905 0.332031 0.884767 0.330078 0.886718 0.330078 0.890625 0.333984 0.890625 0.335938 0.892576 0.335938 0.886718 0.337891 0.884767 0.337891 0.878905
0 0.167969 0.830078 0.167969 0.833984 0.177735 0.833984 0.179689 0.835936 0.179689 0.830078
0 0.337891 0.820313 0.337891 0.82422 0.339844 0.826171 0.339844 0.830078 0.343751 0.830078 0.343751 0.820313
0 0.849611 0.884767 0.849611 0.890625 0.847657 0.892576 0.847657 0.896483 0.849611 0.896483 0.851564 0.898438 0.851564 0.892576 0.853517 0.890625 0.853517 0.884767
0 0.650392 0.830078 0.650392 0.833984 0.648439 0.835936 0.648439 0.839842 0.654295 0.839842 0.654295 0.830078
0 0.675782 0.835936 0.675782 0.845704 0.681642 0.845704 0.681642 0.835936
0 0.333984 0.816407 0.332031 0.818358 0.328124 0.818358 0.328124 0.822264 0.330078 0.82422 0.330078 0.828127 0.333984 0.828127
0 0.47461 0.236328 0.472657 0.238283 0.470703 0.238283 0.46875 0.240234 0.464843 0.240234 0.46289 0.242185 0.460937 0.242185 0.46289 0.244141 0.46289 0.246092 0.464843 0.244141 0.46875 0.244141 0.470703 0.242185 0.47461 0.242185
0 0.707032 0.841798 0.707032 0.851562 0.712892 0.851562 0.712892 0.847656 0.710938 0.845704 0.710938 0.841798
0 0.376954 0.939452 0.376954 0.943358 0.375001 0.945314 0.375001 0.949221 0.382814 0.949221 0.382814 0.939452
0 0.279298 0.816407 0.279298 0.82422 0.285154 0.82422 0.285154 0.816407
0 0.88867 0.925781 0.88867 0.927736 0.88672 0.929687 0.88672 0.935545 0.884767 0.937501 0.884767 0.939452 0.88672 0.941407 0.88672 0.939452 0.88867 0.937501 0.88867 0.935545 0.890623 0.933594 0.890623 0.931638 0.892577 0.929687
0 0.076173 0.822264 0.076173 0.82422 0.07422 0.826171 0.085936 0.826171 0.087889 0.828127 0.087889 0.822264
0 0.296874 0.748046 0.294921 0.750002 0.291014 0.750002 0.291014 0.759766 0.294921 0.759766 0.296874 0.761717
0 0.291014 0.816407 0.291014 0.820313 0.289061 0.822264 0.289061 0.826171 0.294921 0.826171 0.294921 0.816407
0 0.318358 0.828127 0.318358 0.837891 0.324218 0.837891 0.324218 0.828127
0 0.796874 0.86914 0.796874 0.873047 0.794921 0.874998 0.794921 0.878905 0.798828 0.878905 0.798828 0.874998 0.800781 0.873047 0.800781 0.871096 0.798828 0.871096
0 0.287108 0.779295 0.287108 0.789064 0.289061 0.787109 0.292968 0.787109 0.292968 0.779295
0 0.333984 0.832033 0.333984 0.841798 0.337891 0.841798 0.337891 0.837891 0.335938 0.835936 0.335938 0.832033
0 0.44922 0.787109 0.44922 0.80078 0.451174 0.80078 0.453123 0.802735 0.453123 0.794922 0.455077 0.792971 0.455077 0.787109
0 0.091796 0.808593 0.091796 0.816407 0.097656 0.816407 0.097656 0.808593
2 0.167969 0.888674 0.167969 0.890625 0.166015 0.892576 0.166015 0.894531 0.164062 0.896483 0.164062 0.898438 0.162109 0.900389 0.162109 0.906252 0.164062 0.908203 0.164062 0.917967 0.166015 0.919923 0.166015 0.925781 0.167969 0.927736 0.167969 0.929687 0.169922 0.931638 0.169922 0.935545 0.171875 0.937501 0.171875 0.939452 0.175782 0.939452 0.177735 0.941407 0.181642 0.941407 0.183596 0.943358 0.187499 0.943358 0.189452 0.945314 0.191405 0.943358 0.201172 0.943358 0.203125 0.941407 0.205079 0.941407 0.207032 0.939452 0.210939 0.939452 0.210939 0.933594 0.212892 0.931638 0.212892 0.917967 0.214845 0.916016 0.214845 0.902345 0.216799 0.900389 0.218748 0.900389 0.220702 0.902345 0.218748 0.900389 0.218748 0.898438 0.216799 0.896483 0.216799 0.894531 0.216799 0.896483 0.214845 0.898438 0.208985 0.892576 0.189452 0.892576 0.187499 0.890625 0.169922 0.890625
0 0.460937 0.269532 0.460937 0.27539 0.470703 0.27539 0.470703 0.269532
0 0.050779 0.802735 0.050779 0.810549 0.054686 0.810549 0.054686 0.806642 0.056639 0.804687 0.056639 0.802735
0 0.644532 0.996092 0.644532 1 0.642579 1 0.642579 1 0.648439 1 0.648439 0.996092