0 0.941407 0.21289 0.9375 0.216793 0.935552 0.216793 0.927738 0.224607 0.927738 0.226564 0.929686 0.226564 0.931645 0.22852 0.931645 0.230466 0.933593 0.232422 0.933593 0.234379 0.935552 0.236325 0.935552 0.238281 0.9375 0.240237 0.9375 0.24414 0.939447 0.246096 0.939447 0.248042 0.941407 0.249999 0.941407 0.251955 0.945314 0.251955 0.947262 0.253911 0.953128 0.253911 0.955076 0.251955 0.957036 0.251955 0.957036 0.248042 0.958983 0.246096 0.958983 0.240237 0.957036 0.238281 0.957036 0.236325 0.955076 0.234379 0.955076 0.230466 0.953128 0.22852 0.953128 0.226564 0.951169 0.224607 0.951169 0.220705 0.949221 0.218749 0.949221 0.216793 0.947262 0.214846 0.947262 0.21289
0 0.992188 0.18164 0.99024 0.183596 0.99024 0.185543 0.986333 0.189455 0.988281 0.191401 0.988281 0.193358 0.99024 0.195314 0.99024 0.201173 0.992188 0.203129 0.992188 0.207031 0.994135 0.208987 0.994135 0.21289 0.996095 0.214846 0.996095 0.220705 0.998043 0.222661 0.998043 0.22852 1 0.22852 1 0.230466 1 0.230466 1 0.22852 1 0.22852 1 0.222661 1 0.220705 1 0.218749 1 0.214846 1 0.21289 1 0.210934 1 0.208987 1 0.205075 1 0.203129 1 0.199216 1 0.19727 1 0.195314 1 0.193358 1 0.189455 1 0.187499 1 0.185543 1 0.183596 0.998043 0.183596 0.996095 0.18164
0 0.533203 0.419921 0.529295 0.423824 0.527348 0.423824 0.527348 0.42578 0.525388 0.427736 0.525388 0.429692 0.52344 0.431639 0.525388 0.433595 0.525388 0.435551 0.529295 0.439454 0.529295 0.44141 0.533203 0.445312 0.533203 0.447269 0.535162 0.449215 0.535162 0.451171 0.539057 0.455074 0.539057 0.45703 0.541017 0.458986 0.542964 0.458986 0.544924 0.45703 0.546872 0.45703 0.548831 0.455074 0.550779 0.455074 0.554686 0.451171 0.554686 0.447269 0.556645 0.445312 0.556645 0.443356
0 0.976559 0.191401 0.972652 0.195314 0.972652 0.19727 0.970704 0.199216 0.970704 0.203129 0.968745 0.205075 0.968745 0.208987 0.970704 0.210934 0.970704 0.21289 0.972652 0.214846 0.972652 0.216793 0.974611 0.218749 0.974611 0.220705 0.976559 0.222661 0.976559 0.224607 0.978518 0.226564 0.978518 0.22852 0.980466 0.230466 0.980466 0.232422 0.986333 0.232422 0.99024 0.22852 0.992188 0.22852 0.996095 0.224607 0.996095 0.222661 0.994135 0.220705 0.994135 0.214846 0.992188 0.21289 0.992188 0.208987 0.99024 0.207031 0.99024 0.203129 0.988281 0.201173 0.988281 0.195314 0.986333 0.193358 0.986333 0.191401
0 0.451177 0.234379 0.449218 0.236325 0.44727 0.236325 0.44727 0.238281 0.445311 0.240237 0.445311 0.242184 0.443363 0.24414 0.443363 0.246096 0.441403 0.248042 0.443363 0.249999 0.443363 0.251955 0.44727 0.255857 0.44727 0.257813 0.451177 0.261716 0.451177 0.263672 0.455072 0.267575 0.455072 0.269531 0.45898 0.273433 0.45898 0.27539 0.460938 0.277346 0.466794 0.277346 0.468753 0.27539 0.470701 0.27539 0.47266 0.273433 0.474608 0.273433 0.476567 0.271487 0.478515 0.271487 0.480474 0.269531 0.480474 0.267575 0.482422 0.265628 0.478515 0.261716 0.478515 0.25977 0.468753 0.249999 0.468753 0.248042 0.460938 0.240237 0.460938 0.238281 0.457032 0.234379
0 0.408199 0.277346 0.402344 0.283205 0.400396 0.283205 0.398437 0.285161 0.398437 0.289063 0.396489 0.291019 0.396489 0.292966 0.402344 0.298825 0.402344 0.300781 0.416013 0.314454 0.416013 0.316411 0.421879 0.322269 0.423827 0.320313 0.425786 0.320313 0.427734 0.318357 0.431641 0.318357 0.433589 0.316411 0.433589 0.314454 0.435548 0.312498 0.435548 0.310542 0.437496 0.308596 0.437496 0.306639 0.431641 0.300781 0.431641 0.298825 0.417973 0.285161 0.417973 0.283205 0.412106 0.277346
0 0.568355 0.388671 0.5625 0.39453 0.560552 0.39453 0.560552 0.396486 0.558593 0.398433 0.558593 0.400389 0.556645 0.402345 0.556645 0.404301 0.560552 0.408204 0.560552 0.41016 0.568355 0.417965 0.568355 0.419921 0.572262 0.423824 0.574222 0.423824 0.576169 0.421877 0.580076 0.421877 0.585943 0.416019 0.58789 0.416019 0.589838 0.414063 0.583983 0.408204 0.583983 0.406248 0.574222 0.396486 0.574222 0.39453
0 0.789065 0.191401 0.783198 0.19727 0.783198 0.199216 0.785158 0.201173 0.785158 0.203129 0.787106 0.205075 0.787106 0.207031 0.789065 0.208987 0.789065 0.210934 0.79492 0.216793 0.79492 0.218749 0.800786 0.224607 0.800786 0.226564 0.802734 0.22852 0.804682 0.226564 0.814456 0.226564 0.816403 0.224607 0.816403 0.222661 0.818363 0.220705 0.818363 0.214846 0.812496 0.208987 0.812496 0.207031 0.802734 0.19727 0.802734 0.195314 0.798827 0.191401
0 0.806641 0.177738 0.804682 0.179684 0.802734 0.179684 0.802734 0.183596 0.804682 0.185543 0.804682 0.187499 0.808589 0.191401 0.808589 0.193358 0.810548 0.195314 0.810548 0.19727 0.814456 0.201173 0.814456 0.203129 0.818363 0.207031 0.818363 0.208987 0.82031 0.210934 0.82031 0.21289 0.822269 0.214846 0.826177 0.214846 0.830084 0.210934 0.832032 0.210934 0.832032 0.203129 0.830084 0.201173 0.830084 0.199216 0.828125 0.19727 0.828125 0.195314 0.826177 0.193358 0.826177 0.191401 0.824217 0.189455 0.824217 0.187499 0.822269 0.185543 0.822269 0.183596 0.82031 0.18164 0.82031 0.179684 0.816403 0.179684 0.814456 0.177738
0 0.968745 0.400389 0.966797 0.402345 0.96289 0.402345 0.958983 0.406248 0.957036 0.406248 0.958983 0.408204 0.958983 0.41016 0.960942 0.412106 0.960942 0.414063 0.96289 0.416019 0.96289 0.417965 0.964849 0.419921 0.964849 0.421877 0.966797 0.423824 0.966797 0.42578 0.968745 0.427736 0.968745 0.429692 0.970704 0.431639 0.970704 0.433595 0.974611 0.433595 0.976559 0.431639 0.980466 0.431639 0.982426 0.429692 0.982426 0.427736 0.986333 0.423824 0.984374 0.421877 0.984374 0.419921 0.982426 0.417965 0.982426 0.416019 0.978518 0.412106 0.978518 0.41016 0.976559 0.408204 0.976559 0.406248 0.974611 0.404301 0.974611 0.402345 0.972652 0.400389
0 0.832032 0.162108 0.828125 0.16602 0.828125 0.167967 0.824217 0.171879 0.824217 0.173825 0.826177 0.175781 0.826177 0.177738 0.828125 0.179684 0.828125 0.18164 0.830084 0.183596 0.830084 0.185543 0.832032 0.187499 0.832032 0.189455 0.833979 0.191401 0.833979 0.193358 0.835938 0.195314 0.835938 0.19727 0.837886 0.199216 0.837886 0.201173 0.8457 0.201173 0.853515 0.193358 0.855474 0.193358 0.853515 0.191401 0.851567 0.191401 0.849607 0.189455 0.849607 0.187499 0.84766 0.185543 0.84766 0.18164 0.843753 0.177738 0.843753 0.175781 0.839846 0.171879 0.839846 0.169923 0.835938 0.16602 0.835938 0.164064 0.833979 0.162108
0 0.916017 0.300781 0.914057 0.302737 0.906255 0.302737 0.902348 0.306639 0.902348 0.308596 0.900388 0.310542 0.900388 0.314454 0.902348 0.316411 0.902348 0.318357 0.904295 0.320313 0.904295 0.324216 0.906255 0.326172 0.906255 0.328128 0.908202 0.330074 0.908202 0.333987 0.910162 0.335933 0.910162 0.337889 0.912109 0.339845 0.912109 0.341802 0.914057 0.343748 0.919924 0.343748 0.923831 0.339845 0.925779 0.339845 0.925779 0.337889 0.927738 0.335933 0.927738 0.333987 0.929686 0.332031 0.929686 0.330074 0.927738 0.328128 0.927738 0.326172 0.925779 0.324216 0.925779 0.322269 0.923831 0.320313 0.923831 0.318357 0.921872 0.316411 0.921872 0.312498 0.919924 0.310542 0.919924 0.308596 0.917964 0.306639 0.917964 0.304683 0.916017 0.302737
0 0.931645 0.296878 0.929686 0.298825 0.927738 0.298825 0.925779 0.300781 0.923831 0.300781 0.921872 0.302737 0.919924 0.302737 0.919924 0.304683 0.921872 0.306639 0.921872 0.308596 0.923831 0.310542 0.923831 0.314454 0.925779 0.316411 0.925779 0.318357 0.927738 0.320313 0.927738 0.322269 0.929686 0.324216 0.929686 0.328128 0.931645 0.330074 0.931645 0.332031 0.933593 0.333987 0.933593 0.335933 0.939447 0.335933 0.941407 0.333987 0.943355 0.333987 0.945314 0.332031 0.949221 0.332031 0.949221 0.330074 0.951169 0.328128 0.951169 0.326172 0.953128 0.324216 0.951169 0.322269 0.951169 0.320313 0.949221 0.318357 0.949221 0.316411 0.947262 0.314454 0.947262 0.312498 0.945314 0.310542 0.945314 0.308596 0.943355 0.306639 0.943355 0.304683 0.941407 0.302737 0.941407 0.300781 0.939447 0.298825 0.9375 0.298825 0.935552 0.296878
0 0.435548 0.417965 0.433589 0.419921 0.431641 0.419921 0.427734 0.423824 0.427734 0.42578 0.425786 0.427736 0.425786 0.429692 0.429682 0.433595 0.431641 0.433595 0.443363 0.445312 0.445311 0.445312 0.453125 0.453127 0.455072 0.453127 0.457032 0.451171 0.457032 0.449215 0.45898 0.447269 0.45898 0.44141
0 0.923831 0.226564 0.921872 0.22852 0.917964 0.22852 0.914057 0.232422 0.912109 0.232422 0.910162 0.234379 0.910162 0.236325 0.912109 0.238281 0.912109 0.240237 0.914057 0.242184 0.914057 0.24414 0.916017 0.246096 0.916017 0.248042 0.917964 0.249999 0.917964 0.251955 0.919924 0.253911 0.919924 0.255857 0.921872 0.257813 0.921872 0.25977 0.923831 0.261716 0.923831 0.263672 0.933593 0.263672 0.9375 0.25977 0.939447 0.25977 0.939447 0.257813 0.941407 0.255857 0.941407 0.253911 0.939447 0.251955 0.939447 0.249999 0.9375 0.248042 0.9375 0.246096 0.935552 0.24414 0.935552 0.240237 0.933593 0.238281 0.933593 0.236325 0.931645 0.234379 0.931645 0.232422 0.929686 0.230466 0.929686 0.22852 0.925779 0.22852
0 0.863277 0.25977 0.861329 0.261716 0.857422 0.261716 0.849607 0.269531 0.849607 0.271487 0.851567 0.273433 0.851567 0.27539 0.853515 0.277346 0.853515 0.279292 0.855474 0.281248 0.855474 0.283205 0.857422 0.285161 0.857422 0.287107 0.85937 0.289063 0.85937 0.291019 0.861329 0.292966 0.861329 0.294922 0.863277 0.296878 0.865236 0.296878 0.867184 0.298825 0.869143 0.296878 0.871091 0.296878 0.87305 0.294922 0.878905 0.294922 0.878905 0.292966 0.880865 0.291019 0.880865 0.289063 0.878905 0.287107 0.878905 0.285161 0.876957 0.283205 0.876957 0.281248 0.874998 0.279292 0.874998 0.277346 0.87305 0.27539 0.87305 0.273433 0.871091 0.271487 0.871091 0.269531 0.869143 0.267575 0.869143 0.265628 0.867184 0.263672 0.867184 0.261716 0.865236 0.25977
0 0.9375 0.414063 0.935552 0.416019 0.933593 0.416019 0.931645 0.417965 0.929686 0.417965 0.927738 0.419921 0.925779 0.419921 0.925779 0.421877 0.927738 0.423824 0.927738 0.42578 0.929686 0.427736 0.929686 0.431639 0.931645 0.433595 0.931645 0.435551 0.933593 0.437497 0.933593 0.44141 0.935552 0.443356 0.935552 0.445312 0.9375 0.447269 0.9375 0.449215 0.943355 0.449215 0.947262 0.445312 0.949221 0.445312 0.955076 0.439454 0.953128 0.437497 0.953128 0.435551 0.951169 0.433595 0.951169 0.431639 0.949221 0.429692 0.949221 0.427736 0.947262 0.42578 0.947262 0.423824 0.945314 0.421877 0.945314 0.419921 0.943355 0.417965 0.943355 0.416019 0.941407 0.414063
0 0.890626 0.123043 0.888667 0.124999 0.886719 0.124999 0.880865 0.130858 0.880865 0.132814 0.882812 0.13477 0.882812 0.138673 0.88476 0.140629 0.88476 0.144532 0.886719 0.146488 0.886719 0.148434 0.888667 0.15039 0.888667 0.154293 0.890626 0.156249 0.890626 0.160152 0.892574 0.162108 0.892574 0.164064 0.900388 0.164064 0.908202 0.156249 0.908202 0.154293 0.906255 0.152347 0.906255 0.15039 0.904295 0.148434 0.904295 0.144532 0.902348 0.142575 0.902348 0.140629 0.900388 0.138673 0.900388 0.136717 0.89844 0.13477 0.89844 0.130858 0.896482 0.128902 0.896482 0.126955 0.894534 0.124999 0.894534 0.123043
0 0.548831 0.404301 0.541017 0.412106 0.541017 0.416019 0.539057 0.417965 0.539057 0.419921 0.550779 0.431639 0.552738 0.431639 0.560552 0.439454 0.5625 0.439454 0.564448 0.437497 0.566407 0.437497 0.566407 0.435551 0.568355 0.433595 0.568355 0.427736 0.5625 0.421877 0.5625 0.419921 0.552738 0.41016 0.552738 0.408204
0 0.371099 0.509768 0.365232 0.515627 0.363285 0.515627 0.361325 0.517573 0.373046 0.529301 0.373046 0.531247 0.382809 0.541018 0.384768 0.539062 0.392582 0.539062 0.398437 0.533203 0.386715 0.521486 0.384768 0.521486 0.373046 0.509768
0 0.392582 0.294922 0.390623 0.296878 0.388675 0.296878 0.388675 0.298825 0.386715 0.300781 0.386715 0.302737 0.384768 0.304683 0.384768 0.306639 0.382809 0.308596 0.382809 0.310542 0.380861 0.312498 0.382809 0.314454 0.384768 0.314454 0.390623 0.320313 0.392582 0.320313 0.400396 0.328128 0.402344 0.328128 0.406251 0.332031 0.408199 0.332031 0.410158 0.330074 0.416013 0.330074 0.416013 0.328128 0.417973 0.326172 0.417973 0.320313
0 0.316411 0.37891 0.314452 0.380857 0.312504 0.380857 0.312504 0.382813 0.310544 0.384769 0.310544 0.386715 0.308597 0.388671 0.308597 0.390628 0.306637 0.392574 0.306637 0.39453 0.310544 0.398433 0.312504 0.398433 0.322266 0.408204 0.324214 0.408204 0.33008 0.414063 0.332028 0.412106 0.333987 0.412106 0.335935 0.41016 0.337894 0.41016 0.341801 0.406248 0.341801 0.400389 0.337894 0.396486 0.335935 0.396486 0.324214 0.384769 0.322266 0.384769
0 0.482422 0.474606 0.478515 0.478518 0.478515 0.480465 0.476567 0.482421 0.476567 0.484377 0.474608 0.486323 0.494143 0.505856 0.496091 0.505856 0.49805 0.507812 0.505865 0.507812 0.505865 0.505856 0.507812 0.503909 0.507812 0.498051 0.505865 0.496095 0.505865 0.494138 0.501957 0.490236 0.499998 0.490236 0.490236 0.480465 0.488277 0.480465
0 0.488277 0.355465 0.486329 0.357422 0.482422 0.357422 0.482422 0.359378 0.480474 0.361324 0.480474 0.365237 0.478515 0.367183 0.478515 0.369139 0.480474 0.371095 0.482422 0.371095 0.488277 0.376954 0.490236 0.376954 0.49805 0.384769 0.499998 0.384769 0.503905 0.388671 0.505865 0.386715 0.50976 0.386715 0.51172 0.384769 0.51172 0.382813 0.513667 0.380857 0.513667 0.37891 0.515626 0.376954 0.515626 0.373051 0.51172 0.369139 0.50976 0.369139 0.501957 0.361324 0.499998 0.361324 0.494143 0.355465
0 0.908202 0.113282 0.902348 0.119141 0.900388 0.119141 0.900388 0.121097 0.902348 0.123043 0.902348 0.128902 0.904295 0.130858 0.904295 0.13477 0.906255 0.136717 0.906255 0.142575 0.908202 0.144532 0.908202 0.15039 0.910162 0.152347 0.910162 0.154293 0.912109 0.152347 0.917964 0.152347 0.919924 0.15039 0.923831 0.15039 0.923831 0.148434 0.925779 0.146488 0.925779 0.144532 0.923831 0.142575 0.923831 0.140629 0.921872 0.138673 0.921872 0.13477 0.919924 0.132814 0.919924 0.128902 0.917964 0.126955 0.917964 0.124999 0.916017 0.123043 0.916017 0.119141 0.914057 0.117184 0.914057 0.115238 0.910162 0.115238
0 0.351563 0.349607 0.347656 0.353519 0.347656 0.355465 0.345708 0.357422 0.345708 0.359378 0.343749 0.361324 0.355471 0.373051 0.355471 0.374998 0.367192 0.386715 0.376954 0.376954 0.376954 0.371095 0.367192 0.361324 0.365232 0.361324 0.353511 0.349607
0 0.376954 0.486323 0.374994 0.48828 0.374994 0.490236 0.373046 0.492192 0.373046 0.496095 0.371099 0.498051 0.371099 0.499997 0.380861 0.509768 0.382809 0.509768 0.39453 0.521486 0.396489 0.521486 0.400396 0.517573 0.400396 0.515627 0.402344 0.513671 0.402344 0.511715 0.404292 0.509768 0.404292 0.507812 0.39453 0.498051 0.39453 0.496095 0.384768 0.486323
0 0.335935 0.367183 0.332028 0.371095 0.332028 0.373051 0.33008 0.374998 0.33008 0.380857 0.337894 0.388671 0.339842 0.388671 0.351563 0.400389 0.353511 0.400389 0.359378 0.39453 0.359378 0.392574 0.361325 0.390628 0.361325 0.384769 0.359378 0.382813 0.357418 0.382813 0.353511 0.37891 0.351563 0.37891 0.347656 0.374998 0.345708 0.374998 0.341801 0.371095 0.339842 0.371095
0 0.53711 0.306639 0.535162 0.308596 0.533203 0.308596 0.533203 0.310542 0.531255 0.312498 0.531255 0.314454 0.529295 0.316411 0.529295 0.318357 0.527348 0.320313 0.531255 0.324216 0.531255 0.326172 0.535162 0.330074 0.53711 0.330074 0.544924 0.337889 0.546872 0.337889 0.550779 0.341802 0.552738 0.341802 0.554686 0.339845 0.558593 0.339845 0.560552 0.337889 0.560552 0.335933 0.5625 0.333987 0.5625 0.332031 0.550779 0.320313 0.550779 0.318357 0.539057 0.306639
0 0.45898 0.511715 0.457032 0.513671 0.453125 0.513671 0.451177 0.515627 0.451177 0.517573 0.449218 0.519529 0.449218 0.521486 0.44727 0.523442 0.44727 0.527344 0.449218 0.529301 0.449218 0.531247 0.451177 0.533203 0.453125 0.533203 0.460938 0.541018 0.462886 0.541018 0.468753 0.546877 0.470701 0.544921 0.476567 0.544921 0.480474 0.541018 0.480474 0.537106 0.482422 0.535159 0.482422 0.533203 0.47266 0.523442 0.470701 0.523442
0 0.886719 0.249999 0.88476 0.251955 0.878905 0.251955 0.874998 0.255857 0.87305 0.255857 0.871091 0.257813 0.871091 0.25977 0.869143 0.261716 0.869143 0.263672 0.871091 0.265628 0.871091 0.267575 0.87305 0.269531 0.87305 0.271487 0.874998 0.273433 0.874998 0.27539 0.876957 0.277346 0.876957 0.279292 0.878905 0.281248 0.878905 0.283205 0.880865 0.285161 0.880865 0.287107 0.88476 0.291019 0.886719 0.289063 0.89844 0.289063 0.900388 0.287107 0.904295 0.287107 0.904295 0.285161 0.906255 0.283205 0.906255 0.281248 0.904295 0.279292 0.904295 0.277346 0.900388 0.273433 0.900388 0.271487 0.89844 0.269531 0.89844 0.267575 0.894534 0.263672 0.894534 0.261716 0.890626 0.257813 0.890626 0.255857 0.888667 0.253911 0.888667 0.251955
0 0.953128 0.210934 0.949221 0.214846 0.951169 0.216793 0.951169 0.218749 0.953128 0.220705 0.953128 0.224607 0.955076 0.226564 0.955076 0.22852 0.957036 0.230466 0.957036 0.232422 0.958983 0.234379 0.958983 0.236325 0.960942 0.238281 0.960942 0.240237 0.974611 0.240237 0.976559 0.238281 0.976559 0.236325 0.978518 0.234379 0.976559 0.232422 0.976559 0.230466 0.974611 0.22852 0.974611 0.226564 0.972652 0.224607 0.972652 0.222661 0.970704 0.220705 0.970704 0.218749 0.968745 0.216793 0.968745 0.214846 0.966797 0.21289 0.966797 0.210934
0 0.44727 0.406248 0.443363 0.41016 0.443363 0.412106 0.441403 0.414063 0.441403 0.416019 0.460938 0.435551 0.462886 0.435551 0.464846 0.433595 0.464846 0.431639 0.466794 0.429692 0.466794 0.427736 0.468753 0.42578 0.468753 0.421877 0.462886 0.416019 0.460938 0.416019 0.451177 0.406248
0 0.628909 0.314454 0.625002 0.318357 0.625002 0.320313 0.619136 0.326172 0.621095 0.328128 0.621095 0.330074 0.623043 0.332031 0.623043 0.333987 0.625002 0.335933 0.625002 0.337889 0.62695 0.339845 0.62695 0.341802 0.628909 0.343748 0.628909 0.345704 0.630857 0.34766 0.630857 0.349607 0.632816 0.351563 0.634764 0.351563 0.636724 0.349607 0.64063 0.349607 0.644526 0.345704 0.646485 0.345704 0.648433 0.343748 0.648433 0.341802 0.650392 0.339845 0.650392 0.337889 0.646485 0.333987 0.646485 0.332031 0.64063 0.326172 0.64063 0.324216 0.634764 0.318357 0.634764 0.316411 0.632816 0.314454
0 0.292969 0.414063 0.291021 0.416019 0.291021 0.417965 0.289062 0.419921 0.289062 0.421877 0.287114 0.423824 0.287114 0.42578 0.285154 0.427736 0.294916 0.437497 0.296876 0.437497 0.308597 0.449215 0.310544 0.449215 0.312504 0.447269 0.316411 0.447269 0.318359 0.445312 0.318359 0.437497 0.308597 0.427736 0.306637 0.427736
0 0.49805 0.431639 0.490236 0.439454 0.490236 0.443356 0.488277 0.445312 0.488277 0.447269 0.490236 0.449215 0.492184 0.449215 0.496091 0.453127 0.49805 0.453127 0.505865 0.460942 0.507812 0.460942 0.513667 0.466801 0.515626 0.466801 0.521482 0.47266 0.52344 0.47266 0.527348 0.476562 0.531255 0.47266 0.533203 0.47266 0.533203 0.470703 0.535162 0.468747 0.535162 0.466801 0.53711 0.464845 0.53711 0.462889 0.535162 0.460942 0.533203 0.460942 0.525388 0.453127 0.52344 0.453127 0.515626 0.445312 0.513667 0.445312 0.505865 0.437497 0.503905 0.437497
0 0.84766 0.152347 0.843753 0.156249 0.841794 0.156249 0.839846 0.158205 0.839846 0.160152 0.841794 0.162108 0.841794 0.164064 0.843753 0.16602 0.843753 0.169923 0.8457 0.171879 0.8457 0.175781 0.84766 0.177738 0.84766 0.179684 0.849607 0.18164 0.849607 0.185543 0.851567 0.187499 0.851567 0.189455 0.857422 0.189455 0.85937 0.187499 0.863277 0.187499 0.869143 0.18164 0.869143 0.179684 0.867184 0.177738 0.867184 0.175781 0.865236 0.173825 0.865236 0.169923 0.863277 0.167967 0.863277 0.16602 0.861329 0.164064 0.861329 0.160152 0.85937 0.158205 0.85937 0.156249 0.857422 0.154293 0.857422 0.152347
0 0.611333 0.332031 0.609374 0.333987 0.605466 0.333987 0.605466 0.335933 0.601559 0.339845 0.601559 0.341802 0.597652 0.345704 0.607426 0.355465 0.607426 0.357422 0.617188 0.367183 0.617188 0.369139 0.621095 0.369139 0.623043 0.367183 0.625002 0.367183 0.628909 0.36328 0.628909 0.361324 0.630857 0.359378 0.628909 0.357422 0.628909 0.355465 0.623043 0.349607 0.623043 0.34766 0.619136 0.343748 0.619136 0.341802 0.613281 0.335933 0.613281 0.333987
0 0.568355 0.27539 0.558593 0.285161 0.5625 0.289063 0.5625 0.291019 0.568355 0.296878 0.568355 0.298825 0.574222 0.304683 0.574222 0.306639 0.578128 0.310542 0.580076 0.310542 0.582036 0.308596 0.585943 0.308596 0.585943 0.306639 0.58789 0.304683 0.58789 0.302737 0.589838 0.300781 0.589838 0.298825 0.583983 0.292966 0.583983 0.291019 0.574222 0.281248 0.574222 0.279292 0.570314 0.27539
0 0.49805 0.455074 0.496091 0.45703 0.490236 0.45703 0.488277 0.458986 0.488277 0.460942 0.486329 0.462889 0.486329 0.466801 0.48437 0.468747 0.48437 0.470703 0.488277 0.474606 0.490236 0.474606 0.49805 0.482421 0.499998 0.482421 0.505865 0.48828 0.50976 0.48828 0.51172 0.490236 0.513667 0.48828 0.517574 0.48828 0.519534 0.486323 0.521482 0.486323 0.521482 0.478518
0 0.880865 0.328128 0.878905 0.330074 0.876957 0.330074 0.87305 0.333987 0.87305 0.335933 0.871091 0.337889 0.871091 0.339845 0.869143 0.341802 0.869143 0.343748 0.871091 0.345704 0.871091 0.34766 0.87305 0.349607 0.87305 0.351563 0.874998 0.353519 0.874998 0.355465 0.876957 0.357422 0.876957 0.359378 0.878905 0.361324 0.878905 0.36328 0.880865 0.365237 0.880865 0.367183 0.88476 0.367183 0.886719 0.365237 0.892574 0.365237 0.894534 0.36328 0.894534 0.361324 0.89844 0.357422 0.896482 0.355465 0.896482 0.353519 0.894534 0.351563 0.894534 0.349607 0.890626 0.345704 0.890626 0.343748 0.888667 0.341802 0.888667 0.339845 0.88476 0.335933 0.88476 0.333987 0.882812 0.332031 0.882812 0.330074
0 0.460938 0.380857 0.457032 0.384769 0.453125 0.384769 0.451177 0.386715 0.451177 0.388671 0.449218 0.390628 0.449218 0.398433 0.451177 0.400389 0.453125 0.400389 0.457032 0.404301 0.45898 0.404301 0.462886 0.408204 0.464846 0.408204 0.468753 0.412106 0.470701 0.412106 0.474608 0.416019 0.476567 0.416019 0.478515 0.414063 0.480474 0.414063 0.480474 0.41016 0.482422 0.408204 0.482422 0.400389 0.474608 0.392574 0.47266 0.392574
0 0.841794 0.281248 0.835938 0.287107 0.835938 0.289063 0.833979 0.291019 0.833979 0.292966 0.835938 0.294922 0.835938 0.296878 0.837886 0.298825 0.837886 0.300781 0.839846 0.302737 0.839846 0.304683 0.843753 0.308596 0.843753 0.310542 0.8457 0.312498 0.8457 0.314454 0.84766 0.316411 0.84766 0.318357 0.849607 0.320313 0.857422 0.320313 0.85937 0.318357 0.861329 0.318357 0.867184 0.312498 0.865236 0.310542 0.865236 0.308596 0.863277 0.306639 0.863277 0.304683 0.861329 0.302737 0.861329 0.300781 0.85937 0.298825 0.85937 0.296878 0.857422 0.294922 0.857422 0.292966 0.855474 0.291019 0.855474 0.289063 0.853515 0.287107 0.853515 0.285161 0.851567 0.283205 0.849607 0.283205 0.84766 0.281248
0 0.974611 0.273433 0.970704 0.277346 0.968745 0.277346 0.96289 0.283205 0.964849 0.285161 0.964849 0.287107 0.966797 0.289063 0.966797 0.291019 0.968745 0.292966 0.968745 0.294922 0.972652 0.298825 0.972652 0.300781 0.974611 0.302737 0.974611 0.304683 0.976559 0.306639 0.976559 0.308596 0.978518 0.310542 0.980466 0.308596 0.982426 0.308596 0.984374 0.306639 0.99024 0.306639 0.994135 0.302737 0.992188 0.300781 0.992188 0.298825 0.99024 0.296878 0.99024 0.294922 0.988281 0.292966 0.988281 0.291019 0.986333 0.289063 0.986333 0.287107 0.984374 0.285161 0.984374 0.283205 0.982426 0.281248 0.982426 0.279292 0.980466 0.277346 0.980466 0.27539 0.978518 0.273433
0 0.376954 0.320313 0.374994 0.322269 0.373046 0.322269 0.373046 0.324216 0.371099 0.326172 0.371099 0.328128 0.369139 0.330074 0.369139 0.332031 0.371099 0.332031 0.374994 0.335933 0.376954 0.335933 0.378901 0.337889 0.380861 0.337889 0.382809 0.339845 0.384768 0.339845 0.388675 0.343748 0.390623 0.343748 0.392582 0.345704 0.400396 0.345704 0.400396 0.343748 0.402344 0.341802 0.402344 0.339845 0.404292 0.337889 0.404292 0.335933 0.402344 0.333987 0.400396 0.333987 0.396489 0.330074 0.39453 0.330074 0.388675 0.324216 0.386715 0.324216 0.382809 0.320313
0 0.505865 0.339845 0.503905 0.341802 0.501957 0.341802 0.499998 0.343748 0.499998 0.345704 0.49805 0.34766 0.49805 0.349607 0.496091 0.351563 0.499998 0.355465 0.501957 0.355465 0.513667 0.367183 0.515626 0.367183 0.521482 0.373051 0.52344 0.373051 0.525388 0.371095 0.529295 0.371095 0.529295 0.369139 0.531255 0.367183 0.531255 0.359378 0.527348 0.355465 0.525388 0.355465 0.515626 0.345704 0.513667 0.345704 0.507812 0.339845
0 0.644526 0.298825 0.64063 0.302737 0.638671 0.302737 0.638671 0.304683 0.636724 0.306639 0.636724 0.308596 0.634764 0.310542 0.638671 0.314454 0.638671 0.316411 0.644526 0.322269 0.644526 0.324216 0.650392 0.330074 0.650392 0.332031 0.654299 0.335933 0.654299 0.333987 0.656247 0.332031 0.662114 0.332031 0.667968 0.326172 0.667968 0.322269 0.664061 0.318357 0.664061 0.316411 0.658206 0.310542 0.658206 0.308596 0.65234 0.302737 0.65234 0.300781 0.650392 0.298825
0 0.683597 0.277346 0.681638 0.279292 0.681638 0.281248 0.679689 0.283205 0.679689 0.285161 0.677731 0.287107 0.679689 0.289063 0.679689 0.291019 0.681638 0.292966 0.681638 0.294922 0.685544 0.298825 0.685544 0.300781 0.687504 0.302737 0.687504 0.304683 0.691411 0.308596 0.697266 0.308596 0.699214 0.306639 0.703121 0.306639 0.703121 0.304683 0.70508 0.302737 0.70508 0.298825 0.703121 0.296878 0.703121 0.294922 0.701173 0.292966 0.701173 0.291019 0.699214 0.289063 0.699214 0.285161 0.697266 0.283205 0.697266 0.281248 0.695318 0.279292 0.695318 0.277346
0 0.365232 0.332031 0.365232 0.333987 0.363285 0.335933 0.361325 0.335933 0.359378 0.337889 0.357418 0.337889 0.357418 0.341802 0.355471 0.343748 0.355471 0.345704 0.359378 0.349607 0.361325 0.349607 0.373046 0.361324 0.374994 0.361324 0.380861 0.367183 0.382809 0.365237 0.386715 0.365237 0.39453 0.357422 0.386715 0.349607 0.384768 0.349607 0.373046 0.337889 0.371099 0.337889
0 0.421879 0.431639 0.417973 0.435551 0.417973 0.437497 0.414065 0.44141 0.414065 0.443356 0.412106 0.445312 0.421879 0.455074 0.423827 0.455074 0.435548 0.466801 0.437496 0.464845 0.439456 0.464845 0.443363 0.460942 0.445311 0.460942 0.449218 0.45703 0.449218 0.453127 0.445311 0.449215 0.443363 0.449215 0.431641 0.437497 0.429682 0.437497 0.423827 0.431639
0 0.578128 0.367183 0.574222 0.371095 0.572262 0.371095 0.572262 0.373051 0.570314 0.374998 0.570314 0.376954 0.568355 0.37891 0.568355 0.380857 0.574222 0.386715 0.574222 0.388671 0.583983 0.398433 0.583983 0.400389 0.58789 0.404301 0.589838 0.404301 0.591797 0.402345 0.597652 0.402345 0.597652 0.400389 0.599612 0.398433 0.599612 0.390628 0.58789 0.37891 0.58789 0.376954
0 0.896482 0.312498 0.894534 0.314454 0.892574 0.314454 0.888667 0.318357 0.886719 0.318357 0.88476 0.320313 0.88476 0.328128 0.886719 0.330074 0.886719 0.332031 0.888667 0.333987 0.888667 0.335933 0.890626 0.337889 0.890626 0.339845 0.892574 0.341802 0.892574 0.343748 0.894534 0.345704 0.894534 0.34766 0.896482 0.349607 0.896482 0.351563 0.89844 0.353519 0.89844 0.355465 0.908202 0.355465 0.910162 0.353519 0.910162 0.351563 0.912109 0.349607 0.912109 0.34766 0.910162 0.345704 0.910162 0.341802 0.908202 0.339845 0.908202 0.337889 0.906255 0.335933 0.906255 0.332031 0.904295 0.330074 0.904295 0.326172 0.902348 0.324216 0.902348 0.322269 0.900388 0.320313 0.900388 0.316411 0.89844 0.314454 0.89844 0.312498
0 0.662114 0.292966 0.658206 0.296878 0.656247 0.296878 0.654299 0.298825 0.654299 0.302737 0.660154 0.308596 0.660154 0.310542 0.666021 0.316411 0.666021 0.318357 0.669916 0.322269 0.681638 0.322269 0.681638 0.318357 0.683597 0.316411 0.683597 0.314454 0.681638 0.312498 0.681638 0.310542 0.675783 0.304683 0.675783 0.302737 0.669916 0.296878 0.669916 0.294922 0.667968 0.292966
0 0.867184 0.132814 0.863277 0.136717 0.861329 0.136717 0.861329 0.138673 0.85937 0.140629 0.85937 0.144532 0.861329 0.146488 0.861329 0.148434 0.863277 0.15039 0.863277 0.154293 0.865236 0.156249 0.865236 0.158205 0.867184 0.160152 0.867184 0.164064 0.869143 0.16602 0.869143 0.167967 0.871091 0.169923 0.871091 0.173825 0.87305 0.175781 0.87305 0.177738 0.874998 0.179684 0.874998 0.18164 0.882812 0.18164 0.88476 0.179684 0.886719 0.179684 0.888667 0.177738 0.890626 0.177738 0.890626 0.175781 0.888667 0.173825 0.888667 0.171879 0.886719 0.169923 0.886719 0.16602 0.88476 0.164064 0.88476 0.162108 0.882812 0.160152 0.882812 0.156249 0.880865 0.154293 0.880865 0.15039 0.878905 0.148434 0.878905 0.146488 0.876957 0.144532 0.876957 0.140629 0.874998 0.138673 0.874998 0.136717 0.87305 0.13477 0.87305 0.132814
0 0.943355 0.115238 0.943355 0.123043 0.947262 0.123043 0.949221 0.124999 0.951169 0.124999 0.953128 0.126955 0.955076 0.126955 0.957036 0.124999 0.960942 0.124999 0.960942 0.123043 0.96289 0.121097 0.96289 0.119141 0.955076 0.119141 0.953128 0.117184 0.945314 0.117184
0 0.767582 0.207031 0.765623 0.208987 0.763675 0.208987 0.763675 0.21289 0.761715 0.214846 0.761715 0.218749 0.763675 0.220705 0.763675 0.222661 0.765623 0.224607 0.765623 0.226564 0.767582 0.22852 0.767582 0.230466 0.76953 0.232422 0.76953 0.234379 0.771489 0.236325 0.771489 0.238281 0.773437 0.240237 0.773437 0.242184 0.775396 0.24414 0.775396 0.249999 0.783198 0.249999 0.785158 0.248042 0.789065 0.248042 0.789065 0.246096 0.791013 0.24414 0.791013 0.242184 0.792972 0.240237 0.792972 0.236325 0.791013 0.234379 0.791013 0.232422 0.789065 0.230466 0.789065 0.22852 0.787106 0.226564 0.787106 0.224607 0.785158 0.222661 0.785158 0.220705 0.783198 0.218749 0.783198 0.216793 0.781251 0.214846 0.781251 0.21289 0.779292 0.210934 0.779292 0.208987 0.775396 0.208987 0.773437 0.207031
0 0.49805 0.191401 0.494143 0.195314 0.494143 0.19727 0.492184 0.199216 0.492184 0.201173 0.494143 0.203129 0.494143 0.205075 0.499998 0.210934 0.499998 0.21289 0.503905 0.216793 0.503905 0.218749 0.50976 0.224607 0.50976 0.226564 0.51172 0.22852 0.513667 0.22852 0.519534 0.222661 0.521482 0.222661 0.52344 0.220705 0.525388 0.220705 0.525388 0.216793 0.519534 0.210934 0.519534 0.208987 0.50976 0.199216 0.50976 0.19727 0.503905 0.191401
0 0.925779 0.117184 0.927738 0.119141 0.927738 0.121097 0.929686 0.123043 0.929686 0.124999 0.931645 0.126955 0.931645 0.128902 0.933593 0.130858 0.933593 0.132814 0.935552 0.13477 0.935552 0.136717 0.941407 0.136717 0.943355 0.13477 0.943355 0.132814 0.945314 0.130858 0.945314 0.128902 0.943355 0.126955 0.943355 0.124999 0.939447 0.121097 0.939447 0.119141 0.9375 0.117184
0 0.902348 0.246096 0.896482 0.251955 0.894534 0.251955 0.892574 0.253911 0.892574 0.255857 0.894534 0.257813 0.894534 0.25977 0.896482 0.261716 0.896482 0.263672 0.900388 0.267575 0.900388 0.269531 0.902348 0.271487 0.902348 0.273433 0.906255 0.277346 0.906255 0.279292 0.908202 0.281248 0.914057 0.281248 0.916017 0.279292 0.916017 0.277346 0.921872 0.271487 0.919924 0.269531 0.919924 0.267575 0.917964 0.265628 0.917964 0.263672 0.916017 0.261716 0.916017 0.25977 0.914057 0.257813 0.914057 0.255857 0.912109 0.253911 0.912109 0.251955 0.910162 0.249999 0.910162 0.248042 0.908202 0.246096
0 0.599612 0.353519 0.597652 0.355465 0.593745 0.355465 0.589838 0.359378 0.589838 0.36328 0.58789 0.365237 0.58789 0.369139 0.593745 0.374998 0.595705 0.374998 0.605466 0.384769 0.605466 0.382813 0.607426 0.380857 0.61524 0.380857 0.61524 0.37891 0.617188 0.376954 0.617188 0.371095
0 0.468753 0.492192 0.460938 0.499997 0.470701 0.509768 0.47266 0.509768 0.48437 0.521486 0.486329 0.521486 0.490236 0.517573 0.492184 0.517573 0.494143 0.515627 0.496091 0.515627 0.496091 0.513671 0.49805 0.511715 0.49805 0.509768 0.496091 0.507812 0.494143 0.507812 0.490236 0.503909 0.488277 0.503909 0.48437 0.499997 0.482422 0.499997 0.478515 0.496095 0.476567 0.496095 0.47266 0.492192
0 0.994135 0.265628 0.992188 0.267575 0.99024 0.267575 0.99024 0.269531 0.988281 0.271487 0.988281 0.273433 0.986333 0.27539 0.986333 0.277346 0.988281 0.279292 0.988281 0.281248 0.99024 0.283205 0.99024 0.285161 0.992188 0.287107 0.992188 0.289063 0.994135 0.291019 0.994135 0.292966 0.996095 0.294922 0.996095 0.296878 0.998043 0.298825 0.998043 0.300781 1 0.300781 1 0.296878 1 0.296878 1 0.291019 1 0.289063 1 0.287107 1 0.285161 1 0.283205 1 0.281248 1 0.279292 1 0.277346 1 0.27539 1 0.273433 1 0.271487 1 0.269531 1 0.267575 1 0.265628
0 0.396489 0.464845 0.39453 0.466801 0.392582 0.466801 0.388675 0.470703 0.386715 0.470703 0.386715 0.474606 0.384768 0.476562 0.384768 0.480465 0.392582 0.48828 0.39453 0.48828 0.406251 0.499997 0.410158 0.499997 0.410158 0.498051 0.414065 0.494138 0.416013 0.494138 0.416013 0.492192 0.417973 0.490236 0.417973 0.48828 0.406251 0.476562 0.406251 0.474606
0 0.953128 0.287107 0.951169 0.289063 0.945314 0.289063 0.945314 0.291019 0.943355 0.292966 0.943355 0.294922 0.941407 0.296878 0.943355 0.298825 0.943355 0.300781 0.945314 0.302737 0.945314 0.304683 0.947262 0.306639 0.947262 0.308596 0.949221 0.310542 0.949221 0.312498 0.951169 0.314454 0.951169 0.316411 0.953128 0.318357 0.953128 0.320313 0.955076 0.322269 0.958983 0.322269 0.960942 0.320313 0.968745 0.320313 0.968745 0.316411 0.970704 0.314454 0.970704 0.310542 0.968745 0.308596 0.968745 0.306639 0.966797 0.304683 0.966797 0.300781 0.964849 0.298825 0.964849 0.294922 0.96289 0.292966 0.96289 0.291019 0.960942 0.289063 0.960942 0.287107
0 0.13476 0.832028 0.13476 0.833984 0.132812 0.83594 0.132812 0.837886 0.130865 0.839843 0.130865 0.841799 0.128905 0.843745 0.128905 0.845701 0.126958 0.847658 0.126958 0.849614 0.124998 0.85156 0.124998 0.853516 0.123051 0.855472 0.123051 0.857419 0.121091 0.859375 0.121091 0.861331 0.119143 0.863277 0.119143 0.865234 0.117184 0.86719 0.117184 0.869136 0.115236 0.871092 0.115236 0.873049 0.113277 0.875005 0.119143 0.880863 0.123051 0.880863 0.124998 0.88281 0.126958 0.880863 0.128905 0.880863 0.128905 0.878907 0.130865 0.876951 0.130865 0.875005 0.132812 0.873049 0.132812 0.871092 0.13476 0.869136 0.13476 0.865234 0.13672 0.863277 0.13672 0.861331 0.138668 0.859375 0.138668 0.857419 0.140627 0.855472 0.140627 0.85156 0.142574 0.849614 0.142574 0.847658 0.144534 0.845701 0.144534 0.843745 0.146482 0.841799 0.146482 0.839843 0.144534 0.837886 0.142574 0.837886 0.140627 0.83594 0.138668 0.83594