0 0.371094 0.763672 0.365235 0.769531 0.365235 0.773438 0.367188 0.775391 0.367188 0.777344 0.369141 0.779297 0.369141 0.78125 0.371094 0.783203 0.371094 0.785157 0.373047 0.78711 0.375 0.78711 0.376953 0.789063 0.380859 0.789063 0.384765 0.785157 0.386718 0.785157 0.386718 0.779297 0.382812 0.775391 0.382812 0.773438 0.376953 0.767578 0.376953 0.765625 0.375 0.765625 0.373047 0.763672
0 0.828126 0.914063 0.822265 0.919922 0.822265 0.921875 0.816406 0.927735 0.816406 0.929688 0.814453 0.931641 0.816406 0.933594 0.816406 0.935547 0.822265 0.935547 0.824219 0.933594 0.826172 0.933594 0.828126 0.931641 0.828126 0.929688 0.832032 0.925781 0.832032 0.923828 0.833985 0.921875 0.833985 0.919922 0.835938 0.917969 0.832032 0.914063
0 0.41211 0.041016 0.410157 0.042969 0.410157 0.044922 0.408204 0.046875 0.408204 0.048829 0.404297 0.052735 0.404297 0.054688 0.402344 0.056641 0.402344 0.060547 0.404297 0.0625 0.404297 0.064454 0.406251 0.064454 0.408204 0.066407 0.41211 0.066407 0.414063 0.064454 0.414063 0.0625 0.416016 0.060547 0.416016 0.058594 0.417969 0.056641 0.417969 0.054688 0.419922 0.052735 0.419922 0.050782 0.421875 0.048829 0.421875 0.046875 0.423828 0.044922 0.423828 0.042969 0.421875 0.042969 0.419922 0.041016
0 0.390625 0.089843 0.384765 0.095703 0.384765 0.097656 0.382812 0.099609 0.382812 0.101562 0.380859 0.103515 0.380859 0.107422 0.378906 0.109375 0.382812 0.113281 0.384765 0.111328 0.388671 0.111328 0.388671 0.109375 0.390625 0.107422 0.390625 0.105468 0.392578 0.103515 0.392578 0.101562 0.394531 0.099609 0.394531 0.097656 0.396484 0.095703 0.396484 0.09375 0.394531 0.091796 0.392578 0.091796
0 0.992187 0.722656 0.990234 0.724609 0.988281 0.724609 0.986328 0.726562 0.986328 0.728515 0.982422 0.732422 0.982422 0.734375 0.978516 0.738281 0.978516 0.740234 0.976563 0.742187 0.976563 0.744141 0.97461 0.746094 0.978516 0.75 0.982422 0.75 0.984375 0.748047 0.986328 0.748047 0.988281 0.746094 0.988281 0.744141 0.992187 0.740234 0.992187 0.738281 0.998047 0.732422 0.998047 0.726562 0.996094 0.724609 0.99414 0.724609
0 0.626953 0.261718 0.625 0.263672 0.625 0.265625 0.623047 0.267578 0.623047 0.269531 0.621093 0.271484 0.621093 0.273437 0.617187 0.277344 0.61914 0.279297 0.61914 0.28125 0.621093 0.283203 0.623047 0.28125 0.625 0.28125 0.625 0.279297 0.626953 0.277344 0.626953 0.27539 0.628906 0.273437 0.628906 0.271484 0.630859 0.269531 0.630859 0.265625
0 0.201171 0.378906 0.199218 0.380859 0.199218 0.382812 0.197265 0.384765 0.199218 0.386718 0.199218 0.390625 0.201171 0.392578 0.201171 0.394531 0.203125 0.396484 0.203125 0.40039 0.205078 0.402343 0.205078 0.404297 0.207031 0.404297 0.210937 0.408203 0.212891 0.40625 0.214844 0.40625 0.216797 0.404297 0.21875 0.404297 0.21875 0.402343 0.216797 0.40039 0.216797 0.398437 0.214844 0.396484 0.214844 0.394531 0.212891 0.392578 0.212891 0.390625 0.210937 0.388671 0.210937 0.386718 0.208984 0.384765 0.208984 0.382812 0.205078 0.378906
0 0.398437 0.951172 0.394531 0.955079 0.394531 0.957032 0.392578 0.958985 0.392578 0.964844 0.390625 0.966797 0.390625 0.970704 0.388671 0.972656 0.388671 0.974609 0.390625 0.976562 0.390625 0.978515 0.392578 0.980468 0.396484 0.980468 0.398437 0.978515 0.400391 0.978515 0.402344 0.976562 0.402344 0.972656 0.404297 0.970704 0.404297 0.962891 0.406251 0.960938 0.406251 0.953125 0.404297 0.951172
0 0.322266 0.195313 0.320313 0.197266 0.31836 0.197266 0.316407 0.199219 0.316407 0.201172 0.314454 0.203125 0.314454 0.205079 0.312501 0.207032 0.312501 0.208985 0.310547 0.210938 0.310547 0.212891 0.312501 0.214844 0.312501 0.216797 0.314454 0.216797 0.316407 0.218751 0.31836 0.216797 0.320313 0.216797 0.322266 0.214844 0.322266 0.212891 0.324219 0.210938 0.324219 0.208985 0.326172 0.207032 0.326172 0.205079 0.328125 0.203125 0.328125 0.199219 0.326172 0.197266 0.326172 0.195313
0 0.853515 0.886719 0.851562 0.888672 0.849609 0.888672 0.847656 0.890625 0.847656 0.892578 0.841797 0.898438 0.841797 0.900391 0.837891 0.904297 0.837891 0.910156 0.839844 0.912109 0.845703 0.912109 0.847656 0.910156 0.849609 0.910156 0.855469 0.904297 0.855469 0.902344 0.861328 0.896484 0.861328 0.894531 0.863281 0.892578 0.859375 0.888672 0.859375 0.886719
0 0.466797 0.486328 0.464844 0.488282 0.460938 0.488282 0.457032 0.492188 0.457032 0.494141 0.449219 0.501954 0.453126 0.50586 0.453126 0.507813 0.457032 0.507813 0.464844 0.5 0.466797 0.5 0.470703 0.496094 0.470703 0.492188 0.46875 0.490235 0.46875 0.488282
0 0.824219 0.955079 0.816406 0.962891 0.816406 0.964844 0.810547 0.970704 0.810547 0.972656 0.808593 0.974609 0.808593 0.978515 0.810547 0.978515 0.8125 0.980468 0.816406 0.980468 0.828126 0.968751 0.828126 0.966797 0.832032 0.962891 0.832032 0.960938 0.830079 0.958985 0.830079 0.957032 0.828126 0.955079
0 0.427734 0.070313 0.423828 0.074219 0.423828 0.076171 0.421875 0.078124 0.421875 0.080078 0.419922 0.082031 0.419922 0.083984 0.417969 0.085937 0.417969 0.091796 0.419922 0.091796 0.421875 0.09375 0.425781 0.09375 0.425781 0.091796 0.427734 0.089843 0.427734 0.08789 0.429687 0.085937 0.429687 0.083984 0.435546 0.078124 0.435546 0.072266 0.433593 0.072266 0.43164 0.070313
0 0.75 0.017578 0.748047 0.019531 0.748047 0.035157 0.75 0.03711 0.755859 0.03711 0.757812 0.035157 0.757812 0.027344 0.759765 0.025391 0.759765 0.017578
0 0.332031 0.220704 0.330078 0.222657 0.328125 0.222657 0.326172 0.224609 0.326172 0.226562 0.322266 0.230468 0.322266 0.232421 0.320313 0.234374 0.320313 0.238281 0.324219 0.238281 0.326172 0.240234 0.335937 0.230468 0.335937 0.228515 0.33789 0.226562 0.33789 0.224609 0.335937 0.222657 0.335937 0.220704
0 0.796875 0.947266 0.789063 0.955079 0.789063 0.957032 0.779297 0.966797 0.779297 0.970704 0.781251 0.970704 0.785157 0.974609 0.789063 0.970704 0.791016 0.970704 0.792969 0.968751 0.792969 0.966797 0.800781 0.958985 0.800781 0.957032 0.802734 0.955079 0.802734 0.951172 0.800781 0.949219 0.798828 0.949219
0 0.353516 0.148437 0.349609 0.152344 0.349609 0.154297 0.347656 0.15625 0.347656 0.158203 0.345703 0.160156 0.345703 0.164063 0.34375 0.166016 0.34375 0.167969 0.345703 0.167969 0.347656 0.169922 0.351562 0.169922 0.353516 0.167969 0.353516 0.166016 0.355469 0.164063 0.355469 0.162109 0.359376 0.158203 0.359376 0.154297 0.357422 0.152344 0.357422 0.150391 0.355469 0.150391
0 0.259766 0.371094 0.257812 0.373047 0.255859 0.373047 0.253906 0.374999 0.251953 0.374999 0.251953 0.380859 0.253906 0.382812 0.253906 0.384765 0.255859 0.386718 0.255859 0.388671 0.257812 0.390625 0.257812 0.392578 0.259766 0.394531 0.259766 0.396484 0.263672 0.40039 0.267579 0.40039 0.269532 0.398437 0.271485 0.398437 0.271485 0.390625 0.269532 0.388671 0.269532 0.386718 0.267579 0.384765 0.267579 0.380859 0.265625 0.378906 0.265625 0.376953 0.261719 0.373047 0.261719 0.371094
0 0.550782 0.367188 0.550782 0.369141 0.546875 0.373047 0.546875 0.374999 0.544922 0.376953 0.544922 0.378906 0.541016 0.382812 0.541016 0.384765 0.539062 0.386718 0.539062 0.390625 0.541016 0.392578 0.541016 0.394531 0.548829 0.394531 0.552735 0.390625 0.552735 0.388671 0.554688 0.386718 0.554688 0.384765 0.556641 0.382812 0.556641 0.380859 0.558594 0.378906 0.558594 0.376953 0.560547 0.374999 0.560547 0.373047 0.558594 0.371094 0.558594 0.369141 0.556641 0.367188
2 0.767578 0.519532 0.759765 0.527343 0.757812 0.527343 0.744141 0.541015 0.742188 0.541015 0.734375 0.548828 0.734375 0.550781 0.730469 0.554687 0.730469 0.55664 0.728515 0.558593 0.728515 0.560547 0.726562 0.5625 0.726562 0.564453 0.724609 0.566406 0.724609 0.568359 0.722656 0.570312 0.722656 0.572265 0.720703 0.574219 0.720703 0.576172 0.71875 0.578125 0.71875 0.625 0.720703 0.626953 0.720703 0.632813 0.722656 0.634766 0.722656 0.638672 0.724609 0.640625 0.724609 0.642578 0.728515 0.646485 0.728515 0.648438 0.730469 0.650391 0.730469 0.652344 0.734375 0.65625 0.736329 0.65625 0.740235 0.660157 0.742188 0.660157 0.748047 0.666016 0.75 0.666016 0.753906 0.669922 0.755859 0.669922 0.757812 0.671876 0.759765 0.671876 0.761719 0.673828 0.763672 0.673828 0.765625 0.675781 0.767578 0.675781 0.769531 0.677734 0.792969 0.677734 0.794922 0.679687 0.800781 0.679687 0.802734 0.68164 0.80664 0.68164 0.808593 0.683593 0.810547 0.68164 0.810547 0.679687 0.8125 0.677734 0.8125 0.675781 0.814453 0.673828 0.814453 0.671876 0.818359 0.667969 0.818359 0.666016 0.820312 0.664063 0.820312 0.66211 0.822265 0.660157 0.822265 0.658204 0.826172 0.654297 0.826172 0.652344 0.828126 0.650391 0.828126 0.648438 0.830079 0.646485 0.830079 0.644532 0.833985 0.640625 0.833985 0.638672 0.835938 0.636719 0.835938 0.634766 0.837891 0.632813 0.837891 0.63086 0.841797 0.626953 0.841797 0.625 0.84375 0.623047 0.84375 0.621094 0.845703 0.619141 0.845703 0.617188 0.849609 0.613281 0.849609 0.611328 0.851562 0.609375 0.851562 0.607422 0.853515 0.605469 0.853515 0.603516 0.857422 0.599609 0.857422 0.597656 0.859375 0.595703 0.859375 0.59375 0.861328 0.591797 0.861328 0.589844 0.863281 0.587891 0.861328 0.585937 0.859375 0.585937 0.855469 0.582031 0.853515 0.582031 0.847656 0.576172 0.845703 0.576172 0.841797 0.572265 0.839844 0.572265 0.833985 0.566406 0.832032 0.566406 0.828126 0.5625 0.826172 0.5625 0.820312 0.55664 0.818359 0.55664 0.814453 0.552734 0.8125 0.552734 0.80664 0.546875 0.804687 0.546875 0.800781 0.542968 0.798828 0.542968 0.792969 0.537109 0.791016 0.537109 0.78711 0.533203 0.785157 0.533203 0.779297 0.527343 0.777344 0.527343 0.773437 0.523437 0.771484 0.523437
0 0.638672 0.998047 0.636719 1 0.636719 1 0.634766 1 0.636719 1 0.636719 1 0.640626 1 0.640626 1 0.642579 1 0.644532 1 0.650391 1 0.652344 1 0.646485 1 0.646485 1 0.640626 0.998047
0 0.851562 0.933594 0.849609 0.935547 0.847656 0.935547 0.835938 0.947266 0.835938 0.949219 0.833985 0.951172 0.833985 0.953125 0.837891 0.957032 0.841797 0.957032 0.841797 0.955079 0.855469 0.941407 0.855469 0.9375
0 0.50586 0.435547 0.503907 0.4375 0.498047 0.4375 0.496094 0.439453 0.496094 0.441406 0.494141 0.443359 0.494141 0.445312 0.490234 0.449219 0.490234 0.451172 0.488281 0.453125 0.488281 0.455078 0.486328 0.457031 0.488281 0.458984 0.488281 0.460938 0.490234 0.462891 0.494141 0.462891 0.496094 0.460938 0.498047 0.460938 0.500001 0.458984 0.500001 0.457031 0.503907 0.453125 0.503907 0.451172 0.50586 0.449219 0.50586 0.447266 0.507813 0.445312 0.507813 0.443359 0.509766 0.441406 0.507813 0.439453 0.507813 0.4375
0 0.580078 0.328125 0.578125 0.330078 0.578125 0.332032 0.576172 0.333985 0.576172 0.335938 0.574218 0.337891 0.574218 0.339844 0.572265 0.341797 0.572265 0.34375 0.570312 0.345704 0.570312 0.351563 0.572265 0.353516 0.578125 0.353516 0.580078 0.351563 0.580078 0.34961 0.582031 0.347657 0.582031 0.345704 0.583984 0.34375 0.583984 0.341797 0.587891 0.337891 0.587891 0.335938 0.589844 0.333985 0.587891 0.332032 0.587891 0.330078 0.585937 0.328125
0 0.742188 0.039063 0.740235 0.041016 0.740235 0.042969 0.738282 0.044922 0.738282 0.050782 0.736329 0.052735 0.736329 0.058594 0.738282 0.058594 0.740235 0.060547 0.744141 0.060547 0.748047 0.056641 0.748047 0.044922 0.75 0.042969 0.748047 0.041016 0.748047 0.039063
0 0.886719 0.892578 0.884766 0.894531 0.882813 0.894531 0.876954 0.900391 0.876954 0.902344 0.871094 0.908203 0.871094 0.912109 0.873047 0.914063 0.873047 0.916016 0.878907 0.916016 0.888672 0.90625 0.888672 0.904297 0.892578 0.900391 0.892578 0.898438 0.890625 0.896484 0.890625 0.894531 0.888672 0.894531
0 0.960937 0.78125 0.958984 0.783203 0.957031 0.783203 0.955078 0.785157 0.955078 0.78711 0.949218 0.792969 0.949218 0.794922 0.945312 0.798829 0.947265 0.800782 0.947265 0.802735 0.949218 0.804688 0.955078 0.804688 0.957031 0.802735 0.957031 0.800782 0.96289 0.794922 0.96289 0.792969 0.966797 0.789063 0.966797 0.78711
0 0.433593 0.519532 0.43164 0.521485 0.429687 0.521485 0.429687 0.523437 0.425781 0.527343 0.425781 0.529296 0.423828 0.531249 0.423828 0.533203 0.421875 0.535156 0.421875 0.537109 0.423828 0.539062 0.43164 0.539062 0.43164 0.537109 0.433593 0.535156 0.433593 0.533203 0.4375 0.529296 0.439453 0.529296 0.439453 0.52539 0.441406 0.523437 0.439453 0.521485 0.439453 0.519532
0 0.681641 0.158203 0.677734 0.162109 0.677734 0.164063 0.675781 0.166016 0.675781 0.167969 0.673828 0.169922 0.673828 0.173828 0.671875 0.175781 0.671875 0.177735 0.669922 0.179688 0.669922 0.183594 0.671875 0.185547 0.671875 0.1875 0.673828 0.189453 0.673828 0.191407 0.681641 0.191407 0.685547 0.1875 0.685547 0.183594 0.687501 0.181641 0.687501 0.175781 0.689454 0.173828 0.689454 0.162109 0.685547 0.158203
0 0.349609 0.195313 0.347656 0.197266 0.345703 0.197266 0.345703 0.199219 0.34375 0.201172 0.34375 0.203125 0.341796 0.205079 0.341796 0.207032 0.339843 0.208985 0.339843 0.214844 0.341796 0.216797 0.349609 0.216797 0.351562 0.214844 0.351562 0.212891 0.353516 0.210938 0.353516 0.208985 0.355469 0.207032 0.355469 0.199219 0.351562 0.195313
0 0.111328 0.179688 0.107421 0.183594 0.109375 0.185547 0.109375 0.1875 0.111328 0.189453 0.111328 0.191407 0.113281 0.19336 0.113281 0.195313 0.117187 0.195313 0.119141 0.19336 0.119141 0.189453 0.117187 0.1875 0.117187 0.185547
0 0.314454 0.240234 0.310547 0.24414 0.310547 0.246093 0.302734 0.253906 0.302734 0.255859 0.298828 0.259765 0.298828 0.261718 0.300781 0.263672 0.300781 0.265625 0.304687 0.265625 0.306641 0.267578 0.324219 0.25 0.324219 0.248046 0.322266 0.246093 0.322266 0.24414 0.320313 0.24414 0.31836 0.242187 0.316407 0.242187
0 0.714843 0.097656 0.71289 0.099609 0.71289 0.101562 0.710937 0.103515 0.710937 0.107422 0.708984 0.109375 0.708984 0.111328 0.707031 0.113281 0.707031 0.121094 0.708984 0.123047 0.708984 0.125 0.710937 0.126953 0.714843 0.126953 0.71875 0.123047 0.71875 0.121094 0.720703 0.11914 0.720703 0.115234 0.722656 0.113281 0.722656 0.111328 0.724609 0.109375 0.724609 0.101562 0.722656 0.099609 0.720703 0.099609 0.71875 0.097656
0 0.121094 0.283203 0.117187 0.287109 0.115234 0.287109 0.111328 0.291016 0.109375 0.291016 0.105468 0.294922 0.103515 0.294922 0.099609 0.298828 0.097656 0.298828 0.097656 0.300781 0.095703 0.302734 0.095703 0.306641 0.097656 0.308594 0.097656 0.310547 0.099609 0.310547 0.101562 0.3125 0.105468 0.3125 0.109375 0.308594 0.111328 0.308594 0.117187 0.302734 0.119141 0.302734 0.125 0.296875 0.126954 0.296875 0.13086 0.292969 0.13086 0.287109 0.126954 0.283203
0 0.691407 0.134766 0.691407 0.136719 0.689454 0.138672 0.689454 0.146484 0.687501 0.148437 0.687501 0.158203 0.691407 0.162109 0.691407 0.166016 0.695313 0.166016 0.697266 0.164063 0.699219 0.164063 0.699219 0.162109 0.701172 0.160156 0.701172 0.136719 0.699219 0.136719 0.697266 0.134766
0 0.292968 0.27539 0.291015 0.277344 0.287109 0.277344 0.279297 0.285156 0.279297 0.287109 0.277344 0.289062 0.277344 0.292969 0.279297 0.294922 0.283203 0.294922 0.285156 0.292969 0.287109 0.292969 0.294921 0.285156 0.296875 0.285156 0.296875 0.283203 0.298828 0.28125 0.296875 0.279297 0.296875 0.277344 0.294921 0.277344
0 0.15039 0.125 0.148437 0.126953 0.146484 0.126953 0.144531 0.128906 0.144531 0.130859 0.146484 0.132812 0.146484 0.134766 0.148437 0.136719 0.148437 0.138672 0.15625 0.146484 0.162109 0.146484 0.164062 0.144531 0.164062 0.142578 0.162109 0.140625 0.162109 0.138672 0.160156 0.136719 0.160156 0.134766 0.15625 0.130859 0.15625 0.128906 0.154296 0.126953 0.152343 0.126953
0 0.781251 0.996093 0.779297 0.998047 0.777344 0.998047 0.773437 1 0.773437 1 0.767578 1 0.767578 1 0.763672 1 0.763672 1 0.761719 1 0.761719 1 0.763672 1 0.763672 1 0.767578 1 0.769531 1 0.771484 1 0.773437 1 0.777344 1 0.777344 1 0.785157 1 0.785157 1 0.78711 1 0.78711 1 0.789063 1 0.789063 1 0.785157 0.996093
0 0.910156 0.867187 0.908203 0.86914 0.90625 0.86914 0.902343 0.873047 0.902343 0.875 0.894531 0.882812 0.896484 0.884766 0.896484 0.888672 0.898437 0.890625 0.902343 0.890625 0.90625 0.886719 0.90625 0.884766 0.912109 0.878906 0.912109 0.876953 0.916015 0.873047 0.916015 0.86914 0.914062 0.867187
0 0.666015 0.191407 0.664062 0.19336 0.664062 0.195313 0.662109 0.197266 0.662109 0.199219 0.660156 0.201172 0.660156 0.203125 0.658203 0.205079 0.658203 0.207032 0.65625 0.208985 0.65625 0.210938 0.654297 0.212891 0.65625 0.214844 0.65625 0.216797 0.658203 0.218751 0.662109 0.218751 0.666015 0.214844 0.666015 0.212891 0.667968 0.210938 0.667968 0.208985 0.669922 0.207032 0.669922 0.205079 0.671875 0.203125 0.671875 0.201172 0.673828 0.199219 0.673828 0.195313 0.669922 0.191407
0 0.341796 0.697265 0.339843 0.699218 0.33789 0.699218 0.33789 0.705078 0.339843 0.707031 0.339843 0.708984 0.341796 0.710937 0.341796 0.71289 0.34375 0.714843 0.34375 0.716797 0.347656 0.720703 0.349609 0.71875 0.353516 0.71875 0.355469 0.716797 0.355469 0.714843 0.353516 0.71289 0.353516 0.710937 0.351562 0.708984 0.351562 0.707031 0.349609 0.705078 0.349609 0.703125 0.347656 0.701172 0.347656 0.697265
0 0.730469 0.070313 0.726562 0.074219 0.724609 0.074219 0.724609 0.076171 0.722656 0.078124 0.722656 0.082031 0.720703 0.083984 0.720703 0.08789 0.71875 0.089843 0.71875 0.09375 0.716797 0.095703 0.71875 0.095703 0.720703 0.097656 0.722656 0.097656 0.724609 0.099609 0.726562 0.097656 0.728515 0.097656 0.730469 0.095703 0.730469 0.09375 0.732422 0.091796 0.732422 0.085937 0.734375 0.083984 0.734375 0.080078 0.736329 0.078124 0.734375 0.076171 0.734375 0.074219
0 0.203125 0.236328 0.201171 0.238281 0.201171 0.240234 0.199218 0.242187 0.199218 0.253906 0.201171 0.255859 0.201171 0.261718 0.205078 0.265625 0.208984 0.265625 0.210937 0.263672 0.212891 0.263672 0.212891 0.261718 0.214844 0.259765 0.214844 0.25 0.212891 0.248046 0.212891 0.242187 0.210937 0.240234 0.210937 0.238281 0.208984 0.238281 0.207031 0.236328
0 0.392578 0.796875 0.390625 0.798829 0.388671 0.798829 0.386718 0.800782 0.386718 0.804688 0.388671 0.806641 0.388671 0.808594 0.394531 0.814454 0.394531 0.816407 0.400391 0.822265 0.400391 0.824218 0.406251 0.824218 0.410157 0.820313 0.410157 0.816407 0.408204 0.814454 0.408204 0.812501 0.406251 0.810547 0.406251 0.808594 0.404297 0.806641 0.404297 0.804688 0.398437 0.798829 0.396484 0.798829 0.394531 0.796875
0 0.359376 0.984375 0.355469 0.988281 0.355469 0.998047 0.353516 1 0.353516 1 0.355469 1 0.355469 1 0.363282 1 0.365235 1 0.367188 1 0.367188 0.990234 0.365235 0.988281 0.365235 0.986328 0.363282 0.984375
0 0.417969 0.537109 0.416016 0.539062 0.414063 0.539062 0.41211 0.541015 0.41211 0.542968 0.408204 0.546875 0.408204 0.548828 0.406251 0.550781 0.406251 0.552734 0.404297 0.554687 0.406251 0.55664 0.406251 0.558593 0.41211 0.558593 0.416016 0.554687 0.416016 0.552734 0.421875 0.546875 0.421875 0.544921 0.423828 0.542968 0.421875 0.541015 0.421875 0.539062 0.419922 0.539062
0 0.933594 0.83789 0.927735 0.84375 0.927735 0.845703 0.921876 0.851562 0.919923 0.851562 0.919923 0.855468 0.921876 0.857422 0.921876 0.859375 0.929688 0.859375 0.929688 0.857422 0.9375 0.849609 0.9375 0.847656 0.941406 0.84375 0.935547 0.83789
0 0.947265 0.822265 0.935547 0.833984 0.935547 0.835937 0.941406 0.841796 0.945312 0.841796 0.947265 0.839843 0.947265 0.83789 0.951172 0.833984 0.951172 0.832031 0.953125 0.830078 0.953125 0.826171 0.949218 0.822265
0 0.638672 0.234374 0.638672 0.236328 0.636719 0.238281 0.636719 0.240234 0.634766 0.242187 0.634766 0.24414 0.632812 0.246093 0.632812 0.248046 0.630859 0.25 0.630859 0.251953 0.632812 0.253906 0.632812 0.255859 0.638672 0.255859 0.640626 0.253906 0.642579 0.253906 0.642579 0.251953 0.644532 0.25 0.644532 0.246093 0.646485 0.24414 0.646485 0.240234 0.648438 0.238281 0.644532 0.234374
13 0.988281 0.333985 0.986328 0.335938 0.986328 0.337891 0.984375 0.339844 0.984375 0.341797 0.982422 0.34375 0.982422 0.345704 0.978516 0.34961 0.978516 0.351563 0.976563 0.353516 0.976563 0.355469 0.97461 0.357422 0.97461 0.359375 0.972657 0.361329 0.972657 0.363282 0.968751 0.367188 0.968751 0.369141 0.966797 0.371094 0.966797 0.373047 0.964844 0.374999 0.964844 0.376953 0.960937 0.380859 0.960937 0.382812 0.958984 0.384765 0.958984 0.386718 0.957031 0.388671 0.957031 0.390625 0.955078 0.392578 0.955078 0.394531 0.951172 0.398437 0.951172 0.40039 0.949218 0.402343 0.949218 0.404297 0.947265 0.40625 0.947265 0.408203 0.945312 0.410156 0.947265 0.410156 0.951172 0.414062 0.953125 0.414062 0.957031 0.417969 0.958984 0.417969 0.960937 0.419922 0.96289 0.419922 0.966797 0.423828 0.968751 0.423828 0.972657 0.427734 0.97461 0.427734 0.976563 0.429687 0.978516 0.427734 0.978516 0.425781 0.980469 0.423828 0.980469 0.421875 0.984375 0.417969 0.984375 0.416015 0.988281 0.412109 0.988281 0.410156 0.990234 0.408203 0.990234 0.40625 0.99414 0.402343 0.99414 0.40039 0.998047 0.396484 0.998047 0.394531 1 0.392578 1 0.390625 1 0.386718 1 0.384765 1 0.380859 1 0.378906 1 0.376953 1 0.374999 1 0.371094 1 0.369141 1 0.365235 1 0.363282 1 0.361329 1 0.359375 1 0.355469 1 0.353516 1 0.351563 1 0.351563 1 0.34961 1 0.34961 1 0.347657 1 0.347657 1 0.345704 1 0.345704 1 0.34375 1 0.34375 1 0.341797 1 0.341797 1 0.339844 0.998047 0.339844 0.996094 0.337891 0.99414 0.337891 0.992187 0.335938 0.990234 0.335938
0 0.914062 0.820313 0.912109 0.822265 0.910156 0.822265 0.908203 0.824218 0.908203 0.826171 0.902343 0.832031 0.902343 0.833984 0.90039 0.835937 0.90039 0.839843 0.902343 0.841796 0.90625 0.841796 0.908203 0.839843 0.910156 0.839843 0.914062 0.835937 0.914062 0.833984 0.917969 0.830078 0.917969 0.828124 0.919923 0.826171 0.919923 0.822265 0.917969 0.822265 0.916015 0.820313