0 0.708984 0.814453 0.708984 0.816405 0.707033 0.818362 0.716797 0.818362 0.716797 0.814453
0 0.718752 0.78711 0.718752 0.791018 0.726564 0.791018 0.726564 0.78711
0 0.695314 0.816405 0.693359 0.818362 0.687501 0.818362 0.687501 0.822265 0.697265 0.822265 0.697265 0.820314 0.695314 0.818362
0 0.367186 0.771486 0.365235 0.773438 0.36328 0.773438 0.361329 0.775389 0.357423 0.775389 0.357423 0.777346 0.359374 0.779298 0.359374 0.78125 0.361329 0.779298 0.369142 0.779298 0.369142 0.777346 0.367186 0.775389
0 0.912111 0.335936 0.912111 0.345704 0.917968 0.345704 0.917968 0.341796 0.916017 0.339844 0.916017 0.335936
0 0.95508 0.632815 0.957031 0.634767 0.957031 0.636718 0.958986 0.63867 0.958986 0.640627 0.962892 0.640627 0.962892 0.63867 0.960937 0.636718 0.960937 0.632815
0 0.974611 0.630858 0.974611 0.63867 0.978517 0.63867 0.978517 0.630858
0 0.980469 0.076174 0.980469 0.078126 0.978517 0.080078 0.984375 0.085938 0.984375 0.083986 0.98633 0.082029
0 0.765623 0.839846 0.765623 0.841797 0.763672 0.843749 0.763672 0.845701 0.773436 0.845701 0.773436 0.843749 0.771484 0.841797 0.771484 0.839846
0 0.921874 0.367188 0.921874 0.375 0.925781 0.375 0.925781 0.367188
0 0.166015 0.38086 0.166015 0.382812 0.164064 0.384763 0.164064 0.38672 0.16797 0.38672 0.169921 0.388672 0.171876 0.38672 0.173827 0.38672 0.171876 0.384763 0.169921 0.384763
0 0.058594 0.826174 0.056639 0.828125 0.052733 0.828125 0.052733 0.833985 0.054688 0.832029 0.060545 0.832029 0.060545 0.830077 0.058594 0.828125
0 0.177734 0.669922 0.177734 0.673826 0.175783 0.675782 0.175783 0.677734 0.179689 0.677734 0.18164 0.679686 0.18164 0.669922
0 0.867186 0.539063 0.865235 0.541015 0.855468 0.541015 0.855468 0.542967 0.857423 0.544923 0.857423 0.546875 0.859374 0.544923 0.867186 0.544923
0 0.927736 0.589842 0.925781 0.591799 0.923829 0.591799 0.921874 0.593751 0.919923 0.593751 0.919923 0.595703 0.921874 0.597654 0.921874 0.599611 0.923829 0.597654 0.925781 0.597654 0.927736 0.595703 0.929687 0.595703 0.929687 0.593751 0.927736 0.591799
0 0.304686 0.841797 0.302735 0.843749 0.296873 0.843749 0.296873 0.845701 0.298829 0.847657 0.298829 0.851561 0.30078 0.853517 0.30078 0.855469 0.306641 0.855469 0.306641 0.849609 0.304686 0.847657
0 0.496094 0.742185 0.496094 0.748046 0.503906 0.748046 0.503906 0.744142 0.498049 0.744142
0 0.449218 0.675782 0.449218 0.681643 0.45508 0.681643 0.45508 0.679686 0.457031 0.677734 0.457031 0.675782
0 0.51367 0.70703 0.51367 0.710938 0.525389 0.710938 0.525389 0.70703
0 0.974611 0.683594 0.976562 0.685546 0.976562 0.687498 0.978517 0.689454 0.978517 0.691406 0.980469 0.689454 0.982424 0.689454 0.982424 0.687498 0.980469 0.685546 0.980469 0.683594
0 0.261717 0.351565 0.259766 0.353516 0.257811 0.353516 0.259766 0.355468 0.259766 0.35742 0.261717 0.359376 0.263672 0.35742 0.267578 0.35742 0.265623 0.35742 0.263672 0.355468 0.263672 0.353516
0 0.734377 0.71289 0.728515 0.71875 0.732422 0.722658 0.732422 0.72461 0.734377 0.726562 0.738283 0.722658 0.738283 0.720702 0.736328 0.71875 0.736328 0.716798 0.734377 0.714841
0 0.484375 0.697266 0.484375 0.703126 0.494143 0.703126 0.494143 0.697266
0 0.148439 0.824217 0.148439 0.830077 0.154296 0.830077 0.154296 0.824217
0 0.734377 0.769529 0.734377 0.775389 0.736328 0.773438 0.744141 0.773438 0.742189 0.771486 0.742189 0.769529
0 0.023438 0.970705 0.023438 0.974608 0.021483 0.976565 0.021483 0.980468 0.029295 0.980468 0.029295 0.976565 0.03125 0.974608 0.03125 0.970705
0 0.171876 0.667971 0.169921 0.669922 0.16797 0.669922 0.16797 0.677734 0.171876 0.677734
0 0.892579 0.472655 0.890624 0.474612 0.888673 0.474612 0.888673 0.478515 0.890624 0.480467 0.890624 0.484375 0.892579 0.482424 0.896486 0.482424 0.896486 0.480467 0.89453 0.478515 0.89453 0.476564 0.892579 0.474612
0 0.931642 0.097658 0.931642 0.101561 0.933593 0.103518 0.935548 0.103518 0.939455 0.107422 0.941406 0.10547 0.943361 0.10547 0.941406 0.10547 0.937499 0.101561 0.935548 0.101561
0 0.931642 0.103518 0.927736 0.107422 0.929687 0.107422 0.931642 0.109373 0.933593 0.109373 0.935548 0.11133 0.935548 0.109373 0.937499 0.107422 0.935548 0.107422
0 0.980469 0.57031 0.978517 0.572267 0.976562 0.572267 0.974611 0.574219 0.972656 0.574219 0.974611 0.576171 0.974611 0.578127 0.976562 0.576171 0.978517 0.576171 0.980469 0.574219 0.982424 0.574219 0.980469 0.572267
0 0.433593 0.683594 0.431642 0.685546 0.425781 0.685546 0.425781 0.689454 0.433593 0.689454
0 1 0.562499 1 0.564455 0.996094 0.564455 0.996094 0.568359 0.998049 0.566407 1 0.566407
0 0.939455 0.419924 0.939455 0.429688 0.941406 0.427736 0.943361 0.427736 0.943361 0.419924
0 0.763672 0.652342 0.761717 0.654299 0.755859 0.654299 0.755859 0.658202 0.763672 0.658202
0 0.945312 0.394532 0.945312 0.398435 0.947267 0.400392 0.947267 0.404295 0.951173 0.404295 0.951173 0.394532
0 0.783203 0.830077 0.783203 0.835937 0.791016 0.835937 0.791016 0.832029 0.785154 0.832029
0 0.703127 0.847657 0.69922 0.851561 0.697265 0.851561 0.697265 0.855469 0.69922 0.853517 0.701171 0.853517 0.703127 0.851561 0.707033 0.851561
0 0.132814 0.390624 0.130858 0.39258 0.117188 0.39258 0.117188 0.396484 0.11914 0.398435 0.11914 0.402344 0.121095 0.400392 0.123046 0.400392 0.125001 0.398435 0.128907 0.398435 0.130858 0.396484 0.132814 0.396484
0 0.964843 0.082029 0.964843 0.085938 0.966799 0.085938 0.970705 0.089846 0.970705 0.087889 0.972656 0.085938 0.970705 0.085938 0.96875 0.083986 0.966799 0.083986
0 0.976562 0.388672 0.976562 0.39258 0.978517 0.394532 0.978517 0.398435 0.982424 0.398435 0.982424 0.388672
0 0.216797 0.611326 0.214845 0.613283 0.205078 0.613283 0.207033 0.615235 0.207033 0.617186 0.208984 0.615235 0.216797 0.615235
0 1 0.541015 1 0.542967 0.994143 0.542967 0.994143 0.544923 0.996094 0.546875 0.996094 0.548827 0.998049 0.546875 1 0.546875 1 0.544923 1 0.542967
0 0.222658 0.347656 0.222658 0.349608 0.220703 0.351565 0.220703 0.353516 0.230471 0.353516 0.230471 0.349608 0.224609 0.349608
0 0.746096 0.761717 0.746096 0.763674 0.748047 0.765626 0.748047 0.767578 0.753908 0.767578 0.753908 0.761717
0 0.208984 0.617186 0.207033 0.619143 0.207033 0.621095 0.216797 0.621095 0.216797 0.617186
0 0.625001 0.70703 0.623046 0.708986 0.621095 0.708986 0.61914 0.710938 0.617188 0.710938 0.617188 0.71289 0.61914 0.714841 0.61914 0.716798 0.621095 0.714841 0.623046 0.714841 0.626952 0.710938 0.628907 0.710938
0 0.18164 0.36328 0.179689 0.365236 0.177734 0.365236 0.177734 0.367188 0.175783 0.36914 0.175783 0.371092 0.18164 0.371092
0 0.427736 0.705078 0.427736 0.710938 0.437499 0.710938 0.437499 0.70703 0.429687 0.70703
0 0.757811 0.767578 0.755859 0.769529 0.753908 0.769529 0.751953 0.771486 0.748047 0.771486 0.750002 0.773438 0.750002 0.775389 0.751953 0.777346 0.753908 0.775389 0.757811 0.775389
0 0.994143 0.552735 0.994143 0.554687 0.992187 0.556638 1 0.556638 1 0.552735
0 0.703127 0.72461 0.697265 0.73047 0.697265 0.732422 0.69922 0.734374 0.69922 0.73633 0.701171 0.738282 0.701171 0.740234 0.703127 0.738282 0.707033 0.738282 0.707033 0.73633 0.705078 0.734374 0.705078 0.728513 0.703127 0.726562
0 0.990236 0.624998 0.988281 0.626955 0.984375 0.626955 0.984375 0.628906 0.98633 0.630858 0.98633 0.634767 0.990236 0.634767
0 0.716797 0.779298 0.716797 0.78711 0.718752 0.785158 0.720703 0.785158 0.720703 0.783201 0.718752 0.78125 0.718752 0.779298
0 0.984375 0.679686 0.982424 0.681643 0.980469 0.681643 0.982424 0.683594 0.982424 0.685546 0.984375 0.687498 0.984375 0.689454 0.98633 0.687498 0.988281 0.687498 0.98633 0.685546 0.98633 0.683594 0.984375 0.681643
0 0.935548 0.328124 0.931642 0.332032 0.933593 0.333984 0.933593 0.335936 0.935548 0.337892 0.935548 0.339844 0.937499 0.337892 0.939455 0.337892 0.939455 0.335936 0.937499 0.333984 0.937499 0.332032 0.935548 0.330076
0 0.248047 0.78711 0.246096 0.789061 0.240234 0.789061 0.240234 0.791018 0.242189 0.79297 0.242189 0.794921 0.244141 0.79297 0.250002 0.79297 0.250002 0.791018 0.248047 0.789061
0 0.187502 0.371092 0.183595 0.375 0.187502 0.378908 0.187502 0.38086 0.189453 0.382812 0.193359 0.378908 0.193359 0.376952
0 0.103514 0.119142 0.101563 0.121093 0.093751 0.121093 0.091796 0.123045 0.083983 0.123045 0.083983 0.125002 0.085938 0.126953 0.085938 0.130857 0.087889 0.128905 0.093751 0.128905 0.095702 0.126953 0.103514 0.126953
0 0.945312 0.09375 0.945312 0.097658 0.949218 0.101561 0.953125 0.097658 0.951173 0.097658 0.949218 0.095701 0.947267 0.095701
0 0.457031 0.679686 0.457031 0.685546 0.464843 0.685546 0.466799 0.683594 0.46875 0.685546 0.46875 0.679686
0 0.960937 0.083986 0.960937 0.085938 0.958986 0.087889 0.958986 0.089846 0.960937 0.089846 0.964843 0.09375 0.964843 0.091798 0.966799 0.089846
0 0.21289 0.671874 0.21289 0.675782 0.220703 0.675782 0.222658 0.677734 0.222658 0.675782 0.220703 0.673826 0.220703 0.671874
0 0.710939 0.853517 0.710939 0.857421 0.71289 0.859373 0.71289 0.863281 0.714845 0.861329 0.718752 0.861329 0.718752 0.853517
0 0.970705 0.441408 0.970705 0.443359 0.96875 0.445311 0.970705 0.447268 0.970705 0.44922 0.972656 0.451171 0.972656 0.453123 0.974611 0.451171 0.976562 0.451171 0.974611 0.44922 0.974611 0.447268 0.972656 0.445311 0.972656 0.443359
0 0.18164 0.375 0.177734 0.378908 0.18164 0.382812 0.18164 0.384763 0.183595 0.38672 0.185546 0.384763 0.187502 0.384763 0.185546 0.382812 0.185546 0.38086 0.183595 0.378908 0.183595 0.376952
0 0.744141 0.814453 0.744141 0.820314 0.746096 0.818362 0.753908 0.818362 0.751953 0.816405 0.751953 0.814453
0 0.996094 0.673826 0.992187 0.677734 0.992187 0.681643 0.994143 0.683594 0.994143 0.689454 0.996094 0.687498 1 0.687498 1 0.685546 0.998049 0.683594 0.998049 0.677734 0.996094 0.675782
0 0.910155 0.302737 0.910155 0.304689 0.912111 0.30664 0.912111 0.310549 0.917968 0.310549 0.917968 0.308592 0.916017 0.30664 0.916017 0.302737
0 0.816405 0.623046 0.812498 0.626955 0.810547 0.626955 0.808592 0.628906 0.808592 0.630858 0.810547 0.632815 0.810547 0.634767 0.814454 0.630858 0.816405 0.630858 0.81836 0.628906 0.81836 0.626955 0.816405 0.624998
0 0.646483 0.70703 0.644532 0.708986 0.642577 0.708986 0.640626 0.710938 0.63672 0.710938 0.63672 0.714841 0.646483 0.714841
0 0.207033 0.623046 0.207033 0.624998 0.216797 0.624998 0.216797 0.623046
0 0.734377 0.832029 0.732422 0.833985 0.726564 0.833985 0.726564 0.837889 0.728515 0.835937 0.736328 0.835937 0.734377 0.833985
0 0.218752 0.810545 0.220703 0.812502 0.220703 0.814453 0.228515 0.814453 0.230471 0.816405 0.230471 0.812502 0.220703 0.812502
0 0.195314 0.371092 0.193359 0.373048 0.191408 0.373048 0.195314 0.376952 0.195314 0.378908 0.197265 0.38086 0.201171 0.376952
0 0.160158 0.683594 0.160158 0.693358 0.164064 0.693358 0.164064 0.683594
0 0.755859 0.833985 0.753908 0.835937 0.748047 0.835937 0.748047 0.841797 0.750002 0.839846 0.757811 0.839846 0.757811 0.837889 0.755859 0.835937
0 0.867186 0.521483 0.865235 0.523439 0.859374 0.523439 0.859374 0.529295 0.861329 0.527343 0.867186 0.527343
0 0.724609 0.816405 0.724609 0.818362 0.726564 0.820314 0.726564 0.822265 0.728515 0.820314 0.732422 0.820314 0.732422 0.818362 0.734377 0.816405
0 0.158202 0.91992 0.156251 0.921877 0.154296 0.921877 0.158202 0.925781 0.158202 0.927732 0.160158 0.929689 0.160158 0.927732 0.162109 0.925781 0.160158 0.923829 0.160158 0.921877
0 0.201171 0.367188 0.197265 0.371092 0.205078 0.378908 0.207033 0.376952 0.207033 0.375 0.208984 0.373048 0.207033 0.371092 0.205078 0.371092
0 0.716797 0.722658 0.71289 0.726562 0.71289 0.728513 0.714845 0.73047 0.714845 0.732422 0.716797 0.73047 0.720703 0.73047 0.718752 0.728513 0.718752 0.726562 0.716797 0.72461
0 0.89453 0.412107 0.89453 0.421876 0.898437 0.421876 0.898437 0.414064 0.896486 0.414064
0 0.896486 0.585939 0.892579 0.589842 0.890624 0.589842 0.888673 0.591799 0.888673 0.593751 0.890624 0.595703 0.890624 0.597654 0.892579 0.595703 0.89453 0.595703 0.898437 0.591799 0.900392 0.591799 0.898437 0.589842 0.898437 0.587891
0 0.03125 0.996092 0.03125 0.998049 0.029295 1 0.029295 1 0.027344 1 0.029295 1 0.03125 1 0.035157 1 0.039063 1 0.035157 1 0.035157 1
0 0.937499 0.45508 0.935548 0.457032 0.935548 0.466795 0.937499 0.464843 0.939455 0.464843 0.939455 0.46094 0.937499 0.458983
0 0.205078 0.630858 0.205078 0.634767 0.216797 0.634767 0.216797 0.630858 0.208984 0.630858 0.207033 0.632815
0 0.621095 0.634767 0.621095 0.640627 0.61914 0.642578 0.61914 0.648438 0.621095 0.646487 0.625001 0.646487 0.625001 0.634767
0 0.871093 0.353516 0.871093 0.35742 0.873048 0.359376 0.873048 0.365236 0.876954 0.365236 0.876954 0.361328 0.874999 0.359376 0.874999 0.353516
0 0.779297 0.773438 0.777342 0.775389 0.769529 0.775389 0.769529 0.777346 0.771484 0.779298 0.771484 0.78125 0.781248 0.78125 0.781248 0.779298 0.779297 0.777346
0 0.589844 0.720702 0.587889 0.722658 0.582032 0.722658 0.583983 0.72461 0.583983 0.726562 0.585938 0.72461 0.591796 0.72461 0.589844 0.722658
0 0.750002 0.802733 0.748047 0.80469 0.742189 0.80469 0.742189 0.808593 0.750002 0.808593
0 0.498049 0.671874 0.496094 0.673826 0.490236 0.673826 0.490236 0.681643 0.492187 0.679686 0.498049 0.679686
0 0.335936 0.818362 0.335936 0.828125 0.339842 0.828125 0.339842 0.818362
0 0.732422 0.808593 0.730471 0.810545 0.724609 0.810545 0.724609 0.814453 0.732422 0.814453
0 0.080077 0.890625 0.080077 0.900388 0.083983 0.900388 0.083983 0.896485 0.085938 0.894533 0.085938 0.890625
0 0.330079 0.773438 0.328124 0.775389 0.322266 0.775389 0.322266 0.777346 0.324217 0.779298 0.324217 0.78125 0.33203 0.78125 0.33203 0.779298 0.330079 0.777346
0 0.064452 0.886717 0.064452 0.896485 0.070313 0.896485 0.070313 0.886717
0 0.453125 0.683594 0.451173 0.685546 0.445312 0.685546 0.447267 0.687498 0.447267 0.689454 0.449218 0.687498 0.45508 0.687498 0.453125 0.685546
0 0.160158 0.371092 0.158202 0.373048 0.152345 0.373048 0.152345 0.375 0.154296 0.376952 0.154296 0.378908 0.160158 0.378908
0 0.95508 0.087889 0.953125 0.089846 0.95508 0.091798 0.957031 0.091798 0.958986 0.09375 0.960937 0.09375
0 0.988281 0.072266 0.988281 0.074217 0.990236 0.076174 0.996094 0.076174 0.998049 0.078126 0.998049 0.074217 0.990236 0.074217
0 0.431642 0.714841 0.431642 0.71875 0.433593 0.720702 0.433593 0.72461 0.437499 0.72461 0.437499 0.720702 0.439455 0.71875 0.439455 0.716798 0.433593 0.716798
0 0.087889 0.890625 0.087889 0.894533 0.085938 0.896485 0.085938 0.904297 0.089844 0.904297 0.089844 0.898437 0.091796 0.896485 0.091796 0.890625
0 0.740234 0.79297 0.740234 0.79883 0.748047 0.79883 0.748047 0.79297
0 0.201171 0.574219 0.201171 0.578127 0.208984 0.578127 0.208984 0.574219
0 0.796873 0.80469 0.794922 0.806642 0.789061 0.806642 0.789061 0.812502 0.798828 0.812502 0.798828 0.810545 0.796873 0.808593
0 0.218752 0.65625 0.216797 0.658202 0.208984 0.658202 0.208984 0.662111 0.218752 0.662111
0 0.95508 0.320312 0.951173 0.324221 0.949218 0.324221 0.953125 0.328124 0.953125 0.330076 0.95508 0.332032 0.958986 0.328124 0.957031 0.326172 0.957031 0.324221 0.95508 0.322264
0 0.951173 0.089846 0.951173 0.091798 0.949218 0.09375 0.951173 0.095701 0.953125 0.095701 0.95508 0.097658 0.95508 0.09961 0.958986 0.095701 0.957031 0.09375 0.95508 0.09375
0 0.423829 0.761717 0.423829 0.763674 0.425781 0.765626 0.425781 0.767578 0.427736 0.765626 0.435548 0.765626 0.435548 0.761717
0 0.193359 0.802733 0.193359 0.808593 0.203127 0.808593 0.203127 0.802733
0 0.617188 0.671874 0.617188 0.677734 0.61914 0.679686 0.61914 0.685546 0.625001 0.685546 0.625001 0.679686 0.623046 0.677734 0.623046 0.671874
0 0.005857 0.826174 0.005857 0.830077 0.011719 0.830077 0.011719 0.826174
0 0.769529 0.826174 0.767578 0.828125 0.759766 0.828125 0.759766 0.832029 0.769529 0.832029
0 0.570313 0.142577 0.568358 0.144529 0.566407 0.144529 0.564452 0.146485 0.5625 0.146485 0.560545 0.148437 0.556639 0.148437 0.554688 0.150389 0.552733 0.150389 0.550782 0.152346 0.548826 0.152346 0.548826 0.154297 0.550782 0.156249 0.550782 0.160157 0.552733 0.158201 0.558594 0.158201 0.560545 0.156249 0.566407 0.156249 0.568358 0.154297 0.574219 0.154297 0.574219 0.152346 0.572264 0.150389 0.572264 0.146485 0.570313 0.144529
0 0.923829 0.3125 0.921874 0.314452 0.917968 0.314452 0.919923 0.316404 0.919923 0.31836 0.921874 0.320312 0.921874 0.322264 0.925781 0.322264 0.925781 0.31836 0.923829 0.316404
0 0.525389 0.70117 0.523438 0.703126 0.51367 0.703126 0.51367 0.705078 0.527344 0.705078 0.525389 0.703126
0 0.761717 0.794921 0.759766 0.796873 0.753908 0.796873 0.753908 0.802733 0.755859 0.800781 0.761717 0.800781
0 0.115233 0.810545 0.115233 0.812502 0.117188 0.814453 0.117188 0.816405 0.11914 0.814453 0.125001 0.814453 0.125001 0.810545
0 0.757811 0.843749 0.753908 0.847657 0.751953 0.847657 0.751953 0.851561 0.753908 0.849609 0.757811 0.849609
0 0.902343 0.451171 0.900392 0.453123 0.89453 0.453123 0.89453 0.457032 0.896486 0.45508 0.902343 0.45508
0 0.796873 0.791018 0.794922 0.79297 0.791016 0.79297 0.791016 0.794921 0.789061 0.796873 0.789061 0.79883 0.791016 0.796873 0.798828 0.796873 0.798828 0.794921 0.796873 0.79297
0 0.943361 0.44922 0.939455 0.453123 0.937499 0.453123 0.941406 0.457032 0.943361 0.45508 0.945312 0.45508 0.945312 0.453123 0.943361 0.451171
0 0.205078 0.605471 0.205078 0.611326 0.214845 0.611326 0.214845 0.605471
0 0.873048 0.341796 0.873048 0.351565 0.878905 0.351565 0.878905 0.347656 0.876954 0.345704 0.876954 0.341796
0 0.710939 0.726562 0.708984 0.728513 0.707033 0.728513 0.710939 0.732422 0.710939 0.734374 0.71289 0.73633 0.714845 0.734374 0.71289 0.732422 0.71289 0.73047 0.710939 0.728513
0 0.775391 0.833985 0.775391 0.837889 0.773436 0.839846 0.773436 0.841797 0.775391 0.839846 0.783203 0.839846 0.783203 0.837889 0.781248 0.835937 0.781248 0.833985
0 0.994143 0.066406 0.994143 0.068357 0.992187 0.070314 0.992187 0.072266 0.998049 0.072266 1 0.074217 1 0.076174 1 0.074217 1 0.072266 1 0.070314 1 0.070314 0.998049 0.068357 0.996094 0.068357
0 0.525389 0.685546 0.523438 0.687498 0.515625 0.687498 0.515625 0.689454 0.517576 0.691406 0.517576 0.693358 0.527344 0.693358 0.527344 0.691406 0.525389 0.689454
0 0.726564 0.828125 0.726564 0.832029 0.732422 0.832029 0.734377 0.830077 0.734377 0.828125
0 0.695314 0.806642 0.693359 0.808593 0.685546 0.808593 0.685546 0.812502 0.695314 0.812502
1 0.935548 0.558595 0.933593 0.560547 0.931642 0.560547 0.927736 0.564455 0.925781 0.564455 0.923829 0.566407 0.921874 0.566407 0.923829 0.568359 0.923829 0.57031 0.925781 0.572267 0.925781 0.574219 0.927736 0.572267 0.929687 0.572267 0.933593 0.568359 0.935548 0.568359 0.937499 0.566407 0.939455 0.566407 0.937499 0.564455 0.937499 0.562499 0.935548 0.560547
0 0.691408 0.675782 0.689453 0.677734 0.687501 0.677734 0.685546 0.679686 0.683595 0.679686 0.68164 0.681643 0.679689 0.681643 0.677734 0.683594 0.675783 0.683594 0.677734 0.685546 0.677734 0.687498 0.679689 0.689454 0.68164 0.687498 0.683595 0.687498 0.685546 0.685546 0.689453 0.685546 0.691408 0.683594 0.693359 0.683594 0.693359 0.681643 0.691408 0.679686
0 0.755859 0.806642 0.755859 0.810545 0.765623 0.810545 0.763672 0.808593 0.763672 0.806642
0 0.345704 0.814453 0.345704 0.818362 0.347655 0.820314 0.347655 0.824217 0.351561 0.824217 0.351561 0.814453
0 0.947267 0.326172 0.943361 0.330076 0.941406 0.330076 0.943361 0.332032 0.943361 0.333984 0.945312 0.335936 0.947267 0.333984 0.949218 0.333984 0.949218 0.332032 0.947267 0.330076
0 0.96875 0.080078 0.96875 0.082029 0.970705 0.083986 0.974611 0.083986 0.976562 0.085938 0.976562 0.083986 0.978517 0.082029 0.970705 0.082029
0 0.89453 0.507811 0.890624 0.511719 0.888673 0.511719 0.890624 0.513671 0.890624 0.515623 0.892579 0.517579 0.89453 0.515623 0.896486 0.515623 0.896486 0.513671 0.89453 0.511719
0 0.767578 0.820314 0.765623 0.822265 0.757811 0.822265 0.759766 0.824217 0.759766 0.826174 0.761717 0.824217 0.769529 0.824217 0.767578 0.822265
0 0.750002 0.70703 0.746096 0.710938 0.744141 0.710938 0.748047 0.714841 0.748047 0.716798 0.750002 0.71875 0.753908 0.714841 0.751953 0.71289 0.751953 0.710938 0.750002 0.708986
0 0.761717 0.73633 0.761717 0.742185 0.763672 0.740234 0.771484 0.740234 0.769529 0.738282 0.763672 0.738282
0 0.207033 0.626955 0.207033 0.630858 0.208984 0.628906 0.216797 0.628906 0.214845 0.626955
0 0.546875 0.740234 0.54492 0.742185 0.539063 0.742185 0.539063 0.744142 0.546875 0.744142
0 0.033201 0.978517 0.03125 0.980468 0.03125 0.98242 0.029295 0.984377 0.03125 0.986328 0.033201 0.986328 0.037108 0.990237 0.037108 0.992189 0.037108 0.990237 0.039063 0.98828 0.039063 0.986328 0.035157 0.98242 0.035157 0.980468
0 0.625001 0.207033 0.623046 0.208985 0.621095 0.208985 0.61914 0.210937 0.617188 0.210937 0.615233 0.212889 0.611327 0.212889 0.609376 0.214845 0.607421 0.214845 0.60547 0.216797 0.603514 0.216797 0.603514 0.222657 0.60547 0.220705 0.609376 0.220705 0.611327 0.218749 0.617188 0.218749 0.61914 0.216797 0.623046 0.216797 0.625001 0.214845 0.630858 0.214845 0.626952 0.210937 0.626952 0.208985
0 0.515625 0.71875 0.515625 0.728513 0.521483 0.728513 0.521483 0.71875
0 0.183595 0.683594 0.183595 0.687498 0.195314 0.687498 0.193359 0.685546 0.193359 0.683594
0 0.927736 0.453123 0.927736 0.464843 0.933593 0.464843 0.933593 0.45508 0.929687 0.45508
0 0.742189 0.71289 0.740234 0.714841 0.738283 0.714841 0.744141 0.720702 0.746096 0.71875 0.746096 0.714841 0.744141 0.71289
0 0.722658 0.849609 0.722658 0.851561 0.724609 0.853517 0.724609 0.861329 0.726564 0.859373 0.726564 0.849609
0 0.882811 0.125002 0.876954 0.130857 0.874999 0.130857 0.873048 0.132814 0.876954 0.136717 0.886718 0.126953 0.884767 0.126953
0 0.507812 0.746094 0.507812 0.751954 0.509764 0.750002 0.51367 0.750002 0.51367 0.746094
0 0.267578 0.349608 0.267578 0.351565 0.265623 0.353516 0.265623 0.355468 0.271485 0.355468 0.273436 0.35742 0.273436 0.351565 0.269529 0.351565
0 0.359374 0.789061 0.359374 0.800781 0.365235 0.800781 0.365235 0.789061
0 0.962892 0.287108 0.958986 0.291017 0.958986 0.292968 0.960937 0.29492 0.960937 0.296877 0.962892 0.298828 0.962892 0.30078 0.966799 0.296877 0.966799 0.29492 0.964843 0.292968 0.964843 0.291017 0.962892 0.289065
0 0.992187 0.390624 0.990236 0.39258 0.990236 0.394532 0.988281 0.396484 0.988281 0.398435 0.98633 0.400392 0.988281 0.400392 0.990236 0.402344 0.992187 0.400392 0.992187 0.398435 0.996094 0.394532
0 0.937499 0.308592 0.937499 0.316404 0.943361 0.316404 0.943361 0.314452 0.941406 0.3125 0.941406 0.308592
0 0.796873 0.685546 0.796873 0.691406 0.794922 0.693358 0.794922 0.697266 0.796873 0.695314 0.80078 0.695314 0.80078 0.685546
0 0.220703 0.36328 0.218752 0.365236 0.216797 0.365236 0.218752 0.367188 0.218752 0.36914 0.220703 0.371092 0.224609 0.367188 0.226564 0.367188 0.224609 0.367188
0 0.937499 0.095701 0.937499 0.097658 0.935548 0.09961 0.937499 0.09961 0.941406 0.103518 0.943361 0.103518 0.945312 0.101561 0.945312 0.09961 0.943361 0.09961 0.941406 0.097658 0.939455 0.097658
0 0.173827 0.376952 0.169921 0.38086 0.16797 0.38086 0.169921 0.382812 0.171876 0.382812 0.175783 0.38672 0.177734 0.384763 0.179689 0.384763 0.175783 0.38086 0.175783 0.378908
0 0.5625 0.746094 0.564452 0.748046 0.564452 0.750002 0.574219 0.750002 0.574219 0.746094
0 0.037108 0.835937 0.037108 0.839846 0.046875 0.839846 0.046875 0.835937
0 0.033201 0.98828 0.029295 0.992189 0.035157 0.998049 0.039063 0.998049 0.037108 0.996092 0.037108 0.99414 0.035157 0.992189 0.035157 0.990237
0 0.521483 0.675782 0.519531 0.677734 0.51367 0.677734 0.51367 0.681643 0.523438 0.681643 0.523438 0.679686 0.521483 0.677734
0 0.498049 0.716798 0.496094 0.71875 0.492187 0.71875 0.492187 0.722658 0.494143 0.72461 0.494143 0.728513 0.5 0.728513 0.5 0.72461 0.498049 0.722658
0 0.664064 0.689454 0.662109 0.691406 0.658202 0.691406 0.658202 0.697266 0.660158 0.695314 0.666015 0.695314 0.666015 0.693358 0.664064 0.691406
0 0.201171 0.583982 0.201171 0.585939 0.208984 0.585939 0.210939 0.587891 0.208984 0.585939 0.208984 0.583982
1 0.160158 0.382812 0.158202 0.384763 0.154296 0.384763 0.152345 0.38672 0.148439 0.38672 0.146484 0.388672 0.142577 0.388672 0.144532 0.390624 0.144532 0.39258 0.146484 0.394532 0.146484 0.396484 0.148439 0.394532 0.15039 0.394532 0.152345 0.39258 0.154296 0.39258 0.156251 0.390624 0.158202 0.390624 0.160158 0.388672 0.162109 0.388672 0.162109 0.38672 0.160158 0.384763
0 0.425781 0.695314 0.425781 0.70117 0.435548 0.70117 0.435548 0.695314
0 0.873048 0.599611 0.871093 0.601563 0.869142 0.601563 0.865235 0.605471 0.86328 0.605471 0.867186 0.609374 0.871093 0.605471 0.873048 0.605471 0.874999 0.603514 0.873048 0.601563
0 0.60547 0.722658 0.603514 0.72461 0.597657 0.72461 0.597657 0.728513 0.60547 0.728513
0 0.753908 0.822265 0.751953 0.824217 0.746096 0.824217 0.746096 0.828125 0.753908 0.828125
0 0.466799 0.685546 0.464843 0.687498 0.457031 0.687498 0.457031 0.691406 0.46875 0.691406 0.46875 0.689454 0.466799 0.687498
0 0.421874 0.779298 0.421874 0.783201 0.419923 0.785158 0.419923 0.789061 0.425781 0.789061 0.425781 0.779298
0 0.966799 0.675782 0.964843 0.677734 0.958986 0.677734 0.958986 0.683594 0.960937 0.681643 0.962892 0.681643 0.964843 0.679686 0.96875 0.679686 0.966799 0.677734
0 0.253904 0.341796 0.251953 0.343748 0.244141 0.343748 0.244141 0.347656 0.253904 0.347656
0 0.30078 0.818362 0.298829 0.820314 0.294922 0.820314 0.294922 0.832029 0.298829 0.832029 0.298829 0.826174 0.30078 0.824217
0 0.564452 0.675782 0.556639 0.683594 0.560545 0.687498 0.564452 0.683594 0.566407 0.683594 0.568358 0.681643 0.566407 0.679686 0.566407 0.677734
1 0.88086 0.583982 0.878905 0.585939 0.876954 0.585939 0.874999 0.587891 0.873048 0.587891 0.871093 0.589842 0.869142 0.589842 0.867186 0.591799 0.865235 0.591799 0.86328 0.593751 0.859374 0.593751 0.857423 0.595703 0.855468 0.595703 0.853516 0.597654 0.851561 0.597654 0.84961 0.599611 0.847655 0.599611 0.845704 0.601563 0.843749 0.601563 0.845704 0.603514 0.845704 0.605471 0.847655 0.607423 0.847655 0.609374 0.84961 0.607423 0.851561 0.607423 0.853516 0.605471 0.855468 0.605471 0.857423 0.603514 0.859374 0.603514 0.861329 0.601563 0.86328 0.601563 0.867186 0.597654 0.869142 0.597654 0.871093 0.595703 0.873048 0.595703 0.874999 0.593751 0.876954 0.593751 0.878905 0.591799 0.88086 0.591799 0.882811 0.589842 0.884767 0.589842 0.882811 0.587891 0.882811 0.585939
0 0.728515 0.849609 0.728515 0.859373 0.730471 0.857421 0.734377 0.857421 0.734377 0.855469 0.732422 0.853517 0.732422 0.849609
0 0.744141 0.783201 0.742189 0.785158 0.736328 0.785158 0.736328 0.789061 0.744141 0.789061
0 0.726564 0.146485 0.724609 0.148437 0.722658 0.148437 0.720703 0.150389 0.718752 0.150389 0.716797 0.152346 0.714845 0.152346 0.71289 0.154297 0.710939 0.154297 0.708984 0.156249 0.707033 0.156249 0.707033 0.158201 0.708984 0.160157 0.708984 0.164061 0.710939 0.162109 0.71289 0.162109 0.714845 0.160157 0.716797 0.160157 0.718752 0.158201 0.720703 0.158201 0.722658 0.156249 0.724609 0.156249 0.726564 0.154297 0.728515 0.154297 0.728515 0.152346 0.726564 0.150389
0 0.80078 0.820314 0.798828 0.822265 0.792967 0.822265 0.792967 0.824217 0.794922 0.826174 0.794922 0.830077 0.796873 0.828125 0.798828 0.828125 0.80078 0.826174 0.802735 0.826174 0.802735 0.824217 0.80078 0.822265
0 0.466799 0.755857 0.464843 0.757814 0.457031 0.757814 0.457031 0.763674 0.458986 0.761717 0.466799 0.761717
0 0.720703 0.853517 0.720703 0.861329 0.722658 0.861329 0.722658 0.853517
0 0.744141 0.751954 0.744141 0.757814 0.746096 0.755857 0.751953 0.755857 0.751953 0.751954
0 0.54492 0.710938 0.541014 0.714841 0.539063 0.714841 0.541014 0.716798 0.541014 0.71875 0.542969 0.720702 0.54492 0.71875 0.546875 0.71875 0.546875 0.716798 0.54492 0.714841
0 0.10547 0.39258 0.10547 0.400392 0.109376 0.400392 0.111327 0.402344 0.113282 0.402344 0.115233 0.404295 0.115233 0.396484 0.111327 0.396484 0.109376 0.394532 0.107421 0.394532
0 0.988281 0.660154 0.988281 0.664062 0.990236 0.666014 0.990236 0.671874 0.994143 0.671874 0.994143 0.660154
0 0.166015 0.683594 0.166015 0.687498 0.16797 0.689454 0.16797 0.695314 0.171876 0.695314 0.171876 0.683594
0 0.634765 0.70117 0.630858 0.705078 0.628907 0.705078 0.626952 0.70703 0.628907 0.708986 0.630858 0.708986 0.632814 0.70703 0.634765 0.70703
0 0.86328 0.624998 0.861329 0.626955 0.857423 0.626955 0.855468 0.628906 0.851561 0.628906 0.853516 0.630858 0.853516 0.632815 0.855468 0.634767 0.855468 0.636718 0.857423 0.634767 0.859374 0.634767 0.861329 0.632815 0.865235 0.632815 0.865235 0.630858 0.86328 0.628906
0 0.878905 0.373048 0.878905 0.38086 0.88086 0.38086 0.882811 0.382812 0.882811 0.373048
0 0.027344 0.830077 0.025389 0.832029 0.017576 0.832029 0.017576 0.835937 0.019531 0.833985 0.027344 0.833985
0 0.082032 0.125002 0.080077 0.126953 0.074219 0.126953 0.072264 0.128905 0.068358 0.128905 0.066407 0.130857 0.060545 0.130857 0.060545 0.136717 0.0625 0.134765 0.070313 0.134765 0.072264 0.132814 0.082032 0.132814
0 0.982424 0.072266 0.982424 0.076174 0.988281 0.082029 0.992187 0.078126 0.990236 0.078126 0.98633 0.074217 0.984375 0.074217
0 0.710939 0.822265 0.710939 0.828125 0.718752 0.828125 0.718752 0.824217 0.71289 0.824217
0 0.023438 0.958984 0.023438 0.968748 0.029295 0.968748 0.029295 0.958984
0 0.724609 0.71875 0.722658 0.720702 0.722658 0.722658 0.724609 0.72461 0.724609 0.728513 0.726564 0.726562 0.728515 0.726562 0.726564 0.72461 0.726564 0.722658 0.724609 0.720702