0 0.189454 0.042968 0.185546 0.046873 0.187502 0.046873 0.189454 0.048828 0.191406 0.048828 0.193359 0.050782 0.197264 0.046873 0.195312 0.046873 0.193359 0.044923 0.191406 0.044923
0 0.101564 0.246092 0.101564 0.248047 0.099608 0.250001 0.099608 0.251952 0.105469 0.251952 0.107422 0.253906 0.107422 0.251952 0.109374 0.250001 0.107422 0.250001 0.105469 0.248047 0.103517 0.248047
0 0.664063 0.312502 0.664063 0.326171 0.666015 0.324221 0.66992 0.324221 0.66992 0.312502
0 0.308594 0.060547 0.308594 0.064451 0.310547 0.064451 0.314452 0.068361 0.316408 0.066406 0.316408 0.064451 0.31836 0.062501 0.310547 0.062501
0 0.277344 0.105468 0.277344 0.107423 0.275392 0.109373 0.283202 0.109373 0.285157 0.111328 0.28711 0.109373 0.28711 0.107423 0.285157 0.107423 0.283202 0.105468
0 0.181641 0.044923 0.181641 0.052732 0.185546 0.052732 0.187502 0.054687 0.189454 0.054687 0.191406 0.056642 0.191406 0.054687 0.193359 0.052732 0.191406 0.050782 0.189454 0.050782 0.187502 0.048828 0.185546 0.048828
1 0.126953 0.601564 0.126953 0.609374 0.128906 0.611328 0.128906 0.625002 0.130858 0.626952 0.130858 0.634766 0.132811 0.636716 0.132811 0.638671 0.134767 0.636716 0.136719 0.636716 0.138672 0.634766 0.138672 0.621093 0.136719 0.619142 0.136719 0.603514 0.134767 0.603514 0.132811 0.601564
0 0.103517 0.263671 0.103517 0.271485 0.111327 0.271485 0.113283 0.27344 0.113283 0.26953 0.115235 0.26758 0.115235 0.265625 0.105469 0.265625
0 0.210938 0.009766 0.210938 0.01172 0.208986 0.01367 0.212891 0.01367 0.214843 0.015625 0.216796 0.015625 0.218748 0.01758 0.222657 0.01367 0.220704 0.01367 0.216796 0.009766
0 0.312499 0.003906 0.310547 0.005861 0.310547 0.007811 0.308594 0.009766 0.308594 0.01172 0.306642 0.01367 0.308594 0.01367 0.310547 0.015625 0.312499 0.01367 0.312499 0.01172 0.316408 0.007811
0 0.218748 0 0.218748 0 0.216796 0 0.216796 0.000001 0.220704 0.000001 0.222657 0.001951 0.224609 0.001951 0.226562 0.003906 0.226562 0.001951 0.228514 0.000001 0.226562 0.000001 0.222657 0 0.220704 0
0 0.273439 0.363283 0.273439 0.365233 0.271483 0.367188 0.271483 0.369142 0.269531 0.371092 0.269531 0.373047 0.267578 0.375002 0.271483 0.375002 0.273439 0.376952 0.273439 0.375002 0.275392 0.373047 0.275392 0.371092 0.277344 0.369142 0.277344 0.367188
0 0.201172 0.021485 0.201172 0.023439 0.19922 0.025389 0.19922 0.027344 0.201172 0.029299 0.203125 0.029299 0.20703 0.033204 0.210938 0.029299 0.212891 0.029299 0.210938 0.029299 0.20703 0.025389 0.205078 0.025389
0 0.298828 0.072266 0.298828 0.07422 0.296876 0.076171 0.296876 0.078125 0.298828 0.08008 0.300781 0.08008 0.304686 0.083985 0.308594 0.08008 0.306642 0.078125 0.304686 0.078125
0 0.292968 0.08008 0.292968 0.08203 0.291015 0.083985 0.291015 0.085939 0.294923 0.085939 0.296876 0.08789 0.298828 0.08789 0.300781 0.089844 0.304686 0.085939 0.302733 0.085939 0.300781 0.083985 0.298828 0.083985 0.296876 0.08203 0.294923 0.08203
0 0.154295 0.091799 0.154295 0.097658 0.160156 0.097658 0.162109 0.099609 0.162109 0.097658 0.164061 0.095704 0.160156 0.095704 0.158204 0.093749 0.156251 0.093749
0 0.324218 0.033204 0.324218 0.037109 0.328126 0.037109 0.330079 0.039063 0.333984 0.039063 0.335936 0.037109 0.335936 0.035158 0.32617 0.035158
0 0.208986 0.015625 0.20703 0.01758 0.20703 0.01953 0.208986 0.021485 0.210938 0.021485 0.214843 0.025389 0.216796 0.023439 0.216796 0.021485 0.218748 0.01953 0.216796 0.01953 0.212891 0.015625
0 0.160156 0.08203 0.158204 0.083985 0.158204 0.085939 0.156251 0.08789 0.158204 0.089844 0.160156 0.089844 0.166017 0.095704 0.169922 0.091799
0 0.619142 0.060547 0.617189 0.062501 0.617189 0.064451 0.615233 0.066406 0.617189 0.068361 0.619142 0.068361 0.623047 0.072266 0.624999 0.070311 0.624999 0.068361 0.626952 0.066406 0.624999 0.064451 0.623047 0.064451
0 0.193359 0.037109 0.191406 0.039063 0.189454 0.039063 0.195312 0.044923 0.197264 0.044923 0.19922 0.042968 0.19922 0.041018 0.197264 0.041018
0 0.216796 0.003906 0.216796 0.005861 0.214843 0.007811 0.216796 0.007811 0.220704 0.01172 0.224609 0.007811 0.222657 0.007811 0.218748 0.003906
0 0.404298 0.33594 0.404298 0.343749 0.412108 0.343749 0.414064 0.345704 0.414064 0.341795 0.416016 0.339844 0.416016 0.33789 0.40625 0.33789
0 0.324218 0.009766 0.322265 0.01172 0.322265 0.01367 0.320313 0.015625 0.320313 0.01758 0.31836 0.01953 0.324218 0.01953 0.324218 0.01758 0.328126 0.01367
0 0.164061 0.08008 0.162109 0.08203 0.16797 0.08789 0.169922 0.08789 0.171875 0.085939 0.169922 0.083985 0.16797 0.083985
0 0.205078 0 0.205078 0.000001 0.203125 0.001951 0.203125 0.003906 0.20703 0.003906 0.208986 0.005861 0.210938 0.005861 0.212891 0.007811 0.214843 0.005861 0.214843 0.003906 0.216796 0.001951 0.212891 0.001951 0.210938 0.000001 0.20703 0.000001
0 0.263673 0.123047 0.263673 0.125001 0.261717 0.126951 0.263673 0.128906 0.273439 0.128906 0.275392 0.126951 0.271483 0.126951 0.269531 0.125001 0.265626 0.125001
0 0.089842 0.240233 0.089842 0.242187 0.08789 0.244142 0.08789 0.246092 0.089842 0.246092 0.093751 0.250001 0.095703 0.250001 0.097656 0.251952 0.097656 0.250001 0.099608 0.248047 0.097656 0.246092 0.095703 0.246092
0 0.330079 0 0.32617 0.001951 0.328126 0.003906 0.330079 0.003906 0.333984 0.007811 0.337892 0.003906 0.335936 0.001951 0.333984 0.001951
0 0.285157 0.091799 0.285157 0.093749 0.283202 0.095704 0.285157 0.097658 0.294923 0.097658 0.292968 0.097658 0.289062 0.093749 0.28711 0.093749
0 0.677734 0.164063 0.677734 0.177733 0.679686 0.175782 0.683595 0.175782 0.683595 0.166014 0.679686 0.166014
0 0.193359 0.123047 0.191406 0.125001 0.191406 0.126951 0.187502 0.130861 0.189454 0.130861 0.191406 0.132811 0.193359 0.130861 0.193359 0.128906 0.197264 0.125001 0.195312 0.125001
0 0.335936 0.027344 0.333984 0.029299 0.32617 0.029299 0.32617 0.033204 0.337892 0.033204 0.337892 0.031249 0.335936 0.029299
0 0.31836 0.007811 0.316408 0.009766 0.316408 0.01172 0.312499 0.015625 0.316408 0.01953 0.31836 0.01758 0.31836 0.015625 0.320313 0.01367 0.320313 0.009766
0 0.173827 0.060547 0.173827 0.066406 0.183593 0.066406 0.183593 0.060547
0 0.671876 0.310547 0.671876 0.316406 0.673829 0.318361 0.673829 0.324221 0.679686 0.324221 0.679686 0.310547
0 0.169922 0.634766 0.169922 0.638671 0.16797 0.640626 0.16797 0.642576 0.169922 0.642576 0.171875 0.644531 0.171875 0.640626 0.173827 0.638671 0.173827 0.636716 0.171875 0.636716
1 0.107422 0.763671 0.107422 0.78125 0.105469 0.783205 0.105469 0.800783 0.109374 0.800783 0.111327 0.798828 0.113283 0.798828 0.113283 0.791014 0.115235 0.789064 0.115235 0.77539 0.117188 0.773436 0.117188 0.765626 0.109374 0.765626
0 0.269531 0.117187 0.267578 0.119142 0.267578 0.121092 0.265626 0.123047 0.275392 0.123047 0.277344 0.125001 0.277344 0.121092 0.275392 0.121092 0.273439 0.119142 0.271483 0.119142
0 0.281249 0.101563 0.279297 0.103513 0.283202 0.103513 0.285157 0.105468 0.28711 0.105468 0.289062 0.107423 0.289062 0.103513 0.283202 0.103513
0 0.16797 0.070311 0.16797 0.078125 0.173827 0.078125 0.17578 0.08008 0.177736 0.078125 0.177736 0.076171 0.179688 0.07422 0.17578 0.07422 0.173827 0.072266 0.169922 0.072266
0 0.222657 0.14258 0.222657 0.146485 0.220704 0.148439 0.220704 0.15039 0.218748 0.152344 0.218748 0.154299 0.220704 0.154299 0.222657 0.156249 0.222657 0.154299 0.224609 0.152344 0.224609 0.15039 0.226562 0.148439 0.226562 0.146485
0 0.332031 0.01758 0.330079 0.01953 0.32617 0.01953 0.324218 0.021485 0.320313 0.021485 0.322265 0.023439 0.322265 0.025389 0.324218 0.027344 0.32617 0.025389 0.328126 0.025389 0.330079 0.023439 0.332031 0.023439
0 0.292968 0 0.291015 0 0.291015 0 0.28711 0 0.289062 0 0.291015 0.000001 0.291015 0 0.292968 0 0.292968 0 0.294923 0
0 0.228514 0.146485 0.228514 0.148439 0.226562 0.15039 0.226562 0.152344 0.224609 0.154299 0.224609 0.156249 0.222657 0.158204 0.224609 0.160154 0.232423 0.152344 0.23047 0.15039 0.23047 0.148439
0 0.675781 0.230468 0.675781 0.240233 0.681642 0.240233 0.681642 0.230468
0 0.283202 0.097658 0.281249 0.099609 0.285157 0.099609 0.28711 0.101563 0.289062 0.101563 0.291015 0.103513 0.291015 0.099609 0.285157 0.099609
0 0.314452 0.048828 0.314452 0.050782 0.312499 0.052732 0.314452 0.054687 0.320313 0.054687 0.322265 0.056642 0.322265 0.054687 0.324218 0.052732 0.320313 0.052732 0.31836 0.050782 0.316408 0.050782
0 0.296876 0 0.294923 0 0.294923 0 0.292968 0 0.292968 0.000001 0.291015 0.001951 0.292968 0.001951 0.296876 0.005861 0.296876 0.003906 0.298828 0.001951 0.298828 0.000001 0.300781 0 0.300781 0
0 0.195312 0.556642 0.195312 0.564452 0.193359 0.566407 0.193359 0.572266 0.201172 0.572266 0.201172 0.566407 0.203125 0.564452 0.203125 0.558593 0.197264 0.558593
0 0.275392 0.111328 0.273439 0.113282 0.275392 0.113282 0.277344 0.115233 0.279297 0.115233 0.281249 0.117187 0.285157 0.113282 0.281249 0.113282 0.279297 0.111328
0 0.164061 0.099609 0.164061 0.101563 0.162109 0.103513 0.162109 0.105468 0.166017 0.105468 0.16797 0.107423 0.169922 0.107423 0.171875 0.109373 0.171875 0.107423 0.173827 0.105468 0.173827 0.103513 0.17578 0.101563 0.166017 0.101563
0 0.322265 0.037109 0.322265 0.044923 0.328126 0.044923 0.330079 0.046873 0.332031 0.044923 0.332031 0.042968 0.333984 0.041018 0.330079 0.041018 0.328126 0.039063 0.324218 0.039063
0 0.31836 0 0.31836 0 0.316408 0 0.31836 0 0.320313 0 0.324218 0.001951 0.328126 0 0.32617 0 0.324218 0 0.322265 0 0.320313 0
0 0.273439 0.111328 0.271483 0.113282 0.271483 0.117187 0.273439 0.117187 0.275392 0.119142 0.277344 0.119142 0.279297 0.121092 0.279297 0.117187 0.277344 0.117187 0.275392 0.115233 0.273439 0.115233 0.271483 0.113282
0 0.312499 0.054687 0.312499 0.056642 0.310547 0.058592 0.316408 0.058592 0.31836 0.060547 0.31836 0.058592 0.320313 0.056642 0.314452 0.056642
0 0.261717 0.128906 0.261717 0.130861 0.259765 0.132811 0.259765 0.134766 0.261717 0.134766 0.263673 0.13672 0.265626 0.13672 0.267578 0.138671 0.267578 0.13672 0.269531 0.134766 0.269531 0.132811 0.271483 0.130861 0.263673 0.130861
0 0.185546 0.119142 0.185546 0.121092 0.183593 0.123047 0.183593 0.125001 0.181641 0.126951 0.181641 0.128906 0.183593 0.128906 0.187502 0.132811 0.185546 0.130861 0.189454 0.126951 0.189454 0.125001 0.191406 0.123047 0.191406 0.121092 0.187502 0.121092
0 0.218748 0.14258 0.216796 0.14453 0.216796 0.146485 0.212891 0.15039 0.212891 0.152344 0.210938 0.154299 0.212891 0.154299 0.214843 0.156249 0.216796 0.154299 0.216796 0.152344 0.218748 0.15039 0.218748 0.148439 0.220704 0.146485 0.218748 0.14453