0 0.480468 0.322267 0.476563 0.326173 0.474607 0.326173 0.470701 0.330079 0.468752 0.330079 0.466796 0.33203 0.472657 0.337891 0.472657 0.339846 0.482424 0.349608 0.482424 0.351564 0.486329 0.355469 0.496096 0.345702 0.49414 0.343752 0.49414 0.341796 0.490235 0.337891 0.490235 0.335935 0.486329 0.33203 0.486329 0.330079 0.482424 0.326173 0.482424 0.324218
4 0.195312 0.421874 0.195312 0.427735 0.193363 0.429685 0.193363 0.443358 0.191407 0.445314 0.191407 0.457031 0.189451 0.458987 0.189451 0.464843 0.205079 0.464843 0.207028 0.466798 0.2207 0.466798 0.222656 0.468749 0.238284 0.468749 0.240233 0.470704 0.253905 0.470704 0.255861 0.472655 0.255861 0.462892 0.257811 0.460937 0.257811 0.443358 0.259767 0.441408 0.259767 0.431641 0.248044 0.431641 0.246095 0.429685 0.236328 0.429685 0.234372 0.427735 0.222656 0.427735 0.2207 0.42578 0.21094 0.42578 0.208984 0.423829 0.197268 0.423829
12 0 0.394533 0 0.400389 0 0.402344 0 0.416017 0 0.417968 0 0.431641 0 0.433596 0 0.445314 0 0.447264 0 0.460937 0 0.462892 0 0.476561 0 0.478516 0 0.490233 0 0.492189 0 0.505862 0 0.507812 0 0.51953 0 0.521485 0 0.535158 0 0.537108 0 0.550781 0 0.552737 0 0.558593 0 0.558593 0 0.560548 0 0.560548 0 0.562499 0 0.562499 0 0.564454 0 0.564454 0 0.566405 0 0.566405 0 0.56836 0 0.56836 0 0.570311 0 0.570311 0 0.572266 0 0.572266 0 0.574216 0 0.574216 0 0.576172 0 0.576172 0 0.578127 0.00586 0.578127 0.007809 0.580077 0.021481 0.580077 0.023437 0.582033 0.039065 0.582033 0.041015 0.583983 0.054687 0.583983 0.056643 0.585939 0.072264 0.585939 0.07422 0.587889 0.07422 0.576172 0.076169 0.574216 0.076169 0.548826 0.078125 0.546875 0.078125 0.521485 0.080081 0.51953 0.080081 0.494139 0.082031 0.492189 0.082031 0.466798 0.083987 0.464843 0.083987 0.439452 0.085936 0.437502 0.085936 0.42578 0.072264 0.42578 0.070315 0.423829 0.056643 0.423829 0.054687 0.421874 0.042971 0.421874 0.041015 0.419923 0.027343 0.419923 0.025393 0.417968 0.011721 0.417968 0.009765 0.416017 0 0.416017 0 0.414062 0 0.414062 0 0.412111 0 0.412111 0 0.410156 0 0.410156 0 0.408201 0 0.408201 0 0.40625 0 0.40625 0 0.404295 0 0.404295 0 0.402344 0 0.402344 0 0.400389 0 0.400389 0 0.398439 0 0.398439 0 0.396483 0 0.396483
12 0.160157 0.541014 0.160157 0.546875 0.158201 0.548826 0.158201 0.562499 0.156252 0.564454 0.156252 0.576172 0.154296 0.578127 0.154296 0.589845 0.152347 0.591795 0.152347 0.605468 0.150391 0.607423 0.150391 0.619141 0.148435 0.621091 0.148435 0.634764 0.146485 0.63672 0.146485 0.648437 0.144529 0.650393 0.144529 0.66211 0.14258 0.664061 0.14258 0.677733 0.140624 0.679689 0.140624 0.685545 0.156252 0.685545 0.158201 0.6875 0.171873 0.6875 0.173829 0.689451 0.189451 0.689451 0.191407 0.691406 0.207028 0.691406 0.208984 0.693362 0.222656 0.693362 0.224612 0.695312 0.240233 0.695312 0.242189 0.697268 0.257811 0.697268 0.259767 0.699218 0.273439 0.699218 0.275388 0.701173 0.291016 0.701173 0.292972 0.703124 0.306637 0.703124 0.308593 0.705079 0.324221 0.705079 0.326171 0.70703 0.341799 0.70703 0.343748 0.708985 0.35742 0.708985 0.359376 0.710936 0.374997 0.710936 0.376953 0.712891 0.376953 0.705079 0.378909 0.703124 0.378909 0.689451 0.380859 0.6875 0.380859 0.673828 0.382815 0.671877 0.382815 0.656249 0.384764 0.654298 0.384764 0.640625 0.38672 0.63867 0.38672 0.625002 0.388669 0.623047 0.388669 0.607423 0.390625 0.605468 0.390625 0.591795 0.392581 0.589845 0.392581 0.576172 0.394531 0.574216 0.394531 0.566405 0.378909 0.566405 0.376953 0.564454 0.361325 0.564454 0.359376 0.562499 0.341799 0.562499 0.339843 0.560548 0.324221 0.560548 0.322265 0.558593 0.306637 0.558593 0.304688 0.556642 0.28906 0.556642 0.287111 0.554687 0.269533 0.554687 0.267577 0.552737 0.251956 0.552737 0.25 0.550781 0.234372 0.550781 0.232423 0.548826 0.216795 0.548826 0.214845 0.546875 0.197268 0.546875 0.195312 0.54492 0.179691 0.54492 0.177735 0.54297 0.162107 0.54297
0 0.351565 0.982424 0.349609 0.984374 0.345704 0.984374 0.345704 0.98828 0.343748 0.990236 0.343748 0.996092 0.341799 0.998047 0.341799 1 0.349609 1 0.349609 0.992186 0.351565 0.990236
0 0.332032 0.982424 0.332032 0.98633 0.330076 0.98828 0.330076 0.996092 0.328127 0.998047 0.328127 1 0.337893 1 0.337893 0.994141 0.339843 0.992186 0.339843 0.984374 0.333981 0.984374
0 0.49414 0.3125 0.488279 0.318361 0.486329 0.318361 0.482424 0.322267 0.486329 0.326173 0.486329 0.328124 0.492191 0.333985 0.492191 0.335935 0.498045 0.341796 0.498045 0.343752 0.501951 0.347657 0.513673 0.335935 0.511717 0.333985 0.511717 0.33203 0.507812 0.328124 0.507812 0.326173 0.500001 0.318361 0.500001 0.316406 0.496096 0.3125
0 0.507812 0.298827 0.496096 0.310545 0.501951 0.316406 0.501951 0.318361 0.511717 0.328124 0.511717 0.330079 0.515623 0.333985 0.519528 0.330079 0.521484 0.330079 0.525389 0.326173 0.527345 0.326173 0.529295 0.324218 0.52344 0.318361 0.52344 0.316406 0.513673 0.306639 0.513673 0.304688
0 0.365237 0.832031 0.365237 0.839843 0.363281 0.841799 0.363281 0.847655 0.371092 0.847655 0.371092 0.833982 0.367187 0.833982
0 0.464847 0.33203 0.458985 0.337891 0.457029 0.337891 0.453124 0.341796 0.45508 0.343752 0.45508 0.345702 0.458985 0.349608 0.458985 0.351564 0.462891 0.355469 0.462891 0.35742 0.464847 0.359375 0.464847 0.361326 0.468752 0.365236 0.468752 0.367187 0.470701 0.369142 0.478519 0.361326 0.480468 0.361326 0.484373 0.35742 0.480468 0.353514 0.480468 0.351564 0.474607 0.345702 0.474607 0.343752 0.468752 0.337891 0.468752 0.335935
0 0.367187 0.808592 0.367187 0.816408 0.365237 0.818359 0.365237 0.82422 0.374997 0.82422 0.374997 0.810547 0.369143 0.810547
0 0.453124 0.343752 0.449219 0.347657 0.447263 0.347657 0.443357 0.351564 0.441408 0.351564 0.443357 0.353514 0.443357 0.355469 0.445313 0.35742 0.445313 0.359375 0.447263 0.361326 0.447263 0.363281 0.451175 0.367187 0.451175 0.369142 0.453124 0.371093 0.453124 0.373048 0.45508 0.374999 0.45508 0.376954 0.457029 0.378905 0.466796 0.369142 0.464847 0.367187 0.464847 0.365236 0.462891 0.363281 0.462891 0.361326 0.460935 0.359375 0.460935 0.35742 0.458985 0.355469 0.458985 0.353514 0.457029 0.351564 0.457029 0.349608 0.453124 0.345702
4 0.189451 0.478516 0.189451 0.484377 0.187501 0.486327 0.187501 0.496094 0.185545 0.498045 0.185545 0.509767 0.183596 0.511718 0.183596 0.521485 0.18164 0.523436 0.18164 0.533202 0.179691 0.535158 0.179691 0.541014 0.199217 0.541014 0.201173 0.54297 0.2207 0.54297 0.222656 0.54492 0.240233 0.54492 0.242189 0.546875 0.261716 0.546875 0.263672 0.548826 0.283205 0.548826 0.285155 0.550781 0.285155 0.541014 0.287111 0.539063 0.287111 0.521485 0.28906 0.51953 0.28906 0.501951 0.291016 0.5 0.291016 0.492189 0.2793 0.492189 0.277344 0.490233 0.263672 0.490233 0.261716 0.488283 0.25 0.488283 0.248044 0.486327 0.234372 0.486327 0.232423 0.484377 0.2207 0.484377 0.218751 0.482422 0.205079 0.482422 0.203123 0.480471 0.191407 0.480471
14 0 0.376954 0 0.378905 0 0.378905 0 0.38086 0 0.38086 0 0.38281 0 0.38281 0 0.384766 0 0.384766 0 0.386721 0 0.386721 0 0.388671 0 0.388671 0 0.392577 0 0.392577 0 0.396483 0 0.396483 0 0.400389 0 0.402344 0 0.410156 0 0.412111 0 0.416017 0 0.417968 0 0.419923 0 0.421874 0 0.42578 0 0.427735 0 0.429685 0 0.431641 0 0.433596 0 0.435547 0 0.437502 0 0.441408 0 0.443358 0 0.445314 0 0.447264 0 0.449219 0 0.45117 0 0.462892 0 0.464843 0 0.484377 0 0.486327 0 0.5 0 0.501951 0 0.507812 0 0.509767 0 0.513673 0 0.515624 0 0.521485 0 0.523436 0 0.525391 0 0.527346 0 0.529297 0 0.531252 0 0.533202 0 0.535158 0 0.537108 0 0.539063 0 0.541014 0 0.54297 0 0.54492 0 0.546875 0 0.548826 0 0.550781 0 0.552737 0 0.554687 0 0.556642 0 0.558593 0 0.560548 0 0.560548 0 0.564454 0 0.564454 0 0.566405 0 0.566405 0 0.570311 0 0.570311 0 0.572266 0 0.572266 0 0.574216 0 0.574216 0 0.576172 0 0.576172 0 0.578127 0 0.578127 0 0.580077 0 0.580077 0 0.582033 0 0.582033 0 0.583983 0 0.583983 0 0.585939 0 0.585939 0 0.587889 0 0.587889 0 0.589845 0 0.589845 0 0.591795 0 0.591795 0 0.59375 0 0.59375 0 0.595701 0 0.595701 0 0.597656 0 0.597656 0 0.599612 0 0.599612 0 0.601562 0.011721 0.601562 0.013671 0.603517 0.029299 0.603517 0.031248 0.605468 0.04492 0.605468 0.046876 0.607423 0.064453 0.607423 0.066409 0.605468 0.070315 0.605468 0.072264 0.603517 0.076169 0.603517 0.078125 0.601562 0.082031 0.601562 0.083987 0.599612 0.087892 0.599612 0.089841 0.597656 0.091797 0.597656 0.095703 0.59375 0.097659 0.59375 0.101564 0.589845 0.103513 0.589845 0.107419 0.585939 0.109375 0.585939 0.115236 0.580077 0.115236 0.578127 0.126952 0.566405 0.126952 0.564454 0.132813 0.558593 0.132813 0.556642 0.134763 0.554687 0.134763 0.552737 0.136719 0.550781 0.136719 0.546875 0.138675 0.54492 0.138675 0.54297 0.140624 0.541014 0.140624 0.537108 0.14258 0.535158 0.14258 0.529297 0.144529 0.527346 0.144529 0.523436 0.146485 0.521485 0.146485 0.482422 0.144529 0.480471 0.144529 0.472655 0.14258 0.470704 0.14258 0.462892 0.140624 0.460937 0.140624 0.457031 0.138675 0.455076 0.138675 0.453125 0.136719 0.45117 0.136719 0.449219 0.134763 0.447264 0.134763 0.445314 0.132813 0.443358 0.132813 0.441408 0.125003 0.433596 0.125003 0.431641 0.119141 0.42578 0.117185 0.42578 0.111331 0.419923 0.109375 0.419923 0.103513 0.414062 0.101564 0.414062 0.097659 0.410156 0.093753 0.410156 0.091797 0.408201 0.087892 0.408201 0.085936 0.40625 0.083987 0.40625 0.082031 0.404295 0.078125 0.404295 0.076169 0.402344 0.072264 0.402344 0.070315 0.400389 0.052737 0.400389 0.050781 0.398439 0.033204 0.398439 0.031248 0.396483 0.011721 0.396483 0.009765 0.394533 0 0.394533 0 0.392577 0 0.392577 0 0.390627 0 0.390627 0 0.388671 0 0.388671 0 0.386721 0 0.386721 0 0.384766 0 0.384766 0 0.38281 0 0.38281 0 0.38086 0 0.38086 0 0.378905 0 0.378905