0 0.009766 0.667968 0.007812 0.669922 0.005859 0.669922 0.003906 0.671876 0.001953 0.671876 0.003906 0.673826 0.003906 0.67578 0.009766 0.681642 0.009766 0.683592 0.011719 0.685546 0.013672 0.683592 0.015625 0.683592 0.015625 0.681642 0.013672 0.679688 0.013672 0.677734 0.011719 0.67578 0.011719 0.671876 0.009766 0.669922
0 0.966797 0.347657 0.966797 0.353515 0.970703 0.353515 0.972656 0.355469 0.976563 0.355469 0.978516 0.357423 0.978516 0.355469 0.980469 0.353515 0.980469 0.351561 0.97461 0.351561 0.972656 0.349611 0.96875 0.349611
0 0.648438 0.222655 0.646485 0.224609 0.648438 0.224609 0.650392 0.226563 0.652345 0.226563 0.656251 0.230467 0.658205 0.230467 0.660158 0.232421 0.664061 0.228517 0.660158 0.228517 0.658205 0.226563 0.656251 0.226563 0.654298 0.224609 0.650392 0.224609
0 0.269531 0.011718 0.269531 0.01758 0.289063 0.01758 0.291016 0.01953 0.289063 0.01758 0.289063 0.015626 0.28125 0.015626 0.279297 0.013672 0.271484 0.013672
0 0.839842 0.009764 0.839842 0.011718 0.837892 0.013672 0.837892 0.015626 0.839842 0.01758 0.841795 0.01758 0.845702 0.021484 0.847655 0.021484 0.851561 0.025392 0.853515 0.023438 0.853515 0.021484 0.855468 0.01953 0.853515 0.01953 0.849608 0.015626 0.847655 0.015626 0.843749 0.011718 0.841795 0.011718
0 0.728516 0.097657 0.72461 0.101561 0.726563 0.103515 0.726563 0.105469 0.728516 0.107423 0.728516 0.109377 0.730469 0.111326 0.730469 0.113281 0.734376 0.109377 0.732423 0.107423 0.732423 0.105469 0.730469 0.103515 0.730469 0.101561 0.728516 0.099611
0 0.234374 0.003906 0.234374 0.007814 0.248046 0.007814 0.248046 0.003906
0 0.808594 0.302736 0.808594 0.304686 0.806641 0.306639 0.808594 0.306639 0.810548 0.308594 0.8125 0.308594 0.814454 0.310548 0.816407 0.310548 0.81836 0.312502 0.81836 0.310548 0.820313 0.308594 0.81836 0.308594 0.816407 0.306639 0.814454 0.306639 0.8125 0.304686 0.810548 0.304686
0 0 0.648437 0 0.652344 0 0.654299 0 0.656248 0 0.660156 0 0.662111 0 0.664064 0.001953 0.662111 0.003906 0.662111 0.001953 0.660156 0.001953 0.658202 0 0.656248 0 0.654299 0 0.652344 0 0.650391
0 0.810548 0.283204 0.808594 0.285158 0.810548 0.285158 0.8125 0.287108 0.814454 0.287108 0.816407 0.289062 0.81836 0.289062 0.820313 0.291016 0.822267 0.291016 0.82422 0.29297 0.82422 0.291016 0.826173 0.289062 0.826173 0.287108 0.820313 0.287108 0.81836 0.285158 0.8125 0.285158
0 0.523437 0.123046 0.521484 0.125 0.521484 0.126955 0.519531 0.128904 0.521484 0.128904 0.523437 0.130858 0.52539 0.130858 0.527344 0.132812 0.529297 0.132812 0.53125 0.134766 0.533203 0.134766 0.535156 0.13672 0.53711 0.13672 0.539063 0.13867 0.539063 0.134766 0.541016 0.132812 0.541016 0.130858 0.539063 0.130858 0.53711 0.128904 0.533203 0.128904 0.53125 0.126955 0.529297 0.126955 0.527344 0.125 0.52539 0.125
0 0.283204 0 0.283204 0 0.28125 0 0.28711 0 0.289063 0 0.292969 0 0.294923 0.001952 0.294923 0 0.285157 0
0 0.996095 0.359377 0.996095 0.365235 1 0.365235 1 0.367189 1 0.367189 1 0.369138 1 0.365235 1 0.363281 1 0.361327 0.998048 0.361327
0 0.789062 0.271484 0.789062 0.273438 0.787109 0.275392 0.791015 0.275392 0.792969 0.277342 0.796875 0.277342 0.798828 0.279296 0.802735 0.279296 0.804688 0.28125 0.804688 0.279296 0.806641 0.277342 0.802735 0.277342 0.800781 0.275392 0.796875 0.275392 0.794922 0.273438 0.791015 0.273438
0 0.251952 0.03125 0.249999 0.033204 0.246093 0.033204 0.24414 0.035158 0.23828 0.035158 0.23828 0.037108 0.251952 0.037108
0 0.66992 0.232421 0.66992 0.234375 0.667968 0.236329 0.667968 0.238283 0.66992 0.238283 0.673827 0.242187 0.67578 0.242187 0.677733 0.244141 0.68164 0.240232 0.679687 0.240232 0.67578 0.236329 0.673827 0.236329
0 0.134767 0.039062 0.132814 0.041016 0.117188 0.041016 0.117188 0.04297 0.119142 0.044924 0.119142 0.046873 0.121094 0.044924 0.134767 0.044924
0 0.828126 0.310548 0.828126 0.316406 0.832033 0.316406 0.833986 0.318359 0.835939 0.318359 0.837892 0.320314 0.841795 0.320314 0.843749 0.322268 0.843749 0.320314 0.845702 0.318359 0.843749 0.318359 0.841795 0.316406 0.837892 0.316406 0.835939 0.314451 0.833986 0.314451 0.832033 0.312502 0.830079 0.312502
0 0.501952 0.015626 0.501952 0.01953 0.499999 0.021484 0.499999 0.029296 0.498046 0.03125 0.498046 0.035158 0.499999 0.035158 0.501952 0.037108 0.503905 0.037108 0.505858 0.039062 0.505858 0.027342 0.507812 0.025392 0.507812 0.015626
0 0.947265 0.343749 0.947265 0.345703 0.945312 0.347657 0.949218 0.347657 0.951171 0.349611 0.953125 0.349611 0.955078 0.351561 0.958984 0.351561 0.960937 0.353515 0.960937 0.351561 0.96289 0.349611 0.96289 0.347657 0.957031 0.347657 0.955078 0.345703 0.949218 0.345703
0 0.328124 0 0.328124 0.003906 0.33203 0.003906 0.333983 0.00586 0.33789 0.00586 0.339843 0.007814 0.339843 0.00586 0.341796 0.003906 0.341796 0.001952 0.330077 0.001952
0 0.462891 0 0.462891 0 0.460938 0.001952 0.462891 0.001952 0.464844 0.003906 0.468751 0.003906 0.470704 0.00586 0.472657 0.00586 0.47461 0.007814 0.47461 0.00586 0.476564 0.003906 0.47461 0.003906 0.472657 0.001952 0.470704 0.001952 0.466798 0 0.464844 0
0 0.720704 0.234375 0.720704 0.236329 0.71875 0.238283 0.71875 0.240232 0.716797 0.242187 0.71875 0.242187 0.720704 0.244141 0.72461 0.244141 0.726563 0.246095 0.728516 0.246095 0.730469 0.248049 0.732423 0.248049 0.734376 0.249998 0.734376 0.248049 0.736329 0.246095 0.736329 0.244141 0.734376 0.244141 0.730469 0.240232 0.728516 0.240232 0.72461 0.236329 0.722657 0.236329
0 0.740236 0.248049 0.740236 0.249998 0.738282 0.251953 0.740236 0.251953 0.742189 0.253906 0.744142 0.253906 0.746095 0.25586 0.748048 0.25586 0.750001 0.257815 0.751951 0.257815 0.753905 0.259764 0.753905 0.257815 0.755858 0.25586 0.753905 0.25586 0.751951 0.253906 0.750001 0.253906 0.748048 0.251953 0.746095 0.251953 0.744142 0.249998 0.742189 0.249998
0 0.785156 0.291016 0.785156 0.29297 0.783203 0.294924 0.783203 0.296874 0.785156 0.296874 0.787109 0.298828 0.789062 0.298828 0.791015 0.300782 0.792969 0.300782 0.794922 0.302736 0.796875 0.300782 0.796875 0.298828 0.798828 0.296874 0.796875 0.296874 0.794922 0.294924 0.791015 0.294924 0.789062 0.29297 0.787109 0.29297
0 0.52539 0.156252 0.521484 0.160156 0.523437 0.160156 0.52539 0.16211 0.527344 0.16211 0.529297 0.164064 0.53125 0.164064 0.533203 0.166014 0.535156 0.164064 0.535156 0.16211 0.53711 0.160156 0.533203 0.160156 0.53125 0.158202 0.527344 0.158202
0 0.734376 0.089845 0.732423 0.091795 0.728516 0.091795 0.730469 0.093749 0.730469 0.095703 0.732423 0.097657 0.732423 0.099611 0.734376 0.101561 0.734376 0.103515 0.738282 0.103515 0.738282 0.101561 0.736329 0.099611 0.736329 0.093749 0.734376 0.091795
1 0.96289 0.363281 0.960937 0.365235 0.960937 0.367189 0.958984 0.369138 0.960937 0.371093 0.96289 0.371093 0.964844 0.373047 0.966797 0.373047 0.96875 0.375001 0.970703 0.375001 0.972656 0.376955 0.97461 0.376955 0.976563 0.378904 0.976563 0.375001 0.978516 0.373047 0.978516 0.371093 0.976563 0.371093 0.97461 0.369138 0.972656 0.369138 0.970703 0.367189 0.96875 0.367189 0.966797 0.365235 0.964844 0.365235
0 0.099609 0 0.097656 0 0.09375 0 0.095703 0 0.095703 0 0.097656 0 0.097656 0 0.099609 0 0.099609 0.001952 0.101563 0 0.103516 0 0.103516 0 0.101563 0 0.101563 0 0.099609 0
0 0.550782 0.167968 0.546875 0.171876 0.548829 0.171876 0.552735 0.17578 0.554688 0.17578 0.556642 0.177733 0.560548 0.17383 0.562501 0.17383 0.560548 0.17383 0.558595 0.171876 0.556642 0.171876 0.554688 0.169922 0.552735 0.169922
0 0.505858 0.103515 0.503905 0.105469 0.490233 0.105469 0.490233 0.111326 0.492186 0.109377 0.505858 0.109377
0 0.162109 0.011718 0.162109 0.013672 0.164062 0.015626 0.164062 0.01953 0.166015 0.01758 0.171875 0.01758 0.173828 0.015626 0.179688 0.015626 0.177734 0.013672 0.177734 0.011718
0 0.738282 0.074217 0.738282 0.076171 0.740236 0.078125 0.740236 0.083983 0.742189 0.085937 0.742189 0.087891 0.744142 0.085937 0.746095 0.085937 0.746095 0.082033 0.744142 0.080079 0.744142 0.074217
0 0.04297 0.695312 0.04297 0.701174 0.041017 0.703124 0.041017 0.708986 0.046876 0.708986 0.04883 0.710935 0.04883 0.695312
0 0.951171 0.199219 0.951171 0.201174 0.949218 0.203123 0.949218 0.205077 0.947265 0.207031 0.947265 0.208985 0.945312 0.210939 0.949218 0.210939 0.951171 0.212889 0.951171 0.210939 0.953125 0.208985 0.953125 0.203123 0.955078 0.201174 0.955078 0.199219
0 0.279297 0.001952 0.279297 0.003906 0.277344 0.00586 0.283204 0.00586 0.285157 0.007814 0.289063 0.007814 0.291016 0.009764 0.291016 0.007814 0.292969 0.00586 0.28711 0.00586 0.285157 0.003906 0.28125 0.003906
0 0.566407 0.177733 0.564454 0.179688 0.564454 0.181642 0.562501 0.183596 0.564454 0.183596 0.566407 0.185545 0.570314 0.185545 0.572267 0.1875 0.57422 0.1875 0.576173 0.189453 0.578124 0.189453 0.580077 0.191407 0.580077 0.185545 0.578124 0.185545 0.576173 0.183596 0.57422 0.183596 0.570314 0.179688 0.568361 0.179688