0 0.478517 0.585939 0.476564 0.587891 0.476564 0.591797 0.480471 0.591797 0.482424 0.59375 0.488279 0.59375 0.490233 0.595703 0.494139 0.595703 0.496093 0.597655 0.498046 0.597655 0.498046 0.591797 0.494139 0.591797 0.492186 0.589844 0.486326 0.589844 0.484377 0.587891 0.480471 0.587891
0 0.314455 0.419922 0.314455 0.427733 0.328123 0.427733 0.330077 0.429686 0.333983 0.429686 0.335936 0.427733 0.333983 0.42578 0.333983 0.423827 0.32617 0.423827 0.324217 0.421875 0.316408 0.421875
0 0.568359 0.992188 0.566406 0.99414 0.566406 0.996093 0.564453 0.998046 0.564453 0.999999 0.5625 1 0.5625 1 0.560547 1 0.560547 1 0.558593 1 0.560547 1 0.5625 1 0.566406 1 0.576173 0.999999 0.576173 0.996093 0.574219 0.996093 0.572266 0.99414 0.570313 0.99414
0 0.142579 0.09375 0.142579 0.097656 0.140626 0.099609 0.140626 0.109376 0.138672 0.111329 0.138672 0.115234 0.140626 0.115234 0.142579 0.117187 0.144532 0.115234 0.148439 0.115234 0.148439 0.111329 0.150392 0.109376 0.150392 0.099609 0.152345 0.097656 0.152345 0.09375
0 0.312501 0.4375 0.308595 0.441406 0.310548 0.441406 0.312501 0.443359 0.314455 0.443359 0.316408 0.445311 0.320314 0.445311 0.322268 0.447264 0.324217 0.447264 0.32617 0.44922 0.328123 0.447264 0.328123 0.445311 0.330077 0.443359 0.32617 0.439453 0.314455 0.439453
0 0.189453 0.060546 0.177734 0.072266 0.177734 0.074219 0.183593 0.080077 0.189453 0.074219 0.189453 0.072266 0.195313 0.066405 0.195313 0.064452 0.19336 0.064452
0 0.33203 0.378907 0.33203 0.386718 0.34375 0.386718 0.345703 0.388671 0.347656 0.386718 0.349609 0.386718 0.349609 0.382812 0.347656 0.382812 0.345703 0.38086 0.333983 0.38086
0 0.777343 0.46289 0.777343 0.464843 0.77539 0.466795 0.77539 0.472657 0.773437 0.47461 0.773437 0.478515 0.771484 0.480468 0.771484 0.482421 0.773437 0.484374 0.777343 0.484374 0.779297 0.486327 0.78125 0.486327 0.78125 0.482421 0.783203 0.480468 0.783203 0.470704 0.785156 0.468752 0.785156 0.464843 0.783203 0.46289
0 0.802736 0.080077 0.802736 0.095703 0.804689 0.095703 0.806643 0.097656 0.808596 0.097656 0.808596 0.080077
0 0.611328 0.728515 0.611328 0.730468 0.609374 0.732421 0.609374 0.734374 0.607421 0.73633 0.607421 0.738282 0.605468 0.740235 0.605468 0.742188 0.603514 0.744141 0.603514 0.746094 0.601561 0.748046 0.603514 0.749999 0.603514 0.751952 0.605468 0.751952 0.607421 0.753905 0.611328 0.749999 0.613281 0.749999 0.613281 0.748046 0.615234 0.746094 0.615234 0.742188 0.617187 0.740235 0.617187 0.73633 0.619141 0.734374 0.619141 0.732421 0.617187 0.730468 0.613281 0.730468
0 0.156252 0.619139 0.154298 0.621095 0.152345 0.621095 0.152345 0.623048 0.150392 0.625001 0.150392 0.626954 0.148439 0.628907 0.148439 0.634765 0.150392 0.636718 0.152345 0.634765 0.156252 0.634765 0.156252 0.628907 0.158205 0.626954 0.158205 0.623048 0.156252 0.621095
0 0.433592 0.320313 0.433592 0.326172 0.435545 0.326172 0.437499 0.328124 0.449218 0.328124 0.451171 0.330077 0.451171 0.328124 0.453125 0.326172 0.453125 0.320313
0 0.041017 0.884765 0.041017 0.886717 0.039063 0.888673 0.039063 0.890626 0.041017 0.892579 0.050783 0.892579 0.052736 0.894532 0.056639 0.894532 0.056639 0.888673 0.050783 0.888673 0.04883 0.886717 0.04297 0.886717
0 0.388671 0.279298 0.388671 0.281251 0.386717 0.283204 0.386717 0.289062 0.402344 0.289062 0.404297 0.291015 0.40625 0.291015 0.40625 0.283204 0.408203 0.281251 0.408203 0.279298
0 0.304688 0.445311 0.304688 0.451173 0.306641 0.451173 0.308595 0.453126 0.316408 0.453126 0.318361 0.455079 0.324217 0.455079 0.324217 0.453126 0.322268 0.451173 0.322268 0.44922 0.314455 0.44922 0.312501 0.447264 0.306641 0.447264
0 0.365236 0.26172 0.365236 0.265625 0.369142 0.269531 0.382811 0.269531 0.384764 0.271484 0.386717 0.271484 0.386717 0.269531 0.384764 0.267578 0.384764 0.265625 0.376951 0.265625 0.375002 0.263673 0.367189 0.263673
0 0.017578 0.34375 0.015624 0.345703 0.015624 0.347656 0.011718 0.351561 0.011718 0.35547 0.009764 0.357423 0.007811 0.357423 0.009764 0.357423 0.011718 0.359376 0.015624 0.359376 0.015624 0.357423 0.017578 0.35547 0.017578 0.353517 0.019531 0.351561 0.019531 0.349608 0.021484 0.347656 0.021484 0.345703 0.019531 0.34375
0 0.291015 0.494141 0.291015 0.498047 0.292969 0.499999 0.292969 0.501952 0.296875 0.501952 0.298828 0.503905 0.304688 0.503905 0.304688 0.499999 0.302735 0.498047 0.298828 0.498047 0.296875 0.496094 0.292969 0.496094
0 0.152345 0.267578 0.142579 0.277345 0.142579 0.283204 0.144532 0.283204 0.148439 0.279298 0.150392 0.279298 0.154298 0.275389 0.156252 0.275389 0.156252 0.273436 0.154298 0.271484 0.154298 0.269531
0 0.388671 0.292968 0.392577 0.296877 0.402344 0.296877 0.404297 0.298829 0.404297 0.292968
0 0.765624 0.251952 0.765624 0.271484 0.773437 0.271484 0.773437 0.265625 0.77539 0.263673 0.77539 0.255858 0.771484 0.251952
0 0.32617 0.394532 0.32617 0.402344 0.330077 0.402344 0.33203 0.404296 0.335936 0.404296 0.33789 0.406249 0.341796 0.406249 0.341796 0.402344 0.339843 0.400391 0.339843 0.398438 0.333983 0.398438 0.33203 0.396485 0.328123 0.396485
0 0.023437 0.353517 0.021484 0.35547 0.021484 0.357423 0.019531 0.359376 0.019531 0.361328 0.017578 0.363281 0.017578 0.365234 0.015624 0.367187 0.015624 0.371092 0.017578 0.373048 0.021484 0.373048 0.021484 0.371092 0.023437 0.36914 0.023437 0.365234 0.025391 0.363281 0.025391 0.359376 0.027344 0.357423 0.027344 0.35547 0.025391 0.35547
0 0.476564 0.253905 0.476564 0.26172 0.490233 0.26172 0.492186 0.263673 0.494139 0.26172 0.499999 0.26172 0.499999 0.255858 0.498046 0.255858 0.496093 0.253905
0 0.404297 0.312499 0.402344 0.314452 0.386717 0.314452 0.390624 0.318361 0.404297 0.318361 0.404297 0.316408 0.40625 0.314452
0 0.224608 0.804687 0.224608 0.80664 0.222655 0.808593 0.222655 0.810545 0.220702 0.812502 0.220702 0.814454 0.218748 0.816407 0.218748 0.820313 0.220702 0.820313 0.224608 0.824218 0.226561 0.824218 0.226561 0.816407 0.228515 0.814454 0.228515 0.804687
0 0.566406 0.257811 0.566406 0.26172 0.564453 0.263673 0.564453 0.265625 0.566406 0.267578 0.585939 0.267578 0.587892 0.265625 0.589846 0.265625 0.589846 0.263673 0.587892 0.26172 0.587892 0.259767 0.568359 0.259767
0 0.816405 0.195312 0.816405 0.197265 0.814451 0.199217 0.814451 0.205079 0.812498 0.207032 0.812498 0.208985 0.816405 0.21289 0.818358 0.210937 0.820311 0.210937 0.820311 0.203126 0.822265 0.201173 0.822265 0.195312
0 0.322268 0.242189 0.322268 0.251952 0.320314 0.253905 0.320314 0.26172 0.322268 0.263673 0.32617 0.263673 0.328123 0.26172 0.328123 0.253905 0.330077 0.251952 0.330077 0.244141 0.328123 0.242189
0 0.685548 0.775392 0.683594 0.777345 0.683594 0.779298 0.679688 0.783203 0.679688 0.785156 0.675781 0.789061 0.675781 0.791014 0.673828 0.79297 0.673828 0.794923 0.675781 0.794923 0.677735 0.796876 0.683594 0.796876 0.683594 0.794923 0.685548 0.79297 0.685548 0.791014 0.687501 0.789061 0.687501 0.787109 0.689454 0.785156 0.689454 0.783203 0.691408 0.78125 0.691408 0.777345 0.687501 0.777345
0 0.320314 0.406249 0.320314 0.410155 0.322268 0.412111 0.322268 0.414064 0.328123 0.414064 0.330077 0.416016 0.333983 0.416016 0.335936 0.417969 0.33789 0.416016 0.339843 0.416016 0.339843 0.414064 0.33789 0.412111 0.33789 0.410155 0.330077 0.410155 0.328123 0.408202 0.322268 0.408202
1 0.376951 0.789061 0.375002 0.791014 0.351563 0.791014 0.351563 0.794923 0.353516 0.796876 0.353516 0.800782 0.355469 0.798829 0.367189 0.798829 0.369142 0.796876 0.380858 0.796876 0.378904 0.794923 0.378904 0.79297 0.376951 0.791014
0 0.470704 0.320313 0.470704 0.324219 0.474611 0.324219 0.476564 0.326172 0.484377 0.326172 0.486326 0.324219 0.486326 0.320313
0 0.269529 0.683594 0.26758 0.685547 0.26758 0.6875 0.265627 0.689453 0.265627 0.691406 0.263674 0.693358 0.263674 0.695311 0.26172 0.697264 0.26172 0.69922 0.259767 0.701173 0.26172 0.701173 0.263674 0.703126 0.269529 0.703126 0.269529 0.701173 0.271483 0.69922 0.271483 0.693358 0.273436 0.691406 0.273436 0.683594
0 0.320314 0.802734 0.318361 0.804687 0.318361 0.80664 0.316408 0.808593 0.316408 0.810545 0.312501 0.814454 0.312501 0.816407 0.310548 0.81836 0.314455 0.822266 0.318361 0.822266 0.320314 0.820313 0.320314 0.81836 0.322268 0.816407 0.322268 0.814454 0.324217 0.812502 0.324217 0.810545 0.32617 0.808593 0.32617 0.80664 0.324217 0.804687 0.324217 0.802734
0 0.142579 0.617186 0.142579 0.619139 0.140626 0.621095 0.140626 0.626954 0.138672 0.628907 0.138672 0.636718 0.142579 0.636718 0.144532 0.634765 0.146485 0.634765 0.146485 0.626954 0.148439 0.625001 0.148439 0.617186
1 0.501952 0.966798 0.499999 0.968751 0.499999 0.970704 0.494139 0.976562 0.494139 0.978515 0.488279 0.984377 0.488279 0.986329 0.482424 0.992188 0.482424 0.99414 0.478517 0.998046 0.480471 0.998046 0.484377 1 0.486326 0.999999 0.486326 0.998046 0.492186 0.992188 0.492186 0.990235 0.498046 0.984377 0.498046 0.98242 0.503906 0.976562 0.503906 0.974609 0.507812 0.970704 0.505859 0.970704
0 0.253907 0.716798 0.253907 0.718751 0.251954 0.720704 0.251954 0.726562 0.250001 0.728515 0.250001 0.734374 0.248047 0.73633 0.248047 0.742188 0.25586 0.742188 0.25586 0.73633 0.257814 0.734374 0.257814 0.72461 0.259767 0.722657 0.259767 0.718751 0.257814 0.716798
0 0.791016 0.263673 0.791016 0.273436 0.789063 0.275389 0.789063 0.283204 0.791016 0.285156 0.794923 0.285156 0.794923 0.277345 0.796876 0.275389 0.796876 0.263673
0 0.26758 0.566407 0.263674 0.570313 0.26172 0.570313 0.259767 0.572266 0.259767 0.576171 0.271483 0.576171 0.273436 0.578124 0.275389 0.576171 0.275389 0.574219 0.277342 0.572266 0.277342 0.570313 0.273436 0.570313 0.271483 0.56836 0.269529 0.56836
0 0.810545 0.289062 0.810545 0.291015 0.808596 0.292968 0.808596 0.296877 0.806643 0.298829 0.806643 0.302735 0.804689 0.304688 0.804689 0.30664 0.808596 0.310546 0.812498 0.310546 0.814451 0.308593 0.816405 0.308593 0.816405 0.289062
0 0.472657 0.271484 0.472657 0.275389 0.474611 0.277345 0.474611 0.279298 0.488279 0.279298 0.490233 0.281251 0.492186 0.279298 0.494139 0.279298 0.494139 0.273436 0.492186 0.273436 0.490233 0.271484
0 0.841797 0.275389 0.841797 0.29492 0.843751 0.29492 0.847657 0.298829 0.84961 0.296877 0.851564 0.296877 0.851564 0.287109 0.84961 0.285156 0.84961 0.275389
0 0.275389 0.537109 0.273436 0.539062 0.273436 0.544923 0.283202 0.544923 0.285155 0.546876 0.289062 0.546876 0.291015 0.544923 0.291015 0.542967 0.289062 0.541015 0.289062 0.537109
0 0.173827 0.080077 0.171874 0.08203 0.171874 0.083983 0.166014 0.089845 0.166014 0.091798 0.164061 0.09375 0.164061 0.097656 0.166014 0.097656 0.167967 0.099609 0.169921 0.099609 0.173827 0.095703 0.173827 0.09375 0.179687 0.087892 0.179687 0.08203 0.17578 0.08203
0 0.830078 0.076172 0.830078 0.083983 0.828125 0.085936 0.828125 0.09375 0.832031 0.09375 0.833984 0.095703 0.835938 0.095703 0.835938 0.087892 0.833984 0.085936 0.833984 0.076172
0 0.292969 0.486327 0.292969 0.488283 0.296875 0.492188 0.302735 0.492188 0.304688 0.494141 0.308595 0.494141 0.310548 0.496094 0.310548 0.494141 0.312501 0.492188 0.312501 0.488283 0.310548 0.488283 0.308595 0.486327
1 0.302735 0.138671 0.296875 0.144533 0.296875 0.146486 0.289062 0.154297 0.291015 0.156249 0.294922 0.156249 0.298828 0.152344 0.300782 0.152344 0.304688 0.148438 0.306641 0.148438 0.308595 0.146486 0.308595 0.142577 0.306641 0.140624 0.304688 0.140624
0 0.835938 0.146486 0.835938 0.156249 0.837891 0.158202 0.837891 0.169922 0.839844 0.169922 0.841797 0.167969 0.843751 0.167969 0.843751 0.146486
0 0.333983 0.246094 0.333983 0.253905 0.33203 0.255858 0.33203 0.259767 0.333983 0.26172 0.335936 0.26172 0.335936 0.255858 0.33789 0.253905 0.33789 0.246094
0 0.283202 0.521483 0.283202 0.523436 0.281249 0.525389 0.281249 0.527345 0.285155 0.527345 0.287109 0.529298 0.289062 0.529298 0.291015 0.531251 0.292969 0.529298 0.296875 0.529298 0.296875 0.523436 0.285155 0.523436
0 0.675781 0.69922 0.673828 0.701173 0.673828 0.703126 0.671875 0.705078 0.671875 0.707031 0.667968 0.710937 0.667968 0.71289 0.666015 0.714842 0.666015 0.716798 0.664062 0.718751 0.666015 0.720704 0.666015 0.722657 0.667968 0.722657 0.669922 0.72461 0.673828 0.72461 0.675781 0.722657 0.675781 0.720704 0.677735 0.718751 0.677735 0.716798 0.679688 0.714842 0.679688 0.71289 0.681641 0.710937 0.681641 0.708984 0.683594 0.707031 0.681641 0.705078 0.681641 0.703126 0.679688 0.701173 0.677735 0.701173
0 0.148439 0.458984 0.148439 0.460937 0.146485 0.46289 0.146485 0.466795 0.144532 0.468752 0.144532 0.470704 0.142579 0.472657 0.142579 0.478515 0.150392 0.478515 0.150392 0.472657 0.152345 0.470704 0.152345 0.458984
0 0.003905 0.335939 0.003905 0.345703 0.001951 0.347656 0.001951 0.35547 0.009764 0.35547 0.009764 0.335939
0 0.798829 0.585939 0.796876 0.587891 0.796876 0.589844 0.794923 0.591797 0.794923 0.59375 0.791016 0.597655 0.791016 0.599608 0.789063 0.601561 0.791016 0.603517 0.791016 0.60547 0.798829 0.60547 0.798829 0.601561 0.800783 0.599608 0.800783 0.59375 0.802736 0.591797 0.802736 0.587891 0.800783 0.585939
0 0.287109 0.503905 0.287109 0.507814 0.289062 0.507814 0.291015 0.509767 0.294922 0.509767 0.296875 0.511719 0.298828 0.511719 0.300782 0.513672 0.304688 0.513672 0.304688 0.509767 0.302735 0.507814 0.296875 0.507814 0.294922 0.505858 0.289062 0.505858
0 0.392577 0.269531 0.392577 0.271484 0.390624 0.273436 0.390624 0.275389 0.392577 0.277345 0.408203 0.277345 0.410157 0.279298 0.410157 0.281251 0.41211 0.279298 0.41211 0.275389 0.410157 0.273436 0.402344 0.273436 0.40039 0.271484 0.394531 0.271484
0 0.271483 0.550782 0.271483 0.55664 0.273436 0.558593 0.281249 0.558593 0.283202 0.560546 0.283202 0.558593 0.285155 0.55664 0.285155 0.554687 0.279296 0.554687 0.277342 0.552735 0.273436 0.552735