0 0.599611 0.130862 0.597659 0.132812 0.597659 0.134763 0.595701 0.136722 0.595701 0.142581 0.597659 0.144532 0.597659 0.156251 0.599611 0.158202 0.599611 0.164062 0.601562 0.164062 0.603514 0.166012 0.617188 0.166012 0.617188 0.162111 0.619139 0.160152 0.619139 0.156251 0.617188 0.154301 0.617188 0.152342 0.615236 0.150392 0.615236 0.148441 0.613284 0.146482 0.613284 0.142581 0.611326 0.140623 0.611326 0.138672 0.609375 0.136722 0.609375 0.134763 0.607423 0.132812 0.607423 0.130862
12 0.726563 0.769535 0.724612 0.771485 0.710938 0.771485 0.708987 0.773435 0.697265 0.773435 0.695313 0.775394 0.68164 0.775394 0.679688 0.777345 0.666014 0.777345 0.664063 0.779295 0.650389 0.779295 0.648438 0.781254 0.636715 0.781254 0.634764 0.783204 0.621097 0.783204 0.619139 0.785155 0.605472 0.785155 0.603514 0.787106 0.589847 0.787106 0.587888 0.789064 0.576173 0.789064 0.574222 0.791015 0.560548 0.791015 0.558596 0.792965 0.544922 0.792965 0.542971 0.794924 0.529297 0.794924 0.527346 0.796875 0.515624 0.796875 0.513672 0.798825 0.499999 0.798825 0.498047 0.800784 0.484373 0.800784 0.482422 0.802734 0.468748 0.802734 0.466796 0.804685 0.455081 0.804685 0.453123 0.806644 0.439456 0.806644 0.437498 0.808594 0.423831 0.808594 0.421873 0.810544 0.408206 0.810544 0.406248 0.812503 0.394532 0.812503 0.392581 0.814454 0.378906 0.814454 0.378906 0.822264 0.380858 0.824223 0.380858 0.841794 0.38281 0.843753 0.38281 0.861332 0.384768 0.863282 0.384768 0.878903 0.386719 0.880862 0.386719 0.898441 0.38867 0.900392 0.38867 0.917971 0.390622 0.919921 0.390622 0.93555 0.392581 0.9375 0.392581 0.95508 0.394532 0.95703 0.394532 0.972659 0.396483 0.97461 0.396483 0.992189 0.398435 0.994139 0.398435 1 0.400393 1 0.400393 1 0.402344 1 0.402344 1 0.404296 1 0.404296 1 0.406248 1 0.406248 1 0.408206 1 0.421873 1 0.423831 1 0.437498 1 0.439456 1 0.453123 1 0.455081 1 0.470706 1 0.472658 1 0.486331 1 0.488283 1 0.50195 1 0.503908 1 0.517575 1 0.519533 1 0.5332 1 0.535158 1 0.548826 1 0.550784 1 0.564451 1 0.566409 1 0.580076 1 0.582034 1 0.597659 1 0.599611 1 0.613284 1 0.615236 1 0.62891 1 0.630861 1 0.644528 1 0.646486 1 0.660153 1 0.662111 1 0.675778 1 0.677737 1 0.691403 1 0.693362 1 0.708987 1 0.710938 1 0.724612 1 0.726563 1 0.740237 1 0.742189 1 0.755862 1 0.755862 1 0.753904 1 0.753904 1 0.751953 1 0.751953 0.992189 0.750001 0.990238 0.750001 0.97461 0.74805 0.972659 0.74805 0.95703 0.746092 0.95508 0.746092 0.939451 0.74414 0.9375 0.74414 0.921872 0.742189 0.919921 0.742189 0.904301 0.740237 0.902342 0.740237 0.884763 0.738279 0.882812 0.738279 0.867183 0.736328 0.865233 0.736328 0.849612 0.734376 0.847654 0.734376 0.832033 0.732425 0.830074 0.732425 0.814454 0.730467 0.812503 0.730467 0.796875 0.728515 0.794924 0.728515 0.779295 0.726563 0.777345
0 0.087889 0.785155 0.087889 0.800784 0.08984 0.802734 0.08984 0.820313 0.091799 0.818363 0.103515 0.818363 0.103515 0.812503 0.101563 0.810544 0.101563 0.796875 0.099611 0.794924 0.099611 0.787106 0.08984 0.787106
0 0.107424 0.763675 0.107424 0.775394 0.113278 0.775394 0.115237 0.777345 0.121091 0.777345 0.123049 0.779295 0.128904 0.779295 0.130862 0.781254 0.132813 0.779295 0.136716 0.779295 0.138674 0.777345 0.140626 0.777345 0.142577 0.775394 0.146487 0.775394 0.146487 0.771485 0.144529 0.769535 0.144529 0.763675
0 0.041014 0.785155 0.041014 0.802734 0.042972 0.804685 0.042972 0.824223 0.044923 0.822264 0.056639 0.822264 0.056639 0.818363 0.054688 0.816404 0.054688 0.806644 0.052736 0.804685 0.052736 0.794924 0.050785 0.792965 0.050785 0.789064 0.046875 0.789064 0.044923 0.787106 0.042972 0.787106
0 0.86719 0.027345 0.865232 0.029295 0.86133 0.029295 0.86133 0.035155 0.863281 0.037106 0.863281 0.042965 0.865232 0.044924 0.865232 0.050784 0.86719 0.052734 0.86719 0.056644 0.871093 0.056644 0.873045 0.058594 0.875003 0.056644 0.880857 0.056644 0.884767 0.052734 0.884767 0.050784 0.882815 0.048825 0.882815 0.046875 0.880857 0.044924 0.880857 0.042965 0.878906 0.041015 0.878906 0.039065 0.876954 0.037106 0.876954 0.035155 0.875003 0.033205 0.875003 0.031246 0.873045 0.029295 0.873045 0.027345
0 0.935545 0.062504 0.933594 0.064454 0.931643 0.064454 0.929685 0.066405 0.927733 0.066405 0.925781 0.068363 0.921872 0.068363 0.91992 0.070314 0.917969 0.070314 0.917969 0.072264 0.916018 0.074215 0.916018 0.078124 0.91992 0.082033 0.921872 0.080075 0.92383 0.080075 0.925781 0.078124 0.927733 0.078124 0.929685 0.076174 0.933594 0.076174 0.935545 0.074215 0.937497 0.074215 0.941407 0.070314 0.941407 0.066405 0.937497 0.062504
0 0.94531 0.076174 0.943358 0.078124 0.941407 0.078124 0.939455 0.080075 0.937497 0.080075 0.935545 0.082033 0.933594 0.082033 0.931643 0.083984 0.929685 0.083984 0.927733 0.085934 0.925781 0.085934 0.92383 0.087893 0.921872 0.087893 0.921872 0.093753 0.925781 0.097654 0.925781 0.099613 0.927733 0.101563 0.929685 0.099613 0.931643 0.099613 0.933594 0.097654 0.935545 0.097654 0.939455 0.093753 0.941407 0.093753 0.943358 0.091794 0.94531 0.091794 0.947268 0.089844 0.949219 0.089844 0.949219 0.087893 0.951171 0.085934 0.951171 0.083984 0.949219 0.082033 0.949219 0.080075
0 0.687501 0.503903 0.685549 0.505862 0.683591 0.505862 0.683591 0.511722 0.685549 0.513672 0.685549 0.523441 0.687501 0.525392 0.687501 0.533202 0.689452 0.535152 0.689452 0.537111 0.697265 0.537111 0.699216 0.539062 0.703125 0.535152 0.703125 0.527342 0.701174 0.525392 0.701174 0.513672 0.699216 0.511722 0.699216 0.505862 0.695313 0.505862 0.693362 0.503903
0 0.660153 0.281249 0.658202 0.283199 0.654299 0.283199 0.654299 0.294919 0.65625 0.296877 0.65625 0.308597 0.658202 0.310548 0.658202 0.316407 0.662111 0.316407 0.664063 0.318358 0.666014 0.316407 0.673827 0.316407 0.673827 0.310548 0.671875 0.308597 0.671875 0.300778 0.669924 0.298828 0.669924 0.291018 0.667966 0.289059 0.667966 0.285158 0.664063 0.281249
0 0.070312 0.789064 0.070312 0.804685 0.068361 0.806644 0.068361 0.820313 0.070312 0.822264 0.070312 0.824223 0.072264 0.826173 0.072264 0.828124 0.074216 0.826173 0.076174 0.826173 0.078125 0.824223 0.080077 0.824223 0.082028 0.822264 0.083986 0.822264 0.083986 0.808594 0.082028 0.806644 0.082028 0.791015 0.072264 0.791015
0 0.7168 0.498043 0.714841 0.500002 0.71289 0.500002 0.708987 0.503903 0.708987 0.507812 0.710938 0.509763 0.710938 0.519532 0.71289 0.521482 0.71289 0.527342 0.714841 0.527342 0.7168 0.529301 0.722654 0.529301 0.724612 0.527342 0.726563 0.527342 0.726563 0.517581 0.724612 0.515622 0.724612 0.505862 0.722654 0.503903 0.722654 0.501953 0.720703 0.501953
0 0.929685 0.044924 0.927733 0.046875 0.925781 0.046875 0.92383 0.048825 0.921872 0.048825 0.917969 0.052734 0.916018 0.052734 0.914059 0.054685 0.912107 0.054685 0.910156 0.056644 0.910156 0.060545 0.912107 0.062504 0.912107 0.064454 0.914059 0.064454 0.917969 0.068363 0.921872 0.064454 0.92383 0.064454 0.927733 0.060545 0.929685 0.060545 0.933594 0.056644 0.935545 0.056644 0.937497 0.054685 0.937497 0.052734 0.935545 0.050784 0.935545 0.048825 0.933594 0.048825
0 0.925781 0.027345 0.92383 0.029295 0.921872 0.029295 0.917969 0.033205 0.916018 0.033205 0.914059 0.035155 0.912107 0.035155 0.908205 0.039065 0.906253 0.039065 0.906253 0.048825 0.910156 0.052734 0.912107 0.050784 0.914059 0.050784 0.916018 0.048825 0.917969 0.048825 0.921872 0.044924 0.92383 0.044924 0.925781 0.042965 0.927733 0.042965 0.929685 0.041015 0.931643 0.041015 0.931643 0.039065 0.933594 0.037106 0.933594 0.031246 0.931643 0.031246 0.929685 0.029295 0.927733 0.029295