0 0.583984 0.662109 0.582031 0.664063 0.570311 0.664063 0.560548 0.673828 0.560548 0.68164 0.558594 0.683594 0.558594 0.732421 0.562501 0.736328 0.562501 0.738282 0.564454 0.740235 0.566407 0.738282 0.582031 0.738282 0.582031 0.736328 0.583984 0.734375 0.583984 0.732421 0.585937 0.730468 0.585937 0.724609 0.587891 0.722656 0.587891 0.714844 0.589844 0.71289 0.589844 0.669921 0.585937 0.666016 0.585937 0.664063
1 0.267579 0.255859 0.265626 0.257812 0.19922 0.257812 0.197267 0.259766 0.195313 0.259766 0.19336 0.261719 0.177734 0.261719 0.175781 0.263673 0.138671 0.263673 0.138671 0.273438 0.136718 0.27539 0.136718 0.287109 0.138671 0.289062 0.138671 0.292969 0.140625 0.294923 0.140625 0.296874 0.142578 0.298828 0.142578 0.300781 0.144531 0.298828 0.154297 0.298828 0.156251 0.296874 0.191407 0.296874 0.19336 0.298828 0.195313 0.298828 0.197267 0.300781 0.19922 0.300781 0.201173 0.302735 0.277343 0.302735 0.277343 0.296874 0.279296 0.294923 0.279296 0.285155 0.281249 0.283204 0.281249 0.273438 0.279296 0.271485 0.279296 0.263673 0.277343 0.261719 0.277343 0.259766 0.273439 0.259766 0.271485 0.257812 0.269532 0.257812
0 0.673829 0.958984 0.671876 0.960937 0.666016 0.960937 0.664063 0.962891 0.664063 0.964844 0.662109 0.966798 0.662109 0.968749 0.660156 0.970703 0.660156 0.972656 0.658203 0.97461 0.658203 0.982422 0.65625 0.984375 0.65625 1 0.654296 1 0.654296 1 0.65625 1 0.65625 1 0.658203 1 0.658203 1 0.660156 1 0.664063 1 0.666016 1 0.667969 1 0.669923 1 0.671876 1 0.673829 1 0.675782 1 0.679686 1 0.679686 1 0.68164 1 0.68164 1 0.683593 1 0.683593 1 0.685546 1 0.685546 0.994141 0.683593 0.992187 0.683593 0.978515 0.68164 0.976563 0.68164 0.970703 0.679686 0.968749 0.679686 0.966798 0.675782 0.962891 0.675782 0.960937
0 0.234376 0.945313 0.232423 0.947266 0.232423 0.949218 0.230469 0.951172 0.230469 0.953125 0.228516 0.955079 0.228516 0.960937 0.226563 0.962891 0.226563 0.976563 0.22461 0.978515 0.22461 0.992187 0.222656 0.994141 0.222656 1 0.22461 1 0.22461 1 0.232423 1 0.242187 1 0.24414 1 0.25 1 0.251953 1 0.253906 1 0.253906 1 0.255859 1 0.255859 0.978515 0.253906 0.976563 0.253906 0.972656 0.251953 0.970703 0.251953 0.964844 0.25 0.962891 0.25 0.960937 0.248046 0.958984 0.248046 0.957032 0.246093 0.955079 0.246093 0.953125 0.24414 0.951172 0.24414 0.949218 0.240233 0.949218 0.238282 0.947266 0.236329 0.947266
0 0.376954 0.955079 0.371094 0.960937 0.369141 0.960937 0.365234 0.964844 0.365234 0.966798 0.363281 0.968749 0.363281 0.970703 0.361328 0.972656 0.361328 0.97461 0.359375 0.976563 0.359375 0.986329 0.357421 0.988282 0.357421 0.996094 0.355468 0.998048 0.355468 1 0.353515 1 0.353515 1 0.355468 1 0.355468 1 0.357421 1 0.357421 1 0.359375 1 0.359375 1 0.361328 1 0.369141 1 0.371094 1 0.373047 1 0.38086 1 0.382814 1 0.384767 1 0.388671 1 0.390624 1 0.390624 1 0.392577 1 0.392577 1 0.394531 1 0.394531 1 0.396484 1 0.396484 0.978515 0.394531 0.976563 0.394531 0.97461 0.390624 0.970703 0.390624 0.968749 0.386718 0.964844 0.386718 0.962891 0.382814 0.958984 0.38086 0.958984
0 0.283202 0.949218 0.279296 0.953125 0.279296 0.955079 0.275389 0.958984 0.275389 0.966798 0.273439 0.968749 0.273439 0.978515 0.271485 0.980468 0.271485 0.986329 0.269532 0.988282 0.269532 0.994141 0.267579 0.996094 0.267579 1 0.265626 1 0.265626 1 0.271485 1 0.281249 1 0.283202 1 0.285156 1 0.294922 1 0.294922 1 0.296875 1 0.296875 1 0.298828 1 0.298828 1 0.300782 1 0.300782 0.976563 0.298828 0.97461 0.298828 0.962891 0.296875 0.960937 0.296875 0.958984 0.294922 0.957032 0.294922 0.955079 0.292969 0.953125 0.289062 0.953125 0.287109 0.951172 0.285156 0.951172
0 0.458983 0.951172 0.457032 0.953125 0.455079 0.953125 0.453126 0.955079 0.449219 0.955079 0.447266 0.957032 0.445313 0.957032 0.445313 0.960937 0.44336 0.962891 0.44336 0.970703 0.441406 0.972656 0.441406 0.988282 0.44336 0.990234 0.44336 1 0.445313 1 0.445313 1 0.447266 1 0.447266 1 0.449219 1 0.449219 1 0.451173 1 0.455079 1 0.457032 1 0.460936 1 0.46289 1 0.46289 1 0.464843 1 0.464843 1 0.466796 1 0.466796 1 0.468749 1 0.468749 1 0.470703 1 0.470703 1 0.472656 1 0.472656 1 0.474609 1 0.474609 0.990234 0.476562 0.988282 0.476562 0.978515 0.474609 0.976563 0.474609 0.972656 0.472656 0.970703 0.472656 0.966798 0.470703 0.964844 0.470703 0.960937 0.468749 0.958984 0.468749 0.957032 0.466796 0.957032 0.46289 0.953125 0.460936 0.953125
0 0.01953 0.951172 0.017579 0.953125 0.017579 0.955079 0.015626 0.957032 0.015626 0.964844 0.013673 0.966798 0.013673 1 0.015626 1 0.027343 1 0.029296 1 0.041016 1 0.041016 1 0.042969 1 0.042969 1 0.044922 1 0.044922 1 0.046876 1 0.046876 0.999999 0.044922 0.998048 0.044922 0.982422 0.042969 0.980468 0.042969 0.978515 0.039063 0.97461 0.039063 0.972656 0.037109 0.970703 0.037109 0.968749 0.033203 0.964844 0.033203 0.962891 0.03125 0.960937 0.03125 0.958984 0.029296 0.957032 0.029296 0.955079 0.02539 0.955079 0.023437 0.953125 0.021483 0.953125
0 0.906249 0.980468 0.904296 0.982422 0.896485 0.982422 0.894532 0.984375 0.886719 0.984375 0.886719 1 0.888672 1 0.888672 1 0.890626 1 0.890626 1 0.919922 1 0.919922 0.980468
0 0.992188 0.968749 0.984375 0.976563 0.982421 0.976563 0.978515 0.980468 0.978515 0.988282 0.976562 0.990234 0.976562 1 0.974608 1 0.974608 1 0.976562 1 0.976562 1 0.978515 1 0.978515 1 0.980468 1 0.982421 1 0.984375 1 0.986328 1 0.988281 1 0.990234 1 0.992188 1 0.994141 1 0.996094 1 0.998047 1 1 1 1 1 1 1 1 1 1 1 1 1 1 1 1 1 1 1 1 1 1 1 1 1 1 1 1 1 1 1 1 0.999999 1 0.996094 1 0.994141 1 0.992187 1 0.990234 1 0.986329 1 0.984375 1 0.980468 1 0.978515 1 0.976563 1 0.976563 0.998047 0.972656 0.996094 0.972656
0 0.587891 0.972656 0.585937 0.97461 0.580078 0.97461 0.580078 0.976563 0.578124 0.978515 0.578124 0.982422 0.576171 0.984375 0.576171 0.988282 0.574218 0.990234 0.574218 1 0.576171 1 0.576171 1 0.578124 1 0.578124 1 0.580078 1 0.580078 1 0.583984 1 0.585937 1 0.587891 1 0.589844 1 0.591797 1 0.595704 1 0.597657 1 0.601563 1 0.601563 1 0.603517 1 0.603517 1 0.605468 1 0.605468 1 0.607421 1 0.607421 1 0.609374 1 0.609374 1 0.607421 1 0.607421 1 0.605468 1 0.605468 1 0.603517 1 0.603517 0.999999 0.601563 0.998048 0.601563 0.994141 0.59961 0.992187 0.59961 0.988282 0.597657 0.986329 0.597657 0.984375 0.591797 0.978515 0.591797 0.976563
0 0.753905 0.970703 0.751954 0.972656 0.746095 0.972656 0.746095 0.97461 0.744141 0.976563 0.744141 0.978515 0.742188 0.980468 0.742188 0.990234 0.740235 0.992187 0.740235 1 0.738282 1 0.738282 1 0.740235 1 0.740235 1 0.742188 1 0.744141 1 0.746095 1 0.748048 1 0.750001 1 0.751954 1 0.763671 1 0.769531 1 0.769531 1 0.771484 1 0.771484 1 0.773438 1 0.773438 1 0.775391 1 0.775391 1 0.773438 1 0.773438 0.999999 0.771484 0.998048 0.771484 0.990234 0.769531 0.988282 0.769531 0.984375 0.767578 0.982422 0.767578 0.980468 0.765625 0.978515 0.765625 0.976563 0.763671 0.97461 0.759765 0.97461 0.757812 0.972656 0.755858 0.972656
0 0.798828 0.962891 0.792968 0.968749 0.792968 0.970703 0.791015 0.972656 0.791015 0.97461 0.789061 0.976563 0.789061 0.978515 0.78711 0.980468 0.78711 0.999999 0.785157 1 0.785157 1 0.78711 1 0.78711 1 0.789061 1 0.789061 1 0.791015 1 0.791015 1 0.794921 1 0.796874 1 0.798828 1 0.800781 1 0.802734 1 0.804687 1 0.806641 1 0.808594 1 0.81836 1 0.820313 1 0.820313 1 0.822267 1 0.822267 1 0.82422 1 0.82422 1 0.822267 1 0.822267 1 0.820313 1 0.820313 1 0.81836 1 0.81836 0.994141 0.816407 0.992187 0.816407 0.982422 0.814454 0.980468 0.814454 0.97461 0.8125 0.972656 0.8125 0.970703 0.810547 0.968749 0.810547 0.966798 0.806641 0.966798 0.804687 0.964844 0.800781 0.964844
1 0.169921 0.550782 0.167968 0.552735 0.156251 0.552735 0.154297 0.554687 0.142578 0.554687 0.142578 0.564452 0.140625 0.566406 0.140625 0.583985 0.138671 0.585937 0.138671 0.593751 0.140625 0.591797 0.240233 0.591797 0.24414 0.58789 0.246093 0.58789 0.25 0.583985 0.251953 0.583985 0.251953 0.582032 0.253906 0.580078 0.253906 0.578125 0.255859 0.576171 0.255859 0.572266 0.253906 0.570313 0.253906 0.566406 0.251953 0.564452 0.251953 0.562501 0.25 0.562501 0.246093 0.558594 0.24414 0.558594 0.240233 0.554687 0.234376 0.554687 0.232423 0.552735 0.228516 0.552735 0.226563 0.550782
1 0.121094 0.355469 0.121094 0.365235 0.123048 0.367188 0.123048 0.392578 0.125001 0.394531 0.125001 0.396485 0.126954 0.398438 0.126954 0.40039 0.128905 0.402343 0.130858 0.40039 0.216797 0.40039 0.21875 0.398438 0.232423 0.398438 0.234376 0.396485 0.236329 0.396485 0.238282 0.394531 0.240233 0.394531 0.240233 0.390624 0.242187 0.388671 0.242187 0.376954 0.240233 0.375 0.240233 0.363281 0.238282 0.365235 0.230469 0.365235 0.226563 0.361328 0.226563 0.359374 0.222656 0.355469
0 0.164064 0.419921 0.164064 0.421875 0.16211 0.423828 0.16211 0.425781 0.160157 0.427735 0.160157 0.429687 0.158204 0.43164 0.158204 0.433594 0.156251 0.435547 0.156251 0.449219 0.158204 0.451171 0.158204 0.455078 0.171874 0.455078 0.173828 0.457032 0.228516 0.457032 0.230469 0.458985 0.255859 0.458985 0.257813 0.460937 0.257813 0.458985 0.259766 0.457032 0.259766 0.455078 0.261719 0.453125 0.261719 0.449219 0.263672 0.447266 0.263672 0.429687 0.261719 0.429687 0.259766 0.427735 0.257813 0.427735 0.255859 0.425781 0.251953 0.425781 0.25 0.423828 0.248046 0.423828 0.246093 0.421875 0.238282 0.421875 0.236329 0.419921
0 0.181641 0.507813 0.179687 0.509766 0.158204 0.509766 0.156251 0.51172 0.150391 0.51172 0.144531 0.517578 0.144531 0.521485 0.142578 0.523437 0.142578 0.541016 0.210937 0.541016 0.21289 0.54297 0.220703 0.54297 0.222656 0.544921 0.230469 0.544921 0.232423 0.546875 0.240233 0.546875 0.24414 0.54297 0.246093 0.54297 0.246093 0.541016 0.248046 0.539063 0.248046 0.537109 0.25 0.535156 0.25 0.523437 0.240233 0.513671 0.232423 0.513671 0.230469 0.51172 0.222656 0.51172 0.220703 0.509766 0.183594 0.509766
0 0.109375 0.935548 0.107422 0.937499 0.101562 0.937499 0.101562 0.939453 0.099609 0.941406 0.099609 0.94336 0.097655 0.945313 0.097655 0.953125 0.095702 0.955079 0.095702 1 0.097655 1 0.097655 1 0.099609 1 0.099609 1 0.101562 1 0.101562 1 0.105468 1 0.107422 1 0.109375 1 0.111328 1 0.113281 1 0.115235 1 0.117188 1 0.119141 1 0.121094 1 0.123048 1 0.125001 1 0.125001 1 0.130858 1 0.130858 1 0.132812 1 0.132812 1 0.134765 1 0.134765 1 0.136718 0.999999 0.136718 0.990234 0.134765 0.988282 0.134765 0.978515 0.132812 0.976563 0.132812 0.970703 0.130858 0.968749 0.130858 0.966798 0.126954 0.962891 0.126954 0.960937 0.125001 0.958984 0.125001 0.957032 0.123048 0.955079 0.123048 0.951172 0.121094 0.949218 0.121094 0.945313 0.119141 0.94336 0.119141 0.939453 0.117188 0.937499 0.117188 0.935548
0 0.035156 0.583985 0.033203 0.585937 0.033203 0.58789 0.03125 0.589844 0.03125 0.597656 0.033203 0.599609 0.033203 0.611328 0.03125 0.613282 0.03125 0.61914 0.029296 0.621094 0.029296 0.640625 0.039063 0.65039 0.044922 0.65039 0.046876 0.652344 0.052735 0.652344 0.054689 0.654297 0.05664 0.652344 0.058593 0.652344 0.060546 0.65039 0.062499 0.65039 0.062499 0.648437 0.064453 0.646485 0.064453 0.642578 0.066406 0.640625 0.066406 0.634766 0.068359 0.632813 0.068359 0.625001 0.070312 0.623047 0.070312 0.613282 0.068359 0.611328 0.068359 0.603516 0.066406 0.601563 0.066406 0.599609 0.064453 0.597656 0.064453 0.595702 0.062499 0.593751 0.062499 0.591797 0.060546 0.589844 0.060546 0.58789 0.058593 0.585937 0.048829 0.585937 0.046876 0.583985
0 0.310548 0.630859 0.308595 0.632813 0.304688 0.632813 0.298828 0.638671 0.298828 0.640625 0.296875 0.642578 0.296875 0.646485 0.294922 0.648437 0.294922 0.652344 0.292969 0.654297 0.292969 0.662109 0.291015 0.664063 0.291015 0.687501 0.292969 0.689452 0.292969 0.697266 0.294922 0.699218 0.294922 0.703125 0.296875 0.705078 0.296875 0.707032 0.298828 0.707032 0.300782 0.708985 0.302735 0.708985 0.304688 0.710937 0.306641 0.710937 0.308595 0.71289 0.318359 0.71289 0.320312 0.714844 0.322265 0.71289 0.324218 0.71289 0.326172 0.710937 0.330078 0.710937 0.330078 0.708985 0.332031 0.707032 0.332031 0.705078 0.333985 0.703125 0.333985 0.656251 0.332031 0.654297 0.332031 0.652344 0.330078 0.65039 0.330078 0.646485 0.328125 0.644532 0.328125 0.642578 0.320312 0.634766 0.316405 0.634766 0.314452 0.632813 0.312499 0.632813
0 0.142578 0.464844 0.142578 0.466797 0.140625 0.46875 0.140625 0.470704 0.138671 0.472656 0.138671 0.474609 0.136718 0.476563 0.136718 0.500001 0.19336 0.500001 0.195313 0.501954 0.216797 0.501954 0.21875 0.503906 0.220703 0.501954 0.232423 0.501954 0.234376 0.500001 0.238282 0.500001 0.238282 0.498047 0.240233 0.496094 0.240233 0.476563 0.238282 0.474609 0.238282 0.46875 0.220703 0.46875 0.21875 0.466797 0.164064 0.466797 0.16211 0.464844
0 0.720702 0.595702 0.718749 0.597656 0.703125 0.597656 0.703125 0.601563 0.701172 0.603516 0.701172 0.609375 0.699219 0.611328 0.699219 0.615235 0.701172 0.617187 0.701172 0.621094 0.703125 0.623047 0.703125 0.625001 0.707032 0.625001 0.708985 0.626952 0.710938 0.626952 0.712892 0.628906 0.732422 0.628906 0.734375 0.630859 0.753905 0.630859 0.755858 0.628906 0.777344 0.628906 0.781251 0.625001 0.783204 0.625001 0.785157 0.623047 0.785157 0.617187 0.78711 0.615235 0.78711 0.611328 0.785157 0.611328 0.781251 0.607421 0.779297 0.607421 0.775391 0.603516 0.767578 0.603516 0.765625 0.601563 0.759765 0.601563 0.757812 0.599609 0.740235 0.599609 0.738282 0.597656 0.722656 0.597656
0 0.376954 0.628906 0.369141 0.63672 0.369141 0.640625 0.367188 0.642578 0.367188 0.652344 0.369141 0.654297 0.369141 0.669921 0.367188 0.671875 0.367188 0.687501 0.369141 0.689452 0.369141 0.699218 0.371094 0.701171 0.371094 0.703125 0.373047 0.705078 0.373047 0.707032 0.375001 0.708985 0.386718 0.708985 0.394531 0.701171 0.394531 0.697266 0.396484 0.695313 0.396484 0.689452 0.398437 0.687501 0.398437 0.675782 0.396484 0.673828 0.396484 0.662109 0.394531 0.660156 0.394531 0.654297 0.392577 0.652344 0.392577 0.646485 0.390624 0.644532 0.390624 0.642578 0.388671 0.640625 0.388671 0.638671 0.386718 0.63672 0.386718 0.634766 0.384767 0.632813 0.382814 0.632813 0.38086 0.630859 0.378907 0.630859
1 1 0.718751 1 0.720702 1 0.720702 1 0.722656 1 0.722656 1 0.724609 0.996094 0.724609 0.994141 0.726563 0.974608 0.726563 0.974608 0.759766 0.980468 0.759766 0.982421 0.761718 0.988281 0.761718 0.990234 0.763671 0.998047 0.763671 1 0.765625 1 0.765625 1 0.767578 1 0.767578 1 0.769532 1 0.767578 1 0.767578 1 0.765625 1 0.765625 1 0.763671 1 0.763671 1 0.761718 1 0.761718 1 0.759766 1 0.759766 1 0.757813 1 0.757813 1 0.755859 1 0.755859 1 0.746094 1 0.74414 1 0.734375 1 0.732421 1 0.732421 1 0.724609 1 0.724609 1 0.720702 1 0.720702
1 0.166015 0.603516 0.164064 0.60547 0.160157 0.60547 0.158204 0.607421 0.154297 0.607421 0.152344 0.609375 0.152344 0.611328 0.150391 0.613282 0.150391 0.626952 0.148438 0.628906 0.148438 0.644532 0.181641 0.644532 0.183594 0.646485 0.214843 0.646485 0.216797 0.648437 0.25 0.648437 0.251953 0.65039 0.253906 0.648437 0.255859 0.648437 0.255859 0.644532 0.257813 0.642578 0.257813 0.634766 0.259766 0.632813 0.259766 0.615235 0.255859 0.611328 0.253906 0.611328 0.248046 0.60547 0.167968 0.60547
0 0.726562 0.644532 0.724609 0.646485 0.712892 0.646485 0.710938 0.648437 0.710938 0.65039 0.708985 0.652344 0.708985 0.654297 0.707032 0.656251 0.707032 0.658202 0.705079 0.660156 0.705079 0.664063 0.703125 0.666016 0.703125 0.667968 0.701172 0.669921 0.701172 0.68164 0.705079 0.68164 0.707032 0.683594 0.708985 0.683594 0.710938 0.685547 0.724609 0.685547 0.726562 0.683594 0.748048 0.683594 0.750001 0.68164 0.767578 0.68164 0.769531 0.679687 0.773438 0.679687 0.775391 0.677735 0.779297 0.677735 0.781251 0.675782 0.781251 0.673828 0.785157 0.669921 0.785157 0.664063 0.783204 0.662109 0.783204 0.656251 0.773438 0.646485 0.757812 0.646485 0.755858 0.644532
0 0.156251 0.941406 0.154297 0.94336 0.146484 0.94336 0.138671 0.951172 0.138671 0.958984 0.136718 0.960937 0.136718 0.986329 0.138671 0.988282 0.138671 1 0.140625 1 0.140625 1 0.142578 1 0.142578 1 0.144531 1 0.144531 1 0.146484 1 0.148438 1 0.152344 1 0.16211 1 0.164064 1 0.166015 1 0.167968 1 0.171874 1 0.173828 1 0.173828 1 0.175781 1 0.175781 1 0.173828 1 0.173828 0.998048 0.171874 0.996094 0.171874 0.988282 0.169921 0.986329 0.169921 0.957032 0.167968 0.955079 0.167968 0.951172 0.166015 0.949218 0.166015 0.947266 0.164064 0.947266 0.160157 0.94336 0.158204 0.94336
1 0.791015 0.759766 0.789061 0.761718 0.769531 0.761718 0.767578 0.763671 0.750001 0.763671 0.748048 0.765625 0.728515 0.765625 0.726562 0.767578 0.708985 0.767578 0.707032 0.769532 0.679686 0.769532 0.677736 0.767578 0.669923 0.767578 0.667969 0.765625 0.666016 0.767578 0.642577 0.767578 0.640626 0.769532 0.63672 0.769532 0.634766 0.771483 0.632813 0.771483 0.63086 0.773437 0.626953 0.773437 0.626953 0.77539 0.625 0.777344 0.625 0.781251 0.623047 0.783202 0.623047 0.789063 0.625 0.791016 0.625 0.796875 0.626953 0.798828 0.628907 0.798828 0.634766 0.804687 0.68164 0.804687 0.683593 0.80664 0.720702 0.80664 0.722656 0.808594 0.761718 0.808594 0.763671 0.810547 0.800781 0.810547 0.802734 0.812501 0.802734 0.810547 0.804687 0.808594 0.804687 0.804687 0.806641 0.802734 0.806641 0.798828 0.808594 0.796875 0.808594 0.791016 0.810547 0.789063 0.810547 0.785156 0.8125 0.783202 0.8125 0.779297 0.814454 0.777344 0.814454 0.773437 0.816407 0.771483 0.816407 0.769532 0.8125 0.769532 0.810547 0.767578 0.808594 0.767578 0.806641 0.765625 0.802734 0.765625 0.800781 0.763671 0.798828 0.763671 0.796874 0.761718 0.792968 0.761718
0 0.835937 0.972656 0.835937 0.97461 0.833984 0.976563 0.833984 0.978515 0.832031 0.980468 0.832031 0.992187 0.830077 0.994141 0.830077 1 0.832031 1 0.832031 1 0.833984 1 0.833984 1 0.839844 1 0.839844 1 0.841797 1 0.851563 1 0.86328 1 0.86328 1 0.865233 1 0.865233 0.994141 0.86328 0.992187 0.86328 0.988282 0.861329 0.986329 0.861329 0.982422 0.859376 0.980468 0.859376 0.978515 0.857423 0.978515 0.855469 0.976563 0.853516 0.976563 0.851563 0.97461 0.84961 0.97461 0.847656 0.972656
0 0.953125 0.988282 0.951172 0.990234 0.949218 0.990234 0.947265 0.992187 0.945312 0.992187 0.943359 0.994141 0.941405 0.994141 0.939452 0.996094 0.939452 0.998048 0.935546 1 0.935546 1 0.933595 1 0.933595 1 0.935546 1 0.935546 1 0.937499 1 0.937499 1 0.939452 1 0.955078 1 0.962891 1 0.962891 1 0.964844 1 0.964844 1 0.966798 1 0.966798 1 0.964844 1 0.964844 1 0.962891 1 0.962891 1 0.960938 1 0.960938 0.999999 0.958985 0.998048 0.958985 0.996094 0.957031 0.994141 0.957031 0.992187
0 0.324218 0.945313 0.322265 0.947266 0.322265 0.949218 0.320312 0.951172 0.320312 0.953125 0.318359 0.955079 0.318359 0.957032 0.316405 0.958984 0.316405 0.962891 0.314452 0.964844 0.314452 0.970703 0.312499 0.972656 0.312499 0.998048 0.310548 0.999999 0.310548 1 0.308595 1 0.308595 1 0.310548 1 0.310548 1 0.312499 1 0.312499 1 0.314452 1 0.322265 1 0.324218 1 0.333985 1 0.335938 1 0.337891 1 0.339844 1 0.343751 1 0.345704 1 0.347657 1 0.347657 1 0.349608 1 0.349608 1 0.351562 1 0.351562 1 0.349608 0.999999 0.349608 0.994141 0.347657 0.992187 0.347657 0.976563 0.345704 0.97461 0.345704 0.962891 0.343751 0.960937 0.343751 0.958984 0.341798 0.957032 0.341798 0.955079 0.339844 0.953125 0.339844 0.951172 0.337891 0.949218 0.337891 0.947266 0.326172 0.947266
1 0.759765 0.498047 0.757812 0.500001 0.755858 0.500001 0.753905 0.501954 0.753905 0.503906 0.751954 0.505859 0.732422 0.505859 0.732422 0.529297 0.734375 0.531251 0.734375 0.537109 0.736328 0.539063 0.738282 0.539063 0.740235 0.541016 0.742188 0.541016 0.744141 0.54297 0.750001 0.54297 0.751954 0.544921 0.841797 0.544921 0.841797 0.501954 0.8125 0.501954 0.810547 0.500001 0.783204 0.500001 0.781251 0.498047
0 0.63086 0.947266 0.625 0.953125 0.623047 0.953125 0.61914 0.957032 0.61914 0.958984 0.617187 0.960937 0.617187 0.966798 0.615234 0.968749 0.615234 0.978515 0.613281 0.980468 0.613281 1 0.615234 1 0.615234 1 0.617187 1 0.61914 1 0.623047 1 0.625 1 0.626953 1 0.628907 1 0.63086 1 0.642577 1 0.642577 1 0.64453 1 0.64453 1 0.646483 1 0.646483 1 0.648437 1 0.648437 1 0.646483 1 0.646483 0.982422 0.64453 0.980468 0.64453 0.968749 0.642577 0.966798 0.642577 0.958984 0.640626 0.957032 0.640626 0.951172 0.638673 0.949218 0.638673 0.947266
0 0.716796 0.966798 0.714845 0.968749 0.710938 0.968749 0.708985 0.970703 0.705079 0.970703 0.705079 0.972656 0.703125 0.97461 0.703125 0.976563 0.701172 0.978515 0.701172 0.980468 0.699219 0.982422 0.699219 0.986329 0.697266 0.988282 0.697266 0.992187 0.695312 0.994141 0.695312 0.998048 0.693359 0.999999 0.693359 1 0.691406 1 0.691406 1 0.693359 1 0.693359 1 0.695312 1 0.695312 1 0.699219 1 0.699219 1 0.701172 1 0.724609 1 0.724609 1 0.726562 1 0.726562 1 0.728515 1 0.728515 0.988282 0.726562 0.986329 0.726562 0.980468 0.724609 0.978515 0.724609 0.97461
0 0.541015 0.955079 0.539062 0.957032 0.533202 0.957032 0.533202 0.958984 0.531251 0.960937 0.531251 0.964844 0.529298 0.966798 0.529298 0.968749 0.527345 0.970703 0.527345 0.980468 0.525391 0.982422 0.525391 1 0.527345 1 0.527345 1 0.529298 1 0.529298 1 0.531251 1 0.535155 1 0.537109 1 0.541015 1 0.542968 1 0.554688 1 0.556641 1 0.556641 1 0.558594 1 0.558594 1 0.560548 1 0.560548 1 0.562501 1 0.562501 1 0.564454 1 0.564454 1 0.562501 1 0.562501 0.994141 0.560548 0.992187 0.560548 0.984375 0.558594 0.982422 0.558594 0.976563 0.556641 0.97461 0.556641 0.968749 0.554688 0.966798 0.554688 0.960937 0.552735 0.958984 0.552735 0.957032 0.542968 0.957032
1 1 0.535156 1 0.537109 1 0.537109 1 0.539063 1 0.539063 1 0.541016 1 0.541016 1 0.54297 0.978515 0.54297 0.978515 0.552735 0.976562 0.554687 0.976562 0.572266 0.974608 0.57422 0.974608 0.583985 1 0.583985 1 0.582032 1 0.582032 1 0.580078 1 0.580078 1 0.578125 1 0.578125 1 0.535156