0 0.554685 0.751954 0.550782 0.755861 0.548831 0.755861 0.552734 0.759764 0.552734 0.76172 0.554685 0.763671 0.554685 0.765623 0.558595 0.76172 0.558595 0.753905 0.556644 0.753905
0 0.714844 0.36914 0.714844 0.371096 0.712892 0.373047 0.712892 0.378906 0.710941 0.380858 0.710941 0.382814 0.716795 0.382814 0.716795 0.380858 0.718754 0.378906 0.718754 0.374999 0.720705 0.373047 0.720705 0.371096 0.716795 0.371096
0 0.81641 0.234377 0.810548 0.240236 0.810548 0.246095 0.8125 0.248046 0.8125 0.250002 0.818361 0.244139 0.818361 0.23828 0.81641 0.236329
0 0.632813 0.535158 0.632813 0.537109 0.630862 0.53906 0.630862 0.544924 0.628903 0.546875 0.628903 0.548827 0.636716 0.548827 0.636716 0.542968 0.638674 0.541017 0.638674 0.537109 0.634764 0.537109
0 0.785159 0.224611 0.785159 0.226562 0.7832 0.228514 0.7832 0.23047 0.781249 0.232421 0.7832 0.234377 0.7832 0.236329 0.78711 0.240236 0.78711 0.236329 0.789061 0.234377 0.789061 0.224611
0 0.880856 0.009766 0.876953 0.013674 0.876953 0.019533 0.878905 0.021484 0.878905 0.023435 0.880856 0.021484 0.884766 0.021484 0.886717 0.019533 0.886717 0.017577 0.888669 0.015625 0.886717 0.013674 0.886717 0.011718 0.882815 0.011718
0 0.597659 0.615235 0.597659 0.617186 0.595701 0.619142 0.595701 0.621094 0.593749 0.623045 0.593749 0.625001 0.591798 0.626952 0.591798 0.632811 0.589846 0.634767 0.589846 0.636719 0.591798 0.63867 0.591798 0.640626 0.593749 0.642578 0.595701 0.640626 0.59961 0.640626 0.59961 0.63867 0.601562 0.636719 0.601562 0.632811 0.603513 0.63086 0.603513 0.625001 0.605472 0.623045 0.605472 0.619142 0.603513 0.619142 0.601562 0.617186 0.59961 0.617186
0 0.871092 0.056642 0.863279 0.064452 0.865238 0.066408 0.865238 0.068359 0.867189 0.070311 0.867189 0.072267 0.871092 0.068359 0.871092 0.064452 0.873043 0.062501 0.873043 0.060549 0.871092 0.058593
0 0.791013 0.191404 0.789061 0.193361 0.789061 0.195312 0.78711 0.197263 0.78711 0.199219 0.785159 0.201171 0.785159 0.203127 0.7832 0.205078 0.7832 0.20703 0.785159 0.208986 0.785159 0.210937 0.78711 0.208986 0.791013 0.208986 0.791013 0.20703 0.792971 0.205078 0.792971 0.201171 0.794923 0.199219 0.794923 0.197263 0.796874 0.195312 0.796874 0.193361 0.792971 0.193361
0 0.638674 0.550783 0.638674 0.552734 0.636716 0.554686 0.636716 0.558593 0.634764 0.560549 0.634764 0.562501 0.640626 0.562501 0.640626 0.556642 0.642577 0.554686 0.642577 0.550783
0 0.501954 0.886716 0.500003 0.888673 0.500003 0.890624 0.496093 0.894531 0.496093 0.896483 0.494142 0.898439 0.496093 0.90039 0.498044 0.90039 0.501954 0.904298 0.503906 0.902342 0.503906 0.90039 0.505857 0.898439 0.505857 0.894531 0.507816 0.89258 0.507816 0.890624 0.505857 0.890624