0 0.755863 0.638675 0.755863 0.640628 0.753905 0.642581 0.753905 0.646486 0.755863 0.648439 0.755863 0.652344 0.757812 0.654297 0.757812 0.65625 0.759762 0.658203 0.759762 0.662109 0.76172 0.664061 0.76172 0.666014 0.771484 0.666014 0.777341 0.660156 0.775392 0.658203 0.775392 0.65625 0.773433 0.654297 0.773433 0.652344 0.769535 0.648439 0.769535 0.646486 0.767576 0.644533 0.767576 0.642581 0.765627 0.640628 0.76172 0.640628 0.759762 0.638675
0 0.900388 0.958986 0.898439 0.960938 0.892582 0.960938 0.892582 0.962891 0.890624 0.964844 0.890624 0.970702 0.892582 0.972655 0.892582 0.980466 0.894531 0.982419 0.894531 0.986325 0.896481 0.988277 0.896481 0.99023 0.904296 0.99023 0.908203 0.986325 0.910153 0.986325 0.912111 0.984372 0.912111 0.982419 0.91406 0.980466 0.912111 0.978513 0.912111 0.976561 0.910153 0.974608 0.910153 0.972655 0.908203 0.970702 0.908203 0.96875 0.906254 0.966797 0.906254 0.964844 0.904296 0.962891 0.904296 0.960938 0.902346 0.960938
0 0.029293 0.837895 0.027344 0.839848 0.025394 0.839848 0.023436 0.841801 0.021486 0.841801 0.019528 0.843754 0.017579 0.843754 0.015621 0.845706 0.013671 0.845706 0.011722 0.847659 0.009764 0.847659 0.007814 0.849612 0.005857 0.849612 0.003907 0.851564 0.001949 0.851564 0 0.853517 0 0.853517 0 0.85547 0 0.857423 0 0.859375 0.003907 0.859375 0.005857 0.861328 0.007814 0.861328 0.009764 0.863281 0.015621 0.863281 0.019528 0.859375 0.021486 0.859375 0.025394 0.85547 0.027344 0.85547 0.029293 0.853517 0.029293 0.849612 0.031251 0.847659 0.031251 0.843754 0.029293 0.841801
0 0.001949 0.43555 0 0.437502 0 0.437502 0 0.445313 0 0.447266 0 0.449219 0 0.451172 0 0.453125 0 0.455077 0 0.45703 0 0.458983 0 0.460936 0.001949 0.462888 0.001949 0.464841 0.003907 0.466794 0.003907 0.468747 0.011722 0.468747 0.015621 0.464841 0.015621 0.462888 0.013671 0.460936 0.013671 0.458983 0.011722 0.45703 0.011722 0.455077 0.009764 0.453125 0.009764 0.451172 0.007814 0.449219 0.007814 0.447266 0.005857 0.445313 0.005857 0.443361 0.003907 0.441408 0.003907 0.439455 0.001949 0.437502
0 0.749997 0.785152 0.748048 0.787114 0.74609 0.787114 0.74414 0.789066 0.742191 0.789066 0.742191 0.791019 0.74414 0.792972 0.74414 0.796878 0.74609 0.798831 0.74609 0.800783 0.748048 0.802736 0.748048 0.806641 0.749997 0.808594 0.749997 0.8125 0.751955 0.814453 0.751955 0.816406 0.753905 0.816406 0.755863 0.818358 0.763669 0.818358 0.763669 0.816406 0.765627 0.814453 0.765627 0.810547 0.763669 0.808594 0.763669 0.804689 0.76172 0.802736 0.76172 0.798831 0.759762 0.796878 0.759762 0.792972 0.757812 0.791019 0.757812 0.789066 0.755863 0.787114 0.755863 0.785152
0 0.873044 0.939449 0.871095 0.941411 0.865238 0.941411 0.865238 0.943363 0.86328 0.945316 0.86328 0.947269 0.865238 0.949222 0.865238 0.951174 0.867188 0.953127 0.867188 0.95508 0.871095 0.958986 0.871095 0.960938 0.873044 0.962891 0.873044 0.964844 0.875002 0.966797 0.88086 0.966797 0.882809 0.964844 0.888674 0.964844 0.888674 0.958986 0.886716 0.957033 0.886716 0.95508 0.882809 0.951174 0.882809 0.949222 0.87891 0.945316 0.87891 0.943363 0.876952 0.941411 0.875002 0.941411
0 0.589842 0.121097 0.587892 0.12305 0.585934 0.12305 0.583985 0.125003 0.582035 0.125003 0.580077 0.126956 0.57617 0.126956 0.57422 0.128908 0.572262 0.128908 0.570313 0.130862 0.568363 0.130862 0.568363 0.132814 0.566405 0.134767 0.566405 0.138672 0.568363 0.140625 0.568363 0.142578 0.57422 0.142578 0.57617 0.140625 0.578128 0.140625 0.580077 0.138672 0.582035 0.138672 0.583985 0.13672 0.587892 0.13672 0.589842 0.134767 0.5918 0.134767 0.5918 0.126956 0.589842 0.125003
0 0.164062 0.957033 0.160155 0.960938 0.160155 0.962891 0.158206 0.964844 0.158206 0.96875 0.160155 0.970702 0.160155 0.976561 0.162113 0.978513 0.162113 0.984372 0.164062 0.986325 0.164062 0.99023 0.169919 0.996098 0.183591 0.996098 0.183591 0.994145 0.185549 0.992192 0.185549 0.986325 0.183591 0.984372 0.183591 0.978513 0.181642 0.976561 0.181642 0.972655 0.179684 0.970702 0.179684 0.964844 0.177734 0.962891 0.177734 0.958986 0.171878 0.958986 0.169919 0.957033
0 0.029293 0.818358 0.027344 0.820311 0.025394 0.820311 0.023436 0.822264 0.019528 0.822264 0.017579 0.824216 0.015621 0.824216 0.013671 0.826169 0.009764 0.826169 0.007814 0.828122 0.005857 0.828122 0.003907 0.830075 0 0.830075 0 0.832027 0 0.833981 0 0.835933 0 0.837895 0.001949 0.843754 0.003907 0.841801 0.005857 0.841801 0.007814 0.839848 0.011722 0.839848 0.013671 0.837895 0.015621 0.837895 0.017579 0.835933 0.019528 0.835933 0.021486 0.833981 0.023436 0.833981 0.025394 0.832027 0.029293 0.832027 0.031251 0.830075 0.0332 0.830075 0.0332 0.828122 0.031251 0.826169 0.031251 0.822264 0.029293 0.820311
0 0.730468 0.486331 0.728519 0.488284 0.720704 0.488284 0.720704 0.490237 0.722653 0.492189 0.722653 0.494142 0.724611 0.496095 0.724611 0.498048 0.726561 0.5 0.726561 0.501953 0.728519 0.503906 0.728519 0.505859 0.730468 0.507812 0.730468 0.509764 0.732418 0.511717 0.732418 0.51367 0.734376 0.515623 0.734376 0.517576 0.736325 0.515623 0.74414 0.515623 0.74414 0.511717 0.742191 0.509764 0.742191 0.507812 0.740233 0.505859 0.740233 0.503906 0.738283 0.501953 0.738283 0.5 0.736325 0.498048 0.736325 0.496095 0.734376 0.494142 0.734376 0.492189 0.732418 0.490237 0.732418 0.488284
0 0.771484 0.630855 0.769535 0.632817 0.769535 0.634769 0.767576 0.636722 0.769535 0.638675 0.769535 0.640628 0.771484 0.642581 0.771484 0.644533 0.773433 0.646486 0.773433 0.648439 0.775392 0.650392 0.775392 0.652344 0.777341 0.654297 0.777341 0.65625 0.779299 0.658203 0.787106 0.658203 0.789063 0.65625 0.789063 0.654297 0.791013 0.652344 0.789063 0.650392 0.789063 0.648439 0.787106 0.646486 0.787106 0.644533 0.785156 0.642581 0.785156 0.640628 0.783206 0.638675 0.783206 0.636722 0.781249 0.634769 0.781249 0.632817 0.779299 0.630855
0 0.554691 0.13672 0.552733 0.138672 0.546876 0.138672 0.539061 0.146483 0.539061 0.154295 0.541019 0.156248 0.542969 0.156248 0.546876 0.160153 0.562498 0.144531 0.564456 0.144531 0.564456 0.138672 0.562498 0.138672 0.560548 0.13672
0 0.806643 0.617185 0.802735 0.621091 0.802735 0.623044 0.804685 0.624996 0.804685 0.628902 0.806643 0.630855 0.806643 0.632817 0.808592 0.634769 0.808592 0.638675 0.81055 0.640628 0.81055 0.644533 0.8125 0.646486 0.8125 0.648439 0.816407 0.648439 0.816407 0.646486 0.818357 0.644533 0.818357 0.642581 0.820315 0.640628 0.820315 0.638675 0.818357 0.636722 0.818357 0.634769 0.816407 0.632817 0.816407 0.628902 0.814449 0.626949 0.814449 0.623044 0.8125 0.621091 0.8125 0.619138 0.808592 0.619138
0 0.8125 0.900393 0.808592 0.904299 0.808592 0.906251 0.81055 0.908204 0.81055 0.91211 0.8125 0.914063 0.8125 0.919921 0.814449 0.921874 0.814449 0.925779 0.816407 0.927732 0.816407 0.929685 0.818357 0.929685 0.820315 0.931638 0.822264 0.931638 0.824222 0.93359 0.828121 0.93359 0.833987 0.927732 0.833987 0.925779 0.832029 0.923826 0.832029 0.921874 0.830079 0.919921 0.830079 0.917968 0.828121 0.916015 0.828121 0.914063 0.826172 0.91211 0.826172 0.910157 0.824222 0.908204 0.824222 0.906251 0.822264 0.904299 0.822264 0.902346 0.814449 0.902346
0 0.015621 0.892582 0.013671 0.894535 0.007814 0.894535 0.007814 0.89844 0.005857 0.900393 0.005857 0.904299 0.007814 0.906251 0.009764 0.906251 0.017579 0.914063 0.019528 0.914063 0.023436 0.917968 0.025394 0.916015 0.031251 0.916015 0.031251 0.914063 0.0332 0.91211 0.0332 0.910157 0.035158 0.908204 0.029293 0.902346 0.029293 0.900393 0.023436 0.894535 0.017579 0.894535
0 0.773433 0 0.765627 0 0.765627 0 0.767576 0.001951 0.767576 0.005856 0.773433 0.011714 0.777341 0.007809 0.779299 0.007809 0.785156 0.001951 0.787106 0.001951 0.789063 0 0.789063 0 0.791013 0 0.791013 0 0.787106 0 0.785156 0
0 0.730468 0.65625 0.728519 0.658203 0.726561 0.658203 0.726561 0.660156 0.724611 0.662109 0.724611 0.666014 0.726561 0.667967 0.726561 0.669919 0.728519 0.671872 0.728519 0.673825 0.730468 0.675778 0.730468 0.679683 0.732418 0.681636 0.732418 0.683598 0.734376 0.685551 0.734376 0.687504 0.736325 0.689457 0.736325 0.691409 0.738283 0.689457 0.748048 0.689457 0.749997 0.687504 0.751955 0.687504 0.751955 0.681636 0.749997 0.679683 0.749997 0.677731 0.748048 0.675778 0.748048 0.673825 0.74414 0.669919 0.74414 0.667967 0.740233 0.664061 0.740233 0.662109 0.738283 0.660156 0.738283 0.658203 0.736325 0.65625
0 0.705074 0.496095 0.703125 0.498048 0.703125 0.5 0.699217 0.503906 0.701175 0.505859 0.701175 0.507812 0.703125 0.509764 0.703125 0.511717 0.705074 0.51367 0.705074 0.515623 0.707032 0.517576 0.707032 0.519528 0.708981 0.521481 0.714847 0.521481 0.716796 0.523434 0.720704 0.519528 0.722653 0.519528 0.722653 0.511717 0.720704 0.509764 0.720704 0.507812 0.718746 0.505859 0.718746 0.503906 0.716796 0.501953 0.716796 0.5 0.714847 0.498048 0.714847 0.496095
0 0.687503 0.507812 0.685545 0.509764 0.685545 0.511717 0.681638 0.515623 0.683595 0.517576 0.683595 0.519528 0.689452 0.525386 0.689452 0.527339 0.69336 0.531254 0.69336 0.533207 0.695309 0.535159 0.701175 0.535159 0.703125 0.537112 0.708981 0.537112 0.708981 0.529301 0.707032 0.527339 0.707032 0.525386 0.703125 0.521481 0.703125 0.519528 0.701175 0.517576 0.701175 0.515623 0.697268 0.511717 0.697268 0.509764 0.695309 0.507812
0 0.533205 0.154295 0.529297 0.1582 0.527348 0.1582 0.52344 0.162106 0.521482 0.162106 0.517575 0.166011 0.515625 0.166011 0.511718 0.169926 0.509768 0.169926 0.509768 0.173831 0.50781 0.175784 0.50781 0.177737 0.519532 0.177737 0.521482 0.17969 0.531246 0.169926 0.533205 0.169926 0.539061 0.164058 0.539061 0.162106 0.541019 0.160153 0.539061 0.1582 0.539061 0.156248 0.537112 0.154295
0 0.056637 0.962891 0.054687 0.964844 0.054687 0.966797 0.052738 0.96875 0.052738 0.978513 0.054687 0.978513 0.056637 0.980466 0.058595 0.980466 0.060544 0.982419 0.062502 0.982419 0.06641 0.986325 0.068359 0.986325 0.070308 0.988277 0.072267 0.988277 0.074216 0.99023 0.076174 0.99023 0.078124 0.992192 0.080081 0.99023 0.085938 0.99023 0.085938 0.988277 0.087888 0.986325 0.087888 0.980466 0.08398 0.976561 0.082031 0.976561 0.074216 0.96875 0.072267 0.96875 0.06641 0.962891