0 0.82422 0.613278 0.820315 0.617191 0.818362 0.617191 0.814457 0.621096 0.812505 0.621096 0.812505 0.623048 0.810552 0.625001 0.810552 0.628905 0.808599 0.630858 0.808599 0.634762 0.806647 0.636723 0.806647 0.640628 0.80468 0.64258 0.80468 0.654294 0.814457 0.654294 0.81641 0.652341 0.81641 0.650389 0.820315 0.646484 0.820315 0.644532 0.82422 0.640628 0.82422 0.638675 0.830078 0.63281 0.830078 0.630858 0.83203 0.628905 0.83203 0.621096 0.830078 0.619144 0.830078 0.617191 0.828125 0.615231 0.828125 0.613278
0 0.064448 0.77734 0.060543 0.781253 0.060543 0.783205 0.05859 0.785158 0.05859 0.78711 0.056638 0.789062 0.056638 0.791014 0.054686 0.792967 0.054686 0.794919 0.052733 0.796871 0.052733 0.798832 0.050781 0.800784 0.052733 0.802737 0.052733 0.804689 0.054686 0.806641 0.054686 0.808594 0.064448 0.808594 0.064448 0.806641 0.066401 0.804689 0.066401 0.800784 0.068353 0.798832 0.068353 0.796871 0.070306 0.794919 0.070306 0.791014 0.072273 0.789062 0.072273 0.785158 0.074225 0.783205 0.074225 0.781253 0.072273 0.779301 0.072273 0.77734
0 0.625006 0.669921 0.623054 0.671873 0.621087 0.671873 0.619134 0.673825 0.617182 0.673825 0.617182 0.675778 0.619134 0.677738 0.619134 0.679691 0.621087 0.681643 0.621087 0.683595 0.625006 0.683595 0.626959 0.685548 0.632816 0.685548 0.634769 0.6875 0.638674 0.6875 0.640626 0.689452 0.648437 0.689452 0.652341 0.685548 0.652341 0.681643 0.650389 0.679691 0.650389 0.677738 0.646484 0.677738 0.644531 0.675778 0.638674 0.675778 0.636721 0.673825 0.632816 0.673825 0.630864 0.671873 0.626959 0.671873
1 0.214849 0.847657 0.212897 0.849609 0.207025 0.849609 0.207025 0.851561 0.205072 0.853514 0.205072 0.857418 0.20312 0.859379 0.20312 0.863284 0.201168 0.865236 0.201168 0.869141 0.199215 0.871093 0.199215 0.873045 0.197262 0.874997 0.197262 0.878902 0.19531 0.880863 0.19531 0.884768 0.193357 0.88672 0.193357 0.890624 0.191405 0.892577 0.191405 0.904299 0.197262 0.910156 0.205072 0.910156 0.207025 0.912108 0.207025 0.910156 0.208978 0.908204 0.208978 0.906251 0.210944 0.904299 0.210944 0.900394 0.212897 0.898434 0.212897 0.896481 0.214849 0.894529 0.214849 0.890624 0.216802 0.888672 0.216802 0.88672 0.218754 0.884768 0.218754 0.880863 0.220707 0.878902 0.220707 0.87695 0.222659 0.874997 0.222659 0.871093 0.224612 0.869141 0.224612 0.867188 0.226564 0.865236 0.226564 0.853514 0.224612 0.851561 0.224612 0.849609 0.222659 0.847657
0 0.193357 0.628905 0.191405 0.630858 0.185547 0.630858 0.181642 0.634762 0.181642 0.638675 0.183595 0.640628 0.183595 0.64258 0.185547 0.644532 0.1875 0.644532 0.189452 0.646484 0.191405 0.646484 0.193357 0.648437 0.197262 0.648437 0.199215 0.650389 0.201168 0.650389 0.20312 0.652341 0.205072 0.652341 0.207025 0.654294 0.212897 0.654294 0.212897 0.652341 0.214849 0.650389 0.214849 0.648437 0.212897 0.646484 0.212897 0.644532 0.210944 0.64258 0.208978 0.64258 0.201168 0.634762 0.199215 0.634762
0 0.779298 0.736324 0.777345 0.738285 0.775393 0.738285 0.77344 0.740238 0.769536 0.740238 0.76563 0.744142 0.771488 0.749999 0.77344 0.749999 0.775393 0.751951 0.777345 0.751951 0.78125 0.755856 0.783203 0.755856 0.785155 0.757808 0.787108 0.757808 0.78906 0.759769 0.79687 0.759769 0.798823 0.761721 0.802728 0.757808 0.80468 0.757808 0.80468 0.753904 0.802728 0.751951 0.802728 0.749999 0.800776 0.749999 0.79687 0.746094 0.794918 0.746094 0.792965 0.744142 0.791013 0.744142 0.78906 0.74219 0.787108 0.74219 0.783203 0.738285 0.78125 0.738285
0 0.033208 0.24414 0.031256 0.246092 0.031256 0.248045 0.02735 0.251949 0.02735 0.25391 0.025384 0.255862 0.025384 0.257815 0.023431 0.259767 0.023431 0.261719 0.021479 0.263671 0.021479 0.265624 0.019526 0.267576 0.019526 0.275394 0.021479 0.275394 0.023431 0.277346 0.025384 0.277346 0.02735 0.279298 0.02735 0.277346 0.029303 0.275394 0.029303 0.273441 0.031256 0.271481 0.031256 0.269528 0.033208 0.267576 0.033208 0.265624 0.035161 0.263671 0.035161 0.261719 0.037113 0.259767 0.037113 0.257815 0.039066 0.255862 0.039066 0.25391 0.041018 0.251949 0.041018 0.248045 0.037113 0.24414
0 0.117181 0.746094 0.117181 0.748047 0.115228 0.749999 0.115228 0.751951 0.113276 0.753904 0.113276 0.759769 0.111323 0.761721 0.111323 0.767578 0.109371 0.769531 0.109371 0.773435 0.111323 0.775388 0.111323 0.779301 0.117181 0.779301 0.119147 0.77734 0.1211 0.77734 0.1211 0.773435 0.123052 0.771483 0.123052 0.761721 0.125005 0.759769 0.125005 0.753904 0.123052 0.751951 0.123052 0.748047 0.1211 0.748047 0.119147 0.746094
0 0.1875 0.923831 0.185547 0.925783 0.181642 0.925783 0.179689 0.927735 0.175785 0.927735 0.173832 0.929688 0.169927 0.929688 0.167974 0.93164 0.16407 0.93164 0.16015 0.935544 0.158197 0.935544 0.156245 0.937497 0.162103 0.943362 0.16407 0.94141 0.169927 0.94141 0.17188 0.939449 0.177737 0.939449 0.179689 0.937497 0.183595 0.937497 0.185547 0.935544 0.191405 0.935544 0.191405 0.93164 0.193357 0.929688 0.193357 0.925783 0.189452 0.925783
1 0.332029 0.683595 0.326171 0.689452 0.326171 0.699222 0.328124 0.701174 0.328124 0.703127 0.335934 0.710936 0.337886 0.710936 0.353521 0.726563 0.355474 0.726563 0.365236 0.736324 0.371093 0.736324 0.373046 0.738285 0.374998 0.736324 0.382808 0.736324 0.382808 0.73242 0.384761 0.730468 0.384761 0.726563 0.382808 0.724611 0.382808 0.722658 0.374998 0.714841 0.373046 0.714841 0.353521 0.695309 0.351568 0.695309 0.339839 0.683595
0 0.150387 0.708984 0.148435 0.710936 0.14453 0.710936 0.14453 0.712888 0.142578 0.714841 0.142578 0.718754 0.14453 0.720706 0.14453 0.722658 0.146483 0.722658 0.148435 0.724611 0.150387 0.724611 0.15234 0.726563 0.154293 0.726563 0.156245 0.728515 0.158197 0.728515 0.16015 0.730468 0.162103 0.730468 0.16407 0.73242 0.166022 0.730468 0.173832 0.730468 0.173832 0.728515 0.175785 0.726563 0.175785 0.720706 0.173832 0.720706 0.17188 0.718754 0.169927 0.718754 0.167974 0.716793 0.16407 0.716793 0.162103 0.714841 0.16015 0.714841 0.158197 0.712888 0.156245 0.712888 0.154293 0.710936 0.15234 0.710936
0 0.162103 0.673825 0.158197 0.677738 0.158197 0.681643 0.16015 0.683595 0.16015 0.6875 0.162103 0.6875 0.166022 0.691404 0.167974 0.691404 0.17188 0.695309 0.173832 0.695309 0.175785 0.69727 0.181642 0.69727 0.183595 0.699222 0.185547 0.69727 0.185547 0.695309 0.1875 0.693357 0.1875 0.685548 0.185547 0.685548 0.181642 0.681643 0.179689 0.681643 0.177737 0.679691 0.175785 0.679691 0.17188 0.675778 0.169927 0.675778 0.167974 0.673825
0 0.156245 0.695309 0.15234 0.699222 0.150387 0.699222 0.15234 0.701174 0.15234 0.703127 0.154293 0.705079 0.156245 0.705079 0.158197 0.707031 0.16015 0.707031 0.162103 0.708984 0.16407 0.708984 0.167974 0.712888 0.169927 0.712888 0.17188 0.714841 0.173832 0.714841 0.175785 0.716793 0.177737 0.714841 0.181642 0.714841 0.181642 0.705079 0.179689 0.705079 0.177737 0.703127 0.175785 0.703127 0.173832 0.701174 0.17188 0.701174 0.169927 0.699222 0.167974 0.699222 0.166022 0.69727 0.16407 0.69727 0.162103 0.695309
0 0.355474 0.996091 0.347663 1 0.345696 1 0.341791 1 0.339839 1 0.337886 1 0.335934 1 0.330076 1 0.333982 1 0.333982 1 0.335934 1 0.343744 1 0.345696 1 0.347663 1 0.351568 1 0.353521 1 0.355474 1 0.357426 1 0.361331 1 0.363284 1 0.363284 1 0.365236 1 0.365236 1 0.363284 0.999996 0.363284 0.998044 0.361331 0.996091
0 0.900396 0.457035 0.896477 0.460939 0.896477 0.462891 0.894525 0.464844 0.894525 0.466796 0.892572 0.468748 0.892572 0.470701 0.89062 0.472653 0.89062 0.474605 0.888667 0.476566 0.888667 0.480471 0.89062 0.482423 0.89062 0.484375 0.900396 0.484375 0.900396 0.482423 0.902349 0.480471 0.902349 0.478518 0.904302 0.476566 0.904302 0.472653 0.906254 0.470701 0.906254 0.468748 0.908206 0.466796 0.908206 0.460939 0.904302 0.457035
0 0.660151 0.939449 0.660151 0.94141 0.658199 0.943362 0.658199 0.945314 0.656246 0.947267 0.656246 0.951171 0.654294 0.953124 0.654294 0.955076 0.652341 0.957028 0.652341 0.958981 0.654294 0.960941 0.654294 0.962894 0.660151 0.962894 0.664056 0.958981 0.664056 0.957028 0.666009 0.955076 0.666009 0.953124 0.667976 0.951171 0.667976 0.949219 0.669929 0.947267 0.669929 0.943362 0.666009 0.939449
0 0.347663 0.287108 0.345696 0.28906 0.345696 0.291012 0.343744 0.292965 0.343744 0.294925 0.341791 0.296878 0.341791 0.29883 0.339839 0.300782 0.339839 0.302735 0.337886 0.304687 0.337886 0.306639 0.335934 0.308591 0.335934 0.310544 0.333982 0.312496 0.333982 0.316409 0.332029 0.318361 0.332029 0.320314 0.333982 0.320314 0.337886 0.324218 0.345696 0.324218 0.345696 0.322266 0.347663 0.320314 0.347663 0.318361 0.349616 0.316409 0.349616 0.314457 0.351568 0.312496 0.351568 0.308591 0.353521 0.306639 0.353521 0.304687 0.355474 0.302735 0.355474 0.300782 0.357426 0.29883 0.357426 0.294925 0.355474 0.292965 0.355474 0.291012 0.351568 0.287108
0 0.15234 0.904299 0.150387 0.906251 0.14453 0.906251 0.142578 0.908204 0.138673 0.908204 0.13672 0.910156 0.130863 0.910156 0.12891 0.912108 0.126957 0.912108 0.125005 0.914061 0.1211 0.914061 0.1211 0.916013 0.123052 0.917965 0.123052 0.919926 0.125005 0.921878 0.125005 0.923831 0.13672 0.923831 0.138673 0.921878 0.142578 0.921878 0.14453 0.919926 0.148435 0.919926 0.150387 0.917965 0.154293 0.917965 0.156245 0.916013 0.16015 0.916013 0.16015 0.914061 0.162103 0.912108 0.162103 0.908204 0.16015 0.908204 0.156245 0.904299
0 0.730471 0.794919 0.724613 0.800784 0.724613 0.802737 0.722661 0.804689 0.722661 0.806641 0.720708 0.808594 0.720708 0.810546 0.718755 0.812498 0.718755 0.814451 0.716803 0.816403 0.718755 0.818355 0.718755 0.820316 0.720708 0.822268 0.720708 0.824221 0.722661 0.826173 0.722661 0.828125 0.726565 0.828125 0.728518 0.830078 0.728518 0.828125 0.730471 0.826173 0.730471 0.824221 0.732423 0.822268 0.732423 0.820316 0.734375 0.818355 0.734375 0.816403 0.736328 0.814451 0.736328 0.812498 0.738281 0.810546 0.738281 0.808594 0.740233 0.806641 0.740233 0.804689 0.742186 0.802737 0.740233 0.800784 0.740233 0.798832 0.738281 0.798832 0.734375 0.794919
0 0.095703 0.796871 0.09375 0.798832 0.09375 0.800784 0.091798 0.802737 0.091798 0.804689 0.089845 0.806641 0.089845 0.808594 0.087893 0.810546 0.087893 0.812498 0.08594 0.814451 0.08594 0.816403 0.083988 0.818355 0.083988 0.822268 0.08594 0.824221 0.08594 0.828125 0.091798 0.828125 0.09375 0.830078 0.099608 0.824221 0.099608 0.822268 0.101561 0.820316 0.101561 0.818355 0.103513 0.816403 0.103513 0.814451 0.105465 0.812498 0.105465 0.810546 0.107418 0.808594 0.107418 0.804689 0.105465 0.802737 0.105465 0.800784 0.101561 0.796871
0 0.929685 0.404297 0.927732 0.406249 0.925779 0.406249 0.923827 0.408201 0.921875 0.408201 0.921875 0.410154 0.919922 0.412106 0.919922 0.414058 0.917969 0.416019 0.917969 0.417971 0.916017 0.419924 0.916017 0.421876 0.914064 0.423828 0.914064 0.425781 0.912112 0.427733 0.912112 0.43359 0.916017 0.437503 0.921875 0.437503 0.923827 0.435551 0.923827 0.43359 0.925779 0.431638 0.925779 0.429685 0.927732 0.427733 0.927732 0.425781 0.931637 0.421876 0.931637 0.419924 0.933589 0.417971 0.933589 0.416019 0.935542 0.414058 0.935542 0.408201 0.933589 0.408201
0 0.980464 0.296878 0.976559 0.300782 0.976559 0.302735 0.974607 0.304687 0.974607 0.306639 0.972654 0.308591 0.972654 0.310544 0.970701 0.312496 0.970701 0.314457 0.968749 0.316409 0.968749 0.318361 0.966797 0.320314 0.966797 0.328123 0.972654 0.328123 0.974607 0.330075 0.976559 0.328123 0.978511 0.328123 0.978511 0.326171 0.980464 0.324218 0.980464 0.322266 0.982417 0.320314 0.982417 0.316409 0.984369 0.314457 0.984369 0.312496 0.986321 0.310544 0.986321 0.308591 0.988274 0.306639 0.988274 0.302735 0.986321 0.300782 0.986321 0.29883 0.982417 0.29883
0 0.605467 0.921878 0.603514 0.923831 0.597657 0.923831 0.595704 0.925783 0.595704 0.929688 0.597657 0.93164 0.597657 0.933592 0.599609 0.935544 0.601562 0.935544 0.605467 0.939449 0.607419 0.939449 0.609372 0.94141 0.613277 0.94141 0.61523 0.943362 0.617182 0.94141 0.623054 0.94141 0.623054 0.933592 0.619134 0.929688 0.617182 0.929688 0.61523 0.927735 0.613277 0.927735 0.609372 0.923831 0.607419 0.923831
0 0.962892 0.332028 0.957034 0.337893 0.957034 0.339845 0.955081 0.341798 0.955081 0.345702 0.953129 0.347655 0.953129 0.349607 0.951176 0.351559 0.951176 0.357425 0.953129 0.359377 0.953129 0.363281 0.960939 0.363281 0.960939 0.361329 0.962892 0.359377 0.962892 0.357425 0.964844 0.355472 0.964844 0.353511 0.966797 0.351559 0.966797 0.349607 0.968749 0.347655 0.968749 0.345702 0.970701 0.34375 0.970701 0.335941 0.966797 0.332028
0 0.642579 0.972655 0.642579 0.974607 0.640626 0.97656 0.640626 0.978512 0.638674 0.980473 0.638674 0.982425 0.636721 0.984378 0.636721 0.988282 0.634769 0.990234 0.634769 0.992187 0.632816 0.994139 0.632816 1 0.634769 1 0.636721 1 0.640626 1 0.642579 1 0.642579 0.999996 0.644531 0.998044 0.644531 0.996091 0.646484 0.994139 0.646484 0.992187 0.648437 0.990234 0.648437 0.988282 0.650389 0.98633 0.650389 0.984378 0.652341 0.982425 0.652341 0.97656 0.650389 0.97656 0.648437 0.974607 0.646484 0.974607 0.644531 0.972655
0 0 0.888672 0 0.900394 0 0.900394 0 0.902347 0 0.902347 0 0.904299 0 0.904299 0 0.908204 0 0.908204 0 0.910156 0 0.910156 0 0.912108 0 0.912108 0 0.914061 0.000001 0.914061 0.000001 0.906251 0 0.904299 0 0.902347 0 0.902347 0 0.898434 0 0.898434 0 0.896481 0 0.896481 0 0.894529 0 0.894529 0 0.890624 0 0.890624 0 0.888672
0 0.802728 0.664064 0.800776 0.666016 0.800776 0.667968 0.798823 0.669921 0.798823 0.671873 0.79687 0.673825 0.79687 0.677738 0.794918 0.679691 0.794918 0.681643 0.792965 0.683595 0.792965 0.6875 0.791013 0.689452 0.791013 0.691404 0.792965 0.693357 0.792965 0.695309 0.794918 0.69727 0.802728 0.69727 0.80468 0.695309 0.806647 0.695309 0.806647 0.693357 0.808599 0.691404 0.808599 0.685548 0.810552 0.683595 0.810552 0.677738 0.812505 0.675778 0.812505 0.664064
0 0.947271 0.367186 0.947271 0.369138 0.945319 0.371091 0.945319 0.373043 0.943366 0.375004 0.943366 0.376956 0.9414 0.378908 0.9414 0.380861 0.939447 0.382813 0.939447 0.386718 0.9414 0.38867 0.9414 0.390622 0.943366 0.390622 0.945319 0.392575 0.947271 0.390622 0.949224 0.390622 0.949224 0.38867 0.951176 0.386718 0.951176 0.384765 0.953129 0.382813 0.953129 0.380861 0.955081 0.378908 0.955081 0.376956 0.957034 0.375004 0.957034 0.369138 0.955081 0.367186
0 0.169927 0.578128 0.167974 0.580081 0.166022 0.580081 0.16407 0.582033 0.16407 0.583985 0.162103 0.585938 0.162103 0.58789 0.16015 0.589842 0.16015 0.591794 0.158197 0.593747 0.158197 0.595699 0.156245 0.59766 0.156245 0.599612 0.154293 0.601564 0.154293 0.603517 0.158197 0.607421 0.16407 0.607421 0.16407 0.605469 0.166022 0.603517 0.166022 0.601564 0.167974 0.599612 0.167974 0.59766 0.169927 0.595699 0.169927 0.593747 0.17188 0.591794 0.17188 0.589842 0.173832 0.58789 0.173832 0.580081 0.17188 0.578128
0 0.78906 0.617191 0.787108 0.619144 0.78125 0.619144 0.78125 0.621096 0.779298 0.623048 0.779298 0.625001 0.777345 0.626953 0.777345 0.628905 0.775393 0.630858 0.775393 0.63281 0.77344 0.634762 0.77344 0.640628 0.771488 0.64258 0.771488 0.644532 0.77344 0.644532 0.777345 0.648437 0.783203 0.64258 0.783203 0.640628 0.785155 0.638675 0.785155 0.636723 0.787108 0.634762 0.787108 0.63281 0.78906 0.630858 0.78906 0.628905 0.791013 0.626953 0.791013 0.619144
0 0.19531 0.509764 0.191405 0.513668 0.189452 0.513668 0.189452 0.515629 0.1875 0.517581 0.1875 0.519534 0.185547 0.521486 0.185547 0.523438 0.183595 0.525391 0.183595 0.527343 0.181642 0.529295 0.181642 0.531248 0.179689 0.5332 0.179689 0.541018 0.181642 0.541018 0.185547 0.544922 0.1875 0.54297 0.191405 0.54297 0.193357 0.541018 0.193357 0.539065 0.19531 0.537113 0.19531 0.535152 0.197262 0.5332 0.197262 0.529295 0.199215 0.527343 0.199215 0.525391 0.201168 0.523438 0.201168 0.521486 0.20312 0.519534 0.20312 0.517581 0.201168 0.515629 0.201168 0.513668 0.197262 0.509764
0 0.201168 0.935544 0.199215 0.937497 0.197262 0.937497 0.19531 0.939449 0.191405 0.939449 0.189452 0.94141 0.1875 0.94141 0.185547 0.943362 0.181642 0.943362 0.179689 0.945314 0.177737 0.945314 0.179689 0.945314 0.181642 0.947267 0.1875 0.947267 0.189452 0.949219 0.191405 0.947267 0.197262 0.947267 0.199215 0.945314 0.207025 0.945314 0.207025 0.94141 0.208978 0.939449 0.208978 0.937497 0.207025 0.935544
0 0.230469 0.519534 0.224612 0.525391 0.224612 0.527343 0.222659 0.529295 0.222659 0.531248 0.220707 0.5332 0.220707 0.537113 0.218754 0.539065 0.218754 0.541018 0.216802 0.54297 0.216802 0.546875 0.214849 0.548827 0.214849 0.550779 0.212897 0.552731 0.212897 0.556644 0.210944 0.558597 0.210944 0.560549 0.208978 0.562501 0.208978 0.570311 0.212897 0.570311 0.214849 0.572263 0.218754 0.568358 0.220707 0.568358 0.220707 0.566406 0.222659 0.564454 0.222659 0.562501 0.224612 0.560549 0.224612 0.558597 0.226564 0.556644 0.226564 0.554684 0.228517 0.552731 0.228517 0.550779 0.230469 0.548827 0.230469 0.546875 0.232422 0.544922 0.232422 0.54297 0.234375 0.541018 0.234375 0.539065 0.236327 0.537113 0.236327 0.535152 0.238279 0.5332 0.238279 0.531248 0.240232 0.529295 0.240232 0.523438 0.236327 0.523438 0.234375 0.521486 0.232422 0.521486
0 0.501955 0.574215 0.49805 0.578128 0.496097 0.578128 0.496097 0.583985 0.503907 0.591794 0.50586 0.589842 0.515623 0.589842 0.517575 0.58789 0.52929 0.58789 0.52929 0.585938 0.531257 0.583985 0.531257 0.582033 0.525385 0.576176 0.517575 0.576176 0.515623 0.574215
0 0.232422 0.953124 0.230469 0.955076 0.228517 0.955076 0.226564 0.957028 0.224612 0.957028 0.222659 0.958981 0.218754 0.958981 0.216802 0.960941 0.214849 0.960941 0.212897 0.962894 0.208978 0.962894 0.208978 0.964846 0.210944 0.966798 0.210944 0.968751 0.212897 0.970703 0.212897 0.972655 0.220707 0.972655 0.222659 0.970703 0.226564 0.970703 0.228517 0.968751 0.230469 0.968751 0.232422 0.966798 0.236327 0.966798 0.238279 0.964846 0.242185 0.964846 0.242185 0.962894 0.240232 0.960941 0.240232 0.957028 0.238279 0.957028 0.236327 0.955076 0.234375 0.955076
0 0.308599 0.378908 0.304693 0.382813 0.302741 0.382813 0.302741 0.384765 0.300774 0.386718 0.300774 0.38867 0.298822 0.390622 0.298822 0.394535 0.296869 0.396488 0.296869 0.39844 0.294917 0.400392 0.294917 0.406249 0.298822 0.406249 0.300774 0.408201 0.302741 0.406249 0.306646 0.406249 0.306646 0.404297 0.308599 0.402345 0.308599 0.400392 0.310551 0.39844 0.310551 0.396488 0.312503 0.394535 0.312503 0.392575 0.314456 0.390622 0.314456 0.38867 0.316409 0.386718 0.316409 0.380861 0.314456 0.378908
0 0.181642 0.646484 0.179689 0.648437 0.175785 0.648437 0.175785 0.650389 0.173832 0.652341 0.173832 0.656246 0.175785 0.658207 0.175785 0.660159 0.177737 0.660159 0.179689 0.662111 0.181642 0.662111 0.183595 0.664064 0.185547 0.664064 0.1875 0.666016 0.189452 0.666016 0.191405 0.667968 0.193357 0.667968 0.19531 0.669921 0.197262 0.667968 0.199215 0.667968 0.201168 0.666016 0.20312 0.666016 0.20312 0.664064 0.205072 0.662111 0.205072 0.660159 0.201168 0.656246 0.199215 0.656246 0.197262 0.654294 0.19531 0.654294 0.193357 0.652341 0.191405 0.652341 0.189452 0.650389 0.1875 0.650389 0.185547 0.648437 0.183595 0.648437
0 0.712884 0.830078 0.712884 0.83203 0.710931 0.833982 0.710931 0.835934 0.708979 0.837887 0.708979 0.8418 0.707026 0.843752 0.707026 0.845704 0.705074 0.847657 0.705074 0.849609 0.703121 0.851561 0.703121 0.853514 0.705074 0.855466 0.705074 0.857418 0.707026 0.859379 0.707026 0.861331 0.710931 0.861331 0.712884 0.863284 0.712884 0.861331 0.71485 0.859379 0.71485 0.857418 0.716803 0.855466 0.716803 0.853514 0.718755 0.851561 0.718755 0.847657 0.720708 0.845704 0.720708 0.843752 0.722661 0.8418 0.722661 0.83203 0.718755 0.83203 0.716803 0.830078
0 0.628911 0.869141 0.625006 0.873045 0.623054 0.873045 0.621087 0.874997 0.621087 0.87695 0.619134 0.878902 0.619134 0.880863 0.621087 0.882815 0.621087 0.88672 0.623054 0.88672 0.626959 0.890624 0.628911 0.890624 0.632816 0.894529 0.636721 0.890624 0.638674 0.890624 0.640626 0.888672 0.640626 0.88672 0.642579 0.884768 0.642579 0.882815 0.636721 0.87695 0.636721 0.874997 0.632816 0.871093 0.630864 0.871093
0 0.994146 0.843752 0.992194 0.845704 0.990241 0.845704 0.988274 0.847657 0.986321 0.847657 0.986321 0.849609 0.984369 0.851561 0.984369 0.853514 0.986321 0.855466 0.986321 0.857418 0.988274 0.859379 0.990241 0.859379 0.992194 0.861331 0.994146 0.861331 0.996099 0.863284 0.998051 0.863284 1 0.865236 1 0.865236 1 0.867188 1 0.865236 1 0.865236 1 0.863284 1 0.861331 1 0.855466 1 0.855466 1 0.851561 1 0.851561 1 0.849609 1 0.849609 0.998051 0.845704 0.996099 0.845704