0 0.13672 0.419922 0.13672 0.439455 0.138674 0.439455 0.140628 0.441405 0.14453 0.441405 0.14453 0.419922
0 0.126952 0.210936 0.126952 0.232424 0.134767 0.232424 0.13672 0.230469 0.13672 0.222655 0.134767 0.220705 0.134767 0.210936
0 0.138674 0.35547 0.13672 0.357419 0.13672 0.378907 0.140628 0.378907 0.142576 0.380862 0.146483 0.380862 0.146483 0.375002 0.14453 0.373048 0.14453 0.363284 0.142576 0.361329 0.142576 0.35547
0 0.521486 0.345701 0.519532 0.347656 0.517579 0.347656 0.515625 0.34961 0.511718 0.34961 0.509764 0.35156 0.50781 0.35156 0.50781 0.35547 0.509764 0.35547 0.511718 0.353515 0.525388 0.353515 0.525388 0.347656 0.52344 0.347656
0 0.158205 0.802734 0.158205 0.822267 0.167968 0.822267 0.167968 0.818357 0.166015 0.816407 0.166015 0.808593 0.164061 0.806638 0.164061 0.802734
0 0.423829 0.380862 0.421876 0.382812 0.419922 0.382812 0.417969 0.384766 0.416015 0.384766 0.414061 0.386721 0.412107 0.386721 0.410154 0.388671 0.408206 0.388671 0.408206 0.390626 0.410154 0.39258 0.410154 0.39453 0.412107 0.39453 0.414061 0.39258 0.419922 0.39258 0.421876 0.390626 0.427737 0.390626 0.427737 0.388671 0.429685 0.386721 0.429685 0.384766 0.427737 0.382812 0.425783 0.382812
0 0.185546 0.978514 0.183592 0.980469 0.183592 0.988283 0.181639 0.990233 0.181639 0.996092 0.183592 0.996092 0.185546 0.998047 0.1875 0.998047 0.189453 0.996092 0.191407 0.996092 0.191407 0.988283 0.189453 0.986328 0.189453 0.978514
0 0.650391 0.304685 0.648437 0.30664 0.640622 0.30664 0.638674 0.308595 0.630859 0.308595 0.630859 0.310545 0.632813 0.3125 0.634767 0.3125 0.63672 0.310545 0.652344 0.310545 0.652344 0.308595 0.650391 0.30664
1 0.832034 0.339841 0.83008 0.341796 0.822266 0.341796 0.820312 0.343751 0.812502 0.343751 0.810549 0.345701 0.802734 0.345701 0.800781 0.347656 0.792971 0.347656 0.792971 0.35156 0.794919 0.353515 0.794919 0.359374 0.796873 0.357419 0.802734 0.357419 0.804688 0.35547 0.810549 0.35547 0.812502 0.353515 0.820312 0.353515 0.822266 0.35156 0.828126 0.35156 0.83008 0.34961 0.835936 0.34961 0.835936 0.343751
0 0.197268 0.693361 0.195314 0.695311 0.193361 0.695311 0.193361 0.710939 0.20117 0.710939 0.20117 0.703125 0.203124 0.70117 0.203124 0.693361
0 0.968748 0.763673 0.966794 0.765623 0.960938 0.765623 0.958985 0.767578 0.95117 0.767578 0.95117 0.771482 0.972655 0.771482 0.972655 0.769533 0.974609 0.767578 0.972655 0.765623 0.970702 0.765623
0 0.558595 0.337892 0.556641 0.339841 0.552734 0.339841 0.550781 0.341796 0.544919 0.341796 0.544919 0.343751 0.542971 0.345701 0.542971 0.347656 0.544919 0.347656 0.546873 0.34961 0.548827 0.347656 0.554688 0.347656 0.556641 0.345701 0.564451 0.345701 0.564451 0.343751 0.566404 0.341796 0.564451 0.339841 0.564451 0.337892
0 0.888674 0.259766 0.886721 0.26172 0.884767 0.26172 0.882813 0.26367 0.880859 0.26367 0.878906 0.265625 0.876952 0.265625 0.874999 0.26758 0.874999 0.269529 0.873045 0.271484 0.878906 0.277344 0.880859 0.275389 0.882813 0.275389 0.884767 0.273439 0.886721 0.273439 0.888674 0.271484 0.890623 0.271484 0.892576 0.269529 0.89453 0.269529 0.89453 0.26758 0.896483 0.265625 0.89453 0.26367 0.892576 0.26367
0 0.753909 0.283203 0.751955 0.285158 0.740233 0.285158 0.738279 0.287107 0.738279 0.289062 0.736326 0.291017 0.738279 0.292967 0.738279 0.294922 0.742187 0.294922 0.74414 0.292967 0.746094 0.292967 0.748048 0.291017 0.751955 0.291017 0.753909 0.289062 0.755857 0.289062 0.755857 0.285158
0 0.054688 0.378907 0.054688 0.386721 0.074219 0.386721 0.074219 0.384766 0.076173 0.382812 0.076173 0.380862 0.074219 0.378907
0 0.53711 0.332032 0.535156 0.333982 0.531249 0.333982 0.529295 0.335937 0.525388 0.335937 0.525388 0.341796 0.527342 0.339841 0.541017 0.339841 0.541017 0.337892 0.542971 0.335937 0.541017 0.333982 0.541017 0.332032
1 0.828126 0.318359 0.826173 0.320314 0.818358 0.320314 0.816405 0.322263 0.808595 0.322263 0.806642 0.324218 0.798827 0.324218 0.796873 0.326173 0.789064 0.326173 0.789064 0.328123 0.791018 0.330078 0.791018 0.333982 0.792971 0.335937 0.792971 0.337892 0.794919 0.335937 0.798827 0.335937 0.800781 0.333982 0.804688 0.333982 0.806642 0.332032 0.810549 0.332032 0.812502 0.330078 0.816405 0.330078 0.818358 0.328123 0.822266 0.328123 0.824219 0.326173 0.828126 0.326173 0.83008 0.324218 0.833982 0.324218 0.833982 0.320314 0.83008 0.320314
0 0.064451 0.35156 0.062502 0.353515 0.060549 0.353515 0.058595 0.35547 0.056641 0.35547 0.056641 0.359374 0.072265 0.359374 0.072265 0.357419 0.074219 0.35547 0.072265 0.353515 0.066404 0.353515