0 0.648438 0.865236 0.648438 0.867188 0.646487 0.869141 0.646487 0.873045 0.64453 0.874998 0.64453 0.87891 0.642578 0.880862 0.642578 0.882814 0.648438 0.882814 0.650389 0.884767 0.650389 0.882814 0.652346 0.880862 0.652346 0.87695 0.654297 0.874998 0.654297 0.873045 0.656249 0.871093 0.656249 0.869141 0.654297 0.869141 0.652346 0.867188 0.650389 0.867188
0 0.183594 0.335938 0.183594 0.337891 0.181643 0.339843 0.181643 0.341795 0.183594 0.341795 0.185546 0.343748 0.187503 0.343748 0.189454 0.3457 0.191405 0.3457 0.193357 0.34766 0.195313 0.34766 0.197265 0.349612 0.197265 0.34766 0.199216 0.3457 0.199216 0.343748 0.201173 0.341795 0.201173 0.339843 0.193357 0.339843 0.191405 0.337891 0.185546 0.337891
0 0.625 0.738282 0.625 0.740235 0.623049 0.742187 0.623049 0.744139 0.621092 0.746092 0.621092 0.748044 0.61914 0.749996 0.61914 0.751956 0.623049 0.751956 0.625 0.753909 0.626951 0.751956 0.626951 0.749996 0.628908 0.748044 0.628908 0.746092 0.630859 0.744139 0.630859 0.742187 0.632811 0.740235 0.626951 0.740235
0 0.568357 0.919924 0.568357 0.923828 0.566405 0.925781 0.566405 0.931638 0.564454 0.933597 0.564454 0.937502 0.572265 0.937502 0.572265 0.919924
0 0.75 0.519532 0.748049 0.521484 0.751951 0.525389 0.753908 0.525389 0.759768 0.531253 0.759768 0.529294 0.761719 0.527341 0.759768 0.527341 0.755859 0.523437 0.753908 0.523437
0 0.234373 0.316408 0.234373 0.320312 0.232421 0.322265 0.232421 0.324217 0.240232 0.324217 0.242189 0.326169 0.248049 0.326169 0.25 0.328122 0.25 0.324217 0.251951 0.322265 0.251951 0.31836 0.23633 0.31836
0 0.666016 0.894529 0.666016 0.902345 0.664065 0.904297 0.664065 0.912107 0.667967 0.912107 0.669924 0.914059 0.669924 0.912107 0.671876 0.910155 0.671876 0.90625 0.673827 0.904297 0.673827 0.900393 0.675784 0.898441 0.675784 0.896481 0.667967 0.896481
0 0.73633 0.998047 0.73633 0.999999 0.734373 1 0.734373 1 0.732421 1 0.732421 1 0.73047 1 0.73047 1 0.732421 1 0.73633 1 0.73633 1 0.738281 1 0.738281 1 0.740232 1 0.740232 1 0.742189 1 0.742189 0.999999 0.738281 0.999999
0 0.476562 0.716799 0.474611 0.718752 0.451173 0.718752 0.451173 0.720704 0.449216 0.722656 0.449216 0.724609 0.455076 0.724609 0.457032 0.726561 0.462892 0.726561 0.464843 0.728513 0.470702 0.728513 0.472654 0.730466 0.472654 0.728513 0.474611 0.726561 0.474611 0.720704 0.476562 0.718752
0 0.804686 0.810548 0.804686 0.812501 0.802735 0.814453 0.802735 0.816405 0.800784 0.818358 0.800784 0.822263 0.798827 0.824222 0.798827 0.826174 0.796876 0.828127 0.796876 0.830079 0.798827 0.830079 0.800784 0.832032 0.802735 0.832032 0.804686 0.833984 0.804686 0.832032 0.806643 0.830079 0.806643 0.828127 0.808594 0.826174 0.808594 0.822263 0.810546 0.82031 0.810546 0.818358 0.812503 0.816405 0.812503 0.814453 0.810546 0.814453 0.808594 0.812501 0.806643 0.812501
0 0.564454 0.96289 0.564454 0.978516 0.568357 0.978516 0.570313 0.980468 0.570313 0.976564 0.572265 0.974611 0.572265 0.968747 0.574216 0.966795 0.574216 0.96289
0 0.775389 0.87891 0.773438 0.880862 0.773438 0.882814 0.771487 0.884767 0.771487 0.886719 0.767578 0.890624 0.767578 0.892576 0.765627 0.894529 0.76953 0.894529 0.771487 0.896481 0.773438 0.896481 0.775389 0.898441 0.775389 0.896481 0.777346 0.894529 0.777346 0.890624 0.779297 0.888672 0.779297 0.884767 0.781249 0.882814 0.781249 0.880862 0.777346 0.880862
0 0.773438 0.853515 0.771487 0.855467 0.771487 0.857419 0.76953 0.859372 0.76953 0.861331 0.767578 0.863284 0.767578 0.865236 0.765627 0.867188 0.765627 0.869141 0.76367 0.871093 0.767578 0.871093 0.76953 0.873045 0.773438 0.873045 0.775389 0.874998 0.775389 0.871093 0.777346 0.869141 0.777346 0.863284 0.779297 0.861331 0.779297 0.857419 0.777346 0.857419
0 0.027346 0.429688 0.027346 0.437497 0.044924 0.437497 0.046876 0.439456 0.046876 0.435545 0.048827 0.433592 0.048827 0.43164 0.029297 0.43164
0 0.36914 0.001956 0.36914 0.003908 0.367189 0.00586 0.367189 0.011717 0.365232 0.01367 0.365232 0.017582 0.363281 0.019534 0.363281 0.021486 0.371092 0.021486 0.373049 0.023439 0.373049 0.021486 0.375 0.019534 0.375 0.01367 0.376951 0.011717 0.376951 0.007813 0.378908 0.00586 0.378908 0.003908 0.371092 0.003908
0 0.113281 0.48047 0.113281 0.484375 0.11133 0.486327 0.11133 0.492185 0.109373 0.494144 0.109373 0.498049 0.117189 0.498049 0.117189 0.490232 0.119141 0.48828 0.119141 0.482423 0.115232 0.482423
0 0.496092 0.611329 0.496092 0.613281 0.49414 0.615233 0.49414 0.617186 0.492189 0.619138 0.492189 0.621091 0.490232 0.62305 0.490232 0.625002 0.488281 0.626955 0.488281 0.628907 0.490232 0.628907 0.492189 0.630859 0.49414 0.630859 0.496092 0.632812 0.501951 0.626955 0.501951 0.625002 0.509768 0.617186 0.507811 0.617186 0.50586 0.615233 0.501951 0.615233 0.5 0.613281 0.498049 0.613281
0 0.357422 0 0.351562 0 0.351562 0 0.345703 0.000003 0.347654 0.000003 0.349611 0.001956 0.351562 0.001956 0.353513 0.003908 0.35547 0.001956 0.35547 0.000003 0.36133 0 0.36133 0 0.363281 0 0.36133 0
0 0.251951 0.900393 0.25 0.902345 0.25 0.904297 0.248049 0.90625 0.248049 0.908202 0.246092 0.910155 0.246092 0.912107 0.244141 0.914059 0.244141 0.916019 0.242189 0.917971 0.251951 0.917971 0.253908 0.919924 0.253908 0.917971 0.255859 0.916019 0.255859 0.914059 0.257811 0.912107 0.257811 0.910155 0.259768 0.908202 0.259768 0.90625 0.257811 0.904297 0.255859 0.904297
0 0.197265 0.87695 0.197265 0.87891 0.195313 0.880862 0.195313 0.886719 0.193357 0.888672 0.193357 0.890624 0.199216 0.890624 0.201173 0.892576 0.205076 0.892576 0.207032 0.894529 0.207032 0.886719 0.208984 0.884767 0.208984 0.87891 0.199216 0.87891
0 0.679687 0.474606 0.679687 0.482423 0.689454 0.482423 0.691405 0.484375 0.691405 0.482423 0.693356 0.48047 0.691405 0.48047 0.689454 0.478518 0.685546 0.478518 0.683594 0.476566 0.681643 0.476566
0 0.48047 0.417966 0.48047 0.42383 0.48633 0.42383 0.488281 0.425783 0.49414 0.425783 0.496092 0.427735 0.496092 0.425783 0.498049 0.42383 0.498049 0.421878 0.5 0.419918 0.482422 0.419918
0 0.640627 0.445314 0.63867 0.447266 0.63867 0.449218 0.634768 0.453123 0.63867 0.453123 0.640627 0.455075 0.64453 0.455075 0.646487 0.457028 0.648438 0.457028 0.650389 0.458987 0.654297 0.458987 0.656249 0.46094 0.656249 0.458987 0.658206 0.457028 0.658206 0.455075 0.660156 0.453123 0.656249 0.453123 0.654297 0.451171 0.652346 0.451171 0.650389 0.449218 0.646487 0.449218 0.64453 0.447266 0.642578 0.447266
0 0.701173 0.976564 0.701173 0.978516 0.699216 0.980468 0.699216 0.982421 0.697265 0.984373 0.697265 0.986326 0.695314 0.988278 0.695314 0.990237 0.693356 0.99219 0.693356 0.994142 0.695314 0.994142 0.699216 0.998047 0.699216 0.996094 0.701173 0.994142 0.701173 0.99219 0.703124 0.990237 0.703124 0.988278 0.705076 0.986326 0.705076 0.984373 0.707032 0.982421 0.707032 0.980468 0.705076 0.980468
1 0.73047 0.484375 0.73047 0.486327 0.728513 0.48828 0.728513 0.490232 0.726562 0.492185 0.726562 0.494144 0.728513 0.494144 0.73047 0.496096 0.732421 0.496096 0.734373 0.498049 0.73633 0.498049 0.738281 0.500001 0.740232 0.500001 0.742189 0.501953 0.744141 0.501953 0.748049 0.505858 0.75 0.505858 0.751951 0.50781 0.753908 0.50781 0.755859 0.509763 0.757811 0.509763 0.759768 0.511715 0.761719 0.511715 0.76367 0.513675 0.765627 0.511715 0.765627 0.509763 0.767578 0.50781 0.767578 0.505858 0.76953 0.503906 0.76953 0.501953 0.771487 0.500001 0.767578 0.500001 0.765627 0.498049 0.76367 0.498049 0.761719 0.496096 0.757811 0.496096 0.755859 0.494144 0.751951 0.494144 0.75 0.492185 0.748049 0.492185 0.746092 0.490232 0.742189 0.490232 0.740232 0.48828 0.738281 0.48828 0.73633 0.486327 0.732421 0.486327
0 0.027346 0.425783 0.025389 0.427735 0.017578 0.427735 0.017578 0.433592 0.015627 0.435545 0.015627 0.439456 0.01953 0.439456 0.021487 0.441409 0.023438 0.441409 0.025389 0.443361 0.025389 0.429688 0.027346 0.427735
0 0.228513 0.888672 0.226562 0.890624 0.226562 0.892576 0.220703 0.898441 0.220703 0.900393 0.218751 0.902345 0.226562 0.902345 0.228513 0.904297 0.232421 0.900393 0.232421 0.898441 0.23633 0.894529 0.234373 0.892576 0.232421 0.892576
0 0.251951 0.357421 0.251951 0.36719 0.259768 0.36719 0.261719 0.369143 0.267578 0.369143 0.26953 0.371095 0.26953 0.365231 0.271487 0.363279 0.271487 0.359374 0.253908 0.359374
0 0.039065 0.503906 0.039065 0.511715 0.037108 0.513675 0.037108 0.519532 0.041016 0.519532 0.042967 0.521484 0.042967 0.51758 0.044924 0.515627 0.044924 0.509763 0.046876 0.50781 0.046876 0.505858 0.041016 0.505858
0 0.808594 0.960938 0.806643 0.96289 0.796876 0.96289 0.794924 0.964842 0.785157 0.964842 0.785157 0.972659 0.806643 0.972659 0.808594 0.974611
0 0.50586 0.996094 0.50586 1 0.503908 1 0.503908 1 0.509768 1 0.509768 1 0.511719 1 0.511719 1 0.51367 1 0.51367 0.999999 0.515627 0.998047 0.515627 0.996094
0 0.01367 0.605472 0.01367 0.607424 0.011719 0.609376 0.021487 0.609376 0.023438 0.611329 0.031249 0.611329 0.033206 0.613281 0.033206 0.611329 0.035156 0.609376 0.035156 0.607424 0.015627 0.607424
0 0.26367 0.908202 0.26367 0.910155 0.261719 0.912107 0.261719 0.914059 0.259768 0.916019 0.259768 0.917971 0.257811 0.919924 0.257811 0.921876 0.255859 0.923828 0.257811 0.923828 0.259768 0.925781 0.261719 0.925781 0.26367 0.927733 0.265627 0.925781 0.265627 0.923828 0.26953 0.919924 0.26953 0.917971 0.271487 0.916019
0 0.578124 0.919924 0.578124 0.929685 0.576173 0.931638 0.576173 0.939454 0.580076 0.939454 0.582032 0.941407 0.582032 0.937502 0.583984 0.93555 0.583984 0.929685 0.585935 0.927733 0.585935 0.923828 0.583984 0.923828 0.582032 0.921876 0.580076 0.921876
0 0.076173 0.257815 0.074216 0.259768 0.068357 0.259768 0.066405 0.26172 0.060546 0.26172 0.060546 0.263672 0.062503 0.265625 0.062503 0.269529 0.064454 0.267577 0.070314 0.267577 0.072265 0.265625 0.078124 0.265625 0.078124 0.263672 0.076173 0.26172
0 0.710935 0.978516 0.710935 0.980468 0.708984 0.982421 0.708984 0.986326 0.707032 0.988278 0.707032 0.990237 0.705076 0.99219 0.705076 0.994142 0.707032 0.994142 0.710935 0.998047 0.712892 0.996094 0.712892 0.994142 0.714843 0.99219 0.714843 0.990237 0.716794 0.988278 0.716794 0.986326 0.718751 0.984373 0.716794 0.982421 0.714843 0.982421
1 0.052735 0.955081 0.052735 0.958985 0.050784 0.960938 0.050784 0.968747 0.048827 0.970706 0.048827 0.978516 0.046876 0.980468 0.046876 0.988278 0.044924 0.990237 0.044924 0.994142 0.048827 0.994142 0.050784 0.996094 0.054687 0.996094 0.056643 0.998047 0.056643 0.99219 0.058594 0.990237 0.058594 0.978516 0.060546 0.976564 0.060546 0.964842 0.062503 0.96289 0.062503 0.957033 0.054687 0.957033
8 0.470702 0.744139 0.470702 0.746092 0.464843 0.751956 0.464843 0.753909 0.462892 0.755861 0.462892 0.757813 0.464843 0.759766 0.464843 0.76367 0.468751 0.767575 0.468751 0.769534 0.470702 0.771487 0.472654 0.769534 0.484373 0.769534 0.484373 0.76367 0.48633 0.761718 0.48633 0.751956 0.484373 0.749996 0.484373 0.744139
0 0.744141 0.998047 0.744141 1 0.742189 1 0.742189 1 0.740232 1 0.740232 1 0.742189 1 0.744141 1 0.746092 1 0.748049 1 0.748049 1 0.75 1 0.75 1 0.751951 1 0.751951 0.999999 0.746092 0.999999
0 0.703124 0.57422 0.703124 0.576172 0.701173 0.578124 0.701173 0.583981 0.699216 0.585941 0.699216 0.587893 0.703124 0.591798 0.705076 0.589846 0.705076 0.587893 0.707032 0.585941 0.707032 0.583981 0.708984 0.582029 0.708984 0.580077 0.710935 0.578124 0.708984 0.578124 0.707032 0.576172 0.705076 0.576172
0 0.570313 0.562498 0.570313 0.564451 0.568357 0.566403 0.568357 0.572267 0.566405 0.57422 0.566405 0.576172 0.570313 0.576172 0.572265 0.578124 0.572265 0.576172 0.574216 0.57422 0.574216 0.568362 0.576173 0.566403 0.576173 0.564451 0.572265 0.564451
0 0.533206 0.417966 0.533206 0.42383 0.541016 0.42383 0.542967 0.425783 0.548827 0.425783 0.550784 0.427735 0.550784 0.425783 0.552735 0.42383 0.552735 0.421878 0.554687 0.419918 0.535157 0.419918
0 0.025389 0.521484 0.025389 0.53711 0.031249 0.53711 0.031249 0.529294 0.033206 0.527341 0.033206 0.521484
0 0.587892 0.839841 0.587892 0.841793 0.585935 0.843753 0.585935 0.845705 0.583984 0.847658 0.583984 0.851562 0.582032 0.853515 0.582032 0.855467 0.580076 0.857419 0.580076 0.859372 0.582032 0.859372 0.583984 0.861331 0.585935 0.861331 0.587892 0.863284 0.589843 0.863284 0.591794 0.865236 0.591794 0.861331 0.593751 0.859372 0.593751 0.853515 0.595703 0.851562 0.595703 0.845705 0.597654 0.843753 0.597654 0.841793 0.589843 0.841793
0 0.851562 0.585941 0.847654 0.589846 0.849611 0.591798 0.849611 0.59375 0.853513 0.597655 0.853513 0.599607 0.857421 0.603512 0.857421 0.605472 0.859373 0.607424 0.86133 0.605472 0.867189 0.605472 0.863281 0.60156 0.863281 0.599607 0.85547 0.591798 0.85547 0.589846
0 0.146487 0.419918 0.146487 0.429688 0.14453 0.43164 0.14453 0.439456 0.152346 0.439456 0.154297 0.441409 0.154297 0.433592 0.156249 0.43164 0.156249 0.42383 0.152346 0.42383 0.150389 0.421878 0.148438 0.421878
0 0.150389 0.542967 0.150389 0.54492 0.148438 0.546872 0.148438 0.550784 0.146487 0.552736 0.146487 0.556641 0.14453 0.558593 0.14453 0.560546 0.154297 0.560546 0.154297 0.552736 0.156249 0.550784 0.156249 0.54492 0.152346 0.54492
0 0.531249 0.996094 0.531249 0.998047 0.533206 0.999999 0.533206 1 0.550784 1 0.552735 1 0.552735 0.996094
0 0.710935 0.955081 0.710935 0.957033 0.708984 0.958985 0.708984 0.960938 0.707032 0.96289 0.707032 0.966795 0.705076 0.968747 0.705076 0.970706 0.703124 0.972659 0.703124 0.974611 0.707032 0.978516 0.707032 0.976564 0.708984 0.974611 0.708984 0.972659 0.710935 0.970706 0.710935 0.968747 0.712892 0.966795 0.712892 0.964842 0.714843 0.96289 0.714843 0.960938 0.716794 0.958985 0.714843 0.958985
0 0.587892 0.804684 0.587892 0.810548 0.585935 0.812501 0.585935 0.818358 0.591794 0.818358 0.593751 0.82031 0.593751 0.812501 0.595703 0.810548 0.595703 0.804684
0 0.89453 0.728513 0.89453 0.732425 0.896487 0.734378 0.896487 0.742187 0.898438 0.744139 0.898438 0.748044 0.906248 0.748044 0.906248 0.740235 0.908206 0.738282 0.908206 0.730466 0.896487 0.730466
0 0.017578 0.373047 0.015627 0.375 0.009768 0.375 0.009768 0.382809 0.007811 0.384769 0.007811 0.392578 0.015627 0.392578 0.017578 0.394531
0 0.103513 0.535158 0.103513 0.542967 0.101562 0.54492 0.101562 0.550784 0.107421 0.550784 0.107421 0.546872 0.109373 0.54492 0.109373 0.539063 0.11133 0.53711 0.11133 0.535158
0 0.212892 0.882814 0.212892 0.884767 0.210935 0.886719 0.210935 0.890624 0.208984 0.892576 0.208984 0.894529 0.207032 0.896481 0.207032 0.898441 0.214843 0.898441 0.216794 0.900393 0.216794 0.898441 0.218751 0.896481 0.218751 0.894529 0.220703 0.892576 0.220703 0.890624 0.222654 0.888672 0.222654 0.886719 0.218751 0.886719 0.216794 0.884767 0.214843 0.884767
0 0.707032 0.894529 0.707032 0.896481 0.705076 0.898441 0.705076 0.900393 0.703124 0.902345 0.703124 0.904297 0.701173 0.90625 0.701173 0.908202 0.699216 0.910155 0.699216 0.912107 0.707032 0.912107 0.708984 0.914059 0.708984 0.912107 0.710935 0.910155 0.710935 0.908202 0.712892 0.90625 0.712892 0.904297 0.714843 0.902345 0.714843 0.900393 0.716794 0.898441 0.712892 0.898441 0.710935 0.896481 0.708984 0.896481
0 0.244141 0.894529 0.23047 0.908202 0.240232 0.908202 0.242189 0.910155 0.246092 0.90625 0.246092 0.904297 0.25 0.900393
0 0.103513 0.201175 0.103513 0.208985 0.107421 0.208985 0.109373 0.210937 0.115232 0.210937 0.117189 0.212889 0.119141 0.212889 0.121092 0.214842 0.125 0.210937 0.125 0.208985 0.123049 0.207032 0.123049 0.203128 0.10547 0.203128
0 0.955075 0.42383 0.955075 0.429688 0.957032 0.429688 0.960935 0.433592 0.962892 0.433592 0.966794 0.437497 0.968751 0.437497 0.970703 0.439456 0.972654 0.437497 0.972654 0.435545 0.974611 0.433592 0.974611 0.43164 0.976562 0.429688 0.970703 0.429688 0.968751 0.427735 0.964843 0.427735 0.962892 0.425783 0.957032 0.425783
1 0.492189 0.705078 0.492189 0.710935 0.490232 0.712887 0.490232 0.718752 0.496092 0.718752 0.498049 0.720704 0.503908 0.720704 0.50586 0.722656 0.509768 0.722656 0.511719 0.724609 0.517578 0.724609 0.519529 0.726561 0.525389 0.726561 0.527346 0.728513 0.527346 0.726561 0.529297 0.724609 0.529297 0.718752 0.531249 0.716799 0.531249 0.714847 0.525389 0.714847 0.523438 0.712887 0.517578 0.712887 0.515627 0.710935 0.509768 0.710935 0.507811 0.708983 0.501951 0.708983 0.5 0.70703 0.49414 0.70703
0 0.98047 0.982421 0.98047 0.986326 0.978513 0.988278 0.978513 0.996094 0.976562 0.998047 0.976562 1 0.982422 1 0.984373 1 0.984373 0.999999 0.98633 0.998047 0.98633 0.99219 0.988281 0.990237 0.988281 0.986326 0.98633 0.986326 0.984373 0.984373 0.982422 0.984373
0 0.121092 0.416014 0.121092 0.419918 0.119141 0.421878 0.119141 0.427735 0.117189 0.429688 0.117189 0.43164 0.119141 0.43164 0.121092 0.433592 0.123049 0.433592 0.125 0.435545 0.125 0.433592 0.126951 0.43164 0.126951 0.427735 0.128908 0.425783 0.128908 0.421878 0.130859 0.419918 0.130859 0.417966 0.123049 0.417966
0 0.634768 0.859372 0.630859 0.863284 0.630859 0.865236 0.625 0.871093 0.626951 0.871093 0.628908 0.873045 0.630859 0.873045 0.632811 0.874998 0.634768 0.873045 0.634768 0.871093 0.636719 0.869141 0.636719 0.867188 0.63867 0.865236 0.63867 0.863284 0.640627 0.861331 0.636719 0.861331
0 0.876951 0.646486 0.875 0.648438 0.871092 0.648438 0.871092 0.65039 0.873049 0.652343 0.873049 0.654295 0.875 0.656247 0.875 0.6582 0.876951 0.660159 0.876951 0.662112 0.878908 0.664064 0.878908 0.666016 0.882811 0.662112 0.884768 0.662112 0.882811 0.660159 0.882811 0.6582 0.880859 0.656247 0.880859 0.654295 0.878908 0.652343 0.878908 0.65039 0.876951 0.648438
0 0.056643 0.468749 0.056643 0.472654 0.054687 0.474606 0.054687 0.484375 0.052735 0.486327 0.052735 0.490232 0.062503 0.490232 0.062503 0.48047 0.064454 0.478518 0.064454 0.468749
0 0.621092 0.873045 0.621092 0.87695 0.61914 0.87891 0.61914 0.884767 0.617189 0.886719 0.617189 0.890624 0.621092 0.890624 0.623049 0.892576 0.623049 0.890624 0.625 0.888672 0.625 0.884767 0.626951 0.882814 0.626951 0.87891 0.628908 0.87695 0.628908 0.874998 0.623049 0.874998
8 0.535157 0.765623 0.533206 0.767575 0.521487 0.767575 0.521487 0.771487 0.519529 0.773439 0.519529 0.777344 0.525389 0.783201 0.529297 0.783201 0.531249 0.785153 0.533206 0.783201 0.537108 0.783201 0.537108 0.779296 0.539065 0.777344 0.539065 0.767575 0.537108 0.767575
0 0.714843 0.531253 0.714843 0.548832 0.716794 0.546872 0.724611 0.546872 0.724611 0.54492 0.722654 0.542967 0.722654 0.53711 0.720703 0.535158 0.720703 0.533206 0.716794 0.533206
0 0.630859 0.46094 0.630859 0.462892 0.628908 0.464844 0.628908 0.466797 0.632811 0.466797 0.634768 0.468749 0.636719 0.468749 0.63867 0.470701 0.642578 0.470701 0.64453 0.472654 0.64453 0.470701 0.646487 0.468749 0.646487 0.466797 0.648438 0.464844 0.640627 0.464844 0.63867 0.462892 0.632811 0.462892
0 0.509768 0.54492 0.509768 0.546872 0.507811 0.548832 0.507811 0.554689 0.50586 0.556641 0.50586 0.560546 0.503908 0.562498 0.503908 0.564451 0.507811 0.564451 0.509768 0.566403 0.51367 0.566403 0.515627 0.568362 0.515627 0.566403 0.517578 0.564451 0.517578 0.560546 0.519529 0.558593 0.519529 0.554689 0.521487 0.552736 0.521487 0.550784 0.519529 0.550784 0.517578 0.548832 0.515627 0.548832 0.51367 0.546872 0.511719 0.546872
0 0.60547 0.999999 0.60547 1 0.603513 1 0.603513 1 0.601562 1 0.601562 1 0.607422 1 0.609373 1 0.609373 1 0.61133 1 0.61133 1 0.613281 1 0.613281 1 0.615232 1 0.615232 0.999999
0 0.033206 0.500001 0.033206 0.503906 0.031249 0.505858 0.031249 0.513675 0.029297 0.515627 0.029297 0.519532 0.035156 0.519532 0.035156 0.513675 0.037108 0.511715 0.037108 0.503906 0.039065 0.501953 0.041016 0.503906 0.041016 0.501953 0.035156 0.501953
0 0.667967 0.673826 0.667967 0.675778 0.666016 0.677738 0.666016 0.67969 0.664065 0.681642 0.664065 0.683595 0.662108 0.685547 0.662108 0.6875 0.664065 0.6875 0.667967 0.691404 0.667967 0.689452 0.669924 0.6875 0.669924 0.683595 0.671876 0.681642 0.671876 0.67969 0.673827 0.677738 0.673827 0.675778 0.669924 0.675778
0 0.552735 0.978516 0.552735 0.980468 0.550784 0.982421 0.550784 0.988278 0.548827 0.990237 0.548827 0.99219 0.550784 0.99219 0.552735 0.994142 0.552735 0.99219 0.554687 0.990237 0.554687 0.988278 0.556643 0.986326 0.556643 0.984373 0.558594 0.982421 0.558594 0.980468 0.560546 0.978516
0 0.699216 0.837889 0.697265 0.839841 0.697265 0.841793 0.695314 0.843753 0.695314 0.845705 0.693356 0.847658 0.693356 0.84961 0.691405 0.851562 0.691405 0.853515 0.689454 0.855467 0.691405 0.855467 0.693356 0.857419 0.695314 0.857419 0.697265 0.859372 0.699216 0.857419 0.699216 0.855467 0.701173 0.853515 0.701173 0.851562 0.705076 0.847658 0.705076 0.845705 0.707032 0.843753 0.705076 0.841793 0.703124 0.841793
0 0.093751 0.210937 0.093751 0.212889 0.095703 0.214842 0.095703 0.216794 0.097654 0.216794 0.099611 0.218746 0.103513 0.218746 0.10547 0.220706 0.107421 0.220706 0.109373 0.222658 0.11133 0.222658 0.113281 0.224611 0.113281 0.222658 0.115232 0.220706 0.115232 0.218746 0.117189 0.216794 0.115232 0.214842 0.115232 0.212889 0.095703 0.212889
0 1 0.445314 0.996092 0.449218 1 0.455075 1 0.457028 1 0.46094 1 0.458987 1 0.458987 1 0.457028 1 0.457028 1 0.453123 1 0.453123
0 0.722654 0.919924 0.722654 0.921876 0.720703 0.923828 0.720703 0.925781 0.718751 0.927733 0.718751 0.929685 0.716794 0.931638 0.716794 0.933597 0.714843 0.93555 0.714843 0.937502 0.720703 0.943359 0.720703 0.941407 0.722654 0.939454 0.722654 0.93555 0.724611 0.933597 0.724611 0.931638 0.726562 0.929685 0.726562 0.925781 0.728513 0.923828 0.728513 0.921876 0.724611 0.921876
0 0.607422 0.732425 0.607422 0.734378 0.60547 0.73633 0.60547 0.740235 0.603513 0.742187 0.603513 0.744139 0.601562 0.746092 0.601562 0.748044 0.603513 0.748044 0.60547 0.749996 0.607422 0.749996 0.609373 0.751956 0.609373 0.749996 0.61133 0.748044 0.61133 0.744139 0.613281 0.742187 0.613281 0.738282 0.615232 0.73633 0.615232 0.734378 0.609373 0.734378
0 0.720703 0.986326 0.720703 0.988278 0.718751 0.990237 0.718751 0.99219 0.716794 0.994142 0.716794 0.996094 0.714843 0.998047 0.714843 0.999999 0.712892 1 0.712892 1 0.714843 1 0.716794 1 0.720703 1 0.720703 1 0.722654 1 0.722654 1 0.724611 0.999999 0.724611 0.998047 0.726562 0.996094 0.726562 0.99219 0.728513 0.990237 0.728513 0.988278 0.722654 0.988278
0 0.835935 0.392578 0.835935 0.398435 0.843751 0.398435 0.845703 0.400388 0.851562 0.400388 0.853513 0.402347 0.853513 0.398435 0.85547 0.396483 0.85547 0.392578
0 0.898438 0.79297 0.898438 0.798827 0.900389 0.800779 0.900389 0.808596 0.908206 0.808596 0.908206 0.802732 0.906248 0.800779 0.906248 0.794922 0.900389 0.794922
0 0.673827 0.968747 0.673827 0.970706 0.671876 0.972659 0.671876 0.978516 0.669924 0.980468 0.669924 0.982421 0.673827 0.982421 0.675784 0.984373 0.677735 0.982421 0.677735 0.980468 0.679687 0.978516 0.679687 0.976564 0.683594 0.972659 0.683594 0.970706 0.685546 0.968747
0 0.945313 0.406252 0.945313 0.414061 0.949216 0.414061 0.951173 0.416014 0.953124 0.416014 0.955075 0.417966 0.958984 0.417966 0.960935 0.419918 0.962892 0.417966 0.962892 0.416014 0.964843 0.414061 0.960935 0.414061 0.958984 0.412109 0.957032 0.412109 0.955075 0.410157 0.951173 0.410157 0.949216 0.408204 0.947265 0.408204
0 0.134768 0.519532 0.134768 0.53711 0.142578 0.53711 0.142578 0.529294 0.14453 0.527341 0.14453 0.519532
1 0.835935 0.775392 0.835935 0.779296 0.833984 0.781249 0.833984 0.783201 0.835935 0.783201 0.839843 0.787113 0.841794 0.787113 0.843751 0.789065 0.845703 0.789065 0.847654 0.791018 0.849611 0.791018 0.853513 0.794922 0.85547 0.794922 0.857421 0.796875 0.859373 0.796875 0.86133 0.798827 0.863281 0.798827 0.867189 0.802732 0.869141 0.802732 0.871092 0.804684 0.875 0.800779 0.875 0.798827 0.878908 0.794922 0.876951 0.794922 0.875 0.79297 0.873049 0.79297 0.871092 0.791018 0.867189 0.791018 0.865232 0.789065 0.863281 0.789065 0.86133 0.787113 0.859373 0.787113 0.857421 0.785153 0.85547 0.785153 0.853513 0.783201 0.851562 0.783201 0.849611 0.781249 0.845703 0.781249 0.843751 0.779296 0.841794 0.779296 0.839843 0.777344 0.837892 0.777344