0 0.91797 0.375003 0.91797 0.376948 0.916018 0.378903 0.916018 0.380858 0.914058 0.382813 0.916018 0.384768 0.916018 0.386724 0.91797 0.388669 0.91797 0.390624 0.921872 0.394534 0.921872 0.396489 0.923832 0.398434 0.923832 0.400389 0.925783 0.402344 0.925783 0.404299 0.927734 0.406254 0.933596 0.406254 0.935548 0.408199 0.94141 0.402344 0.93945 0.400389 0.93945 0.398434 0.937499 0.396489 0.937499 0.394534 0.935548 0.392579 0.935548 0.390624 0.931637 0.386724 0.931637 0.384768 0.929685 0.382813 0.929685 0.380858 0.927734 0.378903 0.927734 0.376948 0.925783 0.375003
0 0.373045 0.632817 0.371094 0.634762 0.367191 0.634762 0.365231 0.636717 0.359378 0.636717 0.357418 0.638672 0.353515 0.638672 0.355467 0.640627 0.355467 0.642582 0.359378 0.646482 0.359378 0.648437 0.365231 0.654293 0.365231 0.656247 0.369142 0.660158 0.369142 0.662112 0.373045 0.666012 0.373045 0.667968 0.374996 0.669923 0.378907 0.666012 0.380858 0.666012 0.384769 0.662112 0.386721 0.662112 0.386721 0.660158 0.384769 0.658202 0.384769 0.656247 0.38281 0.654293 0.38281 0.652348 0.380858 0.650393 0.380858 0.648437 0.378907 0.646482 0.378907 0.644527 0.376956 0.642582 0.376956 0.640627 0.374996 0.638672 0.374996 0.636717 0.373045 0.634762
0 0.201174 0.925781 0.199223 0.927736 0.195312 0.927736 0.195312 0.931636 0.197263 0.933591 0.197263 0.935546 0.199223 0.937501 0.199223 0.939456 0.201174 0.941401 0.201174 0.943357 0.203125 0.945312 0.203125 0.947267 0.205076 0.949222 0.205076 0.951177 0.210939 0.951177 0.21289 0.953122 0.214841 0.951177 0.216801 0.951177 0.216801 0.949222 0.218752 0.947267 0.218752 0.945312 0.216801 0.943357 0.216801 0.941401 0.21289 0.937501 0.21289 0.935546 0.210939 0.933591 0.210939 0.931636 0.208987 0.929691 0.207028 0.929691 0.205076 0.927736 0.203125 0.927736
0 0.265624 0.929691 0.263673 0.931636 0.257811 0.931636 0.257811 0.933591 0.259762 0.935546 0.259762 0.939456 0.261722 0.941401 0.261722 0.947267 0.263673 0.949222 0.263673 0.953122 0.265624 0.955077 0.265624 0.957032 0.269535 0.957032 0.271487 0.955077 0.275389 0.955077 0.275389 0.949222 0.273438 0.947267 0.273438 0.945312 0.271487 0.943357 0.271487 0.941401 0.269535 0.939456 0.269535 0.937501 0.267576 0.935546 0.267576 0.933591 0.265624 0.931636
0 0.783206 0.845705 0.781246 0.84766 0.775393 0.84766 0.773441 0.849605 0.765628 0.849605 0.775393 0.85937 0.777344 0.857425 0.779295 0.857425 0.783206 0.853515 0.785157 0.853515 0.785157 0.85156 0.783206 0.849605
0 0.355467 0.515625 0.353515 0.517581 0.351564 0.517581 0.347653 0.52148 0.345702 0.52148 0.347653 0.523436 0.347653 0.525391 0.349613 0.527345 0.349613 0.529301 0.351564 0.531246 0.351564 0.533201 0.353515 0.535156 0.353515 0.539066 0.355467 0.541011 0.355467 0.542966 0.357418 0.54492 0.357418 0.546876 0.359378 0.546876 0.361329 0.54492 0.371094 0.54492 0.371094 0.535156 0.369142 0.533201 0.369142 0.531246 0.367191 0.529301 0.367191 0.527345 0.365231 0.525391 0.365231 0.523436 0.36328 0.52148 0.36328 0.519535 0.361329 0.519535 0.359378 0.517581 0.357418 0.517581
0 0.417966 0.972652 0.416015 0.974607 0.412112 0.974607 0.410153 0.976562 0.404299 0.976562 0.404299 0.978517 0.40625 0.980472 0.40625 0.982417 0.408201 0.984372 0.408201 0.986327 0.410153 0.988282 0.410153 0.992192 0.412112 0.994137 0.412112 0.996092 0.414064 0.998047 0.414064 1 0.417966 1 0.419926 0.998047 0.42578 0.998047 0.42578 0.994137 0.427731 0.992192 0.427731 0.990238 0.42578 0.988282 0.42578 0.986327 0.423828 0.984372 0.423828 0.982417 0.421877 0.980472 0.421877 0.978517 0.419926 0.976562 0.419926 0.974607
0 0.322262 0.984372 0.32031 0.986327 0.316408 0.986327 0.316408 0.988282 0.314457 0.990238 0.316408 0.992192 0.316408 0.994137 0.318359 0.996092 0.318359 0.998047 0.32031 1 0.32031 1 0.322262 1 0.322262 1 0.324221 1 0.324221 1 0.326173 1 0.330075 1 0.332035 1 0.337888 1 0.337888 1 0.335937 1 0.335937 0.998047 0.333986 0.996092 0.333986 0.994137 0.332035 0.992192 0.332035 0.988282 0.330075 0.986327 0.330075 0.984372
0 0.33984 0.882811 0.337888 0.884766 0.333986 0.884766 0.332035 0.886721 0.328124 0.886721 0.328124 0.888676 0.330075 0.890621 0.330075 0.896486 0.332035 0.898441 0.332035 0.904296 0.333986 0.906251 0.333986 0.908206 0.3418 0.916016 0.343751 0.914061 0.351564 0.914061 0.351564 0.910161 0.353515 0.908206 0.353515 0.902341 0.351564 0.900386 0.351564 0.896486 0.349613 0.894531 0.349613 0.890621 0.347653 0.888676 0.347653 0.886721 0.345702 0.886721 0.343751 0.884766 0.3418 0.884766
0 0.402348 0.980472 0.400388 0.982417 0.398437 0.982417 0.396485 0.984372 0.394534 0.984372 0.392574 0.986327 0.390623 0.986327 0.390623 0.988282 0.392574 0.990238 0.392574 0.992192 0.394534 0.994137 0.394534 0.998047 0.396485 1 0.396485 1 0.398437 1 0.398437 1 0.400388 1 0.404299 1 0.40625 1 0.408201 1 0.412112 1 0.414064 1 0.414064 1 0.412112 1 0.412112 0.998047 0.410153 0.996092 0.410153 0.994137 0.408201 0.992192 0.408201 0.990238 0.40625 0.988282 0.40625 0.986327 0.404299 0.984372 0.404299 0.982417
0 0.437504 0.82422 0.429691 0.83203 0.429691 0.83984 0.431642 0.841795 0.431642 0.84375 0.433593 0.845705 0.433593 0.84766 0.435544 0.849605 0.435544 0.85156 0.437504 0.853515 0.437504 0.85547 0.445309 0.86328 0.447269 0.861326 0.44922 0.861326 0.453122 0.857425 0.455082 0.857425 0.457034 0.85547 0.458985 0.85547 0.458985 0.85156 0.457034 0.849605 0.457034 0.845705 0.455082 0.84375 0.455082 0.841795 0.44922 0.83594 0.44922 0.833985 0.443358 0.82813 0.443358 0.826175 0.441407 0.82422
0 0.316408 0.857425 0.314457 0.85937 0.310546 0.85937 0.310546 0.86719 0.312497 0.869145 0.312497 0.87109 0.314457 0.873045 0.314457 0.875 0.316408 0.876956 0.316408 0.878911 0.318359 0.880856 0.318359 0.882811 0.324221 0.882811 0.326173 0.884766 0.328124 0.882811 0.330075 0.882811 0.332035 0.880856 0.335937 0.880856 0.337888 0.878911 0.335937 0.876956 0.335937 0.875 0.333986 0.873045 0.333986 0.87109 0.332035 0.869145 0.332035 0.86719 0.330075 0.865235 0.330075 0.86328 0.328124 0.861326 0.328124 0.85937 0.326173 0.857425
0 0.222654 0.826175 0.220703 0.82813 0.218752 0.82813 0.216801 0.830075 0.214841 0.830075 0.21289 0.83203 0.214841 0.833985 0.214841 0.83594 0.216801 0.837895 0.216801 0.83984 0.220703 0.84375 0.220703 0.845705 0.224606 0.849605 0.224606 0.85156 0.226566 0.853515 0.226566 0.85547 0.228517 0.853515 0.230468 0.853515 0.234379 0.849605 0.23633 0.849605 0.240233 0.845705 0.242184 0.845705
0 0.777344 0.201176 0.775393 0.203121 0.76953 0.203121 0.761717 0.210941 0.759766 0.210941 0.755863 0.214841 0.755863 0.216796 0.753903 0.218751 0.753903 0.220706 0.755863 0.222661 0.755863 0.226561 0.759766 0.230471 0.761717 0.228516 0.763668 0.228516 0.765628 0.226561 0.767579 0.226561 0.76953 0.224606 0.771482 0.224606 0.773441 0.222661 0.777344 0.222661 0.779295 0.220706 0.781246 0.220706 0.783206 0.218751 0.785157 0.218751 0.785157 0.210941 0.781246 0.207031 0.781246 0.205076
0 0.158204 0.86719 0.152342 0.873045 0.15039 0.873045 0.146488 0.876956 0.146488 0.878911 0.148439 0.880856 0.148439 0.882811 0.15039 0.884766 0.15039 0.886721 0.152342 0.888676 0.152342 0.890621 0.154293 0.892576 0.154293 0.894531 0.156253 0.896486 0.156253 0.898441 0.158204 0.900386 0.160155 0.898441 0.162106 0.898441 0.166017 0.894531 0.167969 0.894531 0.16992 0.892576 0.171871 0.892576 0.16992 0.890621 0.16992 0.888676 0.167969 0.886721 0.167969 0.884766 0.166017 0.882811 0.166017 0.880856 0.164066 0.878911 0.164066 0.876956 0.162106 0.875 0.162106 0.873045 0.160155 0.87109 0.160155 0.869145
0 0.800784 0.250001 0.787109 0.263677 0.787109 0.265622 0.78906 0.267577 0.78906 0.271487 0.79102 0.273442 0.79102 0.275387 0.794922 0.271487 0.796873 0.271487 0.798824 0.269532 0.800784 0.269532 0.802736 0.267577 0.806638 0.267577 0.808598 0.265622 0.810549 0.265622 0.810549 0.250001
0 0.234379 0.949222 0.230468 0.953122 0.228517 0.953122 0.228517 0.958987 0.230468 0.960942 0.230468 0.962887 0.232419 0.964842 0.232419 0.966797 0.23633 0.970707 0.23633 0.972652 0.240233 0.976562 0.248046 0.976562 0.248046 0.974607 0.249997 0.972652 0.249997 0.970707 0.248046 0.968752 0.248046 0.966797 0.244144 0.962887 0.244144 0.960942 0.242184 0.958987 0.242184 0.957032 0.238281 0.953122 0.238281 0.951177 0.23633 0.949222
0 0.218752 0.955077 0.216801 0.957032 0.214841 0.957032 0.214841 0.964842 0.216801 0.966797 0.216801 0.968752 0.218752 0.970707 0.218752 0.974607 0.220703 0.976562 0.220703 0.978517 0.222654 0.980472 0.222654 0.982417 0.226566 0.982417 0.228517 0.984372 0.23633 0.984372 0.23633 0.974607 0.234379 0.972652 0.234379 0.970707 0.230468 0.966797 0.230468 0.964842 0.228517 0.962887 0.228517 0.960942 0.226566 0.958987 0.224606 0.958987 0.222654 0.957032 0.220703 0.957032
0 0.214841 0.916016 0.210939 0.919926 0.208987 0.919926 0.208987 0.927736 0.21289 0.931636 0.21289 0.933591 0.214841 0.935546 0.214841 0.937501 0.218752 0.941401 0.218752 0.943357 0.220703 0.945312 0.220703 0.947267 0.222654 0.949222 0.226566 0.945312 0.228517 0.945312 0.232419 0.941401 0.234379 0.941401 0.234379 0.939456 0.232419 0.937501 0.232419 0.935546 0.230468 0.933591 0.230468 0.931636 0.228517 0.929691 0.228517 0.927736 0.226566 0.925781 0.226566 0.923826 0.224606 0.921871 0.224606 0.919926 0.222654 0.917971 0.222654 0.916016
0 0.417966 0.716794 0.416015 0.718748 0.412112 0.718748 0.410153 0.720703 0.40625 0.720703 0.404299 0.722659 0.400388 0.722659 0.402348 0.724613 0.402348 0.726559 0.408201 0.732424 0.408201 0.734378 0.412112 0.738278 0.412112 0.740234 0.417966 0.746099 0.417966 0.748044 0.419926 0.749999 0.417966 0.751954 0.416015 0.751954 0.416015 0.753909 0.42578 0.744143 0.42578 0.742188 0.423828 0.740234 0.423828 0.734378 0.421877 0.732424 0.421877 0.728513 0.419926 0.726559 0.419926 0.720703 0.417966 0.718748
0 0.384769 0.541011 0.380858 0.54492 0.380858 0.548831 0.38281 0.550786 0.38281 0.552731 0.386721 0.556641 0.386721 0.558596 0.388672 0.560551 0.388672 0.562496 0.390623 0.564451 0.392574 0.562496 0.400388 0.562496 0.404299 0.558596 0.404299 0.556641 0.402348 0.554686 0.402348 0.552731 0.400388 0.550786 0.400388 0.548831 0.398437 0.546876 0.398437 0.54492 0.392574 0.54492 0.390623 0.542966 0.386721 0.542966
0 0.386721 0.947267 0.384769 0.949222 0.38281 0.949222 0.380858 0.951177 0.378907 0.951177 0.376956 0.953122 0.374996 0.953122 0.374996 0.955077 0.373045 0.957032 0.376956 0.960942 0.376956 0.962887 0.386721 0.972652 0.386721 0.974607 0.390623 0.978517 0.394534 0.974607 0.396485 0.974607 0.400388 0.970707 0.402348 0.970707 0.400388 0.968752 0.400388 0.966797 0.398437 0.964842 0.398437 0.962887 0.394534 0.958987 0.394534 0.957032 0.392574 0.955077 0.392574 0.953122 0.390623 0.951177 0.390623 0.949222 0.388672 0.947267
0 0.398437 0.722659 0.392574 0.728513 0.390623 0.728513 0.386721 0.732424 0.388672 0.734378 0.388672 0.736323 0.390623 0.738278 0.390623 0.740234 0.394534 0.744143 0.394534 0.746099 0.396485 0.748044 0.396485 0.749999 0.398437 0.751954 0.398437 0.753909 0.400388 0.755864 0.402348 0.753909 0.40625 0.753909 0.408201 0.751954 0.412112 0.751954 0.414064 0.749999 0.417966 0.749999 0.416015 0.748044 0.416015 0.746099 0.410153 0.740234 0.410153 0.738278 0.40625 0.734378 0.40625 0.732424 0.400388 0.726559 0.400388 0.724613
0 0.486328 0.763674 0.484376 0.765629 0.480465 0.765629 0.478514 0.767574 0.474612 0.767574 0.474612 0.771484 0.476563 0.773439 0.476563 0.779294 0.478514 0.78125 0.478514 0.78906 0.480465 0.791014 0.480465 0.794924 0.482425 0.792969 0.484376 0.792969 0.486328 0.791014 0.488279 0.791014 0.49219 0.787115 0.494141 0.787115 0.496092 0.785159 0.498044 0.785159 0.496092 0.783204 0.496092 0.78125 0.494141 0.779294 0.494141 0.777339 0.49219 0.775394 0.49219 0.773439 0.49023 0.771484 0.49023 0.769529 0.488279 0.767574 0.488279 0.765629
0 0.3418 0.439449 0.33984 0.441404 0.335937 0.441404 0.333986 0.443359 0.330075 0.443359 0.332035 0.445314 0.332035 0.447269 0.333986 0.449214 0.333986 0.451169 0.337888 0.45508 0.337888 0.457035 0.33984 0.45898 0.33984 0.460935 0.3418 0.46289 0.3418 0.464845 0.343751 0.4668 0.347653 0.46289 0.349613 0.46289 0.353515 0.45898 0.355467 0.45898 0.353515 0.457035 0.353515 0.45508 0.347653 0.449214 0.347653 0.447269 0.343751 0.443359 0.343751 0.441404
0 0.355467 0.962887 0.353515 0.964842 0.351564 0.964842 0.349613 0.966797 0.345702 0.966797 0.343751 0.968752 0.343751 0.970707 0.3418 0.972652 0.343751 0.974607 0.343751 0.976562 0.345702 0.978517 0.345702 0.980472 0.347653 0.982417 0.347653 0.984372 0.349613 0.986327 0.349613 0.988282 0.351564 0.990238 0.351564 0.992192 0.353515 0.994137 0.353515 0.996092 0.355467 0.994137 0.359378 0.994137 0.361329 0.992192 0.365231 0.992192 0.365231 0.988282 0.36328 0.986327 0.36328 0.978517 0.361329 0.976562 0.361329 0.972652 0.359378 0.970707 0.359378 0.968752 0.357418 0.966797 0.357418 0.964842
0 0.355467 0.742188 0.359378 0.746099 0.359378 0.748044 0.365231 0.753909 0.365231 0.755864 0.371094 0.761719 0.371094 0.763674 0.373045 0.765629 0.374996 0.763674 0.38281 0.763674 0.380858 0.761719 0.380858 0.759764 0.376956 0.755864 0.376956 0.753909 0.374996 0.751954 0.374996 0.749999 0.371094 0.746099 0.371094 0.744143 0.369142 0.742188
0 0.300781 0.677733 0.29883 0.679688 0.294919 0.679688 0.292967 0.681643 0.289065 0.681643 0.289065 0.683598 0.291016 0.685543 0.291016 0.687498 0.292967 0.689453 0.292967 0.691408 0.294919 0.693363 0.294919 0.695308 0.296878 0.697263 0.296878 0.699218 0.29883 0.701173 0.29883 0.703128 0.300781 0.705083 0.300781 0.707028 0.302732 0.707028 0.306643 0.710938 0.308594 0.708983 0.310546 0.708983 0.314457 0.705083 0.316408 0.705083 0.316408 0.701173 0.314457 0.699218 0.314457 0.697263 0.310546 0.693363 0.310546 0.691408 0.306643 0.687498 0.306643 0.685543 0.302732 0.681643 0.302732 0.679688
0 0.171871 0.861326 0.16992 0.86328 0.166017 0.86328 0.164066 0.865235 0.162106 0.865235 0.160155 0.86719 0.162106 0.869145 0.162106 0.87109 0.164066 0.873045 0.164066 0.875 0.166017 0.876956 0.166017 0.878911 0.167969 0.880856 0.167969 0.882811 0.16992 0.884766 0.16992 0.886721 0.171871 0.888676 0.171871 0.890621 0.173831 0.888676 0.175782 0.888676 0.177733 0.886721 0.179685 0.886721 0.181644 0.884766 0.183596 0.884766 0.181644 0.882811 0.181644 0.880856 0.179685 0.878911 0.179685 0.876956 0.177733 0.875 0.177733 0.873045 0.175782 0.87109 0.175782 0.869145 0.173831 0.86719 0.173831 0.865235 0.171871 0.86328
0 0.400388 0.85156 0.394534 0.857425 0.394534 0.86328 0.396485 0.865235 0.396485 0.86719 0.398437 0.869145 0.398437 0.87109 0.402348 0.875 0.402348 0.876956 0.404299 0.878911 0.404299 0.880856 0.40625 0.882811 0.408201 0.880856 0.412112 0.880856 0.414064 0.878911 0.417966 0.878911 0.417966 0.87109 0.416015 0.869145 0.416015 0.86719 0.412112 0.86328 0.412112 0.861326 0.408201 0.857425 0.408201 0.85547 0.40625 0.853515 0.402348 0.853515
0 0.451171 0.822265 0.44922 0.82422 0.447269 0.82422 0.445309 0.826175 0.445309 0.82813 0.451171 0.833985 0.451171 0.83594 0.457034 0.841795 0.457034 0.84375 0.458985 0.845705 0.458985 0.849605 0.460936 0.85156 0.464847 0.85156 0.464847 0.84766 0.466798 0.845705 0.466798 0.84375 0.464847 0.841795 0.464847 0.83984 0.460936 0.83594 0.460936 0.833985 0.458985 0.83203 0.458985 0.830075
0 0.404299 0.804689 0.400388 0.808589 0.398437 0.808589 0.398437 0.8125 0.400388 0.814455 0.400388 0.81641 0.402348 0.818355 0.402348 0.82031 0.404299 0.822265 0.404299 0.82422 0.40625 0.826175 0.40625 0.82813 0.408201 0.830075 0.408201 0.83203 0.410153 0.833985 0.410153 0.83594 0.412112 0.833985 0.414064 0.833985 0.416015 0.83203 0.417966 0.83203 0.417966 0.830075 0.419926 0.82813 0.419926 0.826175 0.417966 0.82422 0.417966 0.822265 0.416015 0.82031 0.416015 0.818355 0.414064 0.81641 0.414064 0.814455 0.412112 0.8125 0.412112 0.810544 0.410153 0.808589 0.410153 0.806644 0.40625 0.806644
0 0.433593 0.964842 0.431642 0.966797 0.429691 0.966797 0.42578 0.970707 0.423828 0.970707 0.421877 0.972652 0.419926 0.972652 0.423828 0.976562 0.423828 0.978517 0.429691 0.984372 0.429691 0.986327 0.433593 0.990238 0.433593 0.992192 0.435544 0.994137 0.435544 0.996092 0.437504 0.998047 0.443358 0.992192 0.445309 0.992192 0.447269 0.990238 0.447269 0.984372 0.445309 0.982417 0.445309 0.980472 0.443358 0.978517 0.443358 0.976562 0.437504 0.970707 0.437504 0.968752
1 0.140626 0.064454 0.138674 0.066409 0.12891 0.066409 0.12695 0.068364 0.119136 0.068364 0.117185 0.070309 0.107421 0.070309 0.105469 0.072264 0.095705 0.072264 0.093753 0.074219 0.083989 0.074219 0.082029 0.076174 0.074215 0.076174 0.072264 0.078129 0.062499 0.078129 0.058597 0.082029 0.058597 0.085939 0.060548 0.087894 0.060548 0.093749 0.068362 0.093749 0.070313 0.095704 0.072264 0.093749 0.08594 0.093749 0.087891 0.091794 0.099607 0.091794 0.101558 0.089839 0.115234 0.089839 0.117185 0.087894 0.12891 0.087894 0.130861 0.085939 0.144528 0.085939 0.146488 0.083984 0.148439 0.083984 0.148439 0.078129 0.146488 0.076174 0.146488 0.068364 0.144528 0.068364
0 0.171871 0.45508 0.167969 0.45898 0.166017 0.45898 0.166017 0.460935 0.164066 0.46289 0.164066 0.464845 0.166017 0.4668 0.166017 0.468755 0.171871 0.47461 0.171871 0.476565 0.173831 0.47852 0.181644 0.47852 0.185547 0.47461 0.183596 0.472655 0.183596 0.4707 0.181644 0.468755 0.181644 0.4668 0.179685 0.464845 0.179685 0.46289 0.177733 0.460935 0.177733 0.45898 0.175782 0.457035 0.175782 0.45508
0 0.400388 0.404299 0.396485 0.408199 0.394534 0.408199 0.394534 0.410154 0.396485 0.412109 0.396485 0.416019 0.398437 0.417964 0.398437 0.419919 0.400388 0.421874 0.400388 0.425784 0.402348 0.427739 0.402348 0.431639 0.404299 0.433594 0.404299 0.435549 0.40625 0.433594 0.408201 0.433594 0.412112 0.429684 0.414064 0.429684 0.416015 0.427739 0.417966 0.427739 0.414064 0.423829 0.414064 0.421874 0.408201 0.416019 0.408201 0.414064 0.402348 0.408199 0.402348 0.406254
0 0.23633 0.396489 0.232419 0.400389 0.230468 0.400389 0.230468 0.408199 0.232419 0.410154 0.232419 0.412109 0.234379 0.414064 0.234379 0.416019 0.23633 0.417964 0.23633 0.419919 0.238281 0.421874 0.238281 0.423829 0.240233 0.425784 0.240233 0.427739 0.244144 0.427739 0.246095 0.429684 0.248046 0.427739 0.249997 0.427739 0.251957 0.425784 0.253908 0.425784 0.253908 0.423829 0.25586 0.421874 0.25586 0.419919 0.253908 0.417964 0.253908 0.416019 0.251957 0.414064 0.251957 0.412109 0.249997 0.410154 0.249997 0.408199 0.248046 0.406254 0.248046 0.404299 0.246095 0.402344 0.246095 0.400389 0.244144 0.398434 0.244144 0.396489
0 0.83203 0.291017 0.828127 0.294917 0.828127 0.296872 0.822265 0.302737 0.822265 0.304692 0.818363 0.308592 0.818363 0.312502 0.816403 0.314457 0.816403 0.316402 0.830078 0.316402 0.839843 0.306637 0.839843 0.304692 0.841794 0.302737 0.841794 0.294917 0.837892 0.294917 0.835941 0.292972 0.833981 0.292972
0 0.417966 0.47852 0.414064 0.48242 0.412112 0.48242 0.408201 0.48633 0.40625 0.48633 0.408201 0.488285 0.408201 0.49023 0.410153 0.492185 0.410153 0.49414 0.412112 0.496095 0.412112 0.49805 0.414064 0.499995 0.414064 0.50195 0.416015 0.503905 0.416015 0.50586 0.417966 0.507815 0.417966 0.50977 0.419926 0.511715 0.423828 0.507815 0.42578 0.507815 0.429691 0.503905 0.431642 0.503905 0.429691 0.50195 0.429691 0.499995 0.427731 0.49805 0.427731 0.496095 0.42578 0.49414 0.42578 0.492185 0.423828 0.49023 0.423828 0.488285 0.421877 0.48633 0.421877 0.484375 0.419926 0.48242 0.419926 0.480465
0 0.439455 0.699218 0.437504 0.701173 0.435544 0.701173 0.433593 0.703128 0.431642 0.703128 0.429691 0.705083 0.427731 0.705083 0.431642 0.708983 0.431642 0.710938 0.433593 0.712893 0.433593 0.714849 0.437504 0.718748 0.437504 0.720703 0.441407 0.724613 0.441407 0.726559 0.445309 0.730468 0.445309 0.732424 0.447269 0.734378 0.453122 0.728513 0.455082 0.728513 0.457034 0.726559 0.455082 0.724613 0.455082 0.722659 0.451171 0.718748 0.451171 0.716794 0.447269 0.712893 0.447269 0.710938 0.445309 0.708983 0.445309 0.707028 0.441407 0.703128 0.441407 0.701173
0 0.228517 0.908206 0.224606 0.912106 0.224606 0.917971 0.226566 0.919926 0.226566 0.921871 0.228517 0.923826 0.228517 0.925781 0.230468 0.927736 0.230468 0.929691 0.234379 0.933591 0.234379 0.935546 0.23633 0.937501 0.238281 0.935546 0.242184 0.935546 0.244144 0.933591 0.249997 0.933591 0.248046 0.931636 0.248046 0.929691 0.246095 0.927736 0.246095 0.925781 0.244144 0.923826 0.244144 0.921871 0.242184 0.919926 0.242184 0.917971 0.240233 0.916016 0.240233 0.914061 0.238281 0.912106 0.238281 0.910161 0.23633 0.908206
0 0.484376 0.671877 0.482425 0.673833 0.480465 0.673833 0.478514 0.675778 0.476563 0.675778 0.478514 0.677733 0.478514 0.679688 0.480465 0.681643 0.480465 0.683598 0.482425 0.685543 0.482425 0.687498 0.486328 0.691408 0.486328 0.693363 0.488279 0.695308 0.488279 0.697263 0.49023 0.699218 0.49023 0.701173 0.49219 0.703128 0.49219 0.705083 0.494141 0.707028 0.494141 0.705083 0.496092 0.703128 0.496092 0.701173 0.498044 0.699218 0.498044 0.697263 0.500003 0.695308 0.498044 0.693363 0.498044 0.691408 0.494141 0.687498 0.494141 0.685543 0.49023 0.681643 0.49023 0.679688 0.486328 0.675778 0.486328 0.673833
0 0.714844 0.710938 0.712893 0.712893 0.710933 0.712893 0.707031 0.716794 0.70508 0.716794 0.701169 0.720703 0.699217 0.720703 0.697266 0.722659 0.695315 0.722659 0.691404 0.726559 0.689453 0.726559 0.693355 0.730468 0.693355 0.732424 0.697266 0.736323 0.701169 0.732424 0.703129 0.732424 0.708982 0.726559 0.710933 0.726559 0.714844 0.722659 0.716796 0.722659 0.718747 0.720703 0.718747 0.718748 0.716796 0.716794 0.716796 0.714849 0.714844 0.712893
0 0.94141 0.365238 0.93945 0.367183 0.937499 0.367183 0.935548 0.369138 0.931637 0.369138 0.929685 0.371093 0.927734 0.371093 0.929685 0.373048 0.929685 0.375003 0.935548 0.380858 0.935548 0.382813 0.93945 0.386724 0.93945 0.388669 0.945312 0.394534 0.945312 0.396489 0.947264 0.398434 0.947264 0.396489 0.949215 0.394534 0.949215 0.392579 0.951175 0.390624 0.951175 0.386724 0.949215 0.384768 0.949215 0.382813 0.947264 0.380858 0.947264 0.378903 0.945312 0.376948 0.945312 0.373048 0.943361 0.371093 0.943361 0.369138 0.94141 0.367183
0 0.189449 0.933591 0.187498 0.935546 0.183596 0.935546 0.181644 0.937501 0.177733 0.937501 0.177733 0.943357 0.179685 0.945312 0.179685 0.947267 0.181644 0.949222 0.181644 0.951177 0.185547 0.955077 0.185547 0.957032 0.187498 0.958987 0.187498 0.960942 0.189449 0.962887 0.189449 0.964842 0.191409 0.966797 0.19336 0.964842 0.195312 0.964842 0.197263 0.962887 0.201174 0.962887 0.203125 0.960942 0.205076 0.960942 0.205076 0.958987 0.203125 0.957032 0.203125 0.955077 0.201174 0.953122 0.201174 0.951177 0.199223 0.949222 0.199223 0.945312 0.197263 0.943357 0.197263 0.941401 0.195312 0.939456 0.195312 0.937501 0.19336 0.937501
0 0.468749 0.814455 0.466798 0.81641 0.462887 0.81641 0.462887 0.830075 0.464847 0.83203 0.464847 0.837895 0.466798 0.83984 0.468749 0.83984 0.472661 0.84375 0.474612 0.841795 0.476563 0.841795 0.478514 0.83984 0.480465 0.83984 0.486328 0.833985 0.484376 0.83203 0.484376 0.830075 0.478514 0.82422 0.478514 0.822265 0.474612 0.818355 0.474612 0.81641 0.472661 0.814455
0 0.767579 0.802734 0.763668 0.806644 0.761717 0.806644 0.753903 0.814455 0.751952 0.814455 0.750001 0.81641 0.750001 0.818355 0.751952 0.82031 0.751952 0.82422 0.753903 0.826175 0.753903 0.82813 0.757814 0.82422 0.759766 0.82422 0.763668 0.82031 0.765628 0.82031 0.76953 0.81641 0.771482 0.81641 0.773441 0.814455 0.771482 0.8125 0.771482 0.810544 0.76953 0.808589 0.76953 0.806644 0.767579 0.804689
0 0.310546 0.990238 0.308594 0.992192 0.306643 0.992192 0.304683 0.994137 0.302732 0.994137 0.302732 0.996092 0.300781 0.998047 0.302732 1 0.302732 1 0.304683 1 0.304683 1 0.306643 1 0.306643 1 0.308594 1 0.308594 1 0.310546 1 0.310546 1 0.312497 1 0.312497 1 0.318359 1 0.32031 1 0.324221 1 0.322262 1 0.322262 1 0.32031 1 0.32031 1 0.318359 1 0.318359 1 0.316408 0.998047 0.316408 0.996092
0 0.351564 0.429684 0.347653 0.433594 0.347653 0.437504 0.349613 0.439449 0.349613 0.441404 0.351564 0.443359 0.351564 0.445314 0.353515 0.447269 0.353515 0.449214 0.355467 0.451169 0.355467 0.453125 0.357418 0.45508 0.357418 0.457035 0.359378 0.45898 0.365231 0.45898 0.369142 0.45508 0.369142 0.453125 0.371094 0.451169 0.369142 0.449214 0.369142 0.447269 0.365231 0.443359 0.365231 0.441404 0.36328 0.439449 0.36328 0.437504 0.359378 0.433594 0.359378 0.431639 0.357418 0.429684
0 0.732423 0.744143 0.730471 0.746099 0.728512 0.746099 0.72656 0.748044 0.724609 0.748044 0.722658 0.749999 0.718747 0.749999 0.716796 0.751954 0.714844 0.751954 0.712893 0.753909 0.710933 0.753909 0.712893 0.755864 0.712893 0.757809 0.716796 0.761719 0.716796 0.763674 0.718747 0.765629 0.720707 0.763674 0.722658 0.763674 0.724609 0.761719 0.72656 0.761719 0.728512 0.759764 0.732423 0.759764 0.734374 0.757809 0.736325 0.757809 0.736325 0.755864 0.734374 0.753909 0.734374 0.748044 0.732423 0.746099
0 0.816403 0.281252 0.808598 0.289062 0.808598 0.291017 0.806638 0.292972 0.806638 0.294917 0.804687 0.296872 0.804687 0.298827 0.806638 0.298827 0.808598 0.300782 0.810549 0.300782 0.8125 0.302737 0.814451 0.300782 0.816403 0.300782 0.820314 0.296872 0.822265 0.296872 0.822265 0.294917 0.824216 0.292972 0.824216 0.291017 0.826176 0.289062 0.824216 0.287107 0.824216 0.285152 0.822265 0.283207 0.822265 0.281252
0 0.447269 0.949222 0.443358 0.953122 0.441407 0.953122 0.437504 0.957032 0.435544 0.957032 0.435544 0.958987 0.437504 0.960942 0.437504 0.962887 0.439455 0.964842 0.439455 0.966797 0.441407 0.968752 0.441407 0.970707 0.443358 0.972652 0.443358 0.974607 0.445309 0.976562 0.445309 0.978517 0.447269 0.980472 0.447269 0.982417 0.44922 0.982417 0.451171 0.984372 0.453122 0.982417 0.457034 0.982417 0.458985 0.980472 0.458985 0.978517 0.460936 0.976562 0.458985 0.974607 0.458985 0.972652 0.457034 0.970707 0.457034 0.968752 0.455082 0.966797 0.455082 0.964842 0.453122 0.962887 0.453122 0.960942 0.451171 0.958987 0.451171 0.957032 0.44922 0.955077 0.44922 0.953122 0.447269 0.951177
0 0.289065 0.912106 0.283203 0.917971 0.283203 0.923826 0.285154 0.925781 0.285154 0.927736 0.287105 0.929691 0.287105 0.931636 0.291016 0.935546 0.291016 0.937501 0.292967 0.939456 0.292967 0.941401 0.294919 0.943357 0.296878 0.941401 0.300781 0.941401 0.302732 0.939456 0.304683 0.939456 0.306643 0.937501 0.310546 0.937501 0.308594 0.935546 0.308594 0.933591 0.304683 0.929691 0.304683 0.927736 0.29883 0.921871 0.29883 0.919926 0.294919 0.916016 0.294919 0.914061 0.292967 0.912106
0 0.292967 0.998047 0.291016 1 0.289065 1 0.287105 1 0.285154 1 0.285154 1 0.283203 1 0.283203 1 0.285154 1 0.285154 1 0.287105 1 0.287105 1 0.291016 1 0.291016 1 0.292967 1 0.292967 1 0.294919 1 0.294919 1 0.296878 1 0.300781 1 0.302732 1 0.306643 1 0.308594 1 0.310546 1 0.308594 1 0.308594 1 0.306643 1 0.306643 1 0.302732 1 0.302732 1 0.300781 1 0.300781 1 0.29883 1 0.296878 1
0 0.421877 0.798824 0.419926 0.800779 0.416015 0.800779 0.414064 0.802734 0.410153 0.802734 0.412112 0.804689 0.412112 0.806644 0.414064 0.808589 0.414064 0.810544 0.416015 0.8125 0.416015 0.814455 0.417966 0.81641 0.417966 0.818355 0.419926 0.82031 0.419926 0.822265 0.421877 0.82422 0.421877 0.826175 0.42578 0.822265 0.427731 0.822265 0.431642 0.818355 0.433593 0.818355 0.431642 0.81641 0.431642 0.814455 0.429691 0.8125 0.429691 0.810544 0.42578 0.806644 0.42578 0.804689 0.423828 0.802734 0.423828 0.800779
1 0.162106 0.222661 0.156253 0.228516 0.156253 0.230471 0.142577 0.244136 0.142577 0.246091 0.134763 0.253901 0.140626 0.259767 0.140626 0.261722 0.142577 0.263677 0.15039 0.263677 0.177733 0.236326 0.177733 0.230471 0.173831 0.226561 0.173831 0.224606 0.171871 0.222661
0 0.343751 0.339843 0.33984 0.343753 0.337888 0.343753 0.335937 0.345708 0.335937 0.349608 0.337888 0.351563 0.337888 0.353518 0.3418 0.357418 0.3418 0.359373 0.345702 0.363283 0.345702 0.365238 0.349613 0.369138 0.349613 0.371093 0.351564 0.373048 0.353515 0.371093 0.355467 0.371093 0.359378 0.367183 0.361329 0.367183 0.361329 0.365238 0.359378 0.363283 0.359378 0.361328 0.357418 0.359373 0.357418 0.357418 0.355467 0.355473 0.355467 0.351563 0.353515 0.349608 0.353515 0.347653 0.351564 0.345708 0.351564 0.343753 0.349613 0.341798 0.349613 0.339843
0 0.468749 0.675778 0.466798 0.677733 0.462887 0.677733 0.460936 0.679688 0.455082 0.679688 0.457034 0.681643 0.457034 0.683598 0.458985 0.681643 0.460936 0.683598 0.460936 0.685543 0.462887 0.687498 0.462887 0.689453 0.464847 0.691408 0.464847 0.693363 0.466798 0.695308 0.466798 0.699218 0.468749 0.701173 0.468749 0.703128 0.472661 0.707028 0.472661 0.708983 0.474612 0.710938 0.474612 0.712893 0.476563 0.714849 0.476563 0.712893 0.478514 0.710938 0.478514 0.708983 0.480465 0.707028 0.480465 0.705083 0.482425 0.703128 0.480465 0.701173 0.480465 0.699218 0.478514 0.697263 0.478514 0.695308 0.476563 0.693363 0.476563 0.691408 0.474612 0.689453 0.474612 0.687498 0.472661 0.685543 0.472661 0.683598 0.470701 0.681643 0.470701 0.679688 0.468749 0.677733
0 0.417966 0.601567 0.414064 0.605467 0.412112 0.605467 0.408201 0.609377 0.40625 0.609377 0.404299 0.611332 0.40625 0.613277 0.40625 0.615232 0.408201 0.617187 0.408201 0.619142 0.410153 0.621097 0.410153 0.623042 0.414064 0.626952 0.414064 0.628907 0.416015 0.630862 0.416015 0.632817 0.417966 0.634762 0.417966 0.636717 0.419926 0.638672 0.421877 0.636717 0.423828 0.636717 0.42578 0.634762 0.427731 0.634762 0.429691 0.632817 0.431642 0.632817 0.431642 0.630862 0.429691 0.628907 0.429691 0.626952 0.427731 0.624997 0.427731 0.623042 0.42578 0.621097 0.42578 0.619142 0.423828 0.617187 0.423828 0.613277 0.421877 0.611332 0.421877 0.609377 0.419926 0.607421 0.419926 0.605467 0.417966 0.603512
0 0.269535 0.382813 0.265624 0.386724 0.263673 0.386724 0.263673 0.390624 0.261722 0.392579 0.261722 0.394534 0.265624 0.398434 0.265624 0.400389 0.271487 0.406254 0.271487 0.408199 0.275389 0.412109 0.281251 0.406254 0.283203 0.406254 0.287105 0.402344 0.285154 0.400389 0.285154 0.398434 0.283203 0.396489 0.283203 0.394534 0.281251 0.392579 0.281251 0.390624 0.2793 0.388669 0.27734 0.388669 0.273438 0.384768 0.271487 0.384768
0 0.234379 0.496095 0.232419 0.49805 0.230468 0.49805 0.226566 0.50195 0.224606 0.50195 0.224606 0.515625 0.226566 0.517581 0.226566 0.523436 0.230468 0.523436 0.232419 0.525391 0.23633 0.525391 0.238281 0.527345 0.246095 0.527345 0.249997 0.523436 0.249997 0.52148 0.248046 0.519535 0.248046 0.515625 0.246095 0.51367 0.246095 0.50977 0.244144 0.507815 0.244144 0.503905 0.242184 0.50195 0.242184 0.499995 0.240233 0.499995 0.238281 0.49805 0.23633 0.49805
0 0.367191 0.421874 0.365231 0.423829 0.359378 0.423829 0.359378 0.429684 0.36328 0.433594 0.36328 0.435549 0.369142 0.441404 0.369142 0.443359 0.373045 0.447269 0.378907 0.447269 0.38281 0.443359 0.38281 0.441404 0.384769 0.439449 0.38281 0.437504 0.38281 0.435549 0.380858 0.433594 0.380858 0.431639 0.378907 0.429684 0.378907 0.427739 0.376956 0.425784 0.376956 0.423829 0.374996 0.421874
0 0.458985 0.683598 0.457034 0.685543 0.455082 0.685543 0.453122 0.687498 0.451171 0.687498 0.44922 0.689453 0.445309 0.689453 0.443358 0.691408 0.441407 0.691408 0.443358 0.693363 0.443358 0.695308 0.445309 0.697263 0.445309 0.699218 0.447269 0.701173 0.447269 0.703128 0.451171 0.707028 0.451171 0.708983 0.453122 0.710938 0.453122 0.712893 0.455082 0.714849 0.455082 0.716794 0.457034 0.718748 0.457034 0.720703 0.458985 0.722659 0.460936 0.720703 0.474612 0.720703 0.474612 0.718748 0.472661 0.716794 0.472661 0.714849 0.470701 0.712893 0.470701 0.710938 0.468749 0.708983 0.468749 0.705083 0.466798 0.703128 0.466798 0.701173 0.464847 0.699218 0.464847 0.695308 0.462887 0.693363 0.462887 0.691408 0.460936 0.689453 0.460936 0.687498 0.458985 0.685543
0 0.300781 0.365238 0.296878 0.369138 0.294919 0.369138 0.291016 0.373048 0.289065 0.373048 0.289065 0.376948 0.291016 0.378903 0.291016 0.380858 0.294919 0.384768 0.294919 0.386724 0.296878 0.388669 0.296878 0.390624 0.300781 0.394534 0.300781 0.396489 0.302732 0.398434 0.310546 0.390624 0.310546 0.386724 0.308594 0.384768 0.308594 0.376948 0.306643 0.375003 0.306643 0.371093
0 0.249997 0.941401 0.248046 0.943357 0.244144 0.943357 0.242184 0.945312 0.238281 0.945312 0.240233 0.947267 0.240233 0.949222 0.242184 0.951177 0.242184 0.953122 0.244144 0.955077 0.244144 0.957032 0.246095 0.958987 0.246095 0.960942 0.248046 0.962887 0.248046 0.964842 0.249997 0.964842 0.251957 0.966797 0.253908 0.964842 0.261722 0.964842 0.261722 0.960942 0.259762 0.958987 0.259762 0.957032 0.257811 0.955077 0.257811 0.953122 0.253908 0.949222 0.253908 0.947267 0.251957 0.945312 0.251957 0.943357
0 0.052735 0.681643 0.046872 0.687498 0.046872 0.697263 0.048832 0.699218 0.048832 0.708983 0.050783 0.710938 0.050783 0.712893 0.056637 0.718748 0.056637 0.720703 0.058597 0.722659 0.060548 0.720703 0.062499 0.720703 0.064451 0.718748 0.06641 0.718748 0.068362 0.716794 0.070313 0.716794 0.070313 0.710938 0.068362 0.708983 0.068362 0.703128 0.06641 0.701173 0.06641 0.699218 0.060548 0.693363 0.060548 0.691408 0.054686 0.685543 0.054686 0.683598
0 0.419926 0.519535 0.417966 0.52148 0.416015 0.52148 0.412112 0.525391 0.410153 0.525391 0.410153 0.527345 0.412112 0.529301 0.412112 0.531246 0.414064 0.533201 0.414064 0.535156 0.416015 0.537111 0.416015 0.539066 0.417966 0.541011 0.417966 0.542966 0.419926 0.54492 0.419926 0.546876 0.421877 0.548831 0.421877 0.550786 0.423828 0.552731 0.423828 0.554686 0.42578 0.552731 0.427731 0.552731 0.429691 0.550786 0.433593 0.550786 0.435544 0.548831 0.437504 0.548831 0.435544 0.546876 0.435544 0.54492 0.433593 0.542966 0.433593 0.541011 0.429691 0.537111 0.429691 0.535156 0.427731 0.533201 0.427731 0.531246 0.423828 0.527345 0.423828 0.525391 0.421877 0.523436 0.421877 0.52148
0 0.345702 0.753909 0.343751 0.755864 0.335937 0.755864 0.337888 0.757809 0.337888 0.759764 0.33984 0.761719 0.33984 0.763674 0.3418 0.765629 0.3418 0.767574 0.343751 0.769529 0.343751 0.771484 0.345702 0.773439 0.345702 0.775394 0.347653 0.777339 0.347653 0.779294 0.349613 0.78125 0.349613 0.783204 0.351564 0.785159 0.353515 0.783204 0.355467 0.783204 0.357418 0.78125 0.361329 0.78125 0.359378 0.779294 0.359378 0.777339 0.357418 0.775394 0.357418 0.773439 0.355467 0.771484 0.355467 0.769529 0.351564 0.765629 0.351564 0.763674 0.349613 0.761719 0.349613 0.759764 0.347653 0.757809 0.347653 0.755864
0 0.667972 0.630862 0.66211 0.636717 0.660159 0.636717 0.650394 0.646482 0.648434 0.646482 0.644532 0.650393 0.646483 0.652348 0.646483 0.654293 0.648434 0.656247 0.648434 0.658202 0.652345 0.654293 0.654296 0.654293 0.658207 0.650393 0.660159 0.650393 0.664061 0.646482 0.666012 0.646482 0.669923 0.642582 0.671875 0.642582 0.673826 0.640627 0.671875 0.638672 0.671875 0.636717 0.669923 0.634762 0.669923 0.632817
0 0.23633 0.808589 0.230468 0.814455 0.228517 0.814455 0.226566 0.81641 0.226566 0.818355 0.228517 0.82031 0.228517 0.822265 0.230468 0.82422 0.230468 0.82813 0.232419 0.830075 0.232419 0.83203 0.234379 0.833985 0.234379 0.83594 0.244144 0.845705 0.242184 0.84766 0.240233 0.84766 0.240233 0.85156 0.242184 0.849605 0.244144 0.849605 0.248046 0.845705 0.249997 0.845705 0.253908 0.841795 0.25586 0.841795 0.253908 0.83984 0.253908 0.837895 0.251957 0.83594 0.251957 0.833985 0.248046 0.830075 0.248046 0.82813 0.246095 0.826175 0.246095 0.82422 0.244144 0.822265 0.244144 0.82031 0.240233 0.81641 0.240233 0.814455 0.238281 0.8125 0.238281 0.810544
0 0.462887 0.580081 0.460936 0.582026 0.458985 0.582026 0.457034 0.583982 0.455082 0.583982 0.453122 0.585937 0.451171 0.585937 0.44922 0.587892 0.447269 0.587892 0.447269 0.589847 0.44922 0.591801 0.44922 0.593746 0.451171 0.595702 0.451171 0.597657 0.453122 0.599611 0.453122 0.601567 0.455082 0.603512 0.455082 0.605467 0.457034 0.607421 0.457034 0.609377 0.458985 0.611332 0.458985 0.613277 0.460936 0.611332 0.462887 0.611332 0.464847 0.609377 0.466798 0.609377 0.468749 0.607421 0.472661 0.607421 0.474612 0.605467 0.476563 0.605467 0.474612 0.603512 0.474612 0.601567 0.472661 0.599611 0.472661 0.597657 0.470701 0.595702 0.470701 0.593746 0.468749 0.591801 0.468749 0.589847 0.466798 0.587892 0.466798 0.585937 0.464847 0.583982 0.464847 0.582026
0 0.777344 0.826175 0.775393 0.82813 0.773441 0.82813 0.771482 0.830075 0.767579 0.830075 0.765628 0.83203 0.763668 0.83203 0.761717 0.833985 0.757814 0.833985 0.755863 0.83594 0.753903 0.83594 0.759766 0.841795 0.761717 0.83984 0.76953 0.83984 0.771482 0.837895 0.779295 0.837895 0.779295 0.833985 0.777344 0.83203
0 0.337888 0.974607 0.335937 0.976562 0.330075 0.976562 0.330075 0.982417 0.332035 0.984372 0.332035 0.986327 0.333986 0.988282 0.333986 0.990238 0.335937 0.992192 0.335937 0.996092 0.337888 0.998047 0.337888 1 0.33984 1 0.33984 1 0.3418 1 0.345702 1 0.347653 1 0.353515 1 0.353515 0.998047 0.351564 0.996092 0.351564 0.994137 0.349613 0.992192 0.349613 0.990238 0.347653 0.988282 0.347653 0.986327 0.345702 0.984372 0.345702 0.982417 0.343751 0.980472 0.343751 0.978517 0.3418 0.978517
0 0.986331 0.570316 0.984371 0.572261 0.98242 0.572261 0.980469 0.574216 0.978518 0.574216 0.976566 0.576171 0.974607 0.576171 0.972655 0.578126 0.970704 0.578126 0.968753 0.580081 0.966793 0.580081 0.966793 0.583982 0.964842 0.585937 0.964842 0.587892 0.976566 0.599611 0.984371 0.591801 0.986331 0.591801 0.998047 0.580081 0.996096 0.578126 0.996096 0.576171 0.994145 0.574216 0.994145 0.572261 0.992185 0.570316
1 0.175782 0.111324 0.173831 0.113279 0.160155 0.113279 0.158204 0.115235 0.144528 0.115235 0.142577 0.117189 0.12695 0.117189 0.124999 0.119144 0.111332 0.119144 0.109372 0.121089 0.095705 0.121089 0.091794 0.125 0.091794 0.134765 0.093753 0.134765 0.097656 0.138675 0.099607 0.13672 0.124999 0.13672 0.12695 0.134765 0.15039 0.134765 0.152342 0.13281 0.177733 0.13281 0.177733 0.130855 0.179685 0.12891 0.179685 0.126955 0.177733 0.125 0.177733 0.117189 0.175782 0.115235
0 0.900391 0.384768 0.900391 0.386724 0.89844 0.388669 0.89844 0.390624 0.900391 0.392579 0.900391 0.394534 0.902342 0.396489 0.902342 0.398434 0.904294 0.400389 0.904294 0.402344 0.906254 0.404299 0.906254 0.406254 0.908205 0.408199 0.908205 0.410154 0.910156 0.412109 0.910156 0.414064 0.912107 0.416019 0.914058 0.414064 0.916018 0.414064 0.919921 0.410154 0.921872 0.410154 0.919921 0.408199 0.919921 0.406254 0.91797 0.404299 0.91797 0.402344 0.914058 0.398434 0.914058 0.396489 0.912107 0.394534 0.912107 0.392579 0.910156 0.390624 0.910156 0.388669 0.908205 0.386724 0.902342 0.386724
0 0.332035 0.658202 0.330075 0.660158 0.326173 0.660158 0.324221 0.662112 0.32031 0.662112 0.318359 0.664058 0.314457 0.664058 0.316408 0.666012 0.316408 0.667968 0.318359 0.669923 0.318359 0.671877 0.322262 0.675778 0.322262 0.677733 0.328124 0.683598 0.328124 0.685543 0.332035 0.689453 0.333986 0.687498 0.337888 0.687498 0.33984 0.685543 0.345702 0.685543 0.343751 0.683598 0.343751 0.681643 0.3418 0.679688 0.3418 0.677733 0.33984 0.675778 0.33984 0.673833 0.337888 0.671877 0.337888 0.669923 0.335937 0.667968 0.335937 0.666012 0.333986 0.664058 0.333986 0.662112 0.332035 0.660158
0 0.257811 0.888676 0.25586 0.890621 0.253908 0.890621 0.249997 0.894531 0.248046 0.894531 0.248046 0.896486 0.249997 0.898441 0.249997 0.902341 0.251957 0.904296 0.251957 0.906251 0.25586 0.910161 0.25586 0.912106 0.259762 0.916016 0.259762 0.917971 0.261722 0.919926 0.263673 0.917971 0.267576 0.917971 0.269535 0.916016 0.275389 0.916016 0.275389 0.914061 0.273438 0.912106 0.273438 0.910161 0.271487 0.908206 0.271487 0.906251 0.269535 0.904296 0.269535 0.900386 0.267576 0.898441 0.267576 0.896486 0.265624 0.894531 0.265624 0.892576 0.263673 0.892576 0.261722 0.890621 0.259762 0.890621
0 1 0.621097 1 0.623042 1 0.623042 1 0.626952 1 0.626952 1 0.630862 1 0.630862 1 0.634762 0.999998 0.634762 0.998047 0.636717 0.999998 0.638672 0.999998 0.640627 1 0.642582 1 0.644527 1 0.646482 1 0.644527 1 0.644527 1 0.642582 1 0.642582 1 0.638672 1 0.638672 1 0.636717 1 0.636717 1 0.634762 1 0.634762 1 0.632817 1 0.630862 1 0.628907 1 0.626952 1 0.624997 1 0.623042
0 0.332035 0.347653 0.330075 0.349608 0.326173 0.349608 0.324221 0.351563 0.322262 0.351563 0.32031 0.353518 0.316408 0.353518 0.316408 0.355473 0.318359 0.357418 0.318359 0.359373 0.32031 0.361328 0.32031 0.363283 0.322262 0.365238 0.322262 0.367183 0.324221 0.369138 0.324221 0.371093 0.326173 0.373048 0.326173 0.375003 0.328124 0.376948 0.328124 0.378903 0.330075 0.376948 0.332035 0.376948 0.333986 0.375003 0.335937 0.375003 0.337888 0.373048 0.33984 0.373048 0.3418 0.371093 0.343751 0.371093 0.3418 0.369138 0.3418 0.367183 0.33984 0.365238 0.33984 0.363283 0.337888 0.361328 0.337888 0.359373 0.335937 0.357418 0.335937 0.355473 0.333986 0.353518 0.333986 0.351563 0.332035 0.349608
0 0.183596 0.84766 0.181644 0.849605 0.177733 0.849605 0.175782 0.85156 0.171871 0.85156 0.16992 0.853515 0.166017 0.853515 0.173831 0.861326 0.173831 0.86328 0.183596 0.873045 0.183596 0.875 0.189449 0.880856 0.19336 0.876956 0.19336 0.875 0.197263 0.87109 0.195312 0.869145 0.195312 0.86719 0.19336 0.865235 0.19336 0.86328 0.189449 0.85937 0.189449 0.857425 0.187498 0.85547 0.187498 0.853515 0.185547 0.85156 0.185547 0.849605
0 0.38281 0.82031 0.378907 0.82422 0.376956 0.82422 0.374996 0.826175 0.374996 0.833985 0.376956 0.83594 0.376956 0.837895 0.38281 0.84375 0.38281 0.845705 0.384769 0.84766 0.392574 0.84766 0.394534 0.845705 0.396485 0.845705 0.398437 0.84375 0.400388 0.84375 0.398437 0.841795 0.398437 0.83984 0.396485 0.837895 0.396485 0.83594 0.394534 0.833985 0.394534 0.83203 0.392574 0.830075 0.392574 0.82813 0.390623 0.826175 0.390623 0.82422 0.388672 0.822265 0.388672 0.82031
0 0.457034 0.499995 0.455082 0.50195 0.447269 0.50195 0.445309 0.503905 0.435544 0.503905 0.437504 0.50586 0.437504 0.507815 0.441407 0.511715 0.441407 0.51367 0.445309 0.517581 0.445309 0.519535 0.447269 0.52148 0.447269 0.523436 0.451171 0.527345 0.451171 0.529301 0.455082 0.533201 0.455082 0.535156 0.457034 0.537111 0.466798 0.527345 0.466798 0.525391 0.464847 0.523436 0.464847 0.519535 0.462887 0.517581 0.462887 0.515625 0.460936 0.51367 0.460936 0.50977 0.458985 0.507815 0.458985 0.503905 0.457034 0.50195
1 0.15039 0.087894 0.148439 0.089839 0.140626 0.089839 0.138674 0.091794 0.130861 0.091794 0.12891 0.093749 0.121096 0.093749 0.119136 0.095704 0.111332 0.095704 0.109372 0.09766 0.101558 0.09766 0.099607 0.099614 0.091794 0.099614 0.089842 0.101559 0.078126 0.101559 0.078126 0.103514 0.080078 0.10547 0.080078 0.107424 0.082029 0.109379 0.082029 0.111324 0.083989 0.111324 0.087891 0.115235 0.089842 0.113279 0.105469 0.113279 0.107421 0.111324 0.123047 0.111324 0.124999 0.109379 0.142577 0.109379 0.144528 0.107424 0.160155 0.107424 0.162106 0.10547 0.162106 0.103514 0.164066 0.101559 0.164066 0.087894
0 0.386721 0.865235 0.380858 0.87109 0.380858 0.876956 0.38281 0.878911 0.38281 0.884766 0.384769 0.886721 0.384769 0.888676 0.388672 0.892576 0.390623 0.890621 0.392574 0.890621 0.396485 0.886721 0.398437 0.886721 0.400388 0.884766 0.400388 0.882811 0.402348 0.880856 0.400388 0.878911 0.400388 0.876956 0.398437 0.875 0.398437 0.873045 0.396485 0.87109 0.396485 0.869145 0.394534 0.86719 0.394534 0.865235
0 0.142577 0.875 0.140626 0.876956 0.138674 0.876956 0.136715 0.878911 0.132812 0.878911 0.130861 0.880856 0.12891 0.880856 0.12891 0.882811 0.130861 0.884766 0.130861 0.886721 0.132812 0.888676 0.132812 0.890621 0.134763 0.892576 0.134763 0.894531 0.136715 0.896486 0.136715 0.898441 0.138674 0.900386 0.138674 0.902341 0.140626 0.904296 0.140626 0.906251 0.142577 0.908206 0.142577 0.910161 0.144528 0.908206 0.148439 0.908206 0.15039 0.906251 0.152342 0.906251 0.154293 0.904296 0.158204 0.904296 0.156253 0.902341 0.156253 0.900386 0.154293 0.898441 0.154293 0.896486 0.152342 0.894531 0.152342 0.892576 0.15039 0.890621 0.15039 0.888676 0.148439 0.886721 0.148439 0.884766 0.146488 0.882811 0.146488 0.880856 0.144528 0.878911 0.144528 0.876956
0 0.384769 0.736323 0.38281 0.738278 0.378907 0.738278 0.376956 0.740234 0.373045 0.740234 0.371094 0.742188 0.373045 0.744143 0.373045 0.746099 0.374996 0.746099 0.378907 0.749999 0.378907 0.751954 0.384769 0.757809 0.384769 0.759764 0.388672 0.763674 0.394534 0.757809 0.396485 0.757809 0.398437 0.755864 0.396485 0.753909 0.396485 0.751954 0.390623 0.746099 0.390623 0.744143 0.386721 0.740234 0.386721 0.738278
0 0.693355 0.664058 0.691404 0.666012 0.689453 0.666012 0.687501 0.667968 0.68555 0.667968 0.68359 0.669923 0.681639 0.669923 0.679688 0.671877 0.677737 0.671877 0.675777 0.673833 0.673826 0.673833 0.671875 0.675778 0.669923 0.675778 0.667972 0.677733 0.666012 0.677733 0.664061 0.679688 0.66211 0.679688 0.671875 0.689453 0.673826 0.687498 0.675777 0.687498 0.677737 0.685543 0.679688 0.685543 0.681639 0.683598 0.68359 0.683598 0.687501 0.679688 0.689453 0.679688 0.691404 0.677733 0.693355 0.677733 0.695315 0.675778 0.697266 0.675778 0.697266 0.673833 0.695315 0.671877 0.695315 0.667968 0.693355 0.666012
0 0.224606 0.587892 0.222654 0.589847 0.216801 0.589847 0.216801 0.591801 0.214841 0.593746 0.214841 0.595702 0.216801 0.597657 0.216801 0.599611 0.218752 0.601567 0.218752 0.603512 0.222654 0.607421 0.222654 0.609377 0.224606 0.611332 0.224606 0.613277 0.226566 0.615232 0.226566 0.617187 0.228517 0.619142 0.230468 0.619142 0.232419 0.621097 0.234379 0.619142 0.23633 0.619142 0.238281 0.617187 0.240233 0.617187 0.244144 0.613277 0.242184 0.611332 0.242184 0.609377 0.240233 0.607421 0.240233 0.605467 0.238281 0.603512 0.238281 0.601567 0.23633 0.599611 0.23633 0.597657 0.234379 0.595702 0.234379 0.593746 0.232419 0.591801 0.230468 0.591801 0.228517 0.589847 0.226566 0.589847
0 0.427731 0.707028 0.423828 0.710938 0.421877 0.710938 0.417966 0.714849 0.416015 0.714849 0.417966 0.714849 0.419926 0.716794 0.419926 0.718748 0.421877 0.720703 0.421877 0.726559 0.423828 0.728513 0.423828 0.730468 0.42578 0.732424 0.42578 0.734378 0.427731 0.736323 0.427731 0.738278 0.429691 0.740234 0.429691 0.742188 0.433593 0.738278 0.435544 0.738278 0.439455 0.734378 0.441407 0.734378 0.443358 0.732424 0.441407 0.730468 0.441407 0.728513 0.439455 0.726559 0.439455 0.724613 0.435544 0.720703 0.435544 0.718748 0.431642 0.714849 0.431642 0.712893 0.429691 0.710938 0.429691 0.708983
0 0.388672 0.988282 0.386721 0.990238 0.38281 0.990238 0.380858 0.992192 0.374996 0.992192 0.374996 0.994137 0.376956 0.996092 0.376956 0.998047 0.378907 1 0.378907 1 0.380858 1 0.380858 1 0.38281 1 0.38281 1 0.388672 1 0.390623 1 0.392574 1 0.400388 1 0.402348 1 0.402348 1 0.404299 1 0.402348 1 0.402348 1 0.400388 1 0.398437 1 0.396485 1 0.396485 1 0.394534 1 0.394534 1 0.392574 0.998047 0.392574 0.994137 0.390623 0.992192 0.390623 0.990238
0 0.443358 0.777339 0.441407 0.779294 0.439455 0.779294 0.437504 0.78125 0.435544 0.78125 0.435544 0.787115 0.437504 0.78906 0.437504 0.791014 0.439455 0.792969 0.439455 0.794924 0.441407 0.796879 0.441407 0.798824 0.445309 0.802734 0.445309 0.804689 0.447269 0.806644 0.447269 0.808589 0.44922 0.810544 0.44922 0.8125 0.451171 0.814455 0.455082 0.814455 0.457034 0.81641 0.458985 0.814455 0.460936 0.814455 0.462887 0.8125 0.464847 0.8125 0.464847 0.806644 0.462887 0.804689 0.462887 0.802734 0.460936 0.800779 0.460936 0.798824 0.457034 0.794924 0.457034 0.792969 0.455082 0.791014 0.455082 0.78906 0.451171 0.785159 0.451171 0.783204 0.44922 0.78125 0.44922 0.779294 0.447269 0.777339
0 0.259762 0.484375 0.251957 0.492185 0.259762 0.499995 0.259762 0.50195 0.263673 0.50586 0.267576 0.50586 0.269535 0.503905 0.271487 0.503905 0.273438 0.50195 0.271487 0.499995 0.271487 0.49805 0.269535 0.496095 0.269535 0.49414 0.267576 0.492185 0.267576 0.49023 0.265624 0.488285 0.263673 0.488285
0 0.408201 0.933591 0.404299 0.937501 0.402348 0.937501 0.402348 0.943357 0.404299 0.945312 0.404299 0.947267 0.408201 0.951177 0.408201 0.953122 0.410153 0.955077 0.410153 0.957032 0.412112 0.958987 0.414064 0.957032 0.417966 0.957032 0.419926 0.955077 0.421877 0.955077 0.423828 0.953122 0.427731 0.953122 0.42578 0.951177 0.42578 0.949222 0.423828 0.947267 0.423828 0.945312 0.419926 0.941401 0.419926 0.939456 0.417966 0.937501 0.417966 0.935546 0.416015 0.933591
0 0.431642 0.511715 0.427731 0.515625 0.42578 0.515625 0.423828 0.517581 0.42578 0.519535 0.42578 0.52148 0.427731 0.523436 0.427731 0.525391 0.429691 0.527345 0.429691 0.529301 0.431642 0.531246 0.431642 0.533201 0.433593 0.535156 0.433593 0.537111 0.435544 0.539066 0.435544 0.541011 0.437504 0.542966 0.44922 0.531246 0.439455 0.52148 0.439455 0.519535
0 0.210939 0.83203 0.207028 0.83594 0.205076 0.83594 0.201174 0.83984 0.199223 0.83984 0.201174 0.841795 0.201174 0.84375 0.205076 0.84766 0.205076 0.849605 0.207028 0.85156 0.207028 0.853515 0.210939 0.857425 0.210939 0.85937 0.21289 0.861326 0.214841 0.85937 0.218752 0.85937 0.220703 0.857425 0.226566 0.857425 0.224606 0.85547 0.224606 0.853515 0.222654 0.85156 0.222654 0.849605 0.218752 0.845705 0.218752 0.84375 0.214841 0.83984 0.214841 0.837895 0.21289 0.83594 0.21289 0.833985
0 0.2793 0.791014 0.27734 0.792969 0.275389 0.792969 0.271487 0.796879 0.269535 0.796879 0.271487 0.798824 0.271487 0.800779 0.273438 0.802734 0.273438 0.804689 0.27734 0.808589 0.27734 0.810544 0.2793 0.8125 0.2793 0.814455 0.281251 0.81641 0.281251 0.818355 0.283203 0.82031 0.283203 0.822265 0.285154 0.82422 0.285154 0.826175 0.296878 0.814455 0.292967 0.810544 0.292967 0.808589 0.287105 0.802734 0.287105 0.800779 0.281251 0.794924 0.281251 0.792969
0 0.724609 0.726559 0.722658 0.728513 0.720707 0.728513 0.718747 0.730468 0.716796 0.730468 0.712893 0.734378 0.710933 0.734378 0.708982 0.736323 0.707031 0.736323 0.70508 0.738278 0.703129 0.738278 0.703129 0.740234 0.70508 0.742188 0.70508 0.748044 0.707031 0.749999 0.707031 0.751954 0.708982 0.749999 0.712893 0.749999 0.714844 0.748044 0.716796 0.748044 0.718747 0.746099 0.722658 0.746099 0.724609 0.744143 0.72656 0.744143 0.728512 0.742188 0.732423 0.742188 0.730471 0.740234 0.730471 0.738278 0.728512 0.736323 0.728512 0.734378 0.72656 0.732424 0.72656 0.730468 0.724609 0.728513
0 0.878902 0.382813 0.876951 0.384768 0.875 0.384768 0.871097 0.388669 0.869137 0.388669 0.865235 0.392579 0.863284 0.392579 0.859373 0.396489 0.857421 0.396489 0.857421 0.400389 0.859373 0.400389 0.861324 0.402344 0.863284 0.402344 0.865235 0.404299 0.867186 0.402344 0.873048 0.402344 0.878902 0.396489 0.880862 0.396489 0.884764 0.392579 0.884764 0.386724 0.880862 0.382813
1 0.046872 0.261722 0.044921 0.263677 0.04297 0.263677 0.041019 0.265622 0.039059 0.265622 0.037108 0.267577 0.035156 0.267577 0.033205 0.269532 0.031254 0.269532 0.031254 0.279297 0.033205 0.281252 0.033205 0.291017 0.037108 0.287107 0.039059 0.287107 0.046872 0.279297 0.048832 0.279297 0.054686 0.273442 0.056637 0.273442 0.058597 0.271487 0.058597 0.269532 0.060548 0.267577 0.060548 0.265622 0.058597 0.265622 0.056637 0.263677 0.054686 0.263677 0.052735 0.261722
0 0.357418 0.335933 0.355467 0.337888 0.351564 0.337888 0.351564 0.339843 0.353515 0.341798 0.353515 0.345708 0.355467 0.347653 0.355467 0.349608 0.357418 0.351563 0.357418 0.355473 0.359378 0.357418 0.359378 0.359373 0.361329 0.361328 0.361329 0.363283 0.365231 0.363283 0.369142 0.359373 0.371094 0.359373 0.369142 0.357418 0.369142 0.355473 0.367191 0.353518 0.367191 0.351563 0.36328 0.347653 0.36328 0.345708 0.361329 0.343753 0.361329 0.341798 0.359378 0.339843 0.359378 0.337888
0 0.435544 0.46289 0.433593 0.464845 0.431642 0.464845 0.427731 0.468755 0.42578 0.468755 0.423828 0.4707 0.421877 0.4707 0.423828 0.472655 0.423828 0.47461 0.42578 0.476565 0.42578 0.47852 0.427731 0.480465 0.427731 0.48242 0.431642 0.48633 0.431642 0.488285 0.433593 0.49023 0.433593 0.492185 0.435544 0.49414 0.435544 0.496095 0.437504 0.49805 0.437504 0.499995 0.439455 0.50195 0.443358 0.49805 0.445309 0.49805 0.44922 0.49414 0.451171 0.49414 0.44922 0.492185 0.44922 0.49023 0.447269 0.488285 0.447269 0.48633 0.445309 0.484375 0.445309 0.48242 0.443358 0.480465 0.443358 0.47852 0.441407 0.476565 0.441407 0.47461 0.439455 0.472655 0.439455 0.4707 0.437504 0.468755 0.437504 0.4668 0.435544 0.464845
0 0.197263 0.419919 0.195312 0.421874 0.19336 0.421874 0.191409 0.423829 0.187498 0.423829 0.187498 0.431639 0.189449 0.433594 0.189449 0.435549 0.191409 0.437504 0.191409 0.439449 0.19336 0.441404 0.19336 0.443359 0.195312 0.445314 0.195312 0.447269 0.197263 0.449214 0.197263 0.451169 0.203125 0.451169 0.205076 0.453125 0.207028 0.451169 0.210939 0.451169 0.21289 0.449214 0.21289 0.447269 0.214841 0.445314 0.214841 0.443359 0.21289 0.441404 0.21289 0.439449 0.210939 0.437504 0.210939 0.435549 0.208987 0.433594 0.208987 0.431639 0.207028 0.429684 0.207028 0.427739 0.205076 0.425784 0.205076 0.423829 0.203125 0.421874 0.203125 0.419919
0 0.380858 0.630862 0.378907 0.632817 0.376956 0.632817 0.376956 0.638672 0.378907 0.640627 0.378907 0.642582 0.380858 0.644527 0.380858 0.646482 0.390623 0.656247 0.398437 0.648437 0.390623 0.640627 0.390623 0.638672 0.38281 0.630862
1 0.265624 0.130855 0.263673 0.13281 0.263673 0.134765 0.257811 0.14063 0.257811 0.142575 0.251957 0.14844 0.251957 0.150395 0.249997 0.15234 0.249997 0.154295 0.251957 0.15625 0.251957 0.16016 0.257811 0.16016 0.259762 0.162105 0.263673 0.158205 0.265624 0.158205 0.267576 0.15625 0.267576 0.154295 0.269535 0.15234 0.269535 0.150395 0.273438 0.146485 0.273438 0.14453 0.275389 0.142575 0.269535 0.13672 0.269535 0.134765