13 0.378906 0.480468 0.378906 0.521484 0.376953 0.523437 0.376953 0.607421 0.375 0.609374 0.375 0.65039 0.453125 0.65039 0.455078 0.652345 0.455078 0.611329 0.457032 0.609374 0.457032 0.527344 0.458985 0.525391 0.458985 0.484375 0.419922 0.484375 0.417968 0.482422 0.38086 0.482422
0 0.964843 0.289063 0.962891 0.291016 0.960938 0.291016 0.960938 0.300781 0.962891 0.300781 0.964843 0.302735 0.992187 0.302735 0.994141 0.300781 0.994141 0.291016 0.992187 0.291016 0.990235 0.289063
4 0.769532 0.439454 0.769532 0.49414 0.767578 0.496095 0.767578 0.550781 0.845703 0.550781 0.847656 0.552735 0.925781 0.552735 0.927735 0.554688 0.927735 0.5 0.929687 0.498047 0.929687 0.443359 0.851563 0.443359 0.849609 0.441406 0.771484 0.441406
0 0.25 0.417969 0.232421 0.435547 0.232421 0.437499 0.230469 0.439454 0.234375 0.443359 0.234375 0.445311 0.236328 0.447266 0.240234 0.447266 0.25 0.437499 0.251953 0.437499 0.259765 0.429687 0.259765 0.427734 0.255859 0.423827 0.255859 0.421875 0.251953 0.417969
13 0.474609 0.482422 0.474609 0.523437 0.472657 0.525391 0.472657 0.609374 0.470703 0.611329 0.470703 0.652345 0.509765 0.652345 0.511719 0.654297 0.548828 0.654297 0.550781 0.65625 0.550781 0.615234 0.552734 0.613281 0.552734 0.529296 0.554688 0.527344 0.554688 0.486328 0.515625 0.486328 0.513672 0.484375 0.476563 0.484375
0 0.300781 0.386718 0.294922 0.392578 0.292969 0.392578 0.28125 0.404297 0.279297 0.404297 0.275391 0.408202 0.275391 0.410157 0.279297 0.414062 0.279297 0.416015 0.28125 0.417969 0.285157 0.417969 0.287109 0.416015 0.289062 0.416015 0.292969 0.41211 0.294922 0.41211 0.296875 0.410157 0.298828 0.410157 0.300781 0.408202 0.302734 0.408202 0.306641 0.404297 0.308593 0.404297 0.310547 0.402343 0.3125 0.402343 0.3125 0.398438 0.310547 0.396485 0.310547 0.39453 0.308593 0.392578 0.308593 0.390625 0.306641 0.388673 0.306641 0.386718
0 0.277344 0.371094 0.273437 0.375001 0.271485 0.375001 0.267578 0.378906 0.265626 0.378906 0.261719 0.382813 0.259765 0.382813 0.255859 0.386718 0.253906 0.386718 0.251953 0.388673 0.251953 0.39453 0.257813 0.40039 0.259765 0.40039 0.263672 0.396485 0.265626 0.396485 0.269531 0.392578 0.271485 0.392578 0.275391 0.388673 0.277344 0.388673 0.28125 0.384766 0.283203 0.384766 0.285157 0.382813 0.285157 0.378906 0.28125 0.375001 0.28125 0.373046 0.279297 0.371094
1 0.53125 0.302735 0.53125 0.310548 0.529296 0.3125 0.529296 0.316405 0.53125 0.316405 0.533203 0.31836 0.570312 0.31836 0.570312 0.302735
0 0.689453 0.302735 0.6875 0.304688 0.685547 0.304688 0.685547 0.316405 0.6875 0.316405 0.689453 0.31836 0.71875 0.31836 0.71875 0.316405 0.720704 0.314453 0.720704 0.306641 0.71875 0.304688 0.71875 0.302735
8 0.695312 0.654297 0.691406 0.658202 0.689453 0.658202 0.6875 0.660157 0.6875 0.667969 0.689453 0.667969 0.69336 0.671874 0.695312 0.669922 0.697266 0.669922 0.699219 0.667969 0.701171 0.667969 0.701171 0.666015 0.699219 0.664062 0.699219 0.660157 0.697266 0.658202 0.697266 0.65625
4 0.765625 0.560548 0.765625 0.615234 0.763671 0.617188 0.763671 0.671874 0.84375 0.671874 0.845703 0.673829 0.923828 0.673829 0.925781 0.675782 0.925781 0.621093 0.927735 0.619141 0.927735 0.566405 0.875 0.566405 0.873047 0.564453 0.822266 0.564453 0.820312 0.5625 0.767578 0.5625
0 0.960938 0.791016 0.958984 0.792968 0.958984 0.81836 0.960938 0.820312 0.960938 0.822265 0.97461 0.822265 0.97461 0.820312 0.976563 0.81836 0.976563 0.80664 0.97461 0.804688 0.97461 0.792968 0.972656 0.792968 0.970703 0.791016
0 0.302734 0.300781 0.302734 0.302735 0.300781 0.304688 0.300781 0.308593 0.298828 0.310548 0.298828 0.314453 0.300781 0.314453 0.302734 0.316405 0.326172 0.316405 0.328124 0.314453 0.330078 0.314453 0.330078 0.310548 0.332031 0.308593 0.332031 0.304688 0.328124 0.300781
0 0.3125 0.41211 0.306641 0.417969 0.304688 0.417969 0.294922 0.427734 0.292969 0.427734 0.289062 0.431641 0.289062 0.433594 0.292969 0.437499 0.292969 0.439454 0.296875 0.443359 0.298828 0.443359 0.304688 0.437499 0.306641 0.437499 0.316406 0.427734 0.31836 0.427734 0.322265 0.423827 0.322265 0.421875 0.320313 0.419922 0.320313 0.417969 0.31836 0.416015 0.31836 0.414062 0.316406 0.41211