0 0.291015 0.464841 0.289061 0.466795 0.285157 0.466795 0.283202 0.46875 0.283202 0.476565 0.285157 0.478514 0.285157 0.480468 0.289061 0.484375 0.289061 0.48633 0.291015 0.488283 0.29297 0.488283 0.294925 0.490232 0.298828 0.490232 0.298828 0.488283 0.300783 0.48633 0.300783 0.484375 0.302732 0.482422 0.302732 0.480468 0.300783 0.478514 0.300783 0.476565 0.298828 0.474611 0.298828 0.472657 0.296874 0.470703 0.296874 0.46875 0.294925 0.46875
0 0.119143 0.289062 0.117188 0.291016 0.117188 0.294924 0.115233 0.296873 0.115233 0.302734 0.117188 0.304688 0.117188 0.310545 0.119143 0.312499 0.119143 0.314453 0.121092 0.312499 0.123046 0.312499 0.123046 0.310545 0.126955 0.306642 0.126955 0.302734 0.125001 0.30078 0.125001 0.294924 0.123046 0.29297 0.123046 0.291016 0.121092 0.291016
0 0.080078 0.302734 0.078123 0.304688 0.076174 0.304688 0.076174 0.308596 0.078123 0.310545 0.078123 0.314453 0.080078 0.316407 0.080078 0.320314 0.082033 0.322263 0.082033 0.324217 0.083982 0.326171 0.087891 0.326171 0.091795 0.322263 0.091795 0.320314 0.089846 0.31836 0.089846 0.316407 0.087891 0.314453 0.087891 0.310545 0.085936 0.308596 0.085936 0.306642 0.082033 0.302734
0 0.98633 0.097657 0.982421 0.101564 0.980467 0.101564 0.976563 0.105467 0.974608 0.105467 0.974608 0.111329 0.978517 0.111329 0.980467 0.109375 0.982421 0.109375 0.984376 0.107421 0.98633 0.107421 0.988279 0.105467 0.990234 0.105467 0.994143 0.101564 0.994143 0.09961 0.992189 0.09961 0.990234 0.097657
0 0.060549 0.310545 0.060549 0.312499 0.058594 0.314453 0.060549 0.316407 0.060549 0.320314 0.062498 0.322263 0.062498 0.324217 0.064452 0.326171 0.064452 0.328125 0.068361 0.332033 0.070311 0.330079 0.072265 0.330079 0.076174 0.326171 0.076174 0.324217 0.07422 0.322263 0.07422 0.320314 0.072265 0.31836 0.072265 0.314453 0.070311 0.312499 0.070311 0.310545
0 0.130859 0.167966 0.128905 0.16992 0.128905 0.171874 0.126955 0.173828 0.126955 0.185546 0.130859 0.189454 0.132814 0.1875 0.132814 0.185546 0.134763 0.183593 0.134763 0.171874
0 0.044923 0.31836 0.044923 0.322263 0.042968 0.324217 0.042968 0.328125 0.044923 0.330079 0.044923 0.332033 0.046877 0.333987 0.046877 0.335936 0.048826 0.337889 0.054685 0.337889 0.054685 0.328125 0.052736 0.326171 0.052736 0.322263 0.050781 0.320314 0.050781 0.31836
0 0.408203 0.232419 0.406249 0.234374 0.404294 0.234374 0.40039 0.238281 0.398436 0.238281 0.396487 0.240235 0.394532 0.240235 0.394532 0.244143 0.396487 0.246092 0.398436 0.246092 0.40039 0.248045 0.402345 0.248045 0.408203 0.242189 0.410158 0.242189 0.414062 0.238281 0.414062 0.234374 0.412107 0.234374 0.410158 0.232419
0 0.281248 0.38086 0.279299 0.382813 0.277344 0.382813 0.27539 0.384768 0.271486 0.384768 0.269531 0.386716 0.267577 0.386716 0.267577 0.38867 0.265628 0.390624 0.267577 0.392578 0.267577 0.394532 0.269531 0.392578 0.273435 0.392578 0.27539 0.390624 0.279299 0.390624 0.281248 0.38867 0.285157 0.38867 0.285157 0.386716 0.287112 0.384768 0.287112 0.382813 0.285157 0.38086
0 0.634766 0.228517 0.634766 0.230471 0.632812 0.232419 0.632812 0.240235 0.630857 0.242189 0.630857 0.251953 0.634766 0.255861 0.636721 0.253907 0.63867 0.253907 0.63867 0.251953 0.640625 0.25 0.640625 0.240235 0.642579 0.238281 0.642579 0.230471 0.640625 0.230471 0.63867 0.228517
0 0.244138 0.404296 0.244138 0.40625 0.242189 0.408204 0.242189 0.414061 0.244138 0.416015 0.244138 0.421876 0.246093 0.42383 0.246093 0.427733 0.248047 0.429687 0.248047 0.431641 0.251951 0.431641 0.253905 0.429687 0.257815 0.429687 0.259764 0.427733 0.259764 0.42383 0.257815 0.421876 0.257815 0.417968 0.25586 0.416015 0.25586 0.410158 0.253905 0.408204 0.253905 0.40625 0.251951 0.40625 0.250002 0.404296
0 0.216796 0.201172 0.214846 0.203126 0.212892 0.203126 0.210937 0.20508 0.207034 0.20508 0.205079 0.207029 0.203124 0.207029 0.203124 0.208983 0.20117 0.210937 0.203124 0.212891 0.205079 0.212891 0.207034 0.214845 0.208983 0.212891 0.210937 0.212891 0.212892 0.210937 0.216796 0.210937 0.21875 0.208983 0.220705 0.208983 0.222654 0.207029 0.222654 0.201172
0 0.384765 0.29297 0.38281 0.294924 0.378906 0.294924 0.378906 0.30078 0.380861 0.30078 0.38281 0.302734 0.394532 0.302734 0.396487 0.304688 0.40039 0.30078 0.402345 0.30078 0.402345 0.296873 0.398436 0.29297
0 0.228518 0.353515 0.226563 0.355469 0.226563 0.357423 0.224608 0.359377 0.224608 0.367188 0.222654 0.369142 0.222654 0.38086 0.226563 0.384768 0.228518 0.384768 0.230467 0.382813 0.232421 0.382813 0.232421 0.38086 0.236331 0.376952 0.236331 0.369142 0.23828 0.367188 0.23828 0.357423 0.236331 0.355469 0.236331 0.353515
0 0.134763 0.58203 0.132814 0.583983 0.130859 0.583983 0.125001 0.589845 0.125001 0.591799 0.123046 0.593748 0.123046 0.595702 0.121092 0.597655 0.121092 0.603518 0.130859 0.603518 0.130859 0.601563 0.132814 0.599609 0.132814 0.597655 0.134763 0.595702 0.134763 0.591799 0.136717 0.589845 0.136717 0.583983
0 0.140627 0.285154 0.138672 0.287108 0.138672 0.296873 0.140627 0.298826 0.140627 0.302734 0.14453 0.302734 0.146485 0.304688 0.14844 0.302734 0.14844 0.296873 0.146485 0.294924 0.146485 0.289062 0.14453 0.287108 0.14453 0.285154
0 0.224608 0.507812 0.222654 0.509766 0.222654 0.51953 0.220705 0.521484 0.220705 0.525392 0.222654 0.527346 0.222654 0.531249 0.226563 0.531249 0.228518 0.529295 0.230467 0.529295 0.230467 0.51953 0.232421 0.517577 0.232421 0.51172 0.230467 0.509766 0.230467 0.507812
0 0.11133 0.308596 0.109375 0.310545 0.091795 0.310545 0.091795 0.312499 0.089846 0.314453 0.093749 0.31836 0.095704 0.316407 0.11133 0.316407 0.113279 0.314453 0.113279 0.312499 0.11133 0.310545
0 0.246093 0.507812 0.240234 0.513674 0.23828 0.513674 0.236331 0.515623 0.236331 0.51953 0.23828 0.521484 0.244138 0.521484 0.250002 0.515623 0.250002 0.513674 0.251951 0.51172 0.251951 0.509766 0.250002 0.507812
0 0.242189 0.189454 0.240234 0.191408 0.23828 0.191408 0.236331 0.193357 0.234376 0.193357 0.232421 0.195311 0.230467 0.195311 0.228518 0.197265 0.226563 0.197265 0.224608 0.199218 0.226563 0.201172 0.226563 0.203126 0.228518 0.20508 0.228518 0.207029 0.230467 0.20508 0.234376 0.20508 0.236331 0.203126 0.240234 0.203126 0.242189 0.201172 0.246093 0.201172 0.248047 0.199218 0.248047 0.193357 0.246093 0.191408 0.246093 0.189454
0 0.333984 0.175782 0.333984 0.185546 0.335938 0.1875 0.335938 0.191408 0.337893 0.193357 0.337893 0.195311 0.339842 0.195311 0.341796 0.197265 0.345706 0.197265 0.345706 0.195311 0.347655 0.193357 0.347655 0.191408 0.345706 0.189454 0.345706 0.1875 0.343751 0.185546 0.343751 0.181639 0.341796 0.17969 0.341796 0.177736 0.339842 0.177736 0.337893 0.175782
0 0.027342 0.332033 0.025393 0.333987 0.023439 0.333987 0.021484 0.335936 0.019529 0.335936 0.01758 0.337889 0.015626 0.337889 0.013671 0.339843 0.011717 0.339843 0.007813 0.343751 0.007813 0.351561 0.015626 0.351561 0.01758 0.349607 0.021484 0.349607 0.023439 0.347659 0.025393 0.347659 0.027342 0.345705 0.031252 0.345705 0.033201 0.343751 0.033201 0.341797 0.03711 0.337889 0.035155 0.335936 0.035155 0.333987 0.033201 0.332033
0 0.130859 0.287108 0.128905 0.289062 0.128905 0.291016 0.126955 0.29297 0.126955 0.298826 0.128905 0.30078 0.128905 0.306642 0.130859 0.308596 0.132814 0.308596 0.132814 0.306642 0.134763 0.304688 0.134763 0.291016 0.132814 0.289062 0.132814 0.287108