0 0.462896 0.751958 0.46094 0.753903 0.458982 0.753903 0.457026 0.755861 0.455082 0.755861 0.453126 0.757818 0.451169 0.757818 0.449224 0.759763 0.447268 0.759763 0.445312 0.761721 0.443355 0.761721 0.443355 0.763678 0.44141 0.765623 0.44141 0.767581 0.443355 0.769525 0.443355 0.771482 0.449224 0.777342 0.451169 0.775385 0.453126 0.775385 0.455082 0.77344 0.457026 0.77344 0.458982 0.771482 0.462896 0.771482 0.46484 0.769525 0.466798 0.769525 0.468754 0.767581 0.470698 0.767581 0.472654 0.765623 0.472654 0.763678 0.474611 0.761721 0.472654 0.759763 0.472654 0.757818 0.470698 0.755861 0.470698 0.753903 0.468754 0.751958
0 0.224607 0.814458 0.22265 0.816403 0.220707 0.816403 0.218749 0.818361 0.214849 0.818361 0.212892 0.820318 0.210935 0.820318 0.208979 0.822263 0.205077 0.822263 0.203121 0.82422 0.201177 0.82422 0.199221 0.826178 0.195307 0.826178 0.195307 0.828122 0.193363 0.83008 0.193363 0.837884 0.195307 0.839842 0.195307 0.841799 0.197264 0.841799 0.201177 0.845702 0.203121 0.843744 0.205077 0.843744 0.207035 0.841799 0.210935 0.841799 0.212892 0.839842 0.214849 0.839842 0.216793 0.837884 0.220707 0.837884 0.22265 0.835939 0.224607 0.835939 0.226563 0.833982 0.230465 0.833982 0.232421 0.832037 0.232421 0.83008 0.234378 0.828122 0.234378 0.820318 0.22852 0.814458
0 0.443355 0.605465 0.44141 0.607422 0.437497 0.607422 0.435554 0.60938 0.429683 0.60938 0.427738 0.611325 0.423825 0.611325 0.423825 0.617185 0.425782 0.619142 0.425782 0.621099 0.427738 0.623044 0.427738 0.625002 0.429683 0.626959 0.43164 0.625002 0.437497 0.625002 0.439454 0.623044 0.445312 0.623044 0.447268 0.621099 0.447268 0.619142 0.449224 0.617185 0.449224 0.611325
0 0.054688 0.888678 0.052732 0.890622 0.048831 0.890622 0.046874 0.89258 0.041018 0.89258 0.03906 0.894537 0.035159 0.894537 0.033202 0.896482 0.027346 0.896482 0.025388 0.898439 0.025388 0.900397 0.023432 0.902342 0.023432 0.908201 0.031246 0.916018 0.033202 0.914061 0.037104 0.914061 0.03906 0.912104 0.041018 0.912104 0.042974 0.910159 0.046874 0.910159 0.048831 0.908201 0.050776 0.908201 0.052732 0.906244 0.056645 0.906244 0.060546 0.902342 0.060546 0.900397 0.062503 0.898439 0.062503 0.896482 0.060546 0.894537 0.060546 0.89258 0.05859 0.890622 0.05859 0.888678
0 0.792974 0.425783 0.791018 0.427741 0.789062 0.427741 0.787105 0.429686 0.785161 0.429686 0.783203 0.431643 0.781247 0.431643 0.779303 0.433588 0.77539 0.433588 0.773433 0.435545 0.771489 0.435545 0.769532 0.437502 0.767575 0.437502 0.767575 0.449222 0.769532 0.449222 0.771489 0.451167 0.773433 0.451167 0.77539 0.453125 0.777347 0.451167 0.779303 0.451167 0.781247 0.449222 0.783203 0.449222 0.785161 0.447265 0.789062 0.447265 0.791018 0.445307 0.792974 0.445307 0.794919 0.443363 0.796875 0.443363 0.798833 0.441405 0.798833 0.439447 0.802733 0.435545 0.802733 0.429686 0.798833 0.425783
0 0.67383 0.650385 0.671873 0.652343 0.669916 0.652343 0.667973 0.654301 0.666016 0.654301 0.66406 0.656245 0.660158 0.656245 0.658201 0.658203 0.656244 0.658203 0.654301 0.66016 0.652344 0.66016 0.650388 0.662105 0.650388 0.664062 0.648443 0.66602 0.648443 0.671879 0.650388 0.673824 0.652344 0.673824 0.656244 0.67774 0.658201 0.675782 0.660158 0.675782 0.662115 0.673824 0.66406 0.673824 0.666016 0.671879 0.667973 0.671879 0.671873 0.667965 0.67383 0.667965 0.675787 0.66602 0.677731 0.66602 0.679688 0.664062 0.681644 0.664062 0.681644 0.654301 0.679688 0.652343 0.679688 0.650385
0 0.425782 0.734379 0.423825 0.736324 0.421882 0.736324 0.419925 0.738282 0.416011 0.738282 0.414067 0.740239 0.41211 0.740239 0.410153 0.742184 0.406253 0.742184 0.404296 0.744141 0.402339 0.744141 0.402339 0.746099 0.400395 0.748044 0.400395 0.750001 0.402339 0.751958 0.402339 0.753903 0.404296 0.753903 0.408196 0.757818 0.410153 0.755861 0.414067 0.755861 0.416011 0.753903 0.419925 0.753903 0.421882 0.751958 0.425782 0.751958 0.427738 0.750001 0.43164 0.750001 0.433597 0.748044 0.435554 0.748044 0.435554 0.744141 0.433597 0.742184 0.433597 0.738282 0.429683 0.734379
0 0.679688 0.625002 0.677731 0.626959 0.662115 0.626959 0.658201 0.630861 0.658201 0.634764 0.656244 0.636721 0.656244 0.638666 0.66406 0.646483 0.666016 0.644526 0.671873 0.644526 0.67383 0.642581 0.681644 0.642581 0.687502 0.636721 0.687502 0.630861 0.685545 0.628904 0.683588 0.628904
0 0.828119 0.583983 0.826176 0.585941 0.822263 0.585941 0.820318 0.587886 0.816405 0.587886 0.814447 0.589843 0.808591 0.589843 0.806646 0.591801 0.802733 0.591801 0.800776 0.593745 0.796875 0.593745 0.792974 0.597661 0.792974 0.599605 0.794919 0.601562 0.794919 0.60352 0.796875 0.605465 0.796875 0.607422 0.798833 0.60938 0.798833 0.611325 0.800776 0.60938 0.804689 0.60938 0.806646 0.607422 0.808591 0.607422 0.810547 0.605465 0.814447 0.605465 0.816405 0.60352 0.818361 0.60352 0.820318 0.601562 0.824219 0.601562 0.826176 0.599605 0.828119 0.599605 0.830077 0.597661 0.83399 0.597661 0.83399 0.595703 0.835934 0.593745 0.835934 0.587886 0.83399 0.585941 0.83399 0.583983
0 0.347652 0.765623 0.345709 0.767581 0.343752 0.767581 0.341795 0.769525 0.337894 0.769525 0.335938 0.771482 0.333981 0.771482 0.332037 0.77344 0.328123 0.77344 0.328123 0.775385 0.326166 0.777342 0.326166 0.783202 0.332037 0.789062 0.333981 0.787104 0.337894 0.787104 0.339838 0.78516 0.341795 0.78516 0.343752 0.783202 0.347652 0.783202 0.349608 0.781245 0.35351 0.781245 0.357424 0.777342 0.35938 0.777342 0.35938 0.77344 0.355467 0.769525 0.355467 0.767581 0.35351 0.765623
0 0.746089 0.626959 0.742188 0.630861 0.740232 0.630861 0.736331 0.634764 0.734375 0.634764 0.732417 0.636721 0.732417 0.642581 0.734375 0.644526 0.734375 0.646483 0.736331 0.648441 0.736331 0.650385 0.744145 0.650385 0.748046 0.646483 0.750003 0.646483 0.753903 0.642581 0.75586 0.642581 0.75586 0.640624 0.757817 0.638666 0.757817 0.636721 0.759761 0.634764 0.759761 0.632806 0.753903 0.626959