8 0.24219 0.205076 0.240233 0.207032 0.230472 0.207032 0.222659 0.214845 0.222659 0.216797 0.218753 0.220705 0.218753 0.222657 0.214847 0.226561 0.214847 0.228518 0.208983 0.234373 0.208983 0.23633 0.205077 0.240234 0.224608 0.240234 0.226565 0.242186 0.240233 0.242186 0.24219 0.240234 0.24414 0.240234 0.246097 0.238282 0.250003 0.238282 0.251952 0.23633 0.251952 0.234373 0.253909 0.232422 0.253909 0.226561 0.255858 0.224609 0.255858 0.220705 0.253909 0.218749 0.253909 0.216797 0.251952 0.214845 0.251952 0.212893 0.248046 0.208984 0.246097 0.208984
8 0.205077 0.408202 0.207034 0.410158 0.207034 0.41211 0.208983 0.414062 0.208983 0.417971 0.207034 0.419923 0.207034 0.421875 0.205077 0.423826 0.205077 0.425783 0.208983 0.421875 0.21094 0.421875 0.21094 0.41211 0.208983 0.41211
8 0.585939 0.142577 0.583982 0.144534 0.582033 0.144534 0.578127 0.148437 0.576169 0.148437 0.57422 0.150389 0.57422 0.152346 0.572263 0.154298 0.572263 0.16797 0.57422 0.169922 0.57422 0.171875 0.576169 0.171875 0.578127 0.173826 0.580076 0.173826 0.582033 0.175783 0.597658 0.175783 0.60547 0.16797 0.607419 0.16797 0.607419 0.164062 0.609376 0.16211 0.609376 0.15625 0.607419 0.154298 0.607419 0.152346 0.597658 0.142577
8 0.558595 0.296877 0.560544 0.298829 0.562502 0.298829 0.566408 0.302733 0.568357 0.300781 0.566408 0.300781 0.564451 0.298829 0.562502 0.298829 0.560544 0.296877
8 0.60547 0.283204 0.60547 0.285156 0.607419 0.283204
8 0.564451 0.259767 0.560544 0.263671 0.558595 0.263671 0.556638 0.265623 0.556638 0.267579 0.554689 0.269531 0.554689 0.271483 0.552732 0.27344 0.552732 0.275392 0.552732 0.27344 0.554689 0.271483 0.554689 0.269531 0.556638 0.267579 0.558595 0.267579 0.562502 0.263671 0.566408 0.263671 0.570314 0.259767 0.572263 0.259767
8 0.289065 0.248046 0.287108 0.249998 0.283202 0.249998 0.281253 0.251955 0.275389 0.251955 0.27344 0.253906 0.27344 0.255858 0.271483 0.25781 0.271483 0.259767 0.269534 0.261719 0.269534 0.263671 0.267577 0.265623 0.267577 0.281252 0.27344 0.287108 0.277346 0.287108 0.279296 0.289065 0.281253 0.289065 0.283202 0.291017 0.291014 0.291017 0.292971 0.289065 0.294921 0.289065 0.296878 0.287108 0.298827 0.287108 0.30469 0.281252 0.30469 0.279296 0.306639 0.277344 0.306639 0.275392 0.308596 0.27344 0.308596 0.267579 0.310546 0.265623 0.310546 0.261719 0.308596 0.259767 0.308596 0.25781 0.306639 0.255858 0.306639 0.253906 0.30469 0.251955 0.30469 0.249998 0.300784 0.249998 0.298827 0.248046
8 0.224608 0.244142 0.224608 0.246094 0.222659 0.248046 0.222659 0.249998 0.218753 0.253906 0.216796 0.253906 0.21289 0.25781 0.21094 0.25781 0.208983 0.259767 0.199222 0.259767 0.201171 0.259767 0.203128 0.261719 0.205077 0.259767 0.21289 0.259767 0.214847 0.25781 0.220702 0.25781 0.220702 0.255858 0.224608 0.251955 0.224608 0.249998 0.226565 0.248046 0.226565 0.244142
8 0.046879 0.181639 0.044922 0.183595 0.037109 0.183595 0.03516 0.185547 0.027347 0.185547 0.02539 0.187499 0.021484 0.187499 0.019535 0.189451 0.013672 0.189451 0.011722 0.191408 0.011722 0.19336 0.009766 0.195312 0.009766 0.197263 0.007816 0.19922 0.007816 0.203124 0.011722 0.207032 0.011722 0.208984 0.013672 0.210936 0.013672 0.214845 0.015629 0.216797 0.015629 0.218749 0.017578 0.220705 0.017578 0.222657 0.019535 0.224609 0.019535 0.226561 0.03516 0.226561 0.037109 0.224609 0.042972 0.224609 0.050785 0.216797 0.052734 0.216797 0.060547 0.208984 0.060547 0.19922 0.058597 0.197263 0.058597 0.195312 0.05664 0.19336 0.05664 0.191408 0.054691 0.189451 0.054691 0.187499 0.052734 0.185547 0.050785 0.185547
8 0.39844 0.310545 0.396483 0.312502 0.390627 0.312502 0.38867 0.314454 0.384764 0.314454 0.380858 0.318357 0.378909 0.318357 0.378909 0.320314 0.376952 0.322266 0.376952 0.32617 0.375002 0.328126 0.375002 0.33203 0.376952 0.333982 0.376952 0.337891 0.378909 0.339843 0.378909 0.341799 0.380858 0.343751 0.380858 0.345703 0.38867 0.345703 0.390627 0.347655 0.39844 0.347655 0.400389 0.345703 0.402346 0.345703 0.404295 0.343751 0.406252 0.343751 0.408201 0.341799 0.408201 0.339843 0.410158 0.337891 0.410158 0.318357 0.408201 0.318357 0.404295 0.314454 0.402346 0.314454
8 0.57422 0.802733 0.572263 0.80469 0.570314 0.80469 0.568357 0.806642 0.566408 0.806642 0.564451 0.808594 0.558595 0.808594 0.554689 0.812502 0.552732 0.812502 0.546877 0.818358 0.546877 0.820314 0.54492 0.822266 0.54492 0.82617 0.54297 0.828127 0.54297 0.833982 0.54492 0.835939 0.54492 0.847655 0.548826 0.851564 0.548826 0.853516 0.550783 0.855468 0.552732 0.855468 0.556638 0.859376 0.558595 0.859376 0.560544 0.861328 0.570314 0.861328 0.572263 0.859376 0.576169 0.859376 0.578127 0.85742 0.583982 0.85742 0.585939 0.855468 0.587888 0.855468 0.589845 0.853516 0.593751 0.853516 0.595701 0.851564 0.597658 0.851564 0.603513 0.845703 0.60547 0.845703 0.607419 0.843751 0.607419 0.837891 0.609376 0.835939 0.609376 0.82617 0.607419 0.824218 0.607419 0.818358 0.603513 0.814454 0.603513 0.812502 0.601564 0.810546 0.599607 0.810546 0.597658 0.808594 0.595701 0.808594 0.591794 0.80469 0.589845 0.80469 0.587888 0.802733
8 1 0.447264 1 0.44922 1 0.44922 1 0.451172 1 0.451172 0.99805 0.455076 0.996094 0.455076 0.994144 0.457033 0.994144 0.458985 0.992187 0.460937 0.992187 0.462888 0.990238 0.464845 0.990238 0.468749 0.992187 0.470705 0.992187 0.474609 1 0.484374 1 0.484374 1 0.482422 1 0.482422 1 0.48047 1 0.48047 1 0.472657 1 0.470705 1 0.468749 1 0.462888 1 0.460937 1 0.458985 1 0.457033 1 0.455076 1 0.451172 1 0.44922 1 0.447264
8 0.691407 0.042968 0.68945 0.04492 0.681638 0.04492 0.679689 0.046877 0.677732 0.046877 0.673825 0.050781 0.671876 0.050781 0.671876 0.054689 0.669919 0.056641 0.669919 0.060545 0.671876 0.062501 0.671876 0.064453 0.673825 0.066405 0.673825 0.068357 0.675782 0.070314 0.675782 0.072266 0.677732 0.074218 0.681638 0.074218 0.683595 0.07617 0.691407 0.07617 0.695314 0.072266 0.697263 0.072266 0.701169 0.068357 0.701169 0.066405 0.703126 0.064453 0.703126 0.052732 0.701169 0.050781 0.701169 0.048829 0.69922 0.046877 0.697263 0.046877 0.695314 0.04492 0.693357 0.04492
8 0.351565 0.402342 0.355471 0.40625 0.355471 0.421875 0.353514 0.423826 0.353514 0.425783 0.349608 0.429687 0.347659 0.429687 0.349608 0.429687 0.351565 0.427735 0.353514 0.427735 0.355471 0.425783 0.35742 0.425783 0.359377 0.423826 0.359377 0.421875 0.361327 0.419923 0.361327 0.41211 0.35742 0.408202 0.35742 0.40625 0.355471 0.404298 0.353514 0.404298
8 0.328128 0.398438 0.324221 0.402342 0.322264 0.402342 0.318358 0.40625 0.320315 0.40625
8 0.623044 0.238282 0.621095 0.240234 0.617189 0.240234 0.615232 0.242186 0.609376 0.242186 0.607419 0.244142 0.60547 0.244142 0.601564 0.248046 0.599607 0.248046 0.599607 0.267579 0.601564 0.269531 0.601564 0.271483 0.603513 0.27344 0.603513 0.275392 0.60547 0.275392 0.609376 0.279296 0.615232 0.279296 0.617189 0.281252 0.623044 0.281252 0.625001 0.283204 0.626951 0.281252 0.630857 0.281252 0.632814 0.279296 0.63672 0.279296 0.640626 0.275392 0.642575 0.275392 0.644532 0.27344 0.644532 0.271483 0.646482 0.269531 0.646482 0.267579 0.648439 0.265623 0.648439 0.255858 0.646482 0.253906 0.646482 0.251955 0.644532 0.249998 0.644532 0.248046 0.642575 0.246094 0.642575 0.244142 0.638669 0.244142 0.63672 0.242186 0.634763 0.242186 0.632814 0.240234 0.625001 0.240234
8 0.285159 0.367188 0.287108 0.367188 0.289065 0.36914 0.289065 0.371092 0.291014 0.373049 0.291014 0.375 0.292971 0.376952 0.292971 0.388673 0.291014 0.390625 0.292971 0.390625 0.294921 0.388673 0.294921 0.386717 0.296878 0.384765 0.296878 0.375 0.294921 0.373049 0.294921 0.371092 0.292971 0.36914 0.292971 0.367188
8 0.552732 0.125 0.554689 0.126952 0.556638 0.126952 0.554689 0.126952
8 0.548826 0.111327 0.548826 0.11914 0.550783 0.121092 0.550783 0.11914 0.548826 0.117188
8 0.57422 0.093751 0.576169 0.093751 0.578127 0.095703 0.580076 0.095703 0.582033 0.097655 0.583982 0.097655 0.585939 0.099611 0.585939 0.103515 0.587888 0.105467 0.587888 0.115236 0.587888 0.11328 0.589845 0.111327 0.589845 0.109375 0.587888 0.107424 0.587888 0.103515 0.585939 0.101563 0.585939 0.099611 0.583982 0.097655 0.583982 0.095703 0.582033 0.093751
8 0.564451 0.091799 0.560544 0.095703 0.558595 0.095703 0.560544 0.095703 0.562502 0.093751 0.570314 0.093751 0.566408 0.093751
8 0.644532 0.771484 0.642575 0.773436 0.638669 0.773436 0.63672 0.775392 0.632814 0.775392 0.628908 0.779296 0.626951 0.779296 0.623044 0.783205 0.621095 0.783205 0.621095 0.785156 0.619138 0.787108 0.619138 0.78906 0.615232 0.792969 0.615232 0.794921 0.611326 0.798829 0.611326 0.80469 0.609376 0.806642 0.609376 0.812502 0.611326 0.814454 0.611326 0.816406 0.613283 0.818358 0.613283 0.820314 0.615232 0.820314 0.617189 0.822266 0.619138 0.822266 0.623044 0.82617 0.625001 0.82617 0.626951 0.828127 0.628908 0.828127 0.630857 0.830079 0.634763 0.830079 0.63672 0.832031 0.638669 0.832031 0.640626 0.833982 0.642575 0.832031 0.646482 0.832031 0.648439 0.830079 0.654294 0.830079 0.6582 0.82617 0.660157 0.82617 0.664064 0.822266 0.666013 0.822266 0.669919 0.818358 0.669919 0.816406 0.673825 0.812502 0.673825 0.798829 0.671876 0.796877 0.671876 0.794921 0.669919 0.792969 0.669919 0.78906 0.66797 0.787108 0.66797 0.785156 0.666013 0.783205 0.666013 0.781248 0.6582 0.773436 0.654294 0.773436 0.652345 0.771484
8 0.470701 0.460937 0.470701 0.470705 0.468752 0.472657 0.468752 0.474609 0.470701 0.472657
8 0.046879 0.90039 0.042972 0.904298 0.041015 0.904298 0.041015 0.910154 0.042972 0.912111 0.042972 0.914062 0.044922 0.916015 0.044922 0.917967 0.054691 0.917967 0.05664 0.916015 0.062504 0.916015 0.062504 0.914062 0.060547 0.912111 0.060547 0.910154 0.058597 0.908202 0.058597 0.90625 0.05664 0.90625 0.054691 0.904298 0.052734 0.904298 0.050785 0.902342 0.048828 0.902342
8 0.630857 0.080078 0.630857 0.085938 0.632814 0.08789 0.632814 0.089842 0.632814 0.08789 0.630857 0.085938
8 0.648439 0.056641 0.646482 0.058593 0.644532 0.058593 0.656251 0.058593 0.660157 0.062501 0.660157 0.064453 0.666013 0.070314 0.666013 0.072266 0.66797 0.074218 0.66797 0.08203 0.66797 0.074218 0.666013 0.072266 0.666013 0.070314 0.664064 0.068357 0.664064 0.066405 0.662107 0.064453 0.662107 0.062501 0.660157 0.060545 0.660157 0.058593 0.650388 0.058593
8 0.376952 0.890626 0.375002 0.892578 0.371096 0.892578 0.369139 0.89453 0.363284 0.89453 0.361327 0.896486 0.35742 0.896486 0.355471 0.898438 0.349608 0.898438 0.341795 0.90625 0.341795 0.910154 0.339846 0.912111 0.339846 0.916015 0.341795 0.917967 0.341795 0.921875 0.343752 0.923827 0.343752 0.925779 0.347659 0.929688 0.347659 0.931639 0.349608 0.933596 0.355471 0.933596 0.35742 0.935548 0.365233 0.935548 0.36719 0.933596 0.375002 0.933596 0.376952 0.931639 0.378909 0.931639 0.382815 0.927736 0.384764 0.927736 0.394533 0.917967 0.394533 0.912111 0.392576 0.910154 0.392576 0.908202 0.390627 0.90625 0.390627 0.902342 0.38867 0.90039 0.38867 0.896486 0.386721 0.896486 0.384764 0.89453 0.382815 0.89453 0.380858 0.892578 0.378909 0.892578
8 0.832032 0.685548 0.830075 0.6875 0.822262 0.6875 0.820313 0.689451 0.810544 0.689451 0.806637 0.69336 0.804688 0.69336 0.800782 0.697264 0.798825 0.697264 0.794919 0.701172 0.792969 0.701172 0.787106 0.707033 0.785157 0.707033 0.779294 0.712889 0.779294 0.714845 0.777344 0.716797 0.777344 0.718749 0.775387 0.720701 0.775387 0.722658 0.773438 0.72461 0.773438 0.726562 0.771481 0.728513 0.771481 0.73047 0.769532 0.732422 0.769532 0.742186 0.767575 0.744143 0.767575 0.757811 0.769532 0.759767 0.769532 0.769532 0.771481 0.771484 0.771481 0.777344 0.773438 0.779296 0.773438 0.781248 0.775387 0.783205 0.775387 0.785156 0.777344 0.787108 0.777344 0.78906 0.779294 0.791017 0.779294 0.792969 0.781251 0.794921 0.781251 0.796877 0.7832 0.798829 0.785157 0.798829 0.789063 0.802733 0.791012 0.802733 0.792969 0.80469 0.794919 0.80469 0.796876 0.806642 0.798825 0.806642 0.802731 0.810546 0.804688 0.810546 0.806637 0.812502 0.810544 0.812502 0.812501 0.814454 0.816407 0.814454 0.818356 0.816406 0.822262 0.816406 0.824219 0.818358 0.835938 0.818358 0.837887 0.816406 0.859375 0.816406 0.861325 0.814454 0.865231 0.814454 0.867188 0.812502 0.869137 0.812502 0.871094 0.810546 0.875 0.810546 0.890625 0.794921 0.892574 0.794921 0.900387 0.787108 0.900387 0.785156 0.90625 0.779296 0.90625 0.744143 0.904293 0.742186 0.904293 0.738282 0.902344 0.73633 0.902344 0.732422 0.900387 0.73047 0.900387 0.726562 0.898438 0.72461 0.898438 0.722658 0.896481 0.720701 0.896481 0.718749 0.894531 0.716797 0.894531 0.714845 0.892574 0.712889 0.890625 0.712889 0.878906 0.701172 0.87695 0.701172 0.869137 0.69336 0.867188 0.69336 0.865231 0.691408 0.863282 0.691408 0.859375 0.6875 0.857418 0.6875 0.855469 0.685548
8 0.314452 0.169922 0.312503 0.171875 0.306639 0.171875 0.302733 0.175783 0.300784 0.175783 0.298827 0.177735 0.300784 0.175783 0.302733 0.175783 0.30469 0.173826 0.306639 0.173826 0.308596 0.171875 0.312503 0.171875 0.314452 0.169922 0.318358 0.169922
8 0.109378 0.996095 0.107421 0.998047 0.107421 1 0.111328 1 0.111328 1 0.115234 1 0.117191 1 0.11914 1 0.121097 1 0.123046 1 0.128909 1 0.128909 0.999999 0.125003 0.996095
8 0.376952 0.755859 0.375002 0.757811 0.369139 0.757811 0.36719 0.759767 0.36719 0.761719 0.365233 0.763671 0.365233 0.76758 0.36719 0.769532 0.36719 0.771484 0.369139 0.773436 0.371096 0.773436 0.375002 0.777344 0.390627 0.777344 0.390627 0.775392 0.392576 0.773436 0.392576 0.769532 0.394533 0.76758 0.394533 0.765623 0.386721 0.757811 0.378909 0.757811
8 0.683595 0.843751 0.681638 0.845703 0.662107 0.845703 0.660157 0.847655 0.6582 0.847655 0.656251 0.849607 0.654294 0.849607 0.654294 0.851564 0.652345 0.853516 0.652345 0.859376 0.650388 0.861328 0.650388 0.869141 0.648439 0.871093 0.648439 0.878905 0.650388 0.880862 0.650388 0.886717 0.660157 0.896486 0.677732 0.896486 0.679689 0.89453 0.685544 0.89453 0.687501 0.892578 0.693357 0.892578 0.695314 0.890626 0.695314 0.888674 0.697263 0.886717 0.697263 0.884765 0.69922 0.882813 0.69922 0.880862 0.701169 0.878905 0.701169 0.876953 0.703126 0.875001 0.703126 0.869141 0.701169 0.867189 0.701169 0.859376 0.69922 0.85742 0.69922 0.851564 0.697263 0.849607 0.697263 0.847655 0.693357 0.847655 0.691407 0.845703 0.68945 0.845703 0.687501 0.843751
8 0.234378 0.382813 0.232421 0.384765 0.230472 0.384765 0.226565 0.388673 0.224608 0.388673 0.220702 0.392577 0.218753 0.392577 0.218753 0.394529 0.216796 0.396486 0.216796 0.40039 0.214847 0.402342 0.214847 0.40625 0.216796 0.408202 0.216796 0.410158 0.218753 0.41211 0.218753 0.414062 0.220702 0.414062 0.224608 0.417971 0.234378 0.417971 0.236327 0.416014 0.240233 0.416014 0.250003 0.40625 0.250003 0.392577 0.24219 0.384765 0.236327 0.384765
8 0.386721 0.498046 0.386721 0.499998 0.38867 0.499998 0.394533 0.505859 0.396483 0.503907 0.404295 0.503907 0.406252 0.501955 0.414065 0.501955 0.394533 0.501955 0.392576 0.499998 0.38867 0.499998
8 0.380858 0.48633 0.380858 0.488282 0.382815 0.490234 0.380858 0.488282
8 0.427733 0.482422 0.427733 0.484374 0.42969 0.48633 0.42969 0.488282 0.427733 0.490234 0.427733 0.492186 0.425783 0.494142 0.42969 0.490234 0.42969 0.48633 0.427733 0.484374
8 0.394533 0.470705 0.38867 0.476561 0.386721 0.476561 0.384764 0.478518 0.386721 0.476561 0.38867 0.476561 0.390627 0.474609 0.394533 0.474609 0.396483 0.472657 0.400389 0.472657 0.402346 0.470705 0.408201 0.470705
8 0.589845 0.255858 0.587888 0.25781 0.576169 0.25781 0.572263 0.261719 0.570314 0.261719 0.566408 0.265623 0.562502 0.265623 0.558595 0.269531 0.556638 0.269531 0.556638 0.271483 0.554689 0.27344 0.554689 0.275392 0.552732 0.277344 0.552732 0.289065 0.554689 0.291017 0.554689 0.292969 0.556638 0.29492 0.560544 0.29492 0.562502 0.296877 0.564451 0.296877 0.566408 0.298829 0.568357 0.298829 0.570314 0.300781 0.580076 0.300781 0.582033 0.298829 0.585939 0.298829 0.587888 0.296877 0.591794 0.296877 0.593751 0.29492 0.595701 0.29492 0.597658 0.292969 0.599607 0.292969 0.603513 0.289065 0.603513 0.283204 0.60547 0.281252 0.599607 0.275392 0.599607 0.27344 0.597658 0.271483 0.597658 0.269531 0.595701 0.267579 0.595701 0.259767 0.593751 0.259767
8 0.187503 0.259767 0.185546 0.261719 0.185546 0.263671 0.177734 0.271483 0.175784 0.271483 0.173827 0.27344 0.169921 0.27344 0.167972 0.275392 0.166015 0.275392 0.164066 0.277344 0.160159 0.277344 0.158202 0.279296 0.160159 0.277344 0.173827 0.277344 0.175784 0.275392 0.18164 0.275392 0.183597 0.27344 0.183597 0.271483 0.187503 0.267579
8 0.154296 0.238282 0.152347 0.240234 0.146484 0.240234 0.146484 0.242186 0.144534 0.244142 0.146484 0.242186 0.154296 0.242186 0.156253 0.240234 0.169921 0.240234 0.171878 0.238282 0.175784 0.242186 0.175784 0.240234 0.173827 0.240234 0.171878 0.238282
8 0.251952 0.73633 0.250003 0.738282 0.24219 0.738282 0.240233 0.740234 0.234378 0.740234 0.234378 0.742186 0.232421 0.744143 0.232421 0.746094 0.230472 0.748046 0.230472 0.749998 0.228515 0.751955 0.228515 0.757811 0.230472 0.759767 0.230472 0.765623 0.234378 0.769532 0.236327 0.769532 0.240233 0.773436 0.24219 0.773436 0.246097 0.777344 0.255858 0.777344 0.257815 0.775392 0.261721 0.775392 0.265628 0.771484 0.267577 0.771484 0.271483 0.76758 0.27344 0.76758 0.27344 0.765623 0.275389 0.763671 0.275389 0.761719 0.277346 0.759767 0.277346 0.749998 0.275389 0.748046 0.275389 0.744143 0.27344 0.742186 0.27344 0.740234 0.271483 0.738282 0.253909 0.738282
8 0.718751 0.08789 0.716794 0.089842 0.707032 0.089842 0.705075 0.091799 0.703126 0.091799 0.701169 0.093751 0.69922 0.093751 0.697263 0.095703 0.695314 0.095703 0.691407 0.099611 0.691407 0.103515 0.68945 0.105467 0.68945 0.107424 0.691407 0.109375 0.691407 0.111327 0.693357 0.11328 0.693357 0.115236 0.695314 0.117188 0.697263 0.117188 0.701169 0.121092 0.710938 0.121092 0.712888 0.11914 0.716794 0.11914 0.718751 0.117188 0.7207 0.117188 0.724606 0.11328 0.726563 0.11328 0.728513 0.111327 0.73047 0.111327 0.73047 0.101563 0.728513 0.099611 0.728513 0.095703 0.726563 0.093751 0.726563 0.091799 0.724606 0.091799 0.722657 0.089842 0.7207 0.089842
8 0.410158 0.36328 0.408201 0.365236 0.406252 0.365236 0.402346 0.36914 0.404295 0.36914 0.410158 0.36328 0.427733 0.36328 0.435545 0.371092 0.435545 0.375 0.437502 0.376952 0.437502 0.384765 0.435545 0.386717 0.435545 0.388673 0.431639 0.392577 0.42969 0.392577 0.427733 0.394529 0.421877 0.394529 0.431639 0.394529 0.433596 0.392577 0.437502 0.392577 0.441408 0.388673 0.441408 0.384765 0.443357 0.382813 0.443357 0.373049 0.441408 0.371092 0.441408 0.36914 0.439451 0.367188 0.439451 0.365236 0.42969 0.365236 0.427733 0.36328
8 0.531252 0.111327 0.529295 0.11328 0.521482 0.11328 0.517576 0.117188 0.515627 0.117188 0.51367 0.11914 0.51367 0.121092 0.51172 0.123049 0.51172 0.126952 0.509763 0.128904 0.509763 0.132813 0.51172 0.134765 0.51172 0.136717 0.51367 0.138673 0.51367 0.140625 0.515627 0.140625 0.519533 0.144534 0.521482 0.144534 0.523439 0.146485 0.533201 0.146485 0.537107 0.142577 0.539064 0.142577 0.541013 0.140625 0.541013 0.138673 0.54297 0.136717 0.54297 0.134765 0.54492 0.132813 0.54492 0.117188 0.54297 0.117188 0.541013 0.115236 0.539064 0.115236 0.537107 0.11328 0.533201 0.11328
8 0.33594 0.345703 0.33594 0.355467 0.337889 0.357424 0.337889 0.359376 0.341795 0.36328 0.345702 0.36328 0.347659 0.365236 0.345702 0.36328 0.343752 0.36328 0.339846 0.359376 0.339846 0.357424 0.33594 0.353515
8 0.345702 0.33203 0.339846 0.337891 0.345702 0.33203 0.347659 0.33203
8 0.337889 0.396486 0.33594 0.398438 0.330077 0.398438 0.320315 0.408202 0.318358 0.408202 0.318358 0.421875 0.320315 0.423826 0.320315 0.425783 0.322264 0.427735 0.326171 0.427735 0.328128 0.429687 0.330077 0.429687 0.332034 0.431639 0.343752 0.431639 0.347659 0.427735 0.349608 0.427735 0.351565 0.425783 0.351565 0.423826 0.353514 0.421875 0.353514 0.40625 0.349608 0.402342 0.347659 0.402342 0.345702 0.40039 0.343752 0.40039 0.341795 0.398438 0.339846 0.398438
8 0.123046 0.25781 0.121097 0.259767 0.11914 0.259767 0.117191 0.261719 0.113285 0.261719 0.111328 0.263671 0.109378 0.263671 0.101566 0.271483 0.101566 0.279296 0.103515 0.279296 0.105472 0.281252 0.105472 0.283204 0.107421 0.285156 0.107421 0.287108 0.111328 0.291017 0.117191 0.291017 0.11914 0.292969 0.126953 0.292969 0.128909 0.291017 0.134765 0.291017 0.136722 0.289065 0.138671 0.289065 0.140628 0.287108 0.142577 0.287108 0.144534 0.285156 0.146484 0.285156 0.146484 0.283204 0.148441 0.281252 0.148441 0.269531 0.146484 0.267579 0.146484 0.265623 0.138671 0.25781
8 0.371096 0.380861 0.369139 0.382813 0.36719 0.382813 0.365233 0.384765 0.363284 0.384765 0.361327 0.386717 0.361327 0.388673 0.359377 0.390625 0.359377 0.392577 0.35742 0.394529 0.35742 0.396486 0.355471 0.398438 0.355471 0.40039 0.365233 0.410158 0.369139 0.410158 0.371096 0.41211 0.373045 0.41211 0.375002 0.414062 0.380858 0.414062 0.384764 0.410158 0.386721 0.410158 0.38867 0.408202 0.390627 0.408202 0.392576 0.40625 0.394533 0.40625 0.396483 0.404298 0.396483 0.402342 0.39844 0.40039 0.39844 0.392577 0.396483 0.390625 0.396483 0.386717 0.394533 0.384765 0.392576 0.384765 0.38867 0.380861
8 0.69922 0.226561 0.701169 0.228518 0.701169 0.23633 0.69922 0.238282 0.69922 0.242186 0.697263 0.244142 0.697263 0.246094 0.693357 0.249998 0.691407 0.249998 0.685544 0.255858 0.683595 0.255858 0.679689 0.259767 0.673825 0.259767 0.671876 0.261719 0.662107 0.261719 0.664064 0.261719 0.666013 0.263671 0.679689 0.263671 0.681638 0.261719 0.687501 0.261719 0.68945 0.259767 0.68945 0.25781 0.695314 0.251955 0.695314 0.249998 0.701169 0.244142 0.701169 0.228518
8 0.66797 0.214845 0.666013 0.216797 0.664064 0.216797 0.662107 0.218749 0.6582 0.218749 0.656251 0.220705 0.654294 0.220705 0.652345 0.222657 0.654294 0.220705 0.6582 0.220705 0.660157 0.218749 0.662107 0.218749 0.664064 0.216797 0.669919 0.216797
8 0.310546 0.259767 0.312503 0.261719 0.312503 0.265623 0.310546 0.267579 0.310546 0.27344 0.308596 0.275392 0.308596 0.277344 0.306639 0.279296 0.306639 0.281252 0.298827 0.289065 0.296878 0.289065 0.302733 0.289065 0.306639 0.285156 0.308596 0.285156 0.312503 0.281252 0.312503 0.279296 0.316409 0.275392 0.316409 0.267579 0.312503 0.263671 0.312503 0.261719
8 0.271483 0.251955 0.267577 0.255858 0.267577 0.25781 0.263671 0.261719 0.263671 0.265623 0.265628 0.267579 0.265628 0.275392 0.265628 0.265623 0.267577 0.263671 0.267577 0.261719 0.269534 0.259767 0.269534 0.25781 0.271483 0.255858 0.271483 0.253906 0.27344 0.251955
8 0.300784 0.248046 0.30469 0.248046 0.306639 0.249998 0.306639 0.251955 0.308596 0.253906 0.308596 0.255858 0.308596 0.249998 0.306639 0.248046
8 0.312503 0.345703 0.308596 0.349612 0.306639 0.349612 0.30469 0.351563 0.302733 0.351563 0.296878 0.357424 0.296878 0.361328 0.294921 0.36328 0.294921 0.367188 0.296878 0.36914 0.296878 0.373049 0.298827 0.375 0.298827 0.376952 0.300784 0.376952 0.30469 0.380861 0.308596 0.380861 0.310546 0.382813 0.318358 0.382813 0.320315 0.380861 0.324221 0.380861 0.328128 0.376952 0.328128 0.375 0.330077 0.373049 0.330077 0.371092 0.332034 0.36914 0.332034 0.357424 0.326171 0.351563 0.324221 0.351563 0.322264 0.349612 0.318358 0.349612 0.316409 0.347655 0.314452 0.347655
8 0.707032 0.910154 0.705075 0.912111 0.697263 0.912111 0.695314 0.914062 0.691407 0.914062 0.68945 0.916015 0.685544 0.916015 0.685544 0.917967 0.683595 0.919923 0.683595 0.921875 0.679689 0.925779 0.679689 0.927736 0.677732 0.929688 0.677732 0.931639 0.675782 0.933596 0.675782 0.947264 0.679689 0.951173 0.679689 0.953125 0.685544 0.958985 0.687501 0.958985 0.691407 0.962889 0.701169 0.962889 0.703126 0.964845 0.714845 0.964845 0.718751 0.960937 0.7207 0.960937 0.726563 0.955076 0.726563 0.953125 0.732419 0.947264 0.732419 0.927736 0.73047 0.925779 0.73047 0.921875 0.728513 0.919923 0.728513 0.917967 0.7207 0.910154
8 0.597658 0.253906 0.597658 0.267579 0.599607 0.269531 0.599607 0.271483 0.601564 0.27344 0.601564 0.275392 0.609376 0.283204 0.623044 0.283204 0.617189 0.283204 0.615232 0.281252 0.609376 0.281252 0.60547 0.277344 0.603513 0.277344 0.601564 0.275392 0.601564 0.27344 0.599607 0.271483 0.599607 0.269531 0.597658 0.267579
8 0.630857 0.238282 0.632814 0.238282 0.634763 0.240234 0.63672 0.240234 0.638669 0.242186 0.642575 0.242186 0.644532 0.244142 0.644532 0.246094 0.646482 0.248046 0.646482 0.249998 0.648439 0.251955 0.648439 0.253906 0.650388 0.255858 0.650388 0.265623 0.648439 0.267579 0.648439 0.269531 0.648439 0.267579 0.650388 0.265623 0.650388 0.251955 0.648439 0.249998 0.648439 0.248046 0.646482 0.246094 0.646482 0.244142 0.644532 0.242186 0.642575 0.242186 0.638669 0.238282
8 0.951176 0.90625 0.949219 0.908202 0.933594 0.908202 0.931637 0.910154 0.927731 0.910154 0.925781 0.912111 0.921875 0.912111 0.917969 0.916015 0.916012 0.916015 0.912106 0.919923 0.910156 0.919923 0.908199 0.921875 0.908199 0.923827 0.90625 0.925779 0.90625 0.927736 0.904293 0.929688 0.904293 0.931639 0.902344 0.933596 0.902344 0.941408 0.904293 0.94336 0.904293 0.953125 0.90625 0.955076 0.90625 0.957033 0.908199 0.958985 0.908199 0.960937 0.912106 0.964845 0.912106 0.966797 0.914063 0.96875 0.917969 0.96875 0.919918 0.970701 0.941406 0.970701 0.943355 0.96875 0.945312 0.96875 0.947262 0.966797 0.951176 0.966797 0.953125 0.964845 0.955082 0.964845 0.957031 0.962889 0.958988 0.962889 0.960937 0.960937 0.964844 0.960937 0.964844 0.958985 0.966801 0.957033 0.966801 0.955076 0.96875 0.953125 0.96875 0.951173 0.970707 0.949221 0.970707 0.94336 0.972656 0.941408 0.972656 0.933596 0.970707 0.931639 0.970707 0.925779 0.96875 0.923827 0.96875 0.921875 0.966801 0.919923 0.966801 0.917967 0.957031 0.908202 0.953125 0.908202
8 0.072265 0.291017 0.076172 0.291017 0.080078 0.29492 0.082035 0.29492 0.085941 0.298829 0.083984 0.300781 0.083984 0.302733 0.082035 0.304689 0.083984 0.302733 0.083984 0.300781 0.085941 0.298829 0.082035 0.29492 0.082035 0.291017
8 0.572263 0.093751 0.570314 0.095703 0.562502 0.095703 0.560544 0.097655 0.556638 0.097655 0.548826 0.105467 0.548826 0.109375 0.550783 0.111327 0.550783 0.117188 0.552732 0.11914 0.552732 0.123049 0.554689 0.125 0.556638 0.125 0.560544 0.128904 0.57422 0.128904 0.578127 0.125 0.580076 0.125 0.582033 0.123049 0.582033 0.121092 0.585939 0.117188 0.585939 0.105467 0.583982 0.103515 0.583982 0.099611 0.582033 0.099611 0.580076 0.097655 0.578127 0.097655 0.576169 0.095703 0.57422 0.095703
8 1 0.414062 0.99805 0.416014 0.994144 0.416014 0.992187 0.417971 0.984375 0.417971 0.97852 0.423826 0.97852 0.439451 0.980469 0.441408 0.980469 0.44336 0.982426 0.445312 0.984375 0.445312 0.988281 0.44922 0.996094 0.44922 0.99805 0.451172 1 0.44922 1 0.44922 1 0.447264 1 0.447264 1 0.445312 1 0.445312 1 0.441408 1 0.431639 1 0.429687 1 0.427735 1 0.425783 1 0.421875 1 0.419923 1 0.417971 1 0.417971 1 0.416014 1 0.416014 1 0.414062
8 0.261721 0.19336 0.259764 0.195312 0.259764 0.197263 0.257815 0.19922 0.257815 0.201172 0.255858 0.203124 0.255858 0.214845 0.257815 0.216797 0.257815 0.218749 0.259764 0.220705 0.259764 0.222657 0.261721 0.224609 0.263671 0.224609 0.267577 0.228518 0.275389 0.228518 0.277346 0.226561 0.279296 0.226561 0.277346 0.226561 0.275389 0.228518 0.27344 0.226561 0.265628 0.226561 0.259764 0.220705 0.259764 0.214845 0.257815 0.212893 0.257815 0.203124 0.259764 0.201172 0.259764 0.19922 0.265628 0.19336
8 0.597658 0.138673 0.595701 0.140625 0.585939 0.140625 0.583982 0.142577 0.582033 0.142577 0.578127 0.146485 0.576169 0.146485 0.572263 0.150389 0.572263 0.152346 0.572263 0.150389 0.576169 0.146485 0.578127 0.146485 0.582033 0.142577 0.583982 0.142577 0.585939 0.140625 0.597658 0.140625 0.609376 0.152346 0.609376 0.154298 0.609376 0.152346 0.607419 0.150389 0.607419 0.146485 0.60547 0.144534 0.60547 0.142577 0.603513 0.142577 0.601564 0.140625 0.599607 0.140625
8 0.220702 0.283204 0.220702 0.285156 0.218753 0.287108 0.218753 0.292969 0.218753 0.287108 0.220702 0.285156
8 0.257815 0.269531 0.261721 0.27344 0.261721 0.271483 0.259764 0.269531
8 0.248046 0.265623 0.246097 0.267579 0.24414 0.267579 0.253909 0.267579 0.250003 0.267579
8 0.470701 0.9375 0.468752 0.939452 0.455076 0.939452 0.453127 0.941408 0.443357 0.941408 0.441408 0.94336 0.439451 0.94336 0.437502 0.945312 0.435545 0.945312 0.427733 0.953125 0.427733 0.955076 0.425783 0.957033 0.425783 0.970701 0.427733 0.972658 0.427733 0.976562 0.42969 0.978514 0.42969 0.98047 0.437502 0.988282 0.439451 0.988282 0.443357 0.992186 0.464846 0.992186 0.466795 0.990234 0.472658 0.990234 0.490232 0.972658 0.490232 0.970701 0.492189 0.96875 0.492189 0.960937 0.490232 0.958985 0.490232 0.955076 0.486326 0.951173 0.486326 0.949221 0.48242 0.945312 0.48242 0.94336 0.480471 0.941408 0.476564 0.941408 0.474607 0.939452 0.472658 0.939452
8 0.070316 0.291017 0.068359 0.292969 0.06641 0.292969 0.06641 0.29492 0.064453 0.296877 0.064453 0.298829 0.062504 0.300781 0.062504 0.302733 0.064453 0.302733 0.068359 0.306641 0.080078 0.306641 0.080078 0.304689 0.082035 0.302733 0.082035 0.300781 0.083984 0.298829 0.082035 0.296877 0.080078 0.296877 0.076172 0.292969 0.072265 0.292969
8 0.458982 0.451172 0.457033 0.453124 0.433596 0.453124 0.431639 0.455076 0.42969 0.455076 0.425783 0.458985 0.423826 0.458985 0.423826 0.462888 0.421877 0.464845 0.421877 0.470705 0.425783 0.474609 0.425783 0.476561 0.427733 0.478518 0.427733 0.48047 0.42969 0.482422 0.42969 0.484374 0.431639 0.484374 0.433596 0.48633 0.445315 0.48633 0.447264 0.484374 0.45117 0.484374 0.453127 0.482422 0.458982 0.482422 0.462889 0.478518 0.464846 0.478518 0.466795 0.476561 0.466795 0.472657 0.468752 0.470705 0.468752 0.457033 0.466795 0.457033 0.462889 0.453124 0.460939 0.453124
8 0.09766 0.281252 0.101566 0.281252 0.103515 0.283204 0.103515 0.287108 0.105472 0.289065 0.105472 0.291017 0.103515 0.292969 0.103515 0.29492 0.103515 0.292969 0.105472 0.291017 0.105472 0.285156 0.103515 0.283204 0.103515 0.281252
8 0.54492 0.134765 0.54492 0.136717 0.54297 0.138673 0.54297 0.140625 0.54297 0.138673 0.54492 0.136717
8 0.51172 0.121092 0.509763 0.123049 0.509763 0.126952 0.509763 0.123049
8 0.533201 0.111327 0.537107 0.111327 0.539064 0.11328 0.537107 0.111327
8 0.207034 0.224609 0.205077 0.226561 0.191409 0.226561 0.187503 0.23047 0.185546 0.23047 0.18164 0.234373 0.18164 0.23633 0.177734 0.240234 0.177734 0.244142 0.175784 0.246094 0.175784 0.251955 0.173827 0.253906 0.173827 0.25781 0.187503 0.25781 0.189452 0.259767 0.197265 0.259767 0.199222 0.25781 0.208983 0.25781 0.21094 0.255858 0.21289 0.255858 0.216796 0.251955 0.218753 0.251955 0.220702 0.249998 0.220702 0.248046 0.222659 0.246094 0.222659 0.244142 0.224608 0.242186 0.205077 0.242186 0.203128 0.240234 0.207034 0.23633 0.207034 0.234373 0.21289 0.228518 0.21289 0.226561 0.214847 0.224609
8 0.410158 0.365236 0.404295 0.371092 0.400389 0.371092 0.400389 0.375 0.39844 0.376952 0.39844 0.384765 0.400389 0.386717 0.400389 0.388673 0.402346 0.390625 0.402346 0.392577 0.406252 0.392577 0.408201 0.394529 0.41992 0.394529 0.421877 0.392577 0.427733 0.392577 0.42969 0.390625 0.431639 0.390625 0.433596 0.388673 0.433596 0.386717 0.435545 0.384765 0.435545 0.376952 0.433596 0.375 0.433596 0.371092 0.427733 0.365236
8 0.285159 0.44922 0.289065 0.44922 0.291014 0.451172 0.289065 0.44922
8 0.310546 0.419923 0.314452 0.423826 0.314452 0.439451 0.312503 0.441408 0.312503 0.44336 0.314452 0.44336 0.316409 0.441408 0.316409 0.439451 0.318358 0.4375 0.318358 0.427735 0.316409 0.425783 0.316409 0.423826 0.314452 0.421875 0.314452 0.419923
8 0.669919 0.062501 0.669919 0.064453 0.671876 0.066405 0.671876 0.068357 0.673825 0.070314 0.673825 0.072266 0.675782 0.074218 0.673825 0.072266 0.673825 0.070314 0.671876 0.068357 0.671876 0.066405 0.669919 0.064453
8 0.693357 0.042968 0.695314 0.042968 0.697263 0.04492 0.69922 0.04492 0.703126 0.048829 0.703126 0.050781 0.705075 0.052732 0.705075 0.064453 0.703126 0.066405 0.703126 0.068357 0.69922 0.072266 0.701169 0.072266 0.703126 0.070314 0.705075 0.070314 0.708982 0.066405 0.710938 0.066405 0.710938 0.054689 0.708982 0.052732 0.708982 0.050781 0.707032 0.048829 0.707032 0.046877 0.703126 0.046877 0.701169 0.04492 0.69922 0.04492 0.697263 0.042968
8 0.685544 0.041016 0.683595 0.042968 0.681638 0.042968 0.679689 0.04492 0.675782 0.04492 0.669919 0.050781 0.669919 0.052732 0.66797 0.054689 0.66797 0.058593 0.66797 0.056641 0.669919 0.054689 0.669919 0.050781 0.671876 0.048829 0.673825 0.048829 0.677732 0.04492 0.679689 0.04492 0.681638 0.042968 0.68945 0.042968 0.687501 0.042968
8 0.320315 0.382813 0.318358 0.384765 0.320315 0.382813 0.322264 0.382813
8 0.324221 0.349612 0.326171 0.349612 0.333983 0.357424 0.333983 0.36914 0.332034 0.371092 0.332034 0.373049 0.330077 0.375 0.332034 0.375 0.333983 0.373049 0.333983 0.371092 0.33594 0.36914 0.33594 0.357424 0.333983 0.355467 0.333983 0.351563 0.328128 0.351563 0.326171 0.349612
8 0 0.201172 0 0.203124 0 0.203124 0 0.205076 0 0.205076 0 0.207032 0 0.207032 0 0.208984 0 0.208984 0 0.210936 0 0.212893 0 0.214845 0 0.216797 0 0.218749 0 0.226561 0 0.228518 0 0.23047 0 0.232422 0 0.234373 0 0.23633 0 0.238282 0 0.238282 0 0.240234 0 0.240234 0 0.242186 0 0.242186 0 0.240234 0.001953 0.240234 0.00391 0.238282 0.005859 0.238282 0.009766 0.234373 0.011722 0.234373 0.015629 0.23047 0.017578 0.23047 0.017578 0.224609 0.015629 0.222657 0.015629 0.220705 0.013672 0.218749 0.013672 0.216797 0.011722 0.214845 0.011722 0.210936 0.009766 0.208984 0.009766 0.207032 0.00391 0.201172
8 0.603513 0.07617 0.601564 0.078126 0.601564 0.080078 0.597658 0.083987 0.595701 0.083987 0.595701 0.085938 0.593751 0.08789 0.593751 0.089842 0.591794 0.091799 0.591794 0.093751 0.589845 0.095703 0.591794 0.097655 0.591794 0.099611 0.595701 0.103515 0.595701 0.105467 0.597658 0.107424 0.599607 0.107424 0.601564 0.109375 0.603513 0.109375 0.60547 0.111327 0.607419 0.109375 0.621095 0.109375 0.628908 0.101563 0.628908 0.091799 0.626951 0.089842 0.626951 0.083987 0.625001 0.083987 0.621095 0.080078 0.619138 0.080078 0.615232 0.07617
8 0.193358 0.408202 0.193358 0.410158 0.191409 0.41211 0.191409 0.419923 0.193358 0.421875 0.193358 0.423826 0.195316 0.423826 0.197265 0.425783 0.203128 0.425783 0.203128 0.423826 0.205077 0.421875 0.205077 0.419923 0.207034 0.417971 0.207034 0.414062 0.205077 0.41211 0.205077 0.410158 0.203128 0.408202
8 0.216796 0.394529 0.214847 0.396486 0.214847 0.40039 0.214847 0.396486
8 0.24414 0.384765 0.251952 0.392577 0.251952 0.40625 0.24414 0.414062 0.246097 0.41211 0.253909 0.41211 0.257815 0.408202 0.259764 0.408202 0.259764 0.398438 0.257815 0.398438 0.253909 0.394529 0.253909 0.392577 0.251952 0.390625 0.251952 0.386717 0.248046 0.386717 0.246097 0.384765
8 0.277346 0.189451 0.275389 0.191408 0.269534 0.191408 0.261721 0.19922 0.261721 0.201172 0.259764 0.203124 0.259764 0.212893 0.261721 0.214845 0.261721 0.220705 0.265628 0.224609 0.27344 0.224609 0.275389 0.226561 0.277346 0.224609 0.281253 0.224609 0.283202 0.222657 0.285159 0.222657 0.287108 0.220705 0.289065 0.220705 0.292971 0.216797 0.294921 0.216797 0.296878 0.214845 0.296878 0.212893 0.298827 0.210936 0.298827 0.203124 0.296878 0.201172 0.296878 0.19922 0.294921 0.197263 0.294921 0.195312 0.292971 0.19336 0.291014 0.19336 0.287108 0.189451
8 0.525388 0.179687 0.527346 0.181639 0.527346 0.183595 0.529295 0.185547 0.529295 0.187499 0.531252 0.189451 0.531252 0.197263 0.531252 0.195312 0.533201 0.19336 0.533201 0.191408 0.531252 0.189451 0.531252 0.187499 0.529295 0.185547 0.529295 0.183595
8 0.501951 0.177735 0.500002 0.179687 0.498045 0.179687 0.496096 0.181639 0.492189 0.181639 0.492189 0.183595 0.490232 0.185547 0.490232 0.187499 0.488283 0.189451 0.488283 0.191408 0.490232 0.19336 0.490232 0.197263 0.490232 0.189451
8 0.494139 0.126952 0.492189 0.128904 0.490232 0.128904 0.488283 0.130861 0.484377 0.130861 0.48242 0.132813 0.480471 0.132813 0.478514 0.134765 0.476564 0.134765 0.474607 0.136717 0.474607 0.138673 0.470701 0.142577 0.470701 0.144534 0.468752 0.146485 0.468752 0.148437 0.470701 0.150389 0.470701 0.152346 0.472658 0.154298 0.472658 0.15625 0.474607 0.158202 0.474607 0.160158 0.476564 0.160158 0.478514 0.16211 0.480471 0.16211 0.48242 0.164062 0.490232 0.164062 0.492189 0.16211 0.496096 0.16211 0.498045 0.160158 0.500002 0.160158 0.503908 0.15625 0.503908 0.154298 0.505857 0.152346 0.505857 0.148437 0.507814 0.146485 0.507814 0.142577 0.505857 0.140625 0.505857 0.136717 0.503908 0.134765 0.503908 0.132813 0.501951 0.130861 0.500002 0.130861 0.498045 0.128904 0.496096 0.128904
8 0.626951 0.94336 0.625001 0.945312 0.623044 0.945312 0.619138 0.949221 0.617189 0.949221 0.617189 0.951173 0.615232 0.953125 0.615232 0.955076 0.613283 0.957033 0.613283 0.958985 0.611326 0.960937 0.611326 0.964845 0.609376 0.966797 0.609376 0.970701 0.611326 0.972658 0.611326 0.978514 0.613283 0.98047 0.613283 0.982422 0.615232 0.984374 0.617189 0.984374 0.621095 0.988282 0.623044 0.988282 0.626951 0.992186 0.630857 0.992186 0.632814 0.994143 0.63672 0.994143 0.638669 0.996095 0.644532 0.996095 0.646482 0.998047 0.650388 0.994143 0.652345 0.994143 0.660157 0.986326 0.662107 0.986326 0.664064 0.984374 0.664064 0.982422 0.666013 0.98047 0.666013 0.978514 0.66797 0.976562 0.66797 0.97461 0.669919 0.972658 0.669919 0.962889 0.66797 0.960937 0.66797 0.958985 0.666013 0.957033 0.666013 0.955076 0.664064 0.953125 0.664064 0.951173 0.662107 0.951173 0.6582 0.947264 0.656251 0.947264 0.652345 0.94336
8 0.953125 0.525392 0.951176 0.527344 0.949219 0.527344 0.947262 0.529296 0.945312 0.529296 0.945312 0.537108 0.947262 0.537108 0.949219 0.539065 0.955082 0.539065 0.955082 0.537108 0.957031 0.535156 0.957031 0.533204 0.955082 0.531248 0.955082 0.529296 0.953125 0.527344
8 0.007816 0.197263 0.005859 0.19922 0.005859 0.201172 0.005859 0.19922
8 0.021484 0.185547 0.019535 0.187499 0.017578 0.187499 0.019535 0.187499 0.021484 0.185547 0.02539 0.185547
8 0.046879 0.179687 0.044922 0.181639 0.039066 0.181639 0.044922 0.181639 0.046879 0.179687 0.050785 0.183595 0.052734 0.183595 0.05664 0.187499 0.05664 0.189451 0.058597 0.191408 0.058597 0.19336 0.060547 0.195312 0.060547 0.197263 0.062504 0.19922 0.062504 0.208984 0.052734 0.218749 0.050785 0.218749 0.048828 0.220705 0.050785 0.220705 0.052734 0.218749 0.054691 0.218749 0.058597 0.214845 0.060547 0.214845 0.060547 0.210936 0.062504 0.208984 0.062504 0.19922 0.060547 0.197263 0.060547 0.19336 0.058597 0.191408 0.058597 0.189451 0.052734 0.183595 0.050785 0.183595
8 0.17969 0.771484 0.177734 0.773436 0.171878 0.773436 0.169921 0.775392 0.164066 0.775392 0.156253 0.783205 0.156253 0.787108 0.154296 0.78906 0.154296 0.794921 0.156253 0.796877 0.156253 0.800781 0.158202 0.800781 0.162109 0.80469 0.164066 0.80469 0.166015 0.806642 0.183597 0.806642 0.185546 0.80469 0.191409 0.80469 0.197265 0.798829 0.197265 0.796877 0.199222 0.794921 0.199222 0.792969 0.201171 0.791017 0.201171 0.779296 0.199222 0.777344 0.199222 0.773436 0.18164 0.773436
8 0.51367 0.173826 0.51172 0.175783 0.509763 0.175783 0.507814 0.177735 0.503908 0.177735 0.492189 0.189451 0.492189 0.205076 0.494139 0.205076 0.498045 0.208984 0.501951 0.208984 0.503908 0.210936 0.517576 0.210936 0.521482 0.207032 0.523439 0.207032 0.529295 0.201172 0.529295 0.189451 0.527346 0.187499 0.527346 0.185547 0.525388 0.183595 0.525388 0.181639 0.523439 0.179687 0.521482 0.179687 0.517576 0.175783 0.515627 0.175783
8 0.361327 0.48633 0.35742 0.490234 0.35742 0.492186 0.355471 0.494142 0.355471 0.499998 0.359377 0.503907 0.359377 0.505859 0.361327 0.507811 0.36719 0.507811 0.369139 0.509767 0.375002 0.509767 0.378909 0.505859 0.380858 0.505859 0.380858 0.503907 0.382815 0.501955 0.382815 0.499998 0.384764 0.498046 0.382815 0.496094 0.382815 0.494142 0.378909 0.490234 0.376952 0.490234 0.373045 0.48633
8 0.39844 0.388673 0.39844 0.390625 0.400389 0.392577 0.400389 0.40039 0.39844 0.402342 0.39844 0.404298 0.394533 0.408202 0.392576 0.408202 0.390627 0.410158 0.38867 0.410158 0.386721 0.41211 0.384764 0.41211 0.382815 0.414062 0.386721 0.414062 0.38867 0.41211 0.390627 0.41211 0.392576 0.410158 0.394533 0.410158 0.39844 0.40625 0.400389 0.40625 0.400389 0.392577 0.39844 0.390625
8 0.277346 0.36328 0.275389 0.365236 0.27344 0.365236 0.271483 0.367188 0.267577 0.367188 0.265628 0.36914 0.263671 0.36914 0.255858 0.376952 0.255858 0.378905 0.253909 0.380861 0.253909 0.390625 0.255858 0.392577 0.255858 0.394529 0.257815 0.396486 0.259764 0.396486 0.261721 0.398438 0.263671 0.398438 0.265628 0.40039 0.281253 0.40039 0.285159 0.396486 0.287108 0.396486 0.289065 0.394529 0.289065 0.390625 0.291014 0.388673 0.291014 0.376952 0.289065 0.375 0.289065 0.373049 0.287108 0.371092 0.287108 0.36914 0.285159 0.36914 0.281253 0.365236 0.279296 0.365236
8 0.24414 0.205076 0.246097 0.207032 0.248046 0.207032 0.253909 0.212893 0.253909 0.214845 0.255858 0.216797 0.255858 0.218749 0.257815 0.220705 0.257815 0.224609 0.255858 0.226561 0.255858 0.232422 0.253909 0.234373 0.255858 0.234373 0.257815 0.232422 0.257815 0.23047 0.259764 0.228518 0.259764 0.224609 0.257815 0.222657 0.257815 0.220705 0.255858 0.218749 0.255858 0.216797 0.253909 0.214845 0.253909 0.208984 0.250003 0.208984 0.248046 0.207032 0.246097 0.207032
8 0.333983 0.691408 0.332034 0.69336 0.324221 0.69336 0.322264 0.695312 0.320315 0.695312 0.312503 0.703125 0.312503 0.705076 0.310546 0.707033 0.310546 0.710937 0.308596 0.712889 0.308596 0.732422 0.310546 0.734374 0.310546 0.73633 0.312503 0.738282 0.312503 0.740234 0.322264 0.749998 0.330077 0.749998 0.332034 0.751955 0.343752 0.751955 0.345702 0.749998 0.347659 0.749998 0.349608 0.748046 0.353514 0.748046 0.363284 0.738282 0.363284 0.73633 0.365233 0.734374 0.365233 0.732422 0.36719 0.73047 0.36719 0.728513 0.369139 0.726562 0.369139 0.716797 0.36719 0.714845 0.36719 0.712889 0.361327 0.707033 0.361327 0.705076 0.35742 0.701172 0.355471 0.701172 0.351565 0.697264 0.349608 0.697264 0.345702 0.69336 0.339846 0.69336 0.337889 0.691408
8 0.54492 0.158202 0.54297 0.160158 0.541013 0.160158 0.537107 0.164062 0.535158 0.164062 0.533201 0.166014 0.533201 0.16797 0.531252 0.169922 0.531252 0.181639 0.533201 0.183595 0.533201 0.185547 0.535158 0.187499 0.535158 0.189451 0.537107 0.191408 0.54492 0.191408 0.546877 0.19336 0.554689 0.19336 0.556638 0.191408 0.558595 0.191408 0.560544 0.189451 0.564451 0.189451 0.566408 0.187499 0.566408 0.185547 0.570314 0.181639 0.570314 0.177735 0.572263 0.175783 0.572263 0.173826 0.570314 0.171875 0.570314 0.169922 0.568357 0.16797 0.568357 0.166014 0.566408 0.164062 0.558595 0.164062 0.556638 0.16211 0.552732 0.16211 0.550783 0.160158 0.546877 0.160158
8 0.320315 0.23047 0.318358 0.232422 0.316409 0.232422 0.314452 0.234373 0.314452 0.23633 0.310546 0.240234 0.310546 0.244142 0.310546 0.242186 0.312503 0.240234 0.312503 0.238282
8 0.333983 0.224609 0.332034 0.226561 0.330077 0.226561 0.328128 0.228518 0.324221 0.228518 0.328128 0.228518 0.330077 0.226561 0.33594 0.226561 0.337889 0.224609 0.341795 0.224609
8 0.343752 0.494142 0.341795 0.496094 0.337889 0.496094 0.33594 0.498046 0.333983 0.498046 0.333983 0.499998 0.332034 0.501955 0.332034 0.507811 0.333983 0.509767 0.333983 0.511719 0.347659 0.511719 0.353514 0.505859 0.353514 0.501955 0.351565 0.499998 0.349608 0.499998
8 0.396483 0.9375 0.394533 0.939452 0.390627 0.939452 0.38867 0.941408 0.384764 0.941408 0.382815 0.94336 0.378909 0.94336 0.376952 0.945312 0.375002 0.945312 0.373045 0.947264 0.371096 0.947264 0.365233 0.953125 0.365233 0.955076 0.363284 0.957033 0.363284 0.970701 0.365233 0.972658 0.365233 0.976562 0.36719 0.976562 0.369139 0.978514 0.371096 0.978514 0.373045 0.98047 0.386721 0.98047 0.38867 0.978514 0.396483 0.978514 0.39844 0.976562 0.404295 0.976562 0.412108 0.96875 0.412108 0.966797 0.414065 0.964845 0.414065 0.955076 0.410158 0.951173 0.410158 0.949221 0.406252 0.945312 0.406252 0.94336 0.404295 0.941408 0.404295 0.939452 0.39844 0.939452
8 0.337889 0.226561 0.33594 0.228518 0.330077 0.228518 0.328128 0.23047 0.322264 0.23047 0.314452 0.238282 0.314452 0.240234 0.312503 0.242186 0.312503 0.244142 0.310546 0.246094 0.310546 0.25781 0.314452 0.261719 0.314452 0.263671 0.316409 0.265623 0.322264 0.265623 0.324221 0.267579 0.328128 0.267579 0.330077 0.269531 0.341795 0.269531 0.347659 0.263671 0.349608 0.263671 0.353514 0.259767 0.35742 0.259767 0.35742 0.25781 0.359377 0.255858 0.359377 0.253906 0.361327 0.251955 0.361327 0.240234 0.359377 0.238282 0.359377 0.232422 0.35742 0.23047 0.355471 0.23047 0.351565 0.226561
8 0.189452 0.287108 0.187503 0.289065 0.185546 0.289065 0.18164 0.292969 0.17969 0.292969 0.17969 0.29492 0.177734 0.296877 0.177734 0.298829 0.175784 0.300781 0.175784 0.304689 0.173827 0.306641 0.173827 0.314454 0.175784 0.316405 0.175784 0.322266 0.17969 0.32617 0.17969 0.328126 0.18164 0.330078 0.191409 0.330078 0.193358 0.33203 0.199222 0.33203 0.201171 0.330078 0.203128 0.330078 0.205077 0.328126 0.207034 0.328126 0.21094 0.324218 0.21289 0.324218 0.214847 0.322266 0.214847 0.320314 0.216796 0.318357 0.216796 0.316405 0.218753 0.314454 0.218753 0.300781 0.216796 0.298829 0.216796 0.296877 0.214847 0.29492 0.214847 0.292969 0.21289 0.291017 0.21094 0.291017 0.207034 0.287108
8 0.111328 0.259767 0.109378 0.261719 0.111328 0.261719 0.113285 0.259767 0.117191 0.259767
8 0.359377 0.330078 0.35742 0.33203 0.349608 0.33203 0.347659 0.333982 0.345702 0.333982 0.339846 0.339843 0.339846 0.341799 0.337889 0.343751 0.337889 0.353515 0.341795 0.357424 0.341795 0.359376 0.343752 0.361328 0.345702 0.361328 0.349608 0.365236 0.35742 0.365236 0.359377 0.367188 0.361327 0.365236 0.363284 0.365236 0.365233 0.36328 0.36719 0.36328 0.373045 0.357424 0.373045 0.341799 0.371096 0.339843 0.371096 0.337891 0.369139 0.335939 0.369139 0.333982 0.365233 0.333982 0.363284 0.33203 0.361327 0.33203
8 0.677732 0.214845 0.675782 0.216797 0.671876 0.216797 0.669919 0.218749 0.664064 0.218749 0.662107 0.220705 0.660157 0.220705 0.6582 0.222657 0.654294 0.222657 0.646482 0.23047 0.646482 0.23633 0.644532 0.238282 0.644532 0.240234 0.648439 0.244142 0.648439 0.246094 0.650388 0.248046 0.650388 0.249998 0.652345 0.251955 0.652345 0.25781 0.654294 0.259767 0.671876 0.259767 0.673825 0.25781 0.679689 0.25781 0.683595 0.253906 0.685544 0.253906 0.691407 0.248046 0.693357 0.248046 0.695314 0.246094 0.695314 0.244142 0.697263 0.242186 0.697263 0.238282 0.69922 0.23633 0.69922 0.228518 0.697263 0.226561 0.697263 0.220705 0.693357 0.220705 0.691407 0.218749 0.68945 0.218749 0.687501 0.216797 0.679689 0.216797
8 0.019535 0.228518 0.019535 0.23047 0.017578 0.232422 0.015629 0.232422 0.011722 0.23633 0.009766 0.23633 0.007816 0.238282 0.011722 0.238282 0.015629 0.234373 0.017578 0.234373 0.019535 0.232422
8 0.355471 0.501955 0.35742 0.503907 0.35742 0.507811 0.359377 0.507811 0.361327 0.509767 0.36719 0.509767 0.361327 0.509767 0.35742 0.505859 0.35742 0.503907
8 0.384764 0.499998 0.384764 0.501955 0.382815 0.503907 0.382815 0.505859 0.380858 0.507811 0.378909 0.507811 0.376952 0.509767 0.378909 0.507811 0.382815 0.507811 0.382815 0.505859 0.384764 0.503907
8 0.375002 0.48633 0.376952 0.488282 0.378909 0.488282 0.382815 0.492186 0.376952 0.48633
8 0.03516 0.873049 0.033203 0.875001 0.033203 0.876953 0.031254 0.878905 0.031254 0.880862 0.029297 0.882813 0.031254 0.884765 0.031254 0.886717 0.033203 0.888674 0.041015 0.888674 0.042972 0.890626 0.044922 0.888674 0.048828 0.888674 0.048828 0.880862 0.046879 0.878905 0.046879 0.876953 0.042972 0.876953 0.041015 0.875001 0.037109 0.875001
8 0.287108 0.416014 0.277346 0.425783 0.277346 0.441408 0.279296 0.44336 0.279296 0.445312 0.281253 0.447264 0.289065 0.447264 0.291014 0.44922 0.298827 0.44922 0.300784 0.447264 0.30469 0.447264 0.306639 0.445312 0.310546 0.445312 0.310546 0.441408 0.312503 0.439451 0.312503 0.423826 0.30469 0.416014
8 0.271483 0.806642 0.269534 0.808594 0.265628 0.808594 0.263671 0.810546 0.257815 0.810546 0.253909 0.814454 0.251952 0.814454 0.251952 0.832031 0.253909 0.833982 0.253909 0.837891 0.259764 0.837891 0.261721 0.839843 0.271483 0.839843 0.27344 0.837891 0.279296 0.837891 0.283202 0.833982 0.285159 0.833982 0.287108 0.832031 0.287108 0.830079 0.289065 0.828127 0.289065 0.82617 0.291014 0.824218 0.291014 0.820314 0.289065 0.818358 0.289065 0.814454 0.285159 0.810546 0.285159 0.808594 0.283202 0.806642
8 0.171878 0.240234 0.169921 0.242186 0.156253 0.242186 0.154296 0.244142 0.146484 0.244142 0.140628 0.249998 0.140628 0.251955 0.138671 0.253906 0.138671 0.255858 0.140628 0.25781 0.142577 0.25781 0.146484 0.261719 0.146484 0.263671 0.15039 0.267579 0.15039 0.269531 0.152347 0.271483 0.152347 0.277344 0.154296 0.279296 0.156253 0.277344 0.158202 0.277344 0.160159 0.275392 0.164066 0.275392 0.166015 0.27344 0.167972 0.27344 0.169921 0.271483 0.173827 0.271483 0.175784 0.269531 0.177734 0.269531 0.183597 0.263671 0.183597 0.261719 0.185546 0.259767 0.173827 0.259767 0.171878 0.25781 0.171878 0.253906 0.173827 0.251955 0.173827 0.246094 0.175784 0.244142
8 0.671876 0.105467 0.669919 0.107424 0.66797 0.107424 0.666013 0.109375 0.662107 0.109375 0.660157 0.111327 0.6582 0.111327 0.654294 0.115236 0.652345 0.115236 0.652345 0.130861 0.654294 0.132813 0.654294 0.136717 0.6582 0.136717 0.660157 0.138673 0.669919 0.138673 0.671876 0.136717 0.675782 0.136717 0.677732 0.134765 0.681638 0.134765 0.687501 0.128904 0.687501 0.11328 0.685544 0.11328 0.683595 0.111327 0.681638 0.111327 0.679689 0.109375 0.677732 0.109375 0.675782 0.107424 0.673825 0.107424
8 0.615232 0.152346 0.619138 0.15625 0.621095 0.15625 0.619138 0.154298 0.617189 0.154298
8 0.630857 0.121092 0.638669 0.121092 0.648439 0.130861 0.648439 0.132813 0.650388 0.134765 0.650388 0.144534 0.650388 0.134765 0.648439 0.132813 0.648439 0.130861 0.638669 0.121092
8 0.625001 0.121092 0.623044 0.123049 0.617189 0.123049 0.613283 0.126952 0.613283 0.128904 0.609376 0.132813 0.609376 0.138673 0.611326 0.138673 0.611326 0.136717 0.613283 0.134765 0.613283 0.132813 0.623044 0.123049 0.625001 0.123049 0.626951 0.121092
8 0.33594 0.513671 0.337889 0.513671 0.339846 0.515623 0.341795 0.513671 0.347659 0.513671
8 0.332034 0.498046 0.332034 0.499998 0.330077 0.501955 0.330077 0.503907 0.330077 0.501955 0.332034 0.499998
8 0.251952 0.941408 0.250003 0.94336 0.240233 0.94336 0.234378 0.949221 0.234378 0.951173 0.232421 0.953125 0.232421 0.955076 0.230472 0.957033 0.230472 0.970701 0.232421 0.972658 0.232421 0.97461 0.240233 0.982422 0.265628 0.982422 0.267577 0.98047 0.269534 0.98047 0.271483 0.978514 0.275389 0.978514 0.275389 0.976562 0.277346 0.97461 0.277346 0.972658 0.279296 0.970701 0.279296 0.96875 0.281253 0.966797 0.281253 0.955076 0.279296 0.953125 0.279296 0.951173 0.277346 0.949221 0.277346 0.947264 0.275389 0.945312 0.275389 0.94336 0.271483 0.94336 0.269534 0.941408
8 0.08789 0.281252 0.085941 0.283204 0.085941 0.285156 0.083984 0.287108 0.083984 0.29492 0.085941 0.296877 0.093753 0.296877 0.095703 0.29492 0.101566 0.29492 0.101566 0.292969 0.103515 0.291017 0.103515 0.289065 0.101566 0.287108 0.101566 0.283204 0.09766 0.283204 0.095703 0.281252
8 1 0.871093 1 0.873049 1 0.873049 1 0.875001 1 0.875001 1 0.876953 1 0.876953 0.996094 0.880862 0.994144 0.880862 0.990238 0.884765 0.988281 0.884765 0.986332 0.886717 0.986332 0.888674 0.984375 0.890626 0.984375 0.896486 0.982426 0.898438 0.982426 0.904298 0.980469 0.90625 0.980469 0.910154 0.982426 0.912111 0.982426 0.916015 0.984375 0.917967 0.984375 0.921875 0.986332 0.923827 0.986332 0.925779 0.988281 0.925779 0.992187 0.929688 0.994144 0.929688 0.99805 0.933596 1 0.933596 1 0.935548 1 0.935548 1 0.933596 1 0.933596 1 0.931639 1 0.931639 1 0.929688 1 0.929688 1 0.927736 1 0.927736 1 0.923827 1 0.921875 1 0.916015 1 0.908202 1 0.90625 1 0.89453 1 0.892578 1 0.884765 1 0.882813 1 0.880862 1 0.878905 1 0.876953 1 0.876953 1 0.875001 1 0.875001 1 0.873049 1 0.873049
8 0.253909 0.431639 0.250003 0.435547 0.24414 0.435547 0.240233 0.439451 0.240233 0.441408 0.238284 0.44336 0.238284 0.445312 0.236327 0.447264 0.236327 0.457033 0.238284 0.458985 0.238284 0.460937 0.248046 0.470705 0.255858 0.470705 0.257815 0.468749 0.261721 0.468749 0.263671 0.466797 0.265628 0.466797 0.271483 0.460937 0.271483 0.457033 0.27344 0.455076 0.27344 0.44922 0.271483 0.447264 0.271483 0.44336 0.267577 0.439451 0.267577 0.4375 0.263671 0.433595 0.255858 0.433595
8 0.714845 0.083987 0.712888 0.085938 0.703126 0.085938 0.693357 0.095703 0.695314 0.093751 0.697263 0.093751 0.69922 0.091799 0.701169 0.091799 0.703126 0.089842 0.705075 0.089842 0.707032 0.08789 0.716794 0.08789 0.718751 0.085938 0.7207 0.08789 0.722657 0.08789 0.724606 0.089842 0.726563 0.089842 0.728513 0.091799 0.728513 0.093751 0.73047 0.095703 0.73047 0.099611 0.732419 0.101563 0.732419 0.111327 0.73047 0.11328 0.728513 0.11328 0.726563 0.115236 0.724606 0.115236 0.7207 0.11914 0.718751 0.11914 0.716794 0.121092 0.712888 0.121092 0.710938 0.123049 0.701169 0.123049 0.697263 0.11914 0.695314 0.11914 0.691407 0.115236 0.691407 0.11328 0.691407 0.115236 0.693357 0.117188 0.693357 0.11914 0.695314 0.121092 0.69922 0.121092 0.701169 0.123049 0.705075 0.123049 0.707032 0.125 0.714845 0.125 0.716794 0.123049 0.718751 0.123049 0.722657 0.11914 0.724606 0.11914 0.728513 0.115236 0.73047 0.115236 0.732419 0.11328 0.732419 0.097655 0.73047 0.095703 0.73047 0.091799 0.728513 0.089842 0.728513 0.08789 0.722657 0.08789 0.7207 0.085938 0.716794 0.085938
8 0.269534 0.4375 0.269534 0.439451 0.27344 0.44336 0.27344 0.447264 0.275389 0.44922 0.275389 0.455076 0.27344 0.457033 0.27344 0.460937 0.265628 0.468749 0.263671 0.468749 0.265628 0.468749 0.267577 0.466797 0.269534 0.466797 0.271483 0.464845 0.275389 0.464845 0.277346 0.462888 0.277346 0.460937 0.279296 0.458985 0.279296 0.447264 0.277346 0.445312 0.277346 0.44336 0.271483 0.4375
8 0.628908 0.121092 0.625001 0.125 0.623044 0.125 0.615232 0.132813 0.615232 0.134765 0.613283 0.136717 0.613283 0.138673 0.611326 0.140625 0.611326 0.144534 0.613283 0.146485 0.613283 0.148437 0.617189 0.152346 0.619138 0.152346 0.623044 0.15625 0.630857 0.15625 0.632814 0.158202 0.634763 0.15625 0.63672 0.15625 0.638669 0.154298 0.640626 0.154298 0.642575 0.152346 0.644532 0.152346 0.646482 0.150389 0.646482 0.148437 0.648439 0.146485 0.648439 0.134765 0.646482 0.132813 0.646482 0.130861 0.638669 0.123049 0.630857 0.123049
8 0.199222 0.964845 0.197265 0.966797 0.195316 0.966797 0.193358 0.96875 0.193358 0.970701 0.189452 0.97461 0.189452 0.976562 0.187503 0.978514 0.187503 0.986326 0.189452 0.988282 0.189452 0.990234 0.193358 0.994143 0.193358 0.996095 0.195316 0.998047 0.195316 0.999999 0.197265 1 0.21094 1 0.216796 0.996095 0.218753 0.996095 0.222659 0.992186 0.222659 0.990234 0.226565 0.986326 0.226565 0.978514 0.224608 0.976562 0.224608 0.970701 0.222659 0.96875 0.222659 0.964845
8 0.400389 0.310545 0.402346 0.312502 0.404295 0.312502 0.408201 0.316405 0.410158 0.316405 0.412108 0.318357 0.412108 0.337891 0.410158 0.339843 0.410158 0.341799 0.408201 0.343751 0.410158 0.343751 0.414065 0.339843 0.416014 0.339843 0.421877 0.333982 0.421877 0.330078 0.41992 0.328126 0.41992 0.322266 0.417971 0.320314 0.417971 0.318357 0.416014 0.316405 0.416014 0.314454 0.414065 0.314454 0.410158 0.310545
8 0.595701 0.080078 0.593751 0.08203 0.593751 0.083987 0.589845 0.08789 0.589845 0.091799 0.587888 0.093751 0.587888 0.099611 0.589845 0.101563 0.589845 0.105467 0.593751 0.109375 0.593751 0.111327 0.595701 0.11328 0.60547 0.11328 0.607419 0.111327 0.613283 0.111327 0.607419 0.111327 0.60547 0.11328 0.603513 0.111327 0.601564 0.111327 0.599607 0.109375 0.597658 0.109375 0.593751 0.105467 0.593751 0.103515 0.589845 0.099611 0.589845 0.097655 0.587888 0.095703 0.589845 0.093751 0.589845 0.091799 0.591794 0.089842 0.591794 0.08789 0.593751 0.085938 0.593751 0.083987 0.595701 0.08203 0.597658 0.08203 0.599607 0.080078
8 0.447264 0.744143 0.445315 0.746094 0.441408 0.746094 0.439451 0.748046 0.439451 0.749998 0.437502 0.751955 0.439451 0.753907 0.439451 0.755859 0.441408 0.755859 0.443357 0.757811 0.445315 0.757811 0.447264 0.759767 0.45117 0.755859 0.45117 0.753907 0.449221 0.751955 0.449221 0.748046 0.447264 0.746094
8 0.185546 0.843751 0.18164 0.847655 0.17969 0.847655 0.175784 0.851564 0.173827 0.851564 0.173827 0.86328 0.175784 0.865237 0.175784 0.869141 0.177734 0.869141 0.18164 0.873049 0.191409 0.873049 0.193358 0.871093 0.203128 0.871093 0.205077 0.869141 0.21094 0.869141 0.214847 0.865237 0.214847 0.86328 0.218753 0.859376 0.218753 0.855468 0.216796 0.853516 0.216796 0.851564 0.214847 0.849607 0.214847 0.847655 0.21094 0.847655 0.208983 0.845703 0.207034 0.845703 0.205077 0.843751
8 0.427733 0.867189 0.425783 0.869141 0.41992 0.869141 0.417971 0.871093 0.412108 0.871093 0.408201 0.875001 0.406252 0.875001 0.404295 0.876953 0.404295 0.878905 0.402346 0.880862 0.402346 0.882813 0.400389 0.884765 0.400389 0.886717 0.39844 0.888674 0.39844 0.890626 0.396483 0.892578 0.396483 0.902342 0.39844 0.904298 0.39844 0.90625 0.400389 0.908202 0.400389 0.910154 0.402346 0.912111 0.402346 0.914062 0.410158 0.921875 0.414065 0.921875 0.416014 0.923827 0.423826 0.923827 0.425783 0.921875 0.42969 0.921875 0.431639 0.919923 0.435545 0.919923 0.437502 0.917967 0.439451 0.917967 0.441408 0.916015 0.445315 0.916015 0.457033 0.904298 0.457033 0.902342 0.458982 0.90039 0.458982 0.898438 0.460939 0.896486 0.460939 0.888674 0.458982 0.886717 0.458982 0.884765 0.455076 0.880862 0.455076 0.878905 0.453127 0.876953 0.453127 0.875001 0.45117 0.875001 0.449221 0.873049 0.447264 0.873049 0.445315 0.871093 0.443357 0.871093 0.441408 0.869141 0.439451 0.869141 0.437502 0.867189
8 0.080078 0.865237 0.078128 0.867189 0.076172 0.867189 0.076172 0.873049 0.078128 0.873049 0.080078 0.875001 0.085941 0.875001 0.08789 0.873049 0.089847 0.873049 0.091796 0.871093 0.091796 0.867189 0.082035 0.867189
8 0.642575 0.058593 0.638669 0.062501 0.63672 0.062501 0.630857 0.068357 0.630857 0.078126 0.632814 0.080078 0.632814 0.085938 0.634763 0.08789 0.634763 0.091799 0.63672 0.091799 0.640626 0.095703 0.654294 0.095703 0.6582 0.091799 0.660157 0.091799 0.664064 0.08789 0.666013 0.08789 0.666013 0.074218 0.664064 0.072266 0.664064 0.070314 0.6582 0.064453 0.6582 0.062501 0.656251 0.060545 0.644532 0.060545
8 0.402346 0.742186 0.400389 0.744143 0.394533 0.744143 0.394533 0.746094 0.392576 0.748046 0.392576 0.749998 0.390627 0.751955 0.390627 0.757811 0.392576 0.759767 0.392576 0.761719 0.396483 0.765623 0.400389 0.765623 0.402346 0.76758 0.404295 0.765623 0.412108 0.765623 0.414065 0.763671 0.417971 0.763671 0.423826 0.757811 0.423826 0.755859 0.425783 0.753907 0.425783 0.751955 0.423826 0.749998 0.423826 0.748046 0.421877 0.746094 0.41992 0.746094 0.417971 0.744143 0.416014 0.744143 0.414065 0.742186
8 0.417971 0.468749 0.416014 0.470705 0.410158 0.470705 0.408201 0.472657 0.402346 0.472657 0.400389 0.474609 0.396483 0.474609 0.394533 0.476561 0.390627 0.476561 0.38867 0.478518 0.386721 0.478518 0.382815 0.482422 0.382815 0.488282 0.384764 0.490234 0.384764 0.492186 0.386721 0.494142 0.386721 0.496094 0.38867 0.498046 0.392576 0.498046 0.394533 0.499998 0.416014 0.499998 0.417971 0.498046 0.421877 0.498046 0.423826 0.496094 0.423826 0.494142 0.425783 0.492186 0.425783 0.490234 0.427733 0.488282 0.427733 0.48633 0.425783 0.484374 0.425783 0.48047 0.423826 0.478518 0.423826 0.476561 0.41992 0.472657 0.41992 0.470705
8 0.468752 0.150389 0.468752 0.154298 0.472658 0.158202 0.472658 0.160158 0.474607 0.16211 0.476564 0.16211 0.474607 0.16211 0.472658 0.160158 0.472658 0.158202 0.470701 0.15625 0.470701 0.154298 0.468752 0.152346
8 0.474607 0.134765 0.472658 0.136717 0.472658 0.138673 0.470701 0.140625 0.472658 0.138673 0.472658 0.136717
8 0.503908 0.130861 0.505857 0.132813 0.505857 0.134765 0.507814 0.136717 0.507814 0.140625 0.509763 0.142577 0.509763 0.146485 0.507814 0.148437 0.507814 0.152346 0.505857 0.154298 0.505857 0.15625 0.501951 0.160158 0.505857 0.15625 0.507814 0.15625 0.509763 0.154298 0.509763 0.152346 0.51172 0.150389 0.51172 0.146485 0.51367 0.144534 0.51367 0.142577 0.507814 0.136717 0.507814 0.134765
8 0.878906 0.556642 0.87695 0.558593 0.875 0.558593 0.871094 0.562502 0.869137 0.562502 0.869137 0.570314 0.873043 0.574218 0.880856 0.574218 0.882813 0.572266 0.882813 0.570314 0.884762 0.568358 0.884762 0.562502
8 0.24219 0.267579 0.240233 0.269531 0.234378 0.269531 0.222659 0.281252 0.222659 0.285156 0.220702 0.287108 0.220702 0.292969 0.218753 0.29492 0.218753 0.296877 0.220702 0.298829 0.220702 0.300781 0.222659 0.302733 0.222659 0.304689 0.224608 0.306641 0.226565 0.306641 0.230472 0.310545 0.238284 0.310545 0.240233 0.312502 0.24219 0.310545 0.250003 0.310545 0.253909 0.306641 0.255858 0.306641 0.263671 0.298829 0.263671 0.296877 0.265628 0.29492 0.265628 0.289065 0.267577 0.287108 0.267577 0.283204 0.265628 0.281252 0.265628 0.277344 0.263671 0.275392 0.261721 0.275392 0.255858 0.269531 0.24414 0.269531
8 0.986332 0.625001 0.984375 0.626953 0.980469 0.626953 0.97852 0.628905 0.972656 0.628905 0.970707 0.630861 0.966801 0.630861 0.964844 0.632813 0.962894 0.632813 0.960937 0.634765 0.958988 0.634765 0.957031 0.636717 0.955082 0.636717 0.953125 0.638674 0.951176 0.638674 0.949219 0.640625 0.947262 0.640625 0.945312 0.642577 0.943355 0.642577 0.941406 0.644529 0.939449 0.644529 0.9375 0.646486 0.9375 0.648438 0.933594 0.652342 0.933594 0.654298 0.927731 0.660154 0.927731 0.662111 0.923824 0.666014 0.923824 0.667971 0.921875 0.669923 0.921875 0.685548 0.919918 0.6875 0.919918 0.703125 0.921875 0.705076 0.921875 0.707033 0.923824 0.708985 0.923824 0.710937 0.925781 0.712889 0.925781 0.714845 0.929688 0.718749 0.929688 0.720701 0.931637 0.722658 0.931637 0.72461 0.933594 0.726562 0.933594 0.728513 0.935543 0.73047 0.9375 0.73047 0.941406 0.734374 0.943355 0.734374 0.945312 0.73633 0.947262 0.73633 0.951176 0.740234 0.953125 0.740234 0.957031 0.744143 0.958988 0.744143 0.960937 0.746094 0.988281 0.746094 0.990238 0.748046 0.992187 0.746094 0.996094 0.746094 0.99805 0.744143 1 0.744143 1 0.742186 1 0.742186 1 0.740234 1 0.740234 1 0.738282 1 0.738282 1 0.73633 1 0.73633 1 0.732422 1 0.732422 1 0.728513 1 0.728513 1 0.72461 1 0.72461 1 0.722658 1 0.720701 1 0.718749 1 0.716797 1 0.714845 1 0.712889 1 0.710937 1 0.708985 1 0.707033 1 0.705076 1 0.703125 1 0.701172 1 0.69922 1 0.697264 1 0.667971 1 0.666014 1 0.664062 1 0.662111 1 0.660154 1 0.658202 1 0.65625 1 0.654298 1 0.652342 1 0.65039 1 0.648438 1 0.646486 1 0.646486 1 0.638674 1 0.638674 1 0.634765 1 0.634765 1 0.632813 1 0.632813 1 0.630861 1 0.630861 1 0.628905 1 0.628905 1 0.626953 0.988281 0.626953
8 0.435545 0.726562 0.433596 0.728513 0.431639 0.728513 0.42969 0.73047 0.42969 0.732422 0.427733 0.734374 0.431639 0.738282 0.433596 0.738282 0.435545 0.740234 0.445315 0.740234 0.445315 0.73047 0.443357 0.728513 0.443357 0.726562
8 0.685544 0.132813 0.681638 0.136717 0.677732 0.136717 0.675782 0.138673 0.671876 0.138673 0.669919 0.140625 0.675782 0.140625 0.677732 0.138673 0.681638 0.138673 0.683595 0.136717 0.683595 0.134765
8 0.671876 0.103515 0.669919 0.105467 0.666013 0.105467 0.664064 0.107424 0.662107 0.107424 0.660157 0.109375 0.662107 0.107424 0.666013 0.107424 0.66797 0.105467 0.669919 0.105467 0.671876 0.103515 0.673825 0.105467 0.675782 0.105467 0.677732 0.107424 0.679689 0.107424 0.681638 0.109375 0.679689 0.107424 0.677732 0.107424 0.675782 0.105467 0.673825 0.105467
8 0.320315 0.169922 0.318358 0.171875 0.314452 0.171875 0.312503 0.173826 0.308596 0.173826 0.306639 0.175783 0.30469 0.175783 0.302733 0.177735 0.300784 0.177735 0.298827 0.179687 0.298827 0.181639 0.294921 0.185547 0.294921 0.19336 0.296878 0.195312 0.296878 0.197263 0.298827 0.19922 0.298827 0.201172 0.300784 0.203124 0.300784 0.205076 0.30469 0.208984 0.322264 0.208984 0.332034 0.19922 0.333983 0.19922 0.337889 0.195312 0.337889 0.19336 0.339846 0.191408 0.339846 0.181639 0.337889 0.179687 0.337889 0.175783 0.332034 0.169922
8 0.185546 0.33203 0.187503 0.33203 0.189452 0.333982 0.197265 0.333982 0.193358 0.333982 0.191409 0.33203
8 0.175784 0.324218 0.177734 0.32617 0.177734 0.328126 0.177734 0.32617
8 0.220702 0.302733 0.220702 0.314454 0.218753 0.316405 0.218753 0.318357 0.216796 0.320314 0.216796 0.322266 0.21289 0.32617 0.21094 0.32617 0.207034 0.330078 0.205077 0.330078 0.207034 0.330078 0.208983 0.328126 0.21094 0.328126 0.218753 0.320314 0.218753 0.318357 0.220702 0.316405 0.220702 0.314454 0.222659 0.312502 0.222659 0.306641 0.220702 0.304689
8 0.173827 0.302733 0.173827 0.304689 0.171878 0.306641 0.171878 0.312502 0.171878 0.306641 0.173827 0.304689
8 0.60547 0.875001 0.603513 0.876953 0.587888 0.876953 0.585939 0.878905 0.585939 0.880862 0.582033 0.884765 0.582033 0.886717 0.580076 0.888674 0.580076 0.898438 0.578127 0.90039 0.578127 0.910154 0.580076 0.912111 0.580076 0.914062 0.583982 0.917967 0.583982 0.919923 0.587888 0.923827 0.589845 0.923827 0.595701 0.929688 0.609376 0.929688 0.611326 0.931639 0.613283 0.929688 0.617189 0.929688 0.619138 0.927736 0.623044 0.927736 0.626951 0.923827 0.626951 0.921875 0.632814 0.916015 0.632814 0.910154 0.634763 0.908202 0.634763 0.89453 0.632814 0.892578 0.632814 0.886717 0.630857 0.884765 0.630857 0.882813 0.628908 0.880862 0.628908 0.878905 0.626951 0.878905 0.625001 0.876953 0.623044 0.876953 0.621095 0.875001
8 0.539064 0.19336 0.541013 0.19336 0.54297 0.195312 0.54492 0.195312 0.546877 0.197263 0.548826 0.195312 0.552732 0.195312 0.546877 0.195312 0.54492 0.19336
8 0.560544 0.191408 0.558595 0.19336 0.556638 0.19336 0.558595 0.19336 0.560544 0.191408 0.564451 0.191408
8 0.548826 0.154298 0.546877 0.15625 0.54492 0.15625 0.54297 0.158202 0.539064 0.158202 0.537107 0.160158 0.537107 0.16211 0.541013 0.158202 0.54297 0.158202 0.54492 0.15625 0.546877 0.158202 0.550783 0.158202 0.552732 0.160158 0.556638 0.160158 0.558595 0.16211 0.566408 0.16211 0.558595 0.154298
8 0.271483 0.986326 0.269534 0.988282 0.267577 0.988282 0.263671 0.992186 0.261721 0.992186 0.259764 0.994143 0.257815 0.994143 0.255858 0.996095 0.255858 0.998047 0.253909 0.999999 0.253909 1 0.255858 1 0.255858 1 0.259764 1 0.261721 1 0.263671 1 0.265628 1 0.271483 1 0.27344 1 0.279296 1 0.281253 1 0.287108 1 0.289065 1 0.291014 1 0.292971 1 0.294921 1 0.294921 1 0.296878 1 0.296878 0.999999 0.294921 0.998047 0.294921 0.994143 0.287108 0.986326