0 0.925779 0.826173 0.925779 0.828125 0.923836 0.830076 0.923836 0.835939 0.925779 0.837891 0.925779 0.843746 0.927744 0.845706 0.927744 0.847657 0.929688 0.847657 0.929688 0.845706 0.931633 0.843746 0.931633 0.828125 0.929688 0.826173
1 0.304691 0.542972 0.300783 0.546876 0.298819 0.546876 0.298819 0.556642 0.300783 0.558594 0.300783 0.574216 0.304691 0.574216 0.306635 0.576175 0.308601 0.574216 0.308601 0.572264 0.310545 0.570312 0.310545 0.560545 0.31251 0.558594 0.31251 0.548828 0.310545 0.546876 0.310545 0.544924 0.308601 0.542972
1 0.761713 0.416018 0.759769 0.41797 0.759769 0.419921 0.757803 0.421873 0.757803 0.427736 0.755859 0.429688 0.755859 0.439454 0.753916 0.441406 0.753916 0.447268 0.757803 0.451172 0.757803 0.453124 0.759769 0.455076 0.765621 0.455076 0.765621 0.453124 0.767586 0.451172 0.767586 0.421873
0 0.675781 0.927732 0.673836 0.929684 0.673836 0.933595 0.675781 0.935546 0.675781 0.943361 0.679689 0.943361 0.681633 0.94141 0.683599 0.94141 0.683599 0.937498 0.681633 0.935546 0.681633 0.929684 0.679689 0.927732
0 0.542965 0.880859 0.541019 0.882812 0.537111 0.882812 0.535147 0.884763 0.535147 0.886715 0.533203 0.888674 0.533203 0.890626 0.531258 0.892578 0.531258 0.89453 0.529293 0.896482 0.529293 0.900393 0.531258 0.902344 0.533203 0.900393 0.535147 0.900393 0.537111 0.898441 0.539055 0.898441 0.539055 0.896482 0.541019 0.89453 0.541019 0.892578 0.542965 0.890626 0.542965 0.888674 0.544928 0.886715 0.544928 0.880859
0 0.701178 0.335936 0.699213 0.337887 0.697269 0.337887 0.697269 0.339847 0.695303 0.341798 0.695303 0.34375 0.693361 0.345702 0.693361 0.347654 0.691416 0.349613 0.691416 0.351565 0.693361 0.351565 0.695303 0.353517 0.697269 0.351565 0.699213 0.351565 0.703121 0.347654 0.703121 0.345702 0.705086 0.34375 0.705086 0.339847
0 0.767586 0.750002 0.765621 0.751954 0.763678 0.751954 0.763678 0.755857 0.765621 0.757816 0.785166 0.757816 0.785166 0.753905 0.783199 0.751954 0.783199 0.750002
0 0.617189 0.443357 0.617189 0.445309 0.615225 0.447268 0.615225 0.453124 0.617189 0.455076 0.617189 0.46289 0.619135 0.460938 0.621098 0.460938 0.623043 0.458986 0.623043 0.447268 0.621098 0.445309 0.621098 0.443357
0 0.617189 0.517577 0.615225 0.519529 0.615225 0.539061 0.619135 0.539061 0.619135 0.537109 0.621098 0.535158 0.621098 0.519529 0.619135 0.517577
0 0.904291 0.861327 0.904291 0.863279 0.902346 0.865231 0.902346 0.871094 0.900383 0.873045 0.900383 0.878908 0.904291 0.882812 0.908201 0.882812 0.908201 0.861327
0 0.945303 0.43555 0.945303 0.437502 0.943359 0.439454 0.943359 0.453124 0.947268 0.457035 0.951176 0.457035 0.951176 0.455076 0.953121 0.453124 0.953121 0.439454 0.951176 0.437502 0.951176 0.43555
0 0.593758 0.382815 0.591793 0.384767 0.589848 0.384767 0.589848 0.38867 0.591793 0.390622 0.591793 0.392581 0.593758 0.394533 0.593758 0.396485 0.595703 0.398437 0.595703 0.400389 0.599611 0.404299 0.599611 0.40234 0.601555 0.400389 0.601555 0.394533 0.599611 0.392581 0.599611 0.390622 0.597666 0.38867 0.597666 0.386719
1 0.615225 0.605466 0.613281 0.607425 0.611336 0.607425 0.611336 0.611329 0.613281 0.613281 0.630861 0.613281 0.632805 0.615232 0.634769 0.613281 0.638678 0.613281 0.638678 0.609377 0.636713 0.609377 0.632805 0.605466
0 0.941414 0.876956 0.939451 0.878908 0.937506 0.878908 0.935541 0.880859 0.935541 0.89453 0.937506 0.896482 0.937506 0.900393 0.939451 0.898441 0.941414 0.898441 0.945303 0.89453 0.945303 0.888674 0.943359 0.886715 0.943359 0.878908
0 0.701178 0.439454 0.701178 0.441406 0.699213 0.443357 0.699213 0.445309 0.701178 0.447268 0.714849 0.447268 0.718758 0.443357 0.716791 0.441406 0.716791 0.439454
1 0.703121 0.972653 0.699213 0.976564 0.697269 0.976564 0.697269 1 0.699213 1 0.699213 1 0.705086 1 0.708975 1 0.708975 0.976564 0.705086 0.972653
0 0.767586 0.769534 0.765621 0.771486 0.765621 0.77539 0.767586 0.77539 0.769529 0.777341 0.781258 0.777341 0.783199 0.77539 0.785166 0.77539 0.779291 0.769534
1 0.416021 0.496093 0.416021 0.541013 0.417965 0.541013 0.421873 0.544924 0.423838 0.542972 0.427727 0.542972 0.427727 0.541013 0.429691 0.539061 0.429691 0.500004 0.427727 0.500004 0.425781 0.498044 0.423838 0.498044 0.421873 0.496093
0 0.703121 0.398437 0.701178 0.400389 0.699213 0.400389 0.699213 0.404299 0.701178 0.404299 0.703121 0.406251 0.718758 0.406251 0.720701 0.404299 0.720701 0.400389 0.716791 0.400389 0.714849 0.398437
0 0.898438 0.931643 0.896494 0.933595 0.896494 0.949216 0.900383 0.953127 0.902346 0.953127 0.904291 0.951169 0.904291 0.949216 0.906256 0.947265 0.906256 0.94141 0.904291 0.93945 0.904291 0.933595 0.902346 0.931643
0 0.640623 0.466794 0.640623 0.468753 0.638678 0.470705 0.638678 0.482422 0.640623 0.484375 0.640623 0.486326 0.646475 0.486326 0.646475 0.468753 0.644531 0.466794
1 0.378897 0.82031 0.376953 0.822269 0.373045 0.822269 0.369135 0.826173 0.369135 0.853513 0.371101 0.855472 0.371101 0.882812 0.373045 0.884763 0.373045 0.886715 0.37501 0.888674 0.37501 0.890626 0.378897 0.890626 0.380861 0.892578 0.380861 0.890626 0.382805 0.888674 0.382805 0.886715 0.384771 0.884763 0.384771 0.855472 0.382805 0.853513 0.382805 0.824221
0 0.652349 0.466794 0.650383 0.468753 0.648439 0.468753 0.648439 0.486326 0.654293 0.486326 0.656258 0.484375 0.656258 0.482422 0.658201 0.480471 0.658201 0.468753 0.656258 0.468753 0.654293 0.466794
0 0.765621 0.792971 0.763678 0.794922 0.761713 0.794922 0.761713 0.796874 0.763678 0.796874 0.765621 0.798826 0.777348 0.798826 0.779291 0.800785 0.781258 0.798826 0.781258 0.796874 0.783199 0.794922 0.781258 0.794922 0.779291 0.792971
1 0.236319 0.55469 0.236319 0.556642 0.234375 0.558594 0.234375 0.560545 0.23243 0.562498 0.23243 0.578126 0.230467 0.580078 0.230467 0.593748 0.23243 0.5957 0.23243 0.597659 0.234375 0.599611 0.234375 0.601563 0.242191 0.601563 0.242191 0.599611 0.244137 0.597659 0.244137 0.585941 0.246099 0.583982 0.246099 0.562498 0.244137 0.560545 0.244137 0.558594 0.242191 0.556642 0.242191 0.55469
0 0.683599 0.33008 0.681633 0.332032 0.681633 0.34375 0.683599 0.345702 0.683599 0.347654 0.687508 0.347654 0.689451 0.345702 0.691416 0.345702 0.691416 0.339847 0.689451 0.337887 0.689451 0.332032 0.687508 0.332032 0.685543 0.33008
0 0.660166 0.888674 0.656258 0.892578 0.656258 0.89453 0.658201 0.89453 0.660166 0.896482 0.675781 0.896482 0.677725 0.89453 0.675781 0.892578 0.675781 0.890626 0.662111 0.890626
0 0.664055 0.580078 0.654293 0.589845 0.654293 0.591796 0.658201 0.5957 0.662111 0.5957 0.671871 0.585941 0.671871 0.58203 0.669928 0.580078
0 0.609373 0.982419 0.607428 0.984378 0.603519 0.984378 0.603519 0.98633 0.605463 0.98633 0.609373 0.990233 0.621098 0.990233 0.623043 0.992185 0.628916 0.98633 0.628916 0.982419
0 0.750008 0.98633 0.750008 0.990233 0.751951 0.992185 0.751951 0.994137 0.767586 0.994137 0.769529 0.996096 0.769529 0.994137 0.771475 0.992185 0.771475 0.988282 0.757803 0.988282 0.755859 0.98633
0 0.937506 0.669919 0.935541 0.671879 0.933596 0.671879 0.931633 0.673831 0.931633 0.681637 0.929688 0.683597 0.929688 0.691404 0.931633 0.691404 0.933596 0.693363 0.935541 0.693363 0.937506 0.691404 0.937506 0.689452 0.939451 0.6875 0.939451 0.671879
0 0.759769 0.847657 0.759769 0.851561 0.761713 0.853513 0.769529 0.853513 0.771475 0.855472 0.773439 0.853513 0.777348 0.853513 0.777348 0.849609 0.775383 0.849609 0.773439 0.847657
1 0.460941 0.431639 0.458977 0.433591 0.457031 0.433591 0.455088 0.43555 0.453123 0.43555 0.45118 0.437502 0.449215 0.437502 0.445307 0.441406 0.443361 0.441406 0.441397 0.443357 0.439453 0.443357 0.43751 0.445309 0.435543 0.445309 0.433599 0.447268 0.431635 0.447268 0.427727 0.451172 0.425781 0.451172 0.423838 0.453124 0.421873 0.453124 0.421873 0.464842 0.425781 0.464842 0.427727 0.46289 0.429691 0.46289 0.433599 0.458986 0.435543 0.458986 0.439453 0.455076 0.441397 0.455076 0.445307 0.451172 0.447269 0.451172 0.449215 0.44922 0.45118 0.44922 0.455088 0.445309 0.457031 0.445309 0.460941 0.441406 0.462885 0.441406 0.462885 0.43555 0.460941 0.433591
1 0.970699 0.919925 0.970699 0.923829 0.968756 0.92578 0.968756 0.949216 0.970699 0.951169 0.970699 0.972653 0.974609 0.976564 0.974609 0.978515 0.976553 0.980467 0.982426 0.980467 0.982426 0.978515 0.984371 0.976564 0.984371 0.962893 0.982426 0.960935 0.982426 0.937498 0.980461 0.935546 0.980461 0.923829 0.976553 0.919925
0 0.673836 0.947265 0.673836 0.949216 0.671871 0.951169 0.671871 0.962893 0.673836 0.964846 0.677725 0.964846 0.679689 0.962893 0.679689 0.958982 0.677725 0.957031 0.677725 0.947265
0 0.548838 0.437502 0.546873 0.439454 0.544928 0.439454 0.544928 0.443357 0.560543 0.443357 0.562508 0.445309 0.566397 0.441406 0.566397 0.437502
0 0.652349 0.861327 0.650383 0.863279 0.638678 0.863279 0.636713 0.865231 0.636713 0.869142 0.638678 0.871094 0.640623 0.869142 0.652349 0.869142 0.652349 0.86719 0.654293 0.865231 0.654293 0.861327
0 0.771475 0.191408 0.765621 0.197263 0.765621 0.199222 0.761713 0.203126 0.761713 0.205077 0.763678 0.207029 0.763678 0.21094 0.767586 0.21094 0.769529 0.208981 0.771475 0.208981 0.771475 0.207029 0.773439 0.205077 0.773439 0.199222 0.775383 0.197263 0.775383 0.191408
0 0.521477 0.880859 0.519531 0.882812 0.519531 0.884763 0.515623 0.888674 0.515623 0.890626 0.51368 0.892578 0.51368 0.89453 0.515623 0.896482 0.515623 0.900393 0.517588 0.900393 0.519531 0.902344 0.521477 0.900393 0.523439 0.900393 0.527349 0.896482 0.527349 0.89453 0.531258 0.890626 0.531258 0.888674 0.533203 0.886715 0.533203 0.880859
0 0.607428 0.519529 0.607428 0.521488 0.605463 0.52344 0.605463 0.537109 0.609373 0.537109 0.611336 0.539061 0.611336 0.537109 0.613281 0.535158 0.613281 0.521488 0.611336 0.519529
0 0.650383 0.349613 0.646475 0.353517 0.644531 0.353517 0.644531 0.357419 0.650383 0.363283 0.650383 0.365234 0.654293 0.369138 0.656258 0.369138 0.658201 0.371097 0.660166 0.369138 0.662111 0.369138 0.662111 0.365234 0.660166 0.363283 0.660166 0.361331 0.656258 0.357419 0.656258 0.355468
0 0.619135 0.46289 0.619135 0.464842 0.617189 0.466794 0.617189 0.480471 0.621098 0.484375 0.623043 0.484375 0.623043 0.482422 0.625008 0.480471 0.625008 0.464842 0.623043 0.464842 0.621098 0.46289
0 0.552725 0.511722 0.552725 0.515625 0.554689 0.515625 0.556635 0.517577 0.568361 0.517577 0.570305 0.515625 0.570305 0.511722
0 0.574215 0.392581 0.572269 0.394533 0.570305 0.394533 0.570305 0.398437 0.572269 0.400389 0.572269 0.40234 0.576178 0.406251 0.576178 0.408203 0.578123 0.410155 0.582031 0.410155 0.583975 0.408203 0.583975 0.404299 0.578123 0.398437 0.578123 0.396485
0 0.552725 0.478519 0.550781 0.480471 0.548838 0.480471 0.548838 0.484375 0.552725 0.484375 0.554689 0.486326 0.556635 0.484375 0.564453 0.484375 0.566397 0.482422 0.568361 0.482422 0.568361 0.478519
0 0.554689 0.503907 0.550781 0.507811 0.552725 0.507811 0.554689 0.509762 0.570305 0.509762 0.572269 0.507811 0.572269 0.505858 0.556635 0.505858
0 0.712883 0.427736 0.710939 0.429688 0.699213 0.429688 0.699213 0.431639 0.697269 0.433591 0.701178 0.437502 0.703121 0.43555 0.716791 0.43555 0.718758 0.433591 0.718758 0.429688 0.714849 0.429688
0 0.560543 0.421873 0.558599 0.423825 0.544928 0.423825 0.544928 0.429688 0.546873 0.431639 0.546873 0.433591 0.560543 0.433591 0.564453 0.429688 0.564453 0.423825 0.562508 0.423825
0 0.267569 0.566409 0.267569 0.56836 0.265625 0.570312 0.265625 0.58203 0.26368 0.583982 0.26368 0.593748 0.265625 0.5957 0.265625 0.597659 0.267569 0.599611 0.271477 0.599611 0.271477 0.597659 0.273441 0.5957 0.273441 0.570312 0.271477 0.56836 0.271477 0.566409
0 0.927744 0.486326 0.923836 0.490237 0.923836 0.507811 0.927744 0.511722 0.933596 0.511722 0.933596 0.490237 0.931633 0.488278 0.931633 0.486326
0 0.669928 0.703122 0.667963 0.705081 0.667963 0.716799 0.669928 0.718751 0.669928 0.720703 0.673836 0.720703 0.673836 0.714848 0.675781 0.712888 0.675781 0.705081 0.673836 0.705081 0.671871 0.703122
0 0.613281 0.375001 0.611336 0.376953 0.609373 0.376953 0.609373 0.380857 0.611336 0.382815 0.611336 0.384767 0.613281 0.386719 0.613281 0.38867 0.615225 0.390622 0.619135 0.390622 0.621098 0.392581 0.623043 0.390622 0.625008 0.390622 0.625008 0.386719 0.623043 0.384767 0.623043 0.382815 0.619135 0.378904 0.619135 0.376953 0.617189 0.375001
0 0.919926 0.617184 0.917961 0.619143 0.917961 0.638669 0.921871 0.638669 0.925779 0.634765 0.925779 0.62891 0.923836 0.626951 0.923836 0.617184
0 0.634769 0.464842 0.632805 0.466794 0.630861 0.466794 0.628916 0.468753 0.628916 0.478519 0.630861 0.480471 0.630861 0.482422 0.634769 0.482422 0.634769 0.480471 0.636713 0.478519 0.636713 0.466794
0 0.628916 0.445309 0.628916 0.453124 0.626951 0.455076 0.626951 0.460938 0.628916 0.46289 0.628916 0.464842 0.632805 0.464842 0.632805 0.46289 0.634769 0.460938 0.634769 0.455076 0.636713 0.453124 0.636713 0.447268 0.634769 0.447268 0.632805 0.445309
1 0.785166 0.25195 0.783199 0.253909 0.777348 0.253909 0.777348 0.25586 0.775383 0.257812 0.775383 0.277345 0.773439 0.279296 0.773439 0.296878 0.775383 0.29883 0.775383 0.300781 0.777348 0.302733 0.777348 0.304685 0.779291 0.302733 0.785166 0.302733 0.787109 0.300781 0.787109 0.29883 0.789055 0.296878 0.789055 0.257812 0.787109 0.25586 0.787109 0.253909
0 0.32618 0.89453 0.32618 0.896482 0.324215 0.898441 0.324215 0.923829 0.32618 0.92578 0.32618 0.927732 0.328125 0.92578 0.332033 0.92578 0.333977 0.923829 0.333977 0.921877 0.335941 0.919925 0.335941 0.900393 0.333977 0.898441 0.333977 0.896482 0.332033 0.89453
0 0.757803 0.888674 0.757803 0.896482 0.759769 0.898441 0.775383 0.898441 0.777348 0.900393 0.779291 0.898441 0.781258 0.898441 0.781258 0.896482 0.783199 0.89453 0.781258 0.89453 0.779291 0.892578 0.777348 0.892578 0.775383 0.890626 0.763678 0.890626 0.761713 0.888674
0 0.640623 0.443357 0.640623 0.445309 0.638678 0.447268 0.638678 0.46289 0.640623 0.464842 0.644531 0.464842 0.646475 0.46289 0.648439 0.46289 0.648439 0.458986 0.646475 0.457035 0.646475 0.445309 0.644531 0.443357
0 0.757803 0.921877 0.753916 0.92578 0.753916 0.929684 0.755859 0.931643 0.771475 0.931643 0.773439 0.929684 0.775383 0.929684 0.775383 0.92578 0.771475 0.921877
1 0.185545 0.558594 0.183601 0.560545 0.177729 0.560545 0.171875 0.566409 0.171875 0.574216 0.173819 0.576175 0.173819 0.593748 0.175783 0.5957 0.175783 0.603515 0.181637 0.609377 0.18751 0.609377 0.189453 0.607425 0.189453 0.605466 0.191399 0.603515 0.191399 0.585941 0.189453 0.583982 0.189453 0.566409 0.18751 0.564456 0.18751 0.562498 0.185545 0.560545
1 0.613281 0.726565 0.607428 0.73242 0.607428 0.738284 0.613281 0.744139 0.615225 0.742187 0.644531 0.742187 0.650383 0.736332 0.650383 0.734373 0.648439 0.73242 0.648439 0.730469 0.646475 0.730469 0.642586 0.726565
0 0.773439 0.869142 0.771475 0.871094 0.761713 0.871094 0.759769 0.873045 0.757803 0.873045 0.757803 0.876956 0.759769 0.878908 0.773439 0.878908 0.775383 0.880859 0.777348 0.878908 0.779291 0.878908 0.779291 0.873045 0.777348 0.873045
0 0.880859 0.484375 0.878916 0.486326 0.878916 0.500004 0.880859 0.501956 0.884768 0.501956 0.886713 0.500004 0.886713 0.484375
1 0.697269 0.646483 0.695303 0.648435 0.693361 0.648435 0.693361 0.666016 0.691416 0.667968 0.691416 0.685548 0.695303 0.689452 0.695303 0.691404 0.697269 0.693363 0.699213 0.691404 0.705086 0.691404 0.708975 0.6875 0.708975 0.679686 0.707031 0.677734 0.707031 0.660153 0.705086 0.658201 0.705086 0.650394 0.703121 0.648435 0.703121 0.646483
0 0.658201 0.511722 0.658201 0.513673 0.656258 0.515625 0.656258 0.521488 0.658201 0.52344 0.658201 0.531247 0.660166 0.533206 0.660166 0.535158 0.664055 0.535158 0.664055 0.533206 0.666019 0.531247 0.666019 0.52344 0.664055 0.521488 0.664055 0.513673 0.662111 0.511722
0 0.761713 0.857423 0.759769 0.859375 0.757803 0.859375 0.757803 0.863279 0.759769 0.863279 0.763678 0.86719 0.773439 0.86719 0.775383 0.869142 0.777348 0.86719 0.779291 0.86719 0.779291 0.865231 0.781258 0.863279 0.781258 0.861327 0.777348 0.861327 0.775383 0.859375 0.763678 0.859375
0 0.755859 0.964846 0.751951 0.968749 0.751951 0.972653 0.753916 0.972653 0.755859 0.974612 0.759769 0.974612 0.761713 0.976564 0.769529 0.976564 0.773439 0.972653 0.773439 0.968749 0.771475 0.968749 0.769529 0.966797 0.757803 0.966797
0 0.638678 0.353517 0.634769 0.357419 0.634769 0.361331 0.638678 0.365234 0.638678 0.367186 0.640623 0.369138 0.642586 0.369138 0.644531 0.371097 0.646475 0.369138 0.646475 0.363283 0.644531 0.361331 0.644531 0.359372 0.642586 0.357419 0.642586 0.355468 0.640623 0.355468
0 0.699213 0.44922 0.697269 0.451172 0.697269 0.453124 0.695303 0.455076 0.697269 0.457035 0.697269 0.458986 0.708975 0.458986 0.710939 0.460938 0.714849 0.457035 0.714849 0.453124 0.712883 0.453124 0.710939 0.451172 0.701178 0.451172
0 0.767586 0.759768 0.765621 0.76172 0.761713 0.76172 0.761713 0.767575 0.763678 0.769534 0.765621 0.769534 0.767586 0.767575 0.785166 0.767575 0.785166 0.763671 0.781258 0.759768
0 0.935541 0.349613 0.935541 0.369138 0.939451 0.369138 0.941414 0.367186 0.943359 0.367186 0.943359 0.353517 0.939451 0.349613
0 0.763678 0.826173 0.761713 0.828125 0.759769 0.828125 0.759769 0.832028 0.761713 0.832028 0.763678 0.833987 0.775383 0.833987 0.777348 0.835939 0.779291 0.833987 0.783199 0.833987 0.783199 0.832028 0.779291 0.828125 0.765621 0.828125
1 0.597666 0.763671 0.593758 0.767575 0.593758 0.77539 0.595703 0.77539 0.597666 0.777341 0.615225 0.777341 0.617189 0.7793 0.634769 0.7793 0.636713 0.781252 0.638678 0.7793 0.640623 0.7793 0.642586 0.777341 0.646475 0.777341 0.646475 0.77539 0.644531 0.773438 0.644531 0.769534 0.640623 0.769534 0.638678 0.767575 0.619135 0.767575 0.617189 0.765623 0.599611 0.765623
0 0.701178 0.416018 0.699213 0.41797 0.697269 0.41797 0.697269 0.421873 0.699213 0.421873 0.701178 0.423825 0.714849 0.423825 0.718758 0.419921 0.716791 0.41797 0.716791 0.416018
0 0.953121 0.531247 0.951176 0.533206 0.951176 0.539061 0.949211 0.541013 0.949211 0.546876 0.951176 0.548828 0.951176 0.550779 0.953121 0.552732 0.953121 0.55469 0.955084 0.55469 0.958994 0.550779 0.958994 0.542972 0.960938 0.541013 0.960938 0.533206 0.958994 0.533206 0.957029 0.531247
0 0.775383 0.482422 0.773439 0.484375 0.773439 0.486326 0.771475 0.488278 0.771475 0.490237 0.769529 0.492189 0.769529 0.494141 0.767586 0.496093 0.767586 0.498044 0.765621 0.500004 0.765621 0.501956 0.767586 0.503907 0.767586 0.505858 0.771475 0.505858 0.773439 0.507811 0.775383 0.505858 0.775383 0.503907 0.777348 0.501956 0.777348 0.496093 0.779291 0.494141 0.779291 0.490237 0.781258 0.488278 0.781258 0.486326 0.779291 0.484375 0.779291 0.482422
0 0.664055 0.949216 0.662111 0.951169 0.662111 0.960935 0.664055 0.962893 0.664055 0.966797 0.666019 0.964846 0.667963 0.964846 0.669928 0.962893 0.669928 0.949216
0 0.619135 0.871094 0.617189 0.873045 0.615225 0.873045 0.615225 0.892578 0.619135 0.892578 0.621098 0.89453 0.625008 0.89453 0.625008 0.892578 0.626951 0.890626 0.626951 0.886715 0.625008 0.884763 0.625008 0.882812 0.623043 0.880859 0.623043 0.876956 0.621098 0.874997 0.621098 0.873045
0 0.718758 0.607425 0.718758 0.621095 0.716791 0.623047 0.716791 0.636717 0.718758 0.634765 0.724609 0.634765 0.724609 0.621095 0.726553 0.619143 0.726553 0.609377 0.724609 0.609377 0.722666 0.607425
0 0.765621 0.812503 0.761713 0.816407 0.759769 0.816407 0.759769 0.822269 0.761713 0.824221 0.763678 0.824221 0.765621 0.826173 0.779291 0.826173 0.783199 0.822269 0.783199 0.818358 0.779291 0.818358 0.777348 0.816407 0.773439 0.816407 0.771475 0.814455 0.767586 0.814455
1 0.689451 0.931643 0.685543 0.935546 0.685543 0.949216 0.683599 0.951169 0.683599 0.964846 0.685543 0.966797 0.685543 0.968749 0.687508 0.970701 0.687508 0.972653 0.695303 0.972653 0.699213 0.968749 0.699213 0.933595 0.697269 0.931643
0 0.666019 0.335936 0.662111 0.339847 0.662111 0.341798 0.664055 0.34375 0.664055 0.345702 0.666019 0.347654 0.666019 0.349613 0.667963 0.351565 0.667963 0.353517 0.669928 0.355468 0.673836 0.355468 0.677725 0.351565 0.677725 0.347654 0.671871 0.341798 0.671871 0.339847 0.667963 0.335936
0 0.507805 0.880859 0.505861 0.882812 0.505861 0.884763 0.500008 0.890626 0.500008 0.892578 0.498043 0.89453 0.498043 0.898441 0.496099 0.900393 0.496099 0.902344 0.501951 0.902344 0.503897 0.900393 0.505861 0.900393 0.507805 0.898441 0.507805 0.896482 0.509769 0.89453 0.509769 0.892578 0.511715 0.890626 0.511715 0.888674 0.51368 0.886715 0.511715 0.884763 0.511715 0.880859
1 0.253899 0.556642 0.253899 0.558594 0.251955 0.560545 0.251955 0.566409 0.25001 0.56836 0.25001 0.576175 0.248045 0.578126 0.248045 0.583982 0.246099 0.585941 0.246099 0.601563 0.253899 0.601563 0.255863 0.603515 0.259771 0.599611 0.261715 0.599611 0.26368 0.597659 0.26368 0.5957 0.261715 0.593748 0.261715 0.583982 0.26368 0.58203 0.26368 0.570312 0.265625 0.56836 0.265625 0.560545 0.26368 0.558594 0.26368 0.556642
0 0.908201 0.767575 0.904291 0.771486 0.904291 0.785156 0.906256 0.787107 0.906256 0.789059 0.910164 0.789059 0.912109 0.787107 0.912109 0.7793 0.914053 0.777341 0.914053 0.771486 0.912109 0.769534 0.912109 0.767575
0 0.669928 0.513673 0.667963 0.515625 0.666019 0.515625 0.666019 0.519529 0.667963 0.521488 0.667963 0.529295 0.669928 0.531247 0.669928 0.535158 0.673836 0.535158 0.673836 0.533206 0.675781 0.531247 0.675781 0.52344 0.673836 0.521488 0.673836 0.513673
1 0.736336 0.44922 0.734371 0.451172 0.734371 0.453124 0.732428 0.455076 0.732428 0.482422 0.736336 0.486326 0.742189 0.486326 0.744133 0.484375 0.744133 0.482422 0.746098 0.480471 0.746098 0.451172 0.744133 0.451172 0.742189 0.44922
0 0.564453 0.400389 0.564453 0.40234 0.562508 0.404299 0.562508 0.406251 0.568361 0.412107 0.568361 0.414066 0.570305 0.416018 0.572269 0.416018 0.574215 0.41797 0.578123 0.414066 0.576178 0.412107 0.576178 0.410155 0.572269 0.406251 0.572269 0.404299 0.568361 0.400389
0 0.562508 0.455076 0.560543 0.457035 0.548838 0.457035 0.546873 0.458986 0.546873 0.460938 0.548838 0.460938 0.550781 0.46289 0.562508 0.46289 0.564453 0.460938 0.566397 0.460938 0.564453 0.458986 0.564453 0.457035
0 0.935541 0.955079 0.935541 0.957031 0.933596 0.958982 0.933596 0.970701 0.937506 0.974612 0.939451 0.972653 0.941414 0.972653 0.941414 0.957031 0.939451 0.955079
0 0.398441 0.46289 0.394533 0.466794 0.392588 0.466794 0.390623 0.468753 0.392588 0.470705 0.392588 0.472656 0.394533 0.474608 0.394533 0.47656 0.396477 0.478519 0.396477 0.480471 0.398441 0.482422 0.398441 0.484375 0.400385 0.484375 0.402349 0.486326 0.404293 0.484375 0.40626 0.484375 0.40626 0.47656 0.404293 0.474608 0.404293 0.468753 0.402349 0.466794 0.402349 0.464842 0.400385 0.464842
0 0.621098 0.369138 0.621098 0.371097 0.619135 0.373049 0.621098 0.375001 0.621098 0.376953 0.623043 0.378904 0.623043 0.380857 0.625008 0.382815 0.625008 0.384767 0.626951 0.384767 0.628916 0.386719 0.632805 0.382815 0.632805 0.380857 0.628916 0.376953 0.628916 0.375001 0.626951 0.373049 0.626951 0.371097 0.625008 0.369138
0 0.275387 0.537109 0.275387 0.539061 0.273441 0.541013 0.273441 0.552732 0.275387 0.55469 0.275387 0.564456 0.277349 0.566409 0.277349 0.56836 0.283205 0.56836 0.283205 0.566409 0.285147 0.564456 0.285147 0.552732 0.283205 0.550779 0.283205 0.539061 0.28126 0.537109
0 0.585939 0.517577 0.585939 0.519529 0.583975 0.521488 0.583975 0.537109 0.585939 0.539061 0.585939 0.541013 0.587885 0.539061 0.589848 0.539061 0.589848 0.537109 0.591793 0.535158 0.591793 0.521488 0.589848 0.519529 0.589848 0.517577
0 0.628916 0.363283 0.628916 0.365234 0.626951 0.367186 0.626951 0.369138 0.628916 0.371097 0.628916 0.373049 0.630861 0.375001 0.630861 0.376953 0.632805 0.378904 0.636713 0.378904 0.640623 0.375001 0.640623 0.371097 0.636713 0.367186 0.636713 0.365234 0.634769 0.363283
0 0.947268 0.064453 0.947268 0.068357 0.945303 0.070316 0.945303 0.072268 0.943359 0.074219 0.943359 0.080075 0.945303 0.082034 0.945303 0.085937 0.949211 0.085937 0.951176 0.083985 0.951176 0.082034 0.953121 0.080075 0.953121 0.074219 0.955084 0.072268 0.955084 0.068357 0.951176 0.064453
0 0.847666 0.593748 0.845699 0.5957 0.833996 0.5957 0.832029 0.597659 0.828121 0.597659 0.828121 0.599611 0.832029 0.603515 0.839848 0.603515 0.841791 0.605466 0.847666 0.605466 0.849609 0.607425 0.849609 0.605466 0.851553 0.603515 0.851553 0.601563 0.853518 0.599611 0.853518 0.597659 0.851553 0.597659
0 0.552725 0.406251 0.552725 0.408203 0.550781 0.410155 0.550781 0.412107 0.552725 0.414066 0.552725 0.416018 0.554689 0.416018 0.558599 0.419921 0.560543 0.419921 0.562508 0.421873 0.568361 0.421873 0.568361 0.416018 0.566397 0.414066 0.566397 0.412107 0.564453 0.412107 0.560543 0.408203 0.558599 0.408203 0.556635 0.406251
1 0.787109 0 0.785166 0 0.785166 0 0.783199 0 0.783199 0 0.781258 0 0.781258 0 0.779291 0 0.779291 0.005862 0.785166 0.011718 0.787109 0.009766 0.794928 0.009766 0.798836 0.005862 0.798836 0 0.796871 0 0.796871 0
0 0.626951 0.515625 0.626951 0.521488 0.625008 0.52344 0.625008 0.527343 0.623043 0.529295 0.623043 0.531247 0.625008 0.533206 0.625008 0.535158 0.626951 0.537109 0.628916 0.535158 0.630861 0.535158 0.630861 0.533206 0.632805 0.531247 0.632805 0.517577 0.630861 0.515625
1 0.611336 0.621095 0.611336 0.623047 0.609373 0.624999 0.609373 0.626951 0.607428 0.62891 0.611336 0.62891 0.613281 0.630861 0.628916 0.630861 0.632805 0.626951 0.634769 0.626951 0.634769 0.623047 0.613281 0.623047
0 0.666019 0.92578 0.666019 0.927732 0.664055 0.929684 0.664055 0.945313 0.669928 0.945313 0.671871 0.943361 0.671871 0.937498 0.669928 0.935546 0.669928 0.929684 0.667963 0.927732 0.667963 0.92578
0 0.941414 0.249998 0.941414 0.25195 0.939451 0.253909 0.939451 0.267579 0.941414 0.269531 0.941414 0.273434 0.943359 0.273434 0.947268 0.269531 0.947268 0.261716 0.945303 0.259764 0.945303 0.249998
1 0.642586 0.876956 0.640623 0.878908 0.636713 0.878908 0.636713 0.882812 0.638678 0.882812 0.640623 0.884763 0.667963 0.884763 0.669928 0.886715 0.669928 0.884763 0.671871 0.882812 0.671871 0.878908 0.669928 0.876956
0 0.753916 0.996096 0.750008 1 0.750008 1 0.751951 1 0.765621 1 0.767586 1 0.773439 1 0.775383 1 0.771475 1 0.763678 1 0.761713 0.998048 0.755859 0.998048
0 0.988279 0.722655 0.986334 0.724607 0.982426 0.724607 0.982426 0.726565 0.980461 0.728517 0.980461 0.734373 0.978518 0.736332 0.978518 0.742187 0.980461 0.744139 0.980461 0.746091 0.982426 0.74805 0.982426 0.750002 0.986334 0.750002 0.986334 0.74805 0.988279 0.746091
0 0.652349 0.947265 0.652349 0.949216 0.650383 0.951169 0.650383 0.958982 0.652349 0.960935 0.652349 0.962893 0.656258 0.962893 0.658201 0.960935 0.658201 0.957031 0.656258 0.955079 0.656258 0.947265
0 0.757803 0.943361 0.755859 0.945313 0.753916 0.945313 0.753916 0.949216 0.755859 0.949216 0.757803 0.951169 0.775383 0.951169 0.777348 0.949216 0.777348 0.943361
0 0.638678 0.513673 0.638678 0.515625 0.636713 0.517577 0.636713 0.533206 0.638678 0.535158 0.638678 0.537109 0.640623 0.535158 0.642586 0.535158 0.642586 0.533206 0.644531 0.531247 0.644531 0.517577 0.642586 0.515625 0.642586 0.513673
0 0.552725 0.468753 0.550781 0.470705 0.548838 0.470705 0.548838 0.472656 0.550781 0.474608 0.550781 0.47656 0.568361 0.47656 0.570305 0.474608 0.570305 0.470705 0.568361 0.470705 0.566397 0.468753
0 0.599611 0.466794 0.599611 0.484375 0.601555 0.486326 0.601555 0.488278 0.603519 0.486326 0.603519 0.484375 0.605463 0.482422 0.605463 0.470705 0.603519 0.468753 0.603519 0.466794
0 0.564453 0.519529 0.560543 0.52344 0.560543 0.529295 0.562508 0.531247 0.562508 0.539061 0.564453 0.541013 0.564453 0.544924 0.566397 0.542972 0.570305 0.542972 0.570305 0.541013 0.572269 0.539061 0.572269 0.531247 0.570305 0.529295 0.570305 0.521488 0.568361 0.521488 0.566397 0.519529
1 0.648439 0.660153 0.648439 0.662112 0.646475 0.664064 0.646475 0.666016 0.644531 0.667968 0.644531 0.689452 0.642586 0.691404 0.642586 0.712888 0.644531 0.714848 0.644531 0.716799 0.646475 0.718751 0.646475 0.720703 0.648439 0.722655 0.648439 0.724607 0.656258 0.724607 0.658201 0.726565 0.664055 0.720703 0.664055 0.708984 0.662111 0.707033 0.662111 0.681637 0.660166 0.679686 0.660166 0.667968 0.656258 0.664064 0.656258 0.662112 0.654293 0.660153
1 0.203125 0.560545 0.20118 0.562498 0.195307 0.562498 0.195307 0.601563 0.197271 0.603515 0.197271 0.605466 0.199217 0.607425 0.199217 0.609377 0.205069 0.609377 0.207033 0.607425 0.207033 0.605466 0.210941 0.601563 0.210941 0.585941 0.208979 0.583982 0.208979 0.566409
0 0.558599 0.880859 0.556635 0.882812 0.550781 0.882812 0.548838 0.884763 0.548838 0.886715 0.546873 0.888674 0.546873 0.890626 0.544928 0.892578 0.544928 0.89453 0.542965 0.896482 0.542965 0.898441 0.544928 0.900393 0.544928 0.902344 0.546873 0.904296 0.548838 0.902344 0.550781 0.902344 0.552725 0.900393 0.552725 0.898441 0.558599 0.892578 0.558599 0.890626 0.560543 0.888674 0.560543 0.886715 0.562508 0.884763 0.562508 0.882812 0.560543 0.882812
1 0.384771 0.474608 0.382805 0.47656 0.380861 0.47656 0.378897 0.478519 0.376953 0.478519 0.37501 0.480471 0.373045 0.480471 0.371101 0.482422 0.369135 0.482422 0.367191 0.484375 0.365227 0.484375 0.363283 0.486326 0.361319 0.486326 0.359373 0.488278 0.35743 0.488278 0.355465 0.490237 0.353521 0.490237 0.353521 0.498044 0.355465 0.498044 0.359373 0.501956 0.361319 0.500004 0.363283 0.500004 0.365227 0.498044 0.367191 0.498044 0.369135 0.496093 0.371101 0.496093 0.373045 0.494141 0.37501 0.494141 0.376953 0.492189 0.378897 0.492189 0.380861 0.490237 0.382805 0.490237 0.384771 0.488278 0.386715 0.488278 0.38868 0.486326 0.390623 0.486326 0.392588 0.484375 0.392588 0.482422 0.394533 0.480471 0.394533 0.478519 0.392588 0.47656 0.386715 0.47656
0 0.773439 0.900393 0.771475 0.902344 0.763678 0.902344 0.761713 0.904296 0.759769 0.904296 0.757803 0.906248 0.761713 0.910159 0.779291 0.910159 0.781258 0.908199 0.781258 0.902344 0.775383 0.902344
0 0.763678 0.837891 0.759769 0.841794 0.759769 0.843746 0.761713 0.845706 0.773439 0.845706 0.775383 0.847657 0.777348 0.845706 0.779291 0.845706 0.779291 0.843746 0.781258 0.841794 0.781258 0.839843 0.777348 0.839843 0.775383 0.837891
1 0.222649 0.55469 0.220705 0.556642 0.214851 0.556642 0.214851 0.558594 0.212887 0.560545 0.212887 0.580078 0.214851 0.58203 0.214851 0.601563 0.216795 0.603515 0.216795 0.605466 0.222649 0.605466 0.224613 0.607425 0.228521 0.603515 0.230467 0.603515 0.230467 0.5957 0.228521 0.593748 0.228521 0.560545
0 0.548838 0.447268 0.546873 0.44922 0.544928 0.44922 0.544928 0.451172 0.548838 0.455076 0.560543 0.455076 0.562508 0.453124 0.562508 0.44922 0.560543 0.44922 0.558599 0.447268
1 0.908201 0.500004 0.908201 0.501956 0.906256 0.503907 0.906256 0.521488 0.904291 0.52344 0.904291 0.55469 0.902346 0.556642 0.902346 0.572264 0.904291 0.574216 0.904291 0.576175 0.906256 0.578126 0.910164 0.578126 0.912109 0.580078 0.916018 0.576175 0.916018 0.541013 0.917961 0.539061 0.917961 0.503907 0.916018 0.501956 0.916018 0.500004
0 0.519531 0.416018 0.517588 0.41797 0.517588 0.423825 0.515623 0.425784 0.515623 0.431639 0.519531 0.43555 0.523439 0.431639 0.525385 0.431639 0.525385 0.425784 0.523439 0.423825 0.523439 0.416018
0 0.753916 0.974612 0.753916 0.976564 0.751951 0.978515 0.751951 0.980467 0.753916 0.982419 0.753916 0.984378 0.765621 0.984378 0.767586 0.98633 0.769529 0.984378 0.771475 0.984378 0.771475 0.980467 0.769529 0.980467 0.767586 0.978515 0.761713 0.978515 0.759769 0.976564 0.755859 0.976564
0 0.679689 0.507811 0.679689 0.509762 0.677725 0.511722 0.677725 0.517577 0.675781 0.519529 0.675781 0.521488 0.677725 0.52344 0.677725 0.529295 0.679689 0.531247 0.685543 0.531247 0.687508 0.529295 0.687508 0.511722 0.683599 0.507811
0 0.287113 0.539061 0.287113 0.541013 0.285147 0.542972 0.285147 0.546876 0.287113 0.548828 0.287113 0.55469 0.289057 0.556642 0.289057 0.562498 0.291021 0.564456 0.291021 0.566409 0.296875 0.566409 0.296875 0.542972 0.292965 0.539061
0 0.410147 0.455076 0.408203 0.457035 0.408203 0.46289 0.410147 0.464842 0.410147 0.466794 0.412111 0.468753 0.412111 0.470705 0.414055 0.472656 0.414055 0.474608 0.416021 0.47656 0.417965 0.474608 0.41993 0.474608 0.421873 0.472656 0.421873 0.466794 0.416021 0.460938 0.416021 0.458986 0.412111 0.455076
0 0.576178 0.519529 0.576178 0.521488 0.574215 0.52344 0.574215 0.541013 0.580088 0.541013 0.580088 0.539061 0.582031 0.537109 0.582031 0.521488 0.580088 0.521488 0.578123 0.519529
1 0.185545 0.943361 0.183601 0.945313 0.181637 0.945313 0.181637 0.949216 0.18751 0.955079 0.220705 0.955079 0.222649 0.953127 0.222649 0.949216 0.224613 0.947265 0.224613 0.945313 0.222649 0.945313 0.220705 0.943361
0 0.654293 0.92578 0.654293 0.927732 0.652349 0.929684 0.652349 0.94141 0.654293 0.943361 0.654293 0.945313 0.658201 0.945313 0.658201 0.943361 0.660166 0.94141 0.660166 0.929684 0.658201 0.927732 0.658201 0.92578
0 0.701178 0.472656 0.699213 0.474608 0.697269 0.474608 0.695303 0.47656 0.699213 0.480471 0.708975 0.480471 0.710939 0.478519 0.714849 0.478519 0.714849 0.47656 0.716791 0.474608 0.716791 0.472656
0 0.761713 0.724607 0.759769 0.726565 0.759769 0.73242 0.761713 0.734373 0.777348 0.734373 0.779291 0.736332 0.781258 0.734373 0.781258 0.73242 0.783199 0.730469 0.781258 0.728517 0.781258 0.726565 0.777348 0.726565 0.775383 0.724607
0 0.597666 0.445309 0.597666 0.453124 0.595703 0.455076 0.595703 0.460938 0.597666 0.46289 0.597666 0.464842 0.603519 0.464842 0.605463 0.46289 0.605463 0.455076 0.603519 0.453124 0.603519 0.445309
0 0.611336 0.445309 0.611336 0.447268 0.609373 0.44922 0.609373 0.453124 0.607428 0.455076 0.607428 0.460938 0.609373 0.46289 0.615225 0.46289 0.615225 0.457035 0.613281 0.455076 0.613281 0.445309
0 0.703121 0.408203 0.701178 0.410155 0.699213 0.410155 0.699213 0.414066 0.718758 0.414066 0.720701 0.412107 0.718758 0.410155 0.714849 0.410155 0.712883 0.408203
0 0.656258 0.341798 0.654293 0.34375 0.652349 0.34375 0.652349 0.345702 0.654293 0.347654 0.654293 0.349613 0.658201 0.353517 0.658201 0.355468 0.664055 0.361331 0.666019 0.359372 0.667963 0.359372 0.667963 0.355468 0.666019 0.353517 0.666019 0.351565 0.662111 0.347654 0.662111 0.345702 0.658201 0.341798
0 0.609373 0.464842 0.609373 0.480471 0.611336 0.482422 0.611336 0.484375 0.615225 0.480471 0.615225 0.468753 0.613281 0.466794 0.613281 0.464842
0 0.652349 0.443357 0.648439 0.447268 0.648439 0.457035 0.650383 0.458986 0.650383 0.46289 0.652349 0.46289 0.654293 0.464842 0.658201 0.460938 0.658201 0.447268 0.654293 0.443357
0 0.648439 0.513673 0.648439 0.515625 0.646475 0.517577 0.646475 0.531247 0.648439 0.533206 0.648439 0.535158 0.654293 0.535158 0.654293 0.533206 0.656258 0.531247 0.656258 0.525392 0.654293 0.52344 0.654293 0.515625 0.652349 0.513673
0 0.677725 0.871094 0.675781 0.873045 0.675781 0.888674 0.677725 0.888674 0.679689 0.890626 0.681633 0.890626 0.681633 0.888674 0.683599 0.886715 0.683599 0.873045 0.681633 0.871094
0 0.763678 0.738284 0.763678 0.740235 0.761713 0.742187 0.761713 0.746091 0.765621 0.746091 0.767586 0.74805 0.781258 0.74805 0.783199 0.746091 0.785166 0.746091 0.785166 0.744139 0.783199 0.742187 0.783199 0.740235 0.765621 0.740235
0 0.642586 0.949216 0.642586 0.955079 0.640623 0.957031 0.640623 0.960935 0.642586 0.962893 0.642586 0.964846 0.648439 0.964846 0.648439 0.951169 0.646475 0.949216
0 0.595703 0.515625 0.595703 0.517577 0.593758 0.519529 0.593758 0.533206 0.595703 0.535158 0.595703 0.539061 0.599611 0.539061 0.603519 0.535158 0.603519 0.529295 0.601555 0.527343 0.601555 0.519529 0.599611 0.517577 0.599611 0.515625
0 0.558599 0.496093 0.554689 0.500004 0.554689 0.501956 0.556635 0.503907 0.572269 0.503907 0.572269 0.496093
0 0.703121 0.382815 0.699213 0.386719 0.697269 0.386719 0.697269 0.38867 0.699213 0.38867 0.703121 0.392581 0.714849 0.392581 0.716791 0.394533 0.720701 0.390622 0.720701 0.386719 0.718758 0.386719 0.714849 0.382815
0 0.644531 0.923829 0.644531 0.92578 0.642586 0.927732 0.642586 0.931643 0.644531 0.933595 0.644531 0.945313 0.650383 0.945313 0.652349 0.943361 0.650383 0.94141 0.650383 0.92578 0.648439 0.923829
0 0.943359 0.175778 0.939451 0.179689 0.939451 0.189456 0.941414 0.191408 0.941414 0.193359 0.943359 0.195311 0.945303 0.195311 0.945303 0.193359 0.947268 0.191408 0.947268 0.175778
0 0.697269 0.460938 0.697269 0.46289 0.695303 0.464842 0.695303 0.468753 0.697269 0.470705 0.710939 0.470705 0.712883 0.468753 0.714849 0.468753 0.714849 0.464842 0.705086 0.464842 0.703121 0.46289 0.699213 0.46289
0 0.558599 0.488278 0.556635 0.490237 0.550781 0.490237 0.550781 0.492189 0.548838 0.494141 0.550781 0.496093 0.550781 0.498044 0.554689 0.498044 0.558599 0.494141 0.562508 0.494141 0.564453 0.492189 0.562508 0.490237 0.562508 0.488278
0 0.583975 0.386719 0.582031 0.38867 0.580088 0.38867 0.580088 0.394533 0.582031 0.396485 0.582031 0.398437 0.583975 0.400389 0.583975 0.40234 0.585939 0.404299 0.587885 0.404299 0.589848 0.406251 0.593758 0.40234 0.593758 0.398437 0.591793 0.396485 0.591793 0.394533 0.587885 0.390622 0.587885 0.38867 0.585939 0.386719
0 0.964848 0.078123 0.960938 0.082034 0.960938 0.0918 0.962881 0.093752 0.962881 0.097655 0.966791 0.097655 0.966791 0.095704 0.968756 0.093752 0.968756 0.078123
0 0.708975 0.82031 0.707031 0.822269 0.707031 0.830076 0.708975 0.832028 0.708975 0.839843 0.710939 0.839843 0.712883 0.841794 0.716791 0.841794 0.716791 0.839843 0.718758 0.837891 0.718758 0.830076 0.716791 0.828125 0.716791 0.822269 0.714849 0.822269 0.712883 0.82031
0 0.703121 0.365234 0.701178 0.367186 0.699213 0.367186 0.699213 0.371097 0.701178 0.371097 0.703121 0.373049 0.714849 0.373049 0.716791 0.371097 0.720701 0.371097 0.720701 0.367186 0.716791 0.367186 0.714849 0.365234
1 0.517588 0.398437 0.515623 0.400389 0.51368 0.400389 0.511715 0.40234 0.509769 0.40234 0.507805 0.404299 0.505861 0.404299 0.503897 0.406251 0.501951 0.406251 0.500008 0.408203 0.498043 0.408203 0.496099 0.410155 0.494135 0.410155 0.490227 0.414066 0.488281 0.414066 0.486338 0.416018 0.484373 0.416018 0.48243 0.41797 0.480465 0.41797 0.478519 0.419921 0.476557 0.419921 0.474611 0.421873 0.472647 0.421873 0.470701 0.423825 0.46876 0.423825 0.46876 0.433591 0.470701 0.43555 0.470701 0.437502 0.480465 0.437502 0.484373 0.433591 0.486338 0.433591 0.492189 0.427736 0.494135 0.427736 0.500008 0.421873 0.501951 0.421873 0.507805 0.416018 0.509769 0.416018 0.515623 0.410155 0.517588 0.410155 0.519531 0.408203 0.519531 0.406251 0.521477 0.404299 0.521477 0.398437
0 0.710939 0.339847 0.707031 0.34375 0.707031 0.345702 0.701178 0.351565 0.701178 0.353517 0.699213 0.355468 0.703121 0.359372 0.707031 0.359372 0.718758 0.347654 0.718758 0.34375 0.714849 0.339847
0 0.677725 0.705081 0.677725 0.712888 0.675781 0.714848 0.675781 0.718751 0.677725 0.720703 0.677725 0.722655 0.683599 0.722655 0.683599 0.705081
0 0.896494 0.681637 0.894529 0.683597 0.894529 0.689452 0.892586 0.691404 0.892586 0.697267 0.894529 0.699218 0.894529 0.70117 0.896494 0.703122 0.896494 0.705081 0.898438 0.703122 0.902346 0.703122 0.902346 0.70117 0.904291 0.699218 0.904291 0.681637
0 0.603519 0.896482 0.601555 0.898441 0.601555 0.900393 0.599611 0.902344 0.599611 0.917966 0.603519 0.917966 0.605463 0.919925 0.607428 0.917966 0.607428 0.916014 0.609373 0.914062 0.609373 0.896482
0 0.617189 0.966797 0.615225 0.968749 0.601555 0.968749 0.599611 0.970701 0.597666 0.970701 0.597666 0.976564 0.621098 0.976564 0.621098 0.972653 0.619135 0.970701 0.619135 0.968749
0 0.759769 0.212892 0.751951 0.220706 0.751951 0.222658 0.753916 0.22461 0.753916 0.226562 0.755859 0.228514 0.759769 0.228514 0.761713 0.226562 0.761713 0.22461 0.763678 0.222658 0.763678 0.220706 0.765621 0.218747 0.765621 0.212892
0 0.957029 0.453124 0.957029 0.455076 0.955084 0.457035 0.955084 0.464842 0.957029 0.466794 0.957029 0.468753 0.958994 0.468753 0.960938 0.470705 0.962881 0.468753 0.964848 0.468753 0.964848 0.457035 0.962881 0.455076 0.962881 0.453124