0 0.250002 0.499995 0.248045 0.501952 0.248045 0.50391 0.242187 0.509769 0.242187 0.511714 0.240231 0.513672 0.259759 0.513672 0.259759 0.509769 0.261716 0.507812 0.261716 0.50391 0.257816 0.499995
0 0.988275 0.630854 0.982418 0.636714 0.982418 0.638671 0.984374 0.640629 0.984374 0.642574 0.986331 0.644531 0.986331 0.648433 0.988275 0.650391 0.988275 0.652348 0.990232 0.654293 0.990232 0.65625 0.992188 0.65625 0.994145 0.658208 1 0.658208 1 0.65625 1 0.654293 1 0.652348 1 0.650391 1 0.648433 1 0.646488 1 0.644531 1 0.642574 1 0.638671 1 0.636714 1 0.634769 0.998046 0.632812 0.998046 0.630854
0 0.761713 0.716793 0.757812 0.720708 0.757812 0.730469 0.759769 0.732427 0.759769 0.734372 0.761713 0.736329 0.761713 0.738286 0.76367 0.740231 0.76367 0.742189 0.765626 0.744146 0.765626 0.746091 0.773441 0.746091 0.773441 0.744146 0.775384 0.742189 0.775384 0.740231 0.777342 0.738286 0.777342 0.736329 0.775384 0.734372 0.775384 0.730469 0.773441 0.728512 0.773441 0.722652 0.771484 0.720708 0.771484 0.71875 0.765626 0.71875 0.76367 0.716793
0 0.214844 0.568354 0.210943 0.572269 0.208986 0.572269 0.208986 0.574214 0.207029 0.576171 0.207029 0.578129 0.205072 0.580074 0.205072 0.582031 0.207029 0.583989 0.208986 0.583989 0.216801 0.591793 0.218744 0.591793 0.226559 0.599611 0.228516 0.599611 0.232416 0.603513 0.234373 0.603513 0.23633 0.60547 0.238286 0.60547 0.240231 0.607428 0.248045 0.607428 0.250002 0.60547 0.250002 0.603513 0.253902 0.599611 0.253902 0.595708 0.250002 0.591793 0.248045 0.591793 0.240231 0.583989 0.238286 0.583989 0.230473 0.576171 0.228516 0.576171 0.222658 0.570312 0.220701 0.570312 0.218744 0.568354
0 0.927731 0.658208 0.925787 0.660152 0.921873 0.660152 0.921873 0.66211 0.919916 0.664068 0.919916 0.666012 0.917973 0.66797 0.917973 0.669927 0.919916 0.671872 0.919916 0.67383 0.921873 0.675787 0.921873 0.677732 0.92383 0.679689 0.92383 0.683592 0.925787 0.685549 0.925787 0.687494 0.927731 0.689451 0.927731 0.691409 0.929687 0.691409 0.931644 0.693354 0.933588 0.693354 0.935545 0.695311 0.937501 0.693354 0.939459 0.693354 0.939459 0.691409 0.941402 0.689451 0.941402 0.687494 0.943359 0.685549 0.943359 0.677732 0.941402 0.675787 0.941402 0.67383 0.939459 0.671872 0.939459 0.66797 0.937501 0.666012 0.937501 0.664068 0.935545 0.66211 0.935545 0.660152 0.929687 0.660152
0 0.943359 0.648433 0.941402 0.650391 0.939459 0.650391 0.937501 0.652348 0.933588 0.652348 0.933588 0.654293 0.935545 0.65625 0.935545 0.658208 0.937501 0.660152 0.937501 0.66211 0.939459 0.664068 0.939459 0.666012 0.941402 0.66797 0.941402 0.671872 0.943359 0.67383 0.943359 0.675787 0.945316 0.677732 0.945316 0.681647 0.947259 0.679689 0.951173 0.679689 0.955074 0.675787 0.955074 0.671872 0.95703 0.669927 0.95703 0.66797 0.955074 0.666012 0.955074 0.66211 0.95313 0.660152 0.95313 0.658208 0.951173 0.65625 0.951173 0.654293 0.949217 0.652348 0.949217 0.650391 0.945316 0.650391
0 0.955074 0.636714 0.95313 0.638671 0.95313 0.640629 0.951173 0.642574 0.951173 0.644531 0.95313 0.646488 0.95313 0.652348 0.955074 0.654293 0.955074 0.660152 0.95703 0.66211 0.95703 0.666012 0.958988 0.666012 0.960931 0.66797 0.966802 0.66797 0.970702 0.664068 0.970702 0.66211 0.97266 0.660152 0.97266 0.658208 0.970702 0.65625 0.970702 0.650391 0.968746 0.648433 0.968746 0.642574 0.966802 0.640629 0.966802 0.638671 0.962888 0.638671 0.960931 0.636714
0 0.279302 0.501952 0.277345 0.50391 0.269531 0.50391 0.26563 0.507812 0.26563 0.509769 0.261716 0.513672 0.281246 0.513672 0.281246 0.509769 0.283203 0.507812 0.283203 0.505854
1 0.021483 0.615232 0.021483 0.617189 0.019526 0.619134 0.019526 0.621092 0.017582 0.623049 0.017582 0.624994 0.015625 0.626951 0.015625 0.628909 0.013669 0.630854 0.013669 0.632812 0.015625 0.632812 0.019526 0.636714 0.021483 0.636714 0.025396 0.640629 0.02734 0.640629 0.031254 0.644531 0.033198 0.644531 0.037111 0.648433 0.039068 0.648433 0.042969 0.652348 0.044926 0.652348 0.048826 0.65625 0.050783 0.65625 0.054684 0.660152 0.056641 0.660152 0.060541 0.664068 0.062498 0.664068 0.066411 0.66797 0.068356 0.66797 0.072269 0.671872 0.091798 0.671872 0.091798 0.66211 0.089841 0.660152 0.089841 0.658208 0.087885 0.65625 0.087885 0.654293 0.083984 0.650391 0.082027 0.650391 0.074213 0.642574 0.072269 0.642574 0.068356 0.638671 0.066411 0.638671 0.064455 0.636714 0.062498 0.636714 0.058598 0.632812 0.056641 0.632812 0.054684 0.630854 0.05274 0.630854 0.048826 0.626951 0.046869 0.626951 0.042969 0.623049 0.041012 0.623049 0.039068 0.621092 0.037111 0.621092 0.033198 0.617189 0.031254 0.617189 0.029297 0.615232
0 0.298831 0.464849 0.296874 0.466794 0.292974 0.466794 0.28906 0.470709 0.28906 0.472654 0.283203 0.478513 0.283203 0.480471 0.279302 0.484373 0.281246 0.486331 0.281246 0.488275 0.283203 0.490233 0.283203 0.49219 0.28906 0.49219 0.291017 0.490233 0.292974 0.490233 0.296874 0.486331 0.296874 0.484373 0.302732 0.478513 0.302732 0.476569 0.306645 0.472654 0.306645 0.466794 0.300775 0.466794
0 0.998046 0.562495 0.990232 0.570312 0.990232 0.572269 0.992188 0.574214 0.992188 0.576171 0.994145 0.578129 0.994145 0.580074 0.996089 0.582031 0.996089 0.585933 0.998046 0.587891 0.998046 0.589849 1 0.591793 1 0.593751 1 0.593751 1 0.597653 1 0.595708 1 0.595708 1 0.593751 1 0.593751 1 0.583989 1 0.582031 1 0.580074 1 0.578129 1 0.576171 1 0.574214 1 0.570312 1 0.568354 1 0.566409 1 0.564452 1 0.562495
0 0.023439 0.644531 0.019526 0.648433 0.017582 0.648433 0.017582 0.650391 0.015625 0.652348 0.015625 0.65625 0.017582 0.658208 0.017582 0.660152 0.019526 0.66211 0.019526 0.664068 0.021483 0.666012 0.021483 0.66797 0.023439 0.669927 0.023439 0.67383 0.025396 0.675787 0.025396 0.677732 0.02734 0.679689 0.02734 0.681647 0.029297 0.683592 0.029297 0.685549 0.033198 0.689451 0.035155 0.689451 0.042969 0.697268 0.044926 0.697268 0.048826 0.701171 0.050783 0.701171 0.060541 0.691409 0.060541 0.685549 0.056641 0.681647 0.056641 0.679689 0.050783 0.67383 0.050783 0.671872 0.044926 0.666012 0.044926 0.664068 0.039068 0.658208 0.039068 0.65625 0.033198 0.650391 0.033198 0.648433 0.031254 0.646488 0.025396 0.646488