0 0.435546 0.279294 0.435546 0.283206 0.433595 0.285159 0.433595 0.29492 0.431643 0.296873 0.431643 0.304689 0.429686 0.306642 0.429686 0.310546 0.437503 0.310546 0.437503 0.308594 0.439454 0.306642 0.439454 0.300785 0.441405 0.298825 0.441405 0.292968 0.443357 0.291016 0.443357 0.285159 0.445313 0.283206 0.445313 0.281247 0.437503 0.281247
1 0.468751 0.562501 0.468751 0.568358 0.466794 0.570311 0.466794 0.58008 0.464843 0.582032 0.464843 0.587889 0.476562 0.587889 0.478513 0.589842 0.478513 0.583984 0.48047 0.582032 0.48047 0.572263 0.482421 0.570311 0.482421 0.564454 0.470703 0.564454
0 0.798827 0.589842 0.798827 0.593754 0.796875 0.595706 0.796875 0.603515 0.794925 0.605468 0.794925 0.609372 0.800784 0.609372 0.802735 0.611325 0.802735 0.601563 0.804687 0.599611 0.804687 0.589842
1 0.61914 0.597658 0.61914 0.601563 0.617189 0.603515 0.617189 0.609372 0.615232 0.611325 0.615232 0.617189 0.613281 0.619141 0.613281 0.623046 0.623049 0.623046 0.623049 0.619141 0.625 0.617189 0.625 0.60742 0.626951 0.605468 0.626951 0.601563 0.625 0.601563 0.623049 0.599611 0.621092 0.599611
0 0.775389 0.624998 0.775389 0.628903 0.773438 0.630863 0.773438 0.632815 0.781249 0.632815 0.783206 0.634768 0.791016 0.634768 0.792967 0.63672 0.792967 0.632815 0.794925 0.630863 0.794925 0.628903 0.787108 0.628903 0.785157 0.626951 0.777346 0.626951
0 0.632811 0.552732 0.632811 0.556637 0.630859 0.558597 0.630859 0.564454 0.628908 0.566406 0.628908 0.568358 0.634768 0.568358 0.636719 0.570311 0.636719 0.566406 0.63867 0.564454 0.63867 0.558597 0.640627 0.556637 0.640627 0.554685 0.634768 0.554685
1 0.292967 0.4668 0.292967 0.472657 0.291016 0.474609 0.291016 0.478514 0.296875 0.478514 0.298827 0.480466 0.306643 0.480466 0.308595 0.482419 0.314454 0.482419 0.316405 0.484378 0.324216 0.484378 0.326173 0.486331 0.332032 0.486331 0.333984 0.488283 0.333984 0.484378 0.335935 0.482419 0.335935 0.478514 0.328124 0.478514 0.326173 0.476562 0.320313 0.476562 0.318357 0.474609 0.314454 0.474609 0.312503 0.472657 0.306643 0.472657 0.304687 0.470705 0.300784 0.470705 0.298827 0.468752 0.294924 0.468752
0 0.849611 0.603515 0.849611 0.60742 0.847654 0.609372 0.847654 0.617189 0.845703 0.619141 0.845703 0.623046 0.853513 0.623046 0.853513 0.615237 0.85547 0.613284 0.85547 0.605468 0.851562 0.605468
1 0.353513 0.484378 0.353513 0.486331 0.351562 0.488283 0.351562 0.49414 0.349611 0.496092 0.349611 0.498045 0.35547 0.498045 0.357421 0.499997 0.363281 0.499997 0.365232 0.501957 0.373049 0.501957 0.375 0.503909 0.380859 0.503909 0.382811 0.505861 0.38867 0.505861 0.390627 0.507814 0.392579 0.507814 0.396486 0.511719 0.396486 0.509766 0.398438 0.507814 0.398438 0.503909 0.400389 0.501957 0.400389 0.499997 0.402346 0.498045 0.402346 0.496092 0.396486 0.496092 0.394529 0.49414 0.38867 0.49414 0.386719 0.492188 0.378908 0.492188 0.376951 0.490235 0.371092 0.490235 0.369141 0.488283 0.363281 0.488283 0.36133 0.486331 0.35547 0.486331
1 0.197265 0.558597 0.197265 0.568358 0.201173 0.568358 0.203125 0.570311 0.208984 0.570311 0.210935 0.572263 0.214843 0.572263 0.216794 0.574215 0.216794 0.572263 0.218751 0.570311 0.218751 0.566406 0.220703 0.564454 0.220703 0.562501 0.210935 0.562501 0.208984 0.560549 0.199216 0.560549
0 0.673827 0.558597 0.673827 0.562501 0.671875 0.564454 0.671875 0.572263 0.669924 0.574215 0.669924 0.578127 0.673827 0.578127 0.675784 0.58008 0.675784 0.578127 0.677735 0.576175 0.677735 0.570311 0.679687 0.568358 0.679687 0.564454 0.681643 0.562501 0.681643 0.560549 0.675784 0.560549
1 0.439454 0.505861 0.439454 0.507814 0.437503 0.509766 0.437503 0.515623 0.435546 0.517576 0.435546 0.519528 0.445313 0.519528 0.447265 0.521487 0.457033 0.521487 0.458983 0.52344 0.468751 0.52344 0.470703 0.525392 0.48047 0.525392 0.482421 0.527345 0.482421 0.521487 0.484373 0.519528 0.484373 0.515623 0.476562 0.515623 0.474611 0.513671 0.468751 0.513671 0.466794 0.511719 0.458983 0.511719 0.457033 0.509766 0.451173 0.509766 0.449216 0.507814 0.441405 0.507814
1 0.224611 0.566406 0.224611 0.570311 0.222654 0.572263 0.222654 0.576175 0.224611 0.576175 0.226562 0.578127 0.228513 0.578127 0.23047 0.58008 0.232422 0.58008 0.234373 0.582032 0.23633 0.582032 0.238281 0.583984 0.240232 0.583984 0.242189 0.585937 0.244141 0.585937 0.246091 0.587889 0.246091 0.585937 0.248049 0.583984 0.248049 0.582032 0.25 0.58008 0.25 0.578127 0.248049 0.578127 0.246091 0.576175 0.244141 0.576175 0.242189 0.574215 0.238281 0.574215 0.23633 0.572263 0.234373 0.572263 0.232422 0.570311 0.23047 0.570311 0.228513 0.568358 0.226562 0.568358
0 1 0.373043 0.998049 0.378908 1 0.378908 1 0.38086 1 0.38086 1 0.382812 1 0.382812 1 0.384765 1 0.384765 1 0.386717 1 0.386717 1 0.388669 1 0.388669 1 0.390622 1 0.390622 1 0.392581 1 0.390622 1 0.388669 1 0.386717 1 0.384765 1 0.382812 1 0.38086 1 0.38086 1 0.378908 1 0.378908 1 0.376955 1 0.376955 1 0.375003 1 0.375003
1 0.283206 0.507814 0.283206 0.511719 0.281249 0.513671 0.281249 0.519528 0.279297 0.521487 0.279297 0.527345 0.277346 0.529297 0.277346 0.533201 0.285157 0.533201 0.285157 0.529297 0.287108 0.527345 0.287108 0.521487 0.289065 0.519528 0.289065 0.513671 0.291016 0.511719 0.291016 0.509766 0.285157 0.509766
7 0.498049 0.652346 0.496092 0.654298 0.496092 0.65625 0.494141 0.658203 0.494141 0.660155 0.492189 0.662107 0.492189 0.66406 0.490232 0.666012 0.490232 0.667972 0.488281 0.669924 0.488281 0.671876 0.48633 0.673829 0.48633 0.677734 0.484373 0.679686 0.484373 0.687503 0.482421 0.689455 0.482421 0.695312 0.48047 0.697264 0.478513 0.695312 0.478513 0.691407 0.470703 0.691407 0.468751 0.689455 0.468751 0.695312 0.466794 0.697264 0.466794 0.701169 0.464843 0.703121 0.451173 0.703121 0.449216 0.705081 0.437503 0.705081 0.435546 0.707033 0.421876 0.707033 0.417967 0.710938 0.417967 0.712891 0.414065 0.716795 0.472654 0.716795 0.474611 0.718748 0.474611 0.7207 0.472654 0.72266 0.472654 0.726564 0.470703 0.728517 0.470703 0.730469 0.468751 0.732421 0.468751 0.740238 0.466794 0.74219 0.466794 0.753904 0.464843 0.755857 0.464843 0.761721 0.462892 0.763673 0.455076 0.763673 0.453124 0.765626 0.443357 0.765626 0.443357 0.767578 0.445313 0.76953 0.445313 0.773435 0.476562 0.773435 0.478513 0.775388 0.482421 0.775388 0.484373 0.777347 0.488281 0.777347 0.490232 0.779299 0.494141 0.779299 0.496092 0.781252 0.488281 0.773435 0.488281 0.771483 0.48047 0.763673 0.48047 0.761721 0.482421 0.759769 0.482421 0.755857 0.484373 0.753904 0.484373 0.748047 0.48633 0.746095 0.48633 0.738278 0.488281 0.736326 0.488281 0.730469 0.490232 0.728517 0.490232 0.726564 0.492189 0.724612 0.505859 0.724612 0.507811 0.726564 0.509768 0.726564 0.51367 0.730469 0.515627 0.730469 0.521486 0.736326 0.523438 0.736326 0.527346 0.740238 0.529297 0.740238 0.533206 0.744143 0.539065 0.744143 0.541016 0.746095 0.541016 0.744143 0.539065 0.74219 0.539065 0.740238 0.537108 0.738278 0.537108 0.736326 0.535157 0.734374 0.533206 0.734374 0.525389 0.726564 0.523438 0.726564 0.515627 0.718748 0.51367 0.718748 0.509768 0.714843 0.509768 0.701169 0.503908 0.701169 0.5 0.697264 0.5 0.69336 0.501951 0.691407 0.501951 0.68555 0.503908 0.683591 0.503908 0.669924 0.505859 0.667972 0.505859 0.65625 0.501951 0.652346
0 0.183594 0 0.183594 0.001951 0.181643 0.003904 0.181643 0.005856 0.185546 0.005856 0.187503 0.007816 0.193357 0.007816 0.195313 0.009768 0.199216 0.009768 0.201173 0.01172 0.201173 0.007816 0.203125 0.005856 0.203125 0.003904 0.195313 0.003904 0.193357 0.001951 0.185546 0.001951
0 0.998049 0.384765 0.996091 0.386717 0.996091 0.388669 0.992189 0.392581 0.994141 0.392581 0.998049 0.396486 1 0.396486 1 0.398438 1 0.398438 1 0.402343 1 0.402343 1 0.406248 1 0.406248 1 0.4082 1 0.406248 1 0.404296 1 0.402343 1 0.400391 1 0.398438 1 0.398438 1 0.396486 1 0.396486 1 0.394534 1 0.394534 1 0.390622 1 0.390622 1 0.388669 1 0.388669 1 0.386717 1 0.386717
0 0.716794 0.570311 0.716794 0.574215 0.714843 0.576175 0.714843 0.582032 0.712892 0.583984 0.712892 0.587889 0.718751 0.587889 0.720703 0.589842 0.720703 0.587889 0.722654 0.585937 0.722654 0.58008 0.724611 0.578127 0.724611 0.574215 0.726562 0.572263 0.726562 0.570311
1 0.10547 0.726564 0.10547 0.728517 0.103513 0.730469 0.103513 0.734374 0.101562 0.736326 0.101562 0.738278 0.099611 0.740238 0.099611 0.74219 0.107421 0.74219 0.109373 0.744143 0.109373 0.740238 0.11133 0.738278 0.11133 0.732421 0.113281 0.730469 0.113281 0.726564
7 0.740232 0.158205 0.742189 0.160157 0.742189 0.16211 0.746092 0.166014 0.746092 0.167967 0.75 0.171879 0.75 0.173831 0.753908 0.177736 0.753908 0.179688 0.755859 0.18164 0.755859 0.183593 0.753908 0.185545 0.753908 0.187497 0.751951 0.18945 0.751951 0.193362 0.75 0.195314 0.75 0.197267 0.748049 0.199219 0.748049 0.203124 0.746092 0.205076 0.746092 0.207028 0.744141 0.208988 0.744141 0.216797 0.742189 0.21875 0.742189 0.222654 0.740232 0.224607 0.738281 0.224607 0.73633 0.222654 0.734373 0.222654 0.732421 0.220702 0.73047 0.220702 0.728513 0.21875 0.726562 0.21875 0.724611 0.216797 0.722654 0.216797 0.720703 0.214845 0.718751 0.214845 0.716794 0.212893 0.714843 0.212893 0.710935 0.208988 0.708984 0.208988 0.705075 0.205076 0.703125 0.205076 0.699216 0.201171 0.697265 0.201171 0.693357 0.197267 0.693357 0.199219 0.695313 0.201171 0.695313 0.203124 0.697265 0.205076 0.697265 0.207028 0.699216 0.208988 0.699216 0.21094 0.701173 0.212893 0.701173 0.214845 0.710935 0.224607 0.712892 0.224607 0.726562 0.238281 0.726562 0.244137 0.724611 0.246097 0.724611 0.251954 0.732421 0.251954 0.732421 0.246097 0.734373 0.244137 0.73633 0.244137 0.738281 0.246097 0.738281 0.250002 0.73633 0.251954 0.73633 0.259763 0.734373 0.261716 0.734373 0.26758 0.732421 0.269532 0.732421 0.277342 0.73047 0.279294 0.73047 0.287111 0.732421 0.289063 0.732421 0.29492 0.738281 0.29492 0.738281 0.292968 0.740232 0.291016 0.740232 0.289063 0.738281 0.287111 0.738281 0.285159 0.742189 0.281247 0.742189 0.279294 0.748049 0.273437 0.748049 0.263675 0.75 0.261716 0.75 0.253906 0.751951 0.251954 0.757811 0.251954 0.759768 0.253906 0.759768 0.255859 0.757811 0.257811 0.757811 0.261716 0.765627 0.261716 0.765627 0.250002 0.767578 0.248049 0.773438 0.248049 0.775389 0.246097 0.781249 0.246097 0.783206 0.244137 0.787108 0.244137 0.789065 0.242185 0.794925 0.242185 0.796875 0.240233 0.802735 0.240233 0.804687 0.238281 0.810546 0.238281 0.810546 0.236328 0.808594 0.234375 0.808594 0.230471 0.806643 0.232423 0.761719 0.232423 0.759768 0.230471 0.759768 0.228519 0.761719 0.226559 0.761719 0.216797 0.76367 0.214845 0.76367 0.199219 0.765627 0.197267 0.765627 0.185545 0.767578 0.183593 0.771487 0.183593 0.773438 0.18164 0.777346 0.18164 0.779297 0.179688 0.785157 0.179688 0.787108 0.177736 0.791016 0.177736 0.785157 0.171879 0.767578 0.171879 0.765627 0.169919 0.765627 0.160157 0.765627 0.16211 0.76367 0.164062 0.76367 0.169919 0.761719 0.171879 0.757811 0.171879 0.753908 0.167967 0.751951 0.167967 0.746092 0.16211 0.744141 0.16211
1 0.648438 0.605468 0.648438 0.60742 0.646487 0.609372 0.646487 0.611325 0.64453 0.613284 0.64453 0.615237 0.642578 0.617189 0.642578 0.619141 0.640627 0.621094 0.640627 0.623046 0.63867 0.624998 0.63867 0.626951 0.642578 0.626951 0.64453 0.628903 0.648438 0.628903 0.650389 0.630863 0.650389 0.626951 0.652346 0.624998 0.652346 0.619141 0.654297 0.617189 0.654297 0.611325 0.656249 0.609372 0.656249 0.60742 0.650389 0.60742
7 0.851562 0.738278 0.847654 0.74219 0.847654 0.744143 0.843751 0.748047 0.843751 0.75 0.841794 0.751952 0.841794 0.753904 0.839843 0.755857 0.839843 0.757809 0.837892 0.759769 0.837892 0.763673 0.835935 0.765626 0.835935 0.773435 0.833984 0.775388 0.833984 0.777347 0.832032 0.779299 0.830075 0.779299 0.828125 0.777347 0.828125 0.775388 0.830075 0.773435 0.830075 0.771483 0.822265 0.771483 0.820313 0.76953 0.820313 0.775388 0.818357 0.777347 0.818357 0.781252 0.816405 0.783204 0.804687 0.783204 0.802735 0.785156 0.792967 0.785156 0.791016 0.787109 0.779297 0.787109 0.779297 0.789061 0.777346 0.791013 0.777346 0.796878 0.824216 0.796878 0.826173 0.79883 0.826173 0.800783 0.824216 0.802735 0.824216 0.810544 0.822265 0.812497 0.822265 0.822266 0.820313 0.824218 0.820313 0.832035 0.818357 0.833987 0.818357 0.837892 0.816405 0.839844 0.812503 0.839844 0.810546 0.841796 0.806643 0.841796 0.804687 0.843749 0.800784 0.843749 0.792967 0.851565 0.818357 0.851565 0.820313 0.853518 0.820313 0.857423 0.828125 0.857423 0.828125 0.85547 0.830075 0.853518 0.832032 0.85547 0.833984 0.85547 0.835935 0.857423 0.837892 0.857423 0.839843 0.859375 0.841794 0.859375 0.843751 0.861327 0.845703 0.859375 0.845703 0.857423 0.847654 0.85547 0.835935 0.843749 0.835935 0.841796 0.837892 0.839844 0.837892 0.837892 0.839843 0.835939 0.839843 0.833987 0.841794 0.832035 0.841794 0.816409 0.843751 0.814456 0.843751 0.804687 0.845703 0.802735 0.847654 0.802735 0.849611 0.804687 0.85547 0.804687 0.857422 0.80664 0.86133 0.80664 0.863281 0.808592 0.865232 0.808592 0.869141 0.812497 0.871091 0.812497 0.875 0.816409 0.876951 0.816409 0.880859 0.820313 0.882811 0.820313 0.886719 0.824218 0.890627 0.824218 0.892579 0.82617 0.892579 0.822266 0.890627 0.820313 0.890627 0.818361 0.88867 0.816409 0.88867 0.814456 0.867189 0.792966 0.867189 0.779299 0.857422 0.779299 0.857422 0.781252 0.853513 0.785156 0.851562 0.783204 0.851562 0.773435 0.853513 0.771483 0.853513 0.767578 0.85547 0.765626 0.85547 0.759769 0.857422 0.757809 0.857422 0.753904 0.859373 0.751952 0.859373 0.748047 0.857422 0.746095 0.857422 0.744143 0.85547 0.74219 0.85547 0.740238 0.853513 0.740238
1 0.429686 0.554685 0.429686 0.558597 0.427735 0.560549 0.427735 0.566406 0.425784 0.568358 0.425784 0.574215 0.423827 0.576175 0.423827 0.578127 0.427735 0.578127 0.429686 0.58008 0.431643 0.58008 0.433595 0.582032 0.433595 0.58008 0.435546 0.578127 0.435546 0.574215 0.437503 0.572263 0.437503 0.566406 0.439454 0.564454 0.439454 0.560549 0.441405 0.558597 0.441405 0.556637 0.431643 0.556637
0 0.835935 0.599611 0.835935 0.621094 0.841794 0.621094 0.843751 0.623046 0.843751 0.613284 0.845703 0.611325 0.845703 0.603515 0.841794 0.603515 0.839843 0.601563 0.837892 0.601563
0 0.402346 0.273437 0.402346 0.277342 0.400389 0.279294 0.400389 0.287111 0.398438 0.289063 0.398438 0.29492 0.396486 0.296873 0.396486 0.300785 0.400389 0.300785 0.402346 0.302737 0.404297 0.302737 0.406249 0.304689 0.406249 0.300785 0.408206 0.298825 0.408206 0.292968 0.410157 0.291016 0.410157 0.285159 0.412108 0.283206 0.412108 0.273437
7 0.689454 0.675781 0.689454 0.677734 0.687503 0.679686 0.687503 0.683591 0.685546 0.68555 0.685546 0.687503 0.683595 0.689455 0.683595 0.691407 0.681643 0.69336 0.681643 0.695312 0.679687 0.697264 0.679687 0.703121 0.677735 0.705081 0.677735 0.718748 0.675784 0.7207 0.675784 0.724612 0.673827 0.726564 0.671875 0.726564 0.669924 0.724612 0.669924 0.7207 0.667968 0.718748 0.667968 0.714843 0.660157 0.714843 0.658206 0.712891 0.658206 0.718748 0.656249 0.7207 0.656249 0.726564 0.654297 0.728517 0.650389 0.728517 0.648438 0.730469 0.64453 0.730469 0.642578 0.732421 0.63867 0.732421 0.636719 0.734374 0.630859 0.734374 0.628908 0.736326 0.625 0.736326 0.623049 0.738278 0.61914 0.738278 0.617189 0.740238 0.615232 0.740238 0.617189 0.74219 0.617189 0.744143 0.61914 0.746095 0.621092 0.744143 0.666016 0.744143 0.667968 0.746095 0.667968 0.748047 0.666016 0.75 0.666016 0.751952 0.664065 0.753904 0.664065 0.757809 0.662108 0.759769 0.662108 0.761721 0.660157 0.763673 0.660157 0.775388 0.658206 0.777347 0.658206 0.787109 0.656249 0.789061 0.652346 0.789061 0.650389 0.791013 0.648438 0.791013 0.646487 0.792966 0.642578 0.792966 0.642578 0.796878 0.640627 0.79883 0.640627 0.800783 0.656249 0.800783 0.658206 0.802735 0.658206 0.804687 0.656249 0.80664 0.656249 0.808592 0.662108 0.808592 0.664065 0.810544 0.664065 0.808592 0.666016 0.80664 0.666016 0.804687 0.669924 0.800783 0.671875 0.802735 0.673827 0.802735 0.677735 0.80664 0.679687 0.80664 0.681643 0.808592 0.687503 0.808592 0.683595 0.804687 0.683595 0.802735 0.677735 0.796878 0.677735 0.794918 0.675784 0.792966 0.675784 0.789061 0.677735 0.787109 0.677735 0.783204 0.679687 0.781252 0.679687 0.775388 0.681643 0.773435 0.681643 0.767578 0.683595 0.765626 0.683595 0.761721 0.685546 0.759769 0.685546 0.753904 0.689454 0.75 0.701173 0.75 0.703125 0.751952 0.705075 0.751952 0.708984 0.755857 0.710935 0.755857 0.716794 0.761721 0.718751 0.761721 0.722654 0.765626 0.732421 0.765626 0.734373 0.767578 0.734373 0.759769 0.732421 0.759769 0.728513 0.755857 0.726562 0.755857 0.722654 0.751952 0.720703 0.751952 0.716794 0.748047 0.714843 0.748047 0.710935 0.744143 0.708984 0.744143 0.707032 0.74219 0.707032 0.726564 0.701173 0.726564 0.699216 0.724612 0.699216 0.728517 0.695313 0.732421 0.691405 0.728517 0.691405 0.72266 0.693357 0.7207 0.693357 0.714843 0.695313 0.712891 0.695313 0.707033 0.697265 0.705081 0.697265 0.699217 0.699216 0.697264 0.699216 0.677734 0.691405 0.677734
0 0.808594 0.591794 0.808594 0.599611 0.806643 0.601563 0.806643 0.609372 0.808594 0.609372 0.810546 0.611325 0.812503 0.611325 0.814454 0.613284 0.814454 0.603515 0.816405 0.601563 0.816405 0.593754 0.810546 0.593754
0 0.689454 0.564454 0.689454 0.568358 0.687503 0.570311 0.687503 0.576175 0.685546 0.578127 0.685546 0.582032 0.691405 0.582032 0.693357 0.583984 0.693357 0.582032 0.695313 0.58008 0.695313 0.578127 0.697265 0.576175 0.697265 0.572263 0.699216 0.570311 0.699216 0.568358 0.701173 0.566406 0.701173 0.564454
1 0.193357 0.576175 0.191405 0.578127 0.191405 0.58008 0.189454 0.582032 0.193357 0.582032 0.195313 0.583984 0.199216 0.583984 0.201173 0.585937 0.205075 0.585937 0.207032 0.587889 0.212892 0.587889 0.214843 0.585937 0.214843 0.583984 0.216794 0.582032 0.210935 0.582032 0.208984 0.58008 0.203125 0.58008 0.201173 0.578127 0.195313 0.578127
1 0.607421 0.593754 0.607421 0.597658 0.605471 0.599611 0.605471 0.60742 0.603513 0.609372 0.603513 0.615237 0.601562 0.617189 0.601562 0.621094 0.607421 0.621094 0.609373 0.623046 0.609373 0.621094 0.61133 0.619141 0.61133 0.613284 0.613281 0.611325 0.613281 0.60742 0.615232 0.605468 0.615232 0.599611 0.617189 0.597658 0.617189 0.595706 0.609373 0.595706
0 0.73633 0.576175 0.73633 0.585937 0.734373 0.587889 0.734373 0.595706 0.744141 0.595706 0.744141 0.587889 0.746092 0.585937 0.746092 0.578127 0.738281 0.578127
1 0.218751 0.425779 0.218751 0.429691 0.216794 0.431643 0.216794 0.4375 0.214843 0.439452 0.214843 0.445309 0.212892 0.447269 0.212892 0.451174 0.220703 0.451174 0.220703 0.449221 0.222654 0.447269 0.222654 0.443357 0.224611 0.441405 0.224611 0.439452 0.226562 0.4375 0.226562 0.433595 0.228513 0.431643 0.228513 0.429691 0.224611 0.429691 0.222654 0.427731 0.220703 0.427731
1 0.658206 0.609372 0.658206 0.613284 0.656249 0.615237 0.656249 0.624998 0.654297 0.626951 0.654297 0.630863 0.660157 0.630863 0.662108 0.632815 0.662108 0.630863 0.664065 0.628903 0.664065 0.623046 0.666016 0.621094 0.666016 0.615237 0.667968 0.613284 0.667968 0.611325 0.660157 0.611325
0 0.853513 0.634768 0.853513 0.640625 0.857422 0.640625 0.859373 0.642577 0.865232 0.642577 0.867189 0.644529 0.871091 0.644529 0.873049 0.646482 0.873049 0.642577 0.871091 0.640625 0.871091 0.634768
1 0.189454 0.585937 0.189454 0.589842 0.187503 0.591794 0.187503 0.593754 0.191405 0.593754 0.193357 0.595706 0.197265 0.595706 0.199216 0.597658 0.203125 0.597658 0.205075 0.599611 0.208984 0.599611 0.210935 0.601563 0.210935 0.599611 0.212892 0.597658 0.212892 0.593754 0.214843 0.591794 0.214843 0.589842 0.203125 0.589842 0.201173 0.587889 0.191405 0.587889