0 0.644526 0.298824 0.623048 0.320312 0.623048 0.326176 0.624995 0.328124 0.626956 0.328124 0.630864 0.33203 0.634761 0.328124 0.636721 0.328124 0.642577 0.32227 0.644526 0.32227 0.658199 0.308594 0.656251 0.306636 0.656251 0.304688 0.654291 0.30273 0.654291 0.300782 0.652343 0.300782 0.650394 0.298824
0 0.576169 0.189456 0.566404 0.199216 0.566404 0.201174 0.55469 0.212892 0.55469 0.218746 0.560547 0.22461 0.562496 0.222652 0.564456 0.222652 0.568364 0.218746 0.570312 0.218746 0.572261 0.216798 0.574222 0.216798 0.578129 0.212892 0.580078 0.212892 0.585935 0.207028 0.585935 0.20508 0.591791 0.199216 0.591791 0.197268 0.589843 0.19531 0.589843 0.191404 0.587894 0.189456
0 0.177732 0.648436 0.175783 0.650394 0.171875 0.650394 0.154293 0.667966 0.154293 0.669924 0.156253 0.671872 0.156253 0.675778 0.160161 0.679684 0.166018 0.679684 0.175783 0.669924 0.177732 0.669924 0.185549 0.662112 0.185549 0.6543 0.181641 0.650394 0.179692 0.650394
0 0.624995 0.427732 0.621099 0.431638 0.619139 0.431638 0.619139 0.433596 0.621099 0.435544 0.621099 0.43945 0.623048 0.441408 0.624995 0.441408 0.628904 0.445314 0.630864 0.445314 0.634761 0.44922 0.642577 0.44922 0.646485 0.445314 0.628904 0.427732
0 0.929689 0.550786 0.917964 0.562504 0.916016 0.562504 0.90625 0.572264 0.90625 0.574222 0.908198 0.57617 0.908198 0.580076 0.910158 0.582034 0.910158 0.583982 0.923833 0.583982 0.933598 0.574222 0.933598 0.572264 0.945312 0.560546 0.943363 0.558598 0.943363 0.55664 0.941402 0.554692 0.939455 0.554692 0.935546 0.550786
0 0.583986 0.160156 0.572261 0.171874 0.570312 0.171874 0.562496 0.179686 0.564456 0.181644 0.564456 0.183592 0.570312 0.189456 0.574222 0.189456 0.576169 0.187498 0.578129 0.187498 0.59766 0.167968 0.5957 0.16602 0.5957 0.164062 0.591791 0.160156
0 0.265631 0.736326 0.263671 0.738284 0.259762 0.738284 0.24414 0.753908 0.24414 0.755856 0.242192 0.757814 0.242192 0.759762 0.240232 0.76172 0.24414 0.765626 0.24414 0.767574 0.246089 0.769532 0.248049 0.767574 0.253905 0.767574 0.263671 0.757814 0.265631 0.757814 0.271487 0.75195 0.271487 0.750002 0.273436 0.748044 0.273436 0.746096 0.271487 0.744138 0.271487 0.74219
0 0.378904 0.675778 0.359375 0.695308 0.359375 0.699214 0.357426 0.701172 0.357426 0.70312 0.359375 0.705078 0.359375 0.707036 0.361322 0.708984 0.361322 0.710942 0.36914 0.710942 0.39063 0.689454 0.39063 0.68359 0.38867 0.681642 0.38867 0.679684 0.386722 0.677736 0.380865 0.677736
0 1 0.652342 1 0.658206 1 0.662112 1 0.66406 1 0.671872 0.999994 0.67383 0.999994 0.677736 1 0.679684 1 0.681642 1 0.681642 1 0.68359 1 0.681642 1 0.681642 1 0.679684 1 0.679684 1 0.675778 1 0.67383 1 0.66406 1 0.662112 1 0.658206 1 0.656248 1 0.6543 1 0.6543 1 0.652342
0 0.673833 0.53711 0.669925 0.541016 0.667965 0.541016 0.66016 0.548828 0.658199 0.548828 0.656251 0.550786 0.656251 0.55664 0.662107 0.562504 0.664068 0.560546 0.671873 0.560546 0.67773 0.554692 0.67773 0.552734 0.685547 0.544922 0.683599 0.542964 0.683599 0.541016 0.681639 0.539058 0.681639 0.53711
0 0.910158 0.513674 0.900393 0.523434 0.900393 0.525392 0.890629 0.535152 0.890629 0.53711 0.892576 0.539058 0.892576 0.542964 0.896485 0.54687 0.898434 0.544922 0.902342 0.544922 0.904302 0.542964 0.908198 0.542964 0.916016 0.535152 0.916016 0.533204 0.923833 0.525392 0.921872 0.523434 0.921872 0.521486 0.919924 0.519528 0.919924 0.51758 0.917964 0.51758 0.916016 0.515622 0.912107 0.515622
0 0.527344 0.105472 0.523435 0.109378 0.521487 0.109378 0.51367 0.11719 0.511722 0.11719 0.509762 0.119138 0.509762 0.121096 0.507812 0.123044 0.507812 0.125002 0.505865 0.12695 0.505865 0.128908 0.503904 0.130856 0.503904 0.132814 0.501956 0.134762 0.501956 0.13672 0.505865 0.140626 0.509762 0.140626 0.511722 0.142574 0.51563 0.138668 0.517578 0.138668 0.527344 0.128908 0.529292 0.128908 0.53516 0.123044 0.53516 0.121096 0.537108 0.119138 0.537108 0.11719 0.531252 0.111326 0.531252 0.109378
0 0.216793 0.691402 0.214845 0.69336 0.210936 0.69336 0.207027 0.697266 0.207027 0.699214 0.197263 0.708984 0.197263 0.710942 0.193355 0.714848 0.193355 0.716796 0.195314 0.718754 0.195314 0.720702 0.197263 0.72266 0.197263 0.724608 0.203119 0.724608 0.20508 0.726566 0.224609 0.707036 0.224609 0.705078 0.226558 0.70312 0.226558 0.699214 0.224609 0.697266 0.224609 0.695308 0.222661 0.69336 0.218753 0.69336
0 0.031254 0.152344 0.027346 0.15625 0.027346 0.158208 0.029293 0.160156 0.029293 0.164062 0.031254 0.16602 0.031254 0.169926 0.033202 0.171874 0.033202 0.17578 0.035162 0.177738 0.035162 0.179686 0.041018 0.179686 0.044928 0.17578 0.046876 0.17578 0.046876 0.173832 0.044928 0.171874 0.044928 0.167968 0.042968 0.16602 0.042968 0.164062 0.041018 0.162114 0.041018 0.158208 0.039059 0.15625 0.039059 0.154292 0.035162 0.154292 0.033202 0.152344
0 0.558599 0.181644 0.546874 0.193362 0.544925 0.193362 0.537108 0.201174 0.537108 0.20508 0.539057 0.207028 0.539057 0.212892 0.541017 0.212892 0.542965 0.21484 0.544925 0.21484 0.546874 0.216798 0.570312 0.193362 0.566404 0.189456 0.566404 0.187498 0.564456 0.18555 0.562496 0.18555
0 0.501956 0.082036 0.499996 0.083984 0.49414 0.083984 0.49219 0.085942 0.49219 0.08789 0.486322 0.093754 0.486322 0.095702 0.480466 0.101566 0.480466 0.103514 0.474608 0.109378 0.474608 0.111326 0.47266 0.113284 0.47266 0.119138 0.474608 0.119138 0.478518 0.123044 0.482426 0.123044 0.484374 0.125002 0.486322 0.125002 0.488282 0.12695 0.490231 0.125002 0.490231 0.123044 0.496099 0.11719 0.496099 0.115232 0.499996 0.111326 0.499996 0.109378 0.503904 0.105472 0.503904 0.103514 0.509762 0.09766 0.509762 0.095702 0.511722 0.093754 0.509762 0.091796 0.509762 0.089848 0.507812 0.08789 0.507812 0.085942 0.505865 0.085942
0 0.697261 0.298824 0.685547 0.310542 0.683599 0.310542 0.673833 0.320312 0.673833 0.324218 0.671873 0.326176 0.671873 0.330082 0.67773 0.335936 0.681639 0.335936 0.683599 0.337894 0.708986 0.3125 0.707026 0.310542 0.707026 0.308594 0.703129 0.304688 0.703129 0.30273 0.701169 0.30273
0 0.01758 0.138668 0.013671 0.142574 0.011724 0.142574 0.007814 0.14648 0.005855 0.14648 0.003906 0.148438 0.003906 0.152344 0.005855 0.154292 0.005855 0.15625 0.007814 0.15625 0.009763 0.158208 0.01758 0.150386 0.019528 0.150386 0.023437 0.14648 0.023437 0.140626 0.021488 0.138668
1 0.507812 0.248046 0.503904 0.251952 0.501956 0.251952 0.486322 0.267576 0.486322 0.269534 0.4707 0.285158 0.4707 0.287106 0.468752 0.289064 0.47266 0.29297 0.47266 0.294918 0.474608 0.296876 0.480466 0.296876 0.499996 0.277346 0.501956 0.277346 0.517578 0.261722 0.517578 0.257816 0.51563 0.255858 0.51563 0.251952 0.51367 0.251952 0.509762 0.248046
0 0.056641 0.345706 0.046876 0.355466 0.044928 0.355466 0.039059 0.36133 0.039059 0.369142 0.042968 0.373048 0.052732 0.373048 0.06055 0.365236 0.06055 0.363278 0.068355 0.355466 0.066406 0.353518 0.066406 0.35156 0.062497 0.347654 0.05859 0.347654
1 1 0.675778 1 0.677736 1 0.677736 1 0.68359 1 0.68359 1 0.691402 1 0.691402 0.999994 0.699214 0.998046 0.699214 0.996098 0.701172 0.996098 0.707036 1 0.716796 1 0.716796 1 0.718754 1 0.710942 1 0.710942 1 0.699214 1 0.699214 1 0.69336 1 0.687496 1 0.681642 1 0.679684
1 0.546874 0.123044 0.544925 0.125002 0.539057 0.125002 0.498048 0.16602 0.498048 0.167968 0.499996 0.169926 0.499996 0.173832 0.501956 0.17578 0.503904 0.17578 0.509762 0.181644 0.523435 0.181644 0.541017 0.164062 0.541017 0.162114 0.560547 0.142574 0.560547 0.138668 0.558599 0.13672 0.558599 0.130856 0.552731 0.125002 0.548834 0.125002
1 0.486322 0.242192 0.47266 0.255858 0.47266 0.257816 0.458986 0.271482 0.458986 0.275388 0.460936 0.277346 0.462895 0.277346 0.466792 0.281252 0.468752 0.279294 0.4707 0.279294 0.47266 0.277346 0.476558 0.277346 0.482426 0.271482 0.482426 0.269534 0.49219 0.259764 0.49219 0.257816 0.498048 0.251952 0.498048 0.248046 0.49414 0.24414 0.488282 0.24414
0 0.154293 0.63477 0.150396 0.638676 0.150396 0.640624 0.142579 0.648436 0.142579 0.650394 0.138671 0.6543 0.138671 0.656248 0.140619 0.658206 0.140619 0.660154 0.142579 0.662112 0.142579 0.66406 0.150396 0.66406 0.158201 0.656248 0.160161 0.656248 0.166018 0.650394 0.166018 0.646488 0.167967 0.64453 0.167967 0.642582 0.160161 0.63477
0 0.480466 0.056642 0.478518 0.05859 0.4707 0.05859 0.468752 0.060548 0.468752 0.062496 0.466792 0.064454 0.466792 0.066402 0.462895 0.070308 0.462895 0.072266 0.458986 0.076172 0.458986 0.07812 0.457026 0.080078 0.457026 0.082036 0.455078 0.083984 0.455078 0.089848 0.457026 0.091796 0.457026 0.093754 0.458986 0.095702 0.458986 0.09766 0.462895 0.09766 0.464844 0.099608 0.466792 0.09766 0.4707 0.09766 0.47266 0.095702 0.47266 0.093754 0.478518 0.08789 0.478518 0.085942 0.482426 0.082036 0.482426 0.080078 0.488282 0.074214 0.488282 0.072266 0.490231 0.070308 0.488282 0.06836 0.488282 0.066402 0.486322 0.064454 0.486322 0.062496
0 0.191405 0.669924 0.189458 0.671872 0.187497 0.671872 0.177732 0.681642 0.175783 0.681642 0.169927 0.687496 0.169927 0.691402 0.167967 0.69336 0.167967 0.695308 0.169927 0.697266 0.169927 0.699214 0.175783 0.699214 0.177732 0.701172 0.179692 0.699214 0.183589 0.699214 0.187497 0.695308 0.189458 0.695308 0.195314 0.689454 0.197263 0.689454 0.199223 0.687496 0.199223 0.68359 0.201171 0.681642 0.201171 0.679684 0.199223 0.677736 0.199223 0.675778 0.197263 0.67383 0.195314 0.67383
0 0.050784 0.089848 0.048824 0.091796 0.046876 0.091796 0.044928 0.093754 0.042968 0.093754 0.042968 0.099608 0.046876 0.103514 0.046876 0.105472 0.050784 0.109378 0.056641 0.109378 0.05859 0.10742 0.05859 0.105472 0.06055 0.103514 0.05859 0.101566 0.05859 0.099608 0.052732 0.093754 0.052732 0.091796
0 1 0.0293 1 0.031248 0.998046 0.031248 0.992189 0.037112 0.990229 0.037112 0.982424 0.044924 0.980464 0.044924 0.976567 0.04883 0.976567 0.056642 0.978515 0.05859 0.978515 0.060548 0.980464 0.062496 0.988281 0.062496 0.990229 0.064454 1 0.041018 1 0.03906 1 0.037112 1 0.035154
0 0.263671 0.373048 0.261722 0.374996 0.257814 0.374996 0.257814 0.376954 0.255854 0.378902 0.255854 0.38086 0.257814 0.382808 0.257814 0.384766 0.271487 0.398442 0.273436 0.396484 0.277344 0.396484 0.277344 0.394536 0.279293 0.392578 0.279293 0.382808 0.277344 0.382808 0.273436 0.378902 0.271487 0.378902 0.267579 0.374996 0.265631 0.374996
0 0.068355 0.363278 0.054692 0.376954 0.054692 0.378902 0.052732 0.38086 0.052732 0.384766 0.054692 0.386714 0.054692 0.39062 0.066406 0.39062 0.072263 0.384766 0.072263 0.382808 0.08008 0.374996
0 0.042968 0.203122 0.039059 0.207028 0.039059 0.212892 0.042968 0.216798 0.044928 0.216798 0.050784 0.222652 0.05859 0.222652 0.062497 0.218746 0.064458 0.218746 0.062497 0.216798 0.062497 0.21484 0.06055 0.212892 0.06055 0.210934 0.05859 0.210934 0.056641 0.208986 0.054692 0.208986 0.050784 0.20508 0.048824 0.20508 0.046876 0.203122