0 0.869141 0.068364 0.869141 0.070309 0.867188 0.072262 0.867188 0.076171 0.865235 0.078125 0.865235 0.082034 0.863282 0.083988 0.863282 0.085942 0.861329 0.087887 0.861329 0.091795 0.859376 0.09375 0.859376 0.095704 0.861329 0.097658 0.861329 0.099612 0.863282 0.101567 0.863282 0.103511 0.865235 0.101567 0.871094 0.101567 0.871094 0.099612 0.873048 0.097658 0.873048 0.095704 0.875001 0.09375 0.875001 0.091795 0.876954 0.089841 0.876954 0.085942 0.878907 0.083988 0.878907 0.082034 0.88086 0.08008 0.88086 0.078125 0.882813 0.076171 0.882813 0.072262 0.88086 0.070309 0.88086 0.068364
9 0.207033 0.863279 0.205079 0.865233 0.19922 0.865233 0.197267 0.867188 0.191407 0.867188 0.191407 0.869142 0.189455 0.871096 0.189455 0.875004 0.187501 0.876949 0.187501 0.878903 0.191407 0.878903 0.193361 0.880857 0.195314 0.880857 0.197267 0.882812 0.207033 0.882812 0.208986 0.884766 0.216798 0.884766 0.218751 0.88672 0.220705 0.884766 0.226564 0.884766 0.228517 0.882812 0.234376 0.882812 0.236329 0.880857 0.242189 0.880857 0.244142 0.878903 0.248048 0.878903 0.250001 0.876949 0.253908 0.876949 0.255861 0.875004 0.259767 0.875004 0.253908 0.869142 0.244142 0.869142 0.242189 0.867188 0.234376 0.867188 0.232423 0.865233 0.222657 0.865233 0.220705 0.863279
0 0.458986 0.576172 0.457032 0.578126 0.457032 0.580081 0.455079 0.582035 0.455079 0.587888 0.460939 0.59375 0.466798 0.59375 0.468751 0.595705 0.47461 0.595705 0.476563 0.597659 0.48047 0.597659 0.482423 0.599613 0.488282 0.599613 0.490235 0.601558 0.492189 0.599613 0.492189 0.597659 0.494142 0.595705 0.494142 0.591796 0.496095 0.589842 0.496095 0.587888 0.492189 0.587888 0.490235 0.585934 0.488282 0.585934 0.486329 0.583989 0.482423 0.583989 0.48047 0.582035 0.478517 0.582035 0.476563 0.580081 0.468751 0.580081 0.466798 0.578126 0.460939 0.578126
0 0.228517 0.574218 0.226564 0.576172 0.222657 0.576172 0.222657 0.580081 0.220705 0.582035 0.220705 0.583989 0.226564 0.589842 0.228517 0.589842 0.23047 0.591796 0.234376 0.591796 0.236329 0.59375 0.238283 0.59375 0.240236 0.595705 0.244142 0.595705 0.246095 0.597659 0.248048 0.597659 0.250001 0.599613 0.251955 0.597659 0.255861 0.597659 0.255861 0.595705 0.257814 0.59375 0.257814 0.589842 0.255861 0.587888 0.255861 0.583989 0.251955 0.583989 0.250001 0.582035 0.246095 0.582035 0.244142 0.580081 0.242189 0.580081 0.240236 0.578126 0.236329 0.578126 0.234376 0.576172 0.23047 0.576172
0 0.335939 0.533199 0.332032 0.537107 0.33008 0.537107 0.326173 0.541016 0.326173 0.54297 0.32422 0.544924 0.326173 0.544924 0.328126 0.546878 0.33008 0.546878 0.333986 0.550777 0.335939 0.550777 0.337892 0.552731 0.339845 0.552731 0.341798 0.554685 0.343751 0.554685 0.347657 0.558594 0.349611 0.558594 0.351564 0.560548 0.357423 0.560548 0.357423 0.55664 0.359376 0.554685 0.359376 0.550777 0.357423 0.548832 0.357423 0.546878 0.35547 0.546878 0.351564 0.54297 0.349611 0.54297 0.345704 0.539062 0.343751 0.539062 0.339845 0.535152 0.337892 0.535152
0 0.181642 0.576172 0.179689 0.578126 0.175783 0.578126 0.175783 0.580081 0.173829 0.582035 0.173829 0.583989 0.171876 0.585934 0.173829 0.587888 0.173829 0.589842 0.175783 0.591796 0.175783 0.59375 0.177736 0.59375 0.179689 0.595705 0.181642 0.595705 0.185548 0.599613 0.187501 0.599613 0.189455 0.601558 0.191407 0.601558 0.193361 0.603512 0.195314 0.603512 0.19922 0.60742 0.201173 0.60742 0.203126 0.609375 0.210939 0.609375 0.212892 0.60742 0.212892 0.605466 0.214845 0.603512 0.214845 0.599613 0.212892 0.597659 0.212892 0.595705 0.210939 0.59375 0.210939 0.591796 0.208986 0.591796 0.207033 0.589842 0.205079 0.589842 0.203126 0.587888 0.201173 0.587888 0.19922 0.585934 0.197267 0.585934 0.193361 0.582035 0.191407 0.582035 0.189455 0.580081 0.187501 0.580081 0.185548 0.578126 0.183595 0.578126
0 0.193361 0.654293 0.189455 0.658202 0.187501 0.658202 0.187501 0.666018 0.191407 0.669917 0.191407 0.671871 0.193361 0.673825 0.197267 0.673825 0.19922 0.67578 0.205079 0.67578 0.207033 0.677734 0.210939 0.677734 0.212892 0.679688 0.216798 0.679688 0.218751 0.681643 0.220705 0.679688 0.220705 0.677734 0.222657 0.67578 0.222657 0.671871 0.220705 0.669917 0.220705 0.666018 0.218751 0.666018 0.216798 0.664064 0.212892 0.664064 0.210939 0.66211 0.208986 0.66211 0.207033 0.660155 0.205079 0.660155 0.203126 0.658202 0.19922 0.658202 0.197267 0.656247 0.195314 0.656247
0 0.33008 0.623044 0.328126 0.624999 0.328126 0.626953 0.326173 0.628907 0.326173 0.630862 0.328126 0.632816 0.328126 0.636714 0.332032 0.636714 0.333986 0.638669 0.335939 0.638669 0.337892 0.640623 0.341798 0.640623 0.343751 0.642577 0.345704 0.642577 0.347657 0.644532 0.351564 0.644532 0.353517 0.646486 0.35547 0.644532 0.363282 0.644532 0.363282 0.642577 0.365236 0.640623 0.365236 0.636714 0.363282 0.63477 0.363282 0.632816 0.359376 0.632816 0.357423 0.630862 0.35547 0.630862 0.353517 0.628907 0.349611 0.628907 0.347657 0.626953 0.345704 0.626953 0.343751 0.624999 0.339845 0.624999 0.337892 0.623044
0 0.404298 0.427738 0.402345 0.429683 0.402345 0.431637 0.400392 0.433591 0.400392 0.4375 0.402345 0.439454 0.404298 0.439454 0.408204 0.443363 0.425782 0.443363 0.427736 0.445316 0.44336 0.445316 0.445314 0.447261 0.445314 0.441408 0.44336 0.439454 0.44336 0.433591 0.433595 0.433591 0.431642 0.431637 0.421876 0.431637 0.419923 0.429683 0.410157 0.429683 0.408204 0.427738
0 0.322267 0.552731 0.318361 0.55664 0.316408 0.55664 0.316408 0.558594 0.314454 0.560548 0.314454 0.562502 0.316408 0.562502 0.318361 0.564456 0.320314 0.564456 0.322267 0.566411 0.32422 0.566411 0.326173 0.568355 0.33008 0.568355 0.332032 0.57031 0.333986 0.57031 0.335939 0.572264 0.337892 0.572264 0.339845 0.574218 0.341798 0.574218 0.343751 0.576172 0.345704 0.574218 0.347657 0.574218 0.349611 0.572264 0.351564 0.572264 0.351564 0.566411 0.349611 0.566411 0.345704 0.562502 0.343751 0.562502 0.341798 0.560548 0.337892 0.560548 0.335939 0.558594 0.333986 0.558594 0.332032 0.55664 0.328126 0.55664 0.326173 0.554685 0.32422 0.554685
0 0.519532 0.601558 0.517579 0.603512 0.509767 0.603512 0.509767 0.605466 0.507813 0.60742 0.507813 0.609375 0.505861 0.611329 0.505861 0.613283 0.503907 0.615237 0.503907 0.617192 0.501954 0.619136 0.501954 0.62109 0.500001 0.623044 0.500001 0.626953 0.498048 0.628907 0.498048 0.63477 0.496095 0.636714 0.496095 0.642577 0.498048 0.644532 0.498048 0.646486 0.507813 0.646486 0.509767 0.644532 0.513673 0.644532 0.513673 0.642577 0.515626 0.640623 0.515626 0.638669 0.517579 0.636714 0.517579 0.632816 0.519532 0.630862 0.519532 0.626953 0.521485 0.624999 0.521485 0.623044 0.523439 0.62109 0.523439 0.617192 0.525392 0.615237 0.525392 0.613283 0.527345 0.611329 0.527345 0.60742 0.525392 0.605466 0.525392 0.603512 0.521485 0.603512
0 0.33008 0.667973 0.328126 0.669917 0.32422 0.669917 0.32422 0.677734 0.326173 0.677734 0.328126 0.679688 0.33008 0.679688 0.333986 0.683597 0.335939 0.683597 0.337892 0.685551 0.339845 0.685551 0.341798 0.687495 0.343751 0.687495 0.347657 0.691404 0.349611 0.691404 0.351564 0.693358 0.353517 0.691404 0.35547 0.691404 0.357423 0.68945 0.359376 0.68945 0.359376 0.681643 0.357423 0.679688 0.357423 0.67578 0.351564 0.67578 0.349611 0.673825 0.345704 0.673825 0.343751 0.671871 0.337892 0.671871 0.335939 0.669917 0.332032 0.669917
0 0.748048 0.355471 0.746094 0.357425 0.738282 0.357425 0.738282 0.359379 0.736329 0.361324 0.736329 0.363277 0.734376 0.365232 0.734376 0.367187 0.732423 0.36914 0.732423 0.371095 0.73047 0.373049 0.73047 0.375003 0.728516 0.376957 0.728516 0.378902 0.73047 0.380857 0.73047 0.384765 0.734376 0.384765 0.736329 0.386719 0.742188 0.386719 0.742188 0.384765 0.744142 0.38281 0.744142 0.380857 0.746094 0.378902 0.746094 0.375003 0.748048 0.373049 0.748048 0.36914 0.750001 0.367187 0.750001 0.365232 0.751954 0.363277 0.751954 0.361324 0.750001 0.359379 0.750001 0.357425
0 0.171876 0.599613 0.171876 0.601558 0.169923 0.603512 0.169923 0.615237 0.173829 0.615237 0.175783 0.617192 0.177736 0.617192 0.179689 0.619136 0.183595 0.619136 0.185548 0.62109 0.187501 0.62109 0.189455 0.623044 0.193361 0.623044 0.195314 0.624999 0.197267 0.624999 0.19922 0.626953 0.201173 0.624999 0.207033 0.624999 0.207033 0.623044 0.208986 0.62109 0.208986 0.619136 0.201173 0.611329 0.19922 0.611329 0.197267 0.609375 0.195314 0.609375 0.193361 0.60742 0.191407 0.60742 0.187501 0.603512 0.185548 0.603512 0.183595 0.601558 0.181642 0.601558 0.179689 0.599613
0 0.660157 0.064456 0.660157 0.06641 0.658204 0.068364 0.658204 0.070309 0.656251 0.072262 0.656251 0.074217 0.654298 0.076171 0.654298 0.078125 0.652345 0.08008 0.652345 0.083988 0.654298 0.085942 0.654298 0.087887 0.656251 0.089841 0.656251 0.091795 0.658204 0.091795 0.660157 0.09375 0.66211 0.09375 0.664063 0.095704 0.669923 0.089841 0.669923 0.087887 0.671876 0.085942 0.669923 0.083988 0.669923 0.082034 0.66797 0.08008 0.66797 0.078125 0.666017 0.076171 0.666017 0.074217 0.664063 0.072262 0.664063 0.070309 0.66211 0.068364 0.66211 0.06641
9 0.19922 0.960942 0.197267 0.962886 0.189455 0.962886 0.187501 0.96484 0.177736 0.96484 0.175783 0.966795 0.173829 0.966795 0.171876 0.968749 0.169923 0.968749 0.16797 0.970703 0.166017 0.970703 0.164064 0.972658 0.162111 0.972658 0.162111 0.974612 0.160158 0.976566 0.160158 0.97852 0.158205 0.980465 0.160158 0.982419 0.160158 0.984373 0.164064 0.988282 0.164064 0.990236 0.166017 0.99219 0.185548 0.99219 0.187501 0.994144 0.193361 0.988282 0.195314 0.988282 0.205079 0.97852 0.205079 0.976566 0.212892 0.968749 0.210939 0.968749 0.208986 0.966795 0.207033 0.966795 0.203126 0.962886 0.201173 0.962886
0 0.378907 0.5293 0.376954 0.531254 0.371095 0.531254 0.371095 0.541016 0.373048 0.541016 0.375001 0.54297 0.378907 0.54297 0.380861 0.544924 0.382814 0.544924 0.384767 0.546878 0.388673 0.546878 0.390626 0.548832 0.392579 0.548832 0.394532 0.550777 0.404298 0.550777 0.406251 0.548832 0.406251 0.544924 0.408204 0.54297 0.408204 0.541016 0.406251 0.541016 0.402345 0.537107 0.398438 0.537107 0.396486 0.535152 0.392579 0.535152 0.390626 0.533199 0.38672 0.533199 0.384767 0.531254 0.380861 0.531254
0 0.066408 0.833985 0.060548 0.839848 0.060548 0.847655 0.062501 0.849609 0.062501 0.851563 0.064455 0.853518 0.064455 0.855472 0.068361 0.855472 0.070314 0.857426 0.07422 0.857426 0.076173 0.85937 0.082033 0.85937 0.083986 0.861325 0.087892 0.861325 0.089845 0.863279 0.093751 0.863279 0.095705 0.865233 0.097658 0.863279 0.103517 0.863279 0.103517 0.85937 0.10547 0.857426 0.10547 0.855472 0.097658 0.847655 0.095705 0.847655 0.093751 0.8457 0.089845 0.8457 0.087892 0.843746 0.085939 0.843746 0.083986 0.841792 0.082033 0.841792 0.08008 0.839848 0.078127 0.839848 0.076173 0.837893 0.072267 0.837893 0.070314 0.835939 0.068361 0.835939
0 0.248048 0.525392 0.248048 0.527346 0.246095 0.5293 0.246095 0.539062 0.248048 0.539062 0.250001 0.541016 0.253908 0.541016 0.255861 0.54297 0.257814 0.54297 0.259767 0.544924 0.26172 0.544924 0.263673 0.546878 0.267579 0.546878 0.269532 0.548832 0.271486 0.548832 0.273439 0.550777 0.281251 0.550777 0.283204 0.552731 0.285158 0.550777 0.285158 0.548832 0.287111 0.546878 0.287111 0.539062 0.281251 0.533199 0.275392 0.533199 0.273439 0.531254 0.269532 0.531254 0.267579 0.5293 0.26172 0.5293 0.259767 0.527346 0.255861 0.527346 0.253908 0.525392
0 0.285158 0.650394 0.281251 0.654293 0.281251 0.660155 0.283204 0.66211 0.283204 0.664064 0.287111 0.664064 0.289064 0.666018 0.291017 0.666018 0.29297 0.667973 0.296876 0.667973 0.29883 0.669917 0.300782 0.669917 0.302736 0.671871 0.306642 0.671871 0.308595 0.673825 0.310548 0.671871 0.312501 0.671871 0.312501 0.66211 0.310548 0.660155 0.310548 0.658202 0.306642 0.658202 0.304689 0.656247 0.29883 0.656247 0.296876 0.654293 0.29297 0.654293 0.291017 0.652349 0.287111 0.652349
0 0.060548 0.896482 0.052736 0.904298 0.052736 0.906252 0.054689 0.908207 0.054689 0.912106 0.058595 0.912106 0.060548 0.91406 0.066408 0.91406 0.068361 0.916014 0.072267 0.916014 0.07422 0.917968 0.078127 0.917968 0.08008 0.919922 0.085939 0.919922 0.087892 0.921877 0.091799 0.921877 0.093751 0.923831 0.097658 0.919922 0.097658 0.916014 0.099611 0.91406 0.099611 0.912106 0.093751 0.906252 0.089845 0.906252 0.087892 0.904298 0.082033 0.904298 0.08008 0.902344 0.076173 0.902344 0.07422 0.90039 0.068361 0.90039 0.066408 0.898436 0.062501 0.898436
9 0.025392 0 0.025392 0 0.023439 0 0.023439 0 0.021486 0 0.021486 0 0.031251 0 0.031251 0.000005 0.039064 0.007812 0.041017 0.007812 0.04297 0.009766 0.044923 0.009766 0.046877 0.01172 0.04883 0.01172 0.050783 0.013675 0.052736 0.013675 0.054689 0.015629 0.056642 0.015629 0.058595 0.017573 0.060548 0.017573 0.062501 0.019527 0.07422 0.019527 0.076173 0.021482 0.076173 0.019527 0.07422 0.017573 0.07422 0.015629 0.068361 0.009766 0.068361 0.007812 0.058595 0 0.058595 0 0.052736 0 0.050783 0 0.04883 0 0.046877 0 0.044923 0 0.04297 0 0.041017 0 0.039064 0 0.037111 0 0.033205 0 0.031251 0 0.027345 0
0 0.78711 0.253909 0.779298 0.261716 0.779298 0.26367 0.777344 0.265625 0.777344 0.271487 0.775392 0.273441 0.775392 0.279294 0.773438 0.281249 0.773438 0.296873 0.775392 0.296873 0.779298 0.300781 0.781251 0.298827 0.785157 0.298827 0.785157 0.296873 0.78711 0.294919 0.78711 0.292964 0.789063 0.29102 0.789063 0.289066 0.791016 0.287111 0.791016 0.285157 0.792969 0.283203 0.792969 0.279294 0.794923 0.27734 0.794923 0.275386 0.796876 0.273441 0.796876 0.271487 0.798829 0.269533 0.798829 0.267579 0.800782 0.265625 0.800782 0.26367 0.798829 0.261716 0.798829 0.259762 0.796876 0.257817 0.796876 0.255863 0.789063 0.255863
0 0.666017 0.138668 0.66211 0.142576 0.66211 0.14453 0.660157 0.146485 0.664063 0.150393 0.664063 0.152348 0.669923 0.1582 0.669923 0.160154 0.675782 0.166017 0.675782 0.167971 0.677735 0.169926 0.683595 0.169926 0.685548 0.167971 0.687501 0.167971 0.687501 0.160154 0.685548 0.1582 0.685548 0.156246 0.679688 0.150393 0.679688 0.148438 0.675782 0.14453 0.675782 0.142576 0.673829 0.140622 0.66797 0.140622
0 0.658204 0.541016 0.658204 0.54297 0.656251 0.544924 0.656251 0.548832 0.654298 0.550777 0.654298 0.554685 0.652345 0.55664 0.652345 0.558594 0.650391 0.560548 0.650391 0.564456 0.648438 0.566411 0.648438 0.574218 0.650391 0.576172 0.652345 0.576172 0.656251 0.580081 0.666017 0.580081 0.666017 0.576172 0.66797 0.574218 0.66797 0.564456 0.669923 0.562502 0.669923 0.554685 0.671876 0.552731 0.671876 0.548832 0.669923 0.546878 0.669923 0.544924 0.66797 0.54297 0.66797 0.541016
0 0.203126 0.544924 0.19922 0.548832 0.197267 0.548832 0.197267 0.554685 0.19922 0.55664 0.19922 0.558594 0.201173 0.560548 0.201173 0.562502 0.205079 0.562502 0.207033 0.564456 0.212892 0.564456 0.214845 0.566411 0.218751 0.566411 0.220705 0.568355 0.224611 0.568355 0.226564 0.57031 0.23047 0.566411 0.232423 0.566411 0.232423 0.562502 0.23047 0.560548 0.23047 0.55664 0.228517 0.55664 0.226564 0.554685 0.222657 0.554685 0.220705 0.552731 0.218751 0.552731 0.216798 0.550777 0.214845 0.550777 0.212892 0.548832 0.208986 0.548832 0.207033 0.546878 0.205079 0.546878
0 0.144533 0.671871 0.14258 0.673825 0.140626 0.673825 0.138673 0.67578 0.13672 0.67578 0.13672 0.677734 0.134767 0.679688 0.134767 0.681643 0.14258 0.68945 0.146486 0.68945 0.148439 0.691404 0.154298 0.691404 0.156251 0.693358 0.160158 0.693358 0.162111 0.695312 0.166017 0.695312 0.16797 0.697267 0.171876 0.693358 0.171876 0.687495 0.169923 0.685551 0.169923 0.681643 0.166017 0.681643 0.164064 0.679688 0.162111 0.679688 0.160158 0.677734 0.156251 0.677734 0.154298 0.67578 0.152345 0.67578 0.150392 0.673825 0.146486 0.673825
0 0.117189 0.835939 0.115236 0.837893 0.11133 0.837893 0.11133 0.841792 0.109376 0.843746 0.109376 0.847655 0.11133 0.849609 0.11133 0.853518 0.115236 0.853518 0.117189 0.855472 0.121095 0.855472 0.123048 0.857426 0.125001 0.857426 0.126955 0.85937 0.130861 0.85937 0.132814 0.861325 0.13672 0.861325 0.138673 0.863279 0.140626 0.861325 0.144533 0.861325 0.148439 0.857426 0.148439 0.855472 0.146486 0.853518 0.146486 0.849609 0.144533 0.849609 0.14258 0.847655 0.140626 0.847655 0.138673 0.8457 0.13672 0.8457 0.134767 0.843746 0.130861 0.843746 0.128908 0.841792 0.126955 0.841792 0.125001 0.839848 0.123048 0.839848 0.121095 0.837893 0.119142 0.837893
9 0.33008 0.882812 0.328126 0.884766 0.322267 0.884766 0.318361 0.888674 0.316408 0.888674 0.318361 0.888674 0.332032 0.902344 0.337892 0.902344 0.339845 0.904298 0.345704 0.904298 0.347657 0.906252 0.347657 0.904298 0.349611 0.902344 0.349611 0.90039 0.351564 0.898436 0.351564 0.896482 0.353517 0.894527 0.353517 0.892583 0.351564 0.892583 0.349611 0.890628 0.345704 0.890628 0.343751 0.888674 0.341798 0.888674 0.339845 0.88672 0.335939 0.88672 0.333986 0.884766 0.332032 0.884766
0 0.085939 0.800782 0.083986 0.802737 0.08008 0.802737 0.078127 0.804691 0.078127 0.806645 0.076173 0.808589 0.076173 0.812498 0.078127 0.814452 0.078127 0.818361 0.082033 0.818361 0.083986 0.820315 0.089845 0.820315 0.091799 0.822269 0.095705 0.822269 0.097658 0.824224 0.101564 0.824224 0.103517 0.826168 0.109376 0.826168 0.11133 0.828122 0.115236 0.828122 0.117189 0.830077 0.123048 0.824224 0.123048 0.820315 0.121095 0.818361 0.121095 0.812498 0.117189 0.812498 0.115236 0.810544 0.11133 0.810544 0.109376 0.808589 0.10547 0.808589 0.103517 0.806645 0.099611 0.806645 0.097658 0.804691 0.093751 0.804691 0.091799 0.802737 0.087892 0.802737
0 0.820313 0.111328 0.81836 0.113282 0.810548 0.113282 0.810548 0.115237 0.808594 0.11719 0.808594 0.119145 0.806641 0.121089 0.806641 0.123043 0.804688 0.124998 0.804688 0.126952 0.802735 0.128906 0.802735 0.13086 0.800782 0.132815 0.800782 0.136723 0.798829 0.138668 0.798829 0.142576 0.796876 0.14453 0.796876 0.146485 0.794923 0.148438 0.794923 0.152348 0.796876 0.154301 0.796876 0.1582 0.804688 0.1582 0.806641 0.160154 0.808594 0.1582 0.810548 0.1582 0.810548 0.156246 0.812501 0.154301 0.812501 0.152348 0.814454 0.150393 0.814454 0.148438 0.816407 0.146485 0.816407 0.14453 0.81836 0.142576 0.81836 0.140622 0.820313 0.138668 0.820313 0.136723 0.822266 0.134768 0.822266 0.132815 0.824219 0.13086 0.824219 0.128906 0.826173 0.126952 0.826173 0.11719
0 0.710938 0.056639 0.708985 0.058593 0.701173 0.058593 0.69922 0.060547 0.697267 0.060547 0.697267 0.062501 0.69922 0.064456 0.69922 0.06641 0.701173 0.068364 0.701173 0.070309 0.705079 0.074217 0.705079 0.076171 0.707032 0.078125 0.707032 0.08008 0.710938 0.083988 0.710938 0.085942 0.716798 0.091795 0.718751 0.089841 0.726563 0.089841 0.726563 0.082034 0.72461 0.08008 0.72461 0.078125 0.722657 0.076171 0.722657 0.074217 0.718751 0.070309 0.718751 0.068364 0.714844 0.064456 0.714844 0.062501 0.712892 0.060547 0.712892 0.058593
0 0.117189 0.552731 0.113283 0.55664 0.11133 0.55664 0.109376 0.558594 0.109376 0.560548 0.107423 0.562502 0.107423 0.568355 0.10547 0.57031 0.10547 0.576172 0.103517 0.578126 0.103517 0.589842 0.107423 0.589842 0.109376 0.591796 0.113283 0.587888 0.113283 0.585934 0.115236 0.583989 0.115236 0.582035 0.117189 0.580081 0.117189 0.578126 0.119142 0.576172 0.119142 0.574218 0.121095 0.572264 0.121095 0.57031 0.123048 0.568355 0.123048 0.562502 0.125001 0.560548 0.125001 0.55664 0.123048 0.55664 0.121095 0.554685 0.119142 0.554685
0 0.398438 0.722652 0.394532 0.726561 0.392579 0.726561 0.390626 0.728515 0.390626 0.730469 0.388673 0.732423 0.388673 0.734378 0.390626 0.736331 0.390626 0.738286 0.394532 0.738286 0.396486 0.740231 0.400392 0.740231 0.402345 0.742185 0.404298 0.742185 0.406251 0.744139 0.410157 0.744139 0.41211 0.746093 0.416017 0.746093 0.41797 0.748048 0.425782 0.748048 0.425782 0.744139 0.427736 0.742185 0.427736 0.740231 0.425782 0.738286 0.425782 0.736331 0.423829 0.734378 0.421876 0.734378 0.419923 0.732423 0.41797 0.732423 0.416017 0.730469 0.41211 0.730469 0.410157 0.728515 0.408204 0.728515 0.406251 0.726561 0.404298 0.726561 0.402345 0.724606 0.400392 0.724606
0 0.091799 0.601558 0.089845 0.603512 0.089845 0.605466 0.085939 0.609375 0.085939 0.615237 0.083986 0.617192 0.083986 0.626953 0.082033 0.628907 0.082033 0.638669 0.089845 0.638669 0.091799 0.640623 0.097658 0.63477 0.097658 0.628907 0.099611 0.626953 0.099611 0.617192 0.101564 0.615237 0.101564 0.609375 0.099611 0.60742 0.099611 0.605466 0.097658 0.603512 0.097658 0.601558
0 0.791016 0 0.789063 0 0.78711 0 0.785157 0 0.783204 0 0.783204 0 0.781251 0 0.781251 0 0.779298 0 0.779298 0 0.777344 0 0.777344 0.000005 0.775392 0.001949 0.775392 0.007812 0.773438 0.009766 0.773438 0.013675 0.775392 0.015629 0.775392 0.017573 0.777344 0.019527 0.779298 0.017573 0.789063 0.017573 0.789063 0.015629 0.791016 0.013675 0.791016 0.01172 0.792969 0.009766 0.792969 0.005857 0.794923 0.003903 0.794923 0.000005 0.796876 0 0.796876 0 0.798829 0 0.798829 0 0.796876 0 0.796876 0 0.794923 0
0 0.152345 0.654293 0.148439 0.658202 0.146486 0.658202 0.146486 0.666018 0.148439 0.666018 0.150392 0.667973 0.152345 0.667973 0.156251 0.671871 0.158205 0.671871 0.160158 0.673825 0.162111 0.673825 0.164064 0.67578 0.173829 0.67578 0.175783 0.677734 0.181642 0.677734 0.181642 0.67578 0.183595 0.673825 0.183595 0.671871 0.185548 0.669917 0.185548 0.667973 0.181642 0.664064 0.179689 0.664064 0.177736 0.66211 0.173829 0.66211 0.171876 0.660155 0.16797 0.660155 0.166017 0.658202 0.160158 0.658202 0.158205 0.656247 0.154298 0.656247
9 0 0.003903 0 0.005857 0 0.007812 0 0.01172 0 0.013675 0 0.017573 0 0.019527 0 0.023436 0 0.02539 0 0.027344 0 0.033207 0 0.035151 0 0.044923 0 0.046877 0 0.062501 0 0.064456 0 0.078125 0 0.074217 0 0.074217 0 0.056639 0 0.054684 0 0.05273 0 0.050786 0 0.048831 0 0.046877 0 0.044923 0 0.041014 0 0.03906 0 0.037106 0 0.035151 0 0.033207 0.000002 0.031253 0.000002 0.017573 0.001955 0.015629 0.001955 0.005857 0 0.005857
0 0.208986 0.624999 0.207033 0.626953 0.203126 0.626953 0.203126 0.632816 0.205079 0.63477 0.205079 0.636714 0.207033 0.636714 0.208986 0.638669 0.210939 0.638669 0.212892 0.640623 0.216798 0.640623 0.218751 0.642577 0.220705 0.642577 0.222657 0.644532 0.224611 0.644532 0.226564 0.646486 0.234376 0.646486 0.234376 0.644532 0.236329 0.642577 0.236329 0.640623 0.234376 0.638669 0.234376 0.636714 0.232423 0.63477 0.232423 0.632816 0.228517 0.632816 0.226564 0.630862 0.222657 0.630862 0.220705 0.628907 0.218751 0.628907 0.216798 0.626953 0.212892 0.626953 0.210939 0.624999
0 0.451173 0.615237 0.447267 0.619136 0.445314 0.619136 0.445314 0.62109 0.44336 0.623044 0.44336 0.626953 0.445314 0.628907 0.445314 0.632816 0.447267 0.63477 0.451173 0.63477 0.453126 0.636714 0.458986 0.636714 0.460939 0.638669 0.468751 0.638669 0.470704 0.640623 0.478517 0.640623 0.48047 0.642577 0.48047 0.640623 0.482423 0.638669 0.482423 0.636714 0.484376 0.63477 0.482423 0.632816 0.482423 0.630862 0.48047 0.628907 0.48047 0.626953 0.476563 0.626953 0.47461 0.624999 0.472657 0.624999 0.470704 0.623044 0.466798 0.623044 0.464845 0.62109 0.462892 0.62109 0.460939 0.619136 0.457032 0.619136 0.455079 0.617192 0.453126 0.617192
0 0.058595 0.857426 0.056642 0.85937 0.04883 0.85937 0.04883 0.861325 0.050783 0.863279 0.050783 0.865233 0.052736 0.867188 0.052736 0.869142 0.054689 0.871096 0.054689 0.87305 0.058595 0.876949 0.060548 0.876949 0.072267 0.888674 0.07422 0.888674 0.08008 0.894527 0.089845 0.894527 0.091799 0.892583 0.091799 0.890628 0.093751 0.888674 0.093751 0.882812 0.095705 0.880857 0.095705 0.876949 0.093751 0.876949 0.091799 0.875004 0.089845 0.875004 0.087892 0.87305 0.085939 0.87305 0.083986 0.871096 0.082033 0.871096 0.08008 0.869142 0.078127 0.869142 0.07422 0.865233 0.072267 0.865233 0.070314 0.863279 0.068361 0.863279 0.066408 0.861325 0.064455 0.861325 0.062501 0.85937 0.060548 0.85937
0 0.015626 0.958988 0.013674 0.960942 0.01172 0.960942 0.009767 0.962886 0.005861 0.962886 0.005861 0.96484 0.003908 0.966795 0.003908 0.968749 0.001955 0.970703 0.001955 0.972658 0.013674 0.984373 0.019533 0.984373 0.021486 0.986328 0.027345 0.986328 0.029298 0.988282 0.035158 0.988282 0.037111 0.990236 0.04297 0.990236 0.044923 0.99219 0.044923 0.988282 0.046877 0.986328 0.046877 0.976566 0.041017 0.970703 0.039064 0.970703 0.037111 0.968749 0.035158 0.968749 0.033205 0.966795 0.029298 0.966795 0.027345 0.96484 0.025392 0.96484 0.023439 0.962886 0.021486 0.962886 0.019533 0.960942 0.01758 0.960942
0 0.656251 0.154301 0.656251 0.156246 0.654298 0.1582 0.654298 0.160154 0.652345 0.162108 0.654298 0.164063 0.654298 0.166017 0.656251 0.167971 0.656251 0.169926 0.658204 0.17188 0.658204 0.173824 0.660157 0.175778 0.660157 0.177733 0.671876 0.189448 0.675782 0.185549 0.677735 0.185549 0.677735 0.177733 0.675782 0.175778 0.675782 0.173824 0.671876 0.169926 0.671876 0.167971 0.66797 0.164063 0.66797 0.162108 0.664063 0.1582 0.664063 0.156246 0.66211 0.154301
9 0.271486 0.990236 0.273439 0.99219 0.273439 0.994144 0.275392 0.996099 0.275392 0.998043 0.277345 0.999998 0.277345 1 0.279298 1 0.279298 1 0.281251 1 0.281251 1 0.296876 1 0.302736 1 0.304689 1 0.306642 1 0.306642 1 0.304689 1 0.304689 1 0.302736 1 0.302736 1 0.300782 1 0.296876 1 0.294923 1 0.291017 0.999998 0.289064 0.999998 0.285158 0.996099 0.283204 0.996099 0.281251 0.994144 0.277345 0.994144 0.275392 0.99219 0.273439 0.99219
0 0.26172 0.505859 0.259767 0.507813 0.255861 0.507813 0.255861 0.511722 0.253908 0.513676 0.253908 0.517574 0.255861 0.519529 0.255861 0.521483 0.26172 0.521483 0.263673 0.523437 0.267579 0.523437 0.269532 0.525392 0.275392 0.525392 0.277345 0.527346 0.281251 0.527346 0.283204 0.5293 0.285158 0.527346 0.291017 0.527346 0.291017 0.521483 0.289064 0.519529 0.289064 0.51562 0.285158 0.51562 0.283204 0.513676 0.279298 0.513676 0.277345 0.511722 0.275392 0.511722 0.273439 0.509767 0.269532 0.509767 0.267579 0.507813 0.263673 0.507813
0 0.044923 0.994144 0.041017 0.998043 0.039064 0.998043 0.039064 1 0.037111 1 0.037111 1 0.039064 1 0.04297 1 0.044923 1 0.046877 1 0.050783 1 0.052736 1 0.056642 1 0.058595 1 0.062501 1 0.064455 1 0.068361 1 0.070314 1 0.07422 1 0.076173 1 0.076173 1 0.078127 1 0.078127 1 0.076173 1 0.076173 1 0.07422 1 0.072267 1 0.070314 1 0.068361 1 0.066408 1 0.064455 1 0.062501 1 0.060548 1 0.058595 1 0.056642 0.999998 0.054689 0.999998 0.052736 0.998043 0.050783 0.998043 0.04883 0.996099 0.046877 0.996099
0 0.419923 0.68945 0.41797 0.691404 0.414064 0.691404 0.41211 0.693358 0.41211 0.695312 0.410157 0.697267 0.410157 0.699221 0.41211 0.701175 0.41211 0.70313 0.414064 0.705073 0.414064 0.707028 0.41797 0.707028 0.419923 0.708982 0.423829 0.708982 0.425782 0.710936 0.427736 0.710936 0.429688 0.712891 0.433595 0.712891 0.435548 0.714845 0.437501 0.712891 0.445314 0.712891 0.445314 0.710936 0.447267 0.708982 0.447267 0.707028 0.441407 0.701175 0.439454 0.701175 0.437501 0.699221 0.435548 0.699221 0.433595 0.697267 0.431642 0.697267 0.427736 0.693358 0.425782 0.693358 0.423829 0.691404 0.421876 0.691404
0 0.615235 0.376957 0.611329 0.380857 0.609376 0.380857 0.609376 0.38281 0.607423 0.384765 0.607423 0.390627 0.60547 0.392582 0.60547 0.398435 0.603517 0.400389 0.603517 0.406252 0.601563 0.408206 0.601563 0.412115 0.603517 0.412115 0.60547 0.414058 0.613282 0.414058 0.613282 0.412115 0.615235 0.41016 0.615235 0.406252 0.617188 0.404297 0.617188 0.400389 0.619142 0.398435 0.619142 0.394536 0.621095 0.392582 0.621095 0.388673 0.623048 0.386719 0.623048 0.38281 0.621095 0.380857 0.621095 0.376957
0 0.13672 0.503904 0.132814 0.507813 0.130861 0.507813 0.128908 0.509767 0.128908 0.511722 0.126955 0.513676 0.126955 0.517574 0.125001 0.519529 0.125001 0.521483 0.123048 0.523437 0.123048 0.531254 0.121095 0.533199 0.121095 0.539062 0.123048 0.541016 0.123048 0.54297 0.125001 0.544924 0.125001 0.546878 0.126955 0.544924 0.134767 0.544924 0.13672 0.54297 0.13672 0.541016 0.140626 0.537107 0.140626 0.535152 0.14258 0.533199 0.14258 0.527346 0.144533 0.525392 0.144533 0.521483 0.146486 0.519529 0.146486 0.51562 0.144533 0.513676 0.144533 0.511722 0.14258 0.509767 0.14258 0.507813 0.140626 0.507813
0 0.281251 0.666018 0.279298 0.667973 0.273439 0.667973 0.273439 0.671871 0.271486 0.673825 0.271486 0.67578 0.277345 0.681643 0.281251 0.681643 0.283204 0.683597 0.287111 0.683597 0.289064 0.685551 0.291017 0.685551 0.29297 0.687495 0.296876 0.687495 0.29883 0.68945 0.304689 0.68945 0.308595 0.685551 0.306642 0.683597 0.306642 0.681643 0.304689 0.679688 0.304689 0.677734 0.302736 0.677734 0.300782 0.67578 0.29883 0.67578 0.296876 0.673825 0.294923 0.673825 0.29297 0.671871 0.291017 0.671871 0.289064 0.669917 0.287111 0.669917 0.285158 0.667973 0.283204 0.667973
0 0.367189 0.562502 0.365236 0.564456 0.361329 0.564456 0.359376 0.566411 0.359376 0.568355 0.357423 0.57031 0.363282 0.576172 0.367189 0.576172 0.369142 0.578126 0.371095 0.578126 0.373048 0.580081 0.376954 0.580081 0.378907 0.582035 0.380861 0.582035 0.382814 0.583989 0.384767 0.582035 0.38672 0.582035 0.388673 0.580081 0.392579 0.580081 0.392579 0.578126 0.394532 0.576172 0.394532 0.574218 0.392579 0.572264 0.392579 0.57031 0.390626 0.57031 0.388673 0.568355 0.38672 0.568355 0.384767 0.566411 0.382814 0.566411 0.380861 0.564456 0.378907 0.564456 0.376954 0.562502
0 0.851563 0.111328 0.84961 0.113282 0.845704 0.113282 0.845704 0.115237 0.84375 0.11719 0.84375 0.121089 0.841798 0.123043 0.841798 0.124998 0.839844 0.126952 0.839844 0.13086 0.837891 0.132815 0.837891 0.136723 0.839844 0.138668 0.839844 0.140622 0.84375 0.140622 0.845704 0.142576 0.847657 0.140622 0.84961 0.140622 0.851563 0.138668 0.855469 0.138668 0.855469 0.132815 0.857422 0.13086 0.857422 0.121089 0.859376 0.119145 0.859376 0.115237 0.855469 0.111328
0 0.150392 0.757809 0.148439 0.759763 0.144533 0.759763 0.144533 0.773433 0.150392 0.773433 0.152345 0.775387 0.158205 0.775387 0.160158 0.777341 0.166017 0.777341 0.16797 0.779296 0.171876 0.779296 0.173829 0.78125 0.175783 0.779296 0.179689 0.779296 0.179689 0.773433 0.177736 0.771489 0.177736 0.769534 0.175783 0.769534 0.173829 0.76758 0.169923 0.76758 0.16797 0.765626 0.166017 0.765626 0.164064 0.763671 0.162111 0.763671 0.160158 0.761717 0.156251 0.761717 0.154298 0.759763 0.152345 0.759763
0 0.35547 0.574218 0.353517 0.576172 0.349611 0.576172 0.349611 0.578126 0.347657 0.580081 0.347657 0.582035 0.349611 0.583989 0.349611 0.585934 0.351564 0.585934 0.353517 0.587888 0.35547 0.587888 0.357423 0.589842 0.361329 0.589842 0.363282 0.591796 0.365236 0.591796 0.367189 0.59375 0.369142 0.59375 0.371095 0.595705 0.373048 0.595705 0.375001 0.597659 0.378907 0.59375 0.380861 0.59375 0.380861 0.591796 0.382814 0.589842 0.378907 0.585934 0.376954 0.585934 0.375001 0.583989 0.373048 0.583989 0.371095 0.582035 0.369142 0.582035 0.367189 0.580081 0.365236 0.580081 0.363282 0.578126 0.361329 0.578126 0.359376 0.576172 0.357423 0.576172
0 0.158205 0.638669 0.156251 0.640623 0.154298 0.640623 0.152345 0.642577 0.152345 0.644532 0.150392 0.646486 0.152345 0.646486 0.154298 0.64844 0.156251 0.64844 0.158205 0.650394 0.160158 0.650394 0.162111 0.652349 0.164064 0.652349 0.16797 0.656247 0.169923 0.656247 0.171876 0.658202 0.173829 0.658202 0.175783 0.660155 0.177736 0.660155 0.179689 0.66211 0.185548 0.66211 0.185548 0.658202 0.187501 0.656247 0.187501 0.654293 0.189455 0.652349 0.189455 0.650394 0.185548 0.650394 0.183595 0.64844 0.181642 0.64844 0.179689 0.646486 0.175783 0.646486 0.173829 0.644532 0.169923 0.644532 0.16797 0.642577 0.166017 0.642577 0.164064 0.640623 0.160158 0.640623
0 0.175783 0.683597 0.173829 0.685551 0.173829 0.693358 0.169923 0.697267 0.173829 0.701175 0.173829 0.70313 0.175783 0.705073 0.181642 0.705073 0.183595 0.707028 0.191407 0.707028 0.193361 0.708982 0.19922 0.708982 0.201173 0.710936 0.205079 0.707028 0.207033 0.707028 0.207033 0.699221 0.205079 0.697267 0.205079 0.693358 0.201173 0.693358 0.19922 0.691404 0.195314 0.691404 0.193361 0.68945 0.189455 0.68945 0.187501 0.687495 0.183595 0.687495 0.181642 0.685551 0.177736 0.685551
0 0.468751 0.712891 0.464845 0.716799 0.462892 0.716799 0.460939 0.718753 0.460939 0.720708 0.455079 0.726561 0.455079 0.728515 0.453126 0.730469 0.453126 0.734378 0.451173 0.736331 0.451173 0.742185 0.453126 0.744139 0.453126 0.748048 0.455079 0.748048 0.457032 0.750001 0.458986 0.750001 0.460939 0.751956 0.462892 0.750001 0.468751 0.750001 0.468751 0.748048 0.470704 0.746093 0.470704 0.742185 0.472657 0.740231 0.472657 0.736331 0.47461 0.734378 0.47461 0.730469 0.476563 0.728515 0.476563 0.716799 0.47461 0.716799 0.472657 0.714845 0.470704 0.714845
0 0.216798 0.60742 0.214845 0.609375 0.212892 0.609375 0.210939 0.611329 0.210939 0.613283 0.208986 0.615237 0.210939 0.617192 0.210939 0.619136 0.212892 0.62109 0.212892 0.623044 0.216798 0.623044 0.218751 0.624999 0.222657 0.624999 0.224611 0.626953 0.23047 0.626953 0.232423 0.628907 0.236329 0.628907 0.238283 0.630862 0.242189 0.630862 0.244142 0.632816 0.250001 0.626953 0.250001 0.623044 0.248048 0.62109 0.248048 0.617192 0.244142 0.613283 0.236329 0.613283 0.234376 0.611329 0.228517 0.611329 0.226564 0.609375 0.218751 0.609375
0 0.371095 0.54297 0.367189 0.546878 0.365236 0.546878 0.365236 0.548832 0.363282 0.550777 0.363282 0.552731 0.365236 0.554685 0.365236 0.55664 0.369142 0.55664 0.371095 0.558594 0.375001 0.558594 0.376954 0.560548 0.378907 0.560548 0.380861 0.562502 0.384767 0.562502 0.38672 0.564456 0.390626 0.564456 0.392579 0.566411 0.394532 0.564456 0.400392 0.564456 0.400392 0.560548 0.398438 0.558594 0.398438 0.554685 0.396486 0.554685 0.394532 0.552731 0.390626 0.552731 0.388673 0.550777 0.38672 0.550777 0.384767 0.548832 0.382814 0.548832 0.380861 0.546878 0.376954 0.546878 0.375001 0.544924 0.373048 0.544924
0 0.638673 0.328121 0.636719 0.330075 0.634767 0.330075 0.632813 0.332029 0.628907 0.332029 0.628907 0.333984 0.626954 0.335938 0.626954 0.341801 0.625001 0.343745 0.625001 0.347654 0.623048 0.349608 0.623048 0.355471 0.621095 0.357425 0.621095 0.361324 0.623048 0.363277 0.623048 0.367187 0.628907 0.367187 0.63086 0.36914 0.634767 0.36914 0.634767 0.367187 0.636719 0.365232 0.636719 0.363277 0.638673 0.361324 0.638673 0.359379 0.640626 0.357425 0.640626 0.353517 0.642579 0.351562 0.642579 0.349608 0.644532 0.347654 0.644532 0.345699 0.646485 0.343745 0.646485 0.341801 0.648438 0.339847 0.648438 0.337892 0.646485 0.335938 0.646485 0.333984 0.644532 0.332029 0.644532 0.330075 0.640626 0.330075
0 0.214845 0.509767 0.212892 0.511722 0.212892 0.513676 0.210939 0.51562 0.210939 0.521483 0.212892 0.521483 0.214845 0.523437 0.216798 0.523437 0.218751 0.525392 0.220705 0.525392 0.224611 0.5293 0.226564 0.5293 0.228517 0.531254 0.23047 0.531254 0.232423 0.533199 0.234376 0.533199 0.236329 0.535152 0.238283 0.533199 0.240236 0.533199 0.242189 0.531254 0.244142 0.531254 0.244142 0.5293 0.246095 0.527346 0.246095 0.525392 0.240236 0.519529 0.236329 0.519529 0.234376 0.517574 0.232423 0.517574 0.23047 0.51562 0.226564 0.51562 0.224611 0.513676 0.222657 0.513676 0.220705 0.511722 0.216798 0.511722
0 0.314454 0.68945 0.310548 0.693358 0.308595 0.693358 0.306642 0.695312 0.306642 0.697267 0.304689 0.699221 0.306642 0.701175 0.306642 0.70313 0.308595 0.705073 0.310548 0.705073 0.312501 0.707028 0.314454 0.707028 0.316408 0.708982 0.318361 0.708982 0.320314 0.710936 0.32422 0.710936 0.326173 0.712891 0.328126 0.712891 0.33008 0.714845 0.332032 0.714845 0.333986 0.716799 0.335939 0.716799 0.337892 0.718753 0.339845 0.716799 0.343751 0.716799 0.347657 0.712891 0.347657 0.705073 0.345704 0.705073 0.343751 0.70313 0.341798 0.70313 0.339845 0.701175 0.337892 0.701175 0.335939 0.699221 0.332032 0.699221 0.33008 0.697267 0.328126 0.697267 0.326173 0.695312 0.32422 0.695312 0.322267 0.693358 0.320314 0.693358 0.318361 0.691404 0.316408 0.691404
0 0.425782 0.673825 0.419923 0.679688 0.419923 0.683597 0.427736 0.691404 0.429688 0.691404 0.435548 0.697267 0.437501 0.697267 0.439454 0.699221 0.441407 0.699221 0.445314 0.70313 0.455079 0.70313 0.460939 0.697267 0.460939 0.695312 0.458986 0.693358 0.458986 0.68945 0.457032 0.687495 0.457032 0.685551 0.453126 0.685551 0.451173 0.683597 0.44922 0.683597 0.447267 0.681643 0.44336 0.681643 0.441407 0.679688 0.437501 0.679688 0.435548 0.677734 0.433595 0.677734 0.431642 0.67578 0.427736 0.67578
0 0.296876 0.62109 0.294923 0.623044 0.29297 0.623044 0.291017 0.624999 0.289064 0.624999 0.289064 0.632816 0.291017 0.632816 0.294923 0.636714 0.300782 0.636714 0.302736 0.638669 0.308595 0.638669 0.310548 0.640623 0.316408 0.640623 0.318361 0.642577 0.320314 0.640623 0.32422 0.640623 0.32422 0.636714 0.326173 0.63477 0.326173 0.632816 0.32422 0.630862 0.322267 0.630862 0.320314 0.628907 0.316408 0.628907 0.314454 0.626953 0.310548 0.626953 0.308595 0.624999 0.304689 0.624999 0.302736 0.623044 0.29883 0.623044
0 0.130861 0.710936 0.128908 0.712891 0.125001 0.712891 0.121095 0.716799 0.119142 0.716799 0.119142 0.720708 0.121095 0.722652 0.121095 0.726561 0.123048 0.726561 0.125001 0.728515 0.126955 0.728515 0.128908 0.730469 0.130861 0.730469 0.132814 0.732423 0.13672 0.732423 0.138673 0.734378 0.140626 0.734378 0.14258 0.736331 0.144533 0.736331 0.146486 0.738286 0.148439 0.738286 0.150392 0.740231 0.152345 0.738286 0.154298 0.738286 0.156251 0.736331 0.158205 0.736331 0.158205 0.732423 0.156251 0.730469 0.156251 0.724606 0.154298 0.724606 0.152345 0.722652 0.150392 0.722652 0.148439 0.720708 0.146486 0.720708 0.14258 0.716799 0.140626 0.716799 0.138673 0.714845 0.13672 0.714845 0.134767 0.712891 0.132814 0.712891
0 0.685548 0.09375 0.679688 0.099612 0.677735 0.099612 0.673829 0.103511 0.677735 0.107419 0.677735 0.109374 0.687501 0.119145 0.687501 0.121089 0.695313 0.128906 0.695313 0.13086 0.69922 0.134768 0.707032 0.134768 0.708985 0.132815 0.712892 0.132815 0.712892 0.124998 0.708985 0.121089 0.708985 0.119145 0.703126 0.113282 0.703126 0.111328 0.697267 0.105465 0.697267 0.103511 0.691407 0.097658 0.691407 0.095704 0.689454 0.09375
0 0.187501 0.562502 0.183595 0.566411 0.183595 0.572264 0.185548 0.572264 0.189455 0.576172 0.191407 0.576172 0.193361 0.578126 0.197267 0.578126 0.19922 0.580081 0.203126 0.580081 0.205079 0.582035 0.207033 0.582035 0.208986 0.583989 0.212892 0.583989 0.214845 0.585934 0.220705 0.580081 0.220705 0.578126 0.218751 0.576172 0.218751 0.574218 0.216798 0.572264 0.212892 0.572264 0.210939 0.57031 0.207033 0.57031 0.205079 0.568355 0.201173 0.568355 0.19922 0.566411 0.195314 0.566411 0.193361 0.564456 0.189455 0.564456
0 0.441407 0 0.439454 0 0.437501 0 0.437501 0 0.435548 0 0.435548 0.000005 0.433595 0.001949 0.433595 0.007812 0.431642 0.009766 0.431642 0.013675 0.429688 0.015629 0.429688 0.019527 0.427736 0.021482 0.427736 0.027344 0.425782 0.029299 0.425782 0.042969 0.427736 0.042969 0.429688 0.044923 0.431642 0.044923 0.433595 0.046877 0.435548 0.044923 0.441407 0.044923 0.441407 0.041014 0.44336 0.03906 0.44336 0.031253 0.445314 0.029299 0.445314 0.021482 0.447267 0.019527 0.447267 0.013675 0.44922 0.01172 0.44922 0.003903 0.451173 0.001949 0.451173 0 0.445314 0 0.44336 0
0 0.332032 0.642577 0.33008 0.644532 0.326173 0.644532 0.326173 0.64844 0.32422 0.650394 0.32422 0.652349 0.326173 0.654293 0.326173 0.656247 0.33008 0.656247 0.332032 0.658202 0.333986 0.658202 0.335939 0.660155 0.339845 0.660155 0.341798 0.66211 0.345704 0.66211 0.347657 0.664064 0.349611 0.664064 0.351564 0.666018 0.35547 0.666018 0.357423 0.667973 0.361329 0.664064 0.361329 0.658202 0.359376 0.658202 0.35547 0.654293 0.353517 0.654293 0.351564 0.652349 0.349611 0.652349 0.347657 0.650394 0.345704 0.650394 0.343751 0.64844 0.341798 0.64844 0.339845 0.646486 0.337892 0.646486 0.335939 0.644532 0.333986 0.644532
9 0.154298 0.013675 0.154298 0.015629 0.152345 0.017573 0.152345 0.021482 0.150392 0.023436 0.150392 0.027344 0.148439 0.029299 0.148439 0.033207 0.146486 0.035151 0.146486 0.03906 0.144533 0.041014 0.144533 0.042969 0.14258 0.044923 0.14258 0.046877 0.140626 0.048831 0.152345 0.060547 0.156251 0.060547 0.158205 0.062501 0.162111 0.062501 0.164064 0.064456 0.166017 0.064456 0.16797 0.06641 0.171876 0.06641 0.173829 0.068364 0.177736 0.068364 0.179689 0.070309 0.181642 0.070309 0.183595 0.072262 0.185548 0.072262 0.187501 0.074217 0.191407 0.074217 0.193361 0.076171 0.195314 0.076171 0.197267 0.078125 0.19922 0.078125 0.201173 0.08008 0.203126 0.08008 0.205079 0.082034 0.224611 0.082034 0.224611 0.08008 0.226564 0.078125 0.226564 0.074217 0.228517 0.072262 0.228517 0.070309 0.224611 0.070309 0.222657 0.068364 0.220705 0.068364 0.218751 0.06641 0.222657 0.062501 0.224611 0.062501 0.224611 0.060547 0.226564 0.058593 0.226564 0.054684 0.228517 0.05273 0.228517 0.050786 0.23047 0.048831 0.234376 0.048831 0.238283 0.044923 0.240236 0.044923 0.240236 0.042969 0.238283 0.041014 0.238283 0.03906 0.236329 0.037106 0.236329 0.035151 0.232423 0.035151 0.23047 0.033207 0.226564 0.033207 0.224611 0.031253 0.222657 0.031253 0.220705 0.029299 0.216798 0.029299 0.214845 0.027344 0.210939 0.027344 0.208986 0.02539 0.205079 0.02539 0.203126 0.023436 0.201173 0.023436 0.19922 0.021482 0.195314 0.021482 0.193361 0.019527 0.185548 0.019527 0.183595 0.017573 0.175783 0.017573 0.173829 0.015629 0.166017 0.015629 0.164064 0.013675
10 0 0 0 0 0 0 0 0 0 0 0 0 0 0 0 0 0 0 0 0 0 0 0 0 0 0 0 0 0 0 0 0 0 0 0 0 0 0 0 0 0 0 0 0 0 0 0 0 0 0 0 0 0 0 0 0 0 0 0 0 0 0 0 0 0 0 0 0 0 0 0 0 0 0 0 0 0 0 0 0 0 0 0 0 0 0 0 0 0 0 0 0 0 0 0 0 0 0 0 0 0 0 0 0 0 0 0 0 0 0 0 0 0 0 0 0 0 0 0 0 0 0 0 0 0 0 0 0 0 0 0 0 0 0 0 0 0 0 0 0 0 0 0 0 0 0 0 0 0 0 0 0 0 0 0 0 0 0 0 0 0 0 0 0 0 0 0 0 0 0 0 0 0 0 0 0 0 0 0 0 0 0 0 0 0 0 0 0 0 0 0 0 0 0 0 0 0 0 0 0 0 0 0 0 0 0 0 0 0 0 0 0 0 0 0 0 0 0 0 0 0 0 0 0 0 0 0 0 0 0 0 0 0 0 0 0 0 0 0 0 0 0 0 0 0 0 0 0 0 0 0 0 0 0 0 0 0 0 0 0 0 0 0 0 0 0 0 0 0 0 0 0 0 0 0 0 0 0 0 0 0 0 0 0 0 0 0 0 0 0 0 0 0 0 0 0 0 0 0 0 0 0 0 0 0 0 0 0 0 0 0 0 0 0 0 0 0 0 0 0 0 0 0 0 0 0 0 0 0 0 0 0 0 0 0 0 0 0 0 0 0 0 0 0 0 0 0 0 0 0 0 0 0 0 0 0 0 0 0 0 0 0 0 0 0 0 0 0 0 0 0 0 0 0 0 0 0 0 0 0 0 0 0 0 0 0 0 0 0 0 0 0 0 0 0 0 0 0 0 0 0 0 0 0 0 0 0 0 0 0 0 0 0 0 0 0 0 0 0 0 0 0 0 0 0 0 0 0 0 0 0 0 0 0 0 0 0 0 0 0 0 0 0 0 0 0 0 0 0 0 0 0 0 0 0 0 0 0 0 0 0 0 0 0 0 0 0 0 0 0 0 0 0 0 0 0 0 0 0 0 0 0 0 0 0 0 0 0 0 0 0 0 0 0 0 0 0 0 0 0 0 0 0 0 0 0 0 0 0 0 0 0 0 0 0 0 0 0 0 0 0 0 0 0 0 0 0 0 0 0 0 0 0 0 0 0 0 0 0 0 0 0 0 0 0 0 0 0 0 0 0 0 0 0 0 0 0 0 0 0 0 0 0 0 0 0 0 0 0 0 0 0 0 0 0 0 0 0 0 0 0 0 0 0 0 0 0 0 0 0 0 0 0 0 0 0 0 0 0 0 0 0 0 0 0 0 0 0 0 0 0 0 0 0 0 0 0 0 0 0 0 0 0 0 0 0 0 0 0 0 0 0 0 0 0 0 0 0 0 0 0 0 0 0 0 0 0 0 0 0 0 0 0 0 0 0 0 0 0 0 0 0 0 0 0 0 0 0 0 0 0 0 0 0 0 0 0 0 0 0 0 0 0 0 0 0 0 0 0 0 0 0 0 0 0 0 0 0 0 0 0 0 0 0 0 0 0 0 0 0 0 0 0 0 0 0 0 0 0 0 0 0 0 0 0 0 0 0 0 0 0 0 0 0 0 0 0 0 0 0 0 0 0 0 0 0 0 0 0 0 0 0 0 0 0 0 0 0 0 0 0 0 0 0 0 0 0 0 0 0 0 0 0 0 0 0 0 0 0 0 0 0 0 0 0 0 0 0 0 0 0 0 0 0 0 0 0 0 0 0 0 0 0 0 0 0 0 0 0 0 0 0 0 0 0 0 0 0 0 0 0 0 0 0 0 0 0 0 0 0 0 0 0 0 0 0 0 0 0 0 0 0 0 0 0 0 0 0 0 0 0 0 0 0 0 0 0 0 0 0 0 0 0 0 0 0 0 0 0 0 0 0 0 0 0 0 0 0 0 0 0 0 0 0 0 0 0 0 0 0 0 0 0 0 0 0 0 0 0 0 0 0 0 0 0 0 0 0 0 0 0 0 0 0 0 0 0 0 0 0 0 0 0 0 0 0 0 0 0 0 0 0 0 0 0 0 0 0 0 0 0 0 0 0 0 0 0 0 0 0 0 0 0 0 0 0 0 0 0 0 0 0 0 0 0 0 0 0 0 0 0 0 0 0 0 0 0 0 0 0 0 0 0 0 0 0 0 0 0 0 0 0 0 0 0 0 0 0 0 0 0 0 0 0 0 0 0 0 0 0 0 0 0 0 0 0 0 0 0 0 0 0 0 0 0 0 0 0 0 0 0 0.001949 0 0.003903 0 0.005857 0 0.005857 0 0.009766 0 0.009766 0 0.013675 0 0.01172 0 0.009766 0 0.007812 0 0.005857 0 0.001949 0 0.000005 0 0 0 0 0 0 0 0 0 0 0 0 0 0 0 0 0 0 0 0 0 0 0 0 0 0 0 0 0 0 0 0 0 0 0 0 0 0 0 0 0 0 0 0 0 0 0 0 0 0 0 0 0 0 0 0 0 0 0 0 0 0 0 0 0 0 0 0 0 0 0 0 0 0 0 0 0 0 0 0 0 0 0 0 0 0 0 0 0 0 0 0 0 0 0 0 0 0 0 0 0 0 0 0 0 0 0 0 0 0 0 0 0 0 0 0 0 0 0 0 0 0 0 0 0 0 0 0 0 0 0 0 0 0 0 0 0 0 0 0 0 0 0 0 0 0 0 0 0 0 0 0 0 0 0 0 0 0 0 0 0 0 0 0 0 0 0 0 0 0 0 0 0 0 0 0 0 0 0 0 0 0 0 0 0 0 0 0 0 0 0 0 0 0 0 0 0 0 0 0 0 0 0 0 0 0 0 0 0 0 0 0.000005 0 0.001949 0 0.003903 0 0.005857 0 0.009766 0 0.01172 0 0.015629 0 0.017573 0 0.021482 0 0.023436 0 0.02539 0 0.027344 0 0.031253 0 0.033207 0 0.035151 0 0.037106 0 0.041014 0 0.041014 0 0.042969 0 0.042969 0 0.044923 0 0.044923 0 0.046877 0 0.046877 0 0.048831 0 0.046877 0 0.044923 0 0.03906 0 0.037106 0 0.029299 0 0.027344 0 0.019527 0 0.017573 0 0.009766 0 0.007812 0 0.003903 0 0.001949 0 0.000005 0 0 0 0 0 0 0 0 0 0 0 0 0 0 0 0 0 0 0 0 0 0 0 0 0 0 0 0 0 0 0 0 0 0 0 0 0 0 0 0 0 0 0 0 0 0 0 0 0 0 0 0 0 0 0 0.000005 0 0.001949 0 0.003903 0 0.005857 0 0.007812 0 0.009766 0 0.01172 0 0.013675 0 0.015629 0 0.017573 0 0.019527 0 0.021482 0 0.023436 0 0.02539 0 0.027344 0 0.031253 0 0.033207 0 0.035151 0 0.037106 0 0.041014 0 0.042969 0 0.044923 0 0.046877 0 0.050786 0 0.05273 0 0.054684 0 0.056639 0 0.058593 0 0.062501 0 0.062501 0 0.064456 0 0.062501 0 0.058593 0 0.056639 0 0.054684 0 0.05273 0 0.048831 0 0.046877 0 0.042969 0 0.041014 0 0.037106 0 0.035151 0 0.033207 0 0.031253 0 0.029299 0 0.027344 0 0.023436 0 0.021482 0 0.019527 0 0.017573 0 0.015629 0 0.013675 0 0.009766 0 0.007812 0 0.005857 0 0.003903 0 0.001949 0 0.000005 0 0 0 0 0 0 0 0 0 0 0 0 0 0 0 0 0 0 0 0 0 0 0 0 0 0 0 0 0 0 0 0 0 0 0 0 0 0 0 0 0 0 0 0 0 0 0 0 0 0.000005 0 0.003903 0 0.005857 0 0.009766 0 0.01172 0 0.013675 0 0.015629 0 0.019527 0 0.021482 0 0.02539 0 0.027344 0 0.031253 0 0.033207 0 0.037106 0 0.03906 0 0.041014 0 0.042969 0 0.044923 0 0.046877 0 0.048831 0 0.050786 0 0.05273 0 0.054684 0 0.056639 0 0.058593 0 0.062501 0 0.064456 0 0.06641 0 0.068364 0 0.070309 0 0.072262 0 0.074217 0 0.076171 0 0.078125 0 0.08008 0 0.083988 0 0.083988 0 0.085942 0 0.085942 0 0.087887 0 0.087887 0 0.089841 0 0.087887 0 0.085942 0 0.083988 0 0.076171 0 0.074217 0 0.070309 0 0.06641 0 0.064456 0 0.056639 0 0.054684 0 0.05273 0 0.050786 0 0.048831 0 0.046877 0 0.044923 0 0.042969 0 0.041014 0 0.03906 0 0.037106 0 0.035151 0 0.033207 0 0.031253 0 0.029299 0 0.027344 0 0.02539 0 0.023436 0 0.021482 0 0.019527 0 0.017573 0 0.013675 0 0.01172 0 0.007812 0 0.005857 0 0.000005 0 0 0 0 0 0 0 0 0 0 0 0 0 0 0 0 0 0 0 0 0 0 0 0 0 0 0 0 0 0 0 0 0 0 0 0 0 0 0 0 0 0 0 0 0 0 0 0 0 0 0 0 0 0 0 0 0 0 0 0 0 0 0 0 0 0 0 0 0 0 0 0 0 0 0 0 0 0 0 0 0 0 0 0 0 0 0 0 0 0 0 0 0 0 0 0.021482 0 0.023436 0 0.029299 0 0.031253 0 0.035151 0 0.03906 0 0.041014 0 0.044923 0 0.044923 0 0.046877 0 0.044923 0 0.044923 0 0.042969 0 0.042969 0 0.041014 0 0.044923 0 0.046877 0 0.050786 0 0.05273 0 0.054684 0 0.05273 0 0.054684 0 0.054684 0 0.056639 0 0.068364 0 0.070309 0 0.085942 0 0.087887 0 0.09375 0 0.095704 0 0.099612 0 0.101567 0 0.103511 0 0.105465 0 0.107419 0 0.111328 0 0.113282 0 0.115237 0 0.11719 0 0.119145 0 0.121089 0 0.124998 0 0.126952 0 0.128906 0 0.13086 0 0.134768 0 0.136723 0 0.136723 0 0.138668 0 0.138668 0 0.140622 0 0.140622 0 0.142576 0 0.142576 0 0.134768 0 0.132815 0 0.126952 0 0.124998 0 0.119145 0 0.11719 0 0.115237 0 0.113282 0 0.111328 0 0.109374 0 0.107419 0 0.105465 0 0.101567 0 0.099612 0 0.097658 0 0.095704 0 0.09375 0 0.091795 0 0.089841 0 0.070309 0 0.06641 0 0.064456 0 0.062501 0 0.060547 0 0.058593 0 0.056639 0 0.050786 0 0.048831 0 0.042969 0 0.041014 0 0.03906 0 0.033207 0 0.031253 0 0.023436 0 0.023436 0 0.019527 0 0.017573 0 0.015629 0 0.013675 0 0.01172 0 0.009766 0 0.005857 0 0.007812 0 0.007812 0 0.009766 0 0.009766 0 0.01172 0 0.01172 0 0.013675 0 0.013675 0 0.015629 0 0.015629 0 0.017573 0 0.017573 0 0.019527 0 0.019527 0 0.021482 0 0.021482 0 0.023436 0 0.023436 0 0.02539 0 0.02539 0 0.027344 0 0.027344 0 0.029299 0 0.029299 0 0.031253 0 0.031253 0 0.033207 0 0.035151 0 0.037106 0 0.03906 0 0.041014 0 0.044923 0 0.046877 0 0.042969 0 0.041014 0 0.037106 0 0.041014 0 0.042969 0 0.044923 0 0.068364 0 0.070309 0 0.072262 0 0.074217 0 0.078125 0 0.08008 0 0.082034 0 0.083988 0 0.085942 0 0.087887 0 0.087887 0 0.091795 0 0.091795 0 0.09375 0 0.09375 0 0.089841 0 0.09375 0 0.095704 0 0.097658 0 0.099612 0 0.101567 0 0.103511 0 0.105465 0 0.107419 0 0.109374 0 0.111328 0 0.121089 0 0.123043 0 0.132815 0 0.134768 0 0.138668 0 0.140622 0 0.14453 0 0.146485 0 0.148438 0 0.150393 0 0.152348 0 0.154301 0 0.156246 0 0.1582 0 0.160154 0 0.162108 0 0.164063 0 0.166017 0 0.167971 0 0.173824 0 0.173824 0 0.173824 0 0.175778 0 0.175778 0 0.177733 0 0.177733 0 0.179687 0 0.179687 0 0.181641 0 0.181641 0 0.183596 0 0.183596 0 0.185549 0 0.183596 0 0.175778 0 0.173824 0 0.164063 0 0.162108 0 0.160154 0 0.1582 0 0.156246 0 0.154301 0 0.152348 0 0.150393 0 0.148438 0 0.146485 0 0.14453 0 0.142576 0 0.140622 0 0.136723 0 0.134768 0 0.132815 0 0.13086 0 0.126952 0 0.124998 0 0.119145 0 0.11719 0 0.113282 0 0.113282 0 0.111328 0 0.111328 0 0.109374 0 0.111328 0 0.13086 0 0.126952 0 0.124998 0 0.121089 0 0.119145 0 0.11719 0 0.115237 0 0.111328 0 0.109374 0 0.107419 0 0.105465 0 0.103511 0 0.105465 0 0.109374 0 0.107419 0 0.107419 0 0.105465 0 0.095704 0 0.09375 0 0.087887 0 0.085942 0 0.082034 0 0.08008 0 0.076171 0 0.074217 0 0.070309 0 0.068364 0 0.06641 0 0.054684 0 0.056639 0 0.058593 0 0.060547 0 0.072262 0 0.074217 0 0.08008 0 0.076171 0 0.074217 0 0.072262 0 0.070309 0 0.06641 0 0.064456 0 0.062501 0 0.060547 0 0.060547 0 0.064456 0 0.064456 0 0.076171 0 0.074217 0 0.072262 0 0.070309 0 0.06641 0 0.064456 0 0.062501 0 0.060547 0 0.056639 0 0.058593 0 0.058593 0 0.060547 0 0.060547 0 0.062501 0 0.064456 0 0.06641 0 0.072262 0 0.074217 0 0.076171 0 0.078125 0 0.08008 0 0.083988 0 0.085942 0 0.087887 0 0.089841 0 0.091795 0 0.09375 0 0.095704 0 0.097658 0 0.101567 0 0.103511 0 0.101567 0 0.099612 0 0.097658 0 0.095704 0 0.09375 0 0.091795 0 0.087887 0 0.085942 0 0.083988 0 0.082034 0 0.078125 0 0.078125 0 0.076171 0 0.078125 0 0.08008 0 0.082034 0 0.087887 0 0.089841 0 0.095704 0 0.097658 0 0.103511 0 0.105465 0 0.111328 0 0.113282 0 0.119145 0 0.121089 0 0.126952 0 0.128906 0 0.134768 0 0.136723 0 0.142576 0 0.14453 0 0.146485 0 0.148438 0 0.150393 0 0.152348 0 0.154301 0 0.156246 0 0.1582 0 0.160154 0 0.162108 0 0.164063 0 0.166017 0 0.167971 0 0.169926 0 0.17188 0 0.173824 0 0.175778 0 0.177733 0 0.179687 0 0.181641 0 0.183596 0 0.185549 0 0.187504 0 0.189448 0 0.191403 0 0.193357 0 0.195311 0 0.197266 0 0.201174 0 0.203128 0 0.208981 0 0.210935 0 0.212889 0 0.212889 0 0.214844 0 0.214844 0 0.216798 0 0.216798 0 0.218752 0 0.218752 0 0.220706 0 0.220706 0 0.222661 0 0.220706 0 0.214844 0 0.212889 0 0.207026 0 0.205082 0 0.199219 0 0.197266 0 0.191403 0 0.189448 0 0.183596 0 0.181641 0 0.179687 0 0.177733 0 0.175778 0 0.173824 0 0.17188 0 0.169926 0 0.167971 0 0.166017 0 0.164063 0 0.1582 0 0.156246 0 0.146485 0 0.14453 0 0.138668 0 0.140622 0 0.140622 0 0.142576 0 0.142576 0 0.14453 0 0.14453 0 0.146485 0 0.148438 0 0.150393 0 0.154301 0 0.156246 0 0.160154 0 0.162108 0 0.166017 0 0.167971 0 0.173824 0 0.175778 0 0.179687 0 0.181641 0 0.183596 0 0.187504 0 0.189448 0 0.197266 0 0.199219 0 0.216798 0 0.216798 0 0.224605 0 0.226559 0 0.226559 0 0.228514 0 0.228514 0 0.230468 0 0.230468 0 0.232422 0 0.232422 0 0.234376 0 0.234376 0 0.236331 0 0.236331 0 0.238285 0 0.236331 0 0.234376 0 0.232422 0 0.230468 0 0.228514 0 0.226559 0 0.222661 0 0.220706 0 0.218752 0 0.216798 0 0.214844 0 0.212889 0 0.210935 0 0.208981 0 0.205082 0 0.203128 0 0.201174 0 0.199219 0 0.197266 0 0.195311 0 0.193357 0 0.191403 0 0.189448 0 0.187504 0 0.185549 0 0.183596 0 0.181641 0 0.179687 0 0.177733 0 0.175778 0 0.173824 0 0.17188 0 0.169926 0 0.167971 0 0.166017 0 0.164063 0 0.162108 0 0.160154 0 0.1582 0 0.156246 0 0.1582 0 0.1582 0 0.160154 0 0.160154 0 0.162108 0 0.162108 0 0.167971 0 0.167971 0 0.17188 0 0.173824 0 0.175778 0 0.179687 0 0.181641 0 0.185549 0 0.187504 0 0.191403 0 0.193357 0 0.197266 0 0.199219 0 0.203128 0 0.205082 0 0.207026 0 0.208981 0 0.212889 0 0.214844 0 0.218752 0 0.220706 0 0.224605 0 0.226559 0 0.228514 0 0.230468 0 0.232422 0 0.234376 0 0.236331 0 0.238285 0 0.240239 0 0.244138 0 0.246092 0 0.248046 0 0.25 0 0.251955 0 0.253909 0 0.255863 0 0.255863 0 0.257817 0 0.257817 0 0.259762 0 0.259762 0 0.261716 0 0.261716 0 0.26367 0 0.26367 0 0.265625 0 0.265625 0 0.267579 0 0.265625 0 0.26367 0 0.261716 0 0.259762 0 0.248046 0 0.246092 0 0.234376 0 0.232422 0 0.228514 0 0.226559 0 0.224605 0 0.222661 0 0.218752 0 0.216798 0 0.212889 0 0.210935 0 0.207026 0 0.205082 0 0.201174 0 0.199219 0 0.197266 0 0.195311 0 0.191403 0 0.189448 0 0.187504 0 0.185549 0 0.183596 0 0.181641 0 0.179687 0 0.177733 0 0.175778 0 0.173824 0 0.17188 0 0.169926 0 0.167971 0 0.164063 0 0.162108 0 0.160154 0 0.1582 0 0.156246 0 0.154301 0 0.152348 0 0.150393 0 0.148438 0 0.146485 0 0.142576 0 0.14453 0 0.14453 0 0.146485 0 0.146485 0 0.148438 0 0.148438 0 0.150393 0 0.150393 0 0.152348 0 0.154301 0 0.156246 0 0.160154 0 0.162108 0 0.167971 0 0.169926 0 0.173824 0 0.175778 0 0.179687 0 0.181641 0 0.187504 0 0.189448 0 0.193357 0 0.195311 0 0.201174 0 0.203128 0 0.208981 0 0.210935 0 0.214844 0 0.216798 0 0.222661 0 0.224605 0 0.226559 0 0.228514 0 0.230468 0 0.232422 0 0.234376 0 0.236331 0 0.238285 0 0.242184 0 0.244138 0 0.246092 0 0.248046 0 0.251955 0 0.253909 0 0.255863 0 0.257817 0 0.259762 0 0.261716 0 0.265625 0 0.265625 0 0.267579 0 0.267579 0 0.269533 0 0.269533 0 0.271487 0 0.271487 0 0.273441 0 0.273441 0 0.275386 0 0.275386 0 0.27734 0 0.27734 0 0.279294 0 0.279294 0 0.281249 0 0.281249 0 0.283203 0 0.283203 0 0.285157 0 0.285157 0 0.287111 0 0.287111 0 0.289066 0 0.289066 0 0.29102 0 0.29102 0 0.292964 0 0.292964 0 0.294919 0 0.294919 0 0.296873 0 0.296873 0 0.298827 0 0.298827 0 0.300781 0 0.300781 0 0.302735 0 0.302735 0 0.30469 0 0.302735 0 0.300781 0 0.296873 0 0.294919 0 0.292964 0 0.29102 0 0.287111 0 0.285157 0 0.281249 0 0.279294 0 0.275386 0 0.273441 0 0.269533 0 0.267579 0 0.265625 0 0.26367 0 0.259762 0 0.257817 0 0.253909 0 0.251955 0 0.248046 0 0.246092 0 0.244138 0 0.242184 0 0.238285 0 0.236331 0 0.232422 0 0.230468 0 0.226559 0 0.224605 0 0.220706 0 0.218752 0 0.216798 0 0.214844 0 0.210935 0 0.208981 0 0.205082 0 0.203128 0 0.199219 0 0.197266 0 0.195311 0 0.193357 0 0.189448 0 0.187504 0 0.183596 0 0.181641 0 0.177733 0 0.175778 0 0.17188 0 0.169926 0 0.167971 0 0.166017 0 0.162108 0 0.1582 0 0.160154 0 0.160154 0 0.162108 0 0.162108 0 0.164063 0 0.164063 0 0.166017 0 0.166017 0 0.167971 0 0.167971 0 0.169926 0 0.169926 0 0.17188 0 0.17188 0 0.173824 0 0.173824 0 0.175778 0 0.175778 0 0.177733 0 0.177733 0 0.179687 0 0.179687 0 0.181641 0 0.181641 0 0.183596 0 0.183596 0 0.185549 0 0.185549 0 0.187504 0 0.187504 0 0.189448 0 0.189448 0 0.191403 0 0.191403 0 0.193357 0 0.195311 0 0.197266 0 0.199219 0 0.201174 0 0.203128 0 0.205082 0 0.207026 0 0.208981 0 0.214844 0 0.222661 0 0.224605 0 0.232422 0 0.234376 0 0.236331 0 0.238285 0 0.240239 0 0.242184 0 0.244138 0 0.246092 0 0.248046 0 0.25 0 0.251955 0 0.253909 0 0.255863 0 0.257817 0 0.259762 0 0.261716 0 0.26367 0 0.265625 0 0.267579 0 0.269533 0 0.271487 0 0.273441 0 0.275386 0 0.27734 0 0.279294 0 0.281249 0 0.283203 0 0.285157 0 0.287111 0 0.289066 0 0.29102 0 0.298827 0 0.300781 0 0.310543 0 0.310543 0 0.312497 0 0.314451 0 0.316405 0 0.318359 0 0.320314 0 0.324222 0 0.326177 0 0.328121 0 0.330075 0 0.332029 0 0.333984 0 0.339847 0 0.339847 0 0.341801 0 0.341801 0 0.343745 0 0.351562 0 0.353517 0 0.353517 0 0.355471 0 0.355471 0 0.357425 0 0.357425 0 0.359379 0 0.359379 0 0.361324 0 0.361324 0 0.359379 0 0.357425 0 0.355471 0 0.353517 0 0.349608 0 0.347654 0 0.345699 0 0.343745 0 0.341801 0 0.339847 0 0.337892 0 0.335938 0 0.333984 0 0.332029 0 0.330075 0 0.328121 0 0.326177 0 0.324222 0 0.320314 0 0.318359 0 0.316405 0 0.314451 0 0.312497 0 0.310543 0 0.308598 0 0.306644 0 0.30469 0 0.302735 0 0.300781 0 0.298827 0 0.294919 0 0.292964 0 0.29102 0 0.289066 0 0.287111 0 0.285157 0 0.283203 0 0.281249 0 0.279294 0 0.27734 0 0.275386 0 0.273441 0 0.271487 0 0.269533 0 0.265625 0 0.26367 0 0.261716 0 0.259762 0 0.257817 0 0.255863 0 0.253909 0 0.251955 0 0.25 0 0.248046 0 0.246092 0 0.244138 0 0.242184 0 0.240239 0 0.236331 0 0.234376 0 0.232422 0 0.230468 0 0.228514 0 0.226559 0 0.224605 0 0.222661 0 0.220706 0 0.218752 0 0.216798 0 0.214844 0 0.212889 0 0.210935 0 0.207026 0 0.205082 0 0.203128 0 0.201174 0 0.199219 0 0.197266 0 0.195311 0 0.193357 0 0.191403 0 0.189448 0 0.187504 0 0.185549 0 0.183596 0 0.181641 0 0.177733 0 0.175778 0 0.173824 0 0.17188 0 0.169926 0 0.167971 0 0.166017 0 0.164063 0 0.162108 0 0.160154 0 0.1582 0 0.156246 0 0.154301 0 0.152348 0 0.148438 0 0.146485 0 0.14453 0 0.142576 0 0.140622 0 0.138668 0 0.136723 0 0.134768 0 0.132815 0 0.13086 0 0.128906 0 0.126952 0 0.123043 0 0.121089 0 0.119145 0 0.11719 0 0.115237 0 0.113282 0 0.111328 0.000002 0.109374 0.000002 0.107419 0.001955 0.105465 0.001955 0.103511 0.003908 0.101567 0.003908 0.099612 0.005861 0.097658 0.005861 0.09375 0.007814 0.091795 0.007814 0.089841 0.009767 0.087887 0.009767 0.085942 0.01172 0.083988 0.01172 0.082034 0.013674 0.08008 0.013674 0.078125 0.015626 0.076171 0.015626 0.074217 0.01758 0.072262 0.01758 0.070309 0.021486 0.06641 0.023439 0.06641 0.025392 0.068364 0.029298 0.068364 0.031251 0.070309 0.033205 0.070309 0.035158 0.072262 0.039064 0.072262 0.041017 0.074217 0.044923 0.074217 0.046877 0.076171 0.050783 0.076171 0.052736 0.078125 0.056642 0.078125 0.058595 0.08008 0.062501 0.08008 0.064455 0.082034 0.066408 0.082034 0.068361 0.083988 0.072267 0.083988 0.07422 0.085942 0.078127 0.085942 0.08008 0.087887 0.083986 0.087887 0.085939 0.089841 0.089845 0.089841 0.091799 0.091795 0.095705 0.091795 0.097658 0.09375 0.099611 0.09375 0.101564 0.095704 0.10547 0.095704 0.107423 0.097658 0.11133 0.097658 0.113283 0.099612 0.117189 0.099612 0.119142 0.101567 0.123048 0.101567 0.125001 0.103511 0.126955 0.103511 0.128908 0.105465 0.132814 0.105465 0.134767 0.107419 0.138673 0.107419 0.140626 0.109374 0.144533 0.109374 0.146486 0.111328 0.150392 0.111328 0.152345 0.113282 0.156251 0.113282 0.158205 0.115237 0.160158 0.115237 0.162111 0.11719 0.166017 0.11719 0.16797 0.119145 0.171876 0.119145 0.173829 0.121089 0.177736 0.121089 0.179689 0.123043 0.183595 0.123043 0.185548 0.124998 0.189455 0.124998 0.191407 0.126952 0.193361 0.126952 0.195314 0.128906 0.19922 0.128906 0.201173 0.13086 0.205079 0.13086 0.207033 0.132815 0.207033 0.13086 0.208986 0.128906 0.208986 0.126952 0.210939 0.124998 0.210939 0.123043 0.212892 0.121089 0.212892 0.11719 0.214845 0.115237 0.214845 0.113282 0.216798 0.111328 0.216798 0.107419 0.218751 0.105465 0.218751 0.103511 0.220705 0.101567 0.220705 0.099612 0.222657 0.097658 0.222657 0.09375 0.224611 0.091795 0.224611 0.089841 0.226564 0.087887 0.226564 0.085942 0.228517 0.083988 0.228517 0.082034 0.226564 0.082034 0.224611 0.083988 0.205079 0.083988 0.203126 0.082034 0.201173 0.082034 0.19922 0.08008 0.197267 0.08008 0.195314 0.078125 0.193361 0.078125 0.191407 0.076171 0.187501 0.076171 0.185548 0.074217 0.183595 0.074217 0.181642 0.072262 0.179689 0.072262 0.177736 0.070309 0.173829 0.070309 0.171876 0.068364 0.16797 0.068364 0.166017 0.06641 0.164064 0.06641 0.162111 0.064456 0.158205 0.064456 0.156251 0.062501 0.152345 0.062501 0.138673 0.048831 0.140626 0.046877 0.138673 0.044923 0.134767 0.044923 0.132814 0.042969 0.130861 0.042969 0.128908 0.041014 0.125001 0.041014 0.123048 0.03906 0.121095 0.03906 0.119142 0.037106 0.115236 0.037106 0.113283 0.035151 0.11133 0.035151 0.109376 0.033207 0.107423 0.033207 0.10547 0.031253 0.101564 0.031253 0.099611 0.029299 0.097658 0.029299 0.095705 0.027344 0.091799 0.027344 0.089845 0.02539 0.087892 0.02539 0.085939 0.023436 0.082033 0.023436 0.08008 0.021482 0.078127 0.021482 0.076173 0.023436 0.07422 0.021482 0.062501 0.021482 0.060548 0.019527 0.058595 0.019527 0.056642 0.017573 0.054689 0.017573 0.052736 0.015629 0.050783 0.015629 0.04883 0.013675 0.046877 0.013675 0.044923 0.01172 0.04297 0.01172 0.041017 0.009766 0.039064 0.009766 0.031251 0.001949 0.029298 0.001949 0.027345 0.000005 0.025392 0.000005 0.023439 0 0.021486 0.000005 0.021486 0.001949 0.019533 0.003903 0.019533 0.005857 0.015626 0.009766 0.015626 0.01172 0.01172 0.015629 0.01172 0.017573 0.009767 0.019527 0.009767 0.021482 0.005861 0.02539 0.005861 0.027344 0.001955 0.031253 0.001955 0.033207 0.000002 0.035151 0.000002 0.037106 0 0.041014 0 0.044923 0 0.046877 0 0.048831 0 0.050786 0 0.05273 0 0.054684 0 0.056639 0 0.06641 0 0.068364 0 0.072262 0 0.074217 0 0.078125 0 0.08008 0 0.082034 0 0.083988 0 0.087887 0 0.089841 0 0.09375 0 0.095704 0 0.097658 0 0.099612 0 0.103511 0 0.105465 0 0.107419 0 0.107419 0 0.109374 0 0.115237 0 0.11719 0 0.126952 0 0.128906 0 0.134768 0 0.136723 0 0.138668 0 0.142576 0 0.14453 0 0.148438 0 0.150393 0 0.152348 0 0.154301 0 0.1582 0 0.160154 0 0.164063 0 0.164063 0 0.167971 0 0.167971 0 0.169926 0 0.167971 0 0.154301 0 0.156246 0 0.1582 0 0.160154 0 0.162108 0 0.166017 0 0.167971 0 0.169926 0 0.167971 0 0.167971 0 0.164063 0 0.164063 0 0.160154 0 0.160154 0 0.156246 0 0.156246 0 0.152348 0 0.152348 0 0.148438 0 0.148438 0 0.14453 0 0.14453 0 0.140622 0 0.140622 0 0.136723 0 0.136723 0 0.132815 0 0.13086 0 0.13086 0 0.126952 0 0.124998 0 0.123043 0 0.119145 0 0.11719 0 0.111328 0 0.109374 0 0.105465 0 0.103511 0 0.101567 0 0.097658 0 0.095704 0 0.091795 0 0.091795 0 0.087887 0 0.087887 0 0.083988 0 0.087887 0 0.09375 0 0.091795 0 0.089841 0 0.087887 0 0.085942 0 0.082034 0 0.08008 0 0.078125 0 0.076171 0 0.074217 0 0.072262 0 0.070309 0 0.068364 0 0.06641 0 0.070309 0 0.06641 0 0.044923 0 0.042969 0 0.041014 0 0.03906 0 0.037106 0 0.035151 0 0.033207 0 0.031253 0 0.029299 0 0.027344 0 0.02539 0 0.023436 0 0.019527 0 0.017573 0 0.015629 0 0.013675 0 0.01172 0 0.009766 0 0.003903 0 0.003903 0 0.000005 0 0.005857 0 0.007812 0 0.013675 0 0.015629 0 0.017573 0 0.019527 0 0.023436 0 0.02539 0 0.027344 0 0.033207 0 0.035151 0 0.042969 0 0.042969 0 0.048831 0 0.046877 0 0.021482 0 0.019527 0 0.017573 0 0.015629 0 0.013675 0 0.015629 0 0.019527 0 0.021482 0 0.02539 0 0.027344 0 0.029299 0 0.031253 0 0.033207 0 0.037106 0 0.03906 0 0.044923 0 0.046877 0 0.050786 0 0.05273 0 0.056639 0 0.058593 0 0.060547 0 0.058593 0 0.060547 0 0.060547 0 0.062501 0 0.062501 0 0.064456 0 0.074217 0 0.076171 0 0.082034 0 0.083988 0 0.087887 0 0.089841 0 0.091795 0 0.095704 0 0.097658 0 0.101567 0 0.103511 0 0.105465 0 0.107419 0 0.111328 0 0.113282 0 0.11719 0 0.11719 0 0.119145 0 0.119145 0 0.115237 0 0.11719 0 0.115237 0 0.115237 0 0.113282 0 0.109374 0 0.103511 0 0.103511 0 0.097658 0 0.097658 0 0.09375 0 0.095704 0 0.095704 0 0.099612 0 0.099612 0 0.101567 0 0.099612 0 0.091795 0 0.089841 0 0.085942 0 0.087887 0 0.087887 0 0.09375 0 0.09375 0 0.097658 0 0.095704 0 0.074217 0 0.072262 0 0.070309 0 0.068364 0 0.06641 0 0.064456 0 0.062501 0 0.060547 0 0.058593 0 0.054684 0 0.05273 0 0.046877 0 0.044923 0 0.037106 0 0.033207 0 0.031253 0 0.029299 0 0.027344 0 0.023436 0 0.021482 0 0.019527 0 0.017573 0 0.009766 0 0.007812 0 0 0 0 0 0 0 0 0 0 0 0 0 0 0 0 0 0 0 0 0 0 0 0 0 0 0 0 0 0 0 0 0 0 0 0 0 0 0 0 0 0 0 0 0 0 0 0 0 0 0 0 0 0 0 0 0 0 0 0 0 0.009766 0 0.01172 0 0.013675 0 0.015629 0 0.017573 0 0.017573 0 0.019527 0 0.023436 0 0.02539 0 0.031253 0 0.033207 0 0.03906 0 0.041014 0 0.046877 0 0.048831 0 0.050786 0 0.054684 0 0.056639 0 0.064456 0 0.06641 0 0.070309 0 0.074217 0 0.076171 0 0.078125 0 0.082034 0 0.082034 0 0.087887 0 0.085942 0 0.078125 0 0.076171 0 0.076171 0 0.074217 0 0.074217 0 0.072262 0 0.072262 0 0.070309 0 0.070309 0 0.068364 0 0.068364 0 0.06641 0 0.06641 0 0.064456 0 0.064456 0 0.062501 0 0.062501 0 0.060547 0 0.060547 0 0.062501 0 0.062501 0 0.064456 0 0.064456 0 0.06641 0 0.064456 0 0.054684 0 0.054684 0 0.05273 0 0.050786 0 0.048831 0 0.046877 0 0.044923 0 0.03906 0 0.037106 0 0.031253 0 0.029299 0 0.023436 0 0.021482 0 0.017573 0 0.015629 0 0.013675 0 0.009766 0 0.007812 0 0.003903 0 0.001949 0 0.000005 0 0 0 0 0 0 0 0 0 0 0 0 0 0 0 0 0 0 0 0 0 0 0 0 0 0 0 0 0 0 0 0 0 0 0 0 0 0 0 0 0 0 0 0 0 0 0 0 0 0 0 0 0 0 0 0 0 0 0 0 0 0 0 0 0 0 0 0 0 0 0 0 0 0 0 0 0 0 0 0 0 0 0 0 0 0 0 0 0 0 0 0 0 0 0 0 0 0 0 0 0 0 0 0 0 0 0 0 0 0 0 0 0 0 0 0 0 0 0 0 0 0 0 0 0 0 0 0 0 0 0 0 0 0 0 0 0 0 0 0 0 0.007812 0 0.009766 0 0.01172 0 0.013675 0 0.015629 0 0.017573 0 0.019527 0 0.02539 0 0.027344 0 0.035151 0 0.035151 0 0.041014 0 0.03906 0 0.035151 0 0.037106 0 0.03906 0 0.041014 0 0.044923 0 0.041014 0 0.041014 0 0.03906 0 0.03906 0 0.035151 0 0.035151 0 0.031253 0 0.031253 0 0.029299 0 0.029299 0 0.02539 0 0.02539 0 0.023436 0 0.023436 0 0.021482 0 0.021482 0 0.023436 0 0.021482 0 0.019527 0 0.017573 0 0.015629 0 0.015629 0 0.013675 0 0.01172 0 0.015629 0 0.015629 0 0.017573 0 0.015629 0 0.013675 0 0.01172 0 0.001949 0 0.000005 0 0 0 0 0 0 0 0 0 0 0 0 0 0 0 0 0 0 0 0 0 0 0 0 0 0 0 0 0 0 0 0 0 0 0 0 0 0 0 0 0 0 0 0 0 0 0 0 0 0 0 0 0 0 0 0 0 0 0 0 0 0 0 0 0 0 0 0 0 0 0 0 0 0 0 0 0 0 0 0 0 0 0 0 0 0 0 0 0 0 0 0 0 0 0 0 0 0 0 0 0 0 0 0 0 0 0 0 0 0 0 0 0 0 0 0 0 0 0 0 0 0 0 0 0 0 0 0 0 0 0 0 0 0.003903 0 0.003903 0 0.007812 0 0.005857 0 0 0 0 0 0 0 0 0 0.001949 0 0 0 0 0 0 0 0 0 0 0 0 0 0 0 0 0 0 0 0 0 0 0 0 0 0 0 0 0 0 0 0 0 0 0 0 0 0 0 0 0 0 0 0 0 0 0 0 0 0 0 0 0 0 0 0 0 0 0 0 0 0 0 0 0 0 0 0 0 0 0 0 0 0 0 0 0 0 0 0 0 0 0 0 0 0 0 0 0 0 0 0 0 0 0 0 0 0 0 0 0 0 0 0 0 0 0 0 0 0 0 0 0 0 0 0 0 0 0 0 0 0 0 0 0 0 0 0 0 0 0 0 0 0 0 0 0 0 0 0 0 0 0 0 0 0 0 0 0 0 0 0 0 0 0 0 0 0 0 0 0 0 0 0 0 0 0 0 0 0 0 0 0 0 0 0 0 0 0 0 0 0 0 0 0 0 0 0 0 0 0 0 0 0 0 0 0 0 0 0 0 0 0 0 0 0 0 0 0 0 0 0 0 0 0 0 0 0 0 0 0 0 0 0 0 0 0 0 0 0 0 0 0 0 0 0 0 0 0 0 0 0 0 0 0 0 0 0 0 0 0 0 0 0 0 0 0 0 0 0 0 0 0 0 0 0 0 0 0 0 0 0 0 0 0 0 0 0 0 0 0 0 0 0 0 0 0 0 0 0 0 0 0 0 0 0 0 0 0 0 0 0 0 0 0 0 0 0 0 0 0 0 0 0 0 0 0 0 0 0 0 0 0 0 0 0 0 0 0 0 0 0 0 0 0 0 0 0 0 0 0 0 0 0 0 0 0 0 0 0 0 0 0 0 0 0 0 0 0 0 0 0 0 0 0 0 0 0 0 0 0 0 0 0 0 0 0 0 0 0 0 0 0 0 0 0 0 0 0 0 0 0 0 0 0 0 0 0 0 0 0 0 0 0 0 0 0 0 0 0 0 0 0 0 0 0 0 0 0 0 0 0 0 0 0 0 0 0 0 0 0 0 0 0 0 0 0 0 0 0 0 0 0 0 0 0 0 0 0 0 0 0 0 0 0 0 0 0 0 0 0 0 0 0 0 0 0 0 0 0 0 0 0 0 0 0 0 0 0 0 0 0 0 0 0 0 0 0 0 0 0 0 0 0 0 0 0 0 0 0 0 0 0 0 0 0 0 0 0 0 0 0 0 0 0 0 0 0 0 0 0 0 0 0 0 0 0 0 0 0 0 0 0 0 0 0 0 0 0 0 0 0 0 0 0 0 0 0 0 0 0 0 0 0 0 0 0 0 0 0 0 0 0 0 0 0 0 0 0 0 0 0 0 0 0 0 0 0 0 0 0 0 0 0 0 0 0 0 0 0 0 0 0 0 0 0 0 0 0 0 0 0 0 0 0 0 0 0 0 0 0 0 0 0 0 0 0 0 0 0 0 0 0 0 0 0 0 0 0 0 0 0 0 0 0 0 0 0 0 0 0 0 0 0 0 0 0 0 0 0 0 0 0 0 0 0 0 0 0 0 0 0 0 0 0 0 0 0 0 0 0 0 0 0 0 0 0 0 0 0 0 0 0 0 0 0 0 0 0 0 0 0 0 0 0 0 0 0 0 0 0 0 0 0 0 0 0 0 0 0 0 0 0 0 0 0 0 0 0 0 0 0 0 0 0 0 0 0 0 0 0 0 0 0 0 0 0 0 0 0 0 0 0 0 0 0 0 0 0 0 0 0 0 0 0 0 0 0 0 0 0 0 0 0 0 0 0 0 0 0 0 0 0 0 0 0 0 0 0 0 0 0 0 0 0 0 0 0 0 0 0 0 0 0 0 0 0 0 0 0 0 0 0 0 0 0 0 0 0 0 0 0 0 0 0 0 0 0 0 0 0 0 0 0 0 0 0 0 0 0 0 0 0 0 0 0 0 0 0 0 0 0 0 0 0 0 0 0 0 0 0 0 0 0 0 0 0 0 0 0 0 0 0 0 0 0 0 0 0 0 0 0 0 0 0 0 0 0 0 0 0 0 0 0 0 0 0 0 0 0 0 0 0 0 0 0 0 0 0 0 0 0 0 0 0 0 0 0 0 0 0 0 0 0 0 0 0 0 0 0 0 0 0 0 0 0 0 0 0 0 0 0 0 0 0 0 0 0 0 0 0 0 0 0 0 0 0 0 0 0 0 0 0 0 0 0 0 0 0 0 0 0 0 0 0 0 0 0 0 0 0 0 0 0 0 0 0 0 0 0 0 0 0 0 0 0 0 0 0 0 0 0 0 0 0 0 0 0 0 0 0 0 0 0 0 0 0 0 0 0 0 0 0 0 0 0 0 0 0 0 0 0 0 0 0 0 0 0 0 0 0 0 0 0 0 0 0 0 0 0 0 0 0 0 0 0 0 0 0 0 0 0 0 0 0 0 0 0 0 0 0 0 0 0 0 0 0 0 0 0 0 0 0 0 0 0 0 0 0 0 0 0 0 0 0 0 0 0 0 0 0 0 0 0 0 0 0 0 0 0 0 0 0 0 0 0 0 0 0 0 0 0 0 0 0 0 0 0 0 0 0 0 0 0 0 0 0 0 0 0 0 0 0 0 0 0 0 0 0 0 0 0 0 0 0 0 0 0 0 0 0 0 0 0 0 0 0 0 0 0 0 0 0 0 0 0 0 0 0 0 0 0 0 0 0 0 0 0 0 0 0 0 0 0 0 0 0 0 0 0 0 0 0 0 0 0 0 0 0 0 0 0 0 0 0 0 0 0 0 0 0 0 0 0 0 0 0 0 0 0 0 0 0 0 0 0 0 0 0 0 0 0 0 0 0 0 0 0 0 0 0 0 0 0 0 0 0 0 0 0 0 0 0 0 0 0 0 0 0 0 0 0 0 0 0 0 0 0 0 0 0 0 0 0 0 0 0 0 0 0 0 0 0 0 0 0 0 0 0 0 0 0 0 0 0 0 0 0 0 0 0 0 0 0 0 0 0 0 0 0 0 0 0 0 0 0 0 0 0 0 0 0 0 0 0 0 0 0 0 0 0 0 0 0 0 0 0 0 0 0 0 0 0 0 0 0 0 0 0 0 0 0 0 0 0 0 0 0 0 0 0 0 0 0 0 0 0 0 0 0 0 0 0 0 0 0 0 0 0 0 0 0 0 0 0 0 0 0 0 0 0 0 0 0 0 0 0 0 0 0 0 0 0 0 0 0 0 0 0 0 0 0 0 0 0 0 0 0 0 0 0 0 0 0 0 0 0 0 0 0 0 0 0 0 0 0 0 0 0 0 0 0 0 0 0 0 0 0 0 0 0 0 0 0 0 0 0 0 0 0 0 0 0 0 0 0 0 0 0 0 0 0 0 0 0 0 0 0 0 0 0 0 0 0 0 0 0 0 0 0 0 0 0 0 0 0 0 0 0 0 0 0 0 0 0 0 0 0 0 0 0 0 0 0 0 0 0 0 0 0 0 0 0 0 0 0 0 0 0 0 0 0 0 0 0 0 0 0 0 0 0 0 0 0 0 0 0 0 0 0 0 0 0 0 0 0 0 0 0 0 0 0 0 0 0 0
9 0.255861 0.759763 0.253908 0.761717 0.248048 0.761717 0.248048 0.763671 0.246095 0.765626 0.246095 0.771489 0.244142 0.773433 0.244142 0.775387 0.246095 0.775387 0.248048 0.777341 0.250001 0.777341 0.251955 0.779296 0.253908 0.779296 0.255861 0.78125 0.257814 0.78125 0.259767 0.783204 0.26172 0.783204 0.263673 0.785159 0.275392 0.785159 0.277345 0.787112 0.289064 0.787112 0.289064 0.785159 0.291017 0.783204 0.291017 0.779296 0.289064 0.777341 0.289064 0.775387 0.287111 0.773433 0.287111 0.771489 0.285158 0.771489 0.283204 0.769534 0.281251 0.769534 0.279298 0.76758 0.277345 0.76758 0.275392 0.765626 0.273439 0.765626 0.271486 0.763671 0.265626 0.763671 0.263673 0.761717 0.257814 0.761717
1 0.04883 0.917968 0.046877 0.919922 0.044923 0.919922 0.04297 0.921877 0.041017 0.921877 0.041017 0.923831 0.039064 0.925785 0.039064 0.933592 0.041017 0.933592 0.04297 0.935547 0.044923 0.935547 0.046877 0.937501 0.04883 0.937501 0.050783 0.939455 0.052736 0.939455 0.054689 0.94141 0.056642 0.94141 0.058595 0.943364 0.060548 0.943364 0.062501 0.945308 0.064455 0.945308 0.066408 0.947262 0.068361 0.947262 0.070314 0.949216 0.072267 0.949216 0.07422 0.95117 0.076173 0.95117 0.078127 0.953125 0.08008 0.95117 0.087892 0.95117 0.089845 0.949216 0.089845 0.947262 0.091799 0.945308 0.091799 0.943364 0.093751 0.94141 0.091799 0.939455 0.091799 0.937501 0.089845 0.935547 0.089845 0.933592 0.085939 0.933592 0.083986 0.931638 0.082033 0.931638 0.08008 0.929684 0.076173 0.929684 0.07422 0.92773 0.070314 0.92773 0.068361 0.925785 0.066408 0.925785 0.064455 0.923831 0.060548 0.923831 0.058595 0.921877 0.056642 0.921877 0.054689 0.919922 0.050783 0.919922
0 0.220705 0.492189 0.218751 0.494143 0.218751 0.496097 0.216798 0.498052 0.216798 0.50195 0.218751 0.503904 0.218751 0.507813 0.220705 0.507813 0.222657 0.509767 0.224611 0.509767 0.228517 0.513676 0.23047 0.513676 0.232423 0.51562 0.240236 0.51562 0.242189 0.517574 0.248048 0.517574 0.248048 0.51562 0.250001 0.513676 0.250001 0.511722 0.251955 0.509767 0.251955 0.503904 0.250001 0.503904 0.248048 0.50195 0.246095 0.50195 0.244142 0.499996 0.242189 0.499996 0.240236 0.498052 0.238283 0.498052 0.236329 0.496097 0.234376 0.496097 0.232423 0.494143 0.23047 0.494143 0.228517 0.492189
0 0.246095 0.544924 0.244142 0.546878 0.240236 0.546878 0.240236 0.55664 0.244142 0.55664 0.246095 0.558594 0.250001 0.558594 0.251955 0.560548 0.253908 0.560548 0.255861 0.562502 0.259767 0.562502 0.26172 0.564456 0.265626 0.564456 0.267579 0.566411 0.273439 0.566411 0.273439 0.554685 0.269532 0.554685 0.267579 0.552731 0.263673 0.552731 0.26172 0.550777 0.259767 0.550777 0.257814 0.548832 0.253908 0.548832 0.251955 0.546878 0.248048 0.546878
0 0.460939 0.599613 0.458986 0.601558 0.457032 0.601558 0.455079 0.603512 0.455079 0.605466 0.453126 0.60742 0.457032 0.611329 0.457032 0.613283 0.458986 0.615237 0.464845 0.615237 0.466798 0.617192 0.470704 0.617192 0.472657 0.619136 0.478517 0.619136 0.48047 0.62109 0.484376 0.62109 0.486329 0.623044 0.488282 0.62109 0.488282 0.619136 0.490235 0.617192 0.490235 0.615237 0.492189 0.613283 0.492189 0.611329 0.490235 0.609375 0.490235 0.60742 0.484376 0.60742 0.482423 0.605466 0.476563 0.605466 0.47461 0.603512 0.470704 0.603512 0.468751 0.601558 0.462892 0.601558
0 0.441407 0.63477 0.437501 0.638669 0.435548 0.638669 0.435548 0.646486 0.437501 0.64844 0.437501 0.650394 0.439454 0.652349 0.451173 0.652349 0.453126 0.654293 0.462892 0.654293 0.464845 0.656247 0.476563 0.656247 0.478517 0.658202 0.48047 0.656247 0.482423 0.656247 0.484376 0.654293 0.486329 0.654293 0.486329 0.652349 0.484376 0.650394 0.484376 0.646486 0.482423 0.646486 0.478517 0.642577 0.470704 0.642577 0.468751 0.640623 0.460939 0.640623 0.458986 0.638669 0.453126 0.638669 0.451173 0.636714 0.44336 0.636714
0 0.205079 0.5293 0.205079 0.531254 0.203126 0.533199 0.203126 0.535152 0.201173 0.537107 0.205079 0.541016 0.205079 0.54297 0.207033 0.544924 0.208986 0.544924 0.210939 0.546878 0.214845 0.546878 0.216798 0.548832 0.218751 0.548832 0.220705 0.550777 0.224611 0.550777 0.226564 0.552731 0.228517 0.552731 0.23047 0.554685 0.232423 0.552731 0.236329 0.552731 0.236329 0.548832 0.238283 0.546878 0.238283 0.54297 0.236329 0.54297 0.234376 0.541016 0.232423 0.541016 0.23047 0.539062 0.228517 0.539062 0.224611 0.535152 0.222657 0.535152 0.220705 0.533199 0.218751 0.533199 0.216798 0.531254 0.214845 0.531254 0.212892 0.5293
0 0.218751 0.814452 0.218751 0.816407 0.216798 0.818361 0.216798 0.820315 0.214845 0.822269 0.214845 0.824224 0.212892 0.826168 0.212892 0.828122 0.214845 0.830077 0.214845 0.833985 0.216798 0.835939 0.216798 0.837893 0.226564 0.837893 0.228517 0.839848 0.236329 0.839848 0.238283 0.841792 0.248048 0.841792 0.250001 0.843746 0.26172 0.843746 0.26172 0.839848 0.263673 0.837893 0.263673 0.828122 0.265626 0.826168 0.265626 0.822269 0.259767 0.822269 0.257814 0.820315 0.250001 0.820315 0.248048 0.818361 0.242189 0.818361 0.240236 0.816407 0.234376 0.816407 0.232423 0.814452
0 0.099611 0.761717 0.095705 0.765626 0.093751 0.765626 0.093751 0.76758 0.091799 0.769534 0.091799 0.771489 0.089845 0.773433 0.099611 0.783204 0.10547 0.783204 0.107423 0.785159 0.11133 0.785159 0.113283 0.787112 0.119142 0.787112 0.121095 0.789067 0.125001 0.789067 0.126955 0.791011 0.132814 0.791011 0.134767 0.792966 0.13672 0.791011 0.138673 0.791011 0.140626 0.789067 0.14258 0.789067 0.14258 0.783204 0.140626 0.78125 0.140626 0.779296 0.138673 0.777341 0.138673 0.775387 0.134767 0.775387 0.132814 0.773433 0.128908 0.773433 0.126955 0.771489 0.123048 0.771489 0.121095 0.769534 0.119142 0.769534 0.117189 0.76758 0.113283 0.76758 0.11133 0.765626 0.107423 0.765626 0.10547 0.763671 0.101564 0.763671