1 0.839843 0.203127 0.839843 0.208987 0.869142 0.208987 0.871093 0.210937 0.867186 0.207032 0.85547 0.207032 0.853515 0.205076 0.841799 0.205076
1 0.667969 0.244143 0.667969 0.248048 0.685547 0.248048 0.687498 0.249998 0.687498 0.244143
1 0.785158 0.201171 0.785158 0.226562 0.789064 0.226562 0.789064 0.214842 0.791016 0.212892 0.791016 0.201171
1 0.777344 0.210937 0.777344 0.236328 0.783202 0.236328 0.783202 0.224607 0.781251 0.222657 0.781251 0.210937
1 0.652342 0.228518 0.652342 0.230467 0.650391 0.232423 0.673827 0.232423 0.675782 0.234372 0.675782 0.230467 0.654297 0.230467
1 0.667969 0.251953 0.667969 0.253909 0.683596 0.253909 0.685547 0.255858 0.685547 0.251953
0 0.830079 0.083987 0.830079 0.085937 0.828123 0.087892 0.833985 0.087892 0.835936 0.089842 0.839843 0.089842 0.841799 0.091797 0.84375 0.089842 0.845701 0.089842 0.84375 0.087892 0.837892 0.087892 0.835936 0.085937 0.83203 0.085937
1 0.826172 0.041015 0.826172 0.046875 0.841799 0.046875 0.84375 0.048831 0.857421 0.048831 0.859377 0.05078 0.859377 0.04492 0.84375 0.04492 0.841799 0.04297 0.828123 0.04297
1 0.779295 0.173831 0.779295 0.185546 0.777344 0.187501 0.777344 0.199216 0.785158 0.199216 0.785158 0.173831
1 0.650391 0.242188 0.650391 0.248048 0.666018 0.248048 0.666018 0.242188
1 0.980468 0.171875 0.980468 0.17578 0.978517 0.177736 0.978517 0.179685 1 0.179685 1 0.173831 0.982424 0.173831
0 0.943361 0.205076 0.943361 0.210937 0.95117 0.210937 0.953125 0.212892 0.958983 0.212892 0.960939 0.214842 0.960939 0.208987 0.953125 0.208987 0.95117 0.207032 0.945312 0.207032
1 0.710939 0.142579 0.710939 0.148439 0.708983 0.150389 0.708983 0.160155 0.707032 0.16211 0.707032 0.166015 0.708983 0.164065 0.714845 0.164065 0.714845 0.154294 0.716796 0.152345 0.716796 0.142579
8 0.539064 0.726562 0.537108 0.728517 0.535157 0.728517 0.535157 0.730467 0.533202 0.732422 0.533202 0.734377 0.53125 0.736327 0.53125 0.738282 0.529295 0.740232 0.529295 0.742187 0.527344 0.744142 0.529295 0.746092 0.529295 0.748047 0.53125 0.749997 0.535157 0.749997 0.537108 0.751953 0.544922 0.751953 0.548829 0.748047 0.55078 0.748047 0.55078 0.746092 0.552735 0.744142 0.552735 0.732422 0.55078 0.732422 0.546873 0.728517 0.544922 0.728517 0.542971 0.726562
1 0.937499 0.263674 0.937499 0.271484 0.935547 0.273439 0.935547 0.28711 0.933592 0.289065 0.933592 0.29492 0.939454 0.29492 0.941405 0.296875 0.941405 0.281249 0.943361 0.2793 0.943361 0.263674
1 0.691405 0.263674 0.689454 0.265624 0.667969 0.265624 0.667969 0.267579 0.666018 0.269529 0.689454 0.269529 0.691405 0.271484
1 0.667969 0.236328 0.66992 0.238283 0.66992 0.240233 0.685547 0.240233 0.687498 0.242188 0.687498 0.236328
8 0.515624 0.751953 0.507814 0.759768 0.511717 0.763673 0.511717 0.765623 0.515624 0.769533 0.517579 0.769533 0.521486 0.773438 0.525393 0.773438 0.527344 0.775388 0.529295 0.773438 0.53125 0.773438 0.533202 0.771483 0.535157 0.771483 0.535157 0.769533 0.537108 0.767578 0.537108 0.765623 0.539064 0.763673 0.539064 0.761718 0.537108 0.759768 0.537108 0.757813 0.535157 0.755858 0.535157 0.753908 0.533202 0.751953
1 0.833985 0.048831 0.833985 0.05078 0.83203 0.052736 0.83203 0.054685 0.84375 0.054685 0.845701 0.056641 0.857421 0.056641 0.859377 0.058596 0.861328 0.056641 0.85547 0.056641 0.853515 0.054685 0.849608 0.054685 0.847657 0.052736 0.841799 0.052736 0.839843 0.05078 0.835936 0.05078
1 0.833985 0.224607 0.833985 0.230467 0.859377 0.230467 0.861328 0.232423 0.859377 0.230467 0.859377 0.228518 0.847657 0.228518 0.845701 0.226562 0.835936 0.226562
1 0.339842 0.078127 0.337891 0.080076 0.333984 0.080076 0.333984 0.087892 0.332033 0.089842 0.332033 0.097657 0.339842 0.097657
1 0.650391 0.234372 0.650391 0.238283 0.666018 0.238283 0.667969 0.240233 0.667969 0.238283 0.666018 0.236328 0.666018 0.234372
1 0.650391 0.249998 0.650391 0.253909 0.666018 0.253909 0.666018 0.249998
1 0.835936 0.218752 0.835936 0.222657 0.845701 0.222657 0.847657 0.224607 0.857421 0.224607 0.859377 0.226562 0.859377 0.220702 0.837892 0.220702