0 0.826171 0.710932 0.826171 0.718747 0.824216 0.720697 0.824216 0.728512 0.832033 0.728512 0.832033 0.720697 0.833982 0.718747 0.833982 0.710932
0 0.763673 0.542974 0.763673 0.548825 0.76953 0.548825 0.771484 0.550776 0.775393 0.550776 0.777342 0.552739 0.777342 0.548825 0.779296 0.546875 0.779296 0.544924 0.765627 0.544924
0 0.523437 0.164056 0.523437 0.171871 0.537111 0.171871 0.537111 0.164056
0 0.845702 0.525394 0.845702 0.537109 0.849611 0.537109 0.849611 0.533209 0.851565 0.531245 0.851565 0.525394
0 0.789062 0.968754 0.789062 0.976568 0.787108 0.978518 0.787108 0.984369 0.79297 0.984369 0.794924 0.986333 0.794924 0.968754
0 0.785159 0.861323 0.785159 0.867188 0.783204 0.869138 0.783204 0.875003 0.789062 0.875003 0.789062 0.869138 0.791016 0.867188 0.791016 0.861323
0 0.898439 0.48437 0.898439 0.492184 0.896485 0.494135 0.896485 0.5 0.904297 0.5 0.904297 0.494135 0.906251 0.492184 0.906251 0.486333 0.900388 0.486333
0 0.429688 0.01953 0.429688 0.03906 0.4375 0.03906 0.4375 0.01953
0 0.921874 0.361323 0.921874 0.369138 0.923828 0.367188 0.935548 0.367188 0.935548 0.361323
0 0.853514 0.875003 0.853514 0.882818 0.851565 0.884768 0.851565 0.890618 0.853514 0.888669 0.859376 0.888669 0.859376 0.882818 0.86133 0.880853 0.86133 0.875003
0 0.76953 0.966803 0.76953 0.974605 0.767576 0.976568 0.767576 0.982419 0.775393 0.982419 0.775393 0.966803
0 0.718752 0.363287 0.718752 0.369138 0.716798 0.371089 0.716798 0.376953 0.72461 0.376953 0.72461 0.363287
0 0.783204 0.988284 0.78125 0.990234 0.775393 0.990234 0.775393 0.998049 0.773439 0.999999 0.773439 1 0.78125 1 0.78125 0.998049 0.783204 0.996099
0 0.791016 0.900384 0.789062 0.902348 0.78125 0.902348 0.78125 0.910162 0.779296 0.912113 0.779296 0.917964 0.789062 0.917964 0.789062 0.910162 0.791016 0.908199
0 0.908205 0.468754 0.908205 0.474605 0.906251 0.476568 0.906251 0.482419 0.912108 0.482419 0.912108 0.476568 0.914062 0.474605 0.914062 0.470704 0.910154 0.470704
0 0.839845 0.916014 0.839845 0.917964 0.837891 0.919928 0.837891 0.925779 0.835936 0.927729 0.835936 0.929693 0.841799 0.929693 0.843748 0.931643 0.843748 0.927729 0.845702 0.925779 0.845702 0.919928 0.847656 0.917964 0.847656 0.916014
0 0.468751 0.068355 0.468751 0.083985 0.466797 0.085936 0.464843 0.085936 0.474609 0.085936 0.474609 0.068355
0 0.417968 0.533209 0.417968 0.53906 0.416014 0.54101 0.416014 0.546875 0.423826 0.546875 0.423826 0.54101 0.42578 0.53906 0.42578 0.533209
0 0.443357 0.062504 0.443357 0.070306 0.441408 0.072269 0.441408 0.07812 0.447265 0.07812 0.44922 0.080085 0.44922 0.072269 0.451174 0.070306 0.451174 0.064455 0.445311 0.064455
0 0.79297 0.863287 0.79297 0.867188 0.791016 0.869138 0.791016 0.875003 0.794924 0.875003 0.794924 0.873052 0.796873 0.871089 0.796873 0.869138 0.798827 0.867188 0.798827 0.865238 0.800782 0.863287
0 0.654295 0.716796 0.654295 0.734376 0.662107 0.734376 0.662107 0.716796
0 0.869142 0.478519 0.869142 0.486333 0.867188 0.488284 0.867188 0.494135 0.874999 0.494135 0.874999 0.492184 0.876954 0.490234 0.876954 0.48437 0.878908 0.482419 0.878908 0.480469 0.871096 0.480469
0 0.820313 0.509764 0.818359 0.511715 0.818359 0.513679 0.816405 0.515629 0.816405 0.51758 0.814451 0.519529 0.818359 0.523444 0.828125 0.513679 0.826171 0.513679 0.824216 0.511715 0.822267 0.511715
0 0.533203 0.685551 0.533203 0.689451 0.531249 0.691401 0.531249 0.693366 0.537111 0.693366 0.53906 0.695316 0.53906 0.693366 0.541015 0.691401 0.541015 0.689451 0.542969 0.687501 0.535157 0.687501
0 0.490237 0.113281 0.488283 0.115231 0.488283 0.119145 0.486328 0.121095 0.486328 0.123045 0.484374 0.124996 0.490237 0.124996 0.490237 0.115231 0.492186 0.113281
0 0.80469 0.728512 0.80469 0.738277 0.802736 0.740241 0.802736 0.748042 0.808593 0.748042 0.808593 0.744142 0.810547 0.742191 0.810547 0.736327 0.812502 0.734376 0.812502 0.730462 0.806639 0.730462
0 0.878908 0.742191 0.878908 0.746092 0.876954 0.748042 0.876954 0.753907 0.874999 0.755857 0.874999 0.759771 0.878908 0.759771 0.880862 0.761722 0.880862 0.759771 0.882811 0.757807 0.882811 0.753907 0.884765 0.751956 0.884765 0.748042 0.886719 0.746092 0.886719 0.744142 0.880862 0.744142
0 0.765627 0.218747 0.763673 0.220697 0.755861 0.220697 0.755861 0.236327 0.763673 0.236327 0.763673 0.228512 0.765627 0.226562
0 0.212892 0.925779 0.212892 0.927729 0.210938 0.929693 0.210938 0.935544 0.208984 0.937494 0.208984 0.943358 0.20703 0.945309 0.20703 0.947259 0.21875 0.947259 0.21875 0.937494 0.220704 0.935544 0.220704 0.925779
0 0.082029 0.671871 0.082029 0.677736 0.095703 0.677736 0.095703 0.675786 0.097658 0.673821 0.097658 0.671871
0 0.749999 0.619145 0.749999 0.624996 0.763673 0.624996 0.763673 0.619145
0 0.908205 0.488284 0.908205 0.492184 0.906251 0.494135 0.906251 0.5 0.904297 0.50195 0.910154 0.50195 0.912108 0.5039 0.912108 0.496099 0.914062 0.494135 0.914062 0.488284
0 0.789062 0.927729 0.789062 0.933593 0.787108 0.935544 0.787108 0.941409 0.79297 0.941409 0.79297 0.935544 0.794924 0.933593 0.794924 0.927729
0 0.27539 0.722661 0.27539 0.732426 0.273436 0.734376 0.273436 0.744142 0.281248 0.744142 0.281248 0.740241 0.283202 0.738277 0.283202 0.728512 0.285156 0.726562 0.285156 0.722661
0 0.685547 0.681636 0.685547 0.6836 0.683593 0.685551 0.691404 0.685551 0.691404 0.681636
0 0.882811 0.464839 0.882811 0.470704 0.880862 0.472654 0.880862 0.478519 0.888673 0.478519 0.888673 0.472654 0.890623 0.470704 0.890623 0.464839
0 0.386717 0.986333 0.386717 0.992184 0.384768 0.994134 0.384768 0.999999 0.392579 0.999999 0.392579 0.994134 0.394533 0.992184 0.394533 0.986333
0 0.749999 0.62696 0.749999 0.634761 0.761719 0.634761 0.761719 0.62696
0 0.722656 0.767572 0.722656 0.775387 0.740233 0.775387 0.740233 0.767572
0 0.86133 0.720697 0.86133 0.734376 0.863279 0.734376 0.863279 0.732426 0.865234 0.730462 0.865234 0.724611 0.867188 0.722661 0.863279 0.722661
0 0.513672 0.177736 0.513672 0.1836 0.511717 0.185551 0.511717 0.189452 0.519529 0.189452 0.521483 0.191401 0.521483 0.185551 0.523437 0.1836 0.523437 0.177736
0 0.560546 0.687501 0.560546 0.691401 0.5625 0.693366 0.5625 0.697266 0.568358 0.697266 0.568358 0.687501
0 0.833982 0.736327 0.833982 0.738277 0.832033 0.740241 0.832033 0.746092 0.830079 0.748042 0.830079 0.751956 0.835936 0.751956 0.837891 0.753907 0.837891 0.746092 0.839845 0.744142 0.839845 0.736327
0 0.839845 0.470704 0.839845 0.482419 0.845702 0.482419 0.845702 0.470704
0 0.384768 0.964839 0.384768 0.980469 0.386717 0.978518 0.392579 0.978518 0.392579 0.972654 0.394533 0.970704 0.394533 0.964839
0 0.791016 0.796881 0.791016 0.804683 0.789062 0.806647 0.789062 0.812498 0.796873 0.812498 0.798827 0.814448 0.798827 0.810547 0.800782 0.808597 0.800782 0.802732 0.802736 0.800782 0.802736 0.796881
0 0.898439 0.464839 0.900388 0.466804 0.900388 0.472654 0.898439 0.474605 0.898439 0.480469 0.904297 0.480469 0.904297 0.476568 0.906251 0.474605 0.906251 0.464839
0 0.830079 0.347658 0.830079 0.353522 0.828125 0.355473 0.828125 0.359373 0.830079 0.361323 0.837891 0.361323 0.837891 0.349608 0.832033 0.349608
0 0.083983 0.654291 0.083983 0.660156 0.095703 0.660156 0.095703 0.658206 0.097658 0.656255 0.097658 0.654291
0 0.937502 0.478519 0.937502 0.480469 0.935548 0.482419 0.935548 0.488284 0.933594 0.490234 0.933594 0.492184 0.94336 0.492184 0.94336 0.486333 0.945314 0.48437 0.945314 0.480469 0.939451 0.480469
0 0.896485 0.337893 0.896485 0.339843 0.894531 0.341793 0.894531 0.347658 0.892577 0.349608 0.892577 0.351558 0.900388 0.351558 0.902342 0.353522 0.900388 0.351558 0.900388 0.349608 0.902342 0.347658 0.902342 0.341793 0.904297 0.339843 0.904297 0.337893
0 0.779296 0.769536 0.779296 0.773437 0.777342 0.775387 0.777342 0.781252 0.775393 0.783202 0.775393 0.785152 0.783204 0.785152 0.785159 0.787103 0.785159 0.779302 0.787108 0.777338 0.787108 0.771487 0.78125 0.771487
0 0.890623 0.289067 0.890623 0.296882 0.908205 0.296882 0.910154 0.298832 0.910154 0.291017 0.892577 0.291017
0 0.837891 0.330078 0.837891 0.335942 0.835936 0.337893 0.835936 0.343743 0.839845 0.343743 0.839845 0.337893 0.841799 0.335942 0.841799 0.330078
0 0.824216 0.931643 0.824216 0.935544 0.822267 0.937494 0.822267 0.945309 0.820313 0.947259 0.820313 0.951173 0.830079 0.951173 0.830079 0.941409 0.832033 0.939458 0.832033 0.931643
0 0.472654 0.107416 0.472654 0.10938 0.470705 0.11133 0.470705 0.117181 0.468751 0.119145 0.468751 0.121095 0.476563 0.121095 0.476563 0.107416
0 0.916017 0.597651 0.916017 0.60938 0.923828 0.60938 0.923828 0.597651
0 0.853514 0.677736 0.853514 0.681636 0.851565 0.6836 0.851565 0.685551 0.859376 0.685551 0.859376 0.677736
0 0.865234 0.548825 0.865234 0.55469 0.863279 0.55664 0.863279 0.562504 0.871096 0.562504 0.871096 0.55664 0.873045 0.55469 0.873045 0.548825
0 0.826171 0.033209 0.826171 0.035159 0.824216 0.03711 0.824216 0.03906 0.822267 0.04101 0.822267 0.042974 0.820313 0.044924 0.820313 0.046875 0.822267 0.046875 0.824216 0.048825 0.826171 0.048825 0.828125 0.050776 0.828125 0.048825 0.830079 0.046875 0.830079 0.044924 0.832033 0.042974 0.832033 0.04101 0.833982 0.03906 0.833982 0.03711 0.835936 0.035159 0.835936 0.033209
0 0.439454 0.53906 0.439454 0.548825 0.4375 0.550776 0.443357 0.550776 0.445311 0.552739 0.445311 0.546875 0.447265 0.544924 0.447265 0.53906
0 0.744141 0.64844 0.744141 0.656255 0.759765 0.656255 0.759765 0.64844
0 0.523437 0.173822 0.523437 0.175786 0.525391 0.177736 0.525391 0.181636 0.53906 0.181636 0.53906 0.173822
0 0.765627 0.535159 0.765627 0.54101 0.779296 0.54101 0.779296 0.537109 0.767576 0.537109
0 0.429688 0.5039 0.429688 0.515629 0.433591 0.515629 0.433591 0.5039
0 0.714844 0.830078 0.714844 0.835942 0.730467 0.835942 0.732421 0.837893 0.732421 0.830078
0 0.841799 0.738277 0.841799 0.744142 0.839845 0.746092 0.839845 0.753907 0.843748 0.753907 0.843748 0.751956 0.845702 0.750006 0.845702 0.744142 0.847656 0.742191 0.847656 0.738277
0 0.722656 0.777338 0.722656 0.785152 0.740233 0.785152 0.740233 0.783202 0.738279 0.781252 0.738279 0.777338
0 0.914062 0.468754 0.916017 0.470704 0.916017 0.474605 0.914062 0.476568 0.914062 0.48437 0.917971 0.48437 0.917971 0.478519 0.91992 0.476568 0.91992 0.470704 0.916017 0.470704
0 0.429688 0.419928 0.429688 0.425779 0.427734 0.427729 0.427734 0.431643 0.4375 0.431643 0.4375 0.427729 0.435546 0.425779 0.435546 0.419928
0 0.921874 0.341793 0.921874 0.357423 0.927737 0.357423 0.927737 0.349608 0.929686 0.347658 0.929686 0.341793
0 0.828125 0.361323 0.824216 0.365238 0.824216 0.367188 0.820313 0.371089 0.822267 0.371089 0.824216 0.373053 0.826171 0.373053 0.828125 0.375003 0.830079 0.373053 0.830079 0.371089 0.833982 0.367188 0.833982 0.365238 0.835936 0.363287 0.830079 0.363287
0 0.462889 0.679687 0.462889 0.685551 0.480471 0.685551 0.480471 0.6836 0.48242 0.681636 0.48242 0.679687
0 0.914062 0.304683 0.914062 0.306647 0.912108 0.308597 0.912108 0.310547 0.910154 0.312498 0.912108 0.312498 0.914062 0.314448 0.916017 0.314448 0.91992 0.318362 0.921874 0.318362 0.923828 0.320312 0.923828 0.318362 0.925782 0.316412
0 0.431642 0.101565 0.431642 0.103516 0.429688 0.105465 0.429688 0.11133 0.427734 0.113281 0.427734 0.115231 0.435546 0.115231 0.435546 0.11133 0.4375 0.10938 0.4375 0.103516 0.439454 0.101565
0 0.083983 0.644526 0.083983 0.652341 0.095703 0.652341 0.095703 0.64844 0.097658 0.64649 0.097658 0.644526
0 0.722656 0.787103 0.722656 0.789067 0.720702 0.791017 0.720702 0.792967 0.726564 0.792967 0.728518 0.794918 0.73633 0.794918 0.738279 0.792967 0.738279 0.791017 0.740233 0.789067 0.740233 0.787103
0 0.406248 0.958988 0.406248 0.966803 0.419922 0.966803 0.419922 0.960938 0.408202 0.960938
0 0.746095 0.636725 0.746095 0.644526 0.763673 0.644526 0.763673 0.642576 0.761719 0.640625 0.761719 0.638675 0.748045 0.638675
0 0.888673 0.5957 0.888673 0.601565 0.886719 0.603516 0.886719 0.607416 0.890623 0.607416 0.892577 0.60938 0.892577 0.603516 0.894531 0.601565 0.894531 0.5957
0 0.523437 0.185551 0.523437 0.193366 0.537111 0.193366 0.53906 0.195316 0.53906 0.187501 0.525391 0.187501
0 0.503906 0.09375 0.503906 0.097651 0.521483 0.097651 0.521483 0.0957 0.523437 0.09375
0 0.876954 0.550776 0.876954 0.55664 0.874999 0.55859 0.874999 0.562504 0.878908 0.562504 0.880862 0.564455 0.880862 0.55859 0.882811 0.55664 0.882811 0.550776
0 0.64453 0.777338 0.64453 0.785152 0.642581 0.787103 0.642581 0.792967 0.650392 0.792967 0.650392 0.785152 0.652346 0.783202 0.652346 0.777338
0 0.843748 0.673821 0.843748 0.679687 0.841799 0.681636 0.841799 0.685551 0.849611 0.685551 0.849611 0.675786 0.845702 0.675786
0 0.894531 0.552739 0.894531 0.55859 0.892577 0.560541 0.892577 0.566405 0.898439 0.566405 0.898439 0.560541 0.900388 0.55859 0.900388 0.55469 0.896485 0.55469
0 0.867188 0.458988 0.867188 0.462889 0.865234 0.464839 0.865234 0.470704 0.863279 0.472654 0.863279 0.474605 0.871096 0.474605 0.871096 0.468754 0.873045 0.466804 0.873045 0.460939 0.869142 0.460939
0 0.79297 0.839843 0.79297 0.855473 0.798827 0.855473 0.798827 0.847658 0.800782 0.845707 0.800782 0.839843
0 0.828125 0.326177 0.828125 0.333978 0.832033 0.333978 0.833982 0.335942 0.833982 0.332028 0.835936 0.330078 0.835936 0.326177
0 0.945314 0.458988 0.945314 0.472654 0.953125 0.472654 0.953125 0.460939 0.947268 0.460939
0 0.46094 0.701167 0.46094 0.705081 0.458985 0.707031 0.458985 0.714846 0.457031 0.716796 0.457031 0.720697 0.458985 0.718747 0.464843 0.718747 0.464843 0.710932 0.466797 0.708982 0.466797 0.701167
0 0.916017 0.263672 0.914062 0.265622 0.908205 0.265622 0.906251 0.267572 0.898439 0.267572 0.898439 0.271487 0.900388 0.273437 0.900388 0.277338 0.902342 0.275387 0.908205 0.275387 0.910154 0.273437 0.916017 0.273437
0 0.533203 0.703131 0.533203 0.707031 0.531249 0.708982 0.531249 0.710932 0.542969 0.710932 0.544923 0.712896 0.544923 0.708982 0.546877 0.707031 0.546877 0.705081 0.535157 0.705081
0 0.900388 0.533209 0.900388 0.546875 0.902342 0.546875 0.902342 0.54101 0.904297 0.53906 0.904297 0.533209
0 0.587889 0.03711 0.587889 0.044924 0.585935 0.046875 0.585935 0.05469 0.593752 0.05469 0.595701 0.05664 0.595701 0.046875 0.597655 0.044924 0.597655 0.03711
0 0.816405 0.667971 0.816405 0.6836 0.822267 0.6836 0.822267 0.675786 0.824216 0.673821 0.824216 0.667971
0 0.083983 0.662106 0.083983 0.66602 0.082029 0.667971 0.082029 0.669921 0.097658 0.669921 0.097658 0.664057 0.085938 0.664057
0 0.914062 0.339843 0.914062 0.343743 0.912108 0.345707 0.912108 0.353522 0.910154 0.355473 0.910154 0.357423 0.917971 0.357423 0.917971 0.353522 0.91992 0.351558 0.91992 0.341793 0.916017 0.341793
0 0.4375 0.398434 0.427734 0.408199 0.429688 0.410162 0.429688 0.412113 0.431642 0.414063 0.441408 0.404298 0.439454 0.402348 0.439454 0.400384
0 0.867188 0.656255 0.867188 0.669921 0.873045 0.669921 0.873045 0.656255
0 0.087892 0.621095 0.087892 0.62696 0.101561 0.62696 0.101561 0.624996 0.103515 0.623045 0.103515 0.621095
0 0.867188 0.525394 0.867188 0.531245 0.865234 0.533209 0.865234 0.537109 0.871096 0.537109 0.873045 0.53906 0.873045 0.533209 0.874999 0.531245 0.874999 0.525394
0 0.873045 0.458988 0.874999 0.460939 0.874999 0.466804 0.873045 0.468754 0.873045 0.474605 0.871096 0.476568 0.878908 0.476568 0.878908 0.472654 0.880862 0.470704 0.880862 0.458988
0 0.65625 0.833978 0.65625 0.837893 0.654295 0.839843 0.654295 0.847658 0.652346 0.849608 0.652346 0.853522 0.660158 0.853522 0.662107 0.855473 0.662107 0.851558 0.664061 0.849608 0.664061 0.841793 0.666015 0.839843 0.666015 0.835942 0.658204 0.835942
0 0.851565 0.333978 0.851565 0.335942 0.849611 0.337893 0.849611 0.345707 0.855468 0.345707 0.855468 0.333978
0 0.800782 0.906248 0.800782 0.914063 0.798827 0.916014 0.798827 0.921878 0.80469 0.921878 0.80469 0.914063 0.806639 0.912113 0.806639 0.906248
0 0.796873 0.664057 0.796873 0.671871 0.794924 0.673821 0.794924 0.679687 0.802736 0.679687 0.80469 0.681636 0.80469 0.664057
0 0.876954 0.525394 0.876954 0.533209 0.874999 0.535159 0.874999 0.54101 0.882811 0.54101 0.882811 0.533209 0.884765 0.531245 0.884765 0.525394
0 0.880862 0.699216 0.876954 0.703131 0.874999 0.703131 0.871096 0.707031 0.869142 0.707031 0.871096 0.708982 0.873045 0.708982 0.876954 0.712896 0.888673 0.701167 0.882811 0.701167
0 0.843748 0.330078 0.843748 0.335942 0.841799 0.337893 0.841799 0.343743 0.847656 0.343743 0.847656 0.337893 0.849611 0.335942 0.849611 0.330078
0 0.783204 0.548825 0.783204 0.552739 0.78125 0.55469 0.78125 0.55664 0.79297 0.55664 0.794924 0.55859 0.794924 0.550776 0.785159 0.550776
0 0.775393 0.859373 0.775393 0.861323 0.773439 0.863287 0.773439 0.869138 0.771484 0.871089 0.771484 0.873052 0.779296 0.873052 0.78125 0.875003 0.78125 0.869138 0.783204 0.867188 0.783204 0.861323 0.777342 0.861323
0 0.462889 0.107416 0.462889 0.113281 0.46094 0.115231 0.46094 0.119145 0.464843 0.119145 0.466797 0.121095 0.466797 0.119145 0.468751 0.117181 0.468751 0.11133 0.470705 0.10938 0.470705 0.107416
0 0.93164 0.546875 0.93164 0.552739 0.929686 0.55469 0.929686 0.560541 0.937502 0.560541 0.937502 0.546875
0 0.492186 0.191401 0.492186 0.205081 0.499997 0.205081 0.499997 0.191401
0 0.839845 0.845707 0.839845 0.851558 0.837891 0.853522 0.837891 0.861323 0.843748 0.861323 0.843748 0.857422 0.845702 0.855473 0.845702 0.849608 0.847656 0.847658 0.847656 0.845707
0 0.863279 0.589849 0.863279 0.5918 0.86133 0.59375 0.86133 0.5957 0.859376 0.597651 0.859376 0.599615 0.857422 0.601565 0.863279 0.601565 0.865234 0.599615 0.865234 0.5957 0.867188 0.59375 0.867188 0.5918 0.869142 0.589849
0 0.716798 0.812498 0.716798 0.814448 0.714844 0.816412 0.714844 0.818362 0.730467 0.818362 0.732421 0.820312 0.732421 0.812498
0 0.476563 0.070306 0.476563 0.085936 0.474609 0.087886 0.48242 0.087886 0.48242 0.082035 0.484374 0.080085 0.484374 0.070306
0 0.435546 0.083985 0.435546 0.089849 0.44922 0.089849 0.451174 0.0918 0.451174 0.089849 0.453123 0.087886 0.453123 0.085936 0.4375 0.085936
0 0.968749 0.361323 0.968749 0.367188 0.970703 0.369138 0.970703 0.376953 0.974611 0.376953 0.974611 0.361323
0 0.447265 0.103516 0.447265 0.10938 0.445311 0.11133 0.445311 0.117181 0.453123 0.117181 0.453123 0.11133 0.455077 0.10938 0.455077 0.105465 0.44922 0.105465
0 0.814451 0.929693 0.814451 0.937494 0.812502 0.939458 0.812502 0.945309 0.820313 0.945309 0.820313 0.937494 0.822267 0.935544 0.822267 0.929693
0 0.916017 0.621095 0.916017 0.634761 0.923828 0.634761 0.923828 0.62891 0.925782 0.62696 0.925782 0.623045 0.917971 0.623045
0 0.853514 0.718747 0.853514 0.734376 0.859376 0.734376 0.859376 0.728512 0.857422 0.726562 0.857422 0.718747
0 0.851565 0.5039 0.851565 0.505864 0.849611 0.507814 0.849611 0.509764 0.859376 0.509764 0.86133 0.511715 0.86133 0.509764 0.863279 0.507814 0.859376 0.507814 0.857422 0.505864 0.853514 0.505864
0 0.839845 0.652341 0.839845 0.664057 0.843748 0.664057 0.845702 0.66602 0.845702 0.660156 0.847656 0.658206 0.847656 0.652341
0 0.906251 0.337893 0.906251 0.339843 0.904297 0.341793 0.904297 0.347658 0.902342 0.349608 0.902342 0.351558 0.908205 0.351558 0.910154 0.353522 0.910154 0.345707 0.912108 0.343743 0.912108 0.337893
0 0.853514 0.460939 0.853514 0.462889 0.851565 0.464839 0.851565 0.470704 0.849611 0.472654 0.849611 0.474605 0.859376 0.474605 0.859376 0.468754 0.86133 0.466804 0.86133 0.460939
0 0.554689 0.027345 0.554689 0.033209 0.568358 0.033209 0.568358 0.031245 0.570312 0.029294 0.570312 0.027345
0 0.830079 0.800782 0.830079 0.804683 0.828125 0.806647 0.828125 0.812498 0.826171 0.814448 0.826171 0.818362 0.833982 0.818362 0.833982 0.810547 0.835936 0.808597 0.835936 0.800782
0 0.761719 0.552739 0.761719 0.55664 0.759765 0.55859 0.759765 0.560541 0.773439 0.560541 0.775393 0.562504 0.775393 0.55469 0.763673 0.55469
0 0.20703 0.949223 0.199218 0.957038 0.216796 0.957038 0.216796 0.949223
0 0.800782 0.861323 0.802736 0.863287 0.800782 0.865238 0.800782 0.867188 0.798827 0.869138 0.798827 0.871089 0.796873 0.873052 0.796873 0.875003 0.794924 0.876953 0.802736 0.876953 0.80469 0.878903 0.80469 0.875003 0.806639 0.873052 0.806639 0.867188 0.808593 0.865238 0.808593 0.863287 0.802736 0.863287
0 0.406248 0.949223 0.406248 0.955074 0.417968 0.955074 0.419922 0.957038 0.419922 0.953124 0.421877 0.951173 0.421877 0.949223
0 0.859376 0.476568 0.859376 0.482419 0.857422 0.48437 0.857422 0.490234 0.863279 0.490234 0.865234 0.492184 0.865234 0.48437 0.867188 0.482419 0.867188 0.476568
0 0.558592 0.685551 0.556643 0.687501 0.552735 0.687501 0.552735 0.697266 0.560546 0.697266 0.560546 0.693366 0.558592 0.691401
0 0.824216 0.601565 0.824216 0.605465 0.822267 0.607416 0.822267 0.61328 0.820313 0.615231 0.820313 0.617181 0.828125 0.617181 0.830079 0.619145 0.830079 0.617181 0.832033 0.615231 0.832033 0.60938 0.833982 0.607416 0.833982 0.605465 0.830079 0.605465 0.828125 0.603516 0.826171 0.603516
0 0.439454 0.023444 0.439454 0.03906 0.4375 0.04101 0.445311 0.04101 0.445311 0.025394 0.441408 0.025394
0 0.093749 0.5918 0.093749 0.5957 0.091795 0.597651 0.091795 0.599615 0.105469 0.599615 0.107423 0.601565 0.107423 0.599615 0.109377 0.597651 0.109377 0.5957 0.111327 0.59375 0.095703 0.59375
0 0.835936 0 0.835936 0 0.833982 0 0.833982 0.00195 0.841799 0.00195 0.841799 0
0 0.820313 0.867188 0.820313 0.871089 0.818359 0.873052 0.818359 0.878903 0.816405 0.880853 0.816405 0.882818 0.824216 0.882818 0.824216 0.876953 0.826171 0.875003 0.826171 0.867188
0 0.859376 0.783202 0.859376 0.785152 0.857422 0.787103 0.857422 0.791017 0.855468 0.792967 0.855468 0.794918 0.853514 0.796881 0.853514 0.798832 0.86133 0.798832 0.86133 0.792967 0.863279 0.791017 0.863279 0.785152 0.86133 0.785152
0 0.896485 0.5957 0.896485 0.601565 0.894531 0.603516 0.894531 0.60938 0.900388 0.60938 0.902342 0.61133 0.902342 0.605465 0.904297 0.603516 0.904297 0.597651 0.898439 0.597651
0 0.812502 0.865238 0.812502 0.867188 0.810547 0.869138 0.810547 0.875003 0.808593 0.876953 0.808593 0.878903 0.812502 0.878903 0.814451 0.880853 0.814451 0.876953 0.816405 0.875003 0.816405 0.869138 0.818359 0.867188 0.818359 0.865238
0 0.433591 0.535159 0.433591 0.54101 0.431642 0.542974 0.431642 0.548825 0.4375 0.548825 0.4375 0.535159
0 0.548826 0.044924 0.546877 0.046875 0.546877 0.048825 0.5625 0.048825 0.564454 0.050776 0.564454 0.046875 0.566409 0.044924
0 0.826171 0.57812 0.826171 0.580084 0.824216 0.582035 0.824216 0.583985 0.822267 0.585935 0.822267 0.587886 0.820313 0.589849 0.820313 0.5918 0.826171 0.5918 0.828125 0.59375 0.828125 0.5918 0.830079 0.589849 0.830079 0.587886 0.832033 0.585935 0.832033 0.583985 0.833982 0.582035 0.833982 0.580084 0.828125 0.580084
0 0.421877 0.974605 0.421877 0.980469 0.419922 0.982419 0.419922 0.988284 0.427734 0.988284 0.427734 0.976568 0.423826 0.976568
0 0.935548 0.302732 0.93164 0.306647 0.939451 0.314448 0.945314 0.308597 0.94336 0.308597 0.939451 0.304683 0.937502 0.304683
0 0.814451 0.730462 0.814451 0.734376 0.812502 0.736327 0.812502 0.742191 0.810547 0.744142 0.810547 0.748042 0.820313 0.748042 0.820313 0.740241 0.822267 0.738277 0.822267 0.732426 0.816405 0.732426
0 0.865234 0.335942 0.865234 0.341793 0.863279 0.343743 0.863279 0.349608 0.871096 0.349608 0.871096 0.343743 0.873045 0.341793 0.873045 0.335942
0 0.828125 0.867188 0.828125 0.875003 0.826171 0.876953 0.826171 0.884768 0.833982 0.884768 0.833982 0.876953 0.835936 0.875003 0.835936 0.867188
0 0.921874 0.296882 0.916017 0.302732 0.917971 0.304683 0.91992 0.304683 0.925782 0.310547 0.93164 0.304683 0.929686 0.302732 0.927737 0.302732
0 0.914062 0.531245 0.914062 0.548825 0.921874 0.548825 0.921874 0.531245
0 0.720702 0.794918 0.720702 0.800782 0.726564 0.800782 0.728518 0.802732 0.734376 0.802732 0.73633 0.804683 0.73633 0.796881 0.722656 0.796881
0 0.874999 0.656255 0.874999 0.669921 0.878908 0.669921 0.880862 0.671871 0.880862 0.664057 0.882811 0.662106 0.882811 0.656255
0 0.427734 0.50195 0.42578 0.5039 0.423826 0.5039 0.423826 0.507814 0.421877 0.509764 0.421877 0.513679 0.42578 0.513679 0.427734 0.515629
0 0.894531 0.300782 0.892577 0.302732 0.892577 0.304683 0.890623 0.306647 0.892577 0.308597 0.894531 0.308597 0.900388 0.314448 0.906251 0.308597 0.904297 0.308597 0.900388 0.304683 0.898439 0.304683
0 0.699221 0.519529 0.699221 0.529294 0.697267 0.531245 0.697267 0.54101 0.705078 0.54101 0.705078 0.537109 0.707033 0.535159 0.707033 0.525394 0.708987 0.523444 0.708987 0.519529
0 0.810547 0.57617 0.810547 0.583985 0.808593 0.585935 0.808593 0.5918 0.818359 0.5918 0.818359 0.57617
0 0.916017 0.488284 0.916017 0.496099 0.914062 0.498049 0.914062 0.5039 0.921874 0.5039 0.921874 0.488284
0 0.136721 0.476568 0.132812 0.480469 0.132812 0.482419 0.126955 0.488284 0.132812 0.494135 0.13867 0.488284 0.13867 0.486333 0.144532 0.480469 0.142578 0.480469 0.140624 0.478519 0.13867 0.478519
0 0.259767 0.824213 0.259767 0.828127 0.257813 0.830078 0.257813 0.837893 0.255859 0.839843 0.255859 0.843743 0.26367 0.843743 0.26367 0.833978 0.265624 0.832028 0.265624 0.824213
0 0.874999 0.5918 0.874999 0.597651 0.873045 0.599615 0.873045 0.605465 0.878908 0.605465 0.878908 0.603516 0.880862 0.601565 0.880862 0.5957 0.882811 0.59375 0.882811 0.5918
0 0.447265 0.138675 0.447265 0.152341 0.453123 0.152341 0.455077 0.154291 0.455077 0.14649 0.457031 0.144526 0.457031 0.138675
0 0.455077 0.507814 0.455077 0.519529 0.46094 0.519529 0.46094 0.513679 0.462889 0.511715 0.462889 0.507814
0 0.76953 0.921878 0.76953 0.929693 0.767576 0.931643 0.767576 0.939458 0.773439 0.939458 0.773439 0.937494 0.775393 0.935544 0.775393 0.921878
0 0.628906 0.972654 0.628906 0.980469 0.626952 0.982419 0.626952 0.990234 0.636718 0.990234 0.636718 0.972654
0 0.363282 0.671871 0.361328 0.673821 0.359374 0.673821 0.359374 0.677736 0.357419 0.679687 0.357419 0.681636 0.378905 0.681636 0.380859 0.6836 0.380859 0.673821 0.365236 0.673821
0 0.886719 0.617181 0.886719 0.619145 0.884765 0.621095 0.884765 0.623045 0.882811 0.624996 0.882811 0.62696 0.888673 0.62696 0.890623 0.62891 0.890623 0.623045 0.892577 0.621095 0.892577 0.617181
0 0.457031 0.105465 0.457031 0.10938 0.455077 0.11133 0.455077 0.117181 0.453123 0.119145 0.458985 0.119145 0.458985 0.115231 0.46094 0.113281 0.46094 0.107416 0.462889 0.105465
0 0.556643 0.699216 0.556643 0.701167 0.554689 0.703131 0.554689 0.705081 0.568358 0.705081 0.568358 0.699216
0 0.345705 0.804683 0.345705 0.810547 0.359374 0.810547 0.359374 0.804683
0 0.802736 0.996099 0.802736 1 0.800782 1 0.800782 1 0.808593 1 0.808593 0.996099
0 0.402345 0.64844 0.402345 0.654291 0.400391 0.656255 0.400391 0.660156 0.408202 0.660156 0.408202 0.656255 0.410157 0.654291 0.410157 0.650391 0.404299 0.650391
0 0.70117 0.902348 0.70117 0.904298 0.699221 0.906248 0.699221 0.908199 0.714844 0.908199 0.714844 0.902348
0 0.464843 0.142576 0.464843 0.14844 0.462889 0.150391 0.462889 0.156256 0.468751 0.156256 0.470705 0.158206 0.470705 0.150391 0.472654 0.14844 0.472654 0.142576
0 0.894531 0.617181 0.894531 0.621095 0.892577 0.623045 0.892577 0.62891 0.894531 0.62891 0.896485 0.630861 0.896485 0.62891 0.898439 0.62696 0.898439 0.623045 0.900388 0.621095 0.900388 0.619145 0.896485 0.619145
0 0.902342 0.619145 0.902342 0.621095 0.900388 0.623045 0.900388 0.62891 0.898439 0.630861 0.898439 0.632811 0.904297 0.632811 0.906251 0.634761 0.906251 0.62696 0.908205 0.624996 0.908205 0.619145
0 0.857422 0.546875 0.857422 0.552739 0.855468 0.55469 0.855468 0.560541 0.86133 0.560541 0.86133 0.55664 0.863279 0.55469 0.863279 0.548825 0.865234 0.546875
0 0.499997 0.07422 0.499997 0.089849 0.507814 0.089849 0.507814 0.082035 0.509763 0.080085 0.509763 0.07422
0 0.091795 0.601565 0.091795 0.605465 0.089846 0.607416 0.089846 0.60938 0.103515 0.60938 0.105469 0.61133 0.105469 0.607416 0.107423 0.605465 0.107423 0.603516 0.093749 0.603516
0 0.392579 0.699216 0.392579 0.701167 0.390625 0.703131 0.390625 0.707031 0.388671 0.708982 0.388671 0.710932 0.386717 0.712896 0.386717 0.714846 0.394533 0.714846 0.396482 0.716796 0.396482 0.712896 0.398437 0.710932 0.398437 0.705081 0.400391 0.703131 0.400391 0.701167 0.394533 0.701167
0 0.902342 0.55469 0.902342 0.560541 0.900388 0.562504 0.900388 0.568355 0.906251 0.568355 0.908205 0.57032 0.908205 0.562504 0.910154 0.560541 0.910154 0.55469
0 0.86133 0.656255 0.86133 0.660156 0.863279 0.662106 0.863279 0.667971 0.865234 0.667971 0.865234 0.656255
0 0.423826 0.132811 0.423826 0.138675 0.421877 0.140626 0.421877 0.144526 0.427734 0.144526 0.429688 0.14649 0.429688 0.144526 0.431642 0.142576 0.431642 0.138675 0.433591 0.136725 0.433591 0.134761 0.42578 0.134761
0 0.808593 0.642576 0.808593 0.658206 0.816405 0.658206 0.816405 0.64649 0.818359 0.644526 0.810547 0.644526
0 0.847656 0.804683 0.847656 0.820312 0.855468 0.820312 0.855468 0.804683
0 0.714844 0.820312 0.714844 0.826177 0.730467 0.826177 0.732421 0.828127 0.732421 0.822263 0.716798 0.822263
0 0.826171 0.671871 0.826171 0.677736 0.824216 0.679687 0.824216 0.685551 0.830079 0.685551 0.830079 0.679687 0.832033 0.677736 0.832033 0.671871
0 0.869142 0.720697 0.869142 0.722661 0.867188 0.724611 0.867188 0.730462 0.865234 0.732426 0.865234 0.734376 0.873045 0.734376 0.874999 0.736327 0.874999 0.728512 0.876954 0.726562 0.876954 0.720697
0 0.394533 0.64844 0.394533 0.660156 0.398437 0.660156 0.398437 0.654291 0.400391 0.652341 0.400391 0.64844
0 0.718752 0.802732 0.718752 0.808597 0.730467 0.808597 0.732421 0.810547 0.732421 0.808597 0.734376 0.806647 0.734376 0.804683 0.720702 0.804683
0 0.791016 0.531245 0.791016 0.533209 0.789062 0.535159 0.789062 0.537109 0.794924 0.537109 0.796873 0.53906 0.800782 0.53906 0.802736 0.54101 0.802736 0.53906 0.80469 0.537109 0.802736 0.537109 0.800782 0.535159 0.796873 0.535159 0.794924 0.533209 0.79297 0.533209
0 0.816405 0.710932 0.816405 0.718747 0.814451 0.720697 0.814451 0.726562 0.822267 0.726562 0.822267 0.720697 0.824216 0.718747 0.824216 0.712896 0.818359 0.712896
0 0.912108 0.453124 0.912108 0.462889 0.927737 0.462889 0.929686 0.464839 0.929686 0.460939 0.93164 0.458988 0.93164 0.457025 0.923828 0.457025 0.921874 0.455074 0.914062 0.455074
0 0.80469 0.798832 0.80469 0.800782 0.802736 0.802732 0.802736 0.808597 0.800782 0.810547 0.800782 0.812498 0.806639 0.812498 0.808593 0.814448 0.808593 0.806647 0.810547 0.804683 0.810547 0.798832
0 0.960937 0.439458 0.958983 0.441409 0.958983 0.443358 0.95508 0.447259 0.95508 0.449223 0.953125 0.451174 0.95508 0.451174 0.958983 0.455074 0.962891 0.451174 0.962891 0.449223 0.968749 0.443358 0.966794 0.443358 0.964845 0.441409 0.962891 0.441409
0 0.798827 0.728512 0.796873 0.730462 0.796873 0.734376 0.794924 0.736327 0.794924 0.742191 0.79297 0.744142 0.79297 0.746092 0.800782 0.746092 0.800782 0.740241 0.802736 0.738277 0.802736 0.728512
0 0.453123 0.0957 0.453123 0.097651 0.466797 0.097651 0.466797 0.0957
0 0.929686 0.263672 0.923828 0.269536 0.921874 0.269536 0.91992 0.271487 0.921874 0.273437 0.923828 0.273437 0.927737 0.277338 0.93164 0.273437 0.93164 0.271487 0.935548 0.267572 0.933594 0.267572
0 0.363282 0.660156 0.363282 0.669921 0.376951 0.669921 0.376951 0.660156
0 0.386717 0.64844 0.386717 0.654291 0.384768 0.656255 0.384768 0.658206 0.386717 0.660156 0.392579 0.660156 0.392579 0.64844
0 0.419922 0.474605 0.419922 0.480469 0.417968 0.482419 0.417968 0.486333 0.421877 0.486333 0.423826 0.488284 0.423826 0.482419 0.42578 0.480469 0.42578 0.474605
0 0.404299 0.013665 0.404299 0.02148 0.402345 0.023444 0.402345 0.031245 0.406248 0.031245 0.408202 0.033209 0.408202 0.029294 0.410157 0.027345 0.410157 0.01953 0.412111 0.017579 0.412111 0.013665
0 0.70117 0.880853 0.70117 0.890618 0.720702 0.890618 0.720702 0.888669 0.718752 0.886718 0.718752 0.882818 0.703124 0.882818
0 0.888673 0.48437 0.888673 0.488284 0.886719 0.490234 0.886719 0.496099 0.884765 0.498049 0.884765 0.5 0.894531 0.5 0.894531 0.494135 0.896485 0.492184 0.896485 0.486333 0.890623 0.486333
0 0.853514 0.654291 0.853514 0.667971 0.86133 0.667971 0.86133 0.662106 0.859376 0.660156 0.859376 0.654291
0 0.675781 0.640625 0.675781 0.644526 0.673827 0.64649 0.673827 0.652341 0.671873 0.654291 0.671873 0.656255 0.677735 0.656255 0.679689 0.658206 0.679689 0.654291 0.681638 0.652341 0.681638 0.64649 0.683593 0.644526 0.683593 0.640625
0 0.478517 0.11133 0.478517 0.121095 0.48242 0.121095 0.484374 0.123045 0.484374 0.121095 0.486328 0.119145 0.486328 0.115231 0.488283 0.113281 0.488283 0.11133
0 0.849611 0.738277 0.849611 0.742191 0.847656 0.744142 0.847656 0.750006 0.845702 0.751956 0.845702 0.755857 0.853514 0.755857 0.855468 0.757807 0.855468 0.751956 0.857422 0.750006 0.857422 0.742191 0.859376 0.740241 0.851565 0.740241
0 0.806639 0.927729 0.806639 0.933593 0.80469 0.935544 0.80469 0.943358 0.802736 0.945309 0.810547 0.945309 0.810547 0.937494 0.812502 0.935544 0.812502 0.927729
0 0.251955 0.814448 0.251955 0.816412 0.250001 0.818362 0.250001 0.824213 0.248047 0.826177 0.248047 0.828127 0.255859 0.828127 0.255859 0.822263 0.257813 0.820312 0.257813 0.814448
0 0.808593 0.837893 0.806639 0.839843 0.802736 0.839843 0.802736 0.847658 0.800782 0.849608 0.800782 0.855473 0.808593 0.855473
0 0.347654 0.794918 0.347654 0.798832 0.345705 0.800782 0.345705 0.802732 0.359374 0.802732 0.361328 0.804683 0.361328 0.802732 0.363282 0.800782 0.363282 0.798832 0.357419 0.798832 0.35547 0.796881 0.349608 0.796881
0 0.775393 0.792967 0.775393 0.796881 0.773439 0.798832 0.773439 0.804683 0.771484 0.806647 0.771484 0.808597 0.777342 0.808597 0.779296 0.806647 0.779296 0.800782 0.78125 0.798832 0.78125 0.794918 0.783204 0.792967
0 0.755861 0.986333 0.755861 1 0.763673 1 0.763673 0.986333
0 0.412111 0.652341 0.412111 0.656255 0.410157 0.658206 0.410157 0.660156 0.412111 0.660156 0.414065 0.662106 0.416014 0.662106 0.417968 0.664057 0.417968 0.658206 0.419922 0.656255 0.419922 0.652341
0 0.123046 0 0.123046 0 0.121092 0 0.121092 0.007814 0.119138 0.009765 0.119138 0.013665 0.128904 0.013665 0.128904 0.0039 0.130858 0.00195 0.130858 0
0 0.49414 0.07422 0.49414 0.087886 0.492186 0.089849 0.498048 0.089849 0.498048 0.07422
0 0.525391 0.033209 0.525391 0.03906 0.523437 0.04101 0.523437 0.046875 0.531249 0.046875 0.531249 0.033209
0 0.501952 0.173822 0.501952 0.181636 0.499997 0.1836 0.499997 0.189452 0.50586 0.189452 0.507814 0.191401 0.507814 0.187501 0.509763 0.185551 0.509763 0.179686 0.511717 0.177736 0.511717 0.173822
0 0.869142 0.742191 0.869142 0.757807 0.871096 0.757807 0.873045 0.759771 0.873045 0.755857 0.874999 0.753907 0.874999 0.748042 0.876954 0.746092 0.876954 0.744142 0.871096 0.744142
0 0.863279 0.61133 0.863279 0.617181 0.86133 0.619145 0.86133 0.623045 0.867188 0.623045 0.867188 0.621095 0.869142 0.619145 0.869142 0.61328 0.865234 0.61328
0 0.847656 0.544924 0.847656 0.550776 0.845702 0.552739 0.845702 0.55859 0.851565 0.55859 0.853514 0.560541 0.853514 0.55469 0.855468 0.552739 0.855468 0.546875 0.849611 0.546875
0 0.552735 0 0.55078 0.00195 0.55078 0.0039 0.546877 0.007814 0.548826 0.009765 0.55078 0.007814 0.554689 0.007814 0.556643 0.005864 0.560546 0.005864 0.558592 0.0039 0.556643 0.0039
0 0.798827 0.970704 0.798827 0.978518 0.796873 0.980469 0.796873 0.986333 0.802736 0.986333 0.802736 0.978518 0.80469 0.976568 0.80469 0.970704
0 0.824216 0.734376 0.824216 0.742191 0.822267 0.744142 0.822267 0.750006 0.826171 0.750006 0.828125 0.751956 0.828125 0.748042 0.830079 0.746092 0.830079 0.740241 0.832033 0.738277 0.832033 0.734376
0 0.585935 0.035159 0.583986 0.03711 0.578124 0.03711 0.578124 0.04101 0.576169 0.042974 0.576169 0.048825 0.57422 0.050776 0.57422 0.05469 0.583986 0.05469 0.583986 0.044924 0.585935 0.042974
0 0.859376 0.523444 0.857422 0.525394 0.853514 0.525394 0.853514 0.531245 0.851565 0.533209 0.851565 0.537109 0.859376 0.537109
0 0.443357 0.708982 0.443357 0.714846 0.445311 0.716796 0.445311 0.722661 0.453123 0.722661 0.453123 0.708982
0 0.730467 0.757807 0.728518 0.759771 0.728518 0.761722 0.72461 0.765622 0.744141 0.765622 0.746095 0.767572 0.746095 0.759771 0.732421 0.759771
0 0.525391 0.154291 0.525391 0.162107 0.537111 0.162107 0.53906 0.164056 0.53906 0.156256 0.527346 0.156256
0 0.849611 0.654291 0.849611 0.658206 0.847656 0.660156 0.847656 0.66602 0.851565 0.66602 0.851565 0.654291
0 0.535157 0.675786 0.535157 0.685551 0.541015 0.685551 0.541015 0.681636 0.542969 0.679687 0.542969 0.675786
0 0.837891 0.800782 0.837891 0.808597 0.835936 0.810547 0.835936 0.818362 0.843748 0.818362 0.845702 0.820312 0.845702 0.800782
0 0.798827 0.771487 0.798827 0.779302 0.796873 0.781252 0.796873 0.789067 0.80469 0.789067 0.80469 0.781252 0.806639 0.779302 0.806639 0.771487
0 0.822267 0.48437 0.822267 0.496099 0.828125 0.496099 0.828125 0.490234 0.830079 0.488284 0.830079 0.48437
0 0.48242 0.14844 0.48242 0.150391 0.480471 0.152341 0.480471 0.160156 0.478517 0.162107 0.486328 0.162107 0.486328 0.156256 0.488283 0.154291 0.488283 0.14844
0 0.880862 0.482419 0.878908 0.48437 0.878908 0.490234 0.876954 0.492184 0.876954 0.494135 0.874999 0.496099 0.884765 0.496099 0.884765 0.490234 0.886719 0.488284 0.886719 0.482419
0 0.904297 0.279302 0.904297 0.285152 0.917971 0.285152 0.91992 0.287103 0.91992 0.281252 0.906251 0.281252
0 0.439454 0.136725 0.439454 0.142576 0.4375 0.144526 0.4375 0.150391 0.445311 0.150391 0.445311 0.138675 0.441408 0.138675
0 0.486328 0.57812 0.486328 0.582035 0.484374 0.583985 0.484374 0.585935 0.499997 0.585935 0.501952 0.587886 0.501952 0.585935 0.503906 0.583985 0.503906 0.582035 0.496094 0.582035 0.49414 0.580084 0.488283 0.580084
0 0.117189 0.02148 0.115235 0.023444 0.107423 0.023444 0.107423 0.031245 0.105469 0.033209 0.105469 0.04101 0.115235 0.04101 0.115235 0.031245 0.117189 0.029294
0 0.435546 0.136725 0.433591 0.138675 0.433591 0.142576 0.431642 0.144526 0.431642 0.14649 0.429688 0.14844 0.427734 0.14649 0.427734 0.14844 0.435546 0.14844 0.435546 0.144526 0.4375 0.142576 0.4375 0.136725
0 0.869142 0.808597 0.869142 0.810547 0.867188 0.812498 0.867188 0.814448 0.865234 0.816412 0.865234 0.818362 0.863279 0.820312 0.863279 0.822263 0.86133 0.824213 0.867188 0.824213 0.869142 0.826177 0.869142 0.824213 0.871096 0.822263 0.871096 0.818362 0.873045 0.816412 0.873045 0.814448 0.874999 0.812498 0.874999 0.810547 0.871096 0.810547
0 0.236327 0.937494 0.236327 0.945309 0.234373 0.947259 0.234373 0.955074 0.244139 0.955074 0.244139 0.947259 0.246093 0.945309 0.246093 0.937494
0 0.552735 0.035159 0.552735 0.03711 0.55078 0.03906 0.55078 0.04101 0.548826 0.042974 0.566409 0.042974 0.566409 0.03906 0.568358 0.03711 0.568358 0.035159
0 0.884765 0.550776 0.884765 0.55664 0.882811 0.55859 0.882811 0.564455 0.888673 0.564455 0.888673 0.550776
0 0.730467 0.738277 0.730467 0.742191 0.728518 0.744142 0.728518 0.746092 0.746095 0.746092 0.746095 0.740241 0.732421 0.740241
0 0.42578 0.949223 0.42578 0.962889 0.431642 0.962889 0.431642 0.949223
0 0.113281 0 0.111327 0 0.105469 0 0.105469 0 0.103515 0 0.103515 0.00195 0.101561 0.0039 0.101561 0.005864 0.111327 0.005864 0.111327 0 0.113281 0
0 0.404299 0.984369 0.404299 0.986333 0.402345 0.988284 0.402345 0.990234 0.414065 0.990234 0.416014 0.992184 0.416014 0.990234 0.417968 0.988284 0.417968 0.986333 0.406248 0.986333
0 0.820313 0.843743 0.820313 0.849608 0.818359 0.851558 0.818359 0.857422 0.826171 0.857422 0.826171 0.851558 0.828125 0.849608 0.828125 0.843743
0 0.789062 0.771487 0.789062 0.777338 0.787108 0.779302 0.787108 0.787103 0.794924 0.787103 0.794924 0.779302 0.796873 0.777338 0.796873 0.771487
0 0.316407 0.972654 0.316407 0.974605 0.314453 0.976568 0.314453 0.982419 0.312499 0.984369 0.312499 0.986333 0.322265 0.986333 0.322265 0.972654
0 0.779296 0.923828 0.779296 0.927729 0.777342 0.929693 0.777342 0.935544 0.775393 0.937494 0.775393 0.941409 0.783204 0.941409 0.783204 0.937494 0.785159 0.935544 0.785159 0.929693 0.787108 0.927729 0.787108 0.923828
0 0.486328 0.072269 0.486328 0.080085 0.484374 0.082035 0.484374 0.087886 0.492186 0.087886 0.492186 0.072269
0 0.86133 0.525394 0.86133 0.537109 0.863279 0.537109 0.863279 0.533209 0.865234 0.531245 0.865234 0.525394
0 0.253905 0.957038 0.251955 0.958988 0.251955 0.960938 0.250001 0.962889 0.250001 0.964839 0.248047 0.966803 0.248047 0.968754 0.246093 0.970704 0.248047 0.970704 0.250001 0.972654 0.251955 0.972654 0.253905 0.974605 0.253905 0.972654 0.255859 0.970704 0.255859 0.966803 0.257813 0.964839 0.257813 0.962889 0.259767 0.960938 0.259767 0.958988 0.255859 0.958988
0 0.857422 0.333978 0.857422 0.345707 0.855468 0.347658 0.86133 0.347658 0.86133 0.343743 0.863279 0.341793 0.863279 0.335942 0.859376 0.335942
0 0.966794 0.269536 0.966794 0.273437 0.964845 0.275387 0.964845 0.277338 0.966794 0.279302 0.966794 0.281252 0.970703 0.285152 0.970703 0.287103 0.972657 0.289067 0.972657 0.291017 0.974611 0.292967 0.974611 0.271487 0.968749 0.271487
0 0.812502 0.798832 0.812502 0.804683 0.810547 0.806647 0.810547 0.814448 0.816405 0.814448 0.816405 0.808597 0.818359 0.806647 0.818359 0.798832
0 0.509763 0.195316 0.509763 0.203131 0.507814 0.205081 0.507814 0.210932 0.515626 0.210932 0.515626 0.207031 0.51758 0.205081 0.51758 0.199216 0.519529 0.197266 0.519529 0.195316
0 0.248047 0.833978 0.248047 0.839843 0.246093 0.841793 0.246093 0.847658 0.251955 0.847658 0.253905 0.849608 0.253905 0.833978
0 0.837891 0.869138 0.837891 0.875003 0.835936 0.876953 0.835936 0.884768 0.839845 0.884768 0.841799 0.886718 0.841799 0.878903 0.843748 0.876953 0.843748 0.869138
0 0.796873 0.925779 0.796873 0.933593 0.794924 0.935544 0.794924 0.943358 0.802736 0.943358 0.802736 0.935544 0.80469 0.933593 0.80469 0.927729 0.798827 0.927729
0 0.083983 0.679687 0.083983 0.685551 0.093749 0.685551 0.093749 0.6836 0.095703 0.681636 0.095703 0.679687
0 0.845702 0.607416 0.843748 0.60938 0.843748 0.615231 0.841799 0.617181 0.841799 0.623045 0.851565 0.623045 0.851565 0.615231 0.853514 0.61328 0.853514 0.607416
0 0.667969 0.726562 0.667969 0.751956 0.677735 0.751956 0.677735 0.740241 0.679689 0.738277 0.679689 0.726562
0 0.847656 0.585935 0.847656 0.59375 0.845702 0.5957 0.845702 0.601565 0.855468 0.601565 0.855468 0.585935
0 0.878908 0.679687 0.878908 0.681636 0.876954 0.6836 0.876954 0.685551 0.874999 0.687501 0.874999 0.689451 0.873045 0.691401 0.873045 0.693366 0.876954 0.693366 0.878908 0.695316 0.880862 0.695316 0.882811 0.697266 0.884765 0.695316 0.884765 0.693366 0.888673 0.689451 0.888673 0.687501 0.890623 0.685551 0.890623 0.681636 0.888673 0.679687
0 0.892577 0.466804 0.892577 0.470704 0.890623 0.472654 0.890623 0.478519 0.888673 0.480469 0.894531 0.480469 0.896485 0.482419 0.896485 0.474605 0.898439 0.472654 0.898439 0.466804
0 0.871096 0.61328 0.871096 0.619145 0.869142 0.621095 0.869142 0.624996 0.873045 0.624996 0.874999 0.62696 0.874999 0.624996 0.876954 0.623045 0.876954 0.619145 0.878908 0.617181 0.878908 0.615231 0.873045 0.615231
0 0.542969 0.689451 0.542969 0.691401 0.541015 0.693366 0.541015 0.695316 0.55078 0.695316 0.55078 0.689451
0 0.673827 0.671871 0.673827 0.677736 0.671873 0.679687 0.671873 0.6836 0.677735 0.6836 0.679689 0.685551 0.679689 0.6836 0.681638 0.681636 0.681638 0.675786 0.683593 0.673821 0.683593 0.671871
0 0.458985 0.140626 0.458985 0.144526 0.457031 0.14649 0.457031 0.154291 0.458985 0.154291 0.46094 0.156256 0.46094 0.150391 0.462889 0.14844 0.462889 0.142576 0.464843 0.140626
0 0.695313 0.478519 0.695313 0.48437 0.693358 0.486333 0.693358 0.492184 0.697267 0.492184 0.699221 0.494135 0.699221 0.490234 0.70117 0.488284 0.70117 0.482419 0.703124 0.480469 0.703124 0.478519
0 0.46094 0.275387 0.46094 0.283202 0.474609 0.283202 0.476563 0.285152 0.476563 0.281252 0.478517 0.279302 0.478517 0.277338 0.462889 0.277338
0 0.169921 0.48437 0.167967 0.486333 0.164064 0.486333 0.164064 0.498049 0.169921 0.498049
0 0.779296 0.968754 0.779296 0.984369 0.785159 0.984369 0.785159 0.968754
0 0.820313 0.798832 0.820313 0.806647 0.818359 0.808597 0.818359 0.816412 0.824216 0.816412 0.824216 0.814448 0.826171 0.812498 0.826171 0.806647 0.828125 0.804683 0.828125 0.798832
0 0.453123 0.066405 0.453123 0.070306 0.451174 0.072269 0.451174 0.080085 0.455077 0.080085 0.457031 0.082035 0.457031 0.07422 0.458985 0.072269 0.458985 0.066405
0 0.72461 0.746092 0.72461 0.748042 0.722656 0.750006 0.722656 0.751956 0.738279 0.751956 0.740233 0.753907 0.740233 0.750006 0.742187 0.748042 0.728518 0.748042 0.726564 0.746092
0 0.404299 0.976568 0.404299 0.982419 0.416014 0.982419 0.416014 0.980469 0.417968 0.978518 0.406248 0.978518
0 0.791016 0.755857 0.789062 0.757807 0.775393 0.757807 0.775393 0.759771 0.777342 0.761722 0.777342 0.763672 0.789062 0.763672 0.789062 0.759771 0.791016 0.757807
0 0.744141 0.658206 0.744141 0.664057 0.759765 0.664057 0.759765 0.658206
0 0.828125 0.64844 0.828125 0.662106 0.833982 0.662106 0.833982 0.650391 0.830079 0.650391
0 0.863279 0.679687 0.863279 0.681636 0.86133 0.6836 0.86133 0.685551 0.867188 0.685551 0.865234 0.6836 0.867188 0.681636 0.867188 0.679687
0 0.783204 0.794918 0.783204 0.798832 0.78125 0.800782 0.78125 0.806647 0.779296 0.808597 0.779296 0.810547 0.787108 0.810547 0.787108 0.806647 0.789062 0.804683 0.789062 0.796881 0.791016 0.794918
0 0.46094 0.068355 0.46094 0.07617 0.458985 0.07812 0.458985 0.083985 0.466797 0.083985 0.466797 0.068355
0 0.705078 0.869138 0.705078 0.875003 0.720702 0.875003 0.722656 0.876953 0.722656 0.869138
0 0.085938 0.636725 0.085938 0.638675 0.083983 0.640625 0.083983 0.642576 0.097658 0.642576 0.099612 0.644526 0.099612 0.642576 0.101561 0.640625 0.101561 0.638675 0.087892 0.638675
0 0.42578 0.435544 0.42578 0.437494 0.423826 0.439458 0.423826 0.445309 0.421877 0.447259 0.421877 0.449223 0.429688 0.449223 0.429688 0.443358 0.431642 0.441409 0.431642 0.437494 0.427734 0.437494
0 0.19531 0.958988 0.19531 0.960938 0.193361 0.962889 0.193361 0.964839 0.205076 0.964839 0.20703 0.966803 0.216796 0.966803 0.21875 0.968754 0.21875 0.960938 0.197264 0.960938
0 0.820313 0.910162 0.820313 0.917964 0.818359 0.919928 0.818359 0.925779 0.822267 0.925779 0.824216 0.927729 0.824216 0.923828 0.826171 0.921878 0.826171 0.916014 0.828125 0.914063 0.828125 0.910162
0 0.906251 0.533209 0.906251 0.53906 0.904297 0.54101 0.904297 0.546875 0.912108 0.546875 0.912108 0.533209
0 0.570312 0.03711 0.570312 0.04101 0.568358 0.042974 0.568358 0.048825 0.566409 0.050776 0.566409 0.05274 0.570312 0.05274 0.572266 0.05469 0.572266 0.050776 0.57422 0.048825 0.57422 0.042974 0.576169 0.04101 0.576169 0.03906 0.572266 0.03906
0 0.519529 0.066405 0.519529 0.072269 0.51758 0.07422 0.51758 0.07812 0.521483 0.07812 0.523437 0.080085 0.523437 0.07422 0.525391 0.072269 0.525391 0.068355 0.521483 0.068355
0 0.742187 0.673821 0.742187 0.681636 0.755861 0.681636 0.755861 0.675786 0.744141 0.675786
0 0.48242 0.181636 0.48242 0.185551 0.480471 0.187501 0.480471 0.189452 0.49414 0.189452 0.49414 0.185551 0.496094 0.1836 0.496094 0.181636
0 0.244139 0.886718 0.244139 0.894533 0.24219 0.896483 0.24219 0.902348 0.251955 0.902348 0.251955 0.894533 0.253905 0.892583 0.253905 0.886718
0 0.906251 0.597651 0.906251 0.603516 0.904297 0.605465 0.904297 0.61133 0.910154 0.61133 0.910154 0.60938 0.912108 0.607416 0.912108 0.601565 0.914062 0.599615 0.914062 0.597651
0 0.499997 0.152341 0.499997 0.156256 0.498048 0.158206 0.498048 0.164056 0.50586 0.164056 0.50586 0.152341
0 0.833982 0.671871 0.833982 0.685551 0.839845 0.685551 0.839845 0.679687 0.841799 0.677736 0.841799 0.671871
0 0.941406 0.289067 0.939451 0.291017 0.939451 0.292967 0.937502 0.294918 0.947268 0.304683 0.951171 0.300782 0.953125 0.300782
0 0.4375 0.945309 0.4375 0.960938 0.443357 0.960938 0.445311 0.962889 0.445311 0.945309
0 0.896485 0.531245 0.896485 0.535159 0.894531 0.537109 0.894531 0.544924 0.896485 0.544924 0.898439 0.546875 0.898439 0.533209 0.900388 0.531245
0 0.800782 0.226562 0.800782 0.234376 0.798827 0.236327 0.798827 0.244142 0.808593 0.244142 0.808593 0.226562
0 0.841799 0.498049 0.839845 0.5 0.830079 0.5 0.830079 0.507814 0.832033 0.505864 0.835936 0.505864 0.837891 0.5039 0.841799 0.5039
0 0.365236 0.978518 0.365236 0.984369 0.363282 0.986333 0.363282 0.992184 0.373048 0.992184 0.373048 0.978518
0 0.837891 0.843743 0.835936 0.845707 0.830079 0.845707 0.830079 0.849608 0.828125 0.851558 0.828125 0.857422 0.826171 0.859373 0.826171 0.861323 0.835936 0.861323 0.835936 0.853522 0.837891 0.851558
0 0.722656 0.386718 0.722656 0.394533 0.720702 0.396483 0.720702 0.404298 0.730467 0.404298 0.730467 0.396483 0.732421 0.394533 0.732421 0.388669 0.72461 0.388669
0 0.849611 0.435544 0.849611 0.441409 0.86133 0.441409 0.863279 0.443358 0.863279 0.441409 0.865234 0.439458 0.865234 0.437494 0.851565 0.437494
0 0.767576 0.525394 0.767576 0.529294 0.765627 0.531245 0.765627 0.533209 0.777342 0.533209 0.779296 0.535159 0.779296 0.531245 0.78125 0.529294 0.78125 0.527345 0.76953 0.527345
0 0.447265 0.509764 0.447265 0.511715 0.445311 0.513679 0.445311 0.519529 0.443357 0.52148 0.443357 0.523444 0.44922 0.523444 0.451174 0.525394 0.451174 0.523444 0.453123 0.52148 0.453123 0.511715 0.44922 0.511715
0 0.53906 0.697266 0.53906 0.703131 0.552735 0.703131 0.552735 0.699216 0.55078 0.697266
0 0.912108 0.369138 0.912108 0.378903 0.925782 0.378903 0.927737 0.380854 0.927737 0.376953 0.929686 0.375003 0.929686 0.373053 0.921874 0.373053 0.91992 0.371089 0.914062 0.371089
0 0.328127 0.974605 0.328127 0.988284 0.333985 0.988284 0.333985 0.982419 0.335939 0.980469 0.335939 0.974605
0 0.806639 0.972654 0.806639 0.978518 0.80469 0.980469 0.80469 0.986333 0.806639 0.984369 0.812502 0.984369 0.812502 0.978518 0.814451 0.976568 0.814451 0.972654
0 0.830079 0.912113 0.830079 0.916014 0.828125 0.917964 0.828125 0.923828 0.826171 0.925779 0.826171 0.927729 0.832033 0.927729 0.833982 0.929693 0.833982 0.925779 0.835936 0.923828 0.835936 0.917964 0.837891 0.916014 0.837891 0.912113
0 0.869142 0.5918 0.869142 0.59375 0.867188 0.5957 0.867188 0.599615 0.865234 0.601565 0.865234 0.603516 0.871096 0.603516 0.871096 0.599615 0.873045 0.597651 0.873045 0.5918
0 0.474609 0.144526 0.474609 0.14844 0.472654 0.150391 0.472654 0.158206 0.476563 0.158206 0.478517 0.160156 0.478517 0.152341 0.480471 0.150391 0.480471 0.144526
0 0.814451 0.669921 0.812502 0.671871 0.808593 0.671871 0.808593 0.677736 0.806639 0.679687 0.806639 0.6836 0.814451 0.6836
0 0.443357 0.679687 0.441408 0.681636 0.441408 0.6836 0.439454 0.685551 0.44922 0.685551 0.44922 0.679687
0 0.779296 0.650391 0.779296 0.662106 0.787108 0.662106 0.787108 0.650391
0 0.93164 0.341793 0.93164 0.347658 0.929686 0.349608 0.929686 0.357423 0.93164 0.355473 0.935548 0.355473 0.935548 0.341793
0 0.439454 0.964839 0.439454 0.970704 0.4375 0.972654 0.4375 0.978518 0.443357 0.978518 0.445311 0.980469 0.445311 0.972654 0.447265 0.970704 0.447265 0.964839
0 0.763673 0.896483 0.763673 0.912113 0.76953 0.912113 0.76953 0.906248 0.771484 0.904298 0.771484 0.896483
0 0.880862 0.615231 0.880862 0.617181 0.878908 0.619145 0.878908 0.623045 0.876954 0.624996 0.876954 0.62696 0.880862 0.62696 0.882811 0.62891 0.880862 0.62696 0.880862 0.624996 0.882811 0.623045 0.882811 0.621095 0.884765 0.619145 0.884765 0.617181 0.882811 0.617181
0 0.798827 0.642576 0.798827 0.64844 0.800782 0.650391 0.800782 0.658206 0.806639 0.658206 0.806639 0.642576
0 0.773439 0.896483 0.773439 0.904298 0.771484 0.906248 0.771484 0.914063 0.777342 0.914063 0.777342 0.912113 0.779296 0.910162 0.779296 0.902348 0.78125 0.900384 0.78125 0.896483
0 0.492186 0.115231 0.492186 0.12696 0.498048 0.12696 0.498048 0.121095 0.499997 0.119145 0.499997 0.115231
0 0.248047 0.849608 0.248047 0.857422 0.246093 0.859373 0.246093 0.865238 0.253905 0.865238 0.253905 0.859373 0.255859 0.857422 0.255859 0.851558 0.250001 0.851558
0 0.802736 0.707031 0.802736 0.708982 0.800782 0.710932 0.800782 0.714846 0.798827 0.716796 0.798827 0.718747 0.796873 0.720697 0.796873 0.722661 0.806639 0.722661 0.808593 0.724611 0.808593 0.720697 0.810547 0.718747 0.810547 0.712896 0.812502 0.710932 0.812502 0.708982 0.80469 0.708982
0 0.197264 0.488284 0.197264 0.496099 0.19531 0.498049 0.19531 0.505864 0.203127 0.505864 0.203127 0.498049 0.205076 0.496099 0.205076 0.488284
0 0.558592 0.017579 0.558592 0.01953 0.556643 0.02148 0.556643 0.023444 0.554689 0.025394 0.570312 0.025394 0.570312 0.017579
0 0.812502 0.384768 0.812502 0.388669 0.810547 0.390619 0.810547 0.392583 0.830079 0.392583 0.830079 0.386718 0.814451 0.386718
0 0.835936 0.605465 0.835936 0.61328 0.833982 0.615231 0.833982 0.621095 0.839845 0.621095 0.839845 0.617181 0.841799 0.615231 0.841799 0.60938 0.843748 0.607416 0.843748 0.605465
0 0.95508 0.318362 0.953125 0.320312 0.953125 0.322263 0.951171 0.324213 0.95508 0.328127 0.95508 0.330078 0.958983 0.333978 0.964845 0.328127
0 0.921874 0.468754 0.921874 0.476568 0.91992 0.478519 0.91992 0.486333 0.925782 0.486333 0.927737 0.488284 0.927737 0.480469 0.929686 0.478519 0.929686 0.470704 0.923828 0.470704
0 0.876954 0.449223 0.876954 0.455074 0.890623 0.455074 0.890623 0.449223
0 0.70117 0.892583 0.70117 0.898434 0.716798 0.898434 0.716798 0.892583
0 0.787108 0.726562 0.787108 0.728512 0.785159 0.730462 0.785159 0.734376 0.783204 0.736327 0.783204 0.740241 0.78125 0.742191 0.78125 0.744142 0.789062 0.744142 0.791016 0.746092 0.791016 0.744142 0.79297 0.742191 0.79297 0.736327 0.794924 0.734376 0.794924 0.730462 0.796873 0.728512 0.796873 0.726562
0 0.884765 0.335942 0.884765 0.341793 0.882811 0.343743 0.882811 0.347658 0.886719 0.347658 0.888673 0.349608 0.888673 0.347658 0.890623 0.345707 0.890623 0.339843 0.892577 0.337893 0.892577 0.335942
0 0.513672 0.673821 0.513672 0.685551 0.519529 0.685551 0.519529 0.679687 0.521483 0.677736 0.521483 0.673821
0 0.912108 0.55469 0.912108 0.560541 0.910154 0.562504 0.910154 0.568355 0.916017 0.568355 0.916017 0.562504 0.917971 0.560541 0.917971 0.55469
0 0.832033 0.455074 0.830079 0.457025 0.824216 0.457025 0.824216 0.472654 0.826171 0.470704 0.832033 0.470704
0 0.699221 0.912113 0.699221 0.917964 0.71289 0.917964 0.714844 0.919928 0.714844 0.912113
0 0.75781 0.57032 0.75781 0.57617 0.763673 0.57617 0.765627 0.57812 0.771484 0.57812 0.773439 0.580084 0.773439 0.57617 0.775393 0.57422 0.775393 0.572269 0.759765 0.572269
0 0.707033 0.478519 0.707033 0.48437 0.705078 0.486333 0.705078 0.490234 0.714844 0.490234 0.714844 0.478519
0 0.880862 0.716796 0.880862 0.726562 0.878908 0.728512 0.878908 0.738277 0.886719 0.738277 0.886719 0.734376 0.888673 0.732426 0.888673 0.722661 0.890623 0.720697 0.890623 0.716796
0 0.697267 0.5918 0.697267 0.597651 0.695313 0.599615 0.695313 0.605465 0.70117 0.605465 0.703124 0.607416 0.703124 0.603516 0.705078 0.601565 0.705078 0.5957 0.707033 0.59375 0.707033 0.5918
0 0.832033 0.777338 0.832033 0.789067 0.837891 0.789067 0.839845 0.791017 0.839845 0.777338
0 0.832033 0.51758 0.832033 0.52148 0.830079 0.523444 0.830079 0.527345 0.837891 0.527345 0.837891 0.523444 0.839845 0.52148 0.839845 0.51758
0 0.490237 0.14844 0.490237 0.154291 0.488283 0.156256 0.488283 0.162107 0.49414 0.162107 0.496094 0.164056 0.496094 0.158206 0.498048 0.156256 0.498048 0.150391 0.492186 0.150391
0 0.935548 0.316412 0.933594 0.318362 0.93164 0.318362 0.937502 0.324213 0.937502 0.326177 0.941406 0.330078 0.945314 0.326177 0.947268 0.326177 0.94336 0.322263 0.941406 0.322263
0 0.884765 0.660156 0.884765 0.662106 0.882811 0.664057 0.882811 0.671871 0.880862 0.673821 0.880862 0.675786 0.888673 0.675786 0.888673 0.671871 0.890623 0.669921 0.890623 0.664057 0.892577 0.662106 0.892577 0.660156
0 0.501952 0.115231 0.501952 0.121095 0.499997 0.123045 0.499997 0.12696 0.50586 0.12696 0.507814 0.128911 0.507814 0.123045 0.509763 0.121095 0.509763 0.115231
0 0.808593 0.908199 0.808593 0.916014 0.806639 0.917964 0.806639 0.923828 0.814451 0.923828 0.816405 0.925779 0.816405 0.917964 0.818359 0.916014 0.818359 0.908199
0 0.818359 0.64649 0.818359 0.660156 0.826171 0.660156 0.826171 0.64844 0.820313 0.64844
0 0.089846 0.61133 0.089846 0.617181 0.103515 0.617181 0.105469 0.619145 0.105469 0.617181 0.107423 0.615231 0.107423 0.61328 0.091795 0.61328
0 0.851565 0.783202 0.851565 0.785152 0.849611 0.787103 0.849611 0.789067 0.847656 0.791017 0.847656 0.792967 0.845702 0.794918 0.845702 0.796881 0.851565 0.796881 0.853514 0.794918 0.853514 0.792967 0.855468 0.791017 0.855468 0.787103 0.857422 0.785152 0.857422 0.783202
0 0.749999 0.960938 0.748045 0.962889 0.744141 0.962889 0.744141 0.970704 0.742187 0.972654 0.742187 0.978518 0.749999 0.978518
0 0.759765 0.562504 0.759765 0.564455 0.75781 0.566405 0.75781 0.568355 0.771484 0.568355 0.773439 0.57032 0.773439 0.562504
0 0.859376 0.742191 0.859376 0.750006 0.857422 0.751956 0.857422 0.757807 0.867188 0.757807 0.867188 0.742191
0 0.376951 0.980469 0.376951 0.984369 0.375002 0.986333 0.375002 0.992184 0.373048 0.994134 0.373048 0.996099 0.382814 0.996099 0.382814 0.988284 0.384768 0.986333 0.384768 0.982419 0.382814 0.980469
0 0.416014 0.490234 0.416014 0.5039 0.419922 0.5039 0.421877 0.505864 0.421877 0.498049 0.423826 0.496099 0.423826 0.490234
0 0.187498 0.48437 0.185549 0.486333 0.179687 0.486333 0.179687 0.494135 0.177733 0.496099 0.177733 0.50195 0.185549 0.50195 0.185549 0.494135 0.187498 0.492184
0 0.271482 0.748042 0.271482 0.751956 0.269533 0.753907 0.269533 0.759771 0.267579 0.761722 0.267579 0.763672 0.27539 0.763672 0.277344 0.765622 0.277344 0.757807 0.279299 0.755857 0.279299 0.750006 0.273436 0.750006
0 0.884765 0.59375 0.882811 0.5957 0.882811 0.601565 0.880862 0.603516 0.880862 0.605465 0.882811 0.605465 0.884765 0.607416 0.884765 0.603516 0.886719 0.601565 0.886719 0.5957 0.888673 0.59375
0 0.841799 0.48437 0.833982 0.492184 0.835936 0.492184 0.839845 0.496099 0.847656 0.488284 0.845702 0.488284
0 0.816405 0.07812 0.816405 0.082035 0.814451 0.083985 0.814451 0.089849 0.812502 0.0918 0.812502 0.09375 0.820313 0.09375 0.822267 0.0957 0.822267 0.087886 0.824216 0.085936 0.824216 0.080085 0.818359 0.080085
0 0.421877 0.453124 0.421877 0.466804 0.427734 0.466804 0.427734 0.460939 0.429688 0.458988 0.429688 0.455074 0.423826 0.455074
0 0.546877 0.050776 0.546877 0.05274 0.544923 0.05469 0.544923 0.05664 0.542969 0.05859 0.560546 0.05859 0.560546 0.05469 0.5625 0.05274 0.5625 0.050776
0 0.749999 0.60938 0.749999 0.617181 0.763673 0.617181 0.765627 0.619145 0.765627 0.61133 0.751953 0.61133
0 0.843748 0.716796 0.843748 0.732426 0.851565 0.732426 0.851565 0.716796
0 0.427734 0.533209 0.427734 0.54101 0.42578 0.542974 0.42578 0.548825 0.429688 0.548825 0.429688 0.542974 0.431642 0.54101 0.431642 0.533209
0 0.267579 0.767572 0.267579 0.773437 0.265624 0.775387 0.265624 0.779302 0.273436 0.779302 0.273436 0.773437 0.27539 0.771487 0.27539 0.767572
0 0.886719 0.529294 0.886719 0.535159 0.884765 0.537109 0.884765 0.542974 0.890623 0.542974 0.892577 0.544924 0.892577 0.537109 0.894531 0.535159 0.894531 0.529294
0 0.808593 0.771487 0.808593 0.779302 0.806639 0.781252 0.806639 0.789067 0.812502 0.789067 0.812502 0.785152 0.814451 0.783202 0.814451 0.777338 0.816405 0.775387 0.816405 0.773437 0.810547 0.773437
0 0.384768 0.660156 0.384768 0.669921 0.408202 0.669921 0.410157 0.671871 0.410157 0.667971 0.412111 0.66602 0.412111 0.662106 0.386717 0.662106
0 0.402345 0.703131 0.402345 0.710932 0.400391 0.712896 0.400391 0.718747 0.410157 0.718747 0.410157 0.710932 0.412111 0.708982 0.412111 0.703131
0 0.304687 0.796881 0.304687 0.802732 0.318362 0.802732 0.318362 0.796881
0 0.44922 0.664057 0.44922 0.671871 0.466797 0.671871 0.466797 0.669921 0.464843 0.667971 0.464843 0.664057
0 0.552735 0.009765 0.552735 0.015629 0.564454 0.015629 0.564454 0.009765
0 0.548826 0.707031 0.548826 0.712896 0.564454 0.712896 0.566409 0.714846 0.566409 0.708982 0.55078 0.708982
0 0.087892 0.62891 0.087892 0.630861 0.085938 0.632811 0.085938 0.634761 0.099612 0.634761 0.101561 0.636725 0.101561 0.630861 0.089846 0.630861
0 0.439454 0.103516 0.439454 0.10938 0.4375 0.11133 0.4375 0.115231 0.443357 0.115231 0.443357 0.11133 0.445311 0.10938 0.445311 0.103516
0 0.937502 0.333978 0.935548 0.335942 0.935548 0.337893 0.933594 0.339843 0.935548 0.339843 0.937502 0.341793 0.939451 0.341793 0.94336 0.345707 0.945314 0.345707 0.947268 0.347658 0.947268 0.345707 0.949217 0.343743 0.949217 0.341793 0.947268 0.341793 0.94336 0.337893 0.941406 0.337893
0 0.742187 0.355473 0.740233 0.357423 0.734376 0.357423 0.734376 0.365238 0.732421 0.367188 0.732421 0.373053 0.742187 0.373053
0 0.406248 0.968754 0.406248 0.974605 0.419922 0.974605 0.419922 0.968754
0 0.384768 0.671871 0.384768 0.675786 0.382814 0.677736 0.382814 0.679687 0.408202 0.679687 0.410157 0.681636 0.410157 0.673821 0.408202 0.671871
0 0.830079 0.529294 0.830079 0.533209 0.828125 0.535159 0.828125 0.54101 0.826171 0.542974 0.826171 0.544924 0.833982 0.544924 0.835936 0.546875 0.835936 0.53906 0.837891 0.537109 0.837891 0.529294
0 0.761719 0.921878 0.761719 0.925779 0.759765 0.927729 0.759765 0.933593 0.75781 0.935544 0.75781 0.937494 0.765627 0.937494 0.765627 0.931643 0.767576 0.929693 0.767576 0.921878
0 0.744141 0.66602 0.744141 0.667971 0.742187 0.669921 0.742187 0.671871 0.755861 0.671871 0.75781 0.673821 0.75781 0.66602
0 0.876954 0.335942 0.876954 0.341793 0.874999 0.343743 0.874999 0.347658 0.880862 0.347658 0.880862 0.341793 0.882811 0.339843 0.882811 0.335942
0 0.742187 0.984369 0.740233 0.986333 0.740233 0.988284 0.738279 0.990234 0.738279 0.992184 0.73633 0.994134 0.73633 0.996099 0.734376 0.998049 0.746095 0.998049 0.746095 0.992184 0.748045 0.990234 0.748045 0.984369
0 0.44922 0.53906 0.44922 0.544924 0.447265 0.546875 0.447265 0.552739 0.455077 0.552739 0.455077 0.53906
0 0.867188 0.783202 0.867188 0.791017 0.865234 0.792967 0.865234 0.800782 0.871096 0.800782 0.873045 0.802732 0.873045 0.798832 0.874999 0.796881 0.874999 0.791017 0.876954 0.789067 0.876954 0.785152 0.869142 0.785152
0 0.785159 0.990234 0.785159 0.996099 0.783204 0.998049 0.783204 1 0.791016 1 0.791016 0.990234
0 0.740233 0.300782 0.740233 0.314448 0.748045 0.314448 0.748045 0.300782