0 0.980465 0.232421 0.978513 0.234377 0.978513 0.236327 0.976561 0.238283 0.978513 0.240233 0.978513 0.242189 0.980465 0.244139 0.980465 0.246095 0.982426 0.248044 0.982426 0.250001 0.984377 0.251951 0.986329 0.250001 0.988281 0.250001 0.990232 0.248044 0.992184 0.248044 0.992184 0.246095 0.994145 0.244139 0.988281 0.238283 0.988281 0.236327 0.984377 0.232421
0 0.857425 0.328125 0.855473 0.330081 0.853513 0.330081 0.853513 0.335937 0.855473 0.337893 0.855473 0.339843 0.857425 0.341799 0.859377 0.341799 0.86328 0.345705 0.865232 0.345705 0.869144 0.349611 0.873048 0.345705 0.875 0.345705 0.875 0.343748 0.876951 0.341799 0.875 0.339843 0.875 0.337893 0.873048 0.335937 0.871096 0.335937 0.867184 0.332031 0.865232 0.332031 0.861328 0.328125
0 1 0.132812 1 0.134768 1 0.134768 1 0.136718 1 0.138674 0.996097 0.14258 0.996097 0.144529 0.998048 0.146485 0.998048 0.148435 1 0.148435 1 0.146485 1 0.144529 1 0.140623 1 0.138674 1 0.136718
0 0.66406 0.601562 0.66406 0.603518 0.662108 0.605468 0.662108 0.609374 0.660156 0.61133 0.660156 0.615236 0.658205 0.617186 0.658205 0.619142 0.662108 0.623048 0.66406 0.623048 0.666012 0.624997 0.667972 0.623048 0.667972 0.621092 0.671876 0.617186 0.671876 0.615236 0.675779 0.61133 0.675779 0.609374 0.677731 0.607424 0.675779 0.607424 0.673828 0.605468 0.671876 0.605468 0.669924 0.603518 0.669924 0.601562
0 0.718753 0.517576 0.718753 0.519532 0.716793 0.521482 0.716793 0.523438 0.714841 0.525388 0.714841 0.527344 0.712889 0.529294 0.712889 0.53125 0.714841 0.533206 0.714841 0.535156 0.716793 0.535156 0.718753 0.537112 0.724608 0.537112 0.72656 0.535156 0.72656 0.533206 0.728512 0.53125 0.728512 0.529294 0.730473 0.527344 0.730473 0.525388 0.732424 0.523438 0.732424 0.519532 0.730473 0.517576
0 0.736328 0.501953 0.734376 0.503909 0.732424 0.503909 0.728512 0.507815 0.732424 0.511721 0.734376 0.511721 0.73828 0.515627 0.740231 0.515627 0.744144 0.519532 0.748047 0.519532 0.748047 0.517576 0.749999 0.515627 0.748047 0.51367 0.748047 0.511721 0.746096 0.509764 0.746096 0.507815 0.744144 0.507815 0.740231 0.503909 0.73828 0.503909
0 0.906254 0.380857 0.904293 0.382814 0.902342 0.382814 0.902342 0.384763 0.904293 0.38672 0.904293 0.388669 0.916013 0.400393 0.917965 0.398437 0.923829 0.398437 0.923829 0.390625 0.921877 0.388669 0.919925 0.388669 0.916013 0.384763 0.914061 0.384763 0.910158 0.380857
8 0.960939 0.833985 0.958987 0.835934 0.949219 0.835934 0.947267 0.83789 0.941403 0.83789 0.9375 0.841796 0.935548 0.841796 0.931645 0.845702 0.929684 0.845702 0.921877 0.853514 0.921877 0.85547 0.919925 0.85742 0.919925 0.861326 0.917965 0.863282 0.917965 0.865232 0.916013 0.867188 0.916013 0.869138 0.912109 0.87305 0.912109 0.875 0.910158 0.876956 0.910158 0.880862 0.908206 0.882811 0.908206 0.904297 0.910158 0.906253 0.910158 0.917971 0.912109 0.91992 0.912109 0.927732 0.914061 0.929688 0.914061 0.931638 0.916013 0.933594 0.916013 0.935544 0.92578 0.945312 0.927732 0.945312 0.931645 0.949218 0.933596 0.949218 0.9375 0.953123 0.939452 0.953123 0.941403 0.95508 0.943355 0.95508 0.945316 0.95703 0.947267 0.95703 0.949219 0.958986 0.955074 0.958986 0.957035 0.960935 0.960939 0.960935 0.96289 0.962892 0.976561 0.962892 0.978513 0.964841 0.980465 0.962892 0.986329 0.962892 0.988281 0.960935 0.998048 0.960935 1 0.958986 1 0.958986 1 0.95703 1 0.95703 1 0.95508 1 0.95508 1 0.951174 1 0.951174 1 0.949218 1 0.949218 1 0.941406 1 0.939456 1 0.935544 1 0.933594 1 0.931638 1 0.927732 1 0.925782 1 0.917971 1 0.916014 1 0.894529 1 0.892579 1 0.882811 1 0.880862 1 0.876956 1 0.875 1 0.87305 1 0.871094 1 0.867188 1 0.865232 1 0.863282 1 0.85742 1 0.85547 1 0.851564 1 0.851564 1 0.849608 1 0.849608 1 0.845702 1 0.845702 1 0.841796 0.998048 0.841796 0.996097 0.839847 0.994145 0.839847 0.992184 0.83789 0.988281 0.83789 0.986329 0.835934 0.984377 0.835934 0.982426 0.833985
8 1 0.664063 1 0.666012 1 0.666012 1 0.667969 1 0.667969 1 0.669925 1 0.669925 1 0.673831 0.998048 0.673831 0.996097 0.67578 0.994145 0.67578 0.984377 0.685549 0.984377 0.687498 0.982426 0.689454 0.982426 0.691404 0.980465 0.69336 0.980465 0.71289 0.982426 0.714846 0.982426 0.720701 0.984377 0.722657 0.984377 0.724607 0.988281 0.728513 0.988281 0.730469 0.994145 0.736331 0.996097 0.736331 1 0.742187 1 0.742187 1 0.744143 1 0.744143 1 0.746093 1 0.746093 1 0.744143 1 0.744143 1 0.742187 1 0.742187 1 0.740237 1 0.740237 1 0.738281 1 0.738281 1 0.730469 1 0.728513 1 0.726563 1 0.724607 1 0.722657 1 0.718751 1 0.716795 1 0.708984 1 0.707034 1 0.699216 1 0.697266 1 0.691404 1 0.689454 1 0.685549 1 0.683592 1 0.679686 1 0.677737 1 0.67578 1 0.673831 1 0.673831 1 0.669925 1 0.669925 1 0.667969 1 0.667969 1 0.666012 1 0.666012 1 0.664063
8 0.884767 0.564453 0.882815 0.56641 0.876951 0.56641 0.875 0.568359 0.869144 0.568359 0.867184 0.570315 0.865232 0.570315 0.86328 0.572265 0.861328 0.572265 0.857425 0.576171 0.857425 0.578127 0.853513 0.582033 0.853513 0.585939 0.851561 0.587888 0.851561 0.597656 0.853513 0.599612 0.853513 0.601562 0.855473 0.603518 0.855473 0.605468 0.859377 0.609374 0.859377 0.61133 0.86328 0.615236 0.86328 0.617186 0.865232 0.619142 0.869144 0.619142 0.871096 0.621092 0.873048 0.621092 0.875 0.623048 0.876951 0.623048 0.878903 0.624997 0.890622 0.624997 0.892574 0.623048 0.896487 0.623048 0.898438 0.621092 0.902342 0.621092 0.906254 0.617186 0.908206 0.617186 0.910158 0.615236 0.910158 0.61133 0.912109 0.609374 0.912109 0.583982 0.910158 0.582033 0.910158 0.580077 0.906254 0.576171 0.906254 0.574221 0.904293 0.572265 0.902342 0.572265 0.898438 0.568359 0.894535 0.568359 0.892574 0.56641 0.886719 0.56641
0 0.705082 0.41406 0.703121 0.416017 0.70117 0.416017 0.70117 0.421873 0.712889 0.433597 0.714841 0.433597 0.720705 0.427734 0.722657 0.427734 0.724608 0.425778 0.724608 0.423829 0.722657 0.423829 0.718753 0.419923 0.716793 0.419923 0.712889 0.416017 0.710937 0.416017 0.708986 0.41406
0 0.744144 0.560547 0.742183 0.562497 0.73828 0.562497 0.73828 0.564453 0.736328 0.56641 0.736328 0.568359 0.73828 0.570315 0.73828 0.572265 0.740231 0.574221 0.742183 0.574221 0.748047 0.580077 0.753902 0.580077 0.753902 0.578127 0.755863 0.576171 0.755863 0.572265 0.751951 0.568359 0.749999 0.568359 0.744144 0.562497
0 0.822267 0.376951 0.822267 0.378908 0.820315 0.380857 0.820315 0.384763 0.822267 0.384763 0.824219 0.38672 0.828122 0.38672 0.830074 0.388669 0.832035 0.388669 0.833986 0.390625 0.835938 0.390625 0.83789 0.392575 0.839841 0.390625 0.841793 0.390625 0.841793 0.38672 0.839841 0.384763 0.839841 0.382814 0.83789 0.382814 0.835938 0.380857 0.832035 0.380857 0.830074 0.378908 0.828122 0.378908 0.82617 0.376951
0 0.849609 0.343748 0.849609 0.345705 0.847657 0.347654 0.847657 0.35156 0.849609 0.353516 0.849609 0.355466 0.851561 0.355466 0.853513 0.357422 0.855473 0.357422 0.859377 0.361328 0.861328 0.361328 0.86328 0.363284 0.865232 0.363284 0.867184 0.365234 0.873048 0.365234 0.875 0.363284 0.875 0.361328 0.876951 0.359372 0.873048 0.355466 0.871096 0.355466 0.867184 0.35156 0.865232 0.35156 0.861328 0.347654 0.859377 0.347654 0.855473 0.343748
0 0.744144 0.494141 0.740231 0.498047 0.73828 0.498047 0.73828 0.501953 0.740231 0.501953 0.744144 0.505858 0.746096 0.505858 0.749999 0.509764 0.753902 0.509764 0.755863 0.507815 0.757815 0.507815 0.759767 0.505858 0.748047 0.494141
8 1 0.468749 1 0.470706 1 0.470706 1 0.472656 1 0.472656 1 0.474612 1 0.474612 1 0.478517 1 0.478517 1 0.482423 1 0.482423 1 0.488279 1 0.488279 1 0.49609 1 0.498047 0.998048 0.501953 0.998048 0.511721 0.996097 0.51367 0.996097 0.544924 0.998048 0.546873 0.998048 0.556641 1 0.560547 1 0.562497 1 0.580077 1 0.580077 1 0.582033 1 0.582033 1 0.583982 1 0.583982 1 0.585939 1 0.585939 1 0.587888 1 0.587888 1 0.589845 1 0.589845 1 0.587888 1 0.587888 1 0.585939 1 0.585939 1 0.583982 1 0.583982 1 0.580077 1 0.580077 1 0.578127 1 0.578127 1 0.56641 1 0.564453 1 0.562497 1 0.560547 1 0.558591 1 0.556641 1 0.554685 1 0.552736 1 0.550779 1 0.546873 1 0.544924 1 0.527344 1 0.525388 1 0.517576 1 0.515627 1 0.511721 1 0.509764 1 0.505858 1 0.503909 1 0.501953 1 0.500003 1 0.498047 1 0.49609 1 0.494141 1 0.492185 1 0.490235 1 0.486329 1 0.486329 1 0.482423 1 0.482423 1 0.480467 1 0.480467 1 0.476561 1 0.476561 1 0.474612 1 0.474612 1 0.472656 1 0.472656 1 0.470706 1 0.470706 1 0.468749
0 0.888671 0.482423 0.886719 0.484373 0.884767 0.484373 0.882815 0.486329 0.878903 0.486329 0.878903 0.492185 0.880864 0.494141 0.884767 0.494141 0.886719 0.492185 0.888671 0.492185 0.890622 0.490235 0.892574 0.490235 0.892574 0.482423
0 0.875 0.417967 0.871096 0.421873 0.871096 0.425778 0.873048 0.427734 0.875 0.427734 0.878903 0.43164 0.880864 0.43164 0.884767 0.435546 0.888671 0.435546 0.890622 0.433597 0.890622 0.43164 0.892574 0.429691 0.892574 0.427734 0.890622 0.425778 0.888671 0.425778 0.884767 0.421873 0.882815 0.421873 0.878903 0.417967
0 0.785157 0.521482 0.785157 0.529294 0.789061 0.533206 0.789061 0.535156 0.792973 0.539062 0.796876 0.539062 0.798828 0.537112 0.798828 0.533206 0.796876 0.53125 0.796876 0.529294 0.792973 0.525388 0.792973 0.523438 0.791012 0.521482
0 0.767583 0.541018 0.765622 0.542968 0.765622 0.544924 0.76367 0.546873 0.769534 0.552736 0.769534 0.554685 0.773438 0.558591 0.779293 0.558591 0.779293 0.556641 0.781254 0.554685 0.781254 0.550779 0.777341 0.546873 0.775389 0.546873 0.769534 0.541018
0 0.964842 0.318357 0.964842 0.320313 0.96289 0.322263 0.96289 0.328125 0.964842 0.330081 0.966794 0.330081 0.970706 0.333987 0.972658 0.333987 0.976561 0.337893 0.980465 0.337893 0.982426 0.335937 0.984377 0.335937 0.984377 0.330081 0.982426 0.328125 0.980465 0.328125 0.976561 0.324219 0.974609 0.324219 0.970706 0.320313 0.966794 0.320313
8 0.767583 0.75781 0.765622 0.759767 0.76367 0.759767 0.761718 0.761716 0.757815 0.761716 0.755863 0.763673 0.753902 0.763673 0.749999 0.767578 0.749999 0.769534 0.746096 0.77344 0.746096 0.77539 0.744144 0.777346 0.744144 0.779296 0.742183 0.781252 0.742183 0.783201 0.740231 0.785158 0.740231 0.791014 0.73828 0.79297 0.73828 0.806644 0.740231 0.808593 0.740231 0.810549 0.742183 0.812499 0.742183 0.814456 0.744144 0.816405 0.744144 0.818361 0.746096 0.820311 0.746096 0.822267 0.748047 0.824217 0.748047 0.826173 0.749999 0.828123 0.751951 0.828123 0.757815 0.833985 0.759767 0.833985 0.76367 0.83789 0.775389 0.83789 0.777341 0.839847 0.792973 0.839847 0.794925 0.83789 0.80078 0.83789 0.804683 0.833985 0.806644 0.833985 0.812499 0.828123 0.812499 0.826173 0.816403 0.822267 0.816403 0.820311 0.818363 0.818361 0.818363 0.816405 0.820315 0.814456 0.820315 0.791014 0.818363 0.789064 0.818363 0.787107 0.816403 0.785158 0.816403 0.783201 0.814451 0.781252 0.814451 0.779296 0.808596 0.77344 0.806644 0.77344 0.80078 0.767578 0.798828 0.767578 0.794925 0.763673 0.791012 0.763673 0.789061 0.761716 0.787109 0.761716 0.785157 0.759767 0.777341 0.759767 0.775389 0.75781
0 0.812499 0.501953 0.810548 0.503909 0.808596 0.503909 0.810548 0.505858 0.810548 0.507815 0.812499 0.509764 0.812499 0.511721 0.824219 0.523438 0.82617 0.521482 0.828122 0.521482 0.828122 0.519532 0.830074 0.517576 0.830074 0.515627 0.818363 0.503909 0.814451 0.503909
0 0.990232 0.30469 0.988281 0.306639 0.988281 0.308596 0.986329 0.310545 0.988281 0.312501 0.988281 0.314451 0.992184 0.318357 0.992184 0.320313 0.994145 0.322263 1 0.322263 1 0.320313 1 0.316407 0.996097 0.310545 0.996097 0.308596 0.992184 0.30469
1 0.791012 0.072268 0.789061 0.074217 0.783205 0.074217 0.781254 0.076173 0.781254 0.078123 0.779293 0.080079 0.779293 0.082029 0.775389 0.085935 0.775389 0.087891 0.773438 0.089847 0.773438 0.091797 0.771486 0.093753 0.771486 0.095702 0.767583 0.099608 0.767583 0.101565 0.765622 0.103514 0.765622 0.105471 0.761718 0.109376 0.761718 0.111326 0.759767 0.113282 0.759767 0.115232 0.757815 0.117188 0.757815 0.119138 0.759767 0.119138 0.761718 0.121094 0.76367 0.121094 0.765622 0.123044 0.771486 0.123044 0.773438 0.121094 0.773438 0.119138 0.775389 0.117188 0.775389 0.115232 0.779293 0.111326 0.779293 0.109376 0.781254 0.10742 0.781254 0.105471 0.785157 0.101565 0.785157 0.099608 0.789061 0.095702 0.789061 0.093753 0.791012 0.091797 0.791012 0.089847 0.794925 0.085935 0.794925 0.083985 0.796876 0.082029 0.796876 0.080079 0.798828 0.078123 0.798828 0.074217 0.796876 0.074217 0.794925 0.072268
0 0.839841 0.355466 0.839841 0.357422 0.83789 0.359372 0.83789 0.365234 0.839841 0.365234 0.841793 0.36719 0.843754 0.36719 0.847657 0.371096 0.849609 0.371096 0.851561 0.373046 0.855473 0.373046 0.859377 0.36914 0.859377 0.363284 0.857425 0.363284 0.855473 0.361328 0.853513 0.361328 0.849609 0.357422 0.847657 0.357422 0.845706 0.355466
0 0.707034 0.541018 0.705082 0.542968 0.705082 0.544924 0.703121 0.546873 0.703121 0.54883 0.70117 0.550779 0.703121 0.552736 0.703121 0.554685 0.705082 0.554685 0.707034 0.556641 0.710937 0.552736 0.710937 0.550779 0.714841 0.546873 0.714841 0.542968 0.712889 0.541018
0 0.861328 0.427734 0.861328 0.429691 0.859377 0.43164 0.859377 0.437503 0.861328 0.437503 0.86328 0.439452 0.865232 0.439452 0.869144 0.443358 0.871096 0.443358 0.873048 0.445314 0.876951 0.445314 0.878903 0.443358 0.880864 0.443358 0.880864 0.437503 0.878903 0.435546 0.876951 0.435546 0.875 0.433597 0.873048 0.433597 0.869144 0.429691 0.867184 0.429691 0.865232 0.427734
0 0.960939 0.244139 0.958987 0.246095 0.957035 0.246095 0.957035 0.255857 0.958987 0.257813 0.958987 0.259769 0.96289 0.263675 0.96289 0.265624 0.964842 0.267581 0.972658 0.267581 0.974609 0.265624 0.974609 0.261719 0.968755 0.255857 0.968755 0.253907 0.96289 0.248044 0.96289 0.246095
1 0.220703 0.863282 0.216799 0.867188 0.214848 0.867188 0.212887 0.869138 0.212887 0.871094 0.208983 0.875 0.208983 0.876956 0.203128 0.882811 0.203128 0.884768 0.199216 0.888673 0.199216 0.890623 0.193361 0.896485 0.203128 0.906253 0.20508 0.904297 0.207032 0.904297 0.208983 0.90234 0.210935 0.90234 0.212887 0.900391 0.212887 0.898435 0.214848 0.896485 0.214848 0.894529 0.216799 0.892579 0.216799 0.890623 0.218751 0.888673 0.218751 0.886717 0.220703 0.884768 0.220703 0.882811 0.222654 0.880862 0.222654 0.878906 0.224606 0.876956 0.224606 0.875 0.226567 0.87305 0.226567 0.871094 0.228519 0.869138 0.226567 0.867188 0.226567 0.865232 0.222654 0.865232
0 0.996097 0.20508 0.992184 0.208986 0.990232 0.208986 0.990232 0.212892 0.992184 0.214841 0.992184 0.220704 0.994145 0.222653 0.994145 0.226566 0.998048 0.226566 1 0.228515 1 0.228515 1 0.226566 1 0.22461 1 0.222653 1 0.220704 1 0.216798 1 0.214841 1 0.210936 1 0.208986 1 0.20703 0.998048 0.20703
0 0.679692 0.582033 0.679692 0.583982 0.677731 0.585939 0.677731 0.587888 0.675779 0.589845 0.675779 0.591794 0.673828 0.593751 0.673828 0.5957 0.671876 0.597656 0.671876 0.603518 0.673828 0.603518 0.675779 0.605468 0.677731 0.603518 0.681643 0.603518 0.681643 0.601562 0.683595 0.599612 0.683595 0.597656 0.685547 0.5957 0.685547 0.593751 0.687499 0.591794 0.687499 0.585939 0.683595 0.582033
8 0.853513 0.808593 0.851561 0.810549 0.845706 0.810549 0.839841 0.816405 0.83789 0.816405 0.830074 0.824217 0.828122 0.824217 0.82617 0.826173 0.82617 0.828123 0.824219 0.830079 0.824219 0.835934 0.822267 0.83789 0.822267 0.861326 0.824219 0.863282 0.824219 0.869138 0.82617 0.871094 0.82617 0.87305 0.828122 0.875 0.828122 0.876956 0.830074 0.878906 0.830074 0.880862 0.833986 0.884768 0.833986 0.886717 0.83789 0.890623 0.839841 0.890623 0.843754 0.894529 0.857425 0.894529 0.859377 0.892579 0.869144 0.892579 0.871096 0.890623 0.875 0.890623 0.876951 0.888673 0.878903 0.888673 0.880864 0.886717 0.888671 0.886717 0.892574 0.882811 0.894535 0.882811 0.904293 0.87305 0.904293 0.871094 0.906254 0.869138 0.906254 0.867188 0.908206 0.865232 0.908206 0.859376 0.910158 0.85742 0.910158 0.841796 0.908206 0.839847 0.908206 0.833985 0.906254 0.832028 0.906254 0.830079 0.904293 0.828123 0.904293 0.826173 0.90039 0.822267 0.898438 0.822267 0.894535 0.818361 0.892574 0.818361 0.890622 0.816405 0.888671 0.816405 0.884767 0.812499 0.882815 0.812499 0.878903 0.808593
0 0.957035 0.328125 0.955074 0.330081 0.955074 0.332031 0.953123 0.333987 0.955074 0.335937 0.955074 0.337893 0.964842 0.347654 0.970706 0.347654 0.972658 0.345705 0.974609 0.345705 0.974609 0.341799 0.960939 0.328125
0 0.943355 0.343748 0.941403 0.345705 0.939452 0.345705 0.939452 0.347654 0.9375 0.349611 0.9375 0.35156 0.939452 0.353516 0.939452 0.355466 0.941403 0.357422 0.943355 0.357422 0.947267 0.361328 0.949219 0.361328 0.953123 0.365234 0.958987 0.365234 0.958987 0.363284 0.960939 0.361328 0.960939 0.359372 0.951171 0.349611 0.949219 0.349611
0 0.857425 0.439452 0.853513 0.443358 0.853513 0.445314 0.855473 0.447264 0.855473 0.44922 0.857425 0.44922 0.861328 0.453126 0.86328 0.453126 0.865232 0.455076 0.871096 0.455076 0.875 0.45117 0.873048 0.44922 0.873048 0.447264 0.871096 0.445314 0.869144 0.445314 0.867184 0.443358 0.86328 0.443358 0.861328 0.441408 0.859377 0.441408
0 0.691402 0.564453 0.687499 0.568359 0.687499 0.570315 0.683595 0.574221 0.683595 0.576171 0.685547 0.578127 0.685547 0.580077 0.693363 0.580077 0.695315 0.578127 0.695315 0.576171 0.697266 0.574221 0.697266 0.572265 0.699218 0.570315 0.699218 0.568359 0.697266 0.56641 0.697266 0.564453
0 0.798828 0.51367 0.796876 0.515627 0.794925 0.515627 0.794925 0.521482 0.798828 0.525388 0.80078 0.525388 0.808596 0.533206 0.810548 0.53125 0.814451 0.53125 0.814451 0.529294 0.816403 0.527344 0.814451 0.525388 0.814451 0.523438 0.810548 0.519532 0.808596 0.519532 0.802732 0.51367
0 0.761718 0.464844 0.761718 0.4668 0.759767 0.468749 0.759767 0.474612 0.761718 0.474612 0.765622 0.478517 0.767583 0.478517 0.771486 0.482423 0.779293 0.482423 0.781254 0.480467 0.781254 0.478517 0.779293 0.476561 0.779293 0.472656 0.777341 0.470706 0.775389 0.470706 0.773438 0.468749 0.771486 0.468749 0.769534 0.4668 0.767583 0.4668 0.765622 0.464844
0 0.888671 0.398437 0.886719 0.400393 0.886719 0.402343 0.884767 0.404299 0.884767 0.406249 0.886719 0.408206 0.888671 0.408206 0.892574 0.412111 0.894535 0.412111 0.898438 0.416017 0.904293 0.416017 0.906254 0.41406 0.906254 0.410155 0.898438 0.402343 0.896487 0.402343 0.892574 0.398437
0 0.896487 0.388669 0.894535 0.390625 0.892574 0.390625 0.892574 0.392575 0.894535 0.394531 0.894535 0.396488 0.906254 0.408206 0.908206 0.406249 0.912109 0.406249 0.914061 0.404299 0.916013 0.404299 0.914061 0.402343 0.914061 0.400393 0.910158 0.396488 0.908206 0.396488 0.90039 0.388669
0 0.777341 0.529294 0.775389 0.53125 0.773438 0.53125 0.773438 0.537112 0.779293 0.542968 0.779293 0.544924 0.783205 0.54883 0.785157 0.546873 0.789061 0.546873 0.789061 0.544924 0.791012 0.542968 0.791012 0.541018 0.785157 0.535156 0.785157 0.533206 0.781254 0.529294
0 0.976561 0.310545 0.976561 0.312501 0.974609 0.314451 0.974609 0.320313 0.978513 0.324219 0.980465 0.324219 0.986329 0.330081 0.992184 0.330081 0.992184 0.328125 0.994145 0.326169 0.994145 0.324219 0.990232 0.320313 0.990232 0.318357 0.982426 0.310545
8 0.832035 0.619142 0.830074 0.621092 0.824219 0.621092 0.822267 0.623048 0.816403 0.623048 0.814451 0.624997 0.812499 0.624997 0.810548 0.626954 0.808596 0.626954 0.796876 0.638671 0.796876 0.644534 0.794925 0.646483 0.794925 0.666012 0.796876 0.667969 0.796876 0.67578 0.798828 0.677737 0.798828 0.679686 0.814451 0.69531 0.816403 0.69531 0.818363 0.697266 0.820315 0.697266 0.822267 0.699216 0.835938 0.699216 0.83789 0.697266 0.845706 0.697266 0.847657 0.69531 0.849609 0.69531 0.851561 0.69336 0.855473 0.69336 0.857425 0.691404 0.859377 0.691404 0.86328 0.687498 0.865232 0.687498 0.873048 0.679686 0.873048 0.67578 0.875 0.673831 0.875 0.646483 0.873048 0.644534 0.873048 0.642577 0.871096 0.640628 0.871096 0.638671 0.867184 0.634765 0.867184 0.632809 0.865232 0.63086 0.86328 0.63086 0.861328 0.628903 0.859377 0.628903 0.855473 0.624997 0.853513 0.624997 0.849609 0.621092 0.843754 0.621092 0.841793 0.619142
0 0.767583 0.45117 0.765622 0.453126 0.765622 0.458982 0.769534 0.462887 0.771486 0.462887 0.779293 0.470706 0.781254 0.470706 0.785157 0.4668 0.787109 0.4668 0.787109 0.464844 0.785157 0.462887 0.785157 0.460938 0.783205 0.458982 0.781254 0.458982 0.777341 0.455076 0.775389 0.455076 0.771486 0.45117
0 0.972658 0.240233 0.970706 0.242189 0.966794 0.242189 0.966794 0.244139 0.964842 0.246095 0.964842 0.248044 0.970706 0.253907 0.970706 0.255857 0.974609 0.259769 0.978513 0.259769 0.980465 0.261719 0.984377 0.257813 0.984377 0.253907 0.978513 0.248044 0.978513 0.246095
0 0.949219 0.337893 0.947267 0.339843 0.947267 0.341799 0.945316 0.343748 0.949219 0.347654 0.951171 0.347654 0.958987 0.355466 0.960939 0.355466 0.96289 0.353516 0.964842 0.353516 0.964842 0.349611 0.953123 0.337893
1 0.23047 0.876956 0.228519 0.878906 0.228519 0.880862 0.224606 0.884768 0.224606 0.886717 0.220703 0.890623 0.220703 0.892579 0.214848 0.898435 0.214848 0.900391 0.210935 0.904297 0.210935 0.906253 0.208983 0.908203 0.210935 0.910159 0.210935 0.912109 0.212887 0.914065 0.214848 0.914065 0.218751 0.917971 0.220703 0.916014 0.222654 0.916014 0.224606 0.914065 0.224606 0.912109 0.226567 0.910159 0.226567 0.908203 0.23047 0.904297 0.23047 0.90234 0.234374 0.898435 0.234374 0.896485 0.236326 0.894529 0.236326 0.892579 0.240238 0.888673 0.240238 0.886717 0.24219 0.884768 0.240238 0.882811 0.240238 0.880862 0.236326 0.876956
8 0.673828 0.822267 0.671876 0.824217 0.660156 0.824217 0.658205 0.826173 0.654301 0.826173 0.652341 0.828123 0.648437 0.828123 0.642582 0.833985 0.640621 0.833985 0.636718 0.83789 0.636718 0.839847 0.632814 0.843753 0.632814 0.845702 0.630863 0.847658 0.630863 0.849608 0.628902 0.851564 0.628902 0.853514 0.62695 0.85547 0.62695 0.85742 0.624998 0.859376 0.624998 0.865232 0.623047 0.867188 0.623047 0.892579 0.624998 0.894529 0.624998 0.904297 0.62695 0.906253 0.62695 0.912109 0.628902 0.914065 0.628902 0.916014 0.632814 0.91992 0.632814 0.921877 0.634766 0.923826 0.634766 0.925782 0.644534 0.935544 0.646485 0.935544 0.650389 0.939456 0.652341 0.939456 0.656253 0.943362 0.662108 0.943362 0.66406 0.945312 0.669924 0.945312 0.671876 0.947268 0.681643 0.947268 0.683595 0.949218 0.693363 0.949218 0.695315 0.951174 0.705082 0.951174 0.707034 0.949218 0.712889 0.949218 0.714841 0.947268 0.720705 0.947268 0.722657 0.945312 0.724608 0.945312 0.72656 0.943362 0.730473 0.943362 0.732424 0.941406 0.734376 0.941406 0.751951 0.923826 0.751951 0.921877 0.753902 0.91992 0.753902 0.917971 0.755863 0.916014 0.755863 0.880862 0.753902 0.878906 0.753902 0.869138 0.751951 0.867188 0.751951 0.859376 0.749999 0.85742 0.749999 0.85547 0.748047 0.853514 0.748047 0.851564 0.746096 0.849608 0.746096 0.847658 0.744144 0.845702 0.744144 0.843753 0.740231 0.839847 0.740231 0.83789 0.736328 0.833985 0.734376 0.833985 0.732424 0.832028 0.730473 0.832028 0.728512 0.830079 0.72656 0.830079 0.724608 0.828123 0.722657 0.828123 0.718753 0.824217 0.716793 0.824217 0.714841 0.822267
0 0.749999 0.552736 0.746096 0.556641 0.746096 0.562497 0.749999 0.56641 0.751951 0.56641 0.759767 0.574221 0.761718 0.572265 0.765622 0.572265 0.767583 0.570315 0.767583 0.568359 0.765622 0.56641 0.765622 0.564453 0.76367 0.562497 0.761718 0.562497 0.755863 0.556641 0.753902 0.556641
1 0.886719 0.716795 0.884767 0.718751 0.880864 0.718751 0.880864 0.724607 0.882815 0.726563 0.882815 0.728513 0.884767 0.730469 0.941403 0.730469 0.943355 0.732419 0.947267 0.728513 0.947267 0.726563 0.949219 0.724607 0.949219 0.722657 0.929684 0.722657 0.927732 0.720701 0.910158 0.720701 0.908206 0.718751 0.888671 0.718751
0 0.816403 0.38672 0.814451 0.388669 0.814451 0.396488 0.816403 0.396488 0.818363 0.398437 0.820315 0.398437 0.822267 0.400393 0.824219 0.400393 0.82617 0.402343 0.833986 0.402343 0.833986 0.400393 0.835938 0.398437 0.835938 0.392575 0.833986 0.392575 0.832035 0.390625 0.830074 0.390625 0.828122 0.388669 0.824219 0.388669 0.822267 0.38672
1 0.615231 0.541018 0.615231 0.542968 0.613279 0.544924 0.613279 0.546873 0.611327 0.54883 0.611327 0.550779 0.609376 0.552736 0.611327 0.552736 0.613279 0.554685 0.615231 0.554685 0.617191 0.556641 0.619143 0.556641 0.623047 0.560547 0.624998 0.560547 0.62695 0.562497 0.628902 0.562497 0.630863 0.564453 0.632814 0.564453 0.634766 0.56641 0.636718 0.56641 0.638669 0.564453 0.638669 0.562497 0.640621 0.560547 0.638669 0.558591 0.638669 0.556641 0.636718 0.554685 0.634766 0.554685 0.630863 0.550779 0.628902 0.550779 0.624998 0.546873 0.623047 0.546873 0.619143 0.542968 0.617191 0.542968
8 0.9375 0.607424 0.935548 0.609374 0.92578 0.609374 0.923829 0.61133 0.921877 0.61133 0.919925 0.61328 0.916013 0.61328 0.910158 0.619142 0.908206 0.619142 0.904293 0.623048 0.904293 0.624997 0.90039 0.628903 0.90039 0.63086 0.898438 0.632809 0.898438 0.660157 0.90039 0.662106 0.90039 0.666012 0.902342 0.667969 0.902342 0.669925 0.904293 0.671875 0.904293 0.673831 0.908206 0.677737 0.910158 0.677737 0.914061 0.681643 0.916013 0.681643 0.919925 0.685549 0.921877 0.685549 0.92578 0.689454 0.927732 0.689454 0.929684 0.691404 0.931645 0.691404 0.933596 0.69336 0.947267 0.69336 0.949219 0.69531 0.951171 0.69336 0.958987 0.69336 0.960939 0.691404 0.966794 0.691404 0.976561 0.681643 0.976561 0.679686 0.978513 0.677737 0.978513 0.67578 0.980465 0.673831 0.980465 0.666012 0.982426 0.664063 0.982426 0.650389 0.980465 0.648439 0.980465 0.642577 0.978513 0.640628 0.978513 0.638671 0.976561 0.636722 0.976561 0.634765 0.974609 0.632809 0.974609 0.63086 0.972658 0.628903 0.972658 0.626954 0.970706 0.624997 0.970706 0.623048 0.960939 0.61328 0.958987 0.61328 0.957035 0.61133 0.955074 0.61133 0.953123 0.609374 0.943355 0.609374 0.941403 0.607424
0 0.882815 0.406249 0.880864 0.408206 0.878903 0.408206 0.878903 0.410155 0.880864 0.412111 0.880864 0.41406 0.882815 0.416017 0.884767 0.416017 0.890622 0.421873 0.894535 0.421873 0.896487 0.423829 0.896487 0.421873 0.898438 0.419923 0.898438 0.417967 0.894535 0.41406 0.892574 0.41406 0.888671 0.410155 0.886719 0.410155
0 0.994145 0.292965 0.994145 0.294922 0.992184 0.296878 0.992184 0.300784 1 0.312501 1 0.310545 1 0.310545 1 0.308596 1 0.306639 1 0.30469 1 0.292965
1 0.126957 0.85547 0.123044 0.859376 0.121093 0.859376 0.117189 0.863282 0.117189 0.865232 0.113286 0.869138 0.113286 0.871094 0.109373 0.875 0.109373 0.876956 0.10547 0.880862 0.10547 0.882811 0.103518 0.884768 0.103518 0.886717 0.099606 0.890623 0.099606 0.892579 0.095702 0.896485 0.095702 0.898435 0.091799 0.90234 0.091799 0.904297 0.087886 0.908203 0.087886 0.910159 0.085935 0.912109 0.085935 0.914065 0.087886 0.914065 0.089847 0.916014 0.09375 0.916014 0.095702 0.917971 0.097654 0.917971 0.099606 0.91992 0.101566 0.91992 0.103518 0.917971 0.103518 0.916014 0.10547 0.914065 0.10547 0.912109 0.109373 0.908203 0.109373 0.906253 0.111325 0.904297 0.111325 0.90234 0.113286 0.900391 0.113286 0.898435 0.117189 0.894529 0.117189 0.892579 0.119141 0.890623 0.119141 0.888673 0.123044 0.884768 0.123044 0.882811 0.124996 0.880862 0.124996 0.878906 0.126957 0.876956 0.126957 0.875 0.13086 0.871094 0.13086 0.869138 0.132812 0.867188 0.132812 0.865232 0.134764 0.863282 0.132812 0.861326 0.132812 0.859376 0.13086 0.859376
8 0.814451 0.914065 0.812499 0.916014 0.798828 0.916014 0.796876 0.917971 0.792973 0.917971 0.791012 0.91992 0.789061 0.91992 0.787109 0.921877 0.783205 0.921877 0.781254 0.923826 0.781254 0.925782 0.767583 0.939456 0.765622 0.939456 0.759767 0.945312 0.759767 0.947268 0.757815 0.949218 0.757815 0.953123 0.755863 0.95508 0.755863 0.958986 0.753902 0.960935 0.753902 0.998044 0.755863 1 0.755863 1 0.757815 1 0.757815 1 0.759767 1 0.759767 1 0.761718 1 0.761718 1 0.76367 1 0.76367 1 0.767583 1 0.769534 1 0.775389 1 0.777341 1 0.781254 1 0.783205 1 0.787109 1 0.789061 1 0.791012 1 0.796876 1 0.798828 1 0.804683 1 0.806644 1 0.835938 1 0.83789 1 0.845706 1 0.847657 1 0.849609 1 0.851561 1 0.855473 1 0.857425 1 0.859377 1 0.861328 1 0.86328 1 0.869144 1 0.871096 1 0.882815 1 0.882815 1 0.884767 1 0.884767 1 0.886719 1 0.886719 0.996095 0.888671 0.994138 0.888671 0.968747 0.886719 0.966797 0.886719 0.960935 0.884767 0.958986 0.884767 0.95703 0.882815 0.95508 0.882815 0.953123 0.880864 0.951174 0.880864 0.949218 0.878903 0.947268 0.878903 0.945312 0.873048 0.939456 0.873048 0.9375 0.861328 0.925782 0.859377 0.925782 0.855473 0.921877 0.851561 0.921877 0.849609 0.91992 0.847657 0.91992 0.845706 0.917971 0.841793 0.917971 0.839841 0.916014 0.835938 0.916014 0.833986 0.914065
0 0.636718 0.642577 0.632814 0.646483 0.632814 0.648439 0.628902 0.652345 0.628902 0.654295 0.630863 0.656251 0.630863 0.660157 0.634766 0.660157 0.636718 0.658201 0.638669 0.658201 0.640621 0.656251 0.642582 0.656251 0.642582 0.654295 0.644534 0.652345 0.644534 0.648439 0.646485 0.646483 0.646485 0.644534 0.644534 0.644534 0.642582 0.642577
0 0.60156 0.597656 0.599608 0.599612 0.599608 0.601562 0.597656 0.603518 0.597656 0.605468 0.595704 0.607424 0.595704 0.609374 0.593753 0.61133 0.593753 0.61328 0.591801 0.615236 0.591801 0.617186 0.58984 0.619142 0.591801 0.621092 0.591801 0.623048 0.595704 0.623048 0.597656 0.624997 0.599608 0.623048 0.599608 0.621092 0.605472 0.615236 0.605472 0.61328 0.611327 0.607424 0.611327 0.605468 0.613279 0.603518 0.611327 0.601562 0.611327 0.599612 0.609376 0.599612 0.607424 0.597656