0 0.509765 0.984375 0.509765 0.986328 0.507813 0.988281 0.507813 0.992188 0.505861 0.994142 0.505861 0.996095 0.503905 0.998049 0.503905 1 0.505861 1 0.507813 1 0.509765 1 0.511717 1 0.511717 1 0.513673 1 0.513673 0.996095 0.515625 0.994142 0.515625 0.990235 0.517577 0.988281 0.517577 0.986328 0.511717 0.986328
0 0.923828 0.261719 0.921876 0.263673 0.908204 0.263673 0.908204 0.265626 0.910156 0.267579 0.910156 0.269533 0.923828 0.269533
0 0.066405 0.041014 0.060545 0.046874 0.064453 0.050781 0.064453 0.052734 0.070313 0.058595 0.070313 0.060548 0.072265 0.060548 0.072265 0.058595 0.074218 0.056641 0.076173 0.058595 0.078125 0.056641 0.074218 0.052734 0.074218 0.050781 0.068361 0.044921 0.068361 0.042967
0 0.109374 0.667968 0.103514 0.673828 0.113282 0.683595 0.117186 0.679688 0.119142 0.679688 0.113282 0.673828 0.113282 0.671874
0 0.146483 0.632814 0.140626 0.63867 0.154298 0.652344 0.15625 0.650391 0.15625 0.648437 0.158203 0.646484 0.152343 0.640624 0.152343 0.63867
0 0.236328 0.595703 0.234376 0.597656 0.234376 0.59961 0.23242 0.601563 0.236328 0.60547 0.236328 0.607423 0.240236 0.611326 0.240236 0.61328 0.242188 0.61328 0.242188 0.611326 0.246093 0.607423 0.240236 0.601563 0.240236 0.59961
0 0.935548 0.330077 0.933593 0.33203 0.93164 0.33203 0.929688 0.333984 0.927733 0.333984 0.925781 0.335937 0.921876 0.335937 0.919921 0.337891 0.917968 0.337891 0.921876 0.341798 0.921876 0.343751 0.923828 0.345704 0.925781 0.343751 0.927733 0.343751 0.93164 0.339844 0.933593 0.339844 0.9375 0.335937 0.939453 0.335937 0.9375 0.333984 0.9375 0.33203
0 0.392579 0.894533 0.390626 0.896482 0.386719 0.896482 0.386719 0.900389 0.388671 0.902343 0.388671 0.908203 0.390626 0.910156 0.390626 0.914063 0.396483 0.914063 0.396483 0.910156 0.394531 0.908203 0.394531 0.900389 0.392579 0.898436
0 0.667968 0.32617 0.667968 0.328123 0.669923 0.330077 0.669923 0.333984 0.671876 0.33203 0.68164 0.33203 0.68164 0.328123 0.679688 0.32617
0 0.224608 0.679688 0.218751 0.685548 0.220704 0.687502 0.220704 0.689451 0.226564 0.695312 0.226564 0.697265 0.228516 0.699218 0.230468 0.697265 0.230468 0.695312 0.234376 0.691405 0.228516 0.685548 0.228516 0.683595
0 0.900392 0.980468 0.898436 0.982421 0.896484 0.982421 0.894532 0.984375 0.89258 0.984375 0.890624 0.986328 0.888672 0.986328 0.888672 0.988281 0.890624 0.990235 0.890624 0.994142 0.89258 0.992188 0.894532 0.992188 0.896484 0.990235 0.900392 0.990235 0.902344 0.988281 0.904296 0.988281 0.902344 0.986328 0.902344 0.984375 0.900392 0.982421
0 0.33203 0.91211 0.330078 0.914063 0.326173 0.914063 0.324218 0.916017 0.318358 0.916017 0.320313 0.91797 0.320313 0.919924 0.322266 0.921877 0.324218 0.919924 0.326173 0.919924 0.330078 0.916017 0.33203 0.916017
0 0.412111 0.888673 0.408203 0.89258 0.406251 0.89258 0.406251 0.898436 0.408203 0.900389 0.408203 0.908203 0.410156 0.90625 0.416015 0.90625 0.416015 0.902343 0.414063 0.900389 0.414063 0.894533 0.412111 0.89258
0 0.246093 0.857422 0.24414 0.859375 0.24414 0.861329 0.242188 0.863282 0.242188 0.865236 0.23828 0.869143 0.23828 0.871092 0.236328 0.873045 0.236328 0.874999 0.234376 0.876952 0.236328 0.876952 0.240236 0.880859 0.242188 0.880859 0.24414 0.882812 0.24414 0.880859 0.246093 0.878906 0.246093 0.876952 0.248048 0.874999 0.248048 0.873045 0.25 0.871092 0.25 0.869143 0.251952 0.867189 0.251952 0.865236 0.253905 0.863282 0.253905 0.861329 0.251952 0.861329 0.25 0.859375 0.248048 0.859375
0 0.89258 0.849608 0.888672 0.853515 0.886719 0.853515 0.888672 0.855468 0.888672 0.857422 0.89258 0.861329 0.89258 0.863282 0.894532 0.865236 0.898436 0.861329 0.896484 0.859375 0.896484 0.857422 0.894532 0.855468 0.894532 0.853515 0.89258 0.851562
0 0.171875 0.621093 0.167967 0.625 0.173827 0.630861 0.173827 0.632814 0.179687 0.63867 0.181639 0.636717 0.181639 0.634767 0.183595 0.632814
0 0.671876 0.298826 0.669923 0.30078 0.667968 0.30078 0.666016 0.302733 0.664063 0.302733 0.662108 0.304686 0.660156 0.304686 0.660156 0.30664 0.662108 0.308593 0.662108 0.310547 0.664063 0.308593 0.666016 0.308593 0.667968 0.30664 0.669923 0.30664 0.671876 0.304686 0.673828 0.304686 0.673828 0.302733 0.671876 0.30078
0 0.171875 0.636717 0.166015 0.642577 0.169923 0.646484 0.169923 0.648437 0.175783 0.654298 0.175783 0.656251 0.177735 0.658204 0.179687 0.656251 0.179687 0.654298 0.181639 0.652344 0.179687 0.650391 0.179687 0.648437 0.175783 0.64453 0.175783 0.642577 0.173827 0.640624 0.173827 0.63867
0 0.316406 0.529298 0.316406 0.544922 0.326173 0.544922 0.326173 0.529298
0 0.476564 0.429686 0.472656 0.433592 0.474609 0.435546 0.474609 0.437499 0.476564 0.439453 0.476564 0.441406 0.478516 0.44336 0.480469 0.441406 0.484376 0.441406 0.482421 0.439453 0.482421 0.437499 0.478516 0.433592 0.478516 0.431639
0 0.472656 0.898436 0.470704 0.900389 0.468749 0.900389 0.466796 0.902343 0.464844 0.902343 0.464844 0.904296 0.466796 0.90625 0.466796 0.910156 0.468749 0.91211 0.468749 0.914063 0.470704 0.91211 0.476564 0.91211 0.476564 0.910156 0.474609 0.908203 0.474609 0.902343 0.472656 0.900389
0 0.503905 0.453127 0.503905 0.458983 0.501953 0.460936 0.501953 0.466797 0.511717 0.466797 0.511717 0.460936 0.509765 0.458983 0.509765 0.453127
0 0.263672 0.529298 0.26172 0.531252 0.246093 0.531252 0.246093 0.539061 0.265625 0.539061 0.265625 0.535155 0.263672 0.533201
0 0.123046 0.654298 0.117186 0.660158 0.126954 0.669921 0.126954 0.671874 0.128906 0.673828 0.130858 0.671874 0.130858 0.669921 0.134766 0.666014
0 0.525389 0.453127 0.525389 0.466797 0.527345 0.466797 0.529297 0.46875 0.53125 0.46875 0.533202 0.470704 0.533202 0.46289 0.53125 0.460936 0.53125 0.453127
0 0.134766 0.669921 0.132814 0.671874 0.132814 0.673828 0.130858 0.675781 0.134766 0.679688 0.134766 0.681642 0.138671 0.685548 0.140626 0.683595 0.142578 0.683595 0.140626 0.681642 0.140626 0.679688 0.138671 0.677735 0.138671 0.675781 0.136718 0.673828 0.136718 0.671874
0 0.115234 0.660158 0.113282 0.662111 0.113282 0.664061 0.11133 0.666014 0.121094 0.675781 0.123046 0.673828 0.123046 0.671874 0.124999 0.669921
0 0.435548 0.857422 0.433595 0.859375 0.43164 0.859375 0.429688 0.861329 0.42578 0.861329 0.427735 0.863282 0.427735 0.865236 0.43164 0.869143 0.43164 0.871092 0.433595 0.873045 0.433595 0.874999 0.435548 0.876952 0.4375 0.874999 0.44336 0.874999 0.44336 0.873045 0.441407 0.871092 0.441407 0.869143 0.439452 0.867189 0.439452 0.865236 0.4375 0.863282 0.4375 0.861329 0.435548 0.859375
1 0.201171 0.271486 0.199219 0.273436 0.199219 0.275389 0.195312 0.279296 0.195312 0.281249 0.193359 0.283203 0.195312 0.285156 0.197267 0.285156 0.201171 0.289063 0.203124 0.289063 0.208984 0.294923 0.210936 0.294923 0.216796 0.30078 0.218751 0.30078 0.222656 0.304686 0.224608 0.304686 0.228516 0.308593 0.228516 0.30664 0.230468 0.304686 0.230468 0.302733 0.23242 0.30078 0.23242 0.298826 0.226564 0.29297 0.224608 0.29297 0.210936 0.279296 0.208984 0.279296
0 0.374999 0.767576 0.373047 0.76953 0.365234 0.76953 0.367187 0.771483 0.367187 0.773437 0.369142 0.77539 0.369142 0.777343 0.371094 0.779297 0.371094 0.78125 0.373047 0.783204 0.373047 0.785157 0.374999 0.783204 0.380859 0.783204 0.380859 0.78125 0.378906 0.779297 0.378906 0.777343 0.376954 0.77539 0.376954 0.771483 0.374999 0.76953
0 0.837891 0.291016 0.835938 0.29297 0.833983 0.29297 0.832031 0.294923 0.830079 0.294923 0.828126 0.296877 0.826171 0.296877 0.824219 0.298826 0.822266 0.298826 0.824219 0.30078 0.824219 0.302733 0.826171 0.304686 0.826171 0.30664 0.828126 0.304686 0.830079 0.304686 0.832031 0.302733 0.833983 0.302733 0.835938 0.30078 0.837891 0.30078 0.839843 0.298826 0.841795 0.298826 0.839843 0.296877 0.839843 0.294923 0.837891 0.29297
0 0.109374 0.986328 0.101562 0.994142 0.107422 1 0.109374 0.998049 0.109374 0.996095 0.113282 0.992188 0.113282 0.990235 0.115234 0.988281 0.11133 0.988281
0 0.324218 0.421876 0.322266 0.423829 0.318358 0.423829 0.318358 0.429686 0.320313 0.431639 0.320313 0.439453 0.322266 0.437499 0.330078 0.437499 0.330078 0.435546 0.328125 0.433592 0.328125 0.431639 0.326173 0.429686 0.326173 0.425783 0.324218 0.423829
0 0.298829 0.765627 0.298829 0.773437 0.296873 0.77539 0.296873 0.783204 0.306641 0.783204 0.306641 0.77539 0.304689 0.773437 0.304689 0.765627
0 0.23242 0.603517 0.230468 0.60547 0.228516 0.60547 0.226564 0.607423 0.224608 0.607423 0.226564 0.607423 0.230468 0.611326 0.230468 0.61328 0.236328 0.61914 0.240236 0.615233 0.23828 0.61328 0.23828 0.611326 0.234376 0.607423 0.234376 0.60547
0 0.45508 0.847655 0.451172 0.851562 0.44922 0.851562 0.44922 0.853515 0.451172 0.855468 0.451172 0.859375 0.453124 0.861329 0.453124 0.867189 0.45508 0.869143 0.45508 0.871092 0.457032 0.869143 0.458984 0.869143 0.460936 0.867189 0.464844 0.867189 0.462892 0.865236 0.462892 0.863282 0.460936 0.861329 0.460936 0.859375 0.458984 0.857422 0.458984 0.855468 0.457032 0.853515 0.457032 0.851562 0.45508 0.849608
0 0.753906 0.220705 0.753906 0.228515 0.751953 0.230468 0.751953 0.236329 0.759766 0.236329 0.759766 0.220705
0 0.392579 0.75586 0.390626 0.757813 0.388671 0.757813 0.386719 0.759767 0.384767 0.759767 0.384767 0.76172 0.386719 0.763674 0.386719 0.765627 0.388671 0.767576 0.388671 0.76953 0.390626 0.771483 0.390626 0.773437 0.392579 0.77539 0.392579 0.777343 0.396483 0.773437 0.396483 0.76953 0.394531 0.767576 0.394531 0.76172 0.392579 0.759767
0 0.996094 0.140627 0.988281 0.148436 1 0.160157 1 0.158203 1 0.15625 1 0.152343 1 0.146483 1 0.144529
0 0.486328 0.490234 0.482421 0.494141 0.482421 0.496094 0.484376 0.498048 0.484376 0.501954 0.486328 0.503908 0.486328 0.505861 0.488281 0.503908 0.494141 0.503908 0.492188 0.501954 0.492188 0.500001 0.490233 0.498048 0.490233 0.496094 0.488281 0.494141 0.488281 0.492187
0 0.970701 0.080078 0.970701 0.082032 0.968749 0.083985 0.968749 0.089846 0.966797 0.091795 0.966797 0.097655 0.964845 0.099609 0.964845 0.101562 0.972657 0.101562 0.974609 0.103516 0.974609 0.101562 0.976562 0.099609 0.976562 0.095702 0.978517 0.093748 0.978517 0.089846 0.980469 0.087892 0.980469 0.085939 0.978517 0.085939 0.974609 0.082032 0.972657 0.082032
0 0.306641 0.90625 0.304689 0.908203 0.304689 0.910156 0.302733 0.91211 0.308593 0.91797 0.308593 0.919924 0.312501 0.923826 0.314453 0.921877 0.314453 0.919924 0.316406 0.91797 0.310546 0.91211 0.310546 0.910156
0 0.328125 0.919924 0.324218 0.923826 0.322266 0.923826 0.324218 0.92578 0.324218 0.927733 0.326173 0.929687 0.326173 0.93164 0.328125 0.933593 0.328125 0.935547 0.330078 0.9375 0.33203 0.935547 0.333985 0.935547 0.335938 0.933593 0.33789 0.933593 0.335938 0.93164 0.335938 0.929687 0.330078 0.923826 0.330078 0.921877
0 0.544922 0.580079 0.542969 0.582033 0.542969 0.583986 0.539062 0.587889 0.539062 0.589843 0.537109 0.591796 0.541017 0.595703 0.546874 0.589843 0.548829 0.589843 0.552734 0.585936 0.550781 0.583986 0.548829 0.583986
0 0.808594 0.363281 0.806642 0.365235 0.804687 0.365235 0.802734 0.367188 0.800782 0.367188 0.79883 0.369142 0.796874 0.369142 0.796874 0.371095 0.79883 0.373048 0.79883 0.375002 0.800782 0.373048 0.804687 0.373048 0.806642 0.371095 0.808594 0.371095 0.810546 0.369142 0.814454 0.369142
0 0.361326 0.904296 0.359375 0.90625 0.357422 0.90625 0.35547 0.908203 0.353514 0.908203 0.353514 0.910156 0.35547 0.91211 0.35547 0.916017 0.357422 0.91797 0.357422 0.921877 0.359375 0.923826 0.359375 0.92578 0.363282 0.921877 0.365234 0.921877 0.365234 0.91797 0.363282 0.916017 0.363282 0.910156 0.361326 0.908203
0 0.279297 0.146483 0.277344 0.148436 0.275389 0.148436 0.273437 0.15039 0.269532 0.15039 0.269532 0.164064 0.279297 0.164064
0 0.083985 0.074218 0.08203 0.076172 0.062501 0.076172 0.062501 0.080078 0.064453 0.082032 0.064453 0.085939 0.066405 0.083985 0.072265 0.083985 0.074218 0.082032 0.083985 0.082032
0 0.423828 0.738283 0.421875 0.740236 0.421875 0.742186 0.417968 0.746093 0.419923 0.748046 0.419923 0.749999 0.421875 0.751953 0.421875 0.753906 0.423828 0.75586 0.423828 0.757813 0.42578 0.759767 0.429688 0.75586 0.43164 0.75586 0.433595 0.753906 0.43164 0.751953 0.43164 0.749999 0.427735 0.746093 0.427735 0.744139 0.42578 0.742186 0.42578 0.740236
0 0.310546 0.939454 0.306641 0.943361 0.304689 0.943361 0.306641 0.945314 0.306641 0.947268 0.308593 0.949217 0.308593 0.95117 0.310546 0.953124 0.310546 0.955077 0.312501 0.957031 0.314453 0.955077 0.316406 0.955077 0.318358 0.953124 0.320313 0.953124 0.318358 0.95117 0.318358 0.949217 0.312501 0.943361 0.312501 0.941407
0 0.353514 0.720702 0.34961 0.724609 0.347658 0.724609 0.34375 0.728516 0.341798 0.728516 0.33789 0.732423 0.335938 0.732423 0.33789 0.734376 0.339842 0.734376 0.34375 0.738283 0.351562 0.730469 0.353514 0.730469 0.357422 0.726562 0.35547 0.724609 0.35547 0.722655
0 0.179687 0.609377 0.177735 0.611326 0.177735 0.61328 0.175783 0.615233 0.177735 0.617186 0.179687 0.615233 0.189452 0.625 0.193359 0.621093 0.189452 0.617186 0.187499 0.617186
0 0.195312 0.601563 0.193359 0.603517 0.193359 0.60547 0.189452 0.609377 0.195312 0.615233 0.195312 0.617186 0.199219 0.621093 0.205079 0.615233 0.203124 0.61328 0.203124 0.611326 0.197267 0.60547 0.197267 0.603517
0 0.423828 0.859375 0.419923 0.863282 0.417968 0.863282 0.419923 0.865236 0.419923 0.867189 0.421875 0.869143 0.421875 0.871092 0.423828 0.873045 0.423828 0.874999 0.42578 0.876952 0.42578 0.878906 0.429688 0.874999 0.43164 0.874999 0.429688 0.873045 0.429688 0.871092 0.427735 0.869143 0.427735 0.867189 0.42578 0.865236 0.42578 0.863282 0.423828 0.861329
0 0.871095 0.263673 0.86914 0.265626 0.867187 0.265626 0.865235 0.267579 0.86328 0.267579 0.861327 0.269533 0.859375 0.269533 0.857423 0.271486 0.855468 0.271486 0.857423 0.273436 0.857423 0.275389 0.859375 0.277342 0.861327 0.275389 0.865235 0.275389 0.867187 0.273436 0.86914 0.273436 0.871095 0.271486 0.875 0.271486 0.873047 0.269533 0.873047 0.267579 0.871095 0.265626
0 0.960937 0.152343 0.957033 0.15625 0.955077 0.15625 0.951173 0.160157 0.949217 0.160157 0.951173 0.16211 0.951173 0.164064 0.953125 0.166017 0.953125 0.167971 0.955077 0.16992 0.960937 0.164064 0.962889 0.164064 0.966797 0.160157 0.962889 0.15625 0.962889 0.154297
0 0.86328 0.359374 0.861327 0.361328 0.859375 0.361328 0.855468 0.365235 0.853515 0.365235 0.851563 0.367188 0.849611 0.367188 0.853515 0.371095 0.853515 0.373048 0.855468 0.375002 0.859375 0.371095 0.861327 0.371095 0.865235 0.367188 0.867187 0.367188 0.865235 0.365235 0.865235 0.363281 0.86328 0.361328
0 0.197267 0.623047 0.195312 0.625 0.195312 0.626954 0.191407 0.630861 0.193359 0.632814 0.195312 0.632814 0.199219 0.636717 0.201171 0.636717 0.205079 0.640624 0.208984 0.636717 0.203124 0.630861 0.203124 0.628907
0 0.539062 0.453127 0.539062 0.460936 0.541017 0.46289 0.541017 0.470704 0.544922 0.470704 0.544922 0.46289 0.546874 0.460936 0.546874 0.453127
0 0.826171 0.261719 0.824219 0.263673 0.822266 0.263673 0.818359 0.267579 0.816406 0.267579 0.814454 0.269533 0.812499 0.269533 0.814454 0.271486 0.814454 0.273436 0.816406 0.275389 0.816406 0.277342 0.818359 0.275389 0.820311 0.275389 0.824219 0.271486 0.826171 0.271486 0.828126 0.269533 0.830079 0.269533 0.828126 0.267579 0.828126 0.265626 0.826171 0.263673
0 0.365234 0.880859 0.363282 0.882812 0.361326 0.882812 0.359375 0.884766 0.357422 0.884766 0.357422 0.886719 0.359375 0.888673 0.359375 0.890626 0.361326 0.89258 0.361326 0.894533 0.363282 0.896482 0.363282 0.898436 0.365234 0.896482 0.367187 0.896482 0.369142 0.894533 0.371094 0.894533 0.371094 0.89258 0.369142 0.890626 0.369142 0.888673 0.367187 0.886719 0.367187 0.884766 0.365234 0.882812
0 0.552734 0.48828 0.548829 0.492187 0.552734 0.496094 0.552734 0.498048 0.556642 0.501954 0.558594 0.500001 0.558594 0.498048 0.560546 0.496094
0 0.929688 0.183594 0.927733 0.185547 0.925781 0.185547 0.923828 0.187501 0.919921 0.187501 0.919921 0.201171 0.929688 0.201171
0 0.527345 0.500001 0.521485 0.505861 0.529297 0.513671 0.529297 0.515624 0.535157 0.521485 0.535157 0.519531 0.537109 0.517578 0.537109 0.515624 0.539062 0.513671 0.533202 0.507811 0.533202 0.505861
0 0.466796 0.015623 0.462892 0.01953 0.464844 0.021484 0.464844 0.023437 0.468749 0.027344 0.468749 0.029297 0.470704 0.031251 0.472656 0.029297 0.472656 0.027344 0.474609 0.025391 0.470704 0.021484 0.470704 0.01953
0 0.140626 0.199217 0.136718 0.203124 0.134766 0.203124 0.132814 0.205078 0.138671 0.210938 0.138671 0.212891 0.142578 0.216798 0.144531 0.214845 0.146483 0.214845 0.148438 0.212891 0.150391 0.212891 0.148438 0.210938 0.148438 0.208985 0.142578 0.203124 0.142578 0.201171
0 0.916016 0.359374 0.914064 0.361328 0.912108 0.361328 0.910156 0.363281 0.906248 0.363281 0.904296 0.365235 0.902344 0.365235 0.900392 0.367188 0.896484 0.367188 0.896484 0.371095 0.898436 0.373048 0.898436 0.376951 0.900392 0.375002 0.902344 0.375002 0.904296 0.373048 0.908204 0.373048 0.910156 0.371095 0.912108 0.371095 0.914064 0.369142 0.917968 0.369142 0.919921 0.367188 0.921876 0.367188 0.917968 0.363281 0.917968 0.361328
0 0.123046 0.681642 0.119142 0.685548 0.117186 0.685548 0.115234 0.687502 0.121094 0.693358 0.121094 0.695312 0.124999 0.699218 0.128906 0.695312 0.130858 0.695312 0.128906 0.693358 0.128906 0.691405 0.126954 0.689451 0.126954 0.687502 0.124999 0.685548 0.124999 0.683595
0 0.558594 0.550782 0.552734 0.556642 0.550781 0.556642 0.546874 0.560545 0.552734 0.566405 0.558594 0.560545 0.560546 0.560545 0.562501 0.558592 0.560546 0.556642 0.560546 0.554689 0.558594 0.552736
0 0.074218 0.083985 0.074218 0.085939 0.072265 0.087892 0.072265 0.089846 0.074218 0.089846 0.076173 0.091795 0.080077 0.091795 0.08203 0.093748 0.083985 0.093748 0.085938 0.095702 0.08789 0.095702 0.089845 0.097655 0.089845 0.089846 0.085938 0.089846 0.083985 0.087892 0.08203 0.087892 0.080077 0.085939 0.076173 0.085939
0 0.23828 0.564452 0.236328 0.566405 0.236328 0.568359 0.23242 0.572266 0.236328 0.576173 0.23828 0.576173 0.246093 0.583986 0.246093 0.582033 0.248048 0.580079 0.248048 0.578126 0.246093 0.576173 0.246093 0.574219 0.240236 0.568359 0.240236 0.566405
0 0.888672 0.91797 0.882812 0.923826 0.88086 0.923826 0.876952 0.927733 0.878907 0.929687 0.878907 0.93164 0.88086 0.933593 0.88086 0.935547 0.886719 0.929687 0.888672 0.929687 0.89258 0.92578 0.890624 0.923826 0.890624 0.921877 0.888672 0.919924
0 0.914064 0.958984 0.910156 0.962891 0.908204 0.962891 0.904296 0.966798 0.902344 0.966798 0.904296 0.968751 0.904296 0.970705 0.906248 0.970705 0.908204 0.968751 0.912108 0.968751 0.914064 0.966798 0.916016 0.966798 0.916016 0.964844 0.914064 0.962891
0 0.175783 0.693358 0.173827 0.695312 0.173827 0.697265 0.171875 0.699218 0.173827 0.701172 0.173827 0.703125 0.177735 0.707032 0.177735 0.708986 0.179687 0.710939 0.181639 0.708986 0.181639 0.707032 0.183595 0.705079 0.181639 0.703125 0.181639 0.701172 0.177735 0.697265 0.177735 0.695312
0 0.785158 0.367188 0.783202 0.369142 0.78125 0.369142 0.779298 0.371095 0.777345 0.371095 0.77539 0.373048 0.773438 0.373048 0.771485 0.375002 0.76953 0.375002 0.771485 0.376951 0.771485 0.378905 0.773438 0.380858 0.773438 0.382811 0.77539 0.380858 0.777345 0.380858 0.779298 0.378905 0.78125 0.378905 0.783202 0.376951 0.785158 0.376951 0.78711 0.375002 0.789062 0.375002 0.78711 0.373048 0.78711 0.371095 0.785158 0.369142
0 0.718749 0.007814 0.716797 0.009767 0.714844 0.009767 0.712892 0.011721 0.708985 0.011721 0.707032 0.01367 0.705077 0.01367 0.707032 0.015623 0.707032 0.017577 0.708985 0.01953 0.708985 0.021484 0.710937 0.01953 0.712892 0.01953 0.716797 0.015623 0.718749 0.015623 0.720705 0.01367 0.722656 0.01367 0.720705 0.011721 0.720705 0.009767
0 0.878907 0.275389 0.876952 0.277342 0.861327 0.277342 0.861327 0.279296 0.86328 0.281249 0.86328 0.283203 0.865235 0.285156 0.865235 0.28711 0.867187 0.285156 0.86914 0.285156 0.871095 0.283203 0.875 0.283203 0.876952 0.281249 0.878907 0.281249
0 0.498048 0.451173 0.496093 0.453127 0.492188 0.453127 0.492188 0.458983 0.494141 0.460936 0.494141 0.466797 0.498048 0.466797
0 0.201171 0.593749 0.201171 0.595703 0.199219 0.597656 0.199219 0.59961 0.197267 0.601563 0.207031 0.611326 0.208984 0.609377 0.208984 0.607423 0.210936 0.60547 0.205079 0.59961 0.205079 0.597656
0 0.640624 0.455076 0.638671 0.45703 0.638671 0.458983 0.634767 0.46289 0.638671 0.466797 0.646483 0.458983 0.644531 0.458983
0 0.251952 0.580079 0.246093 0.585936 0.248048 0.587889 0.248048 0.589843 0.25 0.591796 0.25 0.593749 0.253905 0.597656 0.253905 0.59961 0.259765 0.593749 0.257812 0.591796 0.257812 0.589843 0.25586 0.587889 0.25586 0.585936 0.253905 0.583986 0.253905 0.582033
0 0.185547 0.972658 0.185547 0.994142 0.187499 0.992188 0.195312 0.992188 0.195312 0.972658
0 0.369142 0.810548 0.365234 0.814455 0.365234 0.824218 0.367187 0.826171 0.367187 0.828125 0.365234 0.830078 0.367187 0.828125 0.374999 0.828125 0.374999 0.826171 0.373047 0.824218 0.373047 0.820311 0.371094 0.818357 0.371094 0.814455 0.369142 0.812501
0 0.794922 0.640624 0.791014 0.64453 0.789062 0.64453 0.78711 0.646484 0.789062 0.648437 0.789062 0.650391 0.791014 0.652344 0.791014 0.654298 0.79297 0.656251 0.79297 0.658204 0.794922 0.660158 0.794922 0.662111 0.796874 0.664061 0.796874 0.666014 0.802734 0.660158 0.802734 0.658204 0.800782 0.656251 0.800782 0.654298 0.79883 0.652344 0.79883 0.648437 0.796874 0.646484 0.796874 0.64453 0.794922 0.642577
0 0.789062 0.406249 0.785158 0.410155 0.783202 0.410155 0.779298 0.414062 0.777345 0.414062 0.77539 0.416016 0.77539 0.417969 0.777345 0.419923 0.777345 0.421876 0.779298 0.419923 0.78125 0.419923 0.785158 0.416016 0.78711 0.416016 0.791014 0.412109 0.79297 0.412109 0.791014 0.410155 0.791014 0.408202
0 0.152343 0.710939 0.146483 0.716795 0.152343 0.722655 0.152343 0.724609 0.15625 0.728516 0.162111 0.722655 0.15625 0.716795 0.15625 0.714842
0 0.68164 0.017577 0.679688 0.01953 0.673828 0.01953 0.671876 0.021484 0.666016 0.021484 0.667968 0.023437 0.667968 0.025391 0.669923 0.027344 0.671876 0.025391 0.67578 0.025391 0.677736 0.023437 0.683593 0.023437 0.683593 0.021484 0.68164 0.01953
0 0.517577 0.835938 0.515625 0.837892 0.513673 0.837892 0.511717 0.839845 0.509765 0.839845 0.507813 0.841799 0.505861 0.841799 0.503905 0.843752 0.501953 0.843752 0.501953 0.845701 0.503905 0.847655 0.503905 0.849608 0.505861 0.847655 0.509765 0.847655 0.511717 0.845701 0.515625 0.845701 0.517577 0.843752 0.521485 0.843752 0.519533 0.841799 0.519533 0.839845 0.517577 0.837892
0 0.894532 0.92578 0.888672 0.93164 0.886719 0.93164 0.882812 0.935547 0.884764 0.9375 0.884764 0.939454 0.886719 0.941407 0.888672 0.939454 0.890624 0.939454 0.89258 0.9375 0.894532 0.9375 0.896484 0.935547 0.898436 0.935547 0.898436 0.933593 0.896484 0.93164 0.896484 0.929687 0.894532 0.927733
0 0.224608 0.580079 0.220704 0.583986 0.222656 0.585936 0.224608 0.585936 0.230468 0.591796 0.23242 0.589843 0.228516 0.585936 0.228516 0.583986
0 0.750001 0.515624 0.748046 0.517578 0.746093 0.517578 0.744141 0.519531 0.742189 0.519531 0.740233 0.521485 0.738281 0.521485 0.738281 0.523438 0.740233 0.525392 0.740233 0.529298 0.742189 0.527345 0.744141 0.527345 0.746093 0.525392 0.750001 0.525392 0.751953 0.523438 0.753906 0.523438 0.751953 0.521485 0.751953 0.519531 0.750001 0.517578
0 0.705077 0.304686 0.701172 0.308593 0.69922 0.308593 0.69922 0.310547 0.701172 0.3125 0.701172 0.314454 0.703125 0.316407 0.703125 0.31836 0.705077 0.320314 0.705077 0.322267 0.707032 0.320314 0.710937 0.320314 0.710937 0.31836 0.708985 0.316407 0.708985 0.314454 0.707032 0.3125 0.707032 0.308593 0.705077 0.30664
0 0.181639 0.714842 0.175783 0.720702 0.177735 0.722655 0.177735 0.724609 0.181639 0.728516 0.181639 0.730469 0.183595 0.732423 0.187499 0.728516 0.189452 0.728516 0.187499 0.726562 0.187499 0.724609 0.185547 0.722655 0.185547 0.720702 0.183595 0.718749 0.183595 0.716795
0 0.658203 0.277342 0.656251 0.279296 0.652344 0.279296 0.650391 0.281249 0.648439 0.281249 0.646483 0.283203 0.642579 0.283203 0.642579 0.285156 0.644531 0.28711 0.644531 0.291016 0.646483 0.289063 0.648439 0.289063 0.650391 0.28711 0.652344 0.28711 0.654296 0.285156 0.658203 0.285156 0.660156 0.283203 0.662108 0.283203 0.660156 0.281249 0.660156 0.279296
0 0.683593 0.33203 0.68164 0.333984 0.677736 0.333984 0.67578 0.335937 0.671876 0.335937 0.673828 0.337891 0.673828 0.339844 0.67578 0.341798 0.67578 0.343751 0.677736 0.341798 0.68164 0.341798 0.683593 0.339844 0.6875 0.339844 0.685548 0.337891 0.685548 0.335937 0.683593 0.333984
0 0.373047 0.900389 0.371094 0.902343 0.365234 0.902343 0.365234 0.908203 0.367187 0.910156 0.367187 0.916017 0.373047 0.916017 0.374999 0.91797 0.374999 0.910156 0.373047 0.908203
0 0.207031 0.697265 0.205079 0.699218 0.207031 0.701172 0.207031 0.703125 0.210936 0.707032 0.210936 0.708986 0.212891 0.710939 0.214844 0.708986 0.214844 0.707032 0.216796 0.705079 0.214844 0.703125 0.212891 0.703125
0 0.183595 0.949217 0.183595 0.95117 0.181639 0.953124 0.181639 0.955077 0.179687 0.957031 0.179687 0.958984 0.177735 0.960938 0.177735 0.962891 0.175783 0.964844 0.177735 0.964844 0.181639 0.968751 0.183595 0.968751 0.185547 0.970705 0.185547 0.968751 0.187499 0.966798 0.187499 0.962891 0.189452 0.960938 0.189452 0.957031 0.191407 0.955077 0.191407 0.953124 0.189452 0.953124 0.187499 0.95117 0.185547 0.95117
0 0.207031 0.617186 0.205079 0.61914 0.205079 0.621093 0.203124 0.623047 0.207031 0.626954 0.207031 0.628907 0.210936 0.632814 0.214844 0.628907 0.212891 0.626954 0.212891 0.625 0.208984 0.621093 0.208984 0.61914
0 0.58789 0.033204 0.583986 0.037111 0.58203 0.037111 0.580078 0.03906 0.589843 0.048828 0.59375 0.044921 0.595703 0.044921 0.59375 0.042967 0.59375 0.041014 0.589843 0.037111 0.589843 0.035158
0 0.488281 0.451173 0.486328 0.453127 0.480469 0.453127 0.480469 0.45703 0.482421 0.458983 0.482421 0.464843 0.484376 0.46289 0.488281 0.46289
0 0.626955 0.105469 0.624999 0.107422 0.623047 0.107422 0.623047 0.109376 0.624999 0.111329 0.624999 0.113283 0.626955 0.115236 0.626955 0.117185 0.632811 0.117185 0.630859 0.115236 0.630859 0.113283 0.628907 0.111329 0.628907 0.109376 0.626955 0.107422
0 0.433595 0.882812 0.43164 0.884766 0.42578 0.884766 0.42578 0.890626 0.427735 0.89258 0.427735 0.900389 0.429688 0.898436 0.435548 0.898436 0.435548 0.89258 0.433595 0.890626
0 0.949217 0.126953 0.945313 0.13086 0.949217 0.134766 0.949217 0.13672 0.953125 0.140627 0.957033 0.13672 0.958985 0.13672
0 0.117186 0.064455 0.117186 0.066404 0.115234 0.068358 0.115234 0.072265 0.113282 0.074218 0.113282 0.078125 0.11133 0.080078 0.11133 0.082032 0.113282 0.083985 0.115234 0.083985 0.119142 0.087892 0.119142 0.085939 0.121094 0.083985 0.121094 0.078125 0.123046 0.076172 0.123046 0.072265 0.124999 0.070311 0.124999 0.068358 0.123046 0.068358 0.121094 0.066404 0.119142 0.066404
0 0.035156 0.031251 0.031249 0.035158 0.029296 0.035158 0.029296 0.037111 0.031249 0.03906 0.031249 0.041014 0.033204 0.042967 0.033204 0.044921 0.035156 0.046874 0.035156 0.048828 0.037109 0.050781 0.037109 0.052734 0.039061 0.054688 0.039061 0.056641 0.041016 0.054688 0.042969 0.054688 0.044921 0.052734 0.048829 0.052734 0.046876 0.050781 0.046876 0.048828 0.042969 0.044921 0.042969 0.042967 0.041016 0.041014 0.041016 0.03906 0.037109 0.035158 0.037109 0.033204
0 0.09375 0.128906 0.091797 0.13086 0.091797 0.132813 0.089845 0.134766 0.089845 0.13672 0.08789 0.138673 0.09961 0.15039 0.10547 0.144529 0.101562 0.140627 0.101562 0.138673 0.095702 0.132813 0.095702 0.13086
0 0.34375 0.845701 0.341798 0.847655 0.33789 0.847655 0.33789 0.849608 0.339842 0.851562 0.339842 0.857422 0.341798 0.859375 0.341798 0.861329 0.345702 0.857422 0.347658 0.857422 0.347658 0.855468 0.345702 0.853515 0.345702 0.849608 0.34375 0.847655
0 0.138671 0.640624 0.136718 0.642577 0.136718 0.64453 0.134766 0.646484 0.138671 0.650391 0.138671 0.652344 0.144531 0.658204 0.144531 0.660158 0.146483 0.662111 0.152343 0.656251 0.144531 0.648437 0.144531 0.646484
0 0.898436 0.380858 0.896484 0.382811 0.89258 0.382811 0.890624 0.384765 0.884764 0.384765 0.886719 0.386718 0.886719 0.388672 0.888672 0.390625 0.888672 0.392579 0.890624 0.390625 0.89258 0.390625 0.894532 0.388672 0.898436 0.388672 0.900392 0.386718 0.902344 0.386718 0.900392 0.384765 0.900392 0.382811
0 0.595703 0.531252 0.595703 0.537108 0.59375 0.539061 0.59375 0.544922 0.601562 0.544922 0.603515 0.546875 0.603515 0.541015 0.601562 0.539061 0.601562 0.533201 0.597655 0.533201
0 0.474609 0.44922 0.472656 0.451173 0.468749 0.451173 0.468749 0.464843 0.476564 0.464843 0.476564 0.458983 0.474609 0.45703
0 0.525389 0.552736 0.519533 0.558592 0.517577 0.558592 0.513673 0.562499 0.515625 0.564452 0.515625 0.566405 0.517577 0.568359 0.523437 0.562499 0.525389 0.562499 0.529297 0.558592 0.527345 0.556642 0.527345 0.554689
0 0.417968 0.820311 0.414063 0.824218 0.412111 0.824218 0.412111 0.826171 0.414063 0.828125 0.414063 0.830078 0.416015 0.832031 0.416015 0.833985 0.417968 0.835938 0.417968 0.837892 0.419923 0.839845 0.419923 0.841799 0.421875 0.839845 0.421875 0.837892 0.42578 0.833985 0.423828 0.832031 0.423828 0.830078 0.421875 0.828125 0.421875 0.826171 0.419923 0.824218 0.419923 0.822264
0 0.623047 0.082032 0.621095 0.083985 0.619139 0.083985 0.617187 0.085939 0.615235 0.085939 0.617187 0.087892 0.617187 0.089846 0.621095 0.093748 0.621095 0.095702 0.623047 0.097655 0.626955 0.093748 0.626955 0.091795 0.624999 0.089846 0.624999 0.085939 0.623047 0.083985
0 0.984374 0.115236 0.982421 0.117185 0.982421 0.119139 0.980469 0.121092 0.982421 0.123046 0.982421 0.124999 0.984374 0.126953 0.984374 0.128906 0.986329 0.13086 0.986329 0.132813 0.988281 0.134766 0.992186 0.13086 0.994141 0.13086 0.992186 0.128906 0.992186 0.126953 0.988281 0.123046 0.988281 0.121092 0.986329 0.119139 0.986329 0.117185
0 0.550781 0.45703 0.550781 0.46289 0.552734 0.464843 0.552734 0.472657 0.554686 0.470704 0.558594 0.470704 0.558594 0.458983 0.552734 0.458983
0 0.345702 0.267579 0.339842 0.273436 0.339842 0.275389 0.33203 0.283203 0.333985 0.283203 0.33789 0.28711 0.351562 0.273436
0 0.828126 0.271486 0.822266 0.277342 0.820311 0.277342 0.818359 0.279296 0.822266 0.283203 0.824219 0.281249 0.826171 0.281249 0.828126 0.279296 0.832031 0.279296 0.830079 0.277342 0.830079 0.275389 0.828126 0.273436
0 0.832031 0.283203 0.828126 0.28711 0.826171 0.28711 0.822266 0.291016 0.820311 0.291016 0.824219 0.294923 0.826171 0.29297 0.828126 0.29297 0.830079 0.291016 0.832031 0.291016 0.833983 0.289063 0.835938 0.289063 0.833983 0.28711 0.833983 0.285156
0 0.253905 0.550782 0.251952 0.552736 0.251952 0.554689 0.25 0.556642 0.251952 0.558592 0.251952 0.560545 0.253905 0.562499 0.253905 0.564452 0.25586 0.566405 0.25586 0.568359 0.257812 0.570312 0.26172 0.566405 0.263672 0.566405 0.26172 0.564452 0.26172 0.562499 0.257812 0.558592 0.257812 0.556642 0.25586 0.554689 0.25586 0.552736
0 0.406251 0.400392 0.390626 0.416016 0.400391 0.425783 0.416015 0.410155
0 0.025392 0.007814 0.021484 0.011721 0.025392 0.015623 0.025392 0.017577 0.031249 0.023437 0.031249 0.025391 0.035156 0.029297 0.037109 0.027344 0.039061 0.027344 0.041016 0.025391 0.042969 0.025391
0 0.24414 0.587889 0.23828 0.593749 0.24414 0.59961 0.24414 0.601563 0.248048 0.60547 0.251952 0.601563 0.253905 0.601563 0.251952 0.59961 0.251952 0.597656 0.246093 0.591796 0.246093 0.589843
0 0.388671 0.830078 0.386719 0.832031 0.382811 0.832031 0.382811 0.833985 0.384767 0.835938 0.384767 0.841799 0.386719 0.843752 0.386719 0.847655 0.388671 0.845701 0.392579 0.845701 0.392579 0.843752 0.390626 0.841799 0.390626 0.835938 0.388671 0.833985
0 0.414063 0.861329 0.412111 0.863282 0.410156 0.863282 0.408203 0.865236 0.406251 0.865236 0.406251 0.867189 0.408203 0.869143 0.408203 0.873045 0.410156 0.874999 0.410156 0.878906 0.412111 0.880859 0.412111 0.882812 0.414063 0.880859 0.416015 0.880859 0.419923 0.876952 0.421875 0.876952 0.419923 0.874999 0.419923 0.873045 0.417968 0.871092 0.417968 0.869143 0.416015 0.867189 0.416015 0.865236 0.414063 0.863282
0 0.404295 0.753906 0.402343 0.75586 0.396483 0.75586 0.396483 0.757813 0.398438 0.759767 0.398438 0.763674 0.400391 0.765627 0.400391 0.771483 0.402343 0.773437 0.402343 0.77539 0.406251 0.771483 0.408203 0.771483 0.408203 0.767576 0.406251 0.765627 0.406251 0.759767 0.404295 0.757813
0 0.365234 0.839845 0.363282 0.841799 0.359375 0.841799 0.357422 0.843752 0.35547 0.843752 0.353514 0.845701 0.34961 0.845701 0.351562 0.847655 0.351562 0.849608 0.353514 0.851562 0.353514 0.853515 0.35547 0.851562 0.357422 0.851562 0.361326 0.847655 0.363282 0.847655 0.365234 0.845701 0.367187 0.845701 0.367187 0.843752 0.365234 0.841799
0 0.074218 0.058595 0.074218 0.060548 0.072265 0.062502 0.072265 0.064455 0.076173 0.068358 0.078125 0.068358 0.08203 0.072265 0.083985 0.072265 0.083985 0.070311 0.085938 0.068358 0.085938 0.066404 0.083985 0.066404 0.080077 0.062502 0.078125 0.062502
0 0.199219 0.675781 0.199219 0.677735 0.197267 0.679688 0.197267 0.681642 0.199219 0.683595 0.199219 0.685548 0.201171 0.687502 0.201171 0.689451 0.203124 0.691405 0.203124 0.693358 0.205079 0.695312 0.208984 0.691405 0.207031 0.689451 0.207031 0.687502 0.203124 0.683595 0.203124 0.681642 0.201171 0.679688 0.201171 0.677735
0 0.654296 0.291016 0.652344 0.29297 0.646483 0.29297 0.652344 0.298826 0.652344 0.30078 0.656251 0.304686 0.660156 0.30078 0.662108 0.30078 0.658203 0.296877 0.658203 0.294923
0 0.542969 0.492187 0.541017 0.494141 0.539062 0.494141 0.541017 0.496094 0.541017 0.498048 0.544922 0.501954 0.544922 0.503908 0.548829 0.507811 0.548829 0.509764 0.550781 0.511717 0.550781 0.509764 0.552734 0.507811 0.552734 0.505861 0.554686 0.503908
0 0.382811 0.693358 0.382811 0.695312 0.380859 0.697265 0.380859 0.699218 0.378906 0.701172 0.378906 0.703125 0.376954 0.705079 0.376954 0.707032 0.380859 0.710939 0.382811 0.708986 0.382811 0.707032 0.386719 0.703125 0.386719 0.701172 0.388671 0.699218
0 0.164063 0.703125 0.162111 0.705079 0.160155 0.705079 0.158203 0.707032 0.15625 0.707032 0.160155 0.710939 0.160155 0.712892 0.166015 0.718749 0.166015 0.720702 0.169923 0.724609 0.171875 0.722655 0.171875 0.720702 0.173827 0.718749 0.171875 0.716795 0.171875 0.714842 0.167967 0.710939 0.167967 0.708986 0.166015 0.707032 0.166015 0.705079
0 0.208984 0.587889 0.205079 0.591796 0.210936 0.597656 0.210936 0.59961 0.216796 0.60547 0.216796 0.603517 0.218751 0.601563 0.218751 0.59961 0.212891 0.593749 0.212891 0.591796
0 0.68164 0.439453 0.667968 0.453127 0.673828 0.458983 0.68164 0.451173 0.683593 0.451173 0.6875 0.447267 0.683593 0.44336 0.683593 0.441406
0 0.187499 0.708986 0.185547 0.710939 0.185547 0.712892 0.183595 0.714842 0.193359 0.724609 0.195312 0.722655 0.195312 0.720702 0.197267 0.718749
0 0.179687 0.617186 0.175783 0.621093 0.175783 0.623047 0.185547 0.632814 0.185547 0.634767 0.187499 0.632814 0.187499 0.630861 0.189452 0.628907 0.183595 0.623047 0.183595 0.621093
0 0.628907 0.119139 0.628907 0.121092 0.630859 0.123046 0.630859 0.124999 0.632811 0.126953 0.632811 0.13086 0.634767 0.132813 0.634767 0.134766 0.636719 0.13672 0.636719 0.138673 0.638671 0.13672 0.642579 0.13672 0.642579 0.134766 0.640624 0.132813 0.640624 0.13086 0.638671 0.128906 0.638671 0.126953 0.636719 0.124999 0.636719 0.123046 0.634767 0.121092 0.634767 0.119139
0 0.26172 0.542968 0.259765 0.544922 0.259765 0.546875 0.257812 0.548829 0.26172 0.552736 0.26172 0.554689 0.267577 0.560545 0.267577 0.562499 0.269532 0.564452 0.271485 0.562499 0.271485 0.560545 0.273437 0.558592 0.269532 0.554689 0.269532 0.552736 0.263672 0.546875 0.263672 0.544922
0 0.341798 0.439453 0.339842 0.441406 0.333985 0.441406 0.333985 0.447267 0.335938 0.44922 0.335938 0.455076 0.34375 0.455076 0.34375 0.44922 0.341798 0.447267
0 0.525389 0.412109 0.525389 0.419923 0.523437 0.421876 0.523437 0.427736 0.533202 0.427736 0.533202 0.419923 0.535157 0.417969 0.535157 0.412109
0 0.246093 0.558592 0.242188 0.562499 0.24414 0.564452 0.24414 0.566405 0.246093 0.568359 0.246093 0.570312 0.248048 0.572266 0.248048 0.574219 0.25 0.576173 0.253905 0.572266 0.25586 0.572266 0.253905 0.570312 0.253905 0.568359 0.248048 0.562499 0.248048 0.560545
0 0.384767 0.871092 0.380859 0.874999 0.378906 0.874999 0.378906 0.880859 0.380859 0.882812 0.380859 0.888673 0.382811 0.886719 0.388671 0.886719 0.388671 0.884766 0.386719 0.882812 0.386719 0.876952 0.384767 0.874999
0 0.167967 0.238282 0.162111 0.244142 0.164063 0.246096 0.164063 0.248045 0.169923 0.253905 0.169923 0.255859 0.171875 0.257812 0.175783 0.253905 0.177735 0.253905 0.179687 0.251952 0.173827 0.246096 0.173827 0.244142
0 0.447264 0.851562 0.445312 0.853515 0.44336 0.853515 0.441407 0.855468 0.439452 0.855468 0.439452 0.857422 0.441407 0.859375 0.441407 0.863282 0.44336 0.865236 0.44336 0.869143 0.445312 0.871092 0.445312 0.873045 0.447264 0.871092 0.44922 0.871092 0.451172 0.869143 0.453124 0.869143 0.451172 0.867189 0.451172 0.861329 0.44922 0.859375 0.44922 0.855468 0.447264 0.853515
0 1 0.341798 1 0.343751 1 0.343751 1 0.347658 0.998046 0.347658 0.994141 0.351561 0.992186 0.351561 0.992186 0.353514 0.994141 0.355467 0.994141 0.359374 0.996094 0.357421 0.998046 0.357421 1 0.355467 1 0.355467 1 0.351561 1 0.351561 1 0.349611 1 0.349611 1 0.347658 1 0.345704 1 0.343751
0 0.712892 0.33203 0.712892 0.347658 0.720705 0.347658 0.720705 0.33203
0 0.695312 0.232422 0.69336 0.234375 0.691408 0.234375 0.6875 0.238282 0.685548 0.238282 0.6875 0.240235 0.6875 0.242189 0.689452 0.244142 0.691408 0.242189 0.69336 0.242189 0.697264 0.238282 0.69922 0.238282 0.697264 0.236329 0.697264 0.234375
0 0.34961 0.90625 0.345702 0.910156 0.34375 0.910156 0.34375 0.91211 0.345702 0.914063 0.345702 0.919924 0.347658 0.921877 0.347658 0.92578 0.34961 0.923826 0.351562 0.923826 0.353514 0.921877 0.35547 0.921877 0.35547 0.919924 0.353514 0.91797 0.353514 0.916017 0.351562 0.914063 0.351562 0.910156 0.34961 0.908203
0 0.664063 0.119139 0.662108 0.121092 0.660156 0.121092 0.656251 0.124999 0.654296 0.124999 0.652344 0.126953 0.650391 0.126953 0.650391 0.128906 0.652344 0.13086 0.652344 0.132813 0.654296 0.13086 0.656251 0.13086 0.658203 0.128906 0.662108 0.128906 0.664063 0.126953 0.666016 0.126953 0.666016 0.124999 0.664063 0.123046
0 0.519533 0.507811 0.517577 0.509764 0.517577 0.511717 0.515625 0.513671 0.521485 0.519531 0.521485 0.521485 0.525389 0.525392 0.53125 0.519531
0 0.841795 0.302733 0.839843 0.304686 0.835938 0.304686 0.833983 0.30664 0.828126 0.30664 0.830079 0.308593 0.830079 0.310547 0.832031 0.3125 0.832031 0.314454 0.833983 0.3125 0.843751 0.3125 0.843751 0.308593 0.841795 0.30664
0 0.476564 0.630861 0.474609 0.632814 0.472656 0.632814 0.468749 0.636717 0.466796 0.636717 0.466796 0.63867 0.468749 0.640624 0.468749 0.642577 0.470704 0.640624 0.472656 0.640624 0.474609 0.63867 0.478516 0.63867 0.478516 0.636717 0.476564 0.634767
0 0.941405 0.132813 0.941405 0.134766 0.939453 0.13672 0.939453 0.140627 0.941405 0.14258 0.941405 0.144529 0.94336 0.146483 0.94336 0.148436 0.949217 0.14258 0.945313 0.138673 0.945313 0.13672
0 0.486328 0.404295 0.486328 0.408202 0.484376 0.410155 0.484376 0.416016 0.482421 0.417969 0.482421 0.419923 0.490233 0.419923 0.492188 0.421876 0.492188 0.404295
0 0.378906 0.832031 0.376954 0.833985 0.373047 0.833985 0.373047 0.835938 0.374999 0.837892 0.374999 0.843752 0.376954 0.845701 0.376954 0.849608 0.382811 0.849608 0.382811 0.845701 0.380859 0.843752 0.380859 0.837892 0.378906 0.835938
0 0.78711 0.324221 0.78711 0.32617 0.785158 0.328123 0.785158 0.330077 0.783202 0.33203 0.783202 0.333984 0.78125 0.335937 0.78125 0.337891 0.783202 0.337891 0.785158 0.339844 0.78711 0.339844 0.789062 0.341798 0.789062 0.337891 0.791014 0.335937 0.791014 0.330077 0.79297 0.328123 0.79297 0.32617 0.789062 0.32617
0 0.462892 0.591796 0.462892 0.593749 0.460936 0.595703 0.460936 0.597656 0.458984 0.59961 0.458984 0.601563 0.457032 0.603517 0.458984 0.603517 0.460936 0.60547 0.462892 0.60547 0.464844 0.607423 0.464844 0.60547 0.466796 0.603517 0.466796 0.601563 0.468749 0.59961 0.468749 0.597656 0.470704 0.595703 0.468749 0.595703 0.466796 0.593749 0.464844 0.593749
0 0.396483 0.874999 0.394531 0.876952 0.390626 0.876952 0.390626 0.878906 0.392579 0.880859 0.392579 0.886719 0.394531 0.888673 0.394531 0.89258 0.396483 0.890626 0.398438 0.890626 0.400391 0.888673 0.402343 0.888673 0.402343 0.886719 0.400391 0.884766 0.400391 0.882812 0.398438 0.880859 0.398438 0.878906 0.396483 0.876952
0 0.226564 0.609377 0.222656 0.61328 0.220704 0.61328 0.220704 0.615233 0.222656 0.617186 0.222656 0.61914 0.224608 0.621093 0.224608 0.623047 0.226564 0.625 0.226564 0.626954 0.230468 0.623047 0.23242 0.623047 0.234376 0.621093 0.23242 0.61914 0.23242 0.617186 0.228516 0.61328 0.228516 0.611326
0 0.402343 0.802734 0.400391 0.804687 0.398438 0.804687 0.396483 0.806641 0.392579 0.806641 0.392579 0.808594 0.394531 0.810548 0.394531 0.816408 0.396483 0.818357 0.396483 0.820311 0.398438 0.818357 0.404295 0.818357 0.404295 0.812501 0.402343 0.810548
0 0.677736 0.314454 0.67578 0.316407 0.673828 0.316407 0.671876 0.31836 0.667968 0.31836 0.666016 0.320314 0.664063 0.320314 0.664063 0.322267 0.666016 0.324221 0.666016 0.32617 0.667968 0.324221 0.671876 0.324221 0.673828 0.322267 0.679688 0.322267 0.679688 0.320314 0.677736 0.31836
0 0.910156 0.949217 0.906248 0.953124 0.904296 0.953124 0.900392 0.957031 0.898436 0.957031 0.900392 0.958984 0.900392 0.960938 0.902344 0.962891 0.906248 0.958984 0.908204 0.958984 0.912108 0.955077 0.914064 0.955077 0.916016 0.953124 0.914064 0.953124
5 0.33789 0.63867 0.335938 0.640624 0.330078 0.640624 0.328125 0.642577 0.324218 0.642577 0.314453 0.652344 0.314453 0.654298 0.312501 0.656251 0.312501 0.662111 0.310546 0.664061 0.310546 0.683595 0.312501 0.685548 0.312501 0.689451 0.314453 0.691405 0.314453 0.693358 0.316406 0.695312 0.316406 0.697265 0.318358 0.699218 0.318358 0.701172 0.320313 0.703125 0.320313 0.705079 0.324218 0.705079 0.326173 0.707032 0.330078 0.707032 0.33203 0.708986 0.34961 0.708986 0.351562 0.707032 0.357422 0.707032 0.359375 0.705079 0.365234 0.705079 0.367187 0.703125 0.369142 0.703125 0.373047 0.699218 0.374999 0.699218 0.374999 0.697265 0.376954 0.695312 0.376954 0.693358 0.378906 0.691405 0.378906 0.687502 0.380859 0.685548 0.380859 0.683595 0.382811 0.681642 0.382811 0.667968 0.380859 0.666014 0.380859 0.662111 0.378906 0.660158 0.378906 0.658204 0.376954 0.656251 0.376954 0.654298 0.374999 0.652344 0.374999 0.650391 0.369142 0.64453 0.365234 0.64453 0.363282 0.642577 0.361326 0.642577 0.359375 0.640624 0.357422 0.640624 0.35547 0.63867
0 0.884764 0.902343 0.88086 0.90625 0.878907 0.90625 0.875 0.910156 0.873047 0.910156 0.871095 0.91211 0.875 0.916017 0.875 0.91797 0.876952 0.919924 0.882812 0.914063 0.884764 0.914063 0.888672 0.910156 0.886719 0.908203 0.886719 0.90625 0.884764 0.904296
0 0.316406 0.609377 0.316406 0.611326 0.314453 0.61328 0.314453 0.61914 0.312501 0.621093 0.312501 0.625 0.310546 0.626954 0.310546 0.628907 0.320313 0.628907 0.322266 0.630861 0.322266 0.609377
0 0.539062 0.566405 0.537109 0.568359 0.535157 0.568359 0.533202 0.570312 0.53125 0.570312 0.529297 0.572266 0.527345 0.572266 0.529297 0.574219 0.529297 0.576173 0.53125 0.578126 0.535157 0.574219 0.537109 0.574219 0.541017 0.570312 0.542969 0.570312
0 0.359375 0.812501 0.357422 0.814455 0.353514 0.814455 0.353514 0.816408 0.35547 0.818357 0.35547 0.822264 0.357422 0.824218 0.357422 0.828125 0.359375 0.830078 0.359375 0.832031 0.363282 0.828125 0.365234 0.828125 0.365234 0.826171 0.363282 0.824218 0.363282 0.822264 0.361326 0.820311 0.361326 0.816408 0.359375 0.814455
0 0.33789 0.304686 0.335938 0.30664 0.328125 0.30664 0.328125 0.314454 0.330078 0.316407 0.330078 0.32617 0.33203 0.324221 0.339842 0.324221 0.339842 0.316407 0.33789 0.314454
0 0.916016 0.968751 0.914064 0.970705 0.908204 0.970705 0.906248 0.972658 0.900392 0.972658 0.900392 0.974607 0.902344 0.976561 0.902344 0.980468 0.904296 0.978514 0.908204 0.978514 0.910156 0.976561 0.912108 0.976561 0.914064 0.974607 0.917968 0.974607 0.917968 0.972658 0.916016 0.970705
0 0.23242 0.574219 0.228516 0.578126 0.226564 0.578126 0.226564 0.580079 0.23828 0.591796 0.240236 0.589843 0.240236 0.587889 0.242188 0.585936 0.236328 0.580079 0.236328 0.578126
0 0.369142 0.867189 0.367187 0.869143 0.353514 0.869143 0.353514 0.871092 0.35547 0.873045 0.35547 0.876952 0.357422 0.874999 0.363282 0.874999 0.365234 0.873045 0.371094 0.873045 0.371094 0.871092 0.369142 0.869143
0 0.347658 0.822264 0.34375 0.826171 0.341798 0.826171 0.341798 0.828125 0.34375 0.830078 0.34375 0.833985 0.345702 0.835938 0.345702 0.837892 0.347658 0.835938 0.353514 0.835938 0.353514 0.833985 0.351562 0.832031 0.351562 0.830078 0.34961 0.828125 0.34961 0.826171 0.347658 0.824218
0 0.423828 0.884766 0.421875 0.886719 0.416015 0.886719 0.416015 0.890626 0.417968 0.89258 0.417968 0.900389 0.419923 0.902343 0.419923 0.90625 0.427735 0.90625 0.427735 0.902343 0.42578 0.900389 0.42578 0.89258 0.423828 0.890626
0 0.052733 0.050781 0.046876 0.056641 0.056641 0.066404 0.058593 0.064455 0.058593 0.062502 0.060545 0.060548 0.056641 0.056641 0.056641 0.054688
0 0.960937 0.121092 0.957033 0.124999 0.955077 0.124999 0.957033 0.126953 0.957033 0.128906 0.958985 0.13086 0.958985 0.132813 0.960937 0.134766 0.960937 0.13672 0.962889 0.138673 0.962889 0.140627 0.966797 0.13672 0.968749 0.13672 0.966797 0.134766 0.966797 0.132813 0.964845 0.13086 0.964845 0.128906 0.962889 0.126953 0.962889 0.124999 0.960937 0.123046
0 0.974609 0.121092 0.970701 0.124999 0.968749 0.124999 0.966797 0.126953 0.972657 0.132813 0.972657 0.134766 0.976562 0.138673 0.980469 0.134766 0.982421 0.134766 0.984374 0.132813 0.978517 0.126953 0.978517 0.124999
0 0.480469 0.429686 0.480469 0.433592 0.484376 0.437499 0.484376 0.439453 0.488281 0.439453 0.488281 0.435546 0.486328 0.433592 0.486328 0.429686