11 0.580077 0.34961 0.574218 0.35547 0.574218 0.357423 0.560548 0.371092 0.560548 0.373046 0.552735 0.380859 0.554686 0.382813 0.55664 0.382813 0.560548 0.386719 0.562501 0.386719 0.56836 0.392579 0.570314 0.392579 0.576172 0.398439 0.578126 0.398439 0.582031 0.402342 0.583984 0.402342 0.589843 0.408202 0.591797 0.408202 0.595704 0.412109 0.597655 0.412109 0.603516 0.417969 0.605467 0.417969 0.611329 0.423829 0.613282 0.423829 0.617187 0.427736 0.619141 0.427736 0.623046 0.431642 0.628907 0.425782 0.628907 0.423829 0.642578 0.410155 0.642578 0.408202 0.648436 0.402342 0.646485 0.400388 0.644531 0.400388 0.636719 0.392579 0.634765 0.392579 0.628907 0.386719 0.626953 0.386719 0.621095 0.380859 0.619141 0.380859 0.611329 0.373046 0.609375 0.373046 0.603516 0.367186 0.601563 0.367186 0.595704 0.36133 0.59375 0.36133 0.585938 0.353516 0.583984 0.353516
9 0.919922 0 0.890624 0 0.890624 0 0.888673 0 0.888673 0 0.88672 0 0.88672 0 0.884766 0 0.884766 0 0.882812 0 0.882812 0.000002 0.880858 0.001955 0.880858 0.003908 0.878907 0.005857 0.878907 0.007811 0.876953 0.009764 0.876953 0.013671 0.875 0.015624 0.875 0.019531 0.873046 0.021484 0.873046 0.025391 0.875 0.027344 0.875 0.029298 0.876953 0.027344 0.878907 0.027344 0.880858 0.025391 0.882812 0.025391 0.88672 0.021484 0.888673 0.021484 0.890624 0.019531 0.892578 0.019531 0.894532 0.017578 0.896486 0.017578 0.90039 0.013671 0.902344 0.013671 0.908202 0.007811 0.910156 0.007811 0.916015 0.001955 0.917968 0.001955 0.923827 0 0.925781 0 0.929688 0 0.929688 0 0.933593 0 0.933593 0 0.9375 0 0.9375 0 0.941405 0 0.941405 0 0.943359 0 0.941405 0 0.939454 0 0.933593 0 0.931642 0 0.925781 0 0.923827 0
0 0.419922 0.05664 0.417968 0.058594 0.417968 0.060547 0.416017 0.0625 0.416017 0.064454 0.414063 0.066407 0.414063 0.068361 0.417968 0.072267 0.419922 0.072267 0.427734 0.080077 0.431641 0.080077 0.433595 0.08203 0.4375 0.078123 0.439454 0.078123 0.441407 0.076174 0.441407 0.068361 0.439454 0.066407 0.4375 0.066407 0.431641 0.060547 0.429688 0.060547 0.42578 0.05664
0 0.648436 0.007811 0.638673 0.017578 0.636719 0.017578 0.626953 0.027344 0.626953 0.029298 0.624999 0.031251 0.626953 0.031251 0.628907 0.033204 0.630861 0.033204 0.632812 0.035158 0.634765 0.033204 0.636719 0.033204 0.640624 0.029298 0.642578 0.029298 0.644531 0.027344 0.646485 0.027344 0.65039 0.023438 0.652344 0.023438 0.652344 0.021484 0.654297 0.019531 0.654297 0.017578 0.656251 0.015624 0.654297 0.013671 0.654297 0.011717 0.652344 0.011717
0 0.90039 0.228514 0.896486 0.232421 0.894532 0.232421 0.88672 0.240235 0.88672 0.242188 0.878907 0.250001 0.878907 0.255862 0.880858 0.257811 0.880858 0.259764 0.882812 0.261717 0.884766 0.259764 0.892578 0.259764 0.91211 0.240235 0.91211 0.238281 0.910156 0.236328 0.910156 0.232421 0.906249 0.232421 0.904298 0.230468 0.902344 0.230468
9 1 0.033204 1 0.041014 1 0.041014 1 0.05078 1 0.052734 0.99414 0.0625 0.99414 0.064454 0.988281 0.070314 0.988281 0.072267 0.986328 0.074221 0.986328 0.076174 0.984374 0.078123 0.984374 0.08203 0.982423 0.083983 0.982423 0.085937 0.980469 0.08789 0.980469 0.089843 0.978515 0.091797 0.978515 0.095703 0.976562 0.097656 0.976562 0.09961 0.974611 0.101563 0.974611 0.11133 0.976562 0.109377 0.978515 0.109377 0.980469 0.107423 0.982423 0.107423 0.986328 0.103517 0.988281 0.103517 0.990235 0.101563 0.992186 0.101563 0.99414 0.09961 0.996094 0.09961 1 0.095703 1 0.095703 1 0.09375 1 0.09375 1 0.080077 1 0.080077 1 0.070314 1 0.068361 1 0.066407 1 0.064454 1 0.0625 1 0.060547 1 0.058594 1 0.05664 1 0.054687 1 0.052734 1 0.05078 1 0.048827 1 0.042967 1 0.042967
9 0.955079 0 0.921876 0.011717 0.921876 0.013671 0.919922 0.015624 0.919922 0.017578 0.917968 0.019531 0.917968 0.021484 0.916015 0.023438 0.916015 0.025391 0.914064 0.027344 0.914064 0.029298 0.91211 0.031251 0.91211 0.033204 0.910156 0.035158 0.910156 0.039064 0.908202 0.041014 0.908202 0.042967 0.906249 0.04492 0.906249 0.046874 0.904298 0.048827 0.904298 0.05078 0.906249 0.052734 0.906249 0.054687 0.908202 0.05664 0.910156 0.054687 0.91211 0.054687 0.914064 0.052734 0.916015 0.052734 0.917968 0.05078 0.919922 0.05078 0.921876 0.048827 0.923827 0.048827 0.925781 0.046874 0.927734 0.046874 0.931642 0.042967 0.933593 0.042967 0.9375 0.039064 0.939454 0.039064 0.943359 0.035158 0.945313 0.035158 0.951171 0.029298 0.951171 0.027344 0.957033 0.021484 0.957033 0.019531 0.962891 0.013671 0.962891 0.011717 0.968749 0.005857 0.968749 0.003908 0.972657 0.000002 0.968749 0 0.968749 0 0.958983 0 0.958983 0
9 0.158204 0.837889 0.156251 0.839843 0.152343 0.839843 0.150389 0.841796 0.144531 0.841796 0.154297 0.851562 0.173829 0.851562 0.173829 0.845703 0.171875 0.845703 0.169921 0.843749 0.167967 0.843749 0.166017 0.841796 0.164063 0.841796 0.162109 0.839843 0.160155 0.839843
0 0.732423 0.078123 0.730469 0.080077 0.728515 0.080077 0.726561 0.08203 0.726561 0.083983 0.720703 0.089843 0.720703 0.091797 0.716798 0.095703 0.716798 0.097656 0.714844 0.09961 0.714844 0.103517 0.716798 0.10547 0.716798 0.107423 0.726561 0.107423 0.736327 0.097656 0.736327 0.095703 0.746093 0.085937 0.74414 0.083983 0.74414 0.08203 0.742189 0.080077 0.742189 0.078123
0 0.855468 0.185545 0.847655 0.193358 0.845705 0.193358 0.839843 0.199218 0.839843 0.201172 0.837889 0.203125 0.837889 0.205078 0.839843 0.207032 0.839843 0.208985 0.845705 0.208985 0.847655 0.210939 0.851563 0.207032 0.853517 0.207032 0.859375 0.201172 0.861329 0.201172 0.86328 0.199218 0.86328 0.197265 0.865234 0.195312 0.865234 0.189451 0.861329 0.185545
0 0.751952 0.09375 0.750001 0.095703 0.748047 0.095703 0.738281 0.10547 0.738281 0.107423 0.728515 0.117186 0.728515 0.121093 0.732423 0.125 0.742189 0.125 0.746093 0.121093 0.746093 0.119139 0.755859 0.109377 0.755859 0.107423 0.761718 0.101563 0.761718 0.09961 0.759767 0.097656 0.759767 0.095703 0.757813 0.09375
0 0.439454 0.046874 0.4375 0.048827 0.435546 0.048827 0.433595 0.05078 0.433595 0.054687 0.441407 0.0625 0.441407 0.064454 0.44922 0.072267 0.457032 0.072267 0.458986 0.070314 0.460937 0.070314 0.460937 0.0625 0.445312 0.046874
9 0.857421 0.042967 0.857421 0.04492 0.855468 0.046874 0.855468 0.048827 0.857421 0.05078 0.857421 0.054687 0.861329 0.058594 0.86328 0.058594 0.869141 0.064454 0.873046 0.064454 0.876953 0.060547 0.878907 0.060547 0.878907 0.054687 0.867187 0.042967
9 0.923827 0.097656 0.919922 0.101563 0.919922 0.103517 0.921876 0.10547 0.921876 0.109377 0.923827 0.11133 0.923827 0.113279 0.929688 0.119139 0.929688 0.121093 0.931642 0.123046 0.9375 0.123046 0.947267 0.113279 0.945313 0.11133 0.943359 0.11133 0.935547 0.103517 0.933593 0.103517 0.927734 0.097656
9 0.945313 0.119139 0.941405 0.123046 0.941405 0.125 0.943359 0.126953 0.943359 0.128906 0.945313 0.128906 0.949217 0.132813 0.951171 0.132813 0.955079 0.136719 0.957033 0.136719 0.958983 0.138673 0.962891 0.134766 0.964845 0.134766 0.962891 0.132813 0.962891 0.130859 0.960937 0.128906 0.960937 0.126953 0.958983 0.126953 0.955079 0.123046 0.953125 0.123046 0.949217 0.119139
0 0.765625 0.103517 0.757813 0.11133 0.757813 0.113279 0.750001 0.121093 0.750001 0.123046 0.748047 0.125 0.748047 0.126953 0.746093 0.128906 0.746093 0.130859 0.748047 0.132813 0.748047 0.134766 0.750001 0.136719 0.750001 0.138673 0.757813 0.138673 0.761718 0.134766 0.761718 0.132813 0.771484 0.123046 0.771484 0.121093 0.777342 0.115233 0.777342 0.11133 0.775391 0.109377 0.775391 0.10547 0.773438 0.10547 0.771484 0.103517
0 0.392577 0.080077 0.390626 0.08203 0.384765 0.08203 0.382811 0.083983 0.384765 0.085937 0.384765 0.08789 0.390626 0.09375 0.390626 0.095703 0.394531 0.09961 0.398439 0.09961 0.400389 0.101563 0.402343 0.09961 0.408202 0.09961 0.408202 0.097656 0.406251 0.095703 0.406251 0.09375
0 0.957033 0.273438 0.953125 0.277344 0.951171 0.277344 0.947267 0.281251 0.945313 0.281251 0.941405 0.285157 0.939454 0.285157 0.939454 0.287111 0.9375 0.289064 0.9375 0.291018 0.935547 0.292967 0.935547 0.29492 0.9375 0.296874 0.9375 0.30078 0.939454 0.30078 0.941405 0.302733 0.943359 0.302733 0.945313 0.304687 0.962891 0.287111 0.962891 0.283204 0.964845 0.281251 0.964845 0.277344 0.962891 0.275391 0.962891 0.273438
9 0.988281 0.007811 0.980469 0.015624 0.980469 0.017578 0.966796 0.031251 0.966796 0.033204 0.957033 0.042967 0.957033 0.04492 0.953125 0.048827 0.953125 0.05078 0.947267 0.05664 0.947267 0.058594 0.945313 0.060547 0.945313 0.074221 0.943359 0.076174 0.943359 0.080077 0.941405 0.08203 0.941405 0.08789 0.951171 0.078123 0.960937 0.078123 0.974611 0.064454 0.974611 0.0625 0.990235 0.046874 0.990235 0.04492 0.992186 0.042967 0.992186 0.041014 0.99414 0.039064 0.99414 0.037111 0.996094 0.035158 0.996094 0.033204 0.998047 0.031251 0.998047 0.029298 1 0.027344 1 0.025391 1 0.023438 1 0.019531 1 0.017578 1 0.013671 0.998047 0.013671 0.996094 0.011717 0.99414 0.011717 0.992186 0.009764 0.990235 0.009764
0 0.458986 0.029298 0.457032 0.031251 0.455078 0.031251 0.455078 0.039064 0.470703 0.054687 0.472656 0.052734 0.47461 0.052734 0.478515 0.048827 0.480469 0.048827 0.480469 0.042967 0.466798 0.029298
9 0.835939 0.029298 0.833985 0.031251 0.833985 0.033204 0.835939 0.035158 0.835939 0.037111 0.839843 0.041014 0.839843 0.042967 0.841797 0.04492 0.845705 0.04492 0.847655 0.046874 0.849609 0.04492 0.851563 0.04492 0.853517 0.042967 0.853517 0.041014 0.855468 0.039064 0.847655 0.031251 0.841797 0.031251 0.839843 0.029298
10 0.406251 0 0.402343 0 0.402343 0 0.392577 0 0.392577 0 0.382811 0 0.382811 0 0.373048 0 0.373048 0 0.363282 0 0.363282 0 0.353516 0 0.353516 0 0.349609 0 0.351562 0 0.351562 0 0.353516 0 0.353516 0 0.35547 0 0.35547 0 0.357421 0 0.357421 0 0.359375 0 0.359375 0 0.361328 0 0.361328 0 0.363282 0 0.363282 0 0.365233 0 0.365233 0 0.367187 0 0.367187 0 0.369141 0 0.369141 0 0.371094 0 0.371094 0 0.373048 0 0.373048 0 0.374999 0 0.374999 0 0.38086 0 0.382811 0 0.394531 0 0.396485 0 0.406251 0 0.408202 0 0.419922 0 0.421875 0 0.431641 0 0.433595 0 0.445312 0 0.447266 0 0.457032 0 0.458986 0 0.470703 0 0.472656 0 0.482422 0 0.484376 0 0.496093 0 0.498047 0 0.507813 0 0.509767 0 0.519533 0 0.521484 0 0.533203 0 0.535157 0 0.544923 0 0.546874 0 0.558594 0 0.560548 0 0.570314 0 0.572265 0 0.583984 0 0.585938 0 0.595704 0 0.597655 0 0.609375 0 0.611329 0 0.621095 0 0.623046 0 0.634765 0 0.636719 0 0.646485 0 0.648436 0 0.660156 0 0.66211 0 0.671876 0 0.673829 0 0.685546 0 0.6875 0 0.697266 0 0.69922 0 0.710937 0 0.712891 0 0.722657 0 0.724611 0 0.736327 0 0.738281 0 0.748047 0 0.750001 0 0.761718 0 0.763672 0 0.773438 0 0.775391 0 0.785158 0 0.787108 0 0.798828 0 0.800782 0 0.810548 0 0.812499 0 0.824219 0.007811 0.826172 0.007811 0.835939 0.017578 0.837889 0.017578 0.849609 0.029298 0.851563 0.029298 0.861329 0.039064 0.86328 0.039064 0.865234 0.041014 0.867187 0.041014 0.88672 0.060547 0.888673 0.060547 0.90039 0.072267 0.902344 0.072267 0.91211 0.08203 0.914064 0.08203 0.925781 0.09375 0.927734 0.09375 0.9375 0.103517 0.939454 0.103517 0.951171 0.115233 0.953125 0.115233 0.962891 0.125 0.964845 0.125 0.976562 0.136719 0.978515 0.136719 0.988281 0.146486 0.990235 0.146486 1 0.158202 1 0.158202 1 0.167969 1 0.167969 1 0.179689 1 0.179689 1 0.189451 1 0.189451 1 0.199218 1 0.199218 1 0.210939 1 0.210939 1 0.220701 1 0.220701 1 0.232421 1 0.232421 1 0.242188 1 0.242188 1 0.253908 1 0.253908 1 0.263671 1 0.263671 1 0.275391 1 0.275391 1 0.285157 1 0.285157 1 0.296874 1 0.296874 1 0.30664 1 0.30664 1 0.31836 1 0.31836 1 0.328127 1 0.328127 1 0.339843 1 0.339843 1 0.34961 1 0.34961 1 0.36133 1 0.36133 1 0.371092 1 0.371092 1 0.382813 1 0.382813 1 0.392579 1 0.392579 1 0.404295 1 0.404295 1 0.414062 1 0.414062 1 0.423829 1 0.423829 1 0.435549 1 0.435549 1 0.445312 1 0.445312 1 0.457031 1 0.457031 1 0.466798 1 0.466798 1 0.478514 1 0.478514 1 0.488281 1 0.488281 1 0.500001 1 0.500001 1 0.509764 1 0.509764 1 0.521484 1 0.521484 1 0.53125 1 0.53125 1 0.542971 1 0.542971 1 0.54492 1 0.54492 1 0.55078 1 0.552733 1 0.552733 1 0.558593 1 0.558593 1 0.57422 1 0.57422 1 0.585936 1 0.585936 1 0.595703 1 0.595703 1 0.607423 1 0.607423 1 0.617186 1 0.617186 1 0.628906 1 0.628906 1 0.638673 1 0.638673 1 0.646486 1 0.646486 1 0.658202 1 0.660155 1 0.660155 1 0.669922 1 0.669922 1 0.677735 1 0.677735 1 0.681642 1 0.683595 1 0.691405 1 0.691405 1 0.703125 1 0.703125 1 0.712891 1 0.712891 1 0.724607 1 0.724607 1 0.734374 1 0.734374 1 0.746094 1 0.746094 1 0.748048 1 0.746094 1 0.746094 1 0.744141 1 0.734374 1 0.732421 1 0.722658 1 0.720705 1 0.708985 1 0.707031 1 0.697264 1 0.695311 1 0.685549 1 0.683595 1 0.677735 1 0.671875 1 0.671875 1 0.658202 1 0.658202 1 0.650393 1 0.662108 1 0.664062 1 0.673829 1 0.675782 1 0.683595 1 0.683595 1 0.687502 1 0.687502 1 0.689451 1 0.689451 1 0.693358 1 0.693358 1 0.697264 1 0.697264 1 0.699218 1 0.697264 1 0.693358 1 0.691405 1 0.687502 1 0.685549 1 0.683595 1 0.681642 1 0.679688 1 0.677735 1 0.675782 1 0.673829 1 0.671875 1 0.669922 1 0.667969 1 0.666015 1 0.664062 1 0.662108 1 0.660155 1 0.652342 1 0.650393 1 0.638673 1 0.636719 1 0.632812 1 0.619139 1 0.619139 1 0.60547 1 0.60547 1 0.591796 1 0.591796 1 0.58008 1 0.58008 1 0.566407 1 0.566407 1 0.552733 1 0.552733 1 0.539064 1 0.539064 1 0.527344 1 0.527344 1 0.51367 1 0.51367 1 0.500001 1 0.500001 1 0.486328 1 0.486328 1 0.494141 1 0.496094 1 0.511717 1 0.51367 1 0.527344 1 0.529297 1 0.539064 1 0.537111 1 0.537111 1 0.535157 1 0.527344 1 0.52539 1 0.517577 1 0.509764 1 0.507814 1 0.492188 1 0.490234 1 0.470705 1 0.470705 1 0.460938 1 0.466798 1 0.468752 1 0.474608 1 0.476561 1 0.488281 1 0.490234 1 0.503908 1 0.505861 1 0.51367 1 0.51367 1 0.515624 1 0.515624 1 0.517577 1 0.517577 1 0.519531 1 0.519531 1 0.521484 1 0.511717 1 0.507814 1 0.505861 1 0.501955 1 0.500001 1 0.498048 1 0.496094 1 0.494141 1 0.492188 1 0.490234 1 0.484375 1 0.482421 1 0.472654 1 0.470705 1 0.460938 1 0.458985 1 0.441405 1 0.439451 1 0.433596 1 0.433596 1 0.431642 1 0.433596 1 0.435549 1 0.437498 1 0.439451 1 0.441405 1 0.443358 1 0.455078 1 0.457031 1 0.466798 1 0.466798 1 0.470705 1 0.470705 1 0.474608 1 0.474608 1 0.478514 1 0.478514 1 0.482421 1 0.482421 1 0.486328 1 0.486328 1 0.490234 1 0.490234 1 0.492188 1 0.490234 1 0.488281 1 0.486328 1 0.480468 1 0.478514 1 0.472654 1 0.470705 1 0.468752 1 0.466798 1 0.464845 1 0.462892 1 0.460938 1 0.458985 1 0.457031 1 0.455078 1 0.453125 1 0.451172 1 0.449218 1 0.443358 1 0.441405 1 0.433596 1 0.431642 1 0.425782 1 0.423829 1 0.417969 1 0.417969 1 0.416015 1 0.416015 1 0.414062 1 0.408202 1 0.408202 1 0.402342 1 0.402342 1 0.404295 1 0.406249 1 0.408202 1 0.410155 1 0.414062 1 0.416015 1 0.417969 1 0.419922 1 0.421875 1 0.435549 1 0.437498 1 0.451172 1 0.451172 1 0.453125 1 0.453125 1 0.455078 1 0.455078 1 0.457031 1 0.457031 1 0.458985 1 0.458985 1 0.460938 1 0.460938 1 0.462892 1 0.460938 1 0.453125 1 0.451172 1 0.449218 1 0.447265 1 0.445312 1 0.443358 1 0.439451 1 0.437498 1 0.435549 1 0.433596 1 0.429689 1 0.427736 1 0.425782 1 0.423829 1 0.421875 1 0.419922 1 0.417969 1 0.416015 1 0.414062 1 0.412109 1 0.410155 1 0.398439 1 0.398439 1 0.384766 1 0.388673 1 0.380859 1 0.380859 1 0.378906 1 0.384766 1 0.386719 1 0.396486 1 0.398439 1 0.408202 1 0.410155 1 0.419922 1 0.421875 1 0.427736 1 0.427736 1 0.431642 1 0.431642 1 0.435549 1 0.435549 1 0.439451 1 0.437498 1 0.437498 1 0.435549 1 0.433596 1 0.431642 1 0.425782 1 0.423829 1 0.419922 1 0.417969 1 0.414062 1 0.412109 1 0.408202 1 0.406249 1 0.404295 1 0.392579 1 0.390626 1 0.369139 1 0.367186 1 0.357423 1 0.35547 1 0.353516 1 0.353516 1 0.34961 1 0.351563 1 0.353516 1 0.35547 1 0.365232 1 0.365232 1 0.378906 1 0.378906 1 0.386719 1 0.386719 1 0.390626 1 0.390626 1 0.392579 1 0.392579 1 0.394533 1 0.394533 1 0.398439 1 0.398439 1 0.400388 1 0.398439 1 0.394533 1 0.392579 1 0.388673 1 0.386719 1 0.384766 1 0.382813 1 0.380859 1 0.378906 1 0.374999 1 0.373046 1 0.371092 1 0.369139 1 0.365232 1 0.363283 1 0.36133 1 0.359377 1 0.357423 1 0.35547 1 0.353516 1 0.339843 1 0.33789 1 0.328127 1 0.320314 1 0.322267 1 0.328127 1 0.330076 1 0.33789 1 0.339843 1 0.347656 1 0.347656 1 0.353516 1 0.353516 1 0.36133 1 0.36133 1 0.367186 1 0.367186 1 0.371092 1 0.371092 1 0.373046 1 0.373046 1 0.374999 1 0.374999 1 0.376952 1 0.376952 1 0.378906 1 0.376952 1 0.374999 1 0.373046 1 0.367186 1 0.365232 1 0.357423 1 0.35547 1 0.353516 1 0.351563 1 0.34961 1 0.347656 1 0.345703 1 0.34375 1 0.341796 1 0.339843 1 0.33789 1 0.333983 1 0.33203 1 0.322267 1 0.320314 1 0.310547 1 0.308594 1 0.30078 1 0.30078 1 0.298827 1 0.291018 1 0.291018 1 0.29492 1 0.296874 1 0.308594 1 0.310547 1 0.322267 1 0.32422 1 0.335936 1 0.335936 1 0.345703 1 0.345703 1 0.351563 1 0.339843 1 0.339843 1 0.330076 1 0.32422 1 0.322267 1 0.310547 1 0.308594 1 0.296874 1 0.29492 1 0.285157 1 0.283204 1 0.271484 1 0.269531 1 0.265624 1 0.261717 1 0.261717 1 0.259764 1 0.261717 1 0.263671 1 0.273438 1 0.275391 1 0.283204 1 0.285157 1 0.292967 1 0.29492 1 0.30078 1 0.30078 1 0.304687 1 0.304687 1 0.308594 1 0.308594 1 0.3125 1 0.3125 1 0.316407 1 0.316407 1 0.31836 1 0.320314 1 0.32422 1 0.322267 1 0.316407 1 0.314454 1 0.302733 1 0.30078 1 0.292967 1 0.291018 1 0.289064 1 0.283204 1 0.281251 1 0.275391 1 0.273438 1 0.267577 1 0.265624 1 0.238281 1 0.236328 1 0.234375 1 0.234375 1 0.230468 1 0.238281 1 0.240235 1 0.251955 1 0.253908 1 0.267577 1 0.269531 1 0.277344 1 0.277344 1 0.279298 1 0.279298 1 0.281251 1 0.281251 1 0.283204 1 0.283204 1 0.285157 1 0.285157 1 0.287111 1 0.283204 1 0.287111 1 0.287111 1 0.292967 1 0.291018 1 0.285157 1 0.283204 1 0.281251 1 0.279298 1 0.271484 1 0.269531 1 0.263671 1 0.261717 1 0.259764 1 0.255862 1 0.253908 1 0.251955 1 0.250001 1 0.246095 1 0.244141 1 0.224608 1 0.224608 1 0.208985 1 0.195312 1 0.195312 1 0.191405 1 0.193358 1 0.195312 1 0.199218 1 0.201172 1 0.205078 1 0.207032 1 0.208985 1 0.210939 1 0.212892 1 0.216799 1 0.218752 1 0.222654 1 0.224608 1 0.228514 1 0.230468 1 0.236328 1 0.236328 1 0.242188 1 0.242188 1 0.248048 1 0.248048 1 0.253908 1 0.253908 1 0.257811 1 0.257811 1 0.259764 1 0.248048 1 0.246095 1 0.244141 1 0.242188 1 0.240235 1 0.238281 1 0.236328 1 0.234375 1 0.232421 1 0.230468 1 0.228514 1 0.226561 1 0.224608 1 0.222654 1 0.218752 1 0.216799 1 0.212892 1 0.210939 1 0.208985 1 0.207032 1 0.203125 1 0.203125 1 0.199218 1 0.199218 1 0.195312 1 0.195312 1 0.191405 1 0.191405 1 0.187498 1 0.187498 1 0.185545 1 0.185545 1 0.183596 1 0.183596 1 0.181642 1 0.181642 1 0.169922 1 0.169922 1 0.164062 1 0.167969 1 0.169922 1 0.173829 1 0.175782 1 0.181642 1 0.183596 1 0.187498 1 0.189451 1 0.193358 1 0.195312 1 0.203125 1 0.203125 1 0.214845 1 0.214845 1 0.222654 1 0.222654 1 0.224608 1 0.224608 1 0.226561 1 0.226561 1 0.228514 1 0.226561 1 0.224608 1 0.222654 1 0.216799 1 0.214845 1 0.208985 1 0.207032 1 0.201172 1 0.199218 1 0.195312 1 0.193358 1 0.191405 1 0.187498 1 0.185545 1 0.181642 1 0.179689 1 0.177736 1 0.175782 1 0.171876 1 0.169922 1 0.164062 1 0.164062 1 0.158202 1 0.158202 1 0.152342 1 0.152342 1 0.146486 1 0.146486 1 0.14258 1 0.14258 1 0.136719 1 0.138673 1 0.14258 1 0.144533 1 0.146486 1 0.148436 1 0.160156 1 0.162109 1 0.183596 1 0.185545 1 0.197265 1 0.197265 1 0.199218 1 0.199218 1 0.201172 1 0.199218 1 0.197265 1 0.195312 1 0.191405 1 0.189451 1 0.167969 1 0.166015 1 0.164062 1 0.158202 1 0.156249 1 0.152342 1 0.150389 1 0.146486 1 0.144533 1 0.138673 1 0.136719 1 0.132813 1 0.130859 1 0.113279 1 0.113279 1 0.11133 1 0.10547 1 0.107423 1 0.11133 1 0.113279 1 0.121093 1 0.123046 1 0.130859 1 0.132813 1 0.144533 1 0.144533 1 0.160156 1 0.160156 1 0.167969 1 0.167969 1 0.169922 1 0.167969 1 0.166015 1 0.164062 1 0.162109 1 0.160156 1 0.156249 1 0.154295 1 0.152342 1 0.150389 1 0.146486 1 0.144533 1 0.14258 1 0.138673 1 0.136719 1 0.128906 1 0.126953 1 0.117186 1 0.115233 1 0.107423 1 0.10547 1 0.09961 1 0.09961 1 0.097656 1 0.097656 1 0.095703 1 0.095703 1 0.09375 1 0.09375 1 0.091797 1 0.089843 1 0.089843 1 0.076174 1 0.076174 1 0.0625 1 0.0625 1 0.05078 1 0.05078 1 0.037111 1 0.037111 1 0.023438 1 0.023438 1 0.009764 1 0.009764 0.986328 0 0.984374 0 0.972657 0 0.970703 0 0.957033 0 0.955079 0 0.941405 0 0.939454 0 0.925781 0 0.923827 0 0.91211 0 0.910156 0 0.896486 0 0.894532 0 0.880858 0 0.878907 0 0.865234 0 0.86328 0 0.849609 0 0.847655 0 0.835939 0 0.833985 0 0.820311 0 0.81836 0 0.80664 0 0.804687 0 0.794921 0 0.79297 0 0.783204 0 0.78125 0 0.771484 0 0.76953 0 0.759767 0 0.757813 0 0.748047 0 0.746093 0 0.738281 0 0.736327 0 0.726561 0 0.724611 0 0.714844 0 0.712891 0 0.703125 0 0.701171 0 0.691405 0 0.689454 0 0.679688 0 0.677734 0 0.667968 0 0.666014 0 0.656251 0 0.654297 0 0.644531 0 0.642578 0 0.632812 0 0.630861 0 0.621095 0 0.619141 0 0.611329 0 0.609375 0 0.599609 0 0.597655 0 0.587892 0 0.585938 0 0.576172 0 0.574218 0 0.564452 0 0.562501 0 0.552735 0 0.550782 0 0.541016 0 0.539062 0 0.529296 0 0.527345 0 0.517579 0 0.515625 0 0.505859 0 0.503905 0 0.494139 0 0.492188 0 0.482422 0 0.480469 0 0.472656 0 0.470703 0 0.460937 0 0.458986 0 0.455078 0 0.455078 0 0.453124 0 0.453124 0 0.45117 0 0.45117 0 0.44922 0 0.44922 0 0.447266 0 0.447266 0 0.443358 0 0.443358 0 0.435546 0 0.435546 0 0.427734 0 0.427734 0 0.419922 0 0.419922 0 0.412109 0 0.412109 0 0.406251 0 0.396485 0 0.394531 0 0.392577 0 0.390626 0 0.388673 0 0.386719 0 0.384765 0 0.38086 0 0.38086 0 0.378907 0 0.378907 0 0.376953 0 0.378907 0 0.378907 0 0.384765 0 0.384765 0 0.388673 0 0.388673 0 0.394531 0 0.394531 0 0.398439 0 0.398439 0 0.402343 0 0.402343 0 0.408202 0 0.408202 0 0.412109 0 0.412109 0 0.417968 0 0.419922 0 0.427734 0 0.429688 0 0.433595 0 0.435546 0 0.441407 0 0.4375 0 0.435546 0 0.42578 0 0.423829 0 0.414063 0 0.412109 0
9 0.888673 0 0.884766 0 0.882812 0 0.875 0 0.873046 0 0.867187 0 0.865234 0 0.861329 0 0.861329 0 0.859375 0 0.859375 0 0.855468 0 0.855468 0 0.853517 0 0.853517 0 0.849609 0 0.849609 0 0.847655 0 0.847655 0 0.845705 0 0.845705 0 0.843751 0 0.843751 0 0.841797 0 0.841797 0 0.839843 0.000002 0.839843 0.001955 0.841797 0.000002 0.843751 0.000002 0.845705 0 0.847655 0 0.849609 0 0.853517 0 0.855468 0 0.857421 0 0.859375 0 0.861329 0 0.865234 0 0.867187 0 0.871095 0 0.873046 0 0.876953 0 0.878907 0 0.882812 0 0.884766 0 0.888673 0 0.890624 0 0.892578 0 0.892578 0 0.894532 0 0.894532 0 0.896486 0 0.896486 0 0.898436 0 0.898436 0 0.90039 0 0.90039 0 0.902344 0 0.902344 0 0.904298 0