1 0.052732 0.835938 0.052732 0.839839 0.05078 0.841794 0.05078 0.84375 0.052732 0.84375 0.054685 0.845705 0.056643 0.845705 0.058596 0.847659 0.0625 0.847659 0.064453 0.849605 0.066406 0.849605 0.068358 0.85156 0.070311 0.85156 0.072263 0.853516 0.074221 0.853516 0.076174 0.855471 0.080079 0.855471 0.082031 0.857425 0.083984 0.857425 0.085937 0.859371 0.087889 0.859371 0.089841 0.861326 0.089841 0.859371 0.091799 0.857425 0.091799 0.853516 0.093752 0.85156 0.093752 0.849605 0.089841 0.849605 0.087889 0.847659 0.083984 0.847659 0.082031 0.845705 0.078126 0.845705 0.076174 0.84375 0.072263 0.84375 0.070311 0.841794 0.066406 0.841794 0.064453 0.839839 0.060548 0.839839 0.058596 0.837894 0.054685 0.837894
1 0.029296 0.882813 0.027344 0.884768 0.027344 0.886714 0.025392 0.888669 0.025392 0.890625 0.023439 0.892579 0.023439 0.894534 0.021486 0.89648 0.021486 0.898435 0.019534 0.900391 0.019534 0.902345 0.017576 0.9043 0.019534 0.9043 0.023439 0.908201 0.025392 0.908201 0.027344 0.910156 0.027344 0.908201 0.029296 0.906246 0.029296 0.9043 0.031249 0.902345 0.031249 0.898435 0.033201 0.89648 0.033201 0.894534 0.035154 0.892579 0.035154 0.890625 0.037112 0.888669 0.037112 0.886714 0.035154 0.886714 0.033201 0.884768 0.031249 0.884768
0 0 0.166013 0 0.181645 0 0.181645 0.001956 0.183591 0.001956 0.181645 0.003908 0.17969 0.003908 0.166013
1 0.103515 0.957031 0.103515 0.958986 0.101562 0.960941 0.101562 0.964842 0.09961 0.966797 0.09961 0.970707 0.097657 0.972653 0.097657 0.976563 0.095705 0.978518 0.095705 0.980474 0.09961 0.980474 0.101562 0.982419 0.101562 0.980474 0.103515 0.978518 0.103515 0.976563 0.105467 0.974608 0.105467 0.972653 0.107419 0.970707 0.107419 0.968752 0.109373 0.966797 0.109373 0.964842 0.11133 0.962887 0.11133 0.960941 0.109373 0.960941 0.107419 0.958986 0.105467 0.958986
0 0.166018 0.333982 0.164065 0.335937 0.160154 0.335937 0.158202 0.337891 0.152345 0.337891 0.154297 0.339847 0.154297 0.341792 0.15625 0.343748 0.15625 0.345702 0.158202 0.343748 0.160154 0.343748 0.162107 0.341792 0.164065 0.341792 0.166018 0.339847 0.16797 0.339847 0.16797 0.337891 0.166018 0.335937
0 0.246094 0.294917 0.246094 0.310548 0.253904 0.310548 0.253904 0.294917
1 0.333985 0.000001 0.333985 0.003902 0.332033 0.005857 0.332033 0.009767 0.343748 0.009767 0.345706 0.011723 0.357421 0.011723 0.359374 0.013668 0.373046 0.013668 0.373046 0.009767 0.375 0.007812 0.375 0.003902 0.355468 0.003902 0.353516 0.001956 0.335938 0.001956
0 0.074221 0.966797 0.072263 0.968752 0.068358 0.968752 0.068358 0.970707 0.066406 0.972653 0.066406 0.976563 0.064453 0.978518 0.064453 0.982419 0.066406 0.984374 0.066406 0.986329 0.070311 0.986329 0.070311 0.984374 0.072263 0.982419 0.072263 0.980474 0.074221 0.978518 0.074221 0.976563 0.076174 0.974608 0.076174 0.970707 0.074221 0.968752
0 0.263672 0.294917 0.263672 0.302738 0.261719 0.304683 0.261719 0.310548 0.263672 0.308594 0.26953 0.308594 0.26953 0.294917
0 0.94922 0.650394 0.94922 0.654294 0.947268 0.65625 0.947268 0.658205 0.94922 0.658205 0.951172 0.66016 0.953125 0.66016 0.955078 0.662106 0.95703 0.662106 0.960935 0.666016 0.962893 0.666016 0.964846 0.667971 0.966798 0.667971 0.968751 0.669926 0.968751 0.667971 0.970703 0.666016 0.970703 0.662106 0.972656 0.66016 0.972656 0.658205 0.968751 0.658205 0.966798 0.65625 0.962893 0.65625 0.960935 0.654294 0.95703 0.654294 0.955078 0.652339 0.951172 0.652339
0 0.035154 0.806641 0.035154 0.818362 0.039064 0.822262 0.041018 0.822262 0.04297 0.820317 0.04297 0.810551 0.041018 0.808596 0.041018 0.806641
0 0.208984 0.269529 0.208984 0.287107 0.214842 0.287107 0.214842 0.279295 0.216794 0.27734 0.216794 0.271485 0.210937 0.271485
0 0.298829 0.08203 0.298829 0.091796 0.296876 0.093751 0.296876 0.103517 0.308591 0.103517 0.308591 0.095706 0.310549 0.093751 0.310549 0.08594 0.306639 0.08594 0.304686 0.083985 0.300781 0.083985
0 0.345706 0.015623 0.343748 0.017578 0.341795 0.017578 0.343748 0.019533 0.343748 0.021489 0.345706 0.021489 0.347658 0.023434 0.349611 0.021489 0.365237 0.021489 0.367189 0.019533 0.367189 0.015623
0 0.27344 0.279295 0.27344 0.285161 0.271482 0.287107 0.271482 0.292972 0.277345 0.292972 0.277345 0.279295
1 0.154297 0.394532 0.150392 0.398433 0.148439 0.398433 0.146487 0.400388 0.148439 0.402343 0.148439 0.404298 0.150392 0.406254 0.150392 0.408199 0.152345 0.410154 0.152345 0.412109 0.154297 0.414064 0.154297 0.416019 0.15625 0.417965 0.15625 0.41992 0.158202 0.421875 0.158202 0.423831 0.160154 0.425786 0.160154 0.427731 0.162107 0.429686 0.162107 0.431641 0.164065 0.433597 0.164065 0.435552 0.166018 0.437497 0.166018 0.439452 0.16797 0.437497 0.169923 0.437497 0.173828 0.433597 0.17578 0.433597 0.173828 0.431641 0.173828 0.429686 0.171875 0.427731 0.171875 0.425786 0.169923 0.423831 0.169923 0.421875 0.16797 0.41992 0.16797 0.417965 0.164065 0.414064 0.164065 0.412109 0.162107 0.410154 0.162107 0.408199 0.160154 0.406254 0.160154 0.404298 0.158202 0.402343 0.158202 0.400388 0.15625 0.398433 0.15625 0.396488
0 0.124998 0.861326 0.124998 0.863282 0.123045 0.865236 0.123045 0.867191 0.121093 0.869137 0.121093 0.871092 0.119141 0.873047 0.119141 0.875002 0.117188 0.876957 0.117188 0.880858 0.121093 0.880858 0.123045 0.878903 0.123045 0.876957 0.128909 0.871092 0.128909 0.869137 0.130861 0.867191 0.130861 0.865236 0.128909 0.863282 0.128909 0.861326
0 0.294923 0.27734 0.294923 0.292972 0.302733 0.292972 0.302733 0.279295 0.296876 0.279295
0 0.433592 0.058598 0.433592 0.060543 0.431639 0.062498 0.431639 0.066408 0.429687 0.068364 0.429687 0.072264 0.427734 0.074219 0.427734 0.078129 0.429687 0.078129 0.431639 0.080075 0.435544 0.080075 0.435544 0.078129 0.437502 0.076174 0.437502 0.074219 0.439455 0.072264 0.439455 0.070309 0.441407 0.068364 0.441407 0.062498 0.439455 0.062498 0.435544 0.058598
0 0.236326 0.289062 0.236326 0.292972 0.238284 0.294917 0.238284 0.300782 0.236326 0.302738 0.236326 0.306639 0.244141 0.306639 0.244141 0.289062
1 0.359374 0.08203 0.359374 0.089841 0.363278 0.089841 0.365237 0.091796 0.367189 0.091796 0.369142 0.093751 0.373046 0.093751 0.375 0.095706 0.378904 0.095706 0.380857 0.097651 0.384768 0.097651 0.38672 0.099607 0.388672 0.099607 0.390625 0.101562 0.39453 0.101562 0.396482 0.103517 0.396482 0.099607 0.398435 0.097651 0.398435 0.093751 0.39453 0.093751 0.392577 0.091796 0.38672 0.091796 0.384768 0.089841 0.380857 0.089841 0.378904 0.087895 0.375 0.087895 0.373046 0.08594 0.367189 0.08594 0.365237 0.083985 0.361326 0.083985
1 0.455081 0.003902 0.455081 0.005857 0.453123 0.007812 0.453123 0.009767 0.45117 0.011723 0.45117 0.015623 0.449218 0.017578 0.449218 0.021489 0.447265 0.023434 0.447265 0.025389 0.445312 0.027344 0.445312 0.031254 0.44336 0.0332 0.44336 0.03711 0.441407 0.039065 0.441407 0.04102 0.439455 0.042966 0.439455 0.044921 0.447265 0.044921 0.449218 0.046876 0.449218 0.044921 0.45117 0.042966 0.45117 0.04102 0.453123 0.039065 0.453123 0.035155 0.455081 0.0332 0.455081 0.029299 0.457033 0.027344 0.457033 0.025389 0.458986 0.023434 0.458986 0.019533 0.460938 0.017578 0.460938 0.013668 0.462891 0.011723 0.462891 0.009767 0.464843 0.007812 0.464843 0.005857 0.457033 0.005857
0 0.052732 0.875002 0.052732 0.876957 0.05078 0.878903 0.052732 0.880858 0.052732 0.882813 0.054685 0.882813 0.056643 0.884768 0.058596 0.884768 0.060548 0.886714 0.0625 0.886714 0.064453 0.888669 0.066406 0.888669 0.068358 0.890625 0.070311 0.888669 0.072263 0.888669 0.072263 0.884768 0.070311 0.882813 0.068358 0.882813 0.066406 0.880858 0.064453 0.880858 0.0625 0.878903 0.060548 0.878903 0.058596 0.876957 0.056643 0.876957 0.054685 0.875002
0 0.05078 0.283206 0.048827 0.285161 0.048827 0.291017 0.05078 0.292972 0.05078 0.298828 0.052732 0.298828 0.054685 0.300782 0.056643 0.298828 0.058596 0.298828 0.058596 0.294917 0.056643 0.292972 0.056643 0.289062 0.054685 0.287107 0.054685 0.285161 0.052732 0.283206
1 0.058596 0.759766 0.056643 0.761721 0.052732 0.761721 0.05078 0.763676 0.046875 0.763676 0.044922 0.765622 0.04297 0.765622 0.041018 0.767576 0.037112 0.767576 0.035154 0.769531 0.031249 0.769531 0.031249 0.771487 0.033201 0.773442 0.033201 0.775387 0.035154 0.777342 0.035154 0.779297 0.037112 0.777342 0.041018 0.777342 0.04297 0.775387 0.046875 0.775387 0.048827 0.773442 0.05078 0.773442 0.052732 0.771487 0.056643 0.771487 0.058596 0.769531 0.0625 0.769531 0.0625 0.767576 0.060548 0.765622 0.060548 0.763676 0.058596 0.761721
1 0.482422 0 0.482422 0 0.480469 0 0.480469 0 0.478517 0 0.478517 0 0.476564 0 0.476564 0.000001 0.474611 0.001956 0.474611 0.005857 0.472659 0.007812 0.472659 0.009767 0.470701 0.011723 0.470701 0.013668 0.474611 0.013668 0.476564 0.015623 0.480469 0.015623 0.482422 0.017578 0.482422 0.015623 0.484374 0.013668 0.484374 0.009767 0.486327 0.007812 0.486327 0.001956 0.488279 0.000001 0.488279 0 0.490232 0 0.490232 0 0.49219 0 0.49219 0 0.488279 0 0.486327 0 0.484374 0
0 0.078126 0.796875 0.076174 0.79883 0.074221 0.79883 0.074221 0.814451 0.076174 0.816406 0.076174 0.818362 0.078126 0.818362 0.080079 0.816406 0.082031 0.816406 0.082031 0.796875
0 0.234373 0.271485 0.234373 0.287107 0.240236 0.287107 0.240236 0.279295 0.242188 0.27734 0.242188 0.271485
1 0.353516 0.310548 0.353516 0.312504 0.351563 0.314449 0.351563 0.31836 0.349611 0.320314 0.349611 0.324215 0.347658 0.32617 0.347658 0.330081 0.345706 0.332036 0.345706 0.333982 0.347658 0.333982 0.349611 0.335937 0.351563 0.335937 0.353516 0.337891 0.353516 0.335937 0.355468 0.333982 0.355468 0.330081 0.357421 0.328126 0.357421 0.322269 0.359374 0.320314 0.359374 0.316404 0.361326 0.314449 0.361326 0.312504 0.355468 0.312504
1 0.326169 0.058598 0.326169 0.064453 0.328127 0.066408 0.328127 0.078129 0.33008 0.080075 0.33008 0.091796 0.332033 0.093751 0.332033 0.099607 0.341795 0.099607 0.341795 0.089841 0.339843 0.087895 0.339843 0.070309 0.33789 0.068364 0.33789 0.058598
1 0.16797 0.443363 0.166018 0.445308 0.164065 0.445308 0.162107 0.447263 0.158202 0.447263 0.158202 0.449218 0.160154 0.451173 0.160154 0.453129 0.162107 0.455074 0.162107 0.458984 0.164065 0.460939 0.164065 0.462894 0.166018 0.46484 0.166018 0.46875 0.16797 0.470706 0.16797 0.47266 0.169923 0.474606 0.169923 0.478517 0.171875 0.480472 0.171875 0.482426 0.173828 0.484372 0.173828 0.486327 0.17578 0.484372 0.177733 0.484372 0.181638 0.480472 0.183596 0.480472 0.183596 0.478517 0.181638 0.476561 0.181638 0.474606 0.179686 0.47266 0.179686 0.470706 0.177733 0.46875 0.177733 0.46484 0.17578 0.462894 0.17578 0.460939 0.173828 0.458984 0.173828 0.455074 0.171875 0.453129 0.171875 0.451173 0.169923 0.449218 0.169923 0.447263 0.16797 0.445308
0 0.226563 0.27344 0.226563 0.281251 0.22461 0.283206 0.22461 0.289062 0.23242 0.289062 0.23242 0.27344
1 0.365237 0.207033 0.363278 0.208988 0.359374 0.208988 0.357421 0.210933 0.353516 0.210933 0.351563 0.212888 0.347658 0.212888 0.345706 0.214844 0.341795 0.214844 0.339843 0.216799 0.335938 0.216799 0.333985 0.218754 0.33008 0.218754 0.328127 0.220699 0.324217 0.220699 0.324217 0.222654 0.326169 0.22461 0.326169 0.22852 0.328127 0.230465 0.328127 0.23242 0.33008 0.230465 0.333985 0.230465 0.335938 0.22852 0.33789 0.22852 0.339843 0.226565 0.343748 0.226565 0.345706 0.22461 0.347658 0.22461 0.349611 0.222654 0.353516 0.222654 0.355468 0.220699 0.359374 0.220699 0.361326 0.218754 0.363278 0.218754 0.365237 0.216799 0.369142 0.216799 0.369142 0.214844 0.367189 0.212888 0.367189 0.210933 0.365237 0.208988
0 0.085937 0.875002 0.085937 0.876957 0.083984 0.878903 0.083984 0.882813 0.085937 0.884768 0.085937 0.886714 0.087889 0.888669 0.087889 0.890625 0.089841 0.892579 0.089841 0.894534 0.095705 0.894534 0.095705 0.890625 0.093752 0.888669 0.093752 0.886714 0.091799 0.884768 0.091799 0.882813 0.089841 0.880858 0.089841 0.878903 0.087889 0.876957 0.087889 0.875002
0 0.011718 0 0.011718 0 0.009766 0 0.009766 0.011723 0.01367 0.011723 0.015623 0.009767 0.015623 0 0.01367 0
0 0.244141 0.271485 0.244141 0.287107 0.248046 0.287107 0.248046 0.279295 0.249999 0.27734 0.249999 0.271485
0 0.279298 0.27734 0.279298 0.294917 0.285155 0.294917 0.285155 0.279295 0.287108 0.27734
0 0.187501 0.267574 0.187501 0.285161 0.193358 0.285161 0.193358 0.27734 0.195311 0.275394 0.195311 0.269529 0.189454 0.269529
0 0.025392 0.257808 0.023439 0.259764 0.021486 0.259764 0.021486 0.261719 0.023439 0.263674 0.023439 0.269529 0.025392 0.271485 0.025392 0.27344 0.029296 0.27344 0.031249 0.271485 0.033201 0.271485 0.033201 0.269529 0.031249 0.267574 0.031249 0.265628 0.029296 0.263674 0.029296 0.261719 0.027344 0.259764 0.027344 0.257808
1 0.406251 0.251953 0.406251 0.253908 0.404298 0.255863 0.404298 0.257808 0.402346 0.259764 0.402346 0.263674 0.400393 0.265628 0.400393 0.269529 0.398435 0.271485 0.398435 0.27344 0.396482 0.275394 0.396482 0.279295 0.39453 0.281251 0.39453 0.283206 0.392577 0.285161 0.392577 0.287107 0.39453 0.287107 0.398435 0.291017 0.400393 0.291017 0.402346 0.292972 0.402346 0.291017 0.404298 0.289062 0.404298 0.285161 0.406251 0.283206 0.406251 0.279295 0.408203 0.27734 0.408203 0.271485 0.410156 0.269529 0.410156 0.265628 0.412108 0.263674 0.412108 0.259764 0.414061 0.257808 0.414061 0.255863 0.412108 0.255863 0.410156 0.253908 0.408203 0.253908
1 0.275393 0 0.27344 0.000001 0.271482 0.000001 0.26953 0.001956 0.265625 0.001956 0.263672 0.003902 0.261719 0.003902 0.261719 0.009767 0.259767 0.011723 0.259767 0.015623 0.261719 0.013668 0.265625 0.013668 0.267577 0.011723 0.26953 0.011723 0.271482 0.009767 0.275393 0.009767
0 0.017576 0.181645 0.015623 0.183591 0.01367 0.183591 0.011718 0.185545 0.009766 0.185545 0.009766 0.187501 0.011718 0.189456 0.011718 0.195312 0.01367 0.197267 0.01367 0.201167 0.015623 0.199222 0.021486 0.199222 0.021486 0.195312 0.019534 0.193357 0.019534 0.187501 0.017576 0.185545
0 0.025392 0.744144 0.025392 0.75 0.023439 0.751955 0.023439 0.761721 0.029296 0.761721 0.029296 0.755856 0.031249 0.75391 0.031249 0.746089 0.029296 0.744144
1 0.335938 0.355468 0.335938 0.357423 0.333985 0.359379 0.333985 0.361324 0.332033 0.363279 0.332033 0.367189 0.33008 0.369144 0.33008 0.37109 0.328127 0.373045 0.328127 0.376956 0.326169 0.378911 0.326169 0.380857 0.324217 0.382811 0.324217 0.384766 0.322265 0.386722 0.322265 0.390622 0.320312 0.392577 0.320312 0.394532 0.318359 0.396488 0.318359 0.398433 0.320312 0.398433 0.322265 0.400388 0.324217 0.400388 0.326169 0.402343 0.326169 0.400388 0.328127 0.398433 0.328127 0.396488 0.33008 0.394532 0.33008 0.390622 0.332033 0.388677 0.332033 0.386722 0.333985 0.384766 0.333985 0.380857 0.335938 0.378911 0.335938 0.376956 0.33789 0.375 0.33789 0.373045 0.339843 0.37109 0.339843 0.367189 0.341795 0.365234 0.341795 0.363279 0.343748 0.361324 0.343748 0.359379 0.341795 0.359379 0.339843 0.357423 0.33789 0.357423
0 0.457033 0.41992 0.457033 0.421875 0.455081 0.423831 0.455081 0.427731 0.453123 0.429686 0.453123 0.431641 0.45117 0.433597 0.45117 0.435552 0.453123 0.435552 0.457033 0.439452 0.457033 0.437497 0.458986 0.435552 0.458986 0.431641 0.460938 0.429686 0.460938 0.427731 0.462891 0.425786 0.462891 0.423831 0.460938 0.423831
1 0.039064 0.697269 0.035154 0.701169 0.033201 0.701169 0.035154 0.703125 0.035154 0.70508 0.037112 0.707035 0.037112 0.708981 0.039064 0.710936 0.039064 0.712891 0.04297 0.716801 0.04297 0.718747 0.044922 0.720702 0.044922 0.722656 0.046875 0.724612 0.046875 0.726567 0.048827 0.728513 0.048827 0.730467 0.05078 0.732422 0.056643 0.726567 0.054685 0.724612 0.054685 0.722656 0.052732 0.720702 0.052732 0.718747 0.048827 0.714846 0.048827 0.712891 0.046875 0.710936 0.046875 0.708981 0.04297 0.70508 0.04297 0.703125 0.041018 0.701169 0.041018 0.699214
0 0.218753 0.269529 0.218753 0.27734 0.216794 0.279295 0.216794 0.287107 0.220706 0.287107 0.220706 0.283206 0.222658 0.281251 0.222658 0.275394 0.22461 0.27344 0.22461 0.271485 0.220706 0.271485
0 0.011718 0.013668 0.011718 0.031254 0.01367 0.029299 0.017576 0.029299 0.017576 0.013668
1 0.019534 0.835938 0.01367 0.841794 0.015623 0.84375 0.015623 0.845705 0.021486 0.85156 0.021486 0.853516 0.025392 0.857425 0.025392 0.859371 0.027344 0.861326 0.029296 0.859371 0.033201 0.859371 0.031249 0.857425 0.031249 0.855471 0.029296 0.853516 0.029296 0.85156 0.025392 0.847659 0.025392 0.845705 0.023439 0.84375 0.023439 0.841794 0.021486 0.839839 0.021486 0.837894
1 0.275393 0.013668 0.27344 0.015623 0.271482 0.015623 0.26953 0.017578 0.265625 0.017578 0.263672 0.019533 0.261719 0.019533 0.261719 0.029299 0.263672 0.027344 0.265625 0.027344 0.267577 0.025389 0.271482 0.025389 0.27344 0.023434 0.275393 0.023434
0 0 0 0 0 0 0 0 0 0.001956 0.000001 0.003908 0.000001 0.003908 0 0.005861 0 0.005861 0 0.003908 0
0 0.310549 0.388677 0.308591 0.390622 0.304686 0.390622 0.304686 0.408199 0.306639 0.406254 0.312502 0.406254 0.312502 0.398433 0.310549 0.396488
0 0.011718 0.199222 0.009766 0.201167 0.005861 0.201167 0.005861 0.203123 0.007813 0.205078 0.007813 0.207033 0.009766 0.208988 0.009766 0.210933 0.011718 0.212888 0.011718 0.214844 0.01367 0.212888 0.017576 0.212888 0.017576 0.210933 0.015623 0.208988 0.015623 0.207033 0.01367 0.205078 0.01367 0.203123 0.011718 0.201167
0 0.375 0.013668 0.373046 0.015623 0.373046 0.019533 0.375 0.019533 0.376952 0.021489 0.39453 0.021489 0.396482 0.019533 0.396482 0.013668
1 0.316407 0.080075 0.316407 0.103517 0.326169 0.103517 0.328127 0.105472 0.328127 0.080075
0 0.27344 0.046876 0.271482 0.048831 0.267577 0.048831 0.265625 0.050776 0.261719 0.050776 0.259767 0.052732 0.255862 0.052732 0.255862 0.056642 0.253904 0.058598 0.253904 0.064453 0.251951 0.066408 0.251951 0.068364 0.255862 0.064453 0.257814 0.064453 0.261719 0.060543 0.263672 0.060543 0.267577 0.056642 0.26953 0.056642 0.271482 0.054687 0.279298 0.054687 0.275393 0.050776 0.275393 0.048831
1 0.388672 0.580077 0.388672 0.582032 0.38672 0.583987 0.38672 0.587888 0.384768 0.589843 0.384768 0.593753 0.382815 0.595698 0.382815 0.599609 0.380857 0.601564 0.380857 0.605464 0.378904 0.607419 0.378904 0.61133 0.376952 0.613285 0.376952 0.617186 0.375 0.619141 0.375 0.621096 0.378904 0.621096 0.380857 0.623051 0.384768 0.623051 0.38672 0.624997 0.38672 0.623051 0.388672 0.621096 0.388672 0.615231 0.390625 0.613285 0.390625 0.609375 0.392577 0.607419 0.392577 0.601564 0.39453 0.599609 0.39453 0.595698 0.396482 0.593753 0.396482 0.587888 0.398435 0.585942 0.398435 0.583987 0.39453 0.583987 0.392577 0.582032 0.390625 0.582032
1 0.287108 0.058598 0.287108 0.064453 0.285155 0.066408 0.285155 0.080075 0.283203 0.08203 0.285155 0.08203 0.287108 0.083985 0.287108 0.089841 0.285155 0.091796 0.285155 0.097651 0.283203 0.099607 0.28125 0.099607 0.28125 0.101562 0.291018 0.101562 0.292971 0.103517 0.292971 0.093751 0.294923 0.091796 0.294923 0.072264 0.296876 0.070309 0.296876 0.060543 0.289061 0.060543
0 0.27344 0.083985 0.27344 0.097651 0.283203 0.097651 0.283203 0.091796 0.285155 0.089841 0.285155 0.083985
1 0.359374 0.025389 0.359374 0.029299 0.357421 0.031254 0.357421 0.0332 0.396482 0.0332 0.396482 0.025389
0 0.255862 0.275394 0.255862 0.292972 0.261719 0.292972 0.261719 0.285161 0.263672 0.283206 0.263672 0.27734 0.257814 0.27734
0 0.265625 0.27734 0.265625 0.292972 0.26953 0.292972 0.26953 0.287107 0.271482 0.285161 0.271482 0.279295 0.267577 0.279295
0 0.228515 0.292972 0.228515 0.310548 0.234373 0.310548 0.234373 0.302738 0.236326 0.300782 0.236326 0.294917 0.230468 0.294917
0 0.287108 0.279295 0.287108 0.294917 0.292971 0.294917 0.292971 0.279295
0 0.380857 0 0.378904 0 0.378904 0.001956 0.380857 0.003902 0.384768 0.003902 0.38672 0.005857 0.390625 0.005857 0.392577 0.007812 0.39453 0.005857 0.398435 0.005857 0.398435 0.000001 0.390625 0.000001 0.388672 0 0.382815 0