0 0.05664 0.541017 0.052733 0.54492 0.052733 0.578126 0.054688 0.580077 0.054688 0.582032 0.070314 0.582032 0.072266 0.580077 0.074218 0.580077 0.074218 0.546875 0.072266 0.54492 0.072266 0.542969 0.058593 0.542969
0 0.640625 0.552734 0.640625 0.554689 0.638672 0.55664 0.638672 0.566406 0.640625 0.56836 0.640625 0.582032 0.652344 0.582032 0.654296 0.580077 0.654296 0.554689 0.652344 0.552734
0 0.564452 0.554689 0.5625 0.55664 0.560547 0.55664 0.560547 0.583984 0.5625 0.585939 0.572266 0.585939 0.574218 0.583984 0.574218 0.554689
0 0.998048 0.355469 0.998048 0.357421 0.996093 0.359376 0.996093 0.371093 0.998048 0.373048 1 0.373048 1 0.369141 1 0.365234 1 0.363283 1 0.357421 1 0.355469
0 0.525392 0.550782 0.523437 0.552734 0.523437 0.564454 0.521485 0.566406 0.521485 0.578126 0.525392 0.582032 0.53711 0.582032 0.53711 0.56836 0.539062 0.566406 0.539062 0.552734 0.53711 0.550782
0 0.541015 0.552734 0.541015 0.582032 0.542969 0.583984 0.552733 0.583984 0.554688 0.582032 0.554688 0.56836 0.55664 0.566406 0.55664 0.554689 0.554688 0.552734
0 0.384767 0.546875 0.384767 0.548827 0.382812 0.550782 0.382812 0.578126 0.384767 0.580077 0.398438 0.580077 0.40039 0.578126 0.40039 0.550782 0.398438 0.548827 0.398438 0.546875
0 0.357423 0.550782 0.355468 0.552734 0.355468 0.564454 0.357423 0.566406 0.357423 0.582032 0.369141 0.582032 0.369141 0.56836 0.371094 0.566406 0.371094 0.554689 0.369141 0.552734 0.369141 0.550782
0 0.072266 0.447266 0.070314 0.449217 0.066407 0.449217 0.064452 0.451172 0.060547 0.451172 0.060547 0.457031 0.0625 0.458986 0.0625 0.460937 0.064452 0.462889 0.064452 0.464844 0.066407 0.466796 0.066407 0.470703 0.068359 0.472657 0.068359 0.474609 0.070314 0.476561 0.070314 0.478516 0.072266 0.480468 0.072266 0.482423 0.074218 0.482423 0.076173 0.480468 0.078125 0.480468 0.080077 0.478516 0.083984 0.478516 0.085937 0.476561 0.087891 0.476561 0.087891 0.470703 0.085937 0.468751 0.085937 0.466796 0.083984 0.464844 0.083984 0.462889 0.082032 0.460937 0.082032 0.457031 0.080077 0.455079 0.080077 0.453124 0.078125 0.451172 0.078125 0.449217 0.074218 0.449217
0 0.947266 0.296875 0.945312 0.298827 0.945312 0.312499 0.947266 0.314454 0.947266 0.328125 0.949219 0.330077 0.949219 0.332032 0.96289 0.332032 0.96289 0.330077 0.964844 0.328125 0.964844 0.314454 0.96289 0.312499 0.96289 0.298827 0.960937 0.296875
7 0.224609 0.138671 0.224609 0.181642 0.226562 0.181642 0.228516 0.183593 0.228516 0.201172 0.230469 0.203124 0.230469 0.224609 0.228516 0.226564 0.228516 0.232422 0.226562 0.234374 0.226562 0.238281 0.222657 0.242188 0.214843 0.242188 0.212891 0.240236 0.205079 0.240236 0.201172 0.236329 0.203125 0.234374 0.208984 0.234374 0.208984 0.226564 0.203125 0.226564 0.201172 0.224609 0.197265 0.224609 0.195313 0.222657 0.189454 0.222657 0.187499 0.220702 0.183594 0.220702 0.18164 0.218751 0.175781 0.218751 0.173828 0.216796 0.167969 0.216796 0.166017 0.218751 0.164062 0.218751 0.164062 0.222657 0.16211 0.224609 0.16211 0.228516 0.160157 0.230467 0.146484 0.230467 0.148436 0.232422 0.146484 0.234374 0.140625 0.234374 0.138673 0.232422 0.134766 0.232422 0.132813 0.230467 0.132813 0.228516 0.130859 0.226564 0.130859 0.224609 0.128906 0.222657 0.128906 0.218751 0.126954 0.216796 0.126954 0.214844 0.124999 0.212892 0.124999 0.210937 0.123047 0.208985 0.123047 0.205079 0.121095 0.203124 0.121095 0.201172 0.11914 0.19922 0.11914 0.195314 0.117188 0.193359 0.117188 0.191407 0.115236 0.189452 0.115236 0.1875 0.105469 0.1875 0.103515 0.185548 0.103515 0.191407 0.105469 0.193359 0.105469 0.205079 0.107422 0.207031 0.107422 0.218751 0.109374 0.220702 0.109374 0.224609 0.107422 0.226564 0.101562 0.226564 0.09961 0.228516 0.103515 0.228516 0.105469 0.230467 0.103515 0.232422 0.103515 0.234374 0.101562 0.236329 0.101562 0.238281 0.097655 0.242188 0.097655 0.244139 0.095703 0.246094 0.095703 0.248046 0.093751 0.250001 0.093751 0.251953 0.089844 0.255859 0.089844 0.257811 0.087891 0.259766 0.087891 0.261718 0.085937 0.263673 0.085937 0.269531 0.097655 0.269531 0.115236 0.251953 0.117188 0.251953 0.132813 0.236329 0.138673 0.236329 0.142577 0.240236 0.144532 0.240236 0.148436 0.244139 0.150391 0.244139 0.154296 0.248046 0.15625 0.248046 0.158203 0.250001 0.160157 0.250001 0.16211 0.251953 0.158203 0.255859 0.15625 0.255859 0.154296 0.257811 0.154296 0.259766 0.152343 0.261718 0.158203 0.261718 0.160157 0.263673 0.166017 0.263673 0.167969 0.265625 0.171876 0.265625 0.173828 0.26758 0.179688 0.26758 0.18164 0.269531 0.187499 0.269531 0.189454 0.271483 0.189454 0.269531 0.191406 0.26758 0.191406 0.263673 0.189454 0.261718 0.189454 0.259766 0.191406 0.257811 0.195313 0.257811 0.197265 0.259766 0.203125 0.259766 0.205079 0.261718 0.210939 0.261718 0.212891 0.263673 0.21875 0.263673 0.220702 0.265625 0.220702 0.26758 0.21875 0.269531 0.21875 0.271483 0.216798 0.273438 0.216798 0.27539 0.214843 0.277345 0.214843 0.279297 0.212891 0.281251 0.212891 0.283203 0.210939 0.285155 0.210939 0.28711 0.208984 0.289062 0.208984 0.291017 0.207032 0.292968 0.207032 0.294923 0.205079 0.296875 0.205079 0.298827 0.203125 0.300782 0.203125 0.302734 0.201172 0.304688 0.201172 0.30664 0.197265 0.310547 0.197265 0.312499 0.195313 0.314454 0.195313 0.316405 0.193358 0.31836 0.193358 0.320312 0.191406 0.322267 0.191406 0.324219 0.187499 0.328125 0.187499 0.330077 0.185547 0.332032 0.185547 0.333984 0.183594 0.335939 0.183594 0.337891 0.179688 0.341797 0.179688 0.343749 0.177735 0.345704 0.177735 0.347656 0.175781 0.349611 0.175781 0.351562 0.173828 0.353514 0.173828 0.355469 0.171876 0.357421 0.183594 0.357421 0.189454 0.351562 0.189454 0.349611 0.201172 0.337891 0.201172 0.335939 0.212891 0.324219 0.212891 0.322267 0.226562 0.308595 0.226562 0.30664 0.23828 0.294923 0.23828 0.292968 0.250001 0.281251 0.250001 0.279297 0.25586 0.273438 0.26172 0.273438 0.263672 0.27539 0.269531 0.27539 0.271484 0.277345 0.279297 0.277345 0.28125 0.279297 0.287109 0.279297 0.289061 0.281251 0.294923 0.281251 0.296875 0.283203 0.302735 0.283203 0.304687 0.285155 0.310546 0.285155 0.312501 0.28711 0.31836 0.28711 0.320312 0.289062 0.328124 0.289062 0.330079 0.291017 0.335938 0.291017 0.33789 0.292968 0.34375 0.292968 0.345704 0.294923 0.359375 0.294923 0.361327 0.296875 0.363282 0.294923 0.367187 0.294923 0.369141 0.292968 0.384767 0.292968 0.386719 0.294923 0.388671 0.292968 0.382812 0.292968 0.38086 0.291017 0.376953 0.291017 0.371094 0.285155 0.371094 0.283203 0.367187 0.279297 0.363282 0.279297 0.361327 0.277345 0.355468 0.277345 0.353516 0.27539 0.349609 0.27539 0.347656 0.273438 0.341797 0.273438 0.339845 0.271483 0.335938 0.271483 0.333983 0.269531 0.328124 0.269531 0.326172 0.26758 0.322265 0.26758 0.320312 0.265625 0.314453 0.265625 0.312501 0.263673 0.308594 0.263673 0.306642 0.261718 0.302735 0.261718 0.300782 0.259766 0.287109 0.259766 0.285157 0.261718 0.242187 0.261718 0.23828 0.257811 0.23828 0.255859 0.236328 0.253908 0.236328 0.251953 0.234376 0.250001 0.234376 0.248046 0.232421 0.246094 0.234376 0.244139 0.23828 0.244139 0.240235 0.242188 0.246094 0.242188 0.248046 0.240236 0.251953 0.240236 0.253906 0.238281 0.257813 0.238281 0.257813 0.236329 0.25586 0.234374 0.25586 0.228516 0.253906 0.226564 0.253906 0.220702 0.251953 0.218751 0.251953 0.212892 0.250001 0.210937 0.250001 0.205079 0.248046 0.203124 0.248046 0.197265 0.246094 0.195314 0.246094 0.1875 0.244139 0.185548 0.244139 0.179687 0.242187 0.177735 0.242187 0.171877 0.240235 0.169922 0.240235 0.164063 0.23828 0.162108 0.23828 0.15625 0.236328 0.154298 0.236328 0.148436 0.234376 0.146485 0.234376 0.142578 0.230469 0.138671
0 1 0.332032 1 0.333984 0.996093 0.333984 0.996093 0.345704 0.998048 0.345704 1 0.347656 1 0.347656 1 0.345704 1 0.345704 1 0.335939 1 0.333984
0 0.68164 0.298827 0.68164 0.312499 0.679688 0.314454 0.679688 0.328125 0.68164 0.328125 0.685547 0.332032 0.691406 0.332032 0.693358 0.330077 0.695313 0.330077 0.695313 0.316405 0.693358 0.314454 0.693358 0.298827
7 0.871094 0.945311 0.871094 0.947266 0.869141 0.949218 0.869141 0.951173 0.867187 0.953124 0.867187 0.957031 0.865234 0.958983 0.865234 0.988281 0.863282 0.990233 0.861327 0.990233 0.857423 0.99414 0.855468 0.99414 0.851563 0.998047 0.849609 0.998047 0.847656 0.999998 0.845704 0.999998 0.841797 1 0.839845 1 0.83789 1 0.835938 1 0.832031 1 0.830079 1 0.826172 1 0.824219 1 0.822265 1 0.820312 1 0.816405 1 0.814453 1 0.814453 1 0.816405 1 0.816405 1 0.820312 1 0.822265 1 0.826172 1 0.828124 1 0.832031 1 0.833983 1 0.835938 1 0.83789 1 0.841797 1 0.84375 1 0.847656 1 0.849609 1 0.851563 1 0.853516 1 0.853516 1 0.863282 1 0.865234 1 0.865234 1 0.863282 1 0.863282 1 0.861327 1 0.859375 1 0.857423 1 0.855468 1 0.853516 1 0.849609 1 0.847656 1 0.845704 1 0.84375 1 0.841797 1 0.841797 1 0.84375 1 0.845704 1 0.847656 1 0.851563 1 0.853516 1 0.855468 1 0.857423 1 0.859375 1 0.861327 1 0.861327 1 0.865234 1 0.865234 1 0.869141 1 0.871094 1 0.873046 1 0.876953 1 0.878905 1 0.88086 1 0.882812 1 0.886719 1 0.888671 1 0.888671 1 0.890626 1 0.890626 1 0.888671 1 0.884767 1 0.882812 1 0.878905 1 0.876953 1 0.873046 1 0.875 1 0.875 1 0.876953 1 0.876953 1 0.878905 1 0.878905 1 0.882812 1 0.888671 1 0.888671 1 0.886719 1 0.886719 1 0.888671 1 0.890626 1 0.892578 1 0.896485 1 0.898438 1 0.902345 1 0.904297 1 0.908204 1 0.910156 1 0.914063 1 0.916016 1 0.919922 1 0.921875 1 0.925782 1 0.927734 1 0.927734 1 0.925782 1 0.923827 1 0.919922 1 0.917968 1 0.912109 1 0.910156 1 0.906249 1 0.904297 1 0.90039 1 0.898438 1 0.892578 0.996095 0.890626 0.996095 0.886719 0.992188 0.884767 0.992188 0.88086 0.988281 0.88086 0.976562 0.878905 0.97461 0.878905 0.955079 0.876953 0.953124 0.876953 0.951173
7 0.845704 0.806641 0.84375 0.808592 0.839845 0.808592 0.83789 0.810547 0.816405 0.810547 0.814453 0.808592 0.814453 0.814454 0.81836 0.814454 0.820312 0.816406 0.824219 0.816406 0.828124 0.820312 0.828124 0.822264 0.830079 0.824219 0.830079 0.830078 0.828124 0.832033 0.826172 0.832033 0.826172 0.839843 0.824219 0.841798 0.820312 0.841798 0.820312 0.845704 0.81836 0.847656 0.800782 0.847656 0.798828 0.845704 0.798828 0.841798 0.794923 0.841798 0.794923 0.871093 0.798828 0.871093 0.798828 0.865235 0.800782 0.86328 0.800782 0.859376 0.802734 0.857421 0.810546 0.857421 0.812501 0.859376 0.814453 0.859376 0.816405 0.861328 0.820312 0.861328 0.822265 0.86328 0.824219 0.86328 0.826172 0.865235 0.826172 0.900392 0.828124 0.902344 0.828124 0.904295 0.830079 0.90625 0.830079 0.908202 0.832031 0.910157 0.832031 0.912109 0.833983 0.912109 0.83789 0.908202 0.83789 0.884765 0.839845 0.882813 0.839845 0.867187 0.841797 0.865235 0.845704 0.865235 0.847656 0.86328 0.851563 0.86328 0.853516 0.861328 0.857423 0.861328 0.859375 0.859376 0.863282 0.859376 0.865234 0.857421 0.867187 0.857421 0.869141 0.859376 0.869141 0.873048 0.871094 0.871093 0.875 0.871093 0.875 0.857421 0.873046 0.85547 0.873046 0.841798 0.869141 0.841798 0.869141 0.845704 0.867187 0.847656 0.847656 0.847656 0.845704 0.845704 0.845704 0.841798 0.84375 0.841798 0.841797 0.839843 0.841797 0.832033 0.839845 0.832033 0.83789 0.830078 0.83789 0.818361 0.839845 0.816406 0.841797 0.816406 0.845704 0.812499 0.847656 0.812499 0.847656 0.810547 0.845704 0.808592
0 0.851563 0.927736 0.849609 0.929687 0.841797 0.929687 0.839845 0.931639 0.832031 0.931639 0.830079 0.933594 0.822265 0.933594 0.822265 0.935546 0.820312 0.937501 0.820312 0.941407 0.822265 0.943359 0.822265 0.947266 0.828124 0.947266 0.830079 0.945311 0.83789 0.945311 0.839845 0.943359 0.845704 0.943359 0.847656 0.941407 0.855468 0.941407 0.855468 0.939453 0.857423 0.937501 0.857423 0.935546 0.855468 0.933594 0.855468 0.929687 0.853516 0.929687
0 0.66211 0.78711 0.66211 0.789062 0.660157 0.791017 0.660157 0.800782 0.66211 0.800782 0.664062 0.802734 0.679688 0.802734 0.68164 0.804689 0.695313 0.804689 0.697265 0.806641 0.697265 0.798827 0.699218 0.796875 0.699218 0.794921 0.695313 0.791017 0.679688 0.791017 0.677735 0.789062 0.664062 0.789062
7 0.310546 0.005859 0.308594 0.007811 0.308594 0.009766 0.306642 0.011718 0.306642 0.013673 0.304687 0.015624 0.304687 0.017579 0.302735 0.019531 0.302735 0.021483 0.298828 0.02539 0.298828 0.027344 0.296875 0.029296 0.296875 0.031251 0.294923 0.033203 0.294923 0.035155 0.291016 0.039061 0.291016 0.041016 0.289061 0.042968 0.289061 0.044923 0.287109 0.046875 0.287109 0.048827 0.285157 0.050782 0.285157 0.052733 0.283202 0.054688 0.28125 0.052733 0.279297 0.052733 0.275391 0.048827 0.273438 0.048827 0.269531 0.044923 0.267579 0.046875 0.265624 0.046875 0.265624 0.048827 0.263672 0.050782 0.26172 0.050782 0.259765 0.048827 0.25586 0.048827 0.253906 0.046875 0.251953 0.046875 0.250001 0.044923 0.248046 0.044923 0.246094 0.042968 0.248046 0.044923 0.248046 0.046875 0.250001 0.048827 0.250001 0.050782 0.251953 0.052733 0.251953 0.054688 0.253906 0.05664 0.253906 0.058595 0.25586 0.060547 0.25586 0.062498 0.257813 0.064453 0.25586 0.066405 0.250001 0.066405 0.248046 0.06836 0.242187 0.06836 0.240235 0.070312 0.232421 0.070312 0.230469 0.072267 0.224609 0.072267 0.222657 0.074219 0.216798 0.074219 0.21875 0.07617 0.21875 0.078125 0.222657 0.082032 0.222657 0.083984 0.224609 0.085939 0.224609 0.08789 0.226562 0.089842 0.289061 0.089842 0.292968 0.093749 0.292968 0.095704 0.296875 0.099611 0.296875 0.101562 0.300782 0.105469 0.300782 0.107421 0.302735 0.109376 0.302735 0.111328 0.306642 0.115234 0.306642 0.117186 0.310546 0.121093 0.310546 0.123047 0.314453 0.126954 0.314453 0.128906 0.31836 0.132813 0.31836 0.134764 0.322265 0.138671 0.322265 0.140626 0.326172 0.144533 0.326172 0.146485 0.328124 0.148436 0.328124 0.150391 0.332031 0.154298 0.332031 0.15625 0.335938 0.160156 0.335938 0.162108 0.339845 0.166015 0.339845 0.16797 0.34375 0.171877 0.34375 0.173828 0.347656 0.177735 0.347656 0.179687 0.349609 0.181642 0.349609 0.183593 0.353516 0.1875 0.353516 0.189452 0.357423 0.193359 0.357423 0.195314 0.359375 0.197265 0.355468 0.201172 0.353516 0.201172 0.349609 0.205079 0.345704 0.205079 0.34375 0.203124 0.34375 0.208985 0.335938 0.216796 0.333983 0.216796 0.328124 0.222657 0.322265 0.222657 0.320312 0.220702 0.31836 0.220702 0.314453 0.216796 0.314453 0.224609 0.312501 0.226564 0.298828 0.226564 0.294923 0.222657 0.294923 0.230467 0.292968 0.232422 0.285157 0.232422 0.283202 0.230467 0.283202 0.228516 0.28125 0.226564 0.28125 0.230467 0.279297 0.232422 0.279297 0.234374 0.277343 0.236329 0.265624 0.236329 0.26172 0.232422 0.26172 0.234374 0.259765 0.236329 0.259765 0.238281 0.257813 0.240236 0.253906 0.240236 0.251953 0.242188 0.248046 0.242188 0.246094 0.244139 0.240235 0.244139 0.23828 0.246094 0.234376 0.246094 0.236328 0.248046 0.236328 0.250001 0.23828 0.251953 0.23828 0.253908 0.240235 0.255859 0.240235 0.257811 0.242187 0.259766 0.285157 0.259766 0.287109 0.257811 0.320312 0.257811 0.322265 0.255859 0.357423 0.255859 0.359375 0.257811 0.359375 0.259766 0.363282 0.263673 0.363282 0.265625 0.365234 0.26758 0.365234 0.269531 0.369141 0.273438 0.369141 0.27539 0.373046 0.279297 0.373046 0.281251 0.375 0.283203 0.375 0.285155 0.376953 0.28711 0.384767 0.28711 0.386719 0.285155 0.388671 0.285155 0.390626 0.283203 0.392578 0.283203 0.392578 0.279297 0.394531 0.277345 0.394531 0.273438 0.390626 0.269531 0.390626 0.26758 0.384767 0.261718 0.384767 0.259766 0.378905 0.253908 0.378905 0.251953 0.376953 0.250001 0.378905 0.248046 0.398438 0.248046 0.402345 0.251953 0.402345 0.253908 0.408204 0.259766 0.408204 0.261718 0.414063 0.26758 0.414063 0.269531 0.419922 0.27539 0.419922 0.277345 0.425782 0.283203 0.425782 0.285155 0.431641 0.291017 0.431641 0.292968 0.4375 0.298827 0.4375 0.300782 0.443359 0.30664 0.443359 0.308595 0.447266 0.312499 0.449219 0.312499 0.45703 0.320312 0.458985 0.320312 0.464844 0.326171 0.466797 0.326171 0.470703 0.330077 0.472656 0.330077 0.474611 0.332032 0.476563 0.332032 0.48047 0.335939 0.482422 0.335939 0.484374 0.337891 0.488281 0.337891 0.490234 0.335939 0.492188 0.335939 0.492188 0.330077 0.490234 0.328125 0.490234 0.316405 0.488281 0.314454 0.488281 0.308595 0.486329 0.30664 0.486329 0.304688 0.484374 0.302734 0.484374 0.300782 0.482422 0.298827 0.482422 0.296875 0.48047 0.294923 0.48047 0.292968 0.478515 0.291017 0.478515 0.289062 0.476563 0.28711 0.476563 0.285155 0.474611 0.283203 0.474611 0.281251 0.470703 0.277345 0.470703 0.27539 0.464844 0.269531 0.464844 0.26758 0.458985 0.261718 0.458985 0.259766 0.455078 0.255859 0.455078 0.253908 0.449219 0.248046 0.449219 0.246094 0.445312 0.242188 0.445312 0.240236 0.439453 0.234374 0.439453 0.232422 0.433593 0.226564 0.433593 0.224609 0.431641 0.222657 0.433593 0.220702 0.433593 0.218751 0.435548 0.216796 0.435548 0.214844 0.4375 0.212892 0.4375 0.210937 0.441407 0.207031 0.441407 0.205079 0.443359 0.203124 0.443359 0.201172 0.445312 0.19922 0.445312 0.197265 0.447266 0.195314 0.449219 0.197265 0.449219 0.19922 0.453126 0.203124 0.453126 0.205079 0.45703 0.208985 0.45703 0.210937 0.460937 0.214844 0.460937 0.216796 0.46289 0.218751 0.472656 0.218751 0.474611 0.220702 0.476563 0.218751 0.476563 0.216796 0.478515 0.214844 0.478515 0.205079 0.464844 0.191407 0.464844 0.189452 0.453126 0.177735 0.453126 0.17578 0.455078 0.173828 0.455078 0.171877 0.45703 0.169922 0.45703 0.166015 0.458985 0.164063 0.458985 0.162108 0.460937 0.160156 0.460937 0.15625 0.46289 0.154298 0.46289 0.152343 0.464844 0.150391 0.464844 0.146485 0.466797 0.144533 0.466797 0.142578 0.468749 0.140626 0.468749 0.136719 0.470703 0.134764 0.470703 0.132813 0.472656 0.130861 0.472656 0.128906 0.474611 0.126954 0.474611 0.123047 0.476563 0.121093 0.476563 0.119141 0.478515 0.117186 0.478515 0.113282 0.48047 0.111328 0.48047 0.109376 0.482422 0.107421 0.482422 0.103514 0.484374 0.101562 0.484374 0.099611 0.486329 0.097656 0.486329 0.093749 0.488281 0.091797 0.488281 0.089842 0.490234 0.08789 0.490234 0.080077 0.486329 0.07617 0.486329 0.074219 0.476563 0.064453 0.476563 0.062498 0.472656 0.058595 0.470703 0.060547 0.470703 0.062498 0.468749 0.064453 0.468749 0.066405 0.466797 0.06836 0.466797 0.070312 0.464844 0.072267 0.464844 0.074219 0.46289 0.07617 0.46289 0.078125 0.460937 0.080077 0.460937 0.082032 0.458985 0.083984 0.458985 0.085939 0.45703 0.08789 0.45703 0.089842 0.455078 0.091797 0.455078 0.093749 0.453126 0.095704 0.453126 0.097656 0.451171 0.099611 0.451171 0.101562 0.449219 0.103514 0.447266 0.103514 0.447266 0.105469 0.449219 0.107421 0.449219 0.111328 0.443359 0.117186 0.439453 0.117186 0.439453 0.124999 0.4375 0.126954 0.4375 0.128906 0.433593 0.132813 0.433593 0.134764 0.431641 0.136719 0.429689 0.136719 0.425782 0.132813 0.425782 0.134764 0.427734 0.136719 0.427734 0.140626 0.425782 0.142578 0.425782 0.144533 0.419922 0.150391 0.419922 0.152343 0.416016 0.15625 0.412108 0.15625 0.410156 0.154298 0.408204 0.154298 0.406249 0.152343 0.406249 0.15625 0.408204 0.158205 0.408204 0.162108 0.406249 0.164063 0.404297 0.164063 0.40039 0.16797 0.398438 0.16797 0.394531 0.171877 0.392578 0.171877 0.390626 0.169922 0.390626 0.16797 0.384767 0.162108 0.384767 0.160156 0.378905 0.154298 0.378905 0.152343 0.373046 0.146485 0.373046 0.144533 0.367187 0.138671 0.367187 0.136719 0.341797 0.111328 0.341797 0.109376 0.308594 0.07617 0.308594 0.072267 0.310546 0.070312 0.310546 0.064453 0.312501 0.062498 0.312501 0.05664 0.314453 0.054688 0.314453 0.048827 0.316405 0.046875 0.316405 0.041016 0.31836 0.039061 0.31836 0.033203 0.320312 0.031251 0.320312 0.02539 0.322265 0.023438 0.322265 0.021483 0.31836 0.017579 0.31836 0.015624 0.312501 0.009766 0.312501 0.007811
0 0.361327 0.816406 0.359375 0.818361 0.357423 0.818361 0.355468 0.820312 0.351563 0.820312 0.351563 0.826171 0.353516 0.828126 0.353516 0.830078 0.355468 0.832033 0.355468 0.833984 0.357423 0.835936 0.357423 0.839843 0.359375 0.841798 0.359375 0.843749 0.361327 0.845704 0.361327 0.847656 0.365234 0.851563 0.367187 0.849608 0.369141 0.849608 0.371094 0.847656 0.375 0.847656 0.375 0.843749 0.373046 0.841798 0.373046 0.839843 0.371094 0.837891 0.371094 0.833984 0.369141 0.832033 0.369141 0.830078 0.367187 0.828126 0.367187 0.824219 0.365234 0.822264 0.365234 0.820312 0.363282 0.818361 0.363282 0.816406
0 0.464844 0.455079 0.464844 0.457031 0.46289 0.458986 0.46289 0.468751 0.464844 0.470703 0.464844 0.482423 0.466797 0.484374 0.466797 0.486329 0.468749 0.484374 0.478515 0.484374 0.478515 0.458986 0.476563 0.457031 0.476563 0.455079
0 0.095703 0.54492 0.095703 0.546875 0.093751 0.548827 0.093751 0.582032 0.095703 0.583984 0.095703 0.585939 0.097655 0.583984 0.109374 0.583984 0.111328 0.582032 0.113281 0.582032 0.113281 0.546875 0.111328 0.546875 0.109374 0.54492
0 0.515625 0.843749 0.511719 0.847656 0.511719 0.878907 0.513671 0.878907 0.517578 0.882813 0.527344 0.882813 0.529296 0.880858 0.529296 0.878907 0.531251 0.876952 0.531251 0.847656 0.527344 0.843749
1 0.800782 0.316405 0.796875 0.320312 0.796875 0.333984 0.800782 0.337891 0.802734 0.335939 0.882812 0.335939 0.886719 0.332032 0.886719 0.320312 0.884767 0.320312 0.882812 0.31836 0.802734 0.31836
1 0.207032 0.359376 0.205079 0.361328 0.203125 0.361328 0.203125 0.376954 0.205079 0.378906 0.263672 0.378906 0.265624 0.380858 0.267579 0.378906 0.269531 0.378906 0.269531 0.365234 0.267579 0.363283 0.23828 0.363283 0.236328 0.361328 0.208984 0.361328
0 0.621095 0.552734 0.621095 0.554689 0.61914 0.55664 0.61914 0.580077 0.621095 0.582032 0.621095 0.583984 0.632813 0.583984 0.634766 0.582032 0.634766 0.55664 0.632813 0.554689 0.632813 0.552734
0 0.998048 0.400391 0.998048 0.402343 0.996093 0.404298 0.996093 0.419922 0.998048 0.419922 1 0.421874 1 0.421874 1 0.419922 1 0.41797 1 0.404298 1 0.402343 1 0.402343
0 0.279297 0.830078 0.277343 0.832033 0.246094 0.832033 0.244139 0.833984 0.242187 0.833984 0.242187 0.839843 0.244139 0.841798 0.244139 0.847656 0.246094 0.847656 0.248046 0.849608 0.250001 0.847656 0.279297 0.847656 0.28125 0.845704 0.283202 0.845704 0.283202 0.832033 0.28125 0.832033
0 0.443359 0.541017 0.441407 0.542969 0.429689 0.542969 0.429689 0.54492 0.427734 0.546875 0.427734 0.580077 0.429689 0.582032 0.443359 0.582032 0.445312 0.583984 0.447266 0.582032 0.447266 0.54492
0 0.582032 0.554689 0.580078 0.55664 0.580078 0.56836 0.582032 0.570312 0.582032 0.583984 0.583984 0.585939 0.593751 0.585939 0.595703 0.587891 0.595703 0.585939 0.597655 0.583984 0.597655 0.558592 0.595703 0.55664 0.595703 0.554689
7 1 0.832033 1 0.833984 1 0.833984 1 0.835936 1 0.835936 1 0.837891 1 0.837891 1 0.839843 1 0.839843 1 0.837891 1 0.837891 1 0.835936 1 0.835936 1 0.833984 0.996093 0.833984 0.996093 0.837891 0.998048 0.837891 1 0.841798 1 0.841798 1 0.845704 1 0.845704 1 0.849608 1 0.851563 1 0.853515 1 0.859376 1 0.861328 1 0.86328 1 0.865235 1 0.865235 1 0.867187 1 0.869141 1 0.871093 1 0.873048 1 0.873048 1 0.878907 1 0.880858 1 0.884765 1 0.88672 1 0.88672 1 0.884765 0.994141 0.884765 0.992188 0.882813 0.988281 0.882813 0.986329 0.880858 0.98047 0.880858 0.978515 0.878907 0.974611 0.878907 0.972656 0.876952 0.970704 0.876952 0.968749 0.875 0.968749 0.884765 0.970704 0.884765 0.972656 0.88672 0.974611 0.88672 0.976563 0.888672 0.978515 0.888672 0.98047 0.890624 0.982422 0.890624 0.984374 0.892578 0.986329 0.892578 0.988281 0.89453 0.992188 0.89453 0.994141 0.896485 0.996093 0.896485 0.998048 0.898437 1 0.898437 1 0.900392 1 0.900392 1 0.902344 1 0.902344 1 0.904295 1 0.904295 1 0.90625 1 0.933594 1 0.935546 1 0.941407 1 0.943359 1 0.947266 1 0.947266 1 0.945311 1 0.943359 1 0.941407 1 0.937501 1 0.935546 1 0.90625 1 0.904295 1 0.904295 1 0.902344 1 0.902344 1 0.900392 1 0.900392 1 0.898437 1 0.898437 1 0.896485 1 0.896485 1 0.89453 1 0.89453 1 0.892578 1 0.892578 1 0.890624 1 0.890624 1 0.888672 1 0.888672 1 0.88672 1 0.88672 1 0.884765 1 0.884765 1 0.875 1 0.876952 1 0.876952 1 0.878907 1 0.878907 1 0.880858 1 0.880858 1 0.882813 1 0.882813 1 0.884765 1 0.884765 1 0.88672 1 0.88672 1 0.888672 1 0.888672 1 0.890624 1 0.890624 1 0.888672 1 0.867187 1 0.867187 1 0.865235 1 0.861328 1 0.859376 1 0.853515 1 0.851563 1 0.849608 1 0.835936 1 0.832033
1 0.796875 0.294923 0.796875 0.314454 0.841797 0.314454 0.84375 0.316405 0.886719 0.316405 0.888671 0.31836 0.888671 0.308595 0.890626 0.30664 0.890626 0.298827 0.845704 0.298827 0.84375 0.296875 0.798828 0.296875
0 0.365234 0.869141 0.363282 0.871093 0.361327 0.871093 0.357423 0.875 0.355468 0.875 0.351563 0.878907 0.349609 0.878907 0.347656 0.880858 0.345704 0.880858 0.341797 0.884765 0.339845 0.884765 0.339845 0.88672 0.33789 0.888672 0.339845 0.890624 0.339845 0.892578 0.341797 0.89453 0.341797 0.896485 0.34375 0.898437 0.345704 0.898437 0.347656 0.900392 0.349609 0.898437 0.351563 0.898437 0.355468 0.89453 0.357423 0.89453 0.361327 0.890624 0.363282 0.890624 0.367187 0.88672 0.369141 0.88672 0.373046 0.882813 0.375 0.882813 0.375 0.880858 0.376953 0.878907 0.373046 0.875 0.373046 0.873048 0.369141 0.869141
0 0.150391 0.541017 0.148436 0.542969 0.148436 0.55664 0.150391 0.558592 0.150391 0.572264 0.152343 0.574219 0.16211 0.574219 0.164062 0.572264 0.164062 0.54492 0.16211 0.542969 0.16211 0.541017
0 0.505859 0.546875 0.503907 0.548827 0.503907 0.578126 0.505859 0.580077 0.515625 0.580077 0.517578 0.578126 0.517578 0.564454 0.51953 0.562499 0.51953 0.548827 0.517578 0.548827 0.515625 0.546875
7 0.906249 0.816406 0.904297 0.818361 0.906249 0.820312 0.906249 0.822264 0.908204 0.822264 0.910156 0.824219 0.912109 0.824219 0.916016 0.828126 0.917968 0.828126 0.919922 0.830078 0.925782 0.830078 0.927734 0.832033 0.927734 0.833984 0.925782 0.835936 0.923827 0.835936 0.923827 0.837891 0.921875 0.839843 0.919922 0.839843 0.919922 0.845704 0.917968 0.847656 0.917968 0.853515 0.923827 0.853515 0.925782 0.85547 0.925782 0.861328 0.923827 0.86328 0.912109 0.86328 0.910156 0.861328 0.90039 0.861328 0.898438 0.859376 0.894531 0.859376 0.892578 0.857421 0.888671 0.857421 0.886719 0.85547 0.882812 0.85547 0.88086 0.853515 0.876953 0.853515 0.875 0.851563 0.875 0.85547 0.876953 0.857421 0.876953 0.859376 0.878905 0.861328 0.88086 0.861328 0.882812 0.86328 0.884767 0.86328 0.886719 0.865235 0.888671 0.865235 0.890626 0.867187 0.892578 0.867187 0.894531 0.869141 0.898438 0.869141 0.90039 0.871093 0.902345 0.871093 0.904297 0.873048 0.906249 0.873048 0.908204 0.875 0.910156 0.875 0.912109 0.876952 0.914063 0.876952 0.916016 0.878907 0.917968 0.878907 0.919922 0.880858 0.921875 0.880858 0.923827 0.882813 0.923827 0.902344 0.925782 0.904295 0.925782 0.925781 0.927734 0.927736 0.927734 0.931639 0.929689 0.933594 0.933593 0.933594 0.935548 0.931639 0.9375 0.931639 0.9375 0.884765 0.939453 0.882813 0.941407 0.882813 0.943359 0.880858 0.945312 0.880858 0.947266 0.878907 0.949219 0.878907 0.951171 0.876952 0.953126 0.876952 0.955078 0.875 0.958985 0.875 0.960937 0.873048 0.96289 0.873048 0.964844 0.871093 0.968749 0.871093 0.970704 0.869141 0.972656 0.869141 0.974611 0.867187 0.978515 0.867187 0.98047 0.865235 0.982422 0.865235 0.984374 0.86328 0.988281 0.86328 0.988281 0.861328 0.986329 0.859376 0.986329 0.85547 0.984374 0.857421 0.978515 0.857421 0.976563 0.859376 0.968749 0.859376 0.966797 0.861328 0.960937 0.861328 0.958985 0.86328 0.951171 0.86328 0.949219 0.865235 0.939453 0.865235 0.9375 0.86328 0.9375 0.857421 0.939453 0.85547 0.941407 0.85547 0.941407 0.839843 0.935548 0.839843 0.933593 0.837891 0.933593 0.830078 0.935548 0.828126 0.9375 0.828126 0.939453 0.826171 0.943359 0.826171 0.945312 0.824219 0.947266 0.824219 0.949219 0.822264 0.953126 0.822264 0.953126 0.820312 0.949219 0.816406 0.947266 0.818361 0.945312 0.818361 0.943359 0.820312 0.9375 0.820312 0.935548 0.822264 0.929689 0.822264 0.927734 0.820312 0.927734 0.818361 0.923827 0.818361 0.923827 0.822264 0.921875 0.824219 0.919922 0.822264 0.917968 0.822264 0.914063 0.818361 0.912109 0.818361 0.910156 0.816406
7 0.498048 0.837891 0.496093 0.839843 0.494141 0.839843 0.492188 0.841798 0.490234 0.841798 0.486329 0.845704 0.484374 0.845704 0.478515 0.851563 0.476563 0.851563 0.468749 0.859376 0.466797 0.859376 0.46289 0.86328 0.45703 0.86328 0.455078 0.861328 0.449219 0.861328 0.447266 0.859376 0.441407 0.859376 0.439453 0.857421 0.435548 0.857421 0.433593 0.85547 0.427734 0.85547 0.425782 0.853515 0.419922 0.853515 0.417968 0.851563 0.412108 0.851563 0.410156 0.849608 0.404297 0.85547 0.402345 0.85547 0.40039 0.857421 0.402345 0.857421 0.404297 0.859376 0.406249 0.859376 0.408204 0.861328 0.410156 0.861328 0.412108 0.86328 0.414063 0.86328 0.416016 0.865235 0.417968 0.865235 0.419922 0.867187 0.421875 0.867187 0.423827 0.869141 0.425782 0.869141 0.427734 0.871093 0.429689 0.871093 0.431641 0.873048 0.433593 0.873048 0.435548 0.875 0.4375 0.875 0.439453 0.876952 0.433593 0.882813 0.433593 0.890624 0.435548 0.892578 0.435548 0.89453 0.427734 0.902344 0.421875 0.902344 0.419922 0.900392 0.414063 0.900392 0.412108 0.898437 0.406249 0.898437 0.404297 0.896485 0.40039 0.900392 0.40039 0.902344 0.396485 0.90625 0.40039 0.90625 0.402345 0.908202 0.406249 0.908202 0.408204 0.910157 0.410156 0.910157 0.412108 0.912109 0.414063 0.912109 0.416016 0.914064 0.412108 0.917967 0.410156 0.917967 0.408204 0.919922 0.408204 0.923829 0.410156 0.923829 0.414063 0.919922 0.416016 0.919922 0.417968 0.917967 0.421875 0.921874 0.421875 0.925781 0.423827 0.927736 0.423827 0.929687 0.425782 0.931639 0.425782 0.935546 0.427734 0.937501 0.427734 0.939453 0.431641 0.935546 0.433593 0.935546 0.433593 0.933594 0.435548 0.931639 0.435548 0.921874 0.433593 0.919922 0.433593 0.910157 0.435548 0.908202 0.441407 0.908202 0.443359 0.90625 0.445312 0.90625 0.447266 0.904295 0.451171 0.904295 0.453126 0.90625 0.455078 0.904295 0.45703 0.904295 0.460937 0.900392 0.464844 0.904295 0.464844 0.90625 0.466797 0.908202 0.466797 0.910157 0.468749 0.912109 0.468749 0.914064 0.470703 0.916016 0.470703 0.917967 0.472656 0.919922 0.472656 0.921874 0.474611 0.923829 0.474611 0.925781 0.476563 0.927736 0.476563 0.929687 0.478515 0.931639 0.478515 0.933594 0.48047 0.935546 0.48047 0.937501 0.482422 0.937501 0.484374 0.935546 0.488281 0.935546 0.488281 0.927736 0.486329 0.925781 0.486329 0.919922 0.484374 0.917967 0.484374 0.912109 0.482422 0.910157 0.482422 0.904295 0.48047 0.902344 0.48047 0.896485 0.478515 0.89453 0.478515 0.873048 0.488281 0.86328 0.488281 0.861328 0.5 0.849608 0.5 0.845704 0.501952 0.843749 0.501952 0.839843 0.5 0.837891
0 0.695313 0.300782 0.695313 0.314454 0.697265 0.316405 0.697265 0.328125 0.699218 0.328125 0.701172 0.326171 0.703125 0.326171 0.703125 0.314454 0.705079 0.312499 0.705079 0.300782
7 0.51953 0.265625 0.51953 0.26758 0.517578 0.269531 0.517578 0.27539 0.515625 0.277345 0.515625 0.296875 0.513671 0.298827 0.513671 0.312499 0.511719 0.314454 0.501952 0.314454 0.5 0.316405 0.492188 0.316405 0.492188 0.328125 0.503907 0.328125 0.505859 0.330077 0.505859 0.341797 0.507812 0.341797 0.509766 0.343749 0.511719 0.343749 0.513671 0.345704 0.513671 0.353514 0.509766 0.357421 0.507812 0.357421 0.505859 0.359376 0.503907 0.359376 0.501952 0.361328 0.498048 0.361328 0.496093 0.363283 0.494141 0.363283 0.496093 0.365234 0.496093 0.367186 0.498048 0.365234 0.513671 0.365234 0.515625 0.367186 0.51953 0.367186 0.521485 0.369141 0.523437 0.369141 0.525392 0.371093 0.527344 0.369141 0.529296 0.369141 0.529296 0.365234 0.527344 0.365234 0.523437 0.361328 0.521485 0.361328 0.517578 0.357421 0.517578 0.355469 0.51953 0.353514 0.51953 0.343749 0.521485 0.341797 0.529296 0.341797 0.529296 0.333984 0.531251 0.332032 0.552733 0.332032 0.554688 0.333984 0.554688 0.339842 0.55664 0.337891 0.5625 0.337891 0.5625 0.310547 0.560547 0.308595 0.55664 0.308595 0.55664 0.314454 0.554688 0.316405 0.554688 0.31836 0.552733 0.320312 0.548829 0.320312 0.546874 0.31836 0.542969 0.31836 0.541015 0.316405 0.53711 0.316405 0.535156 0.314454 0.531251 0.314454 0.529296 0.312499 0.529296 0.292968 0.527344 0.291017 0.527344 0.271483 0.525392 0.269531 0.525392 0.26758 0.523437 0.265625
7 0.341797 0 0.341797 0 0.339845 0 0.339845 0 0.33789 0 0.33789 0 0.335938 0 0.333983 0 0.330079 0.001953 0.328124 0.001953 0.326172 0.003908 0.324219 0.003908 0.326172 0.005859 0.326172 0.007811 0.328124 0.009766 0.330079 0.007811 0.332031 0.007811 0.333983 0.005859 0.335938 0.005859 0.33789 0.003908 0.341797 0.003908 0.34375 0.001953 0.345704 0.001953 0.349609 0.005859 0.351563 0.005859 0.357423 0.011718 0.357423 0.013673 0.355468 0.015624 0.355468 0.021483 0.363282 0.029296 0.365234 0.029296 0.367187 0.031251 0.359375 0.039061 0.359375 0.041016 0.345704 0.054688 0.345704 0.058595 0.349609 0.058595 0.351563 0.060547 0.353516 0.058595 0.357423 0.058595 0.361327 0.054688 0.363282 0.054688 0.367187 0.050782 0.369141 0.050782 0.375 0.044923 0.376953 0.044923 0.38086 0.041016 0.382812 0.041016 0.384767 0.039061 0.390626 0.044923 0.392578 0.044923 0.404297 0.05664 0.406249 0.05664 0.414063 0.064453 0.417968 0.064453 0.419922 0.066405 0.421875 0.066405 0.423827 0.06836 0.425782 0.06836 0.427734 0.070312 0.429689 0.06836 0.431641 0.06836 0.431641 0.064453 0.414063 0.046875 0.412108 0.046875 0.394531 0.029296 0.394531 0.027344 0.396485 0.02539 0.396485 0.023438 0.398438 0.021483 0.398438 0.019531 0.40039 0.017579 0.40039 0.015624 0.402345 0.013673 0.402345 0.011718 0.404297 0.009766 0.404297 0.007811 0.406249 0.005859 0.406249 0.003908 0.408204 0.001953 0.408204 0.000001 0.410156 0 0.410156 0 0.404297 0 0.40039 0 0.40039 0 0.394531 0 0.394531 0.000001 0.388671 0.005859 0.388671 0.007811 0.382812 0.013673 0.382812 0.015624 0.38086 0.017579 0.376953 0.013673 0.376953 0.011718 0.371094 0.005859 0.357423 0.005859 0.353516 0.001953 0.351563 0.001953 0.347656 0 0.347656 0 0.345704 0