0 0.779294 0.990234 0.779294 0.992188 0.777346 0.994141 0.777346 0.996093 0.775386 0.998047 0.781254 1 0.804682 1 0.804682 1 0.806642 1 0.806642 0.992188 0.804682 0.992188 0.802733 0.990234
0 0.816407 0.876948 0.816407 0.89062 0.818356 0.888667 0.857417 0.888667 0.857417 0.880855 0.855468 0.878902 0.855468 0.876948
0 0.775386 0.968751 0.775386 0.972657 0.773438 0.974611 0.773438 0.98047 0.775386 0.982422 0.775386 0.984375 0.804682 0.984375 0.806642 0.986328 0.808591 0.984375 0.81055 0.984375 0.81055 0.982422 0.812499 0.98047 0.812499 0.978517 0.81055 0.976563 0.81055 0.974611 0.808591 0.972657 0.808591 0.970705 0.777346 0.970705
0 0.687499 0.87109 0.687499 0.874996 0.68555 0.876948 0.68555 0.880855 0.689458 0.884761 0.707029 0.884761 0.708989 0.882808 0.712886 0.882808 0.712886 0.876948 0.710938 0.874996 0.710938 0.873043 0.708989 0.87109
0 0.820315 0.992188 0.818356 0.994141 0.818356 0.996093 0.816407 0.998047 0.816407 1 0.818356 1 0.818356 1 0.820315 1 0.822264 1 0.824224 1 0.826172 1 0.828121 1 0.85156 1 0.85156 1 0.853519 1 0.853519 0.998047 0.85156 0.996093 0.85156 0.994141 0.822264 0.994141
0 0.417968 0.25 0.417968 0.251954 0.416019 0.253907 0.416019 0.257813 0.41406 0.259766 0.41406 0.265625 0.416019 0.267578 0.416019 0.273437 0.447264 0.273437 0.449224 0.27539 0.455081 0.27539 0.458989 0.271484 0.458989 0.261719 0.457029 0.259766 0.457029 0.257813 0.455081 0.25586 0.451172 0.25586 0.449224 0.253907 0.447264 0.253907 0.445315 0.251954 0.419917 0.251954
0 0.679682 0.912115 0.679682 0.914067 0.677733 0.916021 0.677733 0.919927 0.679682 0.921879 0.679682 0.923832 0.703121 0.923832 0.705081 0.925786 0.705081 0.923832 0.707029 0.921879 0.707029 0.917974 0.705081 0.916021 0.705081 0.914067 0.681642 0.914067
0 0.85156 0.970705 0.849611 0.972657 0.820315 0.972657 0.820315 0.974611 0.818356 0.976563 0.818356 0.98047 0.820315 0.982422 0.820315 0.984375 0.847652 0.984375 0.849611 0.986328 0.853519 0.982422 0.853519 0.976563 0.85156 0.974611
0 0.781254 0.949221 0.781254 0.951175 0.779294 0.953128 0.779294 0.955081 0.777346 0.957034 0.779294 0.958986 0.779294 0.960939 0.783203 0.964846 0.806642 0.964846 0.806642 0.962892 0.808591 0.960939 0.808591 0.957034 0.806642 0.955081 0.806642 0.953128 0.802733 0.949221
0 0.710938 0.775393 0.708989 0.777346 0.681642 0.777346 0.681642 0.785158 0.68555 0.789064 0.710938 0.789064 0.714846 0.785158 0.712886 0.783205 0.712886 0.781251 0.710938 0.779299
0 0.142581 0.271484 0.138672 0.27539 0.138672 0.28125 0.140621 0.283202 0.140621 0.285155 0.142581 0.287108 0.142581 0.289061 0.169917 0.289061 0.173826 0.285155 0.173826 0.27539 0.171876 0.27539 0.169917 0.273437 0.144529 0.273437
0 0.425785 0.380864 0.423826 0.382816 0.423826 0.388676 0.425785 0.390628 0.425785 0.394535 0.453121 0.394535 0.455081 0.396488 0.455081 0.394535 0.457029 0.392581 0.457029 0.38477 0.453121 0.380864
0 0.679682 0.990234 0.679682 0.994141 0.677733 0.996093 0.677733 1 0.699224 1 0.701172 1 0.701172 0.994141 0.699224 0.992188 0.699224 0.990234
0 0.826172 0.951175 0.820315 0.957034 0.820315 0.958986 0.822264 0.960939 0.822264 0.964846 0.832029 0.964846 0.833989 0.966799 0.835938 0.964846 0.847652 0.964846 0.849611 0.962892 0.849611 0.958986 0.85156 0.957034 0.85156 0.955081 0.849611 0.955081 0.845703 0.951175
0 0.775386 0.927738 0.775386 0.929692 0.773438 0.931644 0.773438 0.93555 0.775386 0.937503 0.775386 0.939457 0.800785 0.939457 0.802733 0.94141 0.808591 0.94141 0.808591 0.939457 0.81055 0.937503 0.81055 0.93555 0.812499 0.933598 0.81055 0.931644 0.81055 0.929692 0.808591 0.927738
0 0.826172 0.814453 0.826172 0.816406 0.824224 0.818359 0.824224 0.820312 0.822264 0.822265 0.822264 0.826171 0.824224 0.826171 0.828121 0.830077 0.863285 0.830077 0.865233 0.83203 0.865233 0.816406 0.863285 0.816406 0.861325 0.814453
0 0.783203 0.855466 0.781254 0.857419 0.781254 0.859372 0.779294 0.861325 0.779294 0.865231 0.781254 0.867184 0.781254 0.87109 0.808591 0.87109 0.81055 0.869137 0.814458 0.869137 0.814458 0.861325 0.812499 0.859372 0.812499 0.857419 0.81055 0.855466
0 0.322264 0.335933 0.320315 0.337886 0.320315 0.339839 0.318356 0.341792 0.318356 0.343745 0.320315 0.345698 0.320315 0.347651 0.322264 0.349604 0.322264 0.351557 0.35156 0.351557 0.353519 0.35351 0.357417 0.349604 0.357417 0.339839 0.355468 0.337886 0.324224 0.337886
0 0.712886 0.83203 0.710938 0.833983 0.683591 0.833983 0.681642 0.835936 0.681642 0.841795 0.68555 0.845701 0.714846 0.845701 0.714846 0.839842 0.712886 0.837889
0 0.425785 0.398441 0.423826 0.400393 0.419917 0.400393 0.419917 0.408206 0.421876 0.410159 0.421876 0.414064 0.447264 0.414064 0.449224 0.416018 0.451172 0.414064 0.455081 0.414064 0.457029 0.412112 0.457029 0.410159 0.458989 0.408206 0.458989 0.402347 0.457029 0.400393 0.427733 0.400393
0 0.824224 0.835936 0.824224 0.837889 0.822264 0.839842 0.822264 0.847654 0.855468 0.847654 0.857417 0.845701 0.857417 0.839842 0.855468 0.837889 0.855468 0.835936
0 0.683591 0.892573 0.679682 0.896479 0.679682 0.898432 0.681642 0.900384 0.681642 0.90235 0.683591 0.904302 0.707029 0.904302 0.707029 0.900384 0.705081 0.898432 0.705081 0.892573
0 0.687499 0.8125 0.687499 0.814453 0.68555 0.816406 0.68555 0.826171 0.691407 0.826171 0.693356 0.828124 0.712886 0.828124 0.712886 0.826171 0.714846 0.824218 0.714846 0.818359 0.712886 0.816406 0.712886 0.8125
0 0.042968 0.406253 0.03906 0.410159 0.03906 0.412112 0.037111 0.414064 0.037111 0.416018 0.03906 0.41797 0.03906 0.419924 0.041019 0.421877 0.041019 0.42383 0.042968 0.421877 0.070315 0.421877 0.074224 0.41797 0.076172 0.41797 0.076172 0.412112 0.074224 0.410159 0.074224 0.408206 0.072264 0.406253
0 0.683591 0.85156 0.679682 0.855466 0.679682 0.859372 0.683591 0.863277 0.683591 0.865231 0.68555 0.867184 0.687499 0.865231 0.710938 0.865231 0.710938 0.853513 0.68555 0.853513
0 0.416019 0.296873 0.41406 0.298826 0.41406 0.300779 0.412111 0.302732 0.412111 0.308591 0.41406 0.310544 0.41406 0.31445 0.453121 0.31445 0.455081 0.316403 0.457029 0.31445 0.457029 0.312497 0.458989 0.310544 0.458989 0.300779 0.457029 0.300779 0.453121 0.296873
0 0.318356 0.404299 0.316407 0.406253 0.316407 0.408206 0.314458 0.410159 0.314458 0.414064 0.312499 0.416018 0.312499 0.41797 0.316407 0.421877 0.316407 0.42383 0.318356 0.425783 0.355468 0.425783 0.355468 0.42383 0.357417 0.421877 0.357417 0.410159 0.355468 0.410159 0.35156 0.406253 0.320315 0.406253
0 0.181642 0.408206 0.179682 0.410159 0.179682 0.412112 0.177734 0.414064 0.177734 0.41797 0.179682 0.419924 0.179682 0.421877 0.207029 0.421877 0.208989 0.42383 0.210938 0.421877 0.212887 0.421877 0.212887 0.412112 0.210938 0.410159 0.183591 0.410159
0 0.917968 0.972657 0.917968 0.974611 0.916019 0.976563 0.916019 0.982422 0.917968 0.984375 0.917968 0.986328 0.947264 0.986328 0.949224 0.988282 0.953121 0.984375 0.953121 0.976563 0.951172 0.976563 0.949224 0.974611 0.919917 0.974611
0 0.779294 0.89062 0.779294 0.894526 0.777346 0.896479 0.777346 0.900384 0.779294 0.90235 0.779294 0.904302 0.812499 0.904302 0.812499 0.90235 0.814458 0.900384 0.814458 0.898432 0.812499 0.896479 0.812499 0.892573 0.781254 0.892573