0 0.10742 0.101562 0.10547 0.103517 0.103513 0.103517 0.099612 0.107424 0.097656 0.107424 0.095705 0.109375 0.093749 0.109375 0.093749 0.115233 0.097656 0.115233 0.099612 0.117188 0.10742 0.109375 0.109377 0.109375 0.113284 0.105468 0.111327 0.105468
0 0.01367 0.199217 0.011719 0.201172 0.007812 0.201172 0.005862 0.203124 0 0.203124 0 0.210937 0.001955 0.212892 0.001955 0.214843 0.003906 0.212892 0.005862 0.212892 0.009763 0.208986 0.011719 0.208986 0.01367 0.20703 0.015627 0.20703 0.019534 0.203124 0.021484 0.203124 0.019534 0.203124 0.017577 0.201172 0.015627 0.201172
0 0.009763 0.156249 0.005862 0.160156 0.003906 0.160156 0 0.164062 0 0.164062 0 0.166014 0 0.167969 0 0.16992 0 0.171875 0 0.173827 0.003906 0.173827 0.009763 0.167969 0.009763 0.166014 0.015627 0.160156 0.01367 0.160156
0 0.078127 0.076171 0.07422 0.080078 0.07422 0.082033 0.068362 0.087891 0.068362 0.093749 0.070313 0.093749 0.072263 0.095704 0.080077 0.087891 0.082034 0.087891 0.087891 0.082033 0.085934 0.082033 0.082034 0.078127 0.080077 0.078127
0 0.017577 0.132814 0.007812 0.142578 0.007812 0.14453 0.009763 0.146485 0.009763 0.148436 0.011719 0.150392 0.023434 0.138672
0 0.134763 0.060545 0.130862 0.064452 0.128906 0.064452 0.124999 0.068358 0.123048 0.068358 0.121092 0.070314 0.121092 0.072265 0.123048 0.07422 0.123048 0.076171 0.126956 0.076171 0.128906 0.078127 0.134763 0.072265 0.134763 0.070314 0.140627 0.064452 0.13867 0.064452
0 0.164063 0.035155 0.162112 0.03711 0.160156 0.03711 0.156249 0.041017 0.154298 0.041017 0.160156 0.046874 0.166013 0.041017 0.16797 0.041017 0.16992 0.039061 0.16797 0.039061
0 0.093749 0.136721 0.089842 0.140623 0.087891 0.140623 0.083984 0.14453 0.082034 0.14453 0.078127 0.148436 0.07617 0.148436 0.078127 0.150392 0.078127 0.152343 0.082034 0.156249 0.082034 0.158205 0.091798 0.148436 0.093749 0.148436 0.099612 0.142578
0 0.066406 0.093749 0.054684 0.105468 0.054684 0.109375 0.058591 0.113281 0.072263 0.099611
0 0.027341 0.140623 0.019534 0.148436 0.017577 0.148436 0.01367 0.152343 0.015627 0.154298 0.015627 0.156249 0.019534 0.160156 0.027341 0.152343 0.029298 0.152343 0.033205 0.148436 0.029298 0.14453 0.029298 0.142578
0 0.095705 0.085936 0.083984 0.097655 0.083984 0.101562 0.085934 0.101562 0.087891 0.103517 0.089842 0.101562 0.091798 0.101562 0.093749 0.099611 0.095705 0.099611 0.097656 0.097655 0.099612 0.097655 0.101563 0.095704 0.103513 0.095704 0.099612 0.091798 0.099612 0.089842
0 0.222656 0.029297 0.220706 0.031248 0.218749 0.031248 0.216799 0.033204 0.214842 0.033204 0.210935 0.03711 0.208984 0.03711 0.207034 0.039061 0.205077 0.039061 0.203127 0.041017 0.20117 0.041017 0.203127 0.042968 0.203127 0.044923 0.205077 0.046874 0.208984 0.046874 0.212892 0.042968 0.214842 0.042968 0.218749 0.039061 0.220706 0.039061 0.224606 0.035155 0.226563 0.035155 0.228513 0.033204 0.226563 0.033204
0 0.267577 0.023439 0.265627 0.02539 0.26367 0.02539 0.26172 0.027346 0.259763 0.027346 0.259763 0.033204 0.267577 0.033204 0.269534 0.031248 0.271485 0.031248 0.275392 0.027346 0.277342 0.027346 0.281249 0.023439 0.283206 0.023439
1 0.121092 0.046874 0.117185 0.050781 0.115234 0.050781 0.109377 0.056639 0.10742 0.056639 0.101563 0.062501 0.099612 0.062501 0.093749 0.068358 0.091798 0.068358 0.089842 0.070314 0.089842 0.072265 0.091798 0.07422 0.091798 0.076171 0.093749 0.076171 0.095705 0.078127 0.097656 0.078127 0.099612 0.080078 0.10547 0.07422 0.10742 0.07422 0.115234 0.066407 0.117185 0.066407 0.123048 0.060545 0.123048 0.058594 0.126956 0.054687 0.123048 0.050781 0.123048 0.04883
0 0.056641 0.113281 0.052734 0.117188 0.052734 0.119139 0.046877 0.125001 0.046877 0.130859 0.050784 0.130859 0.052734 0.132814 0.066406 0.119139 0.064455 0.119139 0.060548 0.115233 0.058591 0.115233
0 0.115234 0.07422 0.109377 0.080078 0.10742 0.080078 0.103513 0.083984 0.103513 0.087891 0.10742 0.091798 0.119141 0.080078 0.117185 0.078127 0.117185 0.076171
0 0.04492 0.128908 0.04297 0.130859 0.041013 0.130859 0.037112 0.134765 0.035156 0.134765 0.033205 0.136721 0.031249 0.136721 0.031249 0.14453 0.033205 0.146485 0.037112 0.146485 0.039062 0.148436 0.04297 0.14453 0.04492 0.14453 0.048827 0.140623 0.050784 0.140623 0.052734 0.138672 0.048827 0.134765 0.048827 0.132814 0.046877 0.132814 0.04492 0.130859
0 0.033205 0.119139 0.023434 0.128908 0.023434 0.134765 0.027341 0.134765 0.033205 0.128908 0.035156 0.128908 0.039062 0.125001
0 0 0.148436 0 0.154298 0 0.154298 0 0.156249 0 0.158205 0 0.160156 0 0.156249 0 0.156249 0.001955 0.152343 0.003906 0.152343 0.005862 0.150392 0.001955 0.150392
0 0.046877 0.107424 0.037112 0.117188 0.037112 0.121095 0.041013 0.121095 0.04297 0.123046 0.054684 0.111326 0.052734 0.111326 0.050784 0.109375 0.048827 0.109375
0 0.152342 0.042968 0.148435 0.046874 0.146484 0.046874 0.142577 0.050781 0.140627 0.050781 0.13867 0.052736 0.13867 0.054687 0.140627 0.056639 0.140627 0.058594 0.142577 0.058594 0.144534 0.060545 0.148435 0.056639 0.150391 0.056639 0.154298 0.052736 0.156249 0.052736 0.158206 0.050781 0.154298 0.046874 0.154298 0.044923
0 0.078127 0.099611 0.066406 0.111326 0.066406 0.115233 0.068362 0.117188 0.068362 0.119139 0.072263 0.115233 0.07422 0.115233 0.082034 0.107424 0.083984 0.107424 0.085934 0.105468 0.083984 0.103517 0.082034 0.103517