9 0.335938 0.181644 0.333987 0.183594 0.333987 0.185544 0.330084 0.189452 0.330084 0.19141 0.328119 0.193359 0.328119 0.195309 0.324216 0.199217 0.324216 0.201175 0.320313 0.205074 0.320313 0.207033 0.318362 0.208982 0.318362 0.21289 0.31641 0.214839 0.31641 0.224614 0.318362 0.226563 0.318362 0.23242 0.320313 0.234379 0.320313 0.236329 0.322265 0.234379 0.324216 0.234379 0.326168 0.23242 0.328119 0.23242 0.330084 0.230471 0.332035 0.230471 0.333987 0.228513 0.333987 0.226563 0.33789 0.222655 0.33789 0.220706 0.339841 0.218748 0.339841 0.216798 0.341793 0.214839 0.341793 0.21289 0.343744 0.21094 0.343744 0.208982 0.345709 0.207033 0.345709 0.205074 0.34766 0.203125 0.34766 0.201175 0.349611 0.199217 0.349611 0.197267 0.351563 0.195309 0.351563 0.193359 0.353514 0.19141 0.351563 0.19141 0.349611 0.189452 0.34766 0.189452 0.343744 0.185544 0.341793 0.185544 0.339841 0.183594 0.33789 0.183594
9 0.449214 0 0.447263 0 0.439457 0 0.433589 0 0.433589 0 0.431638 0 0.431638 0 0.429687 0 0.429687 0 0.427735 0 0.427735 0 0.425783 0 0.425783 0 0.423832 0 0.423832 0 0.421881 0 0.421881 0 0.419916 0 0.421881 0 0.421881 0.000002 0.423832 0.000002 0.429687 0 0.431638 0 0.435541 0 0.437505 0 0.451166 0 0.451166 0 0.45313 0 0.45313 0 0.457033 0 0.457033 0 0.460936 0 0.460936 0 0.462887 0 0.462887 0 0.464839 0 0.464839 0 0.462887 0 0.460936 0 0.458984 0 0.457033 0 0.455081 0 0.45313 0 0.451166 0
9 0.89649 0.046879 0.894525 0.048829 0.894525 0.050778 0.888671 0.056644 0.888671 0.058594 0.884768 0.062502 0.884768 0.068359 0.88672 0.070309 0.88672 0.072267 0.890622 0.072267 0.892574 0.074217 0.894525 0.074217 0.89649 0.076175 0.898441 0.076175 0.902344 0.080075 0.904296 0.080075 0.908199 0.083982 0.91015 0.083982 0.912115 0.08594 0.914066 0.08594 0.916017 0.08789 0.91992 0.08789 0.921872 0.08984 0.923823 0.08984 0.925775 0.091798 0.933594 0.091798 0.935545 0.093748 0.941413 0.093748 0.943364 0.095706 0.95117 0.095706 0.953121 0.097656 0.95117 0.095706 0.95117 0.093748 0.947267 0.08984 0.947267 0.08789 0.943364 0.083982 0.943364 0.082033 0.929691 0.068359 0.927739 0.068359 0.91992 0.060544 0.917969 0.060544 0.912115 0.054686 0.91015 0.054686 0.908199 0.052736 0.906247 0.052736 0.904296 0.050778 0.902344 0.050778 0.900393 0.048829 0.898441 0.048829
9 0.429687 0.708981 0.429687 0.710939 0.427735 0.712889 0.427735 0.714847 0.425783 0.716797 0.425783 0.718747 0.433589 0.726562 0.44336 0.726562 0.445311 0.724613 0.447263 0.724613 0.449214 0.722655 0.449214 0.718747 0.445311 0.714847 0.441408 0.714847 0.439457 0.712889 0.437505 0.712889 0.435541 0.710939 0.431638 0.710939
0 0.171872 0.701174 0.16992 0.703124 0.16992 0.705082 0.167969 0.707032 0.167969 0.708981 0.166018 0.710939 0.166018 0.712889 0.164066 0.714847 0.164066 0.716797 0.162115 0.718747 0.162115 0.724613 0.164066 0.726562 0.167969 0.726562 0.167969 0.724613 0.16992 0.722655 0.16992 0.720705 0.171872 0.718747 0.171872 0.716797 0.173823 0.714847 0.173823 0.712889 0.175775 0.710939 0.175775 0.703124 0.173823 0.703124
9 0.171872 0.017575 0.16992 0.019533 0.16992 0.021482 0.164066 0.02734 0.164066 0.029298 0.158199 0.035155 0.158199 0.037105 0.152344 0.042971 0.152344 0.056644 0.154296 0.058594 0.154296 0.064452 0.158199 0.064452 0.162115 0.060544 0.164066 0.060544 0.166018 0.058594 0.166018 0.056644 0.167969 0.054686 0.167969 0.052736 0.16992 0.050778 0.16992 0.048829 0.171872 0.046879 0.173823 0.046879 0.173823 0.044921 0.175775 0.042971 0.175775 0.041013 0.179691 0.037105 0.179691 0.035155 0.181642 0.033206 0.181642 0.031248 0.183594 0.029298 0.183594 0.02734 0.185545 0.02539 0.183594 0.02539 0.181642 0.02344 0.179691 0.02344 0.175775 0.019533 0.173823 0.019533
9 0.783201 0.718747 0.775395 0.726562 0.775395 0.728512 0.767576 0.736328 0.767576 0.738277 0.765625 0.740236 0.765625 0.742185 0.763673 0.744143 0.763673 0.746093 0.761722 0.748043 0.761722 0.75 0.75977 0.751951 0.75977 0.755858 0.761722 0.757817 0.761722 0.759766 0.763673 0.759766 0.767576 0.763674 0.769527 0.763674 0.771479 0.761716 0.775395 0.761716 0.779298 0.757817 0.781249 0.757817 0.785152 0.753909 0.787104 0.753909 0.789068 0.751951 0.789068 0.75 0.794923 0.744143 0.794923 0.742185 0.800777 0.736328 0.800777 0.734378 0.802728 0.732419 0.800777 0.73047 0.798826 0.73047 0.794923 0.726562 0.792971 0.726562 0.789068 0.722655 0.787104 0.722655
9 0.335938 0.097656 0.332035 0.101563 0.330084 0.101563 0.322265 0.109379 0.320313 0.109379 0.31641 0.113278 0.31641 0.115237 0.314459 0.117186 0.314459 0.119144 0.312494 0.121094 0.312494 0.123044 0.310543 0.125002 0.310543 0.126952 0.308592 0.12891 0.308592 0.136717 0.310543 0.138675 0.310543 0.140625 0.312494 0.142574 0.318362 0.142574 0.320313 0.144532 0.324216 0.144532 0.326168 0.142574 0.326168 0.140625 0.328119 0.138675 0.328119 0.136717 0.330084 0.134768 0.330084 0.132809 0.332035 0.130859 0.332035 0.12891 0.333987 0.126952 0.333987 0.123044 0.335938 0.121094
9 0.044923 0.017575 0.042971 0.019533 0.04102 0.019533 0.037104 0.02344 0.035152 0.02344 0.033201 0.02539 0.031249 0.02539 0.027346 0.029298 0.025395 0.029298 0.025395 0.031248 0.023443 0.033206 0.023443 0.035155 0.021479 0.037105 0.021479 0.039063 0.019528 0.041013 0.019528 0.052736 0.017576 0.054686 0.017576 0.056644 0.021479 0.056644 0.023443 0.054686 0.027346 0.054686 0.033201 0.048829 0.035152 0.048829 0.035152 0.046879 0.037104 0.044921 0.037104 0.042971 0.039068 0.041013 0.039068 0.039063 0.04102 0.037105 0.04102 0.035155 0.042971 0.033206 0.042971 0.021482 0.044923 0.019533
0 0.302737 0.900389 0.300786 0.902347 0.300786 0.904297 0.298834 0.906247 0.298834 0.908205 0.29687 0.910154 0.29687 0.912112 0.294918 0.914062 0.294918 0.916012 0.292967 0.91797 0.292967 0.925777 0.294918 0.927735 0.294918 0.929685 0.298834 0.929685 0.298834 0.927735 0.300786 0.925777 0.300786 0.923828 0.302737 0.921878 0.302737 0.919919 0.304689 0.91797 0.304689 0.916012 0.30664 0.914062 0.30664 0.912112 0.308592 0.910154 0.308592 0.908205 0.310543 0.906247 0.310543 0.904297 0.30664 0.900389
9 0.789068 0.265625 0.789068 0.267574 0.787104 0.269533 0.787104 0.27344 0.785152 0.27539 0.785152 0.277339 0.783201 0.279297 0.783201 0.281248 0.785152 0.283206 0.787104 0.283206 0.794923 0.291013 0.796874 0.291013 0.800777 0.29492 0.802728 0.29492 0.804693 0.296878 0.806644 0.296878 0.808596 0.298829 0.810548 0.298829 0.812499 0.300778 0.818353 0.300778 0.820318 0.302736 0.82422 0.302736 0.826172 0.304686 0.841797 0.304686 0.841797 0.29492 0.839845 0.292971 0.839845 0.291013 0.837894 0.289063 0.837894 0.287113 0.835943 0.285155 0.833978 0.285155 0.828124 0.279297 0.826172 0.279297 0.82422 0.277339 0.822269 0.277339 0.820318 0.27539 0.818353 0.27539 0.816402 0.27344 0.812499 0.27344 0.810548 0.271482 0.808596 0.271482 0.806644 0.269533 0.798826 0.269533 0.796874 0.267574 0.791019 0.267574
9 0.822269 0.181644 0.822269 0.183594 0.820318 0.185544 0.820318 0.19141 0.818353 0.193359 0.818353 0.197267 0.816402 0.199217 0.816402 0.201175 0.818353 0.201175 0.822269 0.205074 0.82422 0.205074 0.828124 0.208982 0.830075 0.208982 0.832026 0.21094 0.833978 0.21094 0.837894 0.214839 0.839845 0.214839 0.843748 0.218748 0.8457 0.218748 0.847651 0.220706 0.853519 0.220706 0.85547 0.222655 0.859373 0.222655 0.861325 0.224614 0.867192 0.224614 0.869143 0.222655 0.869143 0.220706 0.871095 0.218748 0.871095 0.216798 0.863276 0.208982 0.861325 0.208982 0.857421 0.205074 0.85547 0.205074 0.851567 0.201175 0.849616 0.201175 0.8457 0.197267 0.843748 0.197267 0.839845 0.193359 0.837894 0.193359 0.833978 0.189452 0.832026 0.189452 0.828124 0.185544 0.826172 0.185544
9 0.85547 0.132809 0.853519 0.134768 0.853519 0.136717 0.851567 0.138675 0.851567 0.140625 0.849616 0.142574 0.849616 0.144532 0.847651 0.146482 0.847651 0.14844 0.8457 0.15039 0.8457 0.15234 0.843748 0.154298 0.8457 0.154298 0.849616 0.158206 0.851567 0.158206 0.85547 0.162113 0.857421 0.162113 0.859373 0.164063 0.861325 0.164063 0.86524 0.167971 0.867192 0.167971 0.871095 0.171879 0.873046 0.171879 0.876949 0.175778 0.878901 0.175778 0.880865 0.177736 0.882816 0.177736 0.88672 0.181644 0.89649 0.181644 0.898441 0.179686 0.900393 0.179686 0.902344 0.177736 0.902344 0.175778 0.906247 0.171879 0.904296 0.169921 0.904296 0.167971 0.902344 0.166013 0.902344 0.164063 0.900393 0.162113 0.900393 0.160155 0.898441 0.158206 0.89649 0.158206 0.880865 0.142574 0.878901 0.142574 0.876949 0.140625 0.874998 0.140625 0.873046 0.138675 0.869143 0.138675 0.867192 0.136717 0.86524 0.136717 0.863276 0.134768 0.861325 0.134768 0.859373 0.132809
9 0.408207 0.738277 0.408207 0.740236 0.406256 0.742185 0.406256 0.744143 0.404291 0.746093 0.404291 0.75 0.40234 0.751951 0.40234 0.755858 0.404291 0.755858 0.408207 0.759766 0.410159 0.759766 0.41211 0.761716 0.414062 0.761716 0.416013 0.763674 0.417965 0.763674 0.419916 0.765624 0.427735 0.765624 0.429687 0.767581 0.435541 0.767581 0.437505 0.769532 0.449214 0.769532 0.45313 0.765624 0.45313 0.761716 0.44336 0.751951 0.441408 0.751951 0.429687 0.740236 0.410159 0.740236
9 1 0.683593 1 0.687501 1 0.689451 0.996093 0.695316 0.996093 0.697266 0.994141 0.699216 0.996093 0.699216 0.999995 0.703124 1 0.703124 1 0.705082 1 0.705082 1 0.710939 1 0.710939 1 0.714847 1 0.714847 1 0.720705 1 0.720705 1 0.716797 1 0.710939 1 0.708981 1 0.707032 1 0.705082 1 0.703124 1 0.701174 1 0.701174 1 0.699216 1 0.699216 1 0.695316 1 0.695316 1 0.693358 1 0.693358 1 0.691409 1 0.691409 1 0.687501 1 0.687501 1 0.685543 1 0.685543
9 0.199219 0.031248 0.197267 0.033206 0.195316 0.033206 0.191412 0.037105 0.189448 0.037105 0.187497 0.039063 0.185545 0.039063 0.183594 0.041013 0.181642 0.041013 0.173823 0.048829 0.171872 0.048829 0.171872 0.050778 0.16992 0.052736 0.16992 0.054686 0.167969 0.056644 0.167969 0.064452 0.16992 0.06641 0.16992 0.070309 0.173823 0.070309 0.175775 0.072267 0.179691 0.072267 0.181642 0.074217 0.183594 0.072267 0.191412 0.072267 0.191412 0.068359 0.193364 0.06641 0.193364 0.062502 0.195316 0.060544 0.195316 0.058594 0.203121 0.050778 0.203121 0.048829 0.205073 0.046879 0.205073 0.031248
9 0.501956 0.601562 0.500004 0.603513 0.494137 0.603513 0.492185 0.605471 0.492185 0.60742 0.490234 0.609378 0.490234 0.619143 0.492185 0.621093 0.492185 0.623043 0.494137 0.623043 0.496088 0.625001 0.498053 0.625001 0.500004 0.626951 0.503907 0.626951 0.505859 0.628909 0.511713 0.628909 0.513678 0.630858 0.51758 0.630858 0.519532 0.632816 0.53906 0.632816 0.541011 0.634767 0.562503 0.634767 0.562503 0.613277 0.5586 0.613277 0.556636 0.611328 0.554684 0.611328 0.552733 0.609378 0.54883 0.609378 0.546879 0.60742 0.542963 0.60742 0.541011 0.605471 0.53906 0.605471 0.537108 0.603513 0.533205 0.603513 0.531254 0.601562
9 0.734375 0.79492 0.734375 0.798828 0.732424 0.800777 0.732424 0.806643 0.730472 0.808593 0.730472 0.816409 0.728521 0.818358 0.728521 0.824216 0.726556 0.826174 0.726556 0.839847 0.728521 0.841797 0.728521 0.843746 0.730472 0.845705 0.730472 0.847654 0.74023 0.847654 0.742181 0.845705 0.742181 0.843746 0.744146 0.841797 0.744146 0.839847 0.746097 0.837889 0.746097 0.832031 0.748048 0.830082 0.748048 0.820316 0.746097 0.818358 0.746097 0.804685 0.744146 0.802735 0.744146 0.79492
9 0.978517 0.304686 0.974614 0.308594 0.972662 0.308594 0.970698 0.310544 0.970698 0.312501 0.966794 0.316409 0.966794 0.318359 0.968746 0.320309 0.968746 0.322267 0.970698 0.322267 0.974614 0.326175 0.976565 0.326175 0.978517 0.328125 0.980468 0.328125 0.984371 0.332032 0.986322 0.332032 0.988287 0.333982 0.99219 0.333982 0.994141 0.33594 0.999995 0.33594 1 0.33789 1 0.33789 1 0.339848 1 0.33789 1 0.33594 1 0.330074 1 0.328125 1 0.322267 1 0.320309 1 0.316409 1 0.316409 1 0.314451 1 0.314451 1 0.312501 1 0.312501 1 0.310544 0.999995 0.310544 0.998044 0.308594 0.99219 0.308594 0.990238 0.306644 0.980468 0.306644
9 0.154296 0.007809 0.152344 0.009768 0.148441 0.009768 0.14649 0.011717 0.142574 0.011717 0.132817 0.021482 0.132817 0.02344 0.128901 0.02734 0.128901 0.035155 0.126949 0.037105 0.126949 0.042971 0.128901 0.044921 0.130865 0.044921 0.134768 0.048829 0.13672 0.048829 0.140622 0.052736 0.150393 0.042971 0.150393 0.041013 0.152344 0.039063 0.152344 0.035155 0.154296 0.033206 0.154296 0.02734 0.156247 0.02539 0.156247 0.009768
9 0.509762 0.654297 0.501956 0.662113 0.501956 0.666012 0.500004 0.66797 0.500004 0.66992 0.501956 0.66992 0.505859 0.673828 0.50781 0.673828 0.509762 0.675777 0.511713 0.673828 0.511713 0.671878 0.513678 0.66992 0.513678 0.66797 0.515629 0.666012 0.515629 0.664062 0.51758 0.662113 0.51758 0.656247 0.515629 0.654297
9 0.140622 0.076175 0.13672 0.080075 0.134768 0.080075 0.130865 0.083982 0.128901 0.083982 0.124998 0.08789 0.123046 0.08789 0.113276 0.097656 0.113276 0.111329 0.11524 0.111329 0.119143 0.115237 0.121095 0.115237 0.124998 0.119144 0.128901 0.119144 0.13672 0.111329 0.13672 0.109379 0.138671 0.107421 0.138671 0.095706 0.140622 0.093748 0.140622 0.083982 0.142574 0.082033 0.142574 0.078125
9 0.894525 0.513674 0.892574 0.515625 0.888671 0.515625 0.88672 0.517582 0.884768 0.517582 0.882816 0.519532 0.880865 0.519532 0.876949 0.52344 0.878901 0.525389 0.878901 0.527348 0.880865 0.529297 0.882816 0.529297 0.884768 0.531247 0.88672 0.531247 0.888671 0.533205 0.892574 0.533205 0.894525 0.535155 0.89649 0.535155 0.898441 0.537113 0.900393 0.537113 0.902344 0.539062 0.904296 0.539062 0.906247 0.541012 0.908199 0.539062 0.908199 0.537113 0.91015 0.535155 0.91015 0.533205 0.914066 0.529297 0.914066 0.527348 0.916017 0.525389 0.914066 0.525389 0.912115 0.52344 0.91015 0.52344 0.908199 0.521482 0.906247 0.521482 0.902344 0.517582 0.900393 0.517582 0.898441 0.515625 0.89649 0.515625
9 0.314459 0.08789 0.310543 0.091798 0.308592 0.091798 0.285161 0.115237 0.285161 0.117186 0.283209 0.119144 0.283209 0.121094 0.281245 0.123044 0.283209 0.125002 0.285161 0.125002 0.289064 0.12891 0.294918 0.12891 0.29687 0.130859 0.302737 0.130859 0.302737 0.12891 0.304689 0.126952 0.304689 0.123044 0.30664 0.121094 0.30664 0.119144 0.308592 0.117186 0.308592 0.113278 0.310543 0.111329 0.310543 0.103513 0.312494 0.101563 0.312494 0.093748 0.314459 0.091798
0 0.207037 0.714847 0.207037 0.716797 0.205073 0.718747 0.205073 0.720705 0.203121 0.722655 0.203121 0.724613 0.20117 0.726562 0.20117 0.728512 0.199219 0.73047 0.199219 0.732419 0.197267 0.734378 0.197267 0.736328 0.195316 0.738277 0.195316 0.742185 0.197267 0.744143 0.197267 0.746093 0.20117 0.746093 0.203121 0.748043 0.205073 0.746093 0.207037 0.746093 0.207037 0.744143 0.208989 0.742185 0.208989 0.738277 0.21094 0.736328 0.21094 0.734378 0.212892 0.732419 0.212892 0.728512 0.214843 0.726562 0.214843 0.714847
9 0.869143 0.109379 0.86524 0.113278 0.86524 0.115237 0.857421 0.123044 0.857421 0.125002 0.853519 0.12891 0.85547 0.130859 0.859373 0.130859 0.861325 0.132809 0.863276 0.132809 0.86524 0.134768 0.867192 0.134768 0.869143 0.136717 0.873046 0.136717 0.874998 0.138675 0.876949 0.138675 0.878901 0.140625 0.880865 0.140625 0.894525 0.154298 0.906247 0.154298 0.908199 0.156248 0.925775 0.156248 0.925775 0.15234 0.923823 0.15039 0.923823 0.14844 0.921872 0.146482 0.921872 0.144532 0.917969 0.140625 0.917969 0.138675 0.912115 0.132809 0.912115 0.130859 0.900393 0.119144 0.898441 0.119144 0.894525 0.115237 0.888671 0.115237 0.88672 0.113278 0.878901 0.113278 0.876949 0.111329 0.871095 0.111329
9 0.906247 0.029298 0.902344 0.033206 0.900393 0.033206 0.902344 0.035155 0.902344 0.037105 0.906247 0.041013 0.906247 0.042971 0.908199 0.044921 0.908199 0.046879 0.912115 0.050778 0.914066 0.050778 0.921872 0.058594 0.923823 0.058594 0.931642 0.06641 0.933594 0.06641 0.941413 0.074217 0.943364 0.074217 0.949218 0.080075 0.95117 0.080075 0.953121 0.082033 0.966794 0.082033 0.972662 0.076175 0.972662 0.072267 0.974614 0.070309 0.974614 0.064452 0.970698 0.060544 0.968746 0.060544 0.96094 0.052736 0.958989 0.052736 0.953121 0.046879 0.95117 0.046879 0.949218 0.044921 0.945316 0.044921 0.943364 0.042971 0.941413 0.042971 0.939448 0.041013 0.937497 0.041013 0.935545 0.039063 0.933594 0.039063 0.931642 0.037105 0.927739 0.037105 0.925775 0.035155 0.923823 0.035155 0.921872 0.033206 0.91992 0.033206 0.917969 0.031248 0.908199 0.031248
9 0.097651 0.052736 0.0957 0.054686 0.0957 0.056644 0.089845 0.062502 0.089845 0.064452 0.083978 0.070309 0.083978 0.072267 0.080075 0.076175 0.080075 0.078125 0.078124 0.080075 0.078124 0.082033 0.076172 0.083982 0.076172 0.08789 0.074221 0.08984 0.074221 0.097656 0.076172 0.099606 0.076172 0.101563 0.078124 0.103513 0.078124 0.105471 0.080075 0.105471 0.093748 0.091798 0.093748 0.08984 0.099616 0.083982 0.099616 0.082033 0.101567 0.080075 0.101567 0.078125 0.103519 0.076175 0.103519 0.074217 0.10547 0.072267 0.10547 0.070309 0.107421 0.068359 0.107421 0.06641 0.109373 0.064452 0.109373 0.062502 0.111325 0.060544 0.109373 0.060544 0.107421 0.058594 0.10547 0.058594 0.101567 0.054686 0.099616 0.054686
9 0.51758 0.787113 0.51758 0.789062 0.515629 0.791012 0.515629 0.79297 0.513678 0.79492 0.513678 0.796878 0.511713 0.798828 0.511713 0.800777 0.513678 0.800777 0.51758 0.804685 0.519532 0.804685 0.523435 0.808593 0.525386 0.808593 0.529302 0.812501 0.531254 0.812501 0.535156 0.816409 0.537108 0.816409 0.537108 0.81445 0.53906 0.812501 0.53906 0.802735 0.537108 0.800777 0.537108 0.798828 0.531254 0.79297 0.529302 0.79297 0.527338 0.791012 0.523435 0.791012 0.521483 0.789062 0.519532 0.789062
9 0.298834 0.162113 0.287113 0.173829 0.287113 0.175778 0.273439 0.189452 0.273439 0.19141 0.271488 0.193359 0.271488 0.195309 0.269536 0.197267 0.269536 0.205074 0.271488 0.207033 0.271488 0.208982 0.273439 0.21094 0.275391 0.21094 0.277342 0.21289 0.285161 0.21289 0.289064 0.208982 0.291015 0.208982 0.29687 0.203125 0.29687 0.201175 0.298834 0.199217 0.298834 0.195309 0.300786 0.193359 0.300786 0.189452 0.302737 0.187502 0.302737 0.185544 0.308592 0.179686 0.308592 0.177736 0.310543 0.175778 0.310543 0.173829 0.312494 0.171879 0.312494 0.169921 0.310543 0.169921 0.308592 0.167971 0.30664 0.167971 0.302737 0.164063 0.300786 0.164063
9 0.937497 0.382809 0.933594 0.386717 0.933594 0.388675 0.935545 0.390624 0.935545 0.394532 0.937497 0.396482 0.939448 0.396482 0.945316 0.402348 0.947267 0.402348 0.964843 0.41992 0.966794 0.417971 0.966794 0.416013 0.968746 0.414063 0.968746 0.412113 0.970698 0.410155 0.970698 0.408205 0.972662 0.406247 0.972662 0.404298 0.974614 0.402348 0.974614 0.40039 0.976565 0.39844 0.974614 0.396482 0.972662 0.396482 0.966794 0.390624 0.964843 0.390624 0.96094 0.386717 0.958989 0.386717 0.955073 0.382809
9 0.544927 0.671878 0.542963 0.673828 0.53906 0.673828 0.537108 0.675777 0.535156 0.675777 0.533205 0.677736 0.529302 0.677736 0.525386 0.681643 0.525386 0.683593 0.51758 0.691409 0.51758 0.693358 0.513678 0.697266 0.513678 0.699216 0.511713 0.701174 0.511713 0.705082 0.509762 0.707032 0.509762 0.708981 0.50781 0.710939 0.509762 0.712889 0.511713 0.712889 0.51758 0.718747 0.521483 0.718747 0.525386 0.714847 0.527338 0.714847 0.531254 0.710939 0.533205 0.710939 0.542963 0.701174 0.542963 0.699216 0.544927 0.697266 0.544927 0.695316 0.546879 0.693358 0.546879 0.691409 0.54883 0.689451 0.54883 0.683593 0.550781 0.681643 0.550781 0.677736 0.54883 0.675777 0.54883 0.671878
9 0.503907 0.429686 0.501956 0.431643 0.496088 0.431643 0.494137 0.433594 0.490234 0.433594 0.488282 0.435544 0.482428 0.435544 0.482428 0.437501 0.484379 0.439451 0.484379 0.445309 0.486331 0.447267 0.486331 0.453125 0.488282 0.455074 0.488282 0.46094 0.490234 0.46289 0.490234 0.466797 0.492185 0.468747 0.492185 0.472655 0.494137 0.474613 0.494137 0.478512 0.496088 0.48047 0.496088 0.48242 0.498053 0.484378 0.498053 0.486328 0.500004 0.488278 0.500004 0.490236 0.501956 0.492186 0.501956 0.494144 0.503907 0.496093 0.503907 0.498044 0.505859 0.500001 0.505859 0.501951 0.50781 0.503909 0.513678 0.503909 0.515629 0.501951 0.51758 0.501951 0.51758 0.500001 0.519532 0.498044 0.519532 0.488278 0.521483 0.486328 0.521483 0.478512 0.519532 0.476563 0.519532 0.470706 0.51758 0.468747 0.51758 0.46289 0.515629 0.46094 0.515629 0.457032 0.513678 0.455074 0.513678 0.453125 0.511713 0.451174 0.511713 0.447267 0.509762 0.445309 0.509762 0.443359 0.50781 0.441409 0.50781 0.437501 0.505859 0.435544 0.505859 0.433594 0.503907 0.431643
9 0.224613 0.035155 0.222662 0.037105 0.220697 0.037105 0.216795 0.041013 0.214843 0.041013 0.21094 0.044921 0.208989 0.044921 0.205073 0.048829 0.205073 0.050778 0.197267 0.058594 0.197267 0.060544 0.195316 0.062502 0.195316 0.06641 0.193364 0.068359 0.193364 0.074217 0.191412 0.076175 0.191412 0.080075 0.195316 0.080075 0.197267 0.082033 0.199219 0.082033 0.20117 0.083982 0.205073 0.083982 0.207037 0.08594 0.21094 0.082033 0.212892 0.082033 0.212892 0.078125 0.214843 0.076175 0.214843 0.072267 0.216795 0.070309 0.216795 0.068359 0.218746 0.06641 0.218746 0.062502 0.220697 0.060544 0.220697 0.058594 0.222662 0.056644 0.222662 0.050778 0.224613 0.048829
9 0.898441 0.492186 0.89649 0.494144 0.894525 0.494144 0.894525 0.496093 0.892574 0.498044 0.892574 0.507808 0.898441 0.513674 0.902344 0.513674 0.904296 0.515625 0.908199 0.515625 0.91015 0.517582 0.912115 0.517582 0.914066 0.519532 0.917969 0.519532 0.91992 0.521482 0.921872 0.519532 0.921872 0.517582 0.927739 0.511716 0.927739 0.509767 0.929691 0.507808 0.927739 0.507808 0.923823 0.503909 0.921872 0.503909 0.91992 0.501951 0.917969 0.501951 0.914066 0.498044 0.912115 0.498044 0.908199 0.494144 0.906247 0.494144 0.904296 0.492186
9 0.892574 0.451174 0.890622 0.453125 0.884768 0.453125 0.880865 0.457032 0.878901 0.457032 0.878901 0.464848 0.880865 0.464848 0.88672 0.470706 0.888671 0.470706 0.892574 0.474613 0.894525 0.474613 0.900393 0.48047 0.902344 0.48047 0.908199 0.486328 0.91015 0.486328 0.914066 0.490236 0.916017 0.490236 0.921872 0.496093 0.923823 0.496093 0.927739 0.500001 0.929691 0.498044 0.929691 0.496093 0.931642 0.494144 0.931642 0.492186 0.933594 0.490236 0.933594 0.488278 0.935545 0.486328 0.935545 0.484378 0.937497 0.48242 0.937497 0.48047 0.939448 0.478512 0.939448 0.476563 0.941413 0.474613 0.939448 0.474613 0.935545 0.470706 0.933594 0.470706 0.931642 0.468747 0.929691 0.468747 0.927739 0.466797 0.925775 0.466797 0.921872 0.46289 0.91992 0.46289 0.917969 0.46094 0.916017 0.46094 0.914066 0.458982 0.912115 0.458982 0.908199 0.455074 0.906247 0.455074 0.904296 0.453125 0.894525 0.453125
9 0.124998 0.068359 0.123046 0.070309 0.119143 0.070309 0.11524 0.074217 0.113276 0.074217 0.109373 0.078125 0.107421 0.078125 0.10547 0.080075 0.10547 0.082033 0.103519 0.083982 0.103519 0.08594 0.097651 0.091798 0.097651 0.093748 0.0957 0.095706 0.0957 0.101563 0.093748 0.103513 0.093748 0.107421 0.097651 0.111329 0.099616 0.111329 0.101567 0.113278 0.103519 0.113278 0.10547 0.111329 0.107421 0.111329 0.107421 0.109379 0.111325 0.105471 0.111325 0.097656 0.119143 0.08984 0.119143 0.08789 0.121095 0.08594 0.121095 0.083982 0.123046 0.082033 0.123046 0.080075 0.124998 0.078125 0.124998 0.076175 0.126949 0.074217 0.126949 0.070309
9 0.994141 0.269533 0.99219 0.271482 0.986322 0.271482 0.984371 0.27344 0.982419 0.27344 0.982419 0.277339 0.986322 0.281248 0.986322 0.283206 0.998044 0.29492 0.999995 0.29492 1 0.298829 1 0.298829 1 0.300778 1 0.300778 1 0.304686 1 0.304686 1 0.306644 1 0.306644 1 0.310544 1 0.310544 1 0.312501 1 0.310544 1 0.308594 1 0.304686 1 0.302736 1 0.296878 1 0.29492 1 0.292971 1 0.292971 1 0.291013 1 0.291013 1 0.289063 1 0.289063 1 0.287113 1 0.287113 1 0.285155 1 0.285155 1 0.283206 1 0.283206 1 0.281248 1 0.281248 1 0.279297 1 0.279297 1 0.277339 1 0.277339 1 0.27539 1 0.27539 1 0.27344 0.999995 0.27344 0.998044 0.271482 0.996093 0.271482
9 0.20117 0.109379 0.199219 0.111329 0.197267 0.111329 0.193364 0.115237 0.191412 0.115237 0.189448 0.117186 0.187497 0.117186 0.183594 0.121094 0.181642 0.121094 0.175775 0.126952 0.175775 0.130859 0.173823 0.132809 0.173823 0.140625 0.175775 0.142574 0.175775 0.158206 0.177739 0.160155 0.179691 0.160155 0.183594 0.156248 0.185545 0.156248 0.197267 0.144532 0.197267 0.140625 0.199219 0.138675 0.199219 0.136717 0.20117 0.134768 0.20117 0.132809 0.203121 0.130859 0.203121 0.12891 0.205073 0.126952 0.205073 0.125002 0.207037 0.123044 0.207037 0.119144 0.208989 0.117186 0.208989 0.115237 0.207037 0.113278 0.205073 0.113278
9 0 0.001952 0 0.011717 0 0.013675 0 0.015625 0 0.019533 0 0.021482 0 0.02734 0 0.029298 0 0.039063 0 0.041013 0 0.044921 0 0.046879 0 0.044921 0 0.044921 0 0.042971 0 0.042971 0 0.041013 0 0.02734 0 0.02539 0 0.021482 0 0.019533 0 0.017575 0.001951 0.015625 0.003903 0.015625 0.005854 0.013675 0.005854 0.011717 0.003903 0.009768 0.003903 0.00391 0 0.00391
9 0.955073 0.906247 0.953121 0.908205 0.947267 0.908205 0.945316 0.910154 0.945316 0.923828 0.947267 0.925777 0.947267 0.929685 0.949218 0.929685 0.95117 0.931643 0.953121 0.931643 0.955073 0.933593 0.957037 0.933593 0.958989 0.935551 0.962892 0.935551 0.964843 0.9375 0.968746 0.9375 0.970698 0.93945 0.972662 0.93945 0.974614 0.941409 0.978517 0.941409 0.980468 0.943358 0.980468 0.941409 0.982419 0.93945 0.982419 0.9375 0.984371 0.935551 0.984371 0.933593 0.986322 0.931643 0.986322 0.929685 0.988287 0.927735 0.988287 0.925777 0.990238 0.923828 0.988287 0.923828 0.986322 0.921878 0.984371 0.921878 0.982419 0.919919 0.980468 0.919919 0.978517 0.91797 0.976565 0.91797 0.974614 0.916012 0.972662 0.916012 0.970698 0.914062 0.968746 0.914062 0.966794 0.912112 0.964843 0.912112 0.962892 0.910154 0.96094 0.910154 0.958989 0.908205 0.957037 0.908205
9 0.878901 0.537113 0.876949 0.539062 0.871095 0.539062 0.871095 0.541012 0.869143 0.54297 0.869143 0.552736 0.871095 0.554686 0.871095 0.556643 0.873046 0.558593 0.874998 0.558593 0.876949 0.560543 0.880865 0.560543 0.882816 0.562501 0.884768 0.562501 0.88672 0.564451 0.904296 0.546878 0.900393 0.546878 0.898441 0.54492 0.89649 0.54492 0.894525 0.54297 0.890622 0.54297 0.888671 0.541012 0.88672 0.541012 0.884768 0.539062 0.880865 0.539062
9 0.757819 0.312501 0.755854 0.314451 0.755854 0.316409 0.75 0.322267 0.75 0.324217 0.746097 0.328125 0.75 0.332032 0.751951 0.332032 0.755854 0.33594 0.75977 0.33594 0.761722 0.33789 0.763673 0.33789 0.765625 0.339848 0.769527 0.339848 0.771479 0.341798 0.773443 0.341798 0.775395 0.343747 0.779298 0.343747 0.781249 0.345706 0.783201 0.345706 0.785152 0.347655 0.791019 0.347655 0.792971 0.349613 0.794923 0.347655 0.804693 0.347655 0.806644 0.345706 0.806644 0.339848 0.804693 0.33789 0.804693 0.33594 0.802728 0.333982 0.800777 0.333982 0.796874 0.330074 0.794923 0.330074 0.792971 0.328125 0.791019 0.328125 0.789068 0.326175 0.785152 0.326175 0.783201 0.324217 0.781249 0.324217 0.779298 0.322267 0.777347 0.322267 0.775395 0.320309 0.773443 0.320309 0.771479 0.318359 0.767576 0.318359 0.765625 0.316409 0.763673 0.316409 0.761722 0.314451 0.75977 0.314451
0 0.224613 0.724613 0.224613 0.726562 0.222662 0.728512 0.222662 0.73047 0.220697 0.732419 0.220697 0.736328 0.218746 0.738277 0.218746 0.742185 0.216795 0.744143 0.216795 0.746093 0.214843 0.748043 0.214843 0.755858 0.216795 0.755858 0.218746 0.757817 0.220697 0.757817 0.222662 0.759766 0.222662 0.757817 0.224613 0.755858 0.224613 0.751951 0.226565 0.75 0.226565 0.746093 0.228517 0.744143 0.228517 0.742185 0.230468 0.740236 0.230468 0.736328 0.232419 0.734378 0.232419 0.728512 0.230468 0.726562 0.230468 0.724613
9 0.271488 0.056644 0.269536 0.058594 0.26562 0.058594 0.263669 0.060544 0.261717 0.060544 0.259766 0.062502 0.255863 0.062502 0.248044 0.070309 0.248044 0.072267 0.246093 0.074217 0.246093 0.076175 0.244141 0.078125 0.244141 0.082033 0.24219 0.083982 0.24219 0.08984 0.240238 0.091798 0.240238 0.097656 0.238287 0.099606 0.238287 0.103513 0.240238 0.103513 0.24219 0.105471 0.244141 0.105471 0.248044 0.109379 0.249996 0.109379 0.251947 0.111329 0.259766 0.103513 0.259766 0.101563 0.263669 0.097656 0.263669 0.095706 0.26562 0.093748 0.26562 0.08789 0.267572 0.08594 0.267572 0.078125 0.269536 0.076175 0.269536 0.070309 0.271488 0.068359
9 0.34766 0.107421 0.345709 0.109379 0.345709 0.111329 0.343744 0.113278 0.343744 0.115237 0.341793 0.117186 0.341793 0.119144 0.33789 0.123044 0.33789 0.125002 0.335938 0.126952 0.335938 0.12891 0.333987 0.130859 0.333987 0.132809 0.330084 0.136717 0.330084 0.138675 0.328119 0.140625 0.328119 0.142574 0.326168 0.144532 0.326168 0.15234 0.328119 0.154298 0.328119 0.156248 0.333987 0.156248 0.335938 0.158206 0.339841 0.154298 0.341793 0.154298 0.349611 0.146482 0.349611 0.144532 0.351563 0.142574 0.351563 0.140625 0.353514 0.138675 0.353514 0.136717 0.355466 0.134768 0.355466 0.132809 0.357417 0.130859 0.357417 0.126952 0.359369 0.125002 0.359369 0.123044 0.361333 0.121094 0.361333 0.117186 0.363285 0.115237 0.363285 0.113278 0.359369 0.113278 0.357417 0.111329 0.355466 0.111329 0.353514 0.109379 0.349611 0.109379
9 0.070318 0 0.066402 0 0.06445 0 0.050777 0 0.050777 0 0.048826 0 0.048826 0 0.046874 0 0.046874 0 0.048826 0 0.050777 0 0.054693 0 0.056644 0.000002 0.058596 0.000002 0.060547 0.001952 0.062499 0.000002 0.062499 0 0.06445 0 0.06445 0 0.066402 0 0.066402 0 0.068353 0 0.068353 0 0.070318 0 0.070318 0 0.072269 0 0.072269 0
10 1 0 1 0 1 0 1 0 1 0 1 0 1 0 1 0 1 0 0.999995 0 0.999995 0 0.998044 0 0.998044 0 0.996093 0 0.994141 0 0.994141 0 0.99219 0 0.99219 0 0.994141 0 0.994141 0 0.988287 0 0.988287 0 0.978517 0 0.978517 0 0.976565 0 0.976565 0 0.974614 0 0.974614 0 0.972662 0 0.972662 0 0.970698 0 0.970698 0 0.968746 0 0.968746 0 0.964843 0 0.964843 0 0.962892 0 0.962892 0 0.96094 0 0.96094 0 0.958989 0 0.958989 0 0.957037 0 0.957037 0 0.955073 0 0.955073 0 0.953121 0 0.953121 0 0.95117 0 0.95117 0 0.947267 0 0.947267 0 0.945316 0 0.945316 0 0.943364 0 0.943364 0 0.941413 0 0.941413 0 0.939448 0 0.939448 0 0.937497 0 0.937497 0 0.935545 0 0.935545 0 0.933594 0 0.933594 0 0.929691 0 0.929691 0 0.927739 0 0.927739 0 0.925775 0 0.925775 0 0.923823 0 0.923823 0 0.921872 0 0.921872 0 0.91992 0 0.91992 0 0.917969 0 0.917969 0 0.916017 0 0.916017 0 0.914066 0 0.914066 0 0.91015 0 0.91015 0 0.908199 0 0.908199 0 0.906247 0 0.906247 0 0.904296 0 0.904296 0 0.902344 0 0.902344 0 0.900393 0 0.900393 0 0.898441 0 0.898441 0.000002 0.89649 0.001952 0.89649 0.00391 0.892574 0.007809 0.892574 0.009768 0.890622 0.011717 0.890622 0.013675 0.888671 0.015625 0.888671 0.017575 0.88672 0.019533 0.88672 0.021482 0.884768 0.02344 0.884768 0.02539 0.882816 0.02734 0.882816 0.029298 0.880865 0.031248 0.880865 0.033206 0.878901 0.035155 0.878901 0.037105 0.874998 0.041013 0.874998 0.042971 0.873046 0.044921 0.873046 0.046879 0.871095 0.048829 0.871095 0.050778 0.869143 0.052736 0.869143 0.054686 0.867192 0.056644 0.867192 0.058594 0.86524 0.060544 0.86524 0.062502 0.863276 0.064452 0.863276 0.06641 0.861325 0.068359 0.861325 0.070309 0.859373 0.072267 0.859373 0.074217 0.85547 0.078125 0.85547 0.080075 0.853519 0.082033 0.853519 0.083982 0.851567 0.08594 0.851567 0.08789 0.849616 0.08984 0.849616 0.091798 0.847651 0.093748 0.847651 0.095706 0.8457 0.097656 0.8457 0.099606 0.843748 0.101563 0.843748 0.103513 0.841797 0.105471 0.841797 0.107421 0.837894 0.111329 0.837894 0.113278 0.835943 0.115237 0.835943 0.117186 0.833978 0.119144 0.833978 0.121094 0.832026 0.123044 0.832026 0.125002 0.830075 0.126952 0.830075 0.12891 0.828124 0.130859 0.828124 0.132809 0.826172 0.134768 0.826172 0.136717 0.82422 0.138675 0.82422 0.140625 0.820318 0.144532 0.820318 0.146482 0.818353 0.14844 0.818353 0.15039 0.816402 0.15234 0.816402 0.154298 0.81445 0.156248 0.81445 0.158206 0.812499 0.160155 0.812499 0.162113 0.810548 0.164063 0.810548 0.166013 0.808596 0.167971 0.808596 0.169921 0.806644 0.171879 0.806644 0.173829 0.804693 0.175778 0.804693 0.177736 0.800777 0.181644 0.800777 0.183594 0.798826 0.185544 0.798826 0.187502 0.796874 0.189452 0.796874 0.19141 0.794923 0.193359 0.794923 0.195309 0.792971 0.197267 0.792971 0.199217 0.791019 0.201175 0.791019 0.203125 0.789068 0.205074 0.789068 0.207033 0.787104 0.208982 0.787104 0.21094 0.783201 0.214839 0.783201 0.216798 0.781249 0.218748 0.781249 0.220706 0.779298 0.222655 0.779298 0.224614 0.777347 0.226563 0.777347 0.228513 0.775395 0.230471 0.775395 0.23242 0.773443 0.234379 0.773443 0.236329 0.771479 0.238278 0.771479 0.240236 0.769527 0.242186 0.769527 0.244144 0.765625 0.248044 0.765625 0.250001 0.763673 0.251952 0.763673 0.25391 0.761722 0.255859 0.761722 0.257809 0.75977 0.259767 0.75977 0.261716 0.757819 0.263675 0.757819 0.265625 0.755854 0.267574 0.755854 0.269533 0.753903 0.271482 0.753903 0.27344 0.751951 0.27539 0.751951 0.277339 0.75 0.279297 0.75 0.281248 0.746097 0.285155 0.746097 0.287113 0.744146 0.289063 0.744146 0.291013 0.742181 0.292971 0.742181 0.29492 0.74023 0.296878 0.74023 0.298829 0.738278 0.300778 0.738278 0.302736 0.736327 0.304686 0.736327 0.306644 0.734375 0.308594 0.734375 0.310544 0.732424 0.312501 0.732424 0.314451 0.728521 0.318359 0.728521 0.320309 0.726556 0.322267 0.726556 0.324217 0.724605 0.326175 0.724605 0.328125 0.722653 0.330074 0.722653 0.332032 0.720702 0.333982 0.720702 0.33594 0.718751 0.33789 0.718751 0.339848 0.716799 0.341798 0.716799 0.343747 0.714847 0.345706 0.714847 0.347655 0.710932 0.351563 0.710932 0.353513 0.70898 0.355471 0.70898 0.357421 0.707029 0.359379 0.707029 0.361328 0.705077 0.363278 0.705077 0.365236 0.703126 0.367186 0.703126 0.369143 0.701174 0.371094 0.701174 0.373043 0.699223 0.375001 0.699223 0.376951 0.697271 0.378909 0.697271 0.380859 0.695307 0.382809 0.695307 0.384767 0.691404 0.388675 0.691404 0.390624 0.689452 0.392574 0.689452 0.394532 0.687501 0.396482 0.687501 0.39844 0.68555 0.40039 0.68555 0.402348 0.683598 0.404298 0.683598 0.406247 0.681647 0.408205 0.681647 0.410155 0.679682 0.412113 0.679682 0.414063 0.677731 0.416013 0.677731 0.417971 0.675779 0.41992 0.693355 0.437501 0.695307 0.435544 0.695307 0.433594 0.697271 0.431643 0.697271 0.429686 0.699223 0.427736 0.699223 0.425778 0.701174 0.423828 0.701174 0.421878 0.703126 0.41992 0.703126 0.417971 0.705077 0.416013 0.705077 0.414063 0.70898 0.410155 0.70898 0.408205 0.710932 0.406247 0.710932 0.404298 0.70898 0.402348 0.710932 0.40039 0.710932 0.39844 0.712896 0.396482 0.712896 0.394532 0.716799 0.390624 0.716799 0.388675 0.718751 0.386717 0.718751 0.384767 0.720702 0.382809 0.720702 0.380859 0.722653 0.378909 0.722653 0.376951 0.724605 0.375001 0.724605 0.373043 0.728521 0.369143 0.728521 0.367186 0.730472 0.365236 0.730472 0.363278 0.732424 0.361328 0.730472 0.359379 0.730472 0.357421 0.732424 0.355471 0.732424 0.353513 0.734375 0.351563 0.734375 0.349613 0.736327 0.347655 0.736327 0.345706 0.738278 0.343747 0.738278 0.341798 0.74023 0.339848 0.74023 0.33789 0.742181 0.33594 0.744146 0.33789 0.748048 0.33789 0.748048 0.33594 0.75 0.333982 0.744146 0.328125 0.748048 0.324217 0.748048 0.322267 0.753903 0.316409 0.753903 0.314451 0.757819 0.310544 0.75977 0.312501 0.761722 0.312501 0.761722 0.310544 0.763673 0.308594 0.763673 0.306644 0.765625 0.304686 0.765625 0.302736 0.767576 0.300778 0.767576 0.298829 0.771479 0.29492 0.771479 0.291013 0.773443 0.289063 0.773443 0.287113 0.777347 0.283206 0.777347 0.281248 0.779298 0.279297 0.779298 0.277339 0.781249 0.27539 0.781249 0.27344 0.785152 0.269533 0.785152 0.267574 0.787104 0.265625 0.787104 0.263675 0.789068 0.261716 0.789068 0.259767 0.791019 0.257809 0.791019 0.255859 0.792971 0.25391 0.792971 0.251952 0.794923 0.250001 0.794923 0.244144 0.796874 0.242186 0.796874 0.238278 0.798826 0.236329 0.800777 0.238278 0.802728 0.236329 0.802728 0.230471 0.804693 0.228513 0.804693 0.222655 0.806644 0.220706 0.806644 0.214839 0.808596 0.21289 0.808596 0.208982 0.810548 0.207033 0.812499 0.208982 0.816402 0.208982 0.818353 0.207033 0.818353 0.203125 0.816402 0.203125 0.81445 0.201175 0.81445 0.199217 0.816402 0.197267 0.816402 0.193359 0.818353 0.19141 0.818353 0.185544 0.820318 0.183594 0.820318 0.181644 0.822269 0.179686 0.826172 0.183594 0.828124 0.183594 0.830075 0.185544 0.830075 0.183594 0.828124 0.181644 0.82422 0.181644 0.822269 0.179686 0.82422 0.177736 0.82422 0.175778 0.826172 0.173829 0.826172 0.171879 0.828124 0.169921 0.828124 0.167971 0.830075 0.166013 0.830075 0.164063 0.832026 0.162113 0.832026 0.160155 0.833978 0.158206 0.835943 0.160155 0.837894 0.160155 0.839845 0.162113 0.841797 0.162113 0.843748 0.160155 0.843748 0.158206 0.8457 0.156248 0.843748 0.156248 0.841797 0.154298 0.843748 0.15234 0.843748 0.15039 0.8457 0.14844 0.8457 0.146482 0.847651 0.144532 0.847651 0.142574 0.849616 0.140625 0.849616 0.138675 0.851567 0.136717 0.851567 0.134768 0.853519 0.132809 0.853519 0.130859 0.851567 0.12891 0.85547 0.125002 0.85547 0.123044 0.863276 0.115237 0.863276 0.113278 0.869143 0.107421 0.871095 0.109379 0.873046 0.107421 0.873046 0.105471 0.874998 0.103513 0.873046 0.101563 0.871095 0.101563 0.869143 0.099606 0.871095 0.097656 0.871095 0.095706 0.873046 0.093748 0.873046 0.091798 0.874998 0.08984 0.874998 0.08789 0.876949 0.08594 0.876949 0.083982 0.878901 0.082033 0.878901 0.080075 0.882816 0.076175 0.888671 0.076175 0.890622 0.074217 0.88672 0.074217 0.884768 0.072267 0.884768 0.070309 0.882816 0.068359 0.882816 0.062502 0.88672 0.058594 0.88672 0.056644 0.892574 0.050778 0.892574 0.048829 0.89649 0.044921 0.898441 0.046879 0.900393 0.046879 0.902344 0.048829 0.904296 0.048829 0.904296 0.046879 0.906247 0.044921 0.904296 0.042971 0.904296 0.041013 0.900393 0.037105 0.900393 0.035155 0.898441 0.033206 0.900393 0.031248 0.902344 0.031248 0.906247 0.02734 0.908199 0.029298 0.914066 0.029298 0.916017 0.02734 0.916017 0.02539 0.917969 0.02344 0.917969 0.009768 0.91992 0.007809 0.925775 0.007809 0.927739 0.005859 0.927739 0.00391 0.929691 0.001952 0.929691 0 0.927739 0 0.925775 0 0.927739 0 0.927739 0 0.931642 0 0.931642 0 0.933594 0 0.933594 0 0.941413 0 0.943364 0 0.943364 0 0.945316 0 0.945316 0 0.949218 0 0.949218 0 0.95117 0 0.95117 0 0.953121 0 0.953121 0 0.949218 0 0.947267 0 0.949218 0 0.949218 0 0.95117 0 0.95117 0 0.953121 0 0.953121 0 0.955073 0 0.955073 0 0.957037 0 0.957037 0 0.958989 0 0.958989 0 0.96094 0 0.968746 0 0.970698 0 0.968746 0 0.966794 0 0.964843 0 0.966794 0 0.966794 0 0.968746 0 0.968746 0 0.970698 0 0.970698 0 0.972662 0 0.972662 0 0.974614 0 0.982419 0 0.982419 0 0.984371 0 0.982419 0 0.982419 0 0.980468 0 0.980468 0 0.978517 0 0.980468 0 0.990238 0 0.99219 0 0.99219 0 0.994141 0 0.994141 0 0.996093 0 0.994141 0 0.988287 0 0.990238 0 0.990238 0 0.99219 0 0.99219 0 0.994141 0 0.994141 0 0.998044 0 1 0 1 0 1 0 1 0 1 0 1 0 1 0 1 0 1 0 1 0 1 0 1 0 1 0 1 0 1 0 1 0 1 0 1 0 1 0 1 0 1 0 1 0 1 0 1 0 1 0 1 0 1 0 1 0 1 0 1 0 1 0 1 0 1 0 1 0 1 0 1 0 1 0 1 0 1 0 1 0
9 0.31641 0.169921 0.314459 0.171879 0.314459 0.173829 0.310543 0.177736 0.310543 0.179686 0.304689 0.185544 0.304689 0.187502 0.302737 0.189452 0.302737 0.193359 0.300786 0.195309 0.300786 0.21094 0.302737 0.21289 0.302737 0.218748 0.304689 0.220706 0.304689 0.222655 0.308592 0.222655 0.312494 0.218748 0.314459 0.218748 0.314459 0.214839 0.31641 0.21289 0.31641 0.208982 0.318362 0.207033 0.318362 0.205074 0.322265 0.201175 0.322265 0.199217 0.326168 0.195309 0.326168 0.193359 0.328119 0.19141 0.328119 0.189452 0.332035 0.185544 0.332035 0.183594 0.335938 0.179686 0.335938 0.177736 0.332035 0.177736 0.330084 0.175778 0.328119 0.175778 0.326168 0.173829 0.322265 0.173829 0.320313 0.171879 0.318362 0.171879
9 0.281245 0.14844 0.279294 0.15039 0.279294 0.15234 0.275391 0.156248 0.275391 0.158206 0.273439 0.160155 0.273439 0.162113 0.269536 0.166013 0.269536 0.167971 0.267572 0.169921 0.267572 0.173829 0.26562 0.175778 0.26562 0.183594 0.267572 0.185544 0.267572 0.19141 0.271488 0.19141 0.271488 0.189452 0.285161 0.175778 0.285161 0.173829 0.29687 0.162113 0.29687 0.160155 0.298834 0.158206 0.298834 0.156248 0.29687 0.156248 0.294918 0.154298 0.291015 0.154298 0.289064 0.15234 0.287113 0.15234 0.285161 0.15039 0.283209 0.15039
9 0.248044 0.041013 0.244141 0.044921 0.24219 0.044921 0.238287 0.048829 0.236322 0.048829 0.226565 0.058594 0.226565 0.060544 0.224613 0.062502 0.224613 0.064452 0.222662 0.06641 0.222662 0.070309 0.220697 0.072267 0.220697 0.076175 0.218746 0.078125 0.218746 0.083982 0.216795 0.08594 0.216795 0.08984 0.218746 0.08984 0.220697 0.091798 0.222662 0.091798 0.226565 0.095706 0.228517 0.095706 0.230468 0.097656 0.234371 0.097656 0.236322 0.095706 0.236322 0.093748 0.238287 0.091798 0.238287 0.08984 0.240238 0.08789 0.240238 0.083982 0.24219 0.082033 0.24219 0.078125 0.244141 0.076175 0.244141 0.074217 0.246093 0.072267 0.246093 0.070309 0.248044 0.068359 0.248044 0.06641 0.249996 0.064452 0.249996 0.058594 0.251947 0.056644 0.251947 0.046879 0.249996 0.044921 0.249996 0.042971
9 0.775395 0.287113 0.775395 0.289063 0.773443 0.291013 0.773443 0.300778 0.775395 0.302736 0.775395 0.306644 0.777347 0.306644 0.787104 0.316409 0.787104 0.318359 0.796874 0.328125 0.798826 0.328125 0.804693 0.333982 0.808596 0.330074 0.808596 0.328125 0.816402 0.320309 0.816402 0.318359 0.820318 0.314451 0.816402 0.310544 0.81445 0.310544 0.802728 0.298829 0.800777 0.298829 0.794923 0.292971 0.792971 0.292971 0.789068 0.289063 0.785152 0.289063 0.783201 0.287113
9 0.898441 0.871093 0.89649 0.873051 0.89649 0.875001 0.890622 0.880858 0.890622 0.882816 0.88672 0.886716 0.888671 0.888674 0.890622 0.888674 0.89649 0.894531 0.898441 0.894531 0.906247 0.902347 0.908199 0.902347 0.912115 0.906247 0.916017 0.906247 0.917969 0.908205 0.91992 0.908205 0.921872 0.910154 0.927739 0.910154 0.929691 0.908205 0.931642 0.908205 0.931642 0.900389 0.929691 0.898439 0.929691 0.894531 0.927739 0.892582 0.927739 0.890624 0.925775 0.888674 0.925775 0.886716 0.921872 0.882816 0.91992 0.882816 0.917969 0.880858 0.916017 0.880858 0.914066 0.878908 0.912115 0.878908 0.91015 0.87695 0.908199 0.87695 0.906247 0.875001 0.904296 0.875001 0.902344 0.873051 0.900393 0.873051
9 0.933594 0.408205 0.931642 0.410155 0.927739 0.410155 0.925775 0.412113 0.921872 0.412113 0.921872 0.416013 0.923823 0.417971 0.923823 0.41992 0.925775 0.421878 0.925775 0.423828 0.929691 0.427736 0.931642 0.427736 0.935545 0.431643 0.937497 0.431643 0.941413 0.435544 0.947267 0.435544 0.949218 0.437501 0.95117 0.435544 0.955073 0.435544 0.957037 0.433594 0.957037 0.431643 0.958989 0.429686 0.958989 0.427736 0.96094 0.425778 0.96094 0.423828 0.962892 0.421878 0.96094 0.41992 0.958989 0.41992 0.955073 0.416013 0.953121 0.416013 0.949218 0.412113 0.941413 0.412113 0.939448 0.410155 0.935545 0.410155
9 0.294918 0.068359 0.292967 0.070309 0.285161 0.070309 0.285161 0.072267 0.283209 0.074217 0.283209 0.076175 0.281245 0.078125 0.281245 0.080075 0.279294 0.082033 0.279294 0.083982 0.277342 0.08594 0.277342 0.08789 0.275391 0.08984 0.275391 0.093748 0.273439 0.095706 0.273439 0.099606 0.271488 0.101563 0.271488 0.103513 0.269536 0.105471 0.269536 0.121094 0.271488 0.121094 0.273439 0.119144 0.275391 0.119144 0.279294 0.115237 0.281245 0.115237 0.287113 0.109379 0.289064 0.109379 0.29687 0.101563 0.29687 0.099606 0.298834 0.097656 0.298834 0.093748 0.300786 0.091798 0.300786 0.078125 0.298834 0.076175 0.298834 0.074217 0.29687 0.072267 0.29687 0.070309
9 0.724605 0.378909 0.722653 0.380859 0.722653 0.382809 0.720702 0.384767 0.720702 0.386717 0.718751 0.388675 0.718751 0.390624 0.714847 0.394532 0.714847 0.396482 0.712896 0.39844 0.712896 0.40039 0.710932 0.402348 0.712896 0.402348 0.714847 0.404298 0.716799 0.404298 0.718751 0.406247 0.720702 0.406247 0.722653 0.408205 0.726556 0.408205 0.728521 0.410155 0.730472 0.410155 0.732424 0.412113 0.734375 0.412113 0.736327 0.414063 0.738278 0.414063 0.74023 0.416013 0.742181 0.416013 0.744146 0.417971 0.75 0.417971 0.751951 0.41992 0.761722 0.41992 0.761722 0.417971 0.763673 0.416013 0.763673 0.414063 0.765625 0.412113 0.765625 0.404298 0.757819 0.396482 0.755854 0.396482 0.753903 0.394532 0.751951 0.394532 0.75 0.392574 0.748048 0.392574 0.746097 0.390624 0.744146 0.390624 0.74023 0.386717 0.738278 0.386717 0.736327 0.384767 0.734375 0.384767 0.732424 0.382809 0.730472 0.382809 0.728521 0.380859 0.726556 0.380859
9 0.917969 0.435544 0.912115 0.441409 0.912115 0.449216 0.914066 0.451174 0.914066 0.453125 0.921872 0.46094 0.923823 0.46094 0.927739 0.464848 0.929691 0.464848 0.931642 0.466797 0.931642 0.464848 0.933594 0.46289 0.933594 0.457032 0.935545 0.455074 0.935545 0.449216 0.937497 0.447267 0.937497 0.441409 0.939448 0.439451 0.939448 0.437501 0.91992 0.437501
9 0.019528 0.00391 0.013673 0.009768 0.011722 0.009768 0.003903 0.017575 0.001951 0.017575 0.001951 0.019533 0 0.021482 0 0.02539 0 0.02734 0 0.044921 0 0.044921 0.003903 0.048829 0.005854 0.048829 0.007819 0.046879 0.00977 0.046879 0.017576 0.039063 0.017576 0.037105 0.019528 0.035155 0.019528 0.033206 0.021479 0.031248 0.021479 0.029298 0.023443 0.02734 0.023443 0.011717 0.021479 0.009768 0.021479 0.007809 0.019528 0.005859
9 0.734375 0.361328 0.732424 0.363278 0.732424 0.365236 0.730472 0.367186 0.730472 0.369143 0.726556 0.373043 0.726556 0.375001 0.724605 0.376951 0.726556 0.376951 0.728521 0.378909 0.730472 0.378909 0.734375 0.382809 0.736327 0.382809 0.738278 0.384767 0.74023 0.384767 0.742181 0.386717 0.744146 0.386717 0.748048 0.390624 0.75 0.390624 0.751951 0.392574 0.753903 0.392574 0.755854 0.394532 0.757819 0.394532 0.75977 0.396482 0.761722 0.396482 0.763673 0.39844 0.771479 0.39844 0.773443 0.396482 0.779298 0.396482 0.779298 0.386717 0.777347 0.384767 0.777347 0.382809 0.775395 0.380859 0.773443 0.380859 0.771479 0.378909 0.769527 0.378909 0.767576 0.376951 0.765625 0.376951 0.761722 0.373043 0.75977 0.373043 0.757819 0.371094 0.755854 0.371094 0.751951 0.367186 0.75 0.367186 0.746097 0.363278 0.744146 0.363278 0.742181 0.361328
0 0.332035 0.914062 0.330084 0.916012 0.330084 0.91797 0.324216 0.923828 0.324216 0.925777 0.318362 0.931643 0.318362 0.933593 0.31641 0.935551 0.31641 0.943358 0.318362 0.945316 0.328119 0.945316 0.330084 0.943358 0.330084 0.941409 0.332035 0.93945 0.332035 0.9375 0.333987 0.935551 0.333987 0.933593 0.335938 0.931643 0.335938 0.929685 0.33789 0.927735 0.33789 0.925777 0.339841 0.923828 0.339841 0.921878 0.341793 0.919919 0.339841 0.91797 0.339841 0.916012 0.335938 0.916012 0.333987 0.914062
9 0.0957 0 0.093748 0 0.091797 0 0.087894 0 0.085943 0 0.083978 0 0.082026 0 0.080075 0 0.078124 0 0.074221 0 0.074221 0 0.072269 0 0.072269 0 0.068353 0 0.068353 0 0.066402 0 0.066402 0.001952 0.06445 0.00391 0.06445 0.005859 0.066402 0.007809 0.068353 0.007809 0.074221 0.013675 0.076172 0.013675 0.080075 0.017575 0.083978 0.013675 0.085943 0.013675 0.087894 0.011717 0.087894 0.009768 0.091797 0.005859 0.091797 0.00391 0.093748 0.001952 0.093748 0.000002 0.0957 0 0.0957 0 0.097651 0 0.097651 0 0.099616 0 0.099616 0 0.097651 0 0.097651 0 0.0957 0
0 0.148441 0.695316 0.14649 0.697266 0.144525 0.697266 0.144525 0.699216 0.142574 0.701174 0.142574 0.705082 0.140622 0.707032 0.140622 0.710939 0.138671 0.712889 0.138671 0.716797 0.13672 0.718747 0.13672 0.724613 0.14649 0.724613 0.14649 0.722655 0.148441 0.720705 0.148441 0.716797 0.150393 0.714847 0.150393 0.710939 0.152344 0.708981 0.152344 0.705082 0.154296 0.703124 0.154296 0.699216 0.152344 0.699216
9 0.91992 0.009768 0.91992 0.02344 0.921872 0.02539 0.921872 0.02734 0.925775 0.031248 0.927739 0.031248 0.929691 0.033206 0.931642 0.033206 0.935545 0.037105 0.937497 0.037105 0.939448 0.039063 0.941413 0.039063 0.943364 0.041013 0.945316 0.041013 0.947267 0.042971 0.95117 0.042971 0.953121 0.044921 0.955073 0.044921 0.957037 0.046879 0.958989 0.046879 0.96094 0.048829 0.962892 0.046879 0.964843 0.046879 0.966794 0.044921 0.968746 0.044921 0.972662 0.041013 0.972662 0.029298 0.968746 0.02539 0.966794 0.02539 0.964843 0.02344 0.962892 0.02344 0.958989 0.019533 0.957037 0.019533 0.955073 0.017575 0.953121 0.017575 0.95117 0.015625 0.947267 0.015625 0.945316 0.013675 0.943364 0.013675 0.941413 0.011717 0.931642 0.011717 0.929691 0.009768
9 0.072269 0.039063 0.070318 0.041013 0.070318 0.042971 0.066402 0.046879 0.066402 0.048829 0.062499 0.052736 0.062499 0.054686 0.058596 0.058594 0.058596 0.060544 0.056644 0.062502 0.056644 0.064452 0.054693 0.06641 0.054693 0.070309 0.052728 0.072267 0.052728 0.074217 0.050777 0.076175 0.050777 0.08789 0.052728 0.08594 0.060547 0.08594 0.070318 0.076175 0.070318 0.074217 0.072269 0.072267 0.072269 0.070309 0.074221 0.068359 0.074221 0.06641 0.076172 0.064452 0.076172 0.062502 0.078124 0.060544 0.078124 0.058594 0.080075 0.056644 0.080075 0.054686 0.082026 0.052736 0.082026 0.050778 0.083978 0.048829 0.083978 0.046879 0.082026 0.046879 0.078124 0.042971 0.076172 0.042971
0 0.474609 0.292971 0.472658 0.29492 0.472658 0.296878 0.470706 0.298829 0.470706 0.302736 0.472658 0.304686 0.472658 0.306644 0.478512 0.312501 0.478512 0.314451 0.482428 0.318359 0.482428 0.320309 0.484379 0.320309 0.486331 0.322267 0.490234 0.322267 0.492185 0.320309 0.494137 0.320309 0.494137 0.314451 0.492185 0.312501 0.492185 0.310544 0.488282 0.306644 0.488282 0.304686 0.484379 0.300778 0.484379 0.298829 0.480464 0.29492 0.480464 0.292971
9 0.853519 0.763674 0.851567 0.765624 0.849616 0.765624 0.849616 0.767581 0.833978 0.783205 0.833978 0.785154 0.832026 0.787113 0.832026 0.789062 0.830075 0.791012 0.830075 0.796878 0.828124 0.798828 0.828124 0.800777 0.830075 0.800777 0.833978 0.804685 0.835943 0.804685 0.839845 0.808593 0.8457 0.808593 0.857421 0.796878 0.857421 0.79492 0.861325 0.791012 0.861325 0.787113 0.863276 0.785154 0.863276 0.765624 0.861325 0.763674
9 0.833978 0.160155 0.833978 0.162113 0.832026 0.164063 0.832026 0.166013 0.830075 0.167971 0.830075 0.169921 0.828124 0.171879 0.828124 0.173829 0.826172 0.175778 0.826172 0.177736 0.82422 0.179686 0.828124 0.179686 0.830075 0.181644 0.832026 0.181644 0.833978 0.183594 0.837894 0.183594 0.839845 0.185544 0.841797 0.185544 0.843748 0.187502 0.847651 0.187502 0.849616 0.189452 0.851567 0.189452 0.853519 0.19141 0.85547 0.19141 0.859373 0.195309 0.861325 0.195309 0.863276 0.197267 0.876949 0.197267 0.878901 0.195309 0.878901 0.193359 0.880865 0.19141 0.878901 0.189452 0.878901 0.187502 0.874998 0.183594 0.873046 0.183594 0.867192 0.177736 0.86524 0.177736 0.863276 0.175778 0.861325 0.175778 0.859373 0.173829 0.857421 0.173829 0.85547 0.171879 0.853519 0.171879 0.849616 0.167971 0.847651 0.167971 0.8457 0.166013 0.843748 0.166013 0.841797 0.164063 0.839845 0.164063 0.837894 0.162113 0.835943 0.162113
0 0.457033 0.322267 0.455081 0.324217 0.45313 0.324217 0.45313 0.328125 0.451166 0.330074 0.451166 0.333982 0.45313 0.33594 0.45313 0.33789 0.457033 0.341798 0.457033 0.343747 0.462887 0.349613 0.462887 0.351563 0.466803 0.355471 0.466803 0.357421 0.468755 0.359379 0.470706 0.359379 0.472658 0.361328 0.476561 0.361328 0.478512 0.359379 0.478512 0.357421 0.480464 0.355471 0.480464 0.347655 0.478512 0.345706 0.478512 0.343747 0.476561 0.341798 0.476561 0.339848 0.474609 0.33789 0.474609 0.33594 0.472658 0.333982 0.470706 0.333982 0.462887 0.326175 0.460936 0.326175
9 0.941413 0 0.935545 0 0.935545 0 0.933594 0 0.933594 0 0.929691 0 0.929691 0 0.927739 0 0.929691 0 0.931642 0 0.933594 0 0.935545 0.000002 0.937497 0.000002 0.941413 0.00391 0.943364 0.00391 0.945316 0.005859 0.947267 0.005859 0.949218 0.007809 0.95117 0.007809 0.953121 0.009768 0.955073 0.009768 0.958989 0.013675 0.96094 0.013675 0.962892 0.015625 0.966794 0.015625 0.968746 0.017575 0.970698 0.017575 0.972662 0.019533 0.982419 0.019533 0.980468 0.017575 0.980468 0.015625 0.978517 0.013675 0.978517 0.011717 0.976565 0.009768 0.976565 0.007809 0.972662 0.00391 0.972662 0.001952 0.966794 0 0.966794 0 0.96094 0 0.958989 0 0.953121 0 0.95117 0 0.949218 0 0.947267 0 0.945316 0 0.943364 0
10 0 0 0 0 0 0 0 0 0 0 0 0 0 0 0 0 0 0 0 0 0 0 0 0 0 0 0 0 0 0 0 0 0 0 0 0 0 0 0 0 0 0 0.001951 0 0.003903 0 0.005854 0 0.007819 0 0.00977 0.000002 0.011722 0.000002 0.015625 0.00391 0.017576 0.00391 0.019528 0.001952 0.021479 0.00391 0.021479 0.005859 0.023443 0.007809 0.025395 0.007809 0.027346 0.009768 0.029298 0.009768 0.031249 0.011717 0.033201 0.011717 0.037104 0.015625 0.039068 0.015625 0.04102 0.017575 0.042971 0.017575 0.044923 0.015625 0.046874 0.017575 0.046874 0.019533 0.048826 0.021482 0.050777 0.021482 0.052728 0.02344 0.054693 0.021482 0.060547 0.02734 0.062499 0.02734 0.066402 0.031248 0.068353 0.031248 0.070318 0.033206 0.072269 0.033206 0.076172 0.037105 0.078124 0.037105 0.080075 0.039063 0.082026 0.039063 0.083978 0.041013 0.085943 0.041013 0.087894 0.042971 0.089845 0.042971 0.091797 0.044921 0.093748 0.044921 0.097651 0.048829 0.099616 0.048829 0.101567 0.050778 0.103519 0.050778 0.10547 0.052736 0.107421 0.052736 0.109373 0.054686 0.111325 0.054686 0.11524 0.058594 0.117192 0.058594 0.119143 0.060544 0.121095 0.060544 0.123046 0.062502 0.124998 0.062502 0.126949 0.064452 0.128901 0.064452 0.130865 0.06641 0.132817 0.06641 0.13672 0.070309 0.138671 0.070309 0.140622 0.072267 0.142574 0.072267 0.144525 0.074217 0.14649 0.074217 0.148441 0.076175 0.150393 0.076175 0.154296 0.080075 0.156247 0.080075 0.158199 0.082033 0.16015 0.082033 0.162115 0.083982 0.164066 0.083982 0.166018 0.08594 0.167969 0.08594 0.16992 0.08789 0.171872 0.08789 0.175775 0.091798 0.177739 0.091798 0.179691 0.093748 0.181642 0.093748 0.183594 0.095706 0.185545 0.095706 0.187497 0.097656 0.189448 0.097656 0.193364 0.101563 0.195316 0.101563 0.197267 0.103513 0.199219 0.103513 0.20117 0.105471 0.203121 0.105471 0.205073 0.107421 0.207037 0.107421 0.208989 0.109379 0.21094 0.109379 0.214843 0.113278 0.216795 0.113278 0.218746 0.115237 0.220697 0.115237 0.222662 0.117186 0.224613 0.117186 0.226565 0.119144 0.228517 0.119144 0.232419 0.123044 0.234371 0.123044 0.236322 0.125002 0.238287 0.125002 0.240238 0.126952 0.24219 0.126952 0.244141 0.12891 0.246093 0.12891 0.248044 0.130859 0.249996 0.130859 0.253912 0.134768 0.255863 0.134768 0.257814 0.136717 0.261717 0.136717 0.263669 0.138675 0.26562 0.138675 0.269536 0.142574 0.271488 0.142574 0.275391 0.146482 0.277342 0.146482 0.279294 0.14844 0.281245 0.146482 0.283209 0.14844 0.285161 0.14844 0.287113 0.15039 0.289064 0.15039 0.291015 0.15234 0.294918 0.15234 0.29687 0.154298 0.298834 0.154298 0.300786 0.156248 0.300786 0.160155 0.302737 0.160155 0.304689 0.162113 0.30664 0.162113 0.308592 0.164063 0.310543 0.164063 0.314459 0.167971 0.31641 0.167971 0.318362 0.169921 0.320313 0.169921 0.322265 0.171879 0.326168 0.171879 0.328119 0.173829 0.330084 0.173829 0.332035 0.175778 0.335938 0.175778 0.33789 0.177736 0.33789 0.179686 0.339841 0.181644 0.341793 0.181644 0.343744 0.183594 0.345709 0.183594 0.34766 0.185544 0.349611 0.185544 0.353514 0.189452 0.355466 0.189452 0.357417 0.19141 0.359369 0.19141 0.361333 0.193359 0.363285 0.19141 0.363285 0.189452 0.367188 0.185544 0.367188 0.183594 0.369139 0.181644 0.367188 0.181644 0.365236 0.179686 0.363285 0.179686 0.359369 0.175778 0.357417 0.175778 0.355466 0.173829 0.353514 0.173829 0.351563 0.171879 0.349611 0.171879 0.345709 0.167971 0.343744 0.167971 0.341793 0.166013 0.339841 0.166013 0.33789 0.164063 0.335938 0.164063 0.333987 0.162113 0.332035 0.162113 0.328119 0.158206 0.326168 0.158206 0.324216 0.156248 0.322265 0.156248 0.320313 0.154298 0.318362 0.154298 0.31641 0.15234 0.314459 0.15234 0.310543 0.14844 0.308592 0.14844 0.30664 0.146482 0.304689 0.146482 0.302737 0.144532 0.300786 0.144532 0.29687 0.140625 0.294918 0.140625 0.292967 0.138675 0.291015 0.138675 0.289064 0.136717 0.287113 0.136717 0.285161 0.134768 0.283209 0.134768 0.279294 0.130859 0.277342 0.130859 0.275391 0.12891 0.273439 0.12891 0.271488 0.126952 0.269536 0.126952 0.26562 0.123044 0.263669 0.123044 0.261717 0.121094 0.259766 0.121094 0.257814 0.119144 0.255863 0.119144 0.251947 0.115237 0.249996 0.115237 0.248044 0.113278 0.246093 0.113278 0.24219 0.109379 0.240238 0.109379 0.238287 0.107421 0.236322 0.107421 0.232419 0.103513 0.230468 0.103513 0.228517 0.101563 0.226565 0.101563 0.222662 0.097656 0.220697 0.097656 0.218746 0.095706 0.216795 0.095706 0.212892 0.091798 0.21094 0.091798 0.208989 0.08984 0.207037 0.08984 0.203121 0.08594 0.20117 0.08594 0.199219 0.083982 0.197267 0.083982 0.195316 0.082033 0.191412 0.082033 0.189448 0.080075 0.189448 0.078125 0.187497 0.078125 0.183594 0.074217 0.181642 0.076175 0.179691 0.074217 0.175775 0.074217 0.173823 0.072267 0.16992 0.072267 0.167969 0.070309 0.167969 0.06641 0.164066 0.062502 0.162115 0.062502 0.158199 0.06641 0.154296 0.06641 0.152344 0.064452 0.152344 0.058594 0.150393 0.056644 0.150393 0.054686 0.148441 0.054686 0.144525 0.050778 0.140622 0.054686 0.13672 0.050778 0.134768 0.050778 0.130865 0.046879 0.128901 0.046879 0.124998 0.042971 0.124998 0.041013 0.121095 0.037105 0.119143 0.037105 0.117192 0.035155 0.11524 0.035155 0.111325 0.031248 0.109373 0.031248 0.107421 0.029298 0.10547 0.029298 0.103519 0.02734 0.101567 0.02734 0.099616 0.029298 0.097651 0.02734 0.0957 0.02734 0.091797 0.02344 0.089845 0.02344 0.087894 0.021482 0.085943 0.021482 0.083978 0.019533 0.085943 0.017575 0.083978 0.015625 0.080075 0.019533 0.076172 0.015625 0.074221 0.015625 0.068353 0.009768 0.066402 0.009768 0.062499 0.005859 0.062499 0.001952 0.060547 0.00391 0.058596 0.001952 0.056644 0.001952 0.054693 0.000002 0.050777 0.000002 0.048826 0 0.046874 0 0.044923 0 0.044923 0 0.042971 0 0.039068 0 0.035152 0 0.033201 0 0.029298 0 0.027346 0 0.023443 0 0.021479 0 0.019528 0 0.017576 0 0.013673 0 0.011722 0 0.007819 0 0.005854 0 0.005854 0 0.005854 0 0.003903 0 0.001951 0 0 0 0 0 0 0 0 0 0 0 0 0
9 0.054693 0.02344 0.054693 0.02539 0.052728 0.02734 0.052728 0.029298 0.050777 0.031248 0.050777 0.033206 0.048826 0.035155 0.048826 0.037105 0.046874 0.039063 0.046874 0.041013 0.044923 0.042971 0.044923 0.044921 0.042971 0.046879 0.042971 0.048829 0.04102 0.050778 0.04102 0.056644 0.042971 0.058594 0.050777 0.058594 0.052728 0.056644 0.052728 0.054686 0.054693 0.052736 0.054693 0.050778 0.058596 0.046879 0.058596 0.044921 0.062499 0.041013 0.062499 0.039063 0.06445 0.037105 0.06445 0.035155 0.066402 0.033206 0.062499 0.029298 0.060547 0.029298
9 0.466803 0.464848 0.466803 0.48242 0.468755 0.484378 0.468755 0.494144 0.470706 0.496093 0.470706 0.501951 0.472658 0.503909 0.472658 0.507808 0.478512 0.513674 0.478512 0.515625 0.480464 0.515625 0.482428 0.517582 0.486331 0.517582 0.488282 0.519532 0.490234 0.517582 0.496088 0.517582 0.501956 0.511716 0.501956 0.509767 0.503907 0.507808 0.503907 0.501951 0.501956 0.500001 0.501956 0.498044 0.500004 0.496093 0.500004 0.494144 0.498053 0.492186 0.498053 0.490236 0.496088 0.488278 0.496088 0.486328 0.494137 0.484378 0.494137 0.48242 0.486331 0.474613 0.484379 0.474613 0.482428 0.472655 0.480464 0.472655 0.478512 0.470706 0.476561 0.470706 0.474609 0.468747 0.472658 0.468747 0.470706 0.466797 0.468755 0.466797
9 0.810548 0.208982 0.810548 0.21289 0.808596 0.214839 0.808596 0.220706 0.806644 0.222655 0.806644 0.228513 0.804693 0.230471 0.804693 0.23242 0.806644 0.23242 0.808596 0.234379 0.810548 0.234379 0.81445 0.238278 0.816402 0.238278 0.818353 0.240236 0.832026 0.240236 0.833978 0.242186 0.839845 0.242186 0.841797 0.244144 0.861325 0.244144 0.863276 0.242186 0.867192 0.242186 0.863276 0.238278 0.863276 0.236329 0.851567 0.224614 0.849616 0.224614 0.8457 0.220706 0.843748 0.220706 0.841797 0.218748 0.837894 0.218748 0.835943 0.216798 0.832026 0.216798 0.830075 0.214839 0.82422 0.214839 0.822269 0.21289 0.818353 0.21289 0.816402 0.21094 0.812499 0.21094
9 0.171872 0.095706 0.16992 0.097656 0.16992 0.099606 0.167969 0.101563 0.167969 0.103513 0.166018 0.105471 0.166018 0.107421 0.162115 0.111329 0.162115 0.113278 0.16015 0.115237 0.16015 0.117186 0.158199 0.119144 0.158199 0.123044 0.156247 0.125002 0.156247 0.130859 0.154296 0.132809 0.154296 0.144532 0.156247 0.146482 0.16015 0.146482 0.162115 0.144532 0.166018 0.144532 0.171872 0.138675 0.171872 0.132809 0.173823 0.130859 0.173823 0.126952 0.181642 0.119144 0.183594 0.119144 0.183594 0.113278 0.185545 0.111329 0.185545 0.105471 0.187497 0.103513 0.187497 0.099606 0.181642 0.099606 0.179691 0.097656 0.173823 0.097656
9 0.882816 0.078125 0.880865 0.080075 0.880865 0.082033 0.878901 0.083982 0.878901 0.08594 0.876949 0.08789 0.876949 0.08984 0.874998 0.091798 0.874998 0.093748 0.873046 0.095706 0.873046 0.097656 0.871095 0.099606 0.873046 0.099606 0.876949 0.103513 0.878901 0.103513 0.882816 0.107421 0.884768 0.107421 0.888671 0.111329 0.890622 0.111329 0.892574 0.113278 0.894525 0.113278 0.898441 0.117186 0.900393 0.117186 0.904296 0.121094 0.906247 0.121094 0.91015 0.125002 0.912115 0.125002 0.914066 0.126952 0.921872 0.126952 0.923823 0.12891 0.931642 0.12891 0.933594 0.126952 0.933594 0.119144 0.929691 0.115237 0.929691 0.113278 0.921872 0.105471 0.921872 0.103513 0.916017 0.097656 0.916017 0.095706 0.91015 0.08984 0.908199 0.08984 0.902344 0.083982 0.900393 0.083982 0.898441 0.082033 0.89649 0.082033 0.894525 0.080075 0.892574 0.080075 0.890622 0.078125
9 0.578128 0.412113 0.576176 0.414063 0.576176 0.416013 0.574225 0.417971 0.574225 0.423828 0.572261 0.425778 0.572261 0.449216 0.574225 0.451174 0.574225 0.458982 0.576176 0.46094 0.576176 0.466797 0.578128 0.468747 0.578128 0.472655 0.580079 0.474613 0.580079 0.476563 0.582031 0.478512 0.582031 0.48047 0.585934 0.484378 0.587885 0.484378 0.591801 0.488278 0.593753 0.486328 0.595704 0.486328 0.597656 0.484378 0.599607 0.484378 0.599607 0.48242 0.601558 0.48047 0.601558 0.478512 0.60351 0.476563 0.60351 0.455074 0.601558 0.453125 0.601558 0.451174 0.599607 0.449216 0.599607 0.445309 0.597656 0.443359 0.597656 0.441409 0.595704 0.439451 0.595704 0.437501 0.593753 0.435544 0.593753 0.433594 0.591801 0.431643 0.591801 0.429686 0.58985 0.427736 0.58985 0.425778 0.587885 0.423828 0.587885 0.421878 0.585934 0.41992 0.585934 0.417971 0.583982 0.416013 0.582031 0.416013
9 0.798826 0.238278 0.798826 0.242186 0.796874 0.244144 0.796874 0.251952 0.794923 0.25391 0.794923 0.259767 0.792971 0.261716 0.792971 0.265625 0.796874 0.265625 0.798826 0.267574 0.806644 0.267574 0.808596 0.269533 0.810548 0.269533 0.812499 0.271482 0.837894 0.271482 0.839845 0.27344 0.85547 0.27344 0.85547 0.271482 0.857421 0.269533 0.857421 0.267574 0.85547 0.265625 0.85547 0.263675 0.837894 0.246094 0.828124 0.246094 0.826172 0.244144 0.818353 0.244144 0.816402 0.242186 0.810548 0.242186 0.808596 0.240236 0.800777 0.240236
9 0.699223 0.740236 0.693355 0.746093 0.693355 0.748043 0.681647 0.759766 0.681647 0.761716 0.669925 0.773439 0.669925 0.775389 0.662106 0.783205 0.662106 0.785154 0.660154 0.787113 0.660154 0.789062 0.658203 0.791012 0.658203 0.804685 0.660154 0.804685 0.662106 0.806643 0.667974 0.806643 0.669925 0.804685 0.673828 0.804685 0.677731 0.800777 0.679682 0.800777 0.683598 0.796878 0.683598 0.79492 0.689452 0.789062 0.689452 0.787113 0.695307 0.781247 0.695307 0.779297 0.699223 0.775389 0.699223 0.773439 0.703126 0.769532 0.703126 0.767581 0.70898 0.761716 0.70898 0.759766 0.712896 0.755858 0.712896 0.753909 0.714847 0.751951 0.712896 0.751951 0.710932 0.75 0.70898 0.75
9 0.742181 0.33789 0.742181 0.339848 0.74023 0.341798 0.74023 0.343747 0.738278 0.345706 0.738278 0.347655 0.736327 0.349613 0.736327 0.351563 0.734375 0.353513 0.734375 0.355471 0.732424 0.357421 0.732424 0.359379 0.742181 0.359379 0.744146 0.361328 0.746097 0.361328 0.748048 0.363278 0.751951 0.363278 0.753903 0.365236 0.757819 0.365236 0.75977 0.367186 0.765625 0.367186 0.767576 0.369143 0.771479 0.369143 0.773443 0.371094 0.775395 0.371094 0.777347 0.373043 0.781249 0.373043 0.783201 0.375001 0.789068 0.375001 0.791019 0.373043 0.792971 0.373043 0.796874 0.369143 0.796874 0.367186 0.792971 0.363278 0.792971 0.361328 0.783201 0.351563 0.781249 0.351563 0.779298 0.349613 0.777347 0.349613 0.775395 0.347655 0.771479 0.347655 0.769527 0.345706 0.763673 0.345706 0.761722 0.343747 0.757819 0.343747 0.755854 0.341798 0.75 0.341798 0.748048 0.339848 0.744146 0.339848
9 0.156247 0.08789 0.150393 0.093748 0.150393 0.095706 0.144525 0.101563 0.144525 0.103513 0.142574 0.105471 0.142574 0.107421 0.140622 0.109379 0.140622 0.113278 0.138671 0.115237 0.138671 0.117186 0.13672 0.119144 0.13672 0.121094 0.134768 0.123044 0.134768 0.125002 0.132817 0.126952 0.132817 0.12891 0.130865 0.130859 0.130865 0.134768 0.128901 0.136717 0.128901 0.144532 0.130865 0.146482 0.132817 0.144532 0.134768 0.144532 0.154296 0.125002 0.154296 0.123044 0.156247 0.121094 0.156247 0.119144 0.158199 0.117186 0.158199 0.115237 0.16015 0.113278 0.16015 0.111329 0.162115 0.109379 0.162115 0.107421 0.164066 0.105471 0.164066 0.103513 0.166018 0.101563 0.166018 0.099606 0.167969 0.097656 0.167969 0.095706 0.16992 0.093748 0.167969 0.093748 0.166018 0.091798 0.162115 0.091798 0.16015 0.08984 0.158199 0.08984
9 0.261717 0.138675 0.253912 0.146482 0.253912 0.14844 0.24219 0.160155 0.24219 0.162113 0.238287 0.166013 0.238287 0.167971 0.236322 0.169921 0.236322 0.173829 0.234371 0.175778 0.234371 0.181644 0.232419 0.183594 0.232419 0.187502 0.234371 0.189452 0.234371 0.19141 0.238287 0.19141 0.240238 0.193359 0.24219 0.19141 0.248044 0.19141 0.251947 0.187502 0.253912 0.187502 0.259766 0.181644 0.261717 0.181644 0.263669 0.179686 0.263669 0.175778 0.26562 0.173829 0.26562 0.169921 0.267572 0.167971 0.267572 0.166013 0.271488 0.162113 0.271488 0.160155 0.273439 0.158206 0.273439 0.156248 0.275391 0.154298 0.275391 0.15234 0.277342 0.15039 0.277342 0.14844 0.275391 0.14844 0.271488 0.144532 0.269536 0.144532 0.26562 0.140625 0.263669 0.140625
9 0.462887 0.765624 0.462887 0.767581 0.460936 0.769532 0.460936 0.775389 0.458984 0.777347 0.458984 0.779297 0.460936 0.781247 0.462887 0.781247 0.470706 0.789062 0.472658 0.789062 0.476561 0.79297 0.480464 0.79297 0.482428 0.79492 0.486331 0.79492 0.488282 0.796878 0.496088 0.796878 0.498053 0.798828 0.50781 0.798828 0.513678 0.79297 0.513678 0.791012 0.515629 0.789062 0.511713 0.785154 0.511713 0.783205 0.50781 0.779297 0.505859 0.779297 0.501956 0.775389 0.500004 0.775389 0.498053 0.773439 0.496088 0.773439 0.494137 0.771481 0.492185 0.771481 0.488282 0.767581 0.488282 0.765624
0 0.191412 0.708981 0.185545 0.714847 0.185545 0.716797 0.181642 0.720705 0.181642 0.722655 0.179691 0.724613 0.179691 0.73047 0.183594 0.734378 0.185545 0.732419 0.187497 0.732419 0.189448 0.73047 0.189448 0.728512 0.191412 0.726562 0.191412 0.724613 0.193364 0.722655 0.193364 0.720705 0.195316 0.718747 0.195316 0.710939 0.193364 0.710939
9 0.11524 0 0.113276 0 0.111325 0 0.109373 0 0.107421 0 0.097651 0 0.097651 0 0.0957 0.000002 0.0957 0.001952 0.093748 0.00391 0.093748 0.005859 0.091797 0.007809 0.091797 0.009768 0.089845 0.011717 0.089845 0.013675 0.087894 0.015625 0.087894 0.017575 0.085943 0.019533 0.087894 0.019533 0.089845 0.021482 0.091797 0.021482 0.0957 0.02539 0.097651 0.02539 0.099616 0.02734 0.10547 0.021482 0.10547 0.019533 0.111325 0.013675 0.111325 0.011717 0.113276 0.009768 0.113276 0.005859 0.11524 0.00391 0.11524 0.001952 0.117192 0.000002 0.117192 0 0.119143 0 0.119143 0 0.117192 0 0.117192 0
9 0.216795 0.117186 0.214843 0.119144 0.212892 0.119144 0.21094 0.121094 0.208989 0.121094 0.208989 0.123044 0.207037 0.125002 0.207037 0.126952 0.205073 0.12891 0.205073 0.130859 0.203121 0.132809 0.203121 0.134768 0.20117 0.136717 0.20117 0.138675 0.199219 0.140625 0.199219 0.144532 0.197267 0.146482 0.197267 0.164063 0.199219 0.166013 0.199219 0.169921 0.205073 0.169921 0.207037 0.167971 0.208989 0.167971 0.218746 0.158206 0.218746 0.156248 0.220697 0.154298 0.220697 0.15234 0.222662 0.15039 0.222662 0.14844 0.224613 0.146482 0.224613 0.142574 0.226565 0.140625 0.226565 0.134768 0.228517 0.132809 0.228517 0.126952 0.230468 0.125002 0.230468 0.123044 0.228517 0.123044 0.226565 0.121094 0.222662 0.121094 0.220697 0.119144 0.218746 0.119144
9 0.54883 0.417971 0.542963 0.423828 0.542963 0.425778 0.541011 0.427736 0.541011 0.429686 0.53906 0.431643 0.53906 0.470706 0.541011 0.472655 0.541011 0.474613 0.544927 0.478512 0.544927 0.48047 0.550781 0.486328 0.550781 0.488278 0.552733 0.490236 0.554684 0.488278 0.570309 0.488278 0.570309 0.476563 0.568357 0.474613 0.568357 0.46094 0.566406 0.458982 0.566406 0.453125 0.564455 0.451174 0.564455 0.445309 0.562503 0.443359 0.562503 0.437501 0.560552 0.435544 0.560552 0.429686 0.5586 0.427736 0.5586 0.423828 0.556636 0.421878 0.556636 0.41992 0.554684 0.41992 0.552733 0.417971
9 0.994141 0.703124 0.99219 0.705082 0.990238 0.705082 0.988287 0.707032 0.988287 0.708981 0.984371 0.712889 0.984371 0.714847 0.982419 0.716797 1 0.740236 1 0.740236 1 0.742185 1 0.742185 1 0.744143 1 0.744143 1 0.746093 1 0.746093 1 0.744143 1 0.742185 1 0.740236 1 0.736328 1 0.732419 1 0.73047 1 0.722655 1 0.720705 1 0.707032 1 0.707032 1 0.705082 0.998044 0.705082 0.996093 0.703124
9 0.37109 0.117186 0.37109 0.119144 0.369139 0.121094 0.369139 0.123044 0.367188 0.125002 0.367188 0.126952 0.365236 0.12891 0.365236 0.130859 0.363285 0.132809 0.363285 0.134768 0.361333 0.136717 0.361333 0.138675 0.357417 0.142574 0.357417 0.144532 0.355466 0.146482 0.355466 0.15039 0.353514 0.15234 0.353514 0.158206 0.355466 0.160155 0.355466 0.166013 0.365236 0.166013 0.369139 0.162113 0.37109 0.162113 0.373042 0.160155 0.373042 0.158206 0.37891 0.15234 0.37891 0.15039 0.384764 0.144532 0.384764 0.142574 0.386715 0.140625 0.386715 0.134768 0.388666 0.132809 0.388666 0.126952 0.386715 0.126952 0.384764 0.125002 0.382812 0.125002 0.37891 0.121094 0.376958 0.121094 0.375006 0.119144 0.373042 0.119144