0 0.7168 0.138671 0.71289 0.142574 0.71289 0.144535 0.70703 0.150389 0.70703 0.158205 0.722661 0.173825 0.724611 0.171874 0.738283 0.171874 0.740233 0.169922 0.751954 0.169922 0.753905 0.167971 0.767576 0.167971 0.769527 0.16602 0.771486 0.16602 0.773437 0.164059 0.775387 0.164059 0.779298 0.160156 0.781248 0.160156 0.783208 0.158205 0.785158 0.158205 0.785158 0.146486 0.783208 0.144535 0.783208 0.142574 0.777347 0.142574 0.775387 0.140623 0.769527 0.140623 0.767576 0.138671
0 0.005858 0.248047 0.003908 0.249998 0 0.249998 0 0.25195 0 0.25195 0 0.253911 0 0.253911 0 0.255863 0 0.255863 0 0.263668 0 0.265629 0 0.273435 0 0.275386 0 0.279299 0 0.28125 0 0.283202 0 0.283202 0 0.285153 0 0.285153 0 0.287114 0 0.285153 0 0.285153 0 0.283202 0 0.283202 0 0.28125 0 0.28125 0 0.279299 0 0.279299 0.001957 0.277347 0.011719 0.277347 0.013669 0.275386 0.02148 0.275386 0.031251 0.265629 0.031251 0.255863 0.0293 0.253911 0.027341 0.253911 0.02148 0.248047
0 0.917974 0.130856 0.916013 0.132817 0.914063 0.132817 0.912113 0.134768 0.910153 0.134768 0.908203 0.13672 0.906252 0.13672 0.904293 0.138671 0.902342 0.138671 0.900392 0.140623 0.898441 0.140623 0.898441 0.146486 0.896481 0.148438 0.896481 0.154302 0.908203 0.16602 0.910153 0.164059 0.964839 0.164059 0.966799 0.16602 0.980471 0.16602 0.982421 0.164059 0.982421 0.162107 0.986331 0.158205 0.986331 0.150389 0.984371 0.148438 0.984371 0.146486 0.982421 0.144535 0.982421 0.142574 0.980471 0.140623 0.97852 0.140623 0.97461 0.13672 0.97266 0.13672 0.968749 0.132817 0.951168 0.132817 0.949217 0.134768 0.947267 0.132817 0.919923 0.132817
0 0.128902 0.242183 0.126952 0.244144 0.123052 0.244144 0.121092 0.246095 0.115231 0.246095 0.113281 0.248047 0.10937 0.248047 0.10937 0.253911 0.10742 0.255863 0.10742 0.263668 0.10937 0.265629 0.10937 0.269532 0.111331 0.271483 0.113281 0.271483 0.119141 0.277347 0.167967 0.277347 0.169918 0.275386 0.171877 0.275386 0.175778 0.271483 0.177738 0.271483 0.181639 0.267581 0.183589 0.267581 0.183589 0.259765 0.181639 0.257814 0.181639 0.253911 0.173828 0.246095 0.152345 0.246095 0.150394 0.244144 0.130862 0.244144
0 0 0.181641 0 0.183592 0 0.183592 0 0.185544 0 0.185544 0 0.187505 0 0.187505 0 0.197261 0 0.199223 0 0.201174 0 0.203126 0 0.205077 0 0.207029 0 0.20898 0 0.210941 0 0.212893 0 0.214844 0 0.216795 0 0.218747 0 0.220708 0 0.220708 0 0.222659 0 0.220708 0 0.220708 0 0.218747 0 0.218747 0 0.216795 0 0.216795 0.001957 0.214844 0.005858 0.214844 0.005858 0.205077 0.003908 0.203126 0.003908 0.197261 0.001957 0.19531 0.001957 0.191408 0 0.191408 0 0.189456 0 0.189456 0 0.187505 0 0.187505 0 0.185544 0 0.185544 0 0.183592 0 0.183592
0 0.214842 0.226562 0.208982 0.232426 0.207032 0.232426 0.203121 0.236329 0.203121 0.240232 0.201171 0.242183 0.201171 0.249998 0.203121 0.25195 0.203121 0.255863 0.205081 0.255863 0.207032 0.257814 0.208982 0.257814 0.210942 0.259765 0.212892 0.259765 0.214842 0.261716 0.216793 0.261716 0.218752 0.263668 0.2793 0.263668 0.2793 0.261716 0.28125 0.259765 0.28125 0.257814 0.2832 0.255863 0.2832 0.253911 0.285161 0.25195 0.285161 0.248047 0.2832 0.246095 0.2832 0.242183 0.28125 0.240232 0.28125 0.23828 0.2793 0.236329 0.2793 0.234377 0.277339 0.232426 0.277339 0.230465 0.244136 0.230465 0.242186 0.228514 0.216793 0.228514
0 0.955078 0.101565 0.951168 0.105468 0.949217 0.105468 0.945316 0.109371 0.943357 0.109371 0.941406 0.111332 0.941406 0.121099 0.943357 0.12305 0.943357 0.125001 0.947267 0.128904 0.947267 0.130856 0.949217 0.132817 0.951168 0.130856 0.976561 0.130856 0.97852 0.132817 0.992192 0.132817 0.994142 0.134768 1 0.134768 1 0.13672 1 0.134768 1 0.134768 1 0.132817 1 0.130856 1 0.128904 1 0.126953 1 0.117186 1 0.115235 1 0.113284 1 0.111332 1 0.109371 1 0.109371 1 0.107419 0.992192 0.107419 0.990232 0.105468 0.97461 0.105468 0.97266 0.103516 0.957028 0.103516
0 0.492185 0.162107 0.490234 0.164059 0.470702 0.164059 0.466801 0.167971 0.464842 0.167971 0.462891 0.169922 0.462891 0.171874 0.46094 0.173825 0.46094 0.175777 0.458981 0.177738 0.458981 0.181641 0.46094 0.183592 0.46094 0.187505 0.462891 0.189456 0.462891 0.191408 0.466801 0.19531 0.466801 0.197261 0.468752 0.199223 0.468752 0.201174 0.470702 0.203126 0.517578 0.203126 0.519527 0.205077 0.5332 0.191408 0.5332 0.183592 0.535159 0.181641 0.535159 0.175777 0.5332 0.173825 0.5332 0.171874 0.531249 0.169922 0.531249 0.167971 0.529298 0.16602 0.529298 0.164059 0.527349 0.162107
0 0.677736 0.150389 0.675786 0.152341 0.658204 0.152341 0.656253 0.154302 0.636721 0.154302 0.63086 0.160156 0.62891 0.160156 0.625 0.164059 0.625 0.177738 0.63086 0.177738 0.632811 0.17969 0.636721 0.17969 0.638671 0.181641 0.640622 0.17969 0.685547 0.17969 0.685547 0.177738 0.687497 0.175777 0.687497 0.173825 0.689457 0.171874 0.689457 0.169922 0.691408 0.167971 0.691408 0.154302 0.687497 0.154302 0.685547 0.152341 0.679686 0.152341
0 0.599607 0.154302 0.597657 0.156253 0.582035 0.156253 0.580075 0.158205 0.566403 0.158205 0.564453 0.160156 0.548831 0.160156 0.546871 0.162107 0.546871 0.164059 0.54102 0.169922 0.54102 0.171874 0.53906 0.173825 0.53906 0.181641 0.53711 0.183592 0.53711 0.189456 0.53906 0.189456 0.54102 0.191408 0.54297 0.191408 0.54492 0.193359 0.546871 0.193359 0.548831 0.19531 0.550781 0.193359 0.576174 0.193359 0.578125 0.191408 0.605468 0.191408 0.617189 0.17969 0.617189 0.171874 0.615238 0.169922 0.615238 0.167971 0.613278 0.16602 0.613278 0.164059 0.611328 0.162107 0.611328 0.160156 0.609378 0.158205 0.609378 0.156253 0.601567 0.156253
0 0.808591 0.142574 0.806641 0.144535 0.80469 0.144535 0.802731 0.146486 0.80078 0.146486 0.79883 0.148438 0.796879 0.148438 0.794919 0.150389 0.792969 0.150389 0.791018 0.152341 0.789059 0.152341 0.789059 0.158205 0.791018 0.160156 0.791018 0.16602 0.80078 0.175777 0.802731 0.173825 0.80469 0.173825 0.806641 0.171874 0.865237 0.171874 0.871098 0.16602 0.873048 0.16602 0.876949 0.162107 0.873048 0.158205 0.873048 0.156253 0.869138 0.152341 0.867188 0.152341 0.865237 0.150389 0.863277 0.150389 0.859377 0.146486 0.857426 0.146486 0.855466 0.144535 0.810551 0.144535