0 0 0.361327 0 0.365235 0 0.39453 0 0.398438 0.013673 0.398438 0.013673 0.396485 0.015626 0.39453 0.015626 0.367188 0.013673 0.365235 0.013673 0.363283 0.01172 0.363283 0.009767 0.361327
12 0.179687 0.98047 0.177734 0.982423 0 0.982423 0.177734 0.982423
0 0.066407 0.322265 0.064454 0.32422 0.062501 0.32422 0.062501 0.326172 0.060548 0.328125 0.060548 0.351562 0.064454 0.355467 0.080078 0.355467 0.080078 0.32422 0.078125 0.322265
0 0.044921 0.363283 0.041015 0.367188 0.041015 0.392577 0.042968 0.39453 0.042968 0.396485 0.044921 0.396485 0.046874 0.39453 0.056642 0.39453 0.058595 0.392577 0.058595 0.367188 0.056642 0.365235 0.054686 0.365235 0.052733 0.363283
0 0.064454 0.365235 0.062501 0.367188 0.062501 0.392577 0.066407 0.396485 0.080078 0.396485 0.082031 0.39453 0.082031 0.367188 0.080078 0.365235
13 0.310547 0.53711 0.308594 0.539062 0.222656 0.539062 0.222656 0.617188 0.224609 0.61914 0.224609 0.697265 0.3125 0.697265 0.314453 0.699217 0.314453 0.660155 0.3125 0.658202 0.3125 0.578125 0.310547 0.576173
0 0.023438 0.316405 0.021485 0.31836 0.021485 0.320312 0.019532 0.322265 0.019532 0.351562 0.021485 0.353515 0.021485 0.355467 0.025391 0.359375 0.03125 0.359375 0.033203 0.357423 0.035156 0.357423 0.039062 0.353515 0.039062 0.322265 0.037109 0.320312 0.037109 0.31836 0.035156 0.316405
13 0.171875 0.539062 0.169922 0.541015 0.078125 0.541015 0.078125 0.697265 0.123047 0.697265 0.125 0.699217 0.167969 0.699217 0.169922 0.701172 0.169922 0.621095 0.171875 0.61914
0 0.064454 0.21875 0.060548 0.222658 0.060548 0.25 0.064454 0.253905 0.076172 0.253905 0.078125 0.251952 0.080078 0.251952 0.080078 0.236327 0.078125 0.234375 0.078125 0.220702 0.076172 0.220702 0.074219 0.21875
0 0.042968 0.322265 0.041015 0.32422 0.041015 0.33789 0.042968 0.339842 0.042968 0.359375 0.056642 0.359375 0.058595 0.357423 0.058595 0.32422 0.056642 0.322265
0 0.076172 0.451173 0.074219 0.453125 0.070313 0.453125 0.070313 0.46875 0.06836 0.470702 0.06836 0.486327 0.072266 0.486327 0.074219 0.48828 0.080078 0.48828 0.080078 0.478515 0.082031 0.476562 0.082031 0.464845 0.083984 0.46289 0.083984 0.45703 0.078125 0.451173
0 0.062501 0.451173 0.060548 0.453125 0.048827 0.453125 0.048827 0.48828 0.056642 0.48828 0.058595 0.486327 0.060548 0.486327 0.062501 0.484375 0.064454 0.484375 0.064454 0.46875 0.062501 0.466798
12 0.179687 0.982423 0.177734 0.984375 0 0.984375 0 0.986328 0 0.986328 0 0.988283 0 0.988283 0 1 0 1 0 1 0 1 0 1 0 1 0 1 0 1 0 1 0 1 0 1 0 1 0.197267 1 0.197267 1 0.195314 1 0.195314 1 0.193358 1 0.193358 1 0.191405 1 0.191405 1 0.189452 1 0.189452 1 0.187499 1 0.187499 1 0.185546 1 0.185546 1 0.183593 1 0.183593 1 0.18164 1 0.18164 1 0.179687 1
0 0.511718 0.55078 0.509765 0.552735 0.509765 0.554688 0.507812 0.55664 0.507812 0.58789 0.509765 0.589842 0.509765 0.591797 0.511718 0.59375 0.525392 0.59375 0.527345 0.591797 0.529298 0.591797 0.529298 0.589842 0.531251 0.58789 0.531251 0.574217 0.529298 0.572265 0.529298 0.552735 0.527345 0.552735 0.525392 0.55078
0 0.013673 0.451173 0.01172 0.453125 0.009767 0.453125 0.009767 0.470702 0.007814 0.472655 0.007814 0.490235 0.021485 0.490235 0.021485 0.47461 0.023438 0.472655 0.023438 0.455078 0.021485 0.453125 0.021485 0.451173
4 0.80078 0.535155 0.80078 0.71875 0.923828 0.71875 0.923828 0.63086 0.921875 0.628908 0.921875 0.535155
0 0.091796 0.451173 0.091796 0.486327 0.093749 0.486327 0.095702 0.48828 0.10547 0.48828 0.107423 0.486327 0.109376 0.486327 0.109376 0.453125 0.107423 0.453125 0.10547 0.451173
2 0.66797 0.816405 0.666017 0.81836 0.515624 0.81836 0.513671 0.820312 0.363281 0.820312 0.363281 0.828125 0.361328 0.830078 0.361328 0.84375 0.359375 0.845703 0.359375 0.859375 0.357422 0.861328 0.357422 0.875 0.355469 0.876952 0.355469 0.890625 0.353516 0.892577 0.353516 0.90625 0.351563 0.908203 0.351563 0.921875 0.34961 0.923828 0.34961 0.9375 0.347657 0.939453 0.347657 0.953125 0.345704 0.955077 0.345704 0.96875 0.343751 0.970702 0.343751 0.984375 0.341798 0.986328 0.341798 1 0.339845 1 0.339845 1 0.337892 1 0.337892 1 0.335936 1 0.335936 1 0.333983 1 0.333983 1 0.33203 1 0.33203 1 0.333983 1 0.335936 1 0.339845 1 0.355469 1 0.357422 1 0.371093 1 0.373046 1 0.376952 1 0.378905 1 0.382814 1 0.384767 1 0.388673 1 0.390626 1 0.394532 1 0.396485 1 0.400391 1 0.402344 1 0.40625 1 0.408203 1 0.412109 1 0.414062 1 0.429686 1 0.431642 1 0.449219 1 0.451172 1 0.466796 1 0.468749 1 0.470702 1 0.48047 1 0.482423 1 0.494141 1 0.496094 1 0.505859 1 0.507812 1 0.517577 1 0.51953 1 0.529298 1 0.531251 1 0.541016 1 0.542969 1 0.550781 1 0.552734 1 0.560546 1 0.562499 1 0.570314 1 0.572267 1 0.580079 1 0.583985 1 0.585938 1 0.59375 1 0.595703 1 0.601562 1 0.603515 1 0.611327 1 0.61328 1 0.623048 1 0.625001 1 0.636719 1 0.638672 1 0.65039 1 0.652343 1 0.660155 1 0.660155 1 0.662108 1 0.662108 1 0.664064 1 0.664064 1 0.666017 1 0.666017 1 0.66797 1 0.66797 0.998048 0.669923 0.996095 0.669923 0.99414 0.673829 0.990235 0.673829 0.988283 0.675782 0.986328 0.675782 0.984375 0.677735 0.982423 0.677735 0.98047 0.679688 0.978515 0.679688 0.976562 0.681641 0.97461 0.681641 0.972655 0.683594 0.970702 0.683594 0.96875 0.685547 0.966797 0.685547 0.90039 0.683594 0.898438 0.683594 0.88086 0.681641 0.878905 0.681641 0.867188 0.679688 0.865235 0.679688 0.859375 0.677735 0.857422 0.677735 0.851562 0.675782 0.84961 0.675782 0.84375 0.673829 0.841798 0.673829 0.835938 0.671876 0.833985 0.671876 0.828125 0.669923 0.826173 0.669923 0.820312 0.66797 0.81836
0 0 0.451173 0 0.455078 0 0.455078 0 0.46875 0 0.470702 0 0.486327 0 0.486327 0 0.48828 0 0.486327 0.003905 0.486327 0.003905 0.472655 0.001952 0.470702 0.001952 0.453125 0 0.453125 0 0.451173
0 0.042968 0.21875 0.039062 0.222658 0.039062 0.23828 0.041015 0.240235 0.041015 0.257812 0.044921 0.257812 0.046874 0.259765 0.054686 0.259765 0.058595 0.25586 0.058595 0.222658 0.056642 0.220702 0.056642 0.21875
0 0.021485 0.220702 0.019532 0.222658 0.017579 0.222658 0.017579 0.22461 0.015626 0.226562 0.015626 0.240235 0.017579 0.242188 0.017579 0.253905 0.019532 0.25586 0.019532 0.257812 0.021485 0.259765 0.033203 0.259765 0.035156 0.257812 0.035156 0.240235 0.033203 0.23828 0.033203 0.22461 0.029297 0.220702
0 0.326171 0.24414 0.326171 0.246092 0.324218 0.248048 0.324218 0.26172 0.326171 0.263673 0.326171 0.279298 0.328124 0.279298 0.330077 0.28125 0.337892 0.28125 0.339845 0.279298 0.341798 0.279298 0.343751 0.277342 0.343751 0.246092 0.341798 0.24414
0 0.029297 0.455078 0.029297 0.470702 0.027344 0.472655 0.027344 0.48828 0.03125 0.492188 0.042968 0.492188 0.042968 0.45703 0.041015 0.455078
13 0 0.541015 0 0.580078 0 0.582033 0 0.660155 0 0.66211 0 0.701172 0.021485 0.701172 0.023438 0.703125 0.023438 0.623047 0.025391 0.621095 0.025391 0.541015
13 0.365234 0.539062 0.365234 0.617188 0.367187 0.61914 0.367187 0.697265 0.457031 0.697265 0.457031 0.658202 0.455078 0.65625 0.455078 0.580078 0.453125 0.578125 0.453125 0.539062
0 0.001952 0.31836 0 0.320312 0 0.322265 0 0.32422 0 0.33789 0 0.339842 0 0.353515 0.003905 0.357423 0.013673 0.357423 0.017579 0.353515 0.017579 0.32422 0.015626 0.322265 0.015626 0.320312 0.013673 0.31836
4 0.656249 0.533203 0.656249 0.626953 0.654296 0.628908 0.654296 0.720702 0.656249 0.71875 0.777344 0.71875 0.777344 0.535155 0.658202 0.535155
0 0.109376 0.220702 0.10547 0.22461 0.10547 0.236327 0.107423 0.23828 0.107423 0.25 0.111329 0.253905 0.121094 0.253905 0.123047 0.251952 0.123047 0.25 0.125 0.248048 0.125 0.236327 0.123047 0.234375 0.123047 0.22461 0.119141 0.220702
0 0.019532 0.363283 0.019532 0.367188 0.017579 0.36914 0.017579 0.38086 0.019532 0.382812 0.019532 0.39453 0.023438 0.398438 0.033203 0.398438 0.037109 0.39453 0.037109 0.38086 0.035156 0.378905 0.035156 0.363283
0 0.085937 0.21875 0.082031 0.222658 0.082031 0.234375 0.083984 0.236327 0.083984 0.248048 0.085937 0.25 0.089843 0.25 0.091796 0.248048 0.099608 0.248048 0.099608 0.236327 0.097655 0.234375 0.097655 0.21875
0 0.285155 0.24414 0.281249 0.248048 0.281249 0.259765 0.283202 0.26172 0.283202 0.277342 0.285155 0.277342 0.287108 0.279298 0.29297 0.279298 0.294923 0.277342 0.296876 0.277342 0.296876 0.27539 0.298829 0.273438 0.298829 0.26172 0.296876 0.259765 0.296876 0.246092 0.294923 0.24414
0 0.306641 0.246092 0.302735 0.25 0.302735 0.277342 0.304688 0.279298 0.320312 0.279298 0.320312 0.246092
14 0 0.75 0 0.751953 0 0.751953 0 0.753908 0 0.753908 0 0.75586 0 0.75586 0 0.757812 0 0.757812 0 0.759765 0 0.759765 0 0.76172 0 0.76172 0 0.763673 0 0.763673 0 0.765625 0 0.765625 0 0.767578 0 0.767578 0 0.76953 0 0.76953 0 0.771485 0 0.771485 0 0.773438 0 0.773438 0 0.77539 0 0.77539 0 0.777342 0 0.777342 0 0.779297 0 0.779297 0 0.78125 0 0.78125 0 0.783203 0 0.783203 0 0.785158 0 0.785158 0 0.78711 0 0.78711 0 0.789062 0 0.789062 0 0.791015 0 0.791015 0 0.79297 0 0.79297 0 0.794922 0 0.794922 0 0.796875 0 0.796875 0 0.798827 0 0.798827 0 0.80078 0 0.80078 0 0.802735 0 0.802735 0 0.804688 0 0.804688 0 0.80664 0 0.80664 0 0.810547 0 0.8125 0 0.822265 0 0.82422 0 0.832033 0 0.833985 0 0.841798 0 0.84375 0 0.853515 0 0.855467 0 0.861328 0 0.863283 0 0.865235 0 0.867188 0 0.871095 0 0.873047 0 0.875 0 0.876952 0 0.878905 0 0.88086 0 0.884765 0 0.886717 0 0.888672 0 0.890625 0 0.89453 0 0.896485 0 0.898438 0 0.90039 0 0.902345 0 0.908203 0 0.910158 0 0.919923 0 0.921875 0 0.93164 0 0.933592 0 0.94336 0 0.945312 0 0.955077 0 0.95703 0 0.970702 0 0.972655 0 1 0 1 0 1 0 1 0 1 0 1 0 1 0 1 0 1 0 1 0 1 0 1 0 1 0 1 0 1 0 1 0 1 0 1 0 1 0 1 0 1 0 1 0 1 0 1 0 1 0 1 0 1 0 1 0 1 0 1 0 1 0 1 0 1 0 1 0 1 0 1 0 1 0 1 0 1 0 1 0 1 0 1 0 1 0 1 0 1 0 1 0 1 0 1 0 1 0 1 0 1 0 1 0 1 0 1 0 1 0 1 0 1 0 1 0 1 0 1 0 1 0 1 0 1 0 1 0 1 0 1 0 1 0 1 0 1 0 1 0 1 0 1 0 1 0 1 0 1 0 1 0 1 0 1 0 1 0 1 0 1 0 1 0 1 0 1 0 1 0 1 0 1 0 1 0 1 0 1 0 1 0.009767 1 0.01172 1 0.023438 1 0.025391 1 0.035156 1 0.037109 1 0.048827 1 0.05078 1 0.060548 1 0.062501 1 0.072266 1 0.074219 1 0.085937 1 0.08789 1 0.097655 1 0.099608 1 0.101564 1 0.103517 1 0.10547 1 0.107423 1 0.109376 1 0.111329 1 0.113282 1 0.117188 1 0.119141 1 0.121094 1 0.123047 1 0.125 1 0.126953 1 0.128906 1 0.130859 1 0.132812 1 0.134765 1 0.136718 1 0.138671 1 0.140624 1 0.142577 1 0.146483 1 0.148436 1 0.150392 1 0.152345 1 0.154298 1 0.156251 1 0.158204 1 0.160157 1 0.16211 1 0.164063 1 0.166016 1 0.167969 1 0.169922 1 0.171875 1 0.175781 1 0.177734 1 0.179687 1 0.18164 1 0.183593 1 0.185546 1 0.187499 1 0.189452 1 0.191405 1 0.195314 1 0.197267 1 0.19922 1 0.201173 1 0.205079 1 0.207032 1 0.210938 1 0.212891 1 0.212891 1 0.21875 1 0.21875 1 0.224609 1 0.224609 1 0.228515 1 0.228515 1 0.234374 1 0.234374 1 0.23828 1 0.23828 1 0.244142 1 0.244142 1 0.250001 1 0.250001 1 0.251954 1 0.251954 1 0.253907 1 0.253907 1 0.25586 1 0.25586 1 0.257813 1 0.257813 1 0.259766 1 0.259766 1 0.261719 1 0.261719 1 0.263672 1 0.263672 1 0.265625 1 0.265625 1 0.267578 1 0.267578 1 0.269531 1 0.269531 1 0.271484 1 0.271484 1 0.273437 1 0.273437 1 0.27539 1 0.27539 1 0.277343 1 0.277343 1 0.279296 1 0.279296 1 0.277343 1 0.277343 1 0.27539 1 0.27539 1 0.273437 1 0.273437 1 0.271484 1 0.271484 1 0.269531 1 0.269531 1 0.267578 1 0.267578 1 0.265625 1 0.265625 1 0.263672 1 0.263672 1 0.261719 1 0.261719 0.998048 0.259766 0.996095 0.259766 0.970702 0.257813 0.96875 0.257813 0.94336 0.25586 0.941408 0.25586 0.929688 0.253907 0.927735 0.253907 0.92578 0.248048 0.919923 0.248048 0.91797 0.244142 0.914062 0.244142 0.91211 0.240233 0.908203 0.240233 0.90625 0.234374 0.90039 0.234374 0.898438 0.230468 0.89453 0.230468 0.892577 0.224609 0.886717 0.224609 0.884765 0.216797 0.876952 0.216797 0.875 0.208985 0.867188 0.208985 0.865235 0.201173 0.857422 0.201173 0.855467 0.195314 0.84961 0.195314 0.847655 0.187499 0.839845 0.187499 0.83789 0.179687 0.830078 0.179687 0.828125 0.175781 0.82422 0.173828 0.82422 0.169922 0.820312 0.167969 0.820312 0.164063 0.816405 0.16211 0.816405 0.158204 0.8125 0.156251 0.8125 0.152345 0.808592 0.150392 0.808592 0.146483 0.804688 0.14453 0.804688 0.142577 0.802735 0.140624 0.802735 0.136718 0.798827 0.134765 0.798827 0.130859 0.794922 0.128906 0.794922 0.125 0.791015 0.123047 0.791015 0.119141 0.78711 0.117188 0.78711 0.113282 0.783203 0.111329 0.783203 0.109376 0.78125 0.107423 0.78125 0.103517 0.777342 0.101564 0.777342 0.097655 0.773438 0.095702 0.773438 0.091796 0.76953 0.089843 0.76953 0.085937 0.765625 0.083984 0.765625 0.080078 0.76172 0.078125 0.76172 0.076172 0.759765 0.06836 0.759765 0.066407 0.757812 0.060548 0.757812 0.058595 0.75586 0.05078 0.75586 0.048827 0.753908 0.042968 0.753908 0.041015 0.751953 0.033203 0.751953 0.03125 0.75