0 0.503905 0.048827 0.501953 0.05078 0.501953 0.052734 0.500001 0.054688 0.500001 0.056642 0.498046 0.058595 0.498046 0.060545 0.500001 0.062499 0.500001 0.064452 0.503905 0.064452 0.505861 0.062499 0.505861 0.058595 0.507813 0.056642 0.507813 0.052734
0 0.874999 0.51172 0.873047 0.51367 0.874999 0.515624 0.874999 0.517577 0.876952 0.519531 0.876952 0.521485 0.878907 0.523439 0.880859 0.523439 0.884767 0.519531 0.876952 0.51172
0 0.388673 0.478515 0.386718 0.480469 0.386718 0.482423 0.384766 0.484376 0.384766 0.486326 0.386718 0.486326 0.388673 0.48828 0.39453 0.482423 0.39453 0.480469 0.392578 0.478515
0 0.878907 0.505859 0.876952 0.507813 0.876952 0.509767 0.880859 0.51367 0.882811 0.51367 0.884767 0.515624 0.886719 0.51367 0.886719 0.51172 0.880859 0.505859
0 0 0.482423 0 0.490234 0.003908 0.490234 0.003908 0.484376 0.001952 0.482423
0 0.689452 0.11133 0.689452 0.113279 0.691408 0.115233 0.691408 0.117187 0.69336 0.117187 0.695312 0.11914 0.697264 0.11914 0.69922 0.121094 0.701172 0.121094 0.701172 0.117187 0.697264 0.113279 0.695312 0.113279 0.69336 0.11133
0 0.031251 0.484376 0.031251 0.486326 0.029296 0.48828 0.029296 0.494141 0.031251 0.496095 0.031251 0.498048 0.035156 0.498048 0.035156 0.490234 0.037108 0.48828 0.035156 0.486326 0.035156 0.484376
0 0.410157 0.06836 0.40625 0.072267 0.404298 0.072267 0.404298 0.074217 0.40625 0.076171 0.40625 0.082032 0.408202 0.082032 0.410157 0.083986 0.41211 0.083986 0.414062 0.082032 0.414062 0.074217 0.41211 0.072267 0.41211 0.070314
0 0.771484 0.396483 0.771484 0.402345 0.775391 0.406252 0.781251 0.406252 0.779296 0.404298 0.779296 0.402345 0.775391 0.398437 0.775391 0.396483
11 0.839843 0.156249 0.835939 0.160156 0.835939 0.16211 0.830079 0.167967 0.833984 0.167967 0.835939 0.169921 0.837891 0.169921 0.839843 0.171875 0.843751 0.171875 0.845703 0.173828 0.845703 0.171875 0.847656 0.169921 0.847656 0.167967 0.849611 0.166018 0.849611 0.164064 0.851563 0.16211 0.849611 0.16211 0.847656 0.160156 0.845703 0.160156 0.843751 0.158203 0.841796 0.158203
0 0.818359 0.451171 0.816407 0.453125 0.814452 0.453125 0.814452 0.455079 0.8125 0.457033 0.8125 0.458986 0.814452 0.460936 0.814452 0.46289 0.816407 0.464843 0.816407 0.466797 0.818359 0.468751 0.822267 0.468751 0.824219 0.470704 0.826172 0.468751 0.826172 0.46289 0.824219 0.460936 0.824219 0.458986 0.822267 0.457033 0.822267 0.455079
0 0.39453 0.234373 0.392578 0.236327 0.392578 0.240234 0.39453 0.242188 0.396486 0.242188 0.398438 0.244142 0.40039 0.244142 0.402342 0.246096 0.404298 0.244142 0.40625 0.244142 0.408202 0.242188 0.408202 0.240234 0.40625 0.238281 0.404298 0.238281 0.402342 0.236327 0.40039 0.236327 0.398438 0.234373
0 0.511717 0.035155 0.511717 0.037108 0.509765 0.039062 0.509765 0.046873 0.513673 0.046873 0.513673 0.044923 0.515625 0.04297 0.515625 0.037108 0.513673 0.035155
0 0.388673 0.009765 0.388673 0.019533 0.390626 0.021483 0.390626 0.023436 0.392578 0.02539 0.396486 0.02539 0.396486 0.017579 0.39453 0.015626 0.39453 0.013672 0.392578 0.011718 0.392578 0.009765
0 0.345702 0.289061 0.34375 0.291015 0.34375 0.294922 0.34961 0.294922 0.351562 0.296876 0.35547 0.296876 0.35547 0.292969 0.351562 0.292969 0.34961 0.291015 0.347658 0.291015
0 0.052735 0.472658 0.05078 0.474608 0.046876 0.474608 0.046876 0.480469 0.05078 0.480469 0.052735 0.482423 0.054688 0.480469 0.060548 0.480469 0.060548 0.478515 0.0625 0.476562 0.0625 0.474608 0.060548 0.472658
0 0.392578 0.150392 0.388673 0.154295 0.388673 0.156249 0.386718 0.158203 0.386718 0.16211 0.388673 0.164064 0.390626 0.164064 0.392578 0.16211 0.392578 0.160156 0.39453 0.158203 0.39453 0.156249 0.396486 0.154295 0.39453 0.152346 0.39453 0.150392
0 0.410157 0.216798 0.408202 0.218752 0.408202 0.220701 0.40625 0.222655 0.40625 0.228516 0.408202 0.228516 0.410157 0.23047 0.41211 0.23047 0.41211 0.228516 0.414062 0.226563 0.414062 0.222655 0.41211 0.220701 0.41211 0.218752
0 0.402342 0.183593 0.402342 0.185547 0.40039 0.1875 0.40039 0.189454 0.402342 0.191408 0.402342 0.195311 0.404298 0.195311 0.40625 0.193357 0.40625 0.191408 0.408202 0.189454 0.408202 0.185547 0.40625 0.183593
0 0.033204 0.517577 0.033204 0.529296 0.035156 0.529296 0.037108 0.527342 0.037108 0.517577
0 0.533205 0.113279 0.531249 0.115233 0.529297 0.115233 0.531249 0.117187 0.531249 0.121094 0.537109 0.126951 0.539061 0.126951 0.539061 0.11914 0.537109 0.117187 0.537109 0.115233 0.535157 0.113279
0 0.707032 0.826172 0.70508 0.828126 0.70508 0.830079 0.707032 0.832033 0.707032 0.833983 0.708984 0.835936 0.708984 0.83789 0.710936 0.839844 0.716796 0.839844 0.716796 0.83789 0.718748 0.835936 0.714844 0.832033 0.714844 0.828126 0.712892 0.828126 0.710936 0.826172
1 0.091796 0.470704 0.089844 0.472658 0.082031 0.472658 0.080079 0.474608 0.070312 0.474608 0.06836 0.476562 0.064452 0.476562 0.0625 0.478515 0.0625 0.480469 0.060548 0.482423 0.0625 0.484376 0.0625 0.486326 0.064452 0.48828 0.06836 0.48828 0.070312 0.486326 0.072267 0.486326 0.074219 0.484376 0.082031 0.484376 0.083984 0.482423 0.093751 0.482423 0.093751 0.478515 0.091796 0.476562
0 0.351562 0.28125 0.34961 0.283204 0.34961 0.285158 0.351562 0.287107 0.359374 0.287107 0.36133 0.285158 0.363282 0.285158 0.36133 0.283204 0.359374 0.283204 0.357422 0.28125
0 0.388673 0.222655 0.388673 0.224609 0.386718 0.226563 0.386718 0.234373 0.388673 0.236327 0.390626 0.236327 0.390626 0.234373 0.392578 0.232424 0.392578 0.222655
0 0 0.533203 0 0.535157 0.001952 0.535157 0.003908 0.537111 0.00586 0.535157 0.00586 0.533203
0 0.23047 0.41992 0.228515 0.421874 0.226563 0.421874 0.22461 0.423827 0.22461 0.429689 0.226563 0.431642 0.234375 0.423827 0.232423 0.421874 0.232423 0.41992
0 0.283203 0.044923 0.28125 0.046873 0.279298 0.046873 0.28125 0.048827 0.28125 0.054688 0.28711 0.060545 0.291015 0.056642 0.291015 0.052734 0.289062 0.05078 0.289062 0.048827 0.28711 0.046873 0.28711 0.044923
1 0.34375 0.031251 0.34375 0.039062 0.347658 0.039062 0.34961 0.041016 0.353514 0.041016 0.35547 0.04297 0.357422 0.04297 0.359374 0.044923 0.363282 0.044923 0.365234 0.046873 0.367186 0.046873 0.369142 0.048827 0.371094 0.046873 0.373046 0.046873 0.373046 0.04297 0.375002 0.041016 0.373046 0.039062 0.373046 0.037108 0.367186 0.037108 0.365234 0.035155 0.36133 0.035155 0.359374 0.033205 0.353514 0.033205 0.351562 0.031251
0 0.013672 0.421874 0.01172 0.423827 0 0.423827 0 0.431642 0.01172 0.431642 0.015624 0.427735 0.013672 0.425781
0 0.933595 0.330077 0.931639 0.332031 0.931639 0.333985 0.929687 0.335938 0.929687 0.339842 0.927735 0.341795 0.929687 0.343749 0.929687 0.345703 0.931639 0.347657 0.937499 0.341795 0.937499 0.333985 0.935547 0.332031 0.935547 0.330077
0 0.503905 0.070314 0.503905 0.072267 0.501953 0.074217 0.505861 0.078124 0.507813 0.078124 0.509765 0.076171 0.515625 0.076171 0.515625 0.072267 0.513673 0.070314
0 0.470702 0.076171 0.46875 0.078124 0.466797 0.078124 0.464845 0.080078 0.46289 0.080078 0.460937 0.082032 0.46289 0.083986 0.46289 0.085939 0.464845 0.085939 0.466797 0.083986 0.470702 0.083986 0.470702 0.082032 0.472657 0.080078 0.472657 0.078124
0 0.525389 0.087889 0.525389 0.09375 0.527345 0.095704 0.527345 0.097658 0.529297 0.099611 0.531249 0.099611 0.533205 0.097658 0.533205 0.095704 0.531249 0.09375 0.531249 0.091796 0.529297 0.089843 0.529297 0.087889
11 0.566405 0.060545 0.566405 0.062499 0.568361 0.064452 0.564453 0.06836 0.566405 0.070314 0.566405 0.072267 0.570313 0.076171 0.574217 0.076171 0.576173 0.074217 0.576173 0.072267 0.578125 0.070314 0.578125 0.064452 0.574217 0.060545
0 0.003908 0.51367 0.001952 0.515624 0 0.515624 0 0.519531 0.001952 0.519531 0.003908 0.517577 0.00586 0.517577 0.003908 0.515624
1 0.765624 0.55664 0.763672 0.558593 0.759764 0.558593 0.757812 0.560547 0.751952 0.560547 0.75 0.562501 0.746092 0.562501 0.748048 0.564455 0.748048 0.566404 0.75 0.568358 0.75 0.570312 0.751952 0.568358 0.75586 0.568358 0.757812 0.566404 0.76172 0.566404 0.763672 0.564455 0.767579 0.564455 0.769532 0.562501 0.769532 0.558593 0.767579 0.558593
0 0.486329 0.072267 0.484374 0.074217 0.482421 0.074217 0.480469 0.076171 0.476562 0.076171 0.476562 0.080078 0.478517 0.082032 0.482421 0.082032 0.484374 0.080078 0.486329 0.080078 0.488281 0.078124 0.490234 0.078124 0.490234 0.072267
0 0.007812 0.496095 0.00586 0.498048 0.00586 0.51172 0.007812 0.51367 0.007812 0.515624 0.01172 0.515624 0.013672 0.51367 0.013672 0.501952 0.01172 0.499998 0.01172 0.498048 0.009764 0.496095
0 0.033204 0.499998 0.031251 0.501952 0.031251 0.51172 0.035156 0.515624 0.035156 0.51367 0.037108 0.51172 0.037108 0.503905
1 0.357422 0.080078 0.35547 0.082032 0.35547 0.087889 0.357422 0.087889 0.359374 0.089843 0.36133 0.089843 0.365234 0.09375 0.367186 0.09375 0.369142 0.095704 0.375002 0.095704 0.376954 0.097658 0.380858 0.097658 0.382814 0.099611 0.388673 0.099611 0.392578 0.095704 0.392578 0.089843 0.388673 0.089843 0.386718 0.087889 0.382814 0.087889 0.380858 0.085939 0.376954 0.085939 0.375002 0.083986 0.371094 0.083986 0.369142 0.082032 0.365234 0.082032 0.363282 0.080078
0 0.041016 0.482423 0.039064 0.484376 0.039064 0.48828 0.037108 0.490234 0.037108 0.492187 0.039064 0.494141 0.039064 0.496095 0.044923 0.496095 0.044923 0.492187 0.042968 0.490234 0.042968 0.482423
0 0.449218 0.082032 0.445313 0.085939 0.445313 0.087889 0.447266 0.089843 0.451173 0.089843 0.455078 0.085939 0.45703 0.085939 0.45703 0.083986 0.455078 0.082032
0 0.095703 0.496095 0.095703 0.501952 0.099608 0.505859 0.103515 0.505859 0.103515 0.501952 0.101563 0.499998 0.101563 0.498048 0.099608 0.496095
0 0.417969 0.087889 0.416014 0.089843 0.416014 0.091796 0.414062 0.09375 0.414062 0.097658 0.416014 0.099611 0.416014 0.101561 0.417969 0.103515 0.419922 0.103515 0.419922 0.101561 0.421874 0.099611 0.421874 0.089843 0.419922 0.087889
0 0.34961 0.289061 0.351562 0.291015 0.35547 0.291015 0.359374 0.294922 0.365234 0.294922 0.365234 0.292969 0.36133 0.289061
0 0 0.525392 0 0.531249 0.001952 0.529296 0.003908 0.529296 0.00586 0.527342 0.003908 0.525392
0 0.0625 0.499998 0.058595 0.503905 0.058595 0.505859 0.060548 0.507813 0.06836 0.507813 0.070312 0.505859 0.072267 0.505859 0.072267 0.499998
0 0.039064 0.499998 0.039064 0.51172 0.041016 0.51172 0.042968 0.51367 0.044923 0.51172 0.044923 0.503905 0.042968 0.501952 0.042968 0.499998
0 0 0.539064 0 0.544921 0.00586 0.544921 0.00586 0.541014 0.003908 0.539064
0 0.095703 0.480469 0.095703 0.482423 0.093751 0.484376 0.091796 0.484376 0.093751 0.486326 0.093751 0.490234 0.099608 0.490234 0.099608 0.482423 0.097656 0.480469
0 0.087891 0.496095 0.087891 0.505859 0.089844 0.507813 0.089844 0.509767 0.091796 0.507813 0.095703 0.507813 0.095703 0.505859 0.093751 0.503905 0.093751 0.501952 0.091796 0.499998 0.091796 0.498048 0.089844 0.496095
11 0.585937 0.783202 0.583985 0.785156 0.582033 0.785156 0.580077 0.78711 0.574217 0.78711 0.576173 0.789063 0.576173 0.791017 0.578125 0.792967 0.578125 0.796874 0.580077 0.798828 0.580077 0.802735 0.582033 0.804689 0.582033 0.8125 0.583985 0.810546 0.585937 0.810546 0.589845 0.806639 0.591797 0.806639 0.593749 0.804689 0.593749 0.796874 0.591797 0.79492 0.591797 0.789063 0.589845 0.78711 0.589845 0.785156 0.587889 0.785156
0 0.041016 0.51367 0.041016 0.515624 0.039064 0.517577 0.039064 0.525392 0.042968 0.529296 0.044923 0.527342 0.044923 0.51367 0.042968 0.515624
0 0.371094 0.244142 0.371094 0.246096 0.369142 0.248045 0.369142 0.253906 0.373046 0.253906 0.375002 0.251953 0.375002 0.249999 0.376954 0.248045 0.375002 0.246096 0.375002 0.244142